0 290 349 640 
0 290 349 640 
0 290 349 640 
0 290 349 640 
0 290 349 640 
0 289 349 640 
0 289 349 640 
0 289 349 640 
0 289 349 640 
0 289 349 640 
0 289 349 640 
0 289 349 640 
0 289 349 640 
0 289 349 640 
0 289 349 640 
0 289 349 640 
0 289 349 640 
0 289 349 640 
0 289 349 640 
0 289 349 640 
0 289 349 640 
0 289 349 640 
0 289 349 640 
0 290 349 640 
0 290 349 640 
0 290 349 640 
0 290 349 640 
0 290 348 640 
0 290 348 640 
0 290 348 640 
0 290 348 640 
0 291 348 640 
0 291 348 640 
0 291 348 640 
0 291 347 640 
0 291 347 640 
0 292 347 640 
0 292 347 640 
0 292 347 640 
0 292 346 640 
0 293 346 640 
0 293 346 640 
0 293 346 640 
0 294 345 640 
0 294 345 640 
0 295 345 640 
0 295 344 640 
0 295 344 640 
0 296 344 640 
0 296 343 640 
0 297 343 640 
0 297 342 640 
0 297 342 640 
0 298 342 640 
0 298 341 640 
0 299 341 640 
0 299 340 640 
0 300 340 640 
0 300 340 640 
0 301 339 640 
0 301 339 640 
0 302 338 640 
0 302 338 640 
0 302 337 640 
0 303 337 640 
0 303 336 640 
0 304 336 640 
0 304 335 640 
0 305 335 640 
0 305 334 640 
0 306 334 640 
0 306 333 640 
0 306 333 640 
0 307 332 640 
0 308 331 640 
0 308 331 640 
0 309 330 640 
0 309 330 640 
0 310 329 640 
0 310 329 640 
0 311 328 640 
0 311 327 640 
0 312 327 640 
0 312 326 640 
0 313 326 640 
0 313 325 640 
0 314 325 640 
0 314 324 640 
0 315 324 640 
0 315 324 640 
0 316 323 640 
0 316 323 640 
0 317 323 640 
0 317 322 640 
0 317 322 640 
0 318 322 640 
0 318 322 640 
0 319 321 640 
0 319 321 640 
0 319 321 640 
0 319 321 640 
0 319 321 640 
0 320 321 640 
0 320 321 640 
0 640 
0 640 
0 640 
0 640 
0 640 
0 640 
0 640 
0 640 
0 640 
0 640 
0 640 
0 640 
0 640 
0 640 
0 324 325 640 
0 324 326 640 
0 324 326 640 
0 325 327 640 
0 325 327 640 
0 325 328 640 
0 324 329 640 
0 324 330 640 
0 323 327 329 331 640 
0 323 328 329 330 640 
0 323 330 640 
0 325 330 640 
0 325 332 640 
0 325 332 640 
0 323 332 334 335 640 
0 323 332 334 336 640 
0 322 323 325 330 640 
0 322 323 325 330 640 
0 322 325 328 331 640 
0 321 323 328 334 337 342 640 
0 327 347 640 
0 324 350 640 
0 322 352 640 
0 320 353 640 
0 318 354 640 
0 316 355 640 
0 315 356 640 
0 314 358 640 
0 313 358 640 
0 312 359 640 
0 312 360 640 
0 311 361 640 
0 310 362 640 
0 309 362 640 
0 309 363 640 
0 308 364 640 
0 308 365 640 
0 308 365 640 
0 307 366 640 
0 307 366 640 
0 307 367 640 
0 306 369 640 
0 306 379 640 
0 306 388 640 
0 306 392 640 
0 305 396 640 
0 305 399 640 
0 305 402 640 
0 305 404 640 
0 305 406 640 
0 304 409 640 
0 304 412 640 
0 304 414 640 
0 304 416 640 
0 304 419 640 
0 304 420 640 
0 303 422 640 
0 302 424 640 
0 301 425 640 
0 298 426 640 
0 296 428 640 
0 295 429 640 
0 293 430 640 
0 291 430 640 
0 289 431 640 
0 287 431 640 
0 286 431 640 
0 284 427 429 431 640 
0 283 426 430 431 640 
0 282 425 430 431 640 
0 281 424 430 432 640 
0 280 424 430 432 640 
0 279 423 430 432 640 
0 278 423 430 432 640 
0 277 423 430 432 640 
0 276 423 431 432 640 
0 275 424 431 432 640 
0 274 424 431 432 640 
0 274 425 431 432 640 
0 273 426 431 432 640 
0 272 427 431 433 640 
0 272 427 431 433 640 
0 270 428 431 432 640 
0 270 430 431 432 640 
0 269 425 428 432 640 
0 268 418 424 425 429 431 640 
0 267 415 424 425 640 
0 267 412 423 425 640 
0 266 408 423 425 640 
0 265 405 423 424 640 
0 264 403 422 424 640 
0 264 402 422 424 640 
0 263 400 422 423 640 
0 262 399 421 423 640 
0 261 397 421 423 640 
0 261 396 420 422 640 
0 260 394 420 422 640 
0 259 394 419 421 640 
0 259 393 419 421 640 
0 258 391 418 420 640 
0 258 391 417 419 640 
0 257 392 416 418 640 
0 257 395 415 417 640 
0 257 388 391 398 414 416 640 
0 257 387 394 401 413 415 640 
0 257 386 397 413 640 
0 257 368 381 385 401 412 640 
0 257 360 383 384 404 408 640 
0 258 259 260 266 267 354 640 
0 258 259 263 264 269 351 381 383 640 
0 258 260 270 351 381 382 640 
0 259 260 270 347 348 351 380 381 640 
0 259 261 271 347 349 352 379 380 640 
0 259 261 272 352 378 380 640 
0 260 261 272 352 377 379 640 
0 260 262 273 298 303 352 376 378 640 
0 260 262 273 291 304 352 375 377 640 
0 261 262 274 286 304 353 374 376 640 
0 261 263 274 283 304 353 372 376 640 
0 262 263 274 280 304 353 370 374 640 
0 262 263 274 280 304 353 369 372 640 
0 262 264 273 275 278 281 303 354 367 371 640 
0 263 265 272 274 279 283 303 354 364 370 640 
0 263 265 271 273 281 284 303 354 362 367 640 
0 265 272 282 285 303 355 357 364 640 
0 266 270 284 286 303 360 640 
0 285 288 303 357 640 
0 286 290 304 355 640 
0 288 291 304 355 640 
0 289 293 304 355 640 
0 291 295 303 356 640 
0 292 357 640 
0 295 357 640 
0 297 358 640 
0 298 358 640 
0 299 358 640 
0 299 358 640 
0 300 302 305 357 640 
0 305 357 640 
0 305 358 640 
0 305 358 640 
0 305 358 640 
0 304 358 640 
0 304 359 640 
0 304 359 640 
0 303 359 640 
0 303 360 640 
0 303 360 640 
0 304 361 640 
0 305 361 640 
0 306 362 640 
0 306 362 640 
0 307 363 640 
0 307 363 640 
0 307 364 640 
0 307 365 640 
0 307 365 640 
0 307 365 640 
0 307 366 640 
0 307 366 640 
0 307 366 640 
0 308 367 640 
0 308 367 640 
0 308 367 640 
0 308 367 640 
0 308 366 640 
0 308 366 640 
0 308 365 640 
0 308 365 640 
0 308 365 640 
0 308 365 640 
0 308 358 359 365 640 
0 308 358 359 365 640 
0 308 359 360 365 640 
0 308 359 361 364 640 
0 308 359 640 
0 308 359 640 
0 307 360 640 
0 307 360 640 
0 307 360 640 
0 307 361 640 
0 307 361 640 
0 307 361 640 
0 306 360 640 
0 306 360 640 
0 306 360 640 
0 306 358 359 360 640 
0 306 358 359 361 640 
0 306 359 360 361 640 
0 306 358 360 361 640 
0 305 358 640 
0 305 359 640 
0 305 359 640 
0 305 360 640 
0 305 360 640 
0 305 360 640 
0 305 360 640 
0 305 360 640 
0 305 361 640 
0 304 361 640 
0 304 361 640 
0 304 361 640 
0 304 362 640 
0 304 362 640 
0 304 362 640 
0 303 363 640 
0 303 363 640 
0 303 363 640 
0 303 364 640 
0 303 364 640 
0 303 365 640 
0 302 365 640 
0 302 366 640 
0 302 366 640 
0 302 367 640 
0 302 367 640 
0 301 368 640 
0 301 368 640 
0 301 369 640 
0 300 370 640 
0 300 370 640 
0 300 371 640 
0 300 371 640 
0 299 372 640 
0 299 373 640 
0 299 373 640 
0 299 374 640 
0 298 374 640 
0 298 375 640 
0 298 376 640 
0 298 376 640 
0 298 377 640 
0 297 378 640 
0 297 379 640 
0 297 379 640 
0 296 380 640 
0 296 381 640 
0 296 382 640 
0 295 383 640 
0 295 384 640 
0 295 385 640 
0 294 385 640 
0 294 386 640 
0 294 387 640 
0 294 388 640 
0 293 389 640 
0 293 389 640 
0 293 390 640 
0 293 391 640 
0 292 392 640 
0 292 392 640 
0 292 393 640 
0 292 393 640 
0 291 394 640 
0 291 394 640 
0 291 394 640 
0 291 393 640 
0 290 392 640 
0 290 391 640 
0 290 391 640 
0 290 392 640 
0 290 392 640 
0 290 393 640 
0 289 393 640 
0 289 394 640 
0 289 394 640 
0 289 394 640 
0 289 393 640 
0 289 391 640 
0 289 387 640 
0 292 385 640 
0 293 385 640 
0 293 384 640 
0 293 384 640 
0 293 383 640 
0 293 383 640 
0 293 382 640 
0 293 381 640 
0 293 373 640 
0 293 371 640 
0 293 295 302 370 640 
0 303 307 310 369 640 
0 310 368 640 
0 310 323 324 367 640 
0 310 323 326 366 640 
0 311 322 328 365 640 
0 312 321 330 345 348 363 640 
0 312 321 332 345 351 362 640 
0 312 321 333 345 355 359 640 
0 312 321 334 344 640 
0 312 321 334 343 640 
0 312 321 335 343 640 
0 312 321 335 343 640 
0 312 321 335 343 640 
0 312 321 335 343 640 
0 311 321 335 343 640 
0 311 322 335 343 640 
0 310 322 335 343 640 
0 309 323 334 343 640 
0 309 323 333 343 640 
0 309 323 331 344 640 
0 309 324 329 344 640 
0 308 324 328 345 640 
0 308 324 328 345 640 
0 309 325 327 345 640 
0 309 324 327 345 640 
0 310 323 328 345 640 
0 328 345 640 
0 330 345 640 
0 332 344 640 
0 334 344 640 
0 335 343 640 
0 640 
0 640 
0 640 
0 640 
0 640 
0 640 
0 640 
0 640 
0 640 
0 640 
0 640 
0 640 
0 640 
0 640 
0 640 
0 640 
0 640 
0 640 
0 640 
0 640 
0 640 
0 640 
0 640 
0 640 
0 640 
0 640 
0 640 
0 640 
0 640 
0 640 
0 640 
0 640 
0 640 
0 640 
0 640 
0 640 
0 640 
0 640 
0 640 
0 640 
0 640 
0 640 
0 640 
0 640 
0 640 
0 640 
0 640 
0 640 
0 640 
0 640 
