205 640 
205 640 
205 640 
205 640 
205 640 
205 640 
205 640 
205 640 
205 640 
205 640 
205 640 
206 640 
206 640 
206 640 
206 640 
206 640 
206 640 
206 640 
206 640 
206 640 
206 640 
206 640 
206 640 
206 640 
206 640 
206 640 
206 640 
206 640 
206 640 
206 640 
206 640 
206 640 
206 640 
206 640 
206 640 
206 640 
206 640 
206 640 
206 640 
206 640 
206 640 
206 640 
206 640 
206 640 
205 640 
205 640 
205 640 
205 640 
205 640 
205 640 
205 640 
205 640 
205 640 
204 640 
204 640 
204 640 
204 640 
204 640 
203 640 
203 640 
203 640 
203 640 
203 640 
202 640 
202 640 
202 640 
202 640 
201 640 
201 640 
201 640 
200 640 
200 640 
200 640 
200 640 
200 640 
199 640 
199 640 
199 640 
199 640 
199 640 
198 640 
197 640 
197 640 
196 640 
196 640 
196 640 
195 640 
195 640 
195 640 
194 640 
194 640 
194 640 
193 364 370 640 
193 362 374 640 
192 362 378 640 
192 362 381 640 
191 362 383 640 
191 362 387 640 
190 362 390 640 
190 362 394 640 
190 362 397 640 
189 363 399 640 
188 363 402 640 
188 363 404 640 
188 363 405 640 
187 364 407 640 
186 364 408 640 
186 365 412 640 
185 365 417 640 
185 366 420 640 
184 366 422 640 
183 367 424 640 
183 367 425 640 
182 368 427 640 
182 368 428 640 
181 369 430 640 
180 369 430 640 
180 370 431 640 
180 370 433 640 
179 370 434 640 
178 369 435 640 
177 368 436 640 
176 367 437 640 
175 367 437 640 
175 366 438 640 
174 365 439 640 
173 365 439 640 
172 364 440 640 
172 364 440 640 
171 363 441 640 
170 363 441 640 
170 362 441 640 
169 362 442 640 
168 361 442 640 
167 361 442 640 
167 361 362 363 443 640 
166 363 443 640 
165 362 443 640 
163 361 443 640 
163 361 444 640 
162 363 444 640 
160 363 445 640 
160 363 445 640 
159 364 445 640 
158 364 445 640 
157 364 445 640 
156 364 445 640 
155 365 446 640 
154 366 446 640 
153 366 368 369 446 640 
151 370 446 640 
150 371 446 640 
149 372 446 640 
148 374 376 377 446 640 
147 377 446 640 
146 377 446 640 
144 376 446 640 
143 376 446 640 
142 375 446 640 
141 374 447 640 
139 372 447 640 
138 372 447 640 
136 372 447 640 
135 373 447 640 
133 374 447 640 
131 375 447 640 
130 376 447 640 
129 376 448 640 
128 377 448 640 
126 377 449 640 
124 379 449 640 
122 379 450 640 
120 379 450 640 
119 380 450 640 
117 381 451 640 
115 381 451 640 
113 382 452 640 
110 382 452 640 
109 383 453 640 
106 384 389 393 453 640 
103 212 224 394 453 640 
101 211 230 394 454 640 
98 210 235 392 454 640 
94 210 238 390 454 640 
92 208 241 388 455 640 
89 208 243 388 455 640 
86 215 245 389 455 640 
0 1 82 216 247 390 455 640 
0 6 79 213 249 339 343 391 456 640 
0 12 73 212 251 338 347 392 456 640 
0 17 65 211 253 337 350 392 456 640 
0 25 61 212 216 222 256 336 352 391 456 640 
0 34 51 222 260 336 357 389 456 640 
0 220 267 326 328 336 363 385 456 640 
0 219 226 228 272 326 329 335 456 640 
0 218 223 233 280 325 332 335 456 640 
0 217 220 235 286 325 456 640 
0 236 294 325 456 640 
0 238 301 325 456 640 
0 239 305 323 456 640 
0 241 307 318 456 640 
0 243 456 640 
0 250 456 640 
0 255 456 640 
0 257 456 640 
0 259 456 640 
0 261 455 640 
0 265 455 640 
0 269 455 640 
0 272 455 640 
0 276 456 640 
0 279 457 640 
0 283 458 640 
0 287 459 640 
0 290 460 640 
0 293 461 640 
0 297 462 640 
0 302 463 640 
0 323 464 640 
0 325 465 640 
0 325 466 640 
0 325 375 378 468 640 
0 326 332 335 370 378 469 640 
0 326 330 335 366 377 470 640 
0 327 328 335 363 376 471 640 
0 336 360 376 472 640 
0 336 357 375 472 640 
0 336 354 375 473 640 
0 337 352 374 473 640 
0 337 350 373 474 640 
0 338 347 373 474 640 
0 340 344 372 474 640 
0 372 474 640 
0 371 473 640 
0 371 473 640 
0 370 472 640 
0 370 471 640 
0 369 470 640 
0 369 470 640 
0 369 470 640 
0 369 473 640 
0 368 473 640 
0 368 473 640 
0 368 473 640 
0 368 474 640 
0 368 475 640 
0 368 474 640 
0 368 473 640 
0 368 472 640 
0 369 471 640 
0 369 472 640 
0 369 472 640 
0 370 473 640 
0 371 473 640 
0 371 474 640 
0 372 474 640 
0 373 475 640 
0 374 475 640 
0 375 476 640 
0 377 476 640 
0 379 477 640 
0 382 477 640 
0 385 478 640 
0 385 478 640 
0 386 479 640 
0 386 479 640 
0 386 480 640 
0 386 480 640 
0 386 480 640 
0 386 481 640 
0 387 481 640 
0 387 481 640 
0 387 482 640 
0 387 459 460 482 640 
0 387 458 460 482 640 
0 387 458 460 482 640 
0 387 458 460 482 640 
0 388 458 460 482 640 
0 388 458 461 482 640 
0 388 458 461 482 640 
0 388 458 461 482 640 
0 388 458 461 483 640 
0 388 458 461 483 640 
0 388 458 461 483 640 
0 389 458 462 483 640 
0 389 458 462 483 640 
0 389 458 462 483 640 
0 390 458 462 483 640 
0 390 457 462 483 640 
0 391 453 454 457 463 483 640 
0 391 452 454 457 463 483 640 
0 391 452 454 457 463 483 640 
0 391 453 454 457 463 483 640 
0 390 457 463 483 640 
0 390 457 463 483 640 
0 390 456 464 483 640 
0 390 456 464 483 640 
0 390 456 464 484 640 
0 390 456 464 484 640 
0 389 456 464 484 640 
0 389 457 465 484 640 
0 389 457 465 484 640 
0 389 457 465 484 640 
0 389 458 465 484 640 
0 388 458 465 485 640 
0 388 458 465 485 640 
0 388 458 466 485 640 
0 388 458 466 485 640 
0 388 458 466 485 640 
0 388 459 466 485 640 
0 387 459 466 485 640 
0 387 459 467 485 640 
0 387 459 467 485 640 
0 387 459 467 485 640 
0 387 460 467 485 640 
0 386 459 467 486 640 
0 386 459 467 486 640 
0 386 459 467 486 640 
0 386 458 468 486 640 
0 385 458 468 486 640 
0 385 458 468 486 640 
0 385 458 468 486 640 
0 385 458 468 486 640 
0 385 458 468 486 640 
0 384 459 468 486 640 
0 384 459 468 486 640 
0 384 459 468 487 640 
0 384 460 468 487 640 
0 384 460 468 487 640 
0 384 461 468 487 640 
0 383 461 468 488 640 
0 383 461 468 488 640 
0 383 462 468 488 640 
0 383 462 468 489 640 
0 383 462 467 489 640 
0 383 463 467 489 640 
0 383 463 467 490 640 
0 382 463 467 490 640 
0 382 464 466 490 640 
0 382 464 466 490 640 
0 382 464 466 490 640 
0 382 465 466 490 640 
0 382 465 466 491 640 
0 381 491 640 
0 381 491 640 
0 381 491 640 
0 381 491 640 
0 381 491 640 
0 380 491 640 
0 380 491 640 
0 380 491 640 
0 380 491 640 
0 380 491 640 
0 380 491 640 
0 379 491 640 
0 379 492 640 
0 379 492 640 
0 379 480 481 492 640 
0 379 480 482 492 640 
0 378 480 482 487 489 493 640 
0 378 480 482 487 489 494 640 
0 378 481 483 487 490 496 640 
0 378 481 483 487 491 496 640 
0 378 475 476 481 483 488 492 493 640 
0 378 475 476 481 484 488 640 
0 377 475 477 481 484 489 640 
0 377 476 477 482 485 490 640 
0 377 476 478 482 485 490 640 
0 377 476 478 483 486 491 640 
0 377 477 478 483 487 491 640 
0 376 483 488 492 640 
0 376 484 489 491 640 
0 376 478 479 484 640 
0 375 478 479 485 640 
0 375 479 480 485 640 
0 375 479 482 486 640 
0 375 479 483 486 640 
0 374 476 640 
0 374 476 640 
0 374 477 640 
0 374 477 640 
0 373 477 640 
0 373 478 640 
0 373 478 640 
0 373 479 640 
0 372 479 640 
0 372 479 640 
0 372 480 640 
0 372 480 640 
0 371 481 640 
0 371 481 640 
0 370 481 640 
0 370 482 640 
0 370 482 640 
0 369 483 640 
0 369 483 640 
0 369 483 640 
0 368 484 640 
0 368 484 640 
0 368 485 640 
0 368 485 640 
0 367 486 640 
0 367 486 640 
0 367 487 640 
0 366 487 640 
0 366 488 640 
0 365 488 640 
0 365 488 640 
0 365 489 640 
0 364 489 640 
0 364 490 640 
0 364 490 640 
0 363 491 640 
0 363 491 640 
0 363 492 640 
0 362 492 640 
0 362 493 640 
0 362 493 640 
0 361 494 640 
0 361 494 640 
0 360 495 640 
0 360 495 640 
0 360 496 640 
0 360 496 640 
0 359 497 640 
0 359 497 640 
0 359 497 640 
0 358 498 640 
0 358 498 640 
0 358 499 640 
0 358 499 640 
0 357 500 640 
0 357 500 640 
0 357 501 640 
0 357 501 640 
0 356 502 640 
0 356 502 640 
0 356 503 640 
0 355 503 640 
0 355 503 640 
0 355 504 640 
0 355 504 640 
0 354 505 640 
0 354 505 640 
0 354 506 640 
0 354 506 640 
0 354 506 640 
0 354 507 640 
0 353 507 640 
0 353 508 640 
0 353 508 640 
0 353 508 640 
0 353 509 640 
0 353 509 640 
0 352 510 640 
0 352 510 640 
0 352 510 640 
0 352 511 640 
0 352 511 640 
0 352 511 640 
0 351 512 640 
0 351 512 640 
0 351 512 640 
0 351 512 640 
0 351 513 640 
0 350 513 640 
0 350 513 640 
0 350 514 640 
0 350 514 640 
0 350 514 640 
0 350 515 640 
0 349 515 640 
0 349 515 640 
0 349 516 640 
0 349 516 640 
0 349 516 640 
0 349 517 640 
0 349 517 640 
0 349 517 640 
0 349 517 640 
