140 632 
139 632 
137 630 
135 628 
133 628 
131 627 
130 626 
128 625 
126 625 
124 624 
122 624 
121 623 
119 623 
117 622 
115 622 
114 621 
112 621 
110 620 
109 620 
107 620 
105 620 
104 619 
102 619 
100 619 
99 619 
97 619 
96 619 
94 618 
92 618 
91 618 
89 618 
88 618 
86 618 
84 618 
83 618 
81 617 
80 617 
78 617 
77 617 
75 617 
74 617 
72 617 
71 617 
69 617 
68 617 
66 617 
65 617 
63 617 
62 617 
61 617 
59 617 
58 617 
56 617 
55 617 
53 617 
52 617 
51 617 
49 617 
48 617 
46 618 
45 618 
44 618 
42 618 
41 618 
39 618 
38 618 
37 618 
35 618 
34 618 
33 618 
31 618 
30 618 
29 618 
27 618 
26 618 
25 618 
23 618 
22 618 
21 618 
19 618 
18 618 
17 618 
15 618 
14 618 
13 618 
11 618 
10 618 
9 618 
8 618 
7 618 
5 618 
4 618 
3 618 
2 618 
0 618 
0 618 
0 618 
0 618 
0 618 
0 618 
0 618 
0 618 
0 618 
0 618 
0 618 
0 618 
0 618 
0 618 
0 618 
0 618 
0 618 
0 618 
0 618 
0 618 
0 618 
0 618 
0 618 
0 618 
0 618 
0 618 
0 618 
0 618 
0 618 
0 618 
0 618 
0 293 296 618 
0 290 300 618 
0 288 306 618 
0 286 311 618 
0 284 315 618 
0 281 323 618 
0 279 327 618 
0 276 336 618 
0 274 343 618 
0 272 352 618 
0 270 361 618 
0 267 362 618 
0 263 363 618 
0 257 365 618 
0 254 366 618 
0 251 260 263 367 618 
0 250 257 261 368 618 
0 249 252 259 370 617 
0 247 251 257 370 618 
0 245 250 254 371 617 
0 244 249 251 373 617 
0 243 374 617 
0 242 375 617 
0 241 376 617 
0 240 377 617 
0 237 379 617 
0 235 380 617 
0 234 381 617 
0 231 382 617 
0 230 384 617 
0 228 385 617 
0 228 386 617 
0 227 387 617 
0 227 389 616 
0 226 390 616 
0 226 391 616 
0 225 393 616 
0 225 394 616 
0 224 395 616 
0 223 397 615 
0 222 398 615 
0 221 223 225 400 615 
0 220 222 225 401 615 
0 219 222 224 403 615 
0 218 221 224 404 615 
0 217 220 224 405 615 
0 216 218 224 406 614 
0 215 217 223 408 614 
0 211 215 223 409 614 
0 209 214 223 411 614 
0 208 213 222 412 614 
0 207 211 222 413 614 
0 205 209 222 415 614 
0 205 208 221 416 614 
0 203 207 221 417 613 
0 202 206 220 417 613 
0 202 205 220 417 613 
0 201 204 220 418 613 
0 200 203 219 418 613 
0 200 202 218 418 613 
0 200 202 218 419 612 
0 199 202 218 419 612 
0 199 202 217 419 612 
0 199 201 217 419 612 
0 198 201 216 420 612 
0 198 201 215 420 612 
0 198 201 215 420 611 
0 198 201 214 420 611 
0 198 201 213 421 611 
0 198 200 213 421 610 
0 198 200 212 421 610 
0 198 200 211 422 610 
0 198 200 211 422 610 
0 198 200 210 422 609 
0 198 200 209 422 609 
0 198 200 208 423 609 
0 198 200 208 423 609 
0 198 200 207 423 608 
0 198 200 207 424 608 
0 198 200 206 424 608 
0 198 200 205 425 608 
0 198 200 205 425 607 
0 198 200 204 425 607 
0 198 200 203 426 607 
0 198 200 203 426 607 
0 198 200 202 426 606 
0 198 200 202 426 606 
0 198 427 606 
0 198 427 605 
0 198 428 605 
0 198 428 605 
0 198 429 604 
0 199 429 604 
0 199 429 604 
0 199 430 603 
0 200 430 603 
0 201 430 603 
0 201 431 602 
0 202 431 602 
0 203 432 602 
0 203 432 601 
0 203 433 601 
0 203 433 600 
0 203 434 600 
0 202 434 600 
0 202 435 599 
0 201 204 206 435 599 
0 201 204 207 435 599 
0 201 203 207 436 598 
0 200 203 208 436 598 
0 200 202 208 437 597 
0 199 202 207 437 597 
0 198 201 206 437 597 
0 198 201 205 438 596 
0 197 200 204 438 596 
0 196 200 203 439 595 
0 195 199 202 439 595 
0 195 198 200 440 595 
0 169 180 194 440 594 
0 167 185 186 187 194 440 594 
0 164 188 189 190 192 441 593 
0 161 440 593 
0 159 439 592 
0 158 439 592 
0 157 438 591 
0 156 438 590 
0 155 437 590 
0 154 437 590 
0 153 436 589 
0 153 435 589 
0 152 435 588 
0 151 434 588 
0 150 434 587 
0 149 433 587 
0 148 433 586 
0 147 432 586 
0 146 432 585 
0 146 431 585 
0 145 431 584 
0 145 431 584 
0 145 430 583 
0 145 430 583 
0 145 429 582 
0 145 429 582 
0 145 429 581 
0 145 428 580 
0 145 428 580 
0 144 428 579 
0 144 427 579 
0 144 427 578 
0 143 427 578 
0 143 426 577 
0 142 426 577 
0 141 426 576 
0 141 426 575 
0 140 425 575 
0 139 425 574 
0 139 425 574 
0 138 425 573 
0 138 424 572 
0 137 424 572 
0 137 424 571 
0 137 424 570 
0 136 423 570 
0 137 423 569 
0 137 423 569 
0 137 423 568 
0 137 423 568 
0 137 422 567 
0 138 422 566 
0 138 422 566 
0 138 422 565 
0 138 422 564 
0 138 423 564 
0 138 423 563 
0 138 423 562 
0 137 423 562 
0 137 423 561 
0 137 423 560 
0 137 422 560 
0 137 422 559 
0 136 421 558 
0 136 420 558 
0 136 420 557 
0 136 419 556 
0 136 252 254 417 556 
0 137 252 255 414 555 
0 137 251 256 410 554 
0 137 250 257 408 553 
0 136 250 258 405 553 
0 136 249 259 403 552 
0 137 248 260 401 551 
0 137 247 261 399 551 
0 138 246 262 397 550 
0 138 245 263 395 549 
0 140 245 264 393 548 
0 141 244 265 391 548 
0 143 243 266 389 547 
0 144 244 267 387 546 
0 145 245 267 385 545 
0 147 241 244 246 268 384 544 
0 148 240 245 248 269 382 544 
0 149 239 246 249 270 380 543 
0 150 238 247 251 270 379 542 
0 151 237 248 252 271 378 542 
0 151 236 250 254 272 377 541 
0 152 236 252 256 273 376 540 
0 153 235 254 258 273 375 539 
0 153 234 255 260 274 374 538 
0 154 233 256 262 275 374 538 
0 154 233 259 265 276 374 537 
0 155 232 262 269 277 371 372 374 536 
0 155 231 264 273 277 304 324 370 372 373 535 
0 156 231 270 298 331 369 371 373 534 
0 157 230 275 300 334 368 370 372 534 
0 159 230 294 302 338 367 369 372 532 
0 160 229 298 304 341 366 368 371 532 
0 163 228 300 306 345 369 531 
0 166 227 302 309 348 368 530 
0 169 227 303 313 350 366 530 
0 169 226 306 319 349 364 528 
0 170 226 309 325 342 361 527 
0 170 225 314 351 526 
0 170 224 321 323 325 340 526 
0 170 223 525 
0 170 222 524 
0 170 222 523 
0 172 221 522 
0 173 220 521 
0 179 218 520 
0 180 217 519 
0 181 216 518 
0 182 213 517 
0 183 211 517 
0 184 208 516 
0 185 198 515 
0 187 194 514 
0 513 
0 513 
0 511 
0 510 
0 509 
0 508 
0 507 
0 506 
0 505 
0 504 
0 503 
0 502 
0 501 
0 500 
0 499 
0 498 
0 497 
0 496 
0 495 
0 494 
0 493 
0 492 
0 491 
0 490 
0 488 
0 487 
0 486 
0 485 
0 484 
0 483 
0 482 
0 481 
0 480 
0 478 
0 477 
0 476 
0 475 
0 474 
0 473 
0 471 
0 470 
0 469 
0 468 
0 467 
0 465 
0 464 
0 463 
0 462 
0 461 
0 459 
0 458 
0 457 
0 456 
0 455 
0 453 
0 452 
0 451 
0 450 
0 448 
0 447 
0 446 
0 445 
0 443 
0 442 
0 441 
0 439 
0 438 
0 437 
0 435 
0 434 
0 433 
0 431 
0 430 
0 429 
0 428 
0 426 
0 425 
0 424 
0 422 
0 421 
0 420 
0 418 
0 417 
0 415 
0 414 
0 413 
0 411 
0 410 
0 409 
0 407 
0 406 
0 405 
0 403 
0 401 
0 400 
0 399 
0 397 
0 396 
0 394 
0 393 
0 392 
0 390 
0 389 
0 387 
0 386 
0 384 
0 383 
0 382 
0 380 
0 379 
0 377 
0 376 
0 374 
0 373 
0 371 
0 370 
0 368 
0 367 
