205 640 
205 640 
205 640 
205 640 
205 640 
205 640 
205 640 
205 640 
205 640 
205 640 
205 640 
206 640 
206 640 
206 640 
206 640 
206 640 
206 640 
206 640 
206 640 
206 640 
206 640 
206 640 
206 640 
206 640 
206 640 
206 640 
206 640 
206 640 
206 640 
206 640 
206 640 
206 640 
206 640 
206 640 
206 640 
206 640 
206 640 
206 640 
206 640 
206 640 
206 640 
206 640 
206 640 
206 640 
205 640 
205 640 
205 640 
205 640 
205 640 
205 640 
205 640 
205 640 
205 640 
204 640 
204 640 
204 640 
204 640 
204 640 
203 640 
203 640 
203 640 
203 640 
203 640 
202 640 
202 640 
202 640 
202 640 
201 640 
201 640 
201 640 
200 640 
200 640 
200 640 
200 640 
200 640 
199 640 
199 640 
199 640 
199 640 
198 640 
198 640 
197 640 
197 640 
196 640 
196 640 
196 640 
195 640 
195 640 
195 640 
194 640 
194 640 
194 640 
193 640 
193 380 390 640 
192 379 394 640 
192 378 398 640 
191 378 401 640 
190 378 406 640 
190 378 411 640 
190 378 416 640 
189 378 419 640 
189 378 422 640 
188 379 424 640 
188 379 426 640 
187 380 427 640 
187 380 433 640 
186 381 437 640 
186 381 440 640 
185 382 443 640 
185 382 445 640 
184 383 446 640 
183 384 447 640 
183 384 449 640 
182 385 450 640 
182 386 451 640 
181 386 452 640 
180 387 453 640 
180 388 455 640 
179 388 455 640 
179 388 456 640 
177 388 457 640 
177 388 458 640 
176 387 459 640 
175 386 459 640 
175 386 460 640 
174 385 460 640 
173 385 461 640 
172 384 461 640 
172 384 462 640 
171 383 462 640 
170 383 463 640 
170 383 463 640 
169 382 464 640 
168 382 464 640 
167 382 464 640 
167 381 465 640 
166 380 465 640 
165 381 465 640 
163 381 466 640 
162 382 466 640 
161 383 466 640 
160 383 466 640 
160 383 467 640 
159 383 467 640 
158 383 467 640 
157 383 467 640 
156 383 467 640 
155 385 468 640 
154 385 468 640 
153 386 468 640 
151 387 468 640 
150 388 468 640 
149 388 389 392 468 640 
149 393 468 640 
147 395 396 398 469 640 
146 398 469 640 
144 398 469 640 
143 398 469 640 
142 397 469 640 
141 396 469 640 
139 395 470 640 
138 394 470 640 
137 394 470 640 
135 395 471 640 
133 396 471 640 
131 397 472 640 
130 398 472 640 
129 398 473 640 
128 398 473 640 
126 399 474 640 
124 400 474 640 
122 401 475 640 
120 402 476 640 
119 402 476 640 
117 403 477 640 
115 403 477 640 
112 404 477 640 
110 405 413 416 478 640 
109 406 407 409 410 416 478 640 
106 416 478 640 
103 415 479 640 
100 413 479 640 
98 411 479 640 
94 410 480 640 
92 410 480 640 
89 411 480 640 
86 412 440 441 481 640 
0 1 82 413 440 441 481 640 
0 6 79 413 481 640 
0 12 73 413 481 640 
0 17 66 412 481 640 
0 25 61 411 481 640 
0 32 51 411 481 640 
0 409 481 640 
0 407 481 640 
0 406 481 640 
0 405 481 640 
0 403 481 640 
0 402 481 640 
0 402 481 640 
0 401 481 640 
0 400 481 640 
0 400 481 640 
0 399 481 640 
0 399 481 640 
0 399 481 640 
0 399 481 640 
0 399 481 640 
0 399 480 640 
0 398 480 640 
0 398 480 640 
0 398 480 640 
0 398 480 640 
0 398 480 640 
0 398 479 640 
0 397 479 640 
0 397 479 640 
0 397 479 640 
0 396 480 640 
0 395 480 640 
0 394 480 640 
0 394 481 640 
0 393 481 640 
0 392 481 640 
0 391 481 640 
0 391 482 640 
0 390 482 640 
0 390 482 640 
0 389 482 640 
0 388 482 640 
0 388 483 640 
0 387 483 640 
0 387 483 640 
0 386 483 640 
0 386 483 640 
0 385 484 640 
0 385 484 640 
0 385 484 640 
0 384 484 640 
0 384 484 640 
0 384 485 640 
0 384 485 640 
0 384 485 640 
0 384 485 640 
0 384 485 640 
0 384 485 640 
0 384 485 640 
0 384 485 640 
0 385 486 640 
0 386 486 640 
0 386 486 640 
0 387 486 640 
0 388 486 640 
0 389 486 640 
0 390 486 640 
0 392 487 640 
0 392 486 640 
0 391 486 640 
0 392 486 640 
0 393 486 640 
0 394 485 640 
0 394 485 640 
0 395 485 640 
0 397 485 640 
0 397 485 640 
0 397 484 640 
0 397 484 640 
0 397 483 640 
0 397 483 640 
0 397 483 640 
0 397 483 640 
0 397 483 640 
0 397 483 640 
0 395 484 640 
0 393 484 640 
0 392 485 640 
0 391 485 640 
0 390 485 640 
0 389 485 640 
0 388 485 640 
0 387 486 640 
0 386 486 640 
0 385 486 640 
0 385 486 640 
0 384 486 640 
0 382 486 640 
0 381 486 640 
0 380 486 640 
0 379 486 640 
0 378 486 640 
0 377 486 640 
0 376 486 640 
0 375 487 640 
0 375 487 640 
0 374 487 640 
0 372 487 640 
0 371 397 399 487 640 
0 370 396 399 487 640 
0 369 395 398 487 640 
0 368 393 398 487 640 
0 367 392 398 487 640 
0 366 391 398 487 640 
0 365 389 398 487 640 
0 365 389 397 487 640 
0 364 387 397 487 640 
0 363 386 397 487 640 
0 362 384 397 487 640 
0 361 383 397 487 640 
0 361 382 397 488 640 
0 360 381 396 488 640 
0 359 380 396 488 640 
0 359 379 396 488 640 
0 358 378 395 488 640 
0 358 376 395 488 640 
0 357 374 395 488 640 
0 356 371 395 488 640 
0 356 370 395 488 640 
0 355 369 394 488 640 
0 355 369 394 488 640 
0 354 369 394 488 640 
0 353 369 394 489 640 
0 353 369 394 489 640 
0 352 368 394 489 640 
0 352 368 393 489 640 
0 351 367 393 489 640 
0 351 367 393 490 640 
0 350 366 393 490 640 
0 350 365 393 490 640 
0 349 365 393 490 640 
0 349 366 393 490 640 
0 349 362 364 367 393 490 640 
0 349 362 364 368 392 490 640 
0 349 362 364 368 392 490 640 
0 350 369 392 490 640 
0 351 370 392 491 640 
0 351 370 392 491 640 
0 352 371 392 491 640 
0 352 370 391 491 640 
0 353 369 391 491 640 
0 354 368 391 491 640 
0 355 366 391 491 640 
0 357 364 390 491 640 
0 390 491 640 
0 390 491 640 
0 390 491 640 
0 390 491 640 
0 390 491 640 
0 390 491 640 
0 389 491 640 
0 389 491 640 
0 389 490 640 
0 389 490 640 
0 389 490 640 
0 389 490 640 
0 389 490 640 
0 388 489 640 
0 388 489 640 
0 388 488 640 
0 388 488 640 
0 388 488 640 
0 388 487 640 
0 387 481 482 487 640 
0 387 481 483 487 640 
0 387 481 483 487 640 
0 387 481 483 487 640 
0 387 481 483 486 640 
0 387 486 640 
0 386 486 640 
0 386 486 640 
0 386 487 640 
0 385 486 640 
0 385 486 640 
0 385 484 640 
0 385 484 640 
0 385 484 640 
0 384 485 640 
0 384 485 640 
0 384 486 640 
0 384 486 640 
0 384 486 640 
0 383 487 640 
0 383 487 640 
0 383 487 640 
0 383 488 640 
0 382 488 640 
0 382 489 640 
0 382 489 640 
0 381 490 640 
0 381 490 640 
0 381 490 640 
0 381 491 640 
0 380 491 640 
0 380 492 640 
0 380 492 640 
0 379 492 640 
0 379 493 640 
0 379 493 640 
0 378 494 640 
0 378 494 640 
0 378 495 640 
0 378 495 640 
0 377 496 640 
0 377 496 640 
0 377 497 640 
0 376 497 640 
0 376 498 640 
0 375 498 640 
0 375 499 640 
0 375 499 640 
0 374 500 640 
0 374 500 640 
0 374 501 640 
0 374 501 640 
0 373 502 640 
0 373 502 640 
0 372 502 640 
0 372 503 640 
0 372 503 640 
0 371 504 640 
0 371 504 640 
0 371 505 640 
0 370 505 640 
0 370 506 640 
0 370 506 640 
0 369 507 640 
0 369 507 640 
0 369 508 640 
0 368 508 640 
0 368 509 640 
0 368 509 640 
0 368 510 640 
0 367 510 640 
0 367 511 640 
0 367 511 640 
0 366 511 640 
0 366 512 640 
0 366 512 640 
0 366 513 640 
0 365 513 640 
0 365 514 640 
0 365 514 640 
0 365 515 640 
0 364 515 640 
0 364 515 640 
0 364 516 640 
0 364 516 640 
0 363 517 640 
0 363 517 640 
0 363 517 640 
0 363 518 640 
0 363 518 640 
0 362 518 640 
0 362 519 640 
0 362 519 640 
0 362 519 640 
0 362 520 640 
0 362 520 640 
0 362 521 640 
0 361 521 640 
0 361 521 640 
0 361 522 640 
0 360 522 640 
0 360 522 640 
0 360 522 640 
0 360 523 640 
0 360 523 640 
0 359 523 640 
0 359 524 640 
0 359 524 640 
0 359 524 640 
0 359 524 640 
0 358 525 640 
0 358 525 640 
0 358 525 640 
0 358 526 640 
0 358 526 640 
0 358 526 640 
0 358 526 640 
0 358 526 640 
0 358 526 640 
