


































































































338 351 
331 353 
326 354 
321 355 
317 355 
315 355 
311 355 
305 355 
301 355 
299 355 
297 355 
296 355 
295 356 
293 356 
292 356 
291 356 
290 357 
289 357 
287 357 
286 357 
285 357 
284 358 
283 358 
282 358 
281 359 
280 359 
280 359 
278 360 
278 360 
277 361 
277 361 
275 362 
275 362 
274 363 
273 363 
272 364 
271 364 
271 365 
270 365 
270 365 
269 366 
268 367 
268 368 
267 368 
267 368 
267 369 
266 369 
266 370 
266 370 
265 371 
265 371 
265 372 
265 373 
264 373 
264 374 
263 374 
263 374 
262 375 
262 375 
261 376 
261 376 
260 377 
259 377 
258 378 
257 378 
257 378 
256 379 
255 379 
254 380 
253 380 
252 381 
251 381 
250 382 
250 382 
249 383 
248 384 
247 384 
246 385 
245 386 
245 387 
244 388 
243 390 
243 390 
242 391 
242 392 
241 394 
241 395 
240 396 
240 397 
240 399 
240 400 
239 402 
239 403 
239 405 
238 406 
238 407 
238 409 
238 410 
238 410 
238 411 
238 412 
238 413 
238 414 
238 415 
238 415 
238 417 
238 418 
238 419 
239 420 
239 421 
240 422 
242 250 252 253 282 424 
243 246 287 425 
290 427 
293 429 
297 431 
300 435 
302 437 
304 440 
307 441 
310 444 
313 445 
315 448 
316 450 
318 452 
320 456 
322 458 
323 461 
325 465 
327 467 
328 468 
330 475 
332 481 
333 484 485 486 
335 487 
336 488 
338 488 
339 488 
340 489 
342 489 
343 490 
344 491 
345 491 
346 492 
347 492 
347 493 
348 493 
349 494 
350 494 
351 494 
352 494 
353 494 
354 494 
355 493 
355 493 
356 492 
357 492 
358 491 
359 491 
360 490 
360 489 
361 487 
362 487 
363 486 
364 485 
364 484 
365 483 
366 482 
366 480 
367 479 
367 478 
368 477 
368 476 
369 475 
370 473 
370 472 
371 470 
371 470 
372 469 
373 468 
373 468 
374 466 
374 466 
375 465 
375 465 
376 465 
376 466 
376 468 
377 469 
377 470 
378 471 
378 473 
379 474 
379 475 
380 477 
380 478 
380 480 
381 481 
381 483 
381 485 
382 486 
382 450 454 488 
382 450 454 490 
382 448 455 491 
383 447 456 493 
383 446 458 494 
384 444 459 495 
385 443 460 496 
385 442 460 496 
387 442 462 497 
388 440 463 497 
390 439 464 497 
391 438 465 497 
392 437 466 497 
393 436 467 497 
395 435 468 497 
395 434 469 498 
396 433 470 498 
398 432 471 497 
398 431 472 497 
400 430 473 497 
400 429 475 497 
401 428 476 497 
402 428 477 497 
403 427 478 496 
405 426 480 496 
406 425 480 496 
406 425 481 496 
408 424 482 495 
408 423 483 495 
409 422 484 494 
409 421 485 493 
411 420 486 492 
411 419 
412 417 
413 416 

















































































































































