0 640 
0 640 
0 640 
0 640 
0 640 
0 640 
0 640 
0 640 
0 640 
0 640 
0 640 
0 640 
0 640 
0 640 
0 640 
0 640 
0 640 
0 640 
0 640 
0 640 
0 640 
0 640 
0 640 
0 640 
0 640 
0 640 
0 640 
0 640 
0 640 
0 640 
0 640 
0 640 
0 640 
0 640 
0 640 
0 640 
0 640 
0 640 
0 640 
0 640 
0 640 
0 640 
0 640 
0 640 
0 640 
0 640 
0 640 
0 640 
0 640 
0 640 
0 640 
0 640 
0 640 
0 640 
0 640 
0 640 
0 640 
0 640 
0 640 
0 640 
0 640 
0 640 
0 640 
0 640 
0 640 
0 640 
0 640 
0 640 
0 640 
0 640 
0 640 
0 640 
0 640 
0 640 
0 640 
0 640 
0 640 
0 331 338 640 
0 327 344 640 
0 323 348 640 
0 320 351 640 
0 318 353 640 
0 316 355 640 
0 314 357 640 
0 313 359 640 
0 311 360 640 
0 310 361 640 
0 309 362 640 
0 308 363 640 
0 307 364 640 
0 306 366 640 
0 159 160 305 367 640 
0 158 160 304 368 640 
0 158 160 304 368 640 
0 158 160 303 369 640 
0 158 160 302 370 640 
0 158 159 301 370 640 
0 301 371 640 
0 300 372 640 
0 300 373 640 
0 299 373 640 
0 298 373 640 
0 298 374 640 
0 297 374 640 
0 296 375 640 
0 296 375 640 
0 295 376 640 
0 295 376 640 
0 294 377 640 
0 294 377 640 
0 293 378 640 
0 293 378 640 
0 293 379 640 
0 293 379 640 
0 292 380 640 
0 292 380 640 
0 292 380 640 
0 292 381 640 
0 292 381 640 
0 292 381 640 
0 292 378 379 382 640 
0 292 377 380 382 640 
0 292 378 380 382 640 
0 293 378 381 383 640 
0 293 378 382 383 640 
0 293 379 383 384 640 
0 293 379 640 
0 293 378 640 
0 293 379 640 
0 294 379 640 
0 294 379 640 
0 294 379 640 
0 294 379 640 
0 295 380 640 
0 295 380 640 
0 295 381 640 
0 295 381 640 
0 295 381 640 
0 295 382 640 
0 294 380 640 
0 294 380 640 
0 294 380 640 
0 294 380 640 
0 293 380 640 
0 292 380 640 
0 290 380 640 
0 289 380 640 
0 289 380 640 
0 289 380 640 
0 289 381 640 
0 288 381 640 
0 288 381 640 
0 287 382 640 
0 287 382 640 
0 286 383 640 
0 286 383 640 
0 286 381 383 384 640 
0 287 381 640 
0 287 380 640 
0 288 377 379 380 640 
0 288 376 640 
0 288 374 375 376 640 
0 288 298 299 373 640 
0 288 297 299 372 640 
0 289 297 300 371 640 
0 289 296 300 371 640 
0 289 296 300 370 640 
0 290 297 301 369 640 
0 290 299 300 368 640 
0 293 362 364 367 640 
0 293 361 363 365 640 
0 293 360 363 365 640 
0 293 359 640 
0 292 357 640 
0 291 357 640 
0 291 358 640 
0 290 360 640 
0 290 361 640 
0 244 262 290 362 640 
0 238 268 289 363 640 
0 232 273 289 363 640 
0 228 276 288 363 640 
0 224 279 286 363 640 
0 220 281 284 363 640 
0 215 365 640 
0 211 366 640 
0 207 368 640 
0 202 369 640 
0 171 174 196 371 640 
0 172 176 190 372 640 
0 172 179 182 373 640 
0 172 374 640 
0 170 376 640 
0 158 377 640 
0 140 378 640 
0 132 379 640 
0 126 381 640 
0 124 382 640 
0 118 383 640 
0 116 117 118 384 640 
0 117 385 640 
0 120 387 640 
0 122 125 126 388 640 
0 126 128 130 390 640 
0 132 390 640 
0 132 134 137 392 640 
0 138 393 640 
0 142 394 640 
0 147 395 640 
0 150 397 640 
0 163 398 640 
0 169 400 640 
0 173 400 640 
0 177 401 640 
0 181 402 640 
0 185 403 640 
0 189 404 640 
0 192 405 640 
0 196 406 640 
0 199 407 640 
0 203 407 640 
0 207 408 640 
0 210 408 640 
0 213 409 640 
0 216 409 640 
0 219 410 640 
0 222 410 640 
0 224 410 640 
0 227 320 321 410 640 
0 230 318 322 410 640 
0 234 318 322 410 640 
0 236 283 285 318 322 410 640 
0 240 281 291 320 321 410 640 
0 244 278 296 410 640 
0 248 274 297 309 312 315 316 409 640 
0 254 270 297 298 301 304 305 309 319 409 640 
0 307 309 319 409 640 
0 308 309 319 408 640 
0 319 408 640 
0 318 408 640 
0 318 408 640 
0 317 407 640 
0 317 407 640 
0 317 407 640 
0 316 406 640 
0 316 406 640 
0 315 405 640 
0 315 405 640 
0 315 405 640 
0 314 404 640 
0 314 404 640 
0 313 403 640 
0 313 403 640 
0 51 57 313 402 640 
0 52 60 312 402 640 
0 53 61 312 402 640 
0 54 62 312 401 640 
0 55 62 311 401 640 
0 311 401 640 
0 310 401 640 
0 310 401 640 
0 310 401 640 
0 309 401 640 
0 309 401 640 
0 309 401 640 
0 308 401 640 
0 308 401 640 
0 308 401 640 
0 308 401 640 
0 307 401 640 
0 308 401 640 
0 308 401 640 
0 308 401 640 
0 308 401 640 
0 309 402 640 
0 309 402 640 
0 309 402 640 
0 309 402 640 
0 309 402 640 
0 310 402 640 
0 310 403 640 
0 310 403 640 
0 310 403 640 
0 310 403 640 
0 310 403 640 
0 310 336 339 403 640 
0 310 337 341 404 640 
0 310 337 344 404 640 
0 310 337 351 405 640 
0 310 337 353 406 640 
0 310 337 354 408 640 
0 310 337 354 408 640 
0 311 336 353 409 640 
0 311 336 353 409 640 
0 311 335 353 410 640 
0 311 335 353 410 640 
0 311 334 353 409 640 
0 312 334 353 408 640 
0 312 333 352 408 640 
0 312 332 352 408 640 
0 313 331 351 407 640 
0 314 331 350 407 640 
0 315 332 350 408 640 
0 316 332 349 408 640 
0 317 332 348 408 640 
0 318 332 348 408 640 
0 318 332 347 409 640 
0 318 333 346 409 640 
0 318 333 345 409 640 
0 319 333 344 410 640 
0 319 333 343 410 640 
0 319 333 342 410 640 
0 319 333 342 410 640 
0 319 333 341 410 640 
0 318 333 340 411 640 
0 318 333 339 411 640 
0 317 333 338 411 640 
0 317 333 337 411 640 
0 319 333 336 412 640 
0 320 412 640 
0 311 314 320 412 640 
0 310 313 320 412 640 
0 320 412 640 
0 320 323 325 413 640 
0 319 321 322 323 325 413 640 
0 319 321 323 413 640 
0 212 214 319 320 324 413 640 
0 210 215 324 413 640 
0 208 217 318 319 324 414 640 
0 207 217 317 318 324 414 640 
0 208 214 316 318 324 414 640 
0 210 211 316 317 324 414 640 
0 315 316 323 414 640 
0 322 415 640 
0 289 290 322 415 640 
0 289 296 320 415 640 
0 290 297 319 415 640 
0 291 298 318 415 640 
0 292 299 318 415 640 
0 293 297 317 416 640 
0 315 416 640 
0 314 416 640 
0 313 416 640 
0 312 416 640 
0 311 417 640 
0 310 417 640 
0 309 417 640 
0 308 417 640 
0 307 417 640 
0 306 417 640 
0 304 418 640 
0 303 418 640 
0 302 418 640 
0 301 418 640 
0 300 418 640 
0 298 418 640 
0 297 419 640 
0 296 419 640 
0 294 419 640 
0 293 419 640 
0 292 420 640 
0 291 420 640 
0 289 420 640 
0 287 420 640 
0 285 420 640 
0 284 420 640 
0 282 421 640 
0 280 421 640 
0 278 421 640 
0 276 421 640 
0 274 421 640 
0 271 422 640 
0 269 422 640 
0 266 422 640 
0 264 422 640 
0 261 422 640 
0 259 422 640 
0 256 422 640 
0 254 423 640 
0 251 423 640 
0 249 423 640 
0 247 423 640 
0 244 423 640 
0 242 424 640 
0 240 424 640 
0 237 424 640 
0 235 424 640 
0 233 425 640 
0 230 425 640 
0 227 425 640 
0 224 425 640 
0 221 425 640 
0 219 425 640 
0 216 425 640 
0 214 426 640 
0 212 426 640 
0 210 426 640 
0 209 426 640 
0 207 426 640 
0 205 426 640 
0 203 427 640 
0 202 427 640 
0 200 427 640 
0 199 427 640 
0 198 427 640 
0 196 427 640 
0 195 428 640 
0 194 428 640 
0 193 428 640 
0 192 428 640 
0 191 428 640 
0 190 428 640 
0 189 429 640 
0 188 429 640 
0 188 429 640 
0 188 429 640 
0 187 429 640 
0 187 430 640 
0 187 430 640 
0 186 430 640 
0 186 430 640 
0 186 430 640 
0 186 430 640 
0 186 430 640 
0 186 431 640 
0 187 431 640 
0 186 431 640 
0 186 431 640 
0 185 431 640 
0 184 431 640 
0 183 432 640 
0 181 432 640 
0 117 119 180 432 640 
0 115 118 179 432 640 
0 114 117 178 432 640 
0 113 116 177 432 640 
0 112 115 176 432 640 
0 111 114 175 433 640 
0 110 112 174 433 640 
0 110 111 173 433 640 
0 173 433 640 
0 172 433 640 
0 174 434 640 
0 175 434 640 
0 176 434 640 
0 178 434 640 
0 179 434 640 
0 181 435 640 
0 181 435 640 
0 182 435 640 
0 183 435 640 
0 183 435 640 
0 183 436 640 
0 184 436 640 
0 184 436 640 
0 184 436 640 
0 185 436 640 
0 185 437 640 
0 185 437 640 
0 185 437 640 
0 186 437 640 
0 186 438 640 
0 186 438 640 
0 187 438 640 
0 188 438 640 
0 190 439 640 
0 190 439 640 
0 191 439 640 
0 194 439 640 
0 196 440 640 
0 199 440 640 
0 202 440 640 
0 205 440 640 
0 206 440 640 
0 210 441 640 
0 211 441 640 
0 214 441 640 
0 215 441 640 
0 216 441 640 
0 216 441 640 
