














370 383 
369 389 
368 394 
367 396 
366 398 
364 400 
363 403 
362 405 
361 406 
360 407 
359 408 
357 409 
356 409 
355 409 
354 409 
353 410 
352 410 
351 410 
350 410 
349 411 
348 411 
347 411 
347 412 
346 412 
346 413 
346 416 
346 419 
346 422 
347 424 
347 427 
347 432 
348 433 
348 434 
348 436 
348 438 
349 440 
349 441 
349 443 
349 444 
350 446 
350 447 
350 448 
350 448 
350 450 
351 450 
350 451 
349 452 
348 454 
347 455 
346 456 
344 457 
343 458 
342 460 
341 461 
339 462 
338 462 
337 463 
335 464 
334 465 
333 466 
333 467 
332 468 
331 469 
330 470 
329 471 
328 471 
327 472 
326 473 
326 473 
325 474 
325 474 
324 475 
324 475 
323 476 
322 477 
322 477 
321 478 
321 478 
321 479 
320 479 
320 479 
320 479 
319 480 
319 480 
319 480 
318 481 
318 481 
318 481 
317 482 
317 482 
317 482 
316 482 
316 483 
316 483 
316 483 
315 483 
315 483 
315 483 
315 484 
315 484 
314 484 
314 484 
314 484 
314 484 
314 484 
314 485 
314 485 
314 485 
314 485 
314 485 
314 485 
314 485 
314 485 
314 486 
315 486 
315 486 
315 486 
316 486 
316 486 
316 487 
316 487 
316 487 
316 487 
316 488 
316 488 
316 488 
316 489 
316 320 321 489 
316 319 321 489 
316 319 321 490 
316 319 321 490 
316 318 322 490 
316 318 322 491 
322 491 
322 492 
323 492 
323 492 
323 493 
323 493 
323 493 
323 494 
323 494 
325 494 
325 495 
326 495 
326 329 330 496 
327 329 331 496 
327 329 331 497 
332 348 350 497 
333 336 337 349 350 497 
338 340 341 349 350 498 
338 340 342 349 350 498 
344 498 
345 499 538 540 
346 499 538 541 
347 500 538 542 
348 500 537 543 
349 501 537 543 
349 501 537 544 
349 502 536 544 
348 499 536 545 
347 500 536 546 
346 500 535 546 
345 501 535 547 
345 502 534 548 
344 502 533 549 
343 498 500 503 533 549 
343 498 501 503 532 550 
343 499 531 551 
344 499 529 551 
345 499 528 552 
346 498 528 553 
348 498 527 554 
351 498 527 554 
353 498 526 555 
355 497 525 556 
355 497 525 557 
356 497 524 558 
356 497 523 558 
356 497 523 559 
357 497 522 560 
357 496 521 561 
358 483 484 496 521 562 
359 483 485 496 520 562 
362 483 486 495 520 563 
363 483 487 495 519 564 
364 482 488 495 518 565 
364 482 488 494 517 566 
365 482 489 494 516 567 
365 482 490 494 515 568 
366 482 490 495 514 569 
366 482 490 495 514 570 
367 482 490 495 513 571 
367 482 490 494 512 572 
367 482 490 493 511 573 
368 482 490 492 510 574 
368 482 490 492 509 575 
368 372 373 389 390 481 490 492 508 576 
369 372 374 387 391 395 397 481 490 491 508 577 
374 385 391 394 397 481 507 578 
375 385 391 394 398 481 506 579 
375 384 391 394 398 481 505 580 
376 380 391 394 398 465 466 481 504 581 
376 379 392 393 398 465 467 481 503 582 
376 379 398 465 469 480 502 583 
376 379 398 465 469 480 501 585 
376 378 398 465 469 472 474 480 500 586 
398 465 470 472 475 480 500 587 
398 465 470 472 478 480 499 588 
398 465 470 472 498 589 
397 450 451 465 470 473 497 591 
395 449 451 465 470 473 496 592 
394 448 451 466 471 473 495 594 
189 190 393 448 452 466 471 473 494 595 
188 191 195 198 392 448 452 466 494 596 
187 198 391 449 453 455 457 466 493 597 
186 199 390 449 454 455 457 466 492 599 
186 200 389 450 457 465 491 600 
185 202 387 451 457 465 490 601 
184 204 205 209 386 451 457 465 489 603 
183 209 385 452 457 465 488 604 
182 210 384 452 457 464 487 605 
181 210 383 452 457 464 485 607 
180 211 382 453 457 464 484 609 
179 211 381 453 456 464 483 610 
178 212 380 453 456 464 481 612 
178 213 379 454 456 464 480 614 
178 213 378 454 456 464 479 615 
178 214 377 454 456 464 478 617 
179 214 376 454 456 464 476 619 
179 215 375 455 456 464 475 620 
180 215 374 464 473 622 
180 216 368 464 472 624 
181 216 366 465 470 625 
181 217 365 465 469 627 
182 218 363 467 468 629 
182 218 362 631 
183 219 361 633 
183 219 360 635 
184 220 360 636 
185 220 359 638 
185 221 359 640 
186 221 358 640 
186 222 358 640 
187 222 358 640 
187 223 357 640 
188 223 357 640 
189 224 357 640 
189 224 357 640 
190 225 357 640 
190 226 267 274 356 640 
191 226 266 278 355 640 
191 227 264 281 354 640 
192 227 263 283 353 640 
192 228 261 285 351 640 
193 229 255 287 339 640 
194 229 254 288 328 640 
194 230 253 289 318 640 
195 230 252 290 308 640 
195 231 251 292 300 345 347 640 
196 231 251 341 347 640 
196 232 251 338 346 640 
197 232 250 332 346 640 
198 233 250 327 346 640 
198 234 250 322 345 640 
199 234 248 317 345 640 
199 235 246 312 345 640 
200 235 242 308 344 640 
200 236 241 302 344 640 
201 237 239 299 344 640 
201 297 344 640 
202 298 344 640 
202 298 344 640 
203 298 344 640 
204 299 344 640 
204 299 344 640 
204 300 345 640 
202 241 242 300 345 640 
202 242 243 301 345 640 
202 242 243 301 345 640 
202 243 244 301 345 640 
202 243 245 302 346 640 
202 244 245 302 346 640 
202 244 246 303 346 640 
202 245 246 303 346 640 
202 245 247 303 345 640 
203 246 247 304 344 640 
203 304 344 640 
203 304 343 640 
203 304 343 640 
204 255 258 305 342 640 
204 250 259 305 342 640 
205 251 260 305 341 640 
205 252 260 305 341 640 
205 253 261 305 340 640 
206 254 262 306 340 640 
206 255 262 306 340 640 
207 256 263 306 339 640 
207 257 264 306 339 640 
207 258 265 307 338 640 
207 259 265 307 338 640 
207 260 266 307 337 640 
207 261 267 307 337 640 
207 262 268 308 337 640 
207 263 269 308 336 640 
207 263 270 308 336 640 
207 264 271 309 336 526 528 640 
207 265 272 310 335 524 528 640 
207 266 272 311 335 524 528 640 
207 267 273 312 335 523 528 640 
207 268 274 313 335 523 528 640 
207 269 274 314 334 523 528 640 
207 270 275 315 334 523 528 640 
208 272 275 316 334 522 528 640 
208 273 276 317 333 522 529 640 
208 274 276 318 333 514 517 521 529 640 
208 275 277 319 333 513 517 521 529 640 
209 276 277 319 333 515 517 521 529 533 534 640 
209 320 333 516 518 520 529 533 534 640 
210 321 333 520 529 532 535 640 
210 322 333 519 529 532 535 640 
211 323 333 519 530 531 535 640 
211 324 332 519 535 640 
211 324 332 513 534 640 
212 325 332 500 503 505 534 640 
212 326 332 500 533 640 
212 326 332 501 533 640 
212 327 332 502 532 640 
213 328 332 502 532 640 
213 329 332 502 532 640 
213 330 332 485 498 502 532 640 
214 331 332 454 456 485 531 640 
214 455 457 486 531 640 
215 454 459 487 531 640 
216 454 460 487 531 640 
217 454 463 487 531 640 
218 453 471 474 476 478 531 640 
221 453 530 640 
225 453 530 542 543 640 
228 459 530 542 543 640 
230 460 530 541 543 640 
232 461 530 540 543 640 
233 462 530 539 542 640 
235 463 530 538 542 640 
236 463 530 538 542 640 
237 464 529 537 542 640 
239 464 529 536 541 640 
240 464 529 535 541 640 
242 465 529 534 541 640 
244 465 529 534 541 640 
246 465 529 533 541 640 
248 465 529 532 541 640 
250 465 529 532 541 640 
252 465 528 531 540 640 
254 465 528 530 540 640 
256 465 540 640 
258 465 540 640 
260 451 452 464 540 640 
262 450 452 464 540 640 
264 450 452 464 540 640 
266 450 452 464 540 640 
267 449 453 464 540 640 
269 449 453 464 539 640 
271 449 453 464 539 640 
272 449 453 464 539 640 
273 449 453 464 539 640 
275 449 454 464 539 640 
275 449 454 464 539 640 
276 449 454 464 539 640 
277 449 454 464 539 640 
277 448 454 464 539 640 
278 448 455 464 538 640 
278 448 455 464 538 640 
279 448 455 464 538 640 
279 448 455 464 538 543 544 640 
280 448 455 464 538 542 543 640 
281 448 455 464 538 542 543 640 
281 448 455 464 538 541 543 640 
282 448 455 464 538 541 543 640 
283 448 455 464 538 540 543 640 
284 447 455 464 543 640 
285 447 456 465 543 640 
286 447 456 465 543 640 
287 447 456 465 543 640 
289 447 456 465 543 640 
290 447 456 465 543 640 
291 447 456 465 543 640 
292 447 456 465 543 640 
294 447 456 465 543 640 
295 447 456 465 543 640 
296 448 456 466 543 640 
298 448 456 466 543 555 556 640 
299 449 457 466 543 554 555 640 
300 449 457 466 543 554 555 640 
302 449 457 466 543 553 555 640 
303 450 457 466 543 552 555 640 
304 450 457 466 543 551 555 640 
305 451 457 466 544 551 555 640 
307 451 457 467 544 550 554 640 
308 452 457 467 544 549 554 640 
310 452 457 467 544 548 554 640 
311 452 457 467 544 548 554 640 
312 453 457 467 544 547 554 640 
314 453 457 467 544 546 553 640 
315 453 457 467 553 640 
317 454 457 468 553 640 
318 454 457 468 553 640 
319 454 457 468 553 640 
320 455 457 468 553 567 568 640 
322 455 457 468 553 565 567 640 
323 468 552 564 567 640 
324 468 552 563 567 640 
326 468 552 562 567 640 
327 469 552 561 567 640 
328 469 552 560 566 640 
329 469 552 558 566 586 587 640 
330 469 552 557 566 585 587 640 
329 469 552 556 566 585 587 640 
329 469 552 554 566 584 586 640 
329 470 565 584 586 640 
328 470 565 583 586 640 
328 470 565 582 586 640 
327 470 565 582 585 640 
325 470 565 581 585 640 
325 470 565 581 585 640 
323 470 564 581 585 640 
323 471 564 580 584 640 
322 471 564 569 570 580 584 640 
322 471 564 568 570 580 584 640 
321 471 563 567 570 580 584 640 
321 472 563 566 570 579 583 640 
320 472 563 565 570 579 583 640 
320 472 570 579 583 640 
320 472 569 575 576 578 583 640 
319 473 569 574 576 578 583 640 
319 473 569 573 576 578 582 640 
319 478 569 572 576 578 582 640 
319 479 569 572 576 577 582 640 
319 480 568 571 582 640 
319 481 568 570 582 640 
318 482 582 640 
319 483 582 640 
319 484 581 640 
319 485 581 636 638 640 
319 486 581 636 638 640 
320 487 581 636 638 640 
320 487 581 636 638 640 
320 488 581 635 637 640 
321 489 581 635 637 640 
321 489 580 635 637 640 
322 490 580 635 637 640 
322 490 580 635 637 640 
323 491 580 635 637 640 
323 492 580 634 637 640 
324 492 580 634 637 640 
324 493 580 634 636 640 
324 493 579 634 636 640 
324 494 579 634 636 640 
324 494 579 634 636 640 
324 494 579 634 636 640 
324 494 579 634 636 640 
324 494 579 634 636 640 
324 494 578 634 636 640 
324 494 579 580 582 634 636 640 
324 494 579 580 581 634 636 640 
