














377 389 
377 392 
377 395 
377 397 
378 399 
380 401 
381 402 
384 404 
386 405 
388 406 
390 407 
391 408 
393 409 
394 409 
394 410 
378 380 395 411 
374 390 395 411 
365 411 
360 412 
357 412 
353 412 
350 413 
348 413 
346 414 
344 416 
342 417 
341 418 
340 420 
338 421 
337 422 
336 423 
335 424 
334 425 
333 426 
332 427 
331 428 
331 429 
330 430 
330 431 
329 432 
329 433 
328 433 
328 434 
327 434 
327 435 
327 436 
326 438 
326 441 
326 443 
325 444 
325 446 
325 447 
325 448 
324 450 
324 450 
323 451 
323 452 
323 453 
313 320 323 453 
312 453 
310 450 
308 447 
306 445 
304 446 
303 446 
301 447 
300 448 
299 448 
299 448 
298 447 
297 444 
297 442 
297 442 
297 442 
298 441 
298 441 
299 441 
300 441 
300 440 
301 440 
301 440 
301 440 
301 441 
300 441 
300 442 
299 443 
299 443 
298 443 
297 443 
296 442 
295 442 
295 442 
296 441 
297 441 
298 441 
298 440 
299 440 
299 439 
300 439 
300 439 
301 439 
301 438 
301 438 
301 438 
302 438 
302 438 
302 438 
303 438 
304 438 
306 438 
308 438 
310 438 
311 439 
313 439 
315 439 
316 439 
318 439 
320 439 
321 439 
323 439 
323 439 
323 439 
323 439 
323 439 
323 440 
323 440 
323 440 
323 440 
323 440 
323 440 
323 440 
323 440 
323 440 
323 440 
323 440 
323 440 
323 440 
323 440 
323 440 
323 440 
323 440 
323 440 
323 440 
323 440 
323 440 
323 441 
323 442 
323 443 
322 445 
322 446 
322 448 
322 449 
322 451 
322 452 
322 342 343 454 
322 342 343 455 
321 342 343 457 
321 342 344 458 
321 342 344 460 
321 342 344 461 
321 342 345 462 
321 342 345 464 
321 343 344 465 
304 305 320 467 
302 305 320 468 
299 305 320 470 
297 306 320 471 
292 310 320 472 
289 314 320 474 
109 110 286 316 319 475 
102 112 153 162 283 477 
102 113 141 166 281 478 
102 115 116 118 130 171 280 480 
102 119 125 177 279 481 
102 119 121 183 278 483 
102 190 276 484 
102 194 273 486 
103 200 270 487 
103 205 266 489 
104 212 263 490 
104 218 260 492 
105 223 257 493 
105 228 254 493 
106 232 250 493 
107 237 248 493 
108 240 245 492 
110 492 
111 491 
112 490 
113 490 
115 489 
117 489 
119 488 
123 487 
127 486 
131 486 
136 485 
139 485 
140 484 
139 483 
139 482 
138 482 
138 481 
138 480 
137 480 
137 479 
137 479 
137 478 
136 477 
136 477 
136 476 
135 475 
135 475 
135 474 
134 473 
134 473 
134 472 
133 471 
133 471 
133 470 
132 469 
132 291 294 469 
132 288 294 468 
132 284 294 467 
131 281 294 467 
131 278 294 466 
131 275 294 465 
130 272 294 465 
130 268 294 465 
130 265 294 465 
129 261 295 465 
129 258 296 465 
129 255 297 466 
128 214 222 249 297 466 
128 206 228 242 297 466 
128 199 297 467 
128 196 297 467 
127 190 297 467 
127 184 296 468 
127 178 296 468 
127 174 296 468 
127 170 296 468 
126 166 296 469 
126 161 296 469 
126 156 296 469 
126 152 296 470 
126 148 296 470 
125 143 296 470 
125 138 296 470 
125 133 296 471 
126 130 297 471 
297 472 
297 472 
297 473 
298 473 
298 473 
299 473 
299 473 
300 473 
300 473 
301 473 
302 472 
302 472 
303 472 
304 472 
304 471 
305 323 325 471 
305 321 325 470 
304 320 325 470 
304 318 325 469 
304 317 325 469 
304 317 325 468 
304 317 325 467 
303 316 325 466 
302 316 325 466 
301 316 325 465 
301 316 325 464 
300 316 325 463 
299 315 325 461 
298 315 325 460 
298 315 325 457 
297 315 325 447 449 455 
297 315 325 447 
296 315 325 447 
296 315 325 448 
296 315 324 448 
295 316 324 448 
295 316 324 448 
294 316 324 448 
294 316 324 448 
293 316 324 439 440 449 
292 316 324 449 
291 316 324 449 
291 317 324 440 441 449 
290 317 323 440 441 449 
290 317 323 440 441 449 
290 317 323 440 442 449 
290 317 323 440 442 449 
289 317 323 440 442 450 
289 317 323 440 442 450 
289 317 323 440 443 450 
288 317 323 440 443 450 
288 316 323 440 443 445 446 450 
288 316 323 440 443 445 446 450 
287 315 323 440 444 450 
286 292 293 315 323 440 444 450 
286 291 294 314 323 440 444 450 
285 291 296 313 323 440 445 446 448 451 
285 290 296 311 323 440 448 451 
284 290 296 302 323 439 448 451 
284 289 296 302 323 439 449 451 
283 289 295 302 323 439 449 452 
282 289 295 301 323 439 449 452 
282 288 295 301 323 439 450 451 
281 288 294 301 323 440 
280 287 294 301 323 442 
279 286 293 300 323 442 
278 285 292 300 322 441 
278 285 292 300 322 441 
277 284 292 300 322 440 
277 283 291 299 322 440 
277 282 291 299 322 440 
278 281 292 299 322 440 
295 298 322 440 
296 298 322 440 
322 440 
322 441 
322 441 
322 441 
322 441 
322 441 
322 442 
322 442 
321 442 
321 443 
321 443 
321 443 
321 444 
321 444 
321 444 
321 444 
321 444 
321 445 
321 445 
321 445 
321 446 
321 446 
320 446 
320 446 
320 446 
320 447 
320 447 
320 447 
319 447 
319 447 
319 448 
319 448 
318 448 
318 448 
318 448 
318 449 
318 449 
318 449 
318 449 
317 449 
317 449 
317 450 
317 450 
317 450 
316 450 
316 450 
316 450 
316 450 
316 450 
316 450 
315 451 
315 451 
315 451 
315 451 
315 451 
315 451 
315 451 
314 451 
314 451 
314 451 
314 451 
313 451 
313 451 
313 452 
313 452 
313 452 
312 452 
312 452 
312 452 
312 452 
312 452 
312 452 
311 452 
311 452 
311 452 
311 452 
311 452 
311 452 
310 452 
310 452 
310 453 
310 453 
310 453 
310 453 
309 453 
309 453 
309 453 
308 453 
308 453 
308 453 
308 453 
308 453 
307 453 
307 453 
307 453 
307 453 
306 453 
306 454 
306 454 
305 454 
305 454 
305 454 
304 454 
304 454 
304 454 
303 454 
303 454 
303 454 
303 454 
302 454 
302 454 
302 454 
301 454 
301 455 
301 455 
301 455 
300 455 
300 455 
300 455 
299 455 
299 455 
298 455 
298 455 
298 455 
298 455 
297 455 
297 455 
297 455 
297 455 
296 456 
296 456 
296 456 
296 456 
295 456 
295 456 
295 456 
294 456 
294 456 
293 456 
293 457 
