554 640 
554 640 
554 640 
554 640 
554 640 
554 640 
554 640 
554 640 
554 640 
554 640 
554 640 
554 640 
554 640 
554 640 
554 640 
554 640 
554 640 
554 640 
554 640 
554 640 
554 640 
554 640 
554 640 
554 640 
554 640 
554 640 
555 640 
553 640 
555 640 
554 640 
553 640 
552 640 
551 640 
549 640 
548 640 
546 640 
545 640 
544 640 
542 640 
541 640 
539 640 
538 640 
536 640 
534 640 
533 640 
532 640 
530 640 
529 640 
527 640 
526 640 
525 640 
523 640 
522 640 
521 640 
519 640 
518 640 
517 640 
515 640 
514 640 
513 640 
512 640 
510 640 
510 640 
509 640 
507 640 
506 640 
505 640 
479 482 504 640 
474 490 503 640 
472 495 502 640 
470 498 500 640 
469 640 
468 640 
468 640 
467 640 
466 640 
465 640 
465 640 
464 640 
463 640 
462 640 
460 640 
460 640 
459 640 
459 640 
458 640 
458 640 
457 640 
457 640 
456 640 
456 640 
456 640 
456 640 
455 640 
455 640 
455 640 
454 640 
454 640 
454 640 
454 640 
453 640 
453 640 
453 640 
453 640 
453 640 
453 640 
452 640 
452 640 
452 640 
452 640 
452 640 
452 640 
452 640 
452 640 
452 640 
452 640 
452 640 
452 640 
452 640 
452 640 
452 640 
452 640 
452 640 
452 640 
453 640 
369 375 453 640 
357 376 453 640 
345 377 453 640 
344 378 453 640 
343 378 453 640 
343 379 454 640 
342 379 454 640 
341 379 454 640 
341 379 454 640 
341 379 454 640 
339 379 454 640 
339 379 454 640 
338 379 455 640 
338 379 455 640 
338 379 455 640 
338 379 455 640 
337 379 455 482 486 640 
336 379 456 480 486 640 
336 379 457 478 487 640 
336 379 457 476 487 640 
336 379 458 473 489 640 
335 378 459 471 490 640 
335 378 461 469 490 640 
335 378 490 640 
335 378 490 640 
335 378 491 640 
335 378 491 640 
334 378 492 640 
334 378 492 640 
334 377 492 640 
334 377 493 640 
334 377 493 640 
334 377 493 640 
334 376 493 640 
334 376 493 640 
333 376 493 640 
333 375 493 640 
333 375 492 640 
332 375 492 640 
332 375 491 640 
332 374 491 503 505 640 
332 374 490 499 506 640 
332 374 490 497 506 507 508 640 
331 374 490 494 509 640 
331 373 510 640 
331 373 513 640 
331 373 514 640 
331 373 515 640 
331 373 516 640 
331 372 517 640 
331 372 518 640 
330 372 519 640 
330 372 520 640 
330 371 521 640 
330 371 522 640 
330 371 523 640 
330 371 524 640 
329 370 524 640 
329 370 525 640 
329 370 526 640 
329 370 526 640 
329 369 527 640 
329 369 528 640 
328 369 529 640 
328 369 529 640 
327 369 530 640 
327 369 530 640 
327 369 531 640 
327 368 531 640 
327 368 531 640 
327 368 533 640 
326 368 533 640 
326 368 534 640 
326 368 534 640 
326 367 535 555 556 640 
325 367 536 551 559 560 561 640 
325 367 537 548 566 640 
325 367 538 546 570 640 
325 367 540 542 571 640 
325 366 572 640 
325 366 572 640 
324 366 573 640 
324 366 574 640 
324 365 574 640 
324 365 574 640 
324 365 575 640 
323 365 574 640 
323 365 574 640 
323 364 575 640 
323 364 575 640 
322 364 575 640 
322 364 575 640 
322 364 575 640 
322 363 575 640 
321 363 576 640 
321 363 576 640 
321 363 576 640 
320 363 576 640 
320 363 576 640 
320 363 576 640 
320 362 577 640 
296 302 319 362 577 640 
292 307 319 362 577 640 
290 310 319 362 577 640 
288 311 319 362 577 640 
285 314 319 362 578 640 
282 316 318 362 578 640 
280 361 578 640 
278 361 578 640 
277 361 578 640 
276 361 578 640 
266 361 578 640 
264 361 579 640 
262 361 579 640 
260 360 578 640 
258 360 579 640 
256 360 579 640 
254 360 579 640 
239 246 252 360 579 640 
238 248 251 360 579 640 
237 359 580 640 
236 359 580 640 
234 359 580 640 
232 359 580 640 
230 359 580 640 
229 359 580 640 
229 359 581 640 
228 359 581 640 
228 359 581 640 
227 359 581 640 
226 360 581 640 
226 361 581 640 
226 362 581 640 
225 363 581 640 
225 364 581 640 
224 365 582 640 
224 365 582 640 
223 366 582 640 
223 366 582 640 
222 366 582 640 
222 367 582 640 
221 367 582 640 
221 367 582 640 
220 367 582 640 
220 367 582 640 
219 367 582 640 
219 367 583 640 
219 367 583 640 
218 367 583 640 
218 367 583 640 
217 367 583 640 
217 367 584 640 
216 367 584 640 
216 367 584 640 
216 367 584 640 
216 367 584 640 
216 367 584 640 
215 367 584 640 
215 367 584 640 
215 367 584 640 
216 367 584 640 
216 367 585 640 
217 367 585 640 
218 366 585 640 
218 366 585 640 
220 366 585 640 
221 366 585 640 
223 366 585 640 
231 366 585 640 
231 366 585 640 
231 366 585 640 
231 365 585 640 
231 365 585 640 
231 365 585 640 
232 365 585 640 
232 365 585 640 
232 365 585 640 
232 365 585 640 
232 364 586 640 
232 364 586 640 
232 364 586 640 
232 364 586 640 
232 364 586 640 
232 364 586 640 
232 364 586 640 
232 363 586 640 
232 363 586 640 
232 363 586 640 
232 363 586 640 
233 363 586 640 
233 362 587 640 
233 362 587 640 
233 362 587 640 
233 362 587 640 
233 362 587 640 
233 361 588 640 
233 361 587 640 
234 361 587 640 
234 360 587 640 
234 360 587 640 
234 360 587 640 
234 359 587 640 
234 359 587 640 
235 359 587 640 
235 358 587 640 
235 358 587 640 
235 358 587 640 
235 357 587 640 
235 357 587 640 
235 356 587 640 
235 356 587 640 
236 355 587 640 
236 355 587 640 
236 354 587 640 
236 354 587 640 
236 353 587 640 
236 352 587 640 
236 352 587 640 
236 351 587 640 
237 350 587 640 
237 350 587 640 
237 349 587 640 
237 348 587 640 
238 348 587 640 
238 347 587 640 
238 346 587 640 
238 346 587 640 
238 345 587 640 
239 344 587 640 
239 344 587 640 
239 344 587 640 
239 344 587 640 
239 345 587 640 
240 346 587 640 
240 347 587 640 
240 348 587 640 
240 348 587 640 
240 349 587 640 
241 350 587 640 
241 351 587 640 
241 352 587 640 
242 352 587 640 
242 353 587 640 
242 354 587 640 
242 355 587 640 
243 356 587 640 
243 357 587 640 
243 358 587 640 
244 358 587 640 
244 359 587 640 
244 360 587 640 
245 361 587 640 
245 362 587 640 
246 362 587 640 
246 363 587 640 
246 364 587 640 
246 365 587 640 
247 366 586 640 
247 367 586 640 
248 368 586 640 
248 368 586 640 
249 369 586 640 
249 370 586 640 
250 371 586 640 
250 372 586 640 
250 373 585 640 
251 374 584 640 
251 375 583 640 
252 375 580 640 
253 376 578 640 
253 378 576 640 
254 378 574 640 
255 379 572 640 
255 380 570 640 
256 380 568 640 
257 381 566 640 
258 382 564 640 
258 383 562 640 
259 384 560 640 
260 385 558 640 
261 385 557 640 
262 387 555 640 
263 387 553 640 
264 388 552 640 
264 389 553 640 
265 390 554 640 
266 391 555 640 
267 391 554 640 
268 392 552 640 
269 393 550 640 
270 394 549 640 
271 395 547 640 
271 396 545 640 
272 396 544 640 
273 397 544 640 
274 398 543 640 
275 399 541 640 
276 400 540 640 
277 401 539 640 
278 402 538 640 
279 403 538 640 
280 403 537 640 
280 404 536 640 
281 405 534 640 
282 406 532 640 
283 407 529 640 
284 407 527 640 
285 408 524 640 
285 410 522 640 
286 410 520 640 
287 411 517 640 
288 412 516 640 
289 413 513 640 
290 414 511 640 
291 414 509 640 
291 415 507 640 
292 416 505 640 
293 417 502 640 
294 417 501 640 
294 418 499 640 
295 419 496 640 
296 420 494 640 
297 421 492 640 
298 422 452 467 490 640 
299 422 447 470 488 640 
300 423 443 474 487 640 
300 424 438 476 484 640 
301 425 436 479 483 640 
302 426 432 640 
303 427 428 640 
304 640 
304 640 
305 640 
306 640 
307 640 
308 640 
309 640 
309 640 
310 640 
311 640 
311 640 
312 640 
313 640 
314 640 
315 640 
315 640 
316 640 
317 640 
318 640 
319 640 
320 640 
320 640 
321 640 
321 640 
322 640 
