0 254 412 563 
0 253 413 562 
0 253 412 562 
0 253 412 561 
0 253 411 561 
0 254 410 560 
0 254 409 560 
0 254 407 559 
0 254 406 559 
0 255 405 558 
0 255 404 558 
0 255 404 557 
0 255 403 557 
0 256 403 556 
0 256 403 556 
0 256 403 555 
0 257 402 555 
0 257 402 554 
0 257 402 554 
0 257 402 553 
0 258 401 553 
0 258 401 552 
0 258 401 552 
0 259 400 551 
0 259 400 550 
0 259 400 550 
0 260 400 550 
0 260 399 549 
0 260 399 549 
0 261 399 548 
0 261 398 548 
0 262 398 547 
0 262 398 547 
0 263 398 546 
0 263 397 546 
0 264 397 545 
0 264 397 545 
0 265 396 544 
0 265 396 544 
0 266 396 543 
0 267 396 543 
0 267 395 542 
0 268 395 542 
0 269 395 541 
0 270 395 540 
0 270 394 540 
0 272 394 539 
0 273 394 538 
0 275 393 538 
0 276 393 538 
0 279 393 537 
0 281 392 537 
0 285 392 536 
0 290 392 535 
0 290 392 535 
0 291 391 535 
0 290 391 534 
0 290 391 533 
0 290 391 533 
0 289 390 532 
0 289 390 532 
0 289 390 531 
0 288 389 531 
0 288 389 530 
0 288 389 530 
0 287 389 529 
0 287 388 528 
0 287 388 528 
0 286 388 527 
0 286 387 527 
0 285 387 526 
0 285 387 526 
0 284 387 525 
0 284 386 524 
0 282 386 524 
0 282 386 523 
0 281 386 523 
0 281 385 522 
0 280 385 521 
0 279 385 521 
0 279 385 520 
0 279 384 519 
0 278 384 519 
0 278 384 518 
0 277 383 518 
0 277 383 517 
0 276 383 517 
0 276 382 516 
0 276 382 515 
0 275 382 515 
0 274 382 514 
0 274 382 513 
0 273 381 513 
0 273 381 512 
0 272 381 511 
0 272 381 511 
0 271 380 510 
0 271 380 510 
0 270 380 509 
0 270 380 508 
0 270 379 507 
0 269 379 507 
0 269 379 506 
0 268 378 505 
0 268 378 505 
0 267 378 504 
0 267 378 503 639 640 
0 266 377 503 639 640 
0 266 377 502 638 640 
0 265 377 501 638 640 
0 265 377 500 637 640 
0 265 376 500 637 640 
0 264 376 499 636 640 
0 264 376 498 636 640 
0 263 376 497 635 640 
0 262 375 497 635 640 
0 262 375 496 634 640 
0 262 375 495 634 640 
0 261 374 494 633 640 
0 260 374 494 633 640 
0 260 374 493 632 640 
0 260 373 492 632 640 
0 259 373 491 631 640 
0 258 372 490 630 640 
0 258 372 489 630 640 
0 258 371 489 629 640 
0 257 371 488 629 640 
0 256 370 487 629 640 
0 256 370 486 628 640 
0 255 369 485 627 640 
0 255 368 485 627 640 
0 255 368 484 626 640 
0 254 367 483 626 640 
0 254 366 482 626 640 
0 253 366 481 625 640 
0 253 365 481 625 640 
0 252 365 480 624 640 
0 251 364 479 624 640 
0 251 363 478 623 640 
0 251 363 477 622 640 
0 250 362 476 622 640 
0 250 362 476 622 640 
0 249 361 475 621 640 
0 249 361 474 621 640 
0 248 360 473 620 640 
0 248 359 472 620 640 
0 247 359 471 619 640 
0 246 358 471 619 640 
0 246 357 470 618 640 
0 246 357 469 618 640 
0 245 356 468 617 640 
0 245 356 468 617 640 
0 244 355 468 617 640 
0 244 355 468 616 640 
0 243 354 465 616 640 
0 242 353 464 615 640 
0 242 353 463 615 640 
0 241 352 462 615 640 
0 241 352 462 614 640 
0 240 351 461 614 640 
0 240 351 460 613 640 
0 240 350 459 613 640 
0 239 350 459 612 640 
0 238 349 458 612 640 
0 238 348 457 612 640 
0 237 348 457 611 640 
0 237 347 456 611 640 
0 236 347 455 610 640 
0 235 346 455 610 640 
0 235 345 454 610 640 
0 234 345 453 610 640 
0 234 344 453 609 640 
0 233 344 452 609 640 
0 233 343 451 608 640 
0 232 343 450 608 640 
0 231 342 450 607 640 
0 231 342 449 607 640 
0 230 341 449 607 640 
0 230 340 448 606 640 
0 229 340 448 606 640 
0 229 339 447 606 640 
0 228 339 446 606 640 
0 227 338 446 605 640 
0 227 338 445 605 640 
0 226 337 445 605 640 
0 226 337 444 604 640 
0 225 336 444 604 640 
0 225 336 443 604 640 
0 224 335 443 603 640 
0 223 334 442 603 640 
0 223 334 442 602 640 
0 222 333 442 602 640 
0 221 333 442 602 640 
0 221 332 442 601 640 
0 220 332 443 601 640 
0 219 331 444 601 640 
0 219 331 445 601 640 
0 218 330 446 600 640 
0 217 330 447 600 640 
0 217 330 448 600 640 
0 216 329 450 600 640 
0 216 328 451 599 640 
0 215 328 453 599 640 
0 214 327 454 598 640 
0 214 327 456 598 640 
0 213 326 457 598 640 
0 212 326 458 598 640 
0 211 325 459 597 640 
0 210 325 460 597 640 
0 210 324 461 597 640 
0 209 324 460 596 640 
0 208 323 459 596 640 
0 208 323 458 595 640 
0 207 322 457 595 640 
0 206 322 456 595 640 
0 205 321 455 594 640 
0 205 321 453 594 640 
0 204 320 452 593 640 
0 203 320 451 593 640 
0 202 319 450 592 640 
0 202 319 449 592 640 
0 201 318 447 592 640 
0 200 318 446 592 640 
0 199 317 445 592 640 
0 198 317 444 591 640 
0 197 317 443 591 640 
0 197 316 441 591 640 
0 196 316 441 590 640 
0 195 315 440 590 640 
0 194 315 439 590 640 
0 194 314 439 589 640 
0 192 314 438 589 640 
0 192 313 437 588 640 
0 191 313 436 588 640 
0 190 313 435 587 640 
0 189 312 434 587 640 
0 189 312 433 586 640 
0 188 312 433 586 640 
0 187 311 432 585 640 
0 186 311 431 585 640 
0 185 310 430 584 640 
0 184 310 430 584 640 
0 184 309 429 583 640 
0 183 309 428 583 640 
0 182 309 427 582 640 
0 181 308 426 582 640 
0 180 308 426 581 640 
0 180 307 425 581 640 
0 179 307 424 580 640 
0 178 307 424 580 640 
0 177 306 423 579 640 
0 176 306 422 578 640 
0 175 306 421 578 640 
0 174 305 421 577 640 
0 174 305 420 577 640 
0 173 305 420 576 640 
0 172 304 419 576 640 
0 171 304 418 575 640 
0 171 303 417 574 640 
0 170 303 416 574 640 
0 169 303 416 573 640 
0 169 303 415 572 640 
0 168 302 414 549 556 571 640 
0 167 302 414 549 640 
0 167 302 413 551 640 
0 166 301 413 550 640 
0 166 301 411 550 640 
0 165 301 411 550 640 
0 164 300 410 550 640 
0 164 300 410 551 640 
0 163 300 409 551 640 
0 163 300 408 551 640 
0 162 299 407 551 640 
0 162 299 406 551 640 
0 161 299 406 551 640 
0 160 298 405 551 640 
0 160 298 404 551 640 
0 159 298 404 552 640 
0 159 298 403 552 640 
0 158 297 402 552 640 
0 158 297 401 552 640 
0 158 297 401 552 640 
0 159 297 400 552 640 
0 160 296 399 552 640 
0 161 296 399 552 640 
0 162 296 398 552 640 
0 164 296 397 552 640 
0 165 295 397 552 640 
0 167 295 396 552 640 
0 168 295 395 552 640 
0 170 295 395 426 435 552 640 
0 172 294 394 424 436 552 640 
0 174 294 394 422 437 552 640 
0 175 294 393 421 438 552 640 
0 177 294 393 419 439 552 640 
0 177 294 392 418 439 552 640 
0 177 293 392 416 439 552 640 
0 176 293 391 415 440 552 640 
0 176 293 391 414 440 552 640 
0 175 293 390 413 440 552 640 
0 174 292 390 412 440 552 640 
0 174 292 389 411 441 552 640 
0 173 292 389 410 441 552 640 
0 173 292 389 409 441 552 640 
0 172 291 388 408 441 552 640 
0 171 291 388 407 442 552 640 
0 171 291 387 407 442 552 640 
0 170 290 387 406 442 552 640 
0 170 290 387 406 442 552 640 
0 169 290 386 406 442 551 640 
0 169 289 386 406 442 551 640 
0 168 289 386 405 442 551 640 
0 167 289 385 405 442 551 640 
0 167 288 385 404 442 551 640 
0 166 288 385 404 442 551 640 
0 165 288 384 404 442 551 640 
0 165 288 384 403 442 551 640 
0 164 287 384 403 442 551 640 
0 163 287 383 403 442 551 640 
0 163 287 383 402 442 550 640 
0 162 286 383 402 442 550 640 
0 161 286 383 402 442 550 640 
0 161 286 383 401 442 550 640 
0 160 285 383 401 442 550 640 
0 159 285 383 400 442 550 640 
0 158 285 383 400 441 550 640 
0 157 294 383 399 441 550 640 
0 156 310 315 319 384 398 441 550 640 
0 137 335 384 396 441 550 640 
0 118 349 386 394 440 549 640 
0 98 358 387 392 440 549 640 
0 86 368 440 549 640 
0 74 376 440 549 640 
0 63 387 439 548 640 
0 49 396 439 548 640 
0 37 408 439 547 640 
0 28 414 439 547 640 
0 19 420 438 547 640 
0 11 427 438 546 640 
0 3 434 438 546 640 
546 640 
545 640 
545 640 
545 640 
544 640 
544 640 
543 640 
542 640 
542 640 
541 640 
541 640 
540 640 
539 640 
539 640 
538 640 
537 640 
537 640 
536 640 
536 640 
538 640 
542 640 
546 640 
550 640 
554 640 
557 640 
562 640 
566 640 
570 640 
573 640 
577 640 
581 640 
584 640 
587 640 
591 640 
594 640 
598 640 
601 640 
604 640 
607 640 
610 640 
614 640 
618 640 
620 640 
623 640 
627 640 
630 640 
633 640 
636 640 
638 640 
154 156 
105 122 150 156 261 287 288 295 
91 93 96 123 150 156 260 300 301 303 304 312 313 314 
71 124 149 157 260 319 320 329 
66 124 148 157 260 335 
52 124 147 157 260 346 
32 123 146 156 260 356 
24 123 146 156 259 366 
16 123 145 156 259 375 
0 1 7 123 145 156 259 385 
0 123 144 156 259 395 
0 123 143 156 258 405 
0 122 143 155 258 411 
0 122 142 155 258 414 
0 122 142 155 257 414 
0 122 141 155 257 414 
0 122 141 155 235 236 257 413 
0 122 141 155 208 209 234 236 257 413 
0 121 141 155 180 182 207 210 234 236 257 413 
0 121 141 154 180 182 207 210 233 236 256 412 
0 121 141 154 179 182 207 210 233 236 256 412 
0 121 141 154 179 182 206 210 233 237 256 411 
0 121 141 154 178 182 206 210 232 237 256 410 
0 121 141 153 178 182 206 210 232 237 256 410 475 477 
0 121 140 153 178 182 205 210 232 237 256 409 473 485 
0 121 140 153 177 182 205 210 232 237 256 409 471 490 
0 121 140 153 177 182 205 210 232 237 256 408 465 498 
0 121 140 153 176 182 205 210 231 237 256 408 456 501 
0 121 140 152 176 182 204 210 231 237 256 407 455 509 
0 121 139 152 176 182 204 210 231 237 256 407 454 513 
0 121 138 152 175 182 204 210 231 237 256 406 454 517 
0 121 138 152 175 182 204 210 230 237 256 406 453 524 
0 122 137 151 175 182 203 210 230 237 256 405 452 528 
0 122 136 151 174 182 203 210 230 237 256 405 452 531 
0 123 136 151 174 182 203 210 230 237 256 404 451 537 
0 123 135 151 174 182 203 210 230 237 255 404 449 541 
0 124 134 151 173 182 203 210 229 237 255 404 448 545 
0 125 132 150 173 182 203 210 229 237 255 404 447 551 
0 127 128 150 172 182 202 210 229 237 254 404 445 555 
0 150 172 182 202 210 228 237 254 404 443 560 
0 150 172 182 202 210 228 238 253 405 442 565 
0 150 171 182 202 210 228 238 252 406 418 420 440 568 
0 150 171 182 202 209 228 239 251 407 416 421 437 572 
0 149 171 182 202 209 227 240 250 409 411 413 414 422 433 575 
0 149 170 182 202 209 227 242 249 429 430 578 
0 149 170 182 202 209 227 583 
0 149 170 182 201 209 227 587 
0 148 169 182 201 209 227 590 
0 148 169 182 201 209 226 593 
0 148 169 182 201 209 226 596 
0 147 168 182 201 208 226 600 
0 147 168 182 201 208 226 603 
0 147 168 182 201 208 226 607 
0 146 167 182 201 208 226 611 
0 146 167 182 201 207 226 614 
0 146 167 181 200 207 226 617 
0 145 167 181 200 206 226 620 
0 145 166 181 200 206 226 624 
0 145 166 180 200 206 226 627 
0 145 166 180 200 205 226 630 
0 144 166 180 200 205 225 632 
0 144 166 179 200 205 225 635 
0 144 166 179 200 206 225 638 
0 143 166 178 199 206 225 640 
0 143 165 178 199 206 224 640 
0 143 165 178 199 208 224 640 
0 142 165 177 199 209 223 640 
0 142 165 177 199 210 222 640 
0 142 165 177 199 213 221 640 
0 141 165 176 198 213 215 217 220 640 
0 141 165 176 198 640 
0 141 164 176 198 640 
0 141 164 176 198 640 
0 141 164 178 198 640 
0 141 164 178 197 640 
0 141 163 179 197 640 
0 141 163 181 196 640 
0 142 162 182 195 640 
0 143 161 184 194 640 
0 143 161 186 191 640 
0 144 160 640 
0 145 158 640 
0 147 157 640 
0 149 156 640 
0 150 151 153 155 640 
0 640 
0 640 
0 640 
0 640 
0 640 
0 640 
