































































































































































































































































































322 324 
320 329 350 355 
318 330 347 357 
318 331 346 359 
317 332 345 360 
316 332 345 360 
316 333 344 360 
316 335 342 360 
316 335 337 339 340 360 
314 335 337 360 
312 361 
310 362 
309 363 
308 365 
308 366 
307 367 
307 368 
306 369 
306 369 
305 370 
305 370 
304 370 
303 371 
302 371 
301 371 
300 370 
298 370 
295 370 
294 370 
292 370 
290 370 
289 370 
288 369 
286 369 
285 369 
285 369 
284 369 
283 369 
282 369 
281 370 
281 370 
280 370 
280 371 
280 371 
279 372 
279 372 
278 373 
278 373 
278 373 
278 373 
278 373 
278 373 
277 373 
277 373 
277 373 
277 373 
277 373 
277 373 
277 372 
277 372 
278 372 
278 372 
278 371 
278 371 
278 370 
279 370 
279 369 
280 369 
280 368 
281 367 
282 366 
282 366 
283 365 
283 364 
284 363 
285 361 
286 359 360 361 
286 358 
287 357 
289 356 
290 355 
291 354 
292 353 
294 351 
295 350 
297 349 
298 347 
300 345 
301 343 
302 341 
304 339 
306 337 
308 334 
310 332 
314 328 
317 325 
































































































