435 640 
435 640 
433 640 
432 640 
431 640 
429 640 
428 640 
427 640 
426 640 
425 640 
424 640 
423 640 
422 640 
421 640 
420 640 
419 640 
418 640 
417 640 
416 640 
415 640 
415 640 
414 640 
413 640 
413 640 
412 640 
411 640 
410 640 
410 640 
409 640 
408 640 
408 640 
407 640 
406 640 
404 640 
402 640 
402 640 
402 640 
402 640 
403 640 
403 640 
403 640 
403 640 
402 640 
402 640 
402 640 
401 640 
401 640 
401 640 
400 640 
400 640 
400 640 
400 640 
399 640 
399 640 
399 640 
399 640 
398 640 
398 640 
398 640 
398 640 
398 640 
398 640 
397 640 
397 640 
397 640 
397 640 
397 640 
397 640 
397 640 
396 640 
396 640 
396 640 
396 640 
396 640 
396 640 
396 640 
396 640 
396 640 
396 640 
396 640 
396 640 
395 640 
394 640 
394 640 
393 640 
392 640 
391 640 
390 640 
390 640 
389 640 
388 640 
388 640 
387 640 
386 640 
384 640 
382 640 
379 640 
377 640 
374 640 
372 640 
370 640 
368 640 
365 640 
363 640 
360 640 
358 640 
356 640 
355 640 
353 640 
352 640 
351 640 
331 339 350 640 
329 342 348 640 
328 345 346 640 
328 640 
327 640 
327 640 
327 640 
326 640 
326 640 
325 640 
325 640 
325 640 
325 640 
325 640 
324 640 
324 640 
324 640 
324 640 
323 640 
323 640 
323 640 
323 640 
323 640 
323 640 
323 640 
323 640 
323 640 
323 640 
323 640 
323 640 
323 640 
323 640 
323 640 
323 640 
323 640 
323 640 
323 640 
323 640 
323 640 
324 640 
324 640 
324 640 
325 640 
325 640 
326 640 
327 344 345 640 
328 341 350 640 
330 337 350 640 
351 640 
352 640 
352 640 
353 640 
353 640 
353 640 
353 640 
353 640 
353 640 
353 640 
353 640 
352 640 
352 640 
353 363 367 640 
354 359 368 640 
369 640 
370 640 
279 283 371 640 
278 284 372 640 
277 297 373 640 
276 302 374 640 
275 302 375 640 
274 303 375 640 
273 303 376 640 
273 303 376 640 
272 303 377 640 
272 303 378 640 
272 303 378 640 
271 302 378 640 
271 302 379 640 
271 302 379 640 
270 301 380 640 
270 301 380 640 
270 301 381 640 
270 301 381 640 
269 300 382 640 
269 300 383 640 
269 300 384 640 
269 300 386 391 399 640 
268 299 399 640 
268 299 399 640 
268 298 400 640 
268 298 400 640 
267 298 401 640 
267 298 401 640 
267 298 402 640 
267 297 402 640 
267 297 403 640 
266 296 403 640 
266 296 403 640 
266 296 404 640 
266 295 404 640 
265 295 404 640 
265 295 404 640 
265 295 404 640 
265 295 404 640 
264 295 404 640 
264 294 404 640 
264 294 404 640 
263 294 405 640 
263 294 405 640 
263 293 405 640 
263 293 405 640 
262 293 405 640 
262 293 405 640 
262 292 405 640 
262 292 405 640 
261 292 405 640 
261 292 405 640 
261 292 405 640 
261 292 405 640 
260 291 405 640 
260 291 405 640 
260 291 405 640 
259 291 405 640 
259 290 405 640 
259 290 405 640 
237 248 258 290 406 640 
229 250 258 290 406 640 
225 252 257 290 406 640 
224 254 257 290 406 640 
223 289 406 640 
222 289 406 640 
222 289 406 640 
221 289 406 640 
221 289 406 640 
221 289 406 640 
221 289 406 640 
220 289 406 640 
220 288 406 640 
216 288 406 640 
212 288 406 640 
209 288 406 640 
208 288 406 640 
206 288 406 640 
205 289 406 640 
204 290 407 640 
204 290 407 640 
203 290 407 640 
203 290 407 640 
202 291 407 640 
202 291 407 640 
202 291 407 640 
201 291 407 640 
200 291 407 640 
199 291 407 640 
198 291 407 640 
197 291 407 640 
197 292 407 640 
196 292 407 640 
196 292 407 640 
195 292 407 454 455 640 
195 292 407 454 456 640 
194 292 407 454 457 640 
194 292 407 455 458 640 
193 292 407 455 460 640 
193 292 407 455 461 640 
193 292 407 455 462 640 
192 292 407 455 463 640 
192 292 407 455 464 640 
192 292 407 455 465 640 
191 292 407 455 467 640 
191 292 407 455 468 640 
191 292 407 455 469 640 
191 292 406 455 471 640 
191 291 406 455 473 640 
191 291 406 455 474 640 
191 291 406 455 475 640 
192 291 406 455 476 640 
193 291 406 455 476 640 
194 291 406 455 476 640 
195 291 406 456 476 640 
196 291 406 456 476 640 
201 291 406 456 476 640 
203 291 406 456 476 640 
204 291 406 456 476 640 
204 290 406 456 476 640 
204 290 406 456 476 640 
205 290 406 456 476 640 
205 290 406 456 475 640 
205 290 406 456 475 640 
205 289 406 457 475 640 
205 289 405 457 475 640 
205 289 405 457 475 640 
205 289 405 457 475 640 
206 288 405 457 475 640 
206 288 405 457 475 640 
206 288 405 457 474 640 
206 287 405 457 472 640 
206 287 405 457 471 640 
207 286 405 457 471 640 
207 286 405 457 470 640 
207 286 405 457 470 640 
207 285 405 457 470 640 
207 285 405 457 470 640 
208 284 405 457 469 640 
208 284 404 457 469 640 
208 283 404 457 469 640 
208 283 404 458 469 640 
209 282 404 458 468 640 
209 282 404 458 468 640 
209 282 404 458 468 640 
210 281 404 458 468 640 
210 282 403 458 467 640 
210 283 403 458 467 640 
210 284 403 458 467 640 
211 284 403 458 467 640 
211 285 403 458 467 640 
211 286 403 458 466 640 
212 287 403 458 466 640 
212 288 403 458 466 640 
212 288 402 458 466 640 
212 289 402 458 466 640 
213 290 402 458 466 640 
213 290 402 458 465 640 
213 291 402 459 465 640 
213 292 402 459 465 640 
214 293 401 459 464 640 
214 293 401 459 464 640 
214 294 401 640 
215 295 401 640 
215 296 401 640 
215 296 401 640 
216 297 401 640 
216 298 401 640 
217 299 400 640 
217 299 400 640 
217 300 400 640 
218 301 400 640 
218 301 400 640 
218 302 399 640 
219 303 399 640 
219 304 399 640 
220 304 399 640 
220 305 399 640 
221 306 398 640 
221 307 398 640 
222 307 398 640 
222 308 398 640 
223 309 398 640 
224 309 397 640 
225 310 397 640 
225 311 397 640 
226 311 397 640 
227 312 397 640 
228 313 396 640 
228 314 396 640 
229 314 396 640 
230 315 396 640 
231 316 395 640 
232 317 395 640 
233 318 395 640 
234 318 394 640 
234 319 393 640 
235 319 392 640 
236 320 391 640 
237 321 389 640 
238 322 388 640 
238 322 386 640 
239 323 385 640 
240 324 384 640 
241 325 382 640 
242 325 380 640 
242 326 379 640 
243 327 377 640 
244 327 376 640 
244 328 374 640 
245 329 373 640 
246 330 372 640 
247 330 370 640 
248 331 369 640 
248 332 345 640 
249 332 339 640 
250 640 
251 640 
252 640 
253 640 
253 640 
254 640 
255 640 
256 640 
256 640 
257 640 
258 640 
258 640 
259 640 
260 640 
260 640 
261 640 
262 640 
262 640 
263 640 
264 640 
265 640 
266 640 
266 640 
267 640 
267 640 
268 640 
269 640 
270 640 
271 640 
271 640 
272 640 
273 640 
273 640 
274 640 
275 640 
275 640 
276 640 
277 640 
277 640 
278 640 
279 640 
279 640 
280 640 
281 640 
281 640 
282 640 
283 640 
284 640 
284 640 
285 640 
286 640 
286 640 
287 640 
288 640 
288 640 
289 640 
290 640 
290 640 
291 640 
292 640 
292 640 
293 640 
293 640 
292 640 
292 640 
291 640 
291 640 
291 640 
290 640 
290 640 
290 640 
289 640 
289 640 
288 640 
288 640 
288 640 
287 640 
287 640 
286 640 
286 640 
286 640 
285 640 
285 640 
285 640 
284 640 
284 640 
283 640 
283 640 
