0 640 
0 640 
0 640 
0 640 
0 640 
0 640 
0 640 
0 640 
0 640 
0 640 
0 640 
0 640 
0 640 
0 640 
0 640 
0 640 
0 640 
0 640 
0 640 
0 640 
0 640 
0 640 
0 640 
0 640 
0 640 
0 640 
0 640 
0 323 327 640 
0 321 328 640 
0 320 329 640 
0 319 330 640 
0 318 331 640 
0 306 309 316 331 640 
0 305 310 315 332 640 
0 304 311 314 333 640 
0 303 311 313 334 640 
0 303 334 640 
0 302 335 640 
0 301 336 640 
0 300 337 640 
0 300 338 640 
0 299 338 640 
0 299 339 640 
0 298 339 640 
0 298 340 640 
0 297 341 640 
0 296 341 640 
0 296 342 640 
0 295 342 640 
0 295 343 640 
0 294 343 640 
0 294 344 640 
0 294 345 640 
0 293 345 640 
0 293 346 640 
0 292 346 640 
0 292 347 640 
0 262 276 291 347 640 
0 259 279 290 347 640 
0 258 281 288 348 640 
0 258 283 284 348 640 
0 258 349 640 
0 258 349 640 
0 258 350 640 
0 258 350 640 
0 259 350 640 
0 259 351 640 
0 259 351 640 
0 259 351 640 
0 259 351 640 
0 260 351 640 
0 260 351 640 
0 260 351 640 
0 260 351 640 
0 261 351 640 
0 261 351 640 
0 261 350 640 
0 261 350 640 
0 262 349 640 
0 262 348 640 
0 262 347 640 
0 261 346 640 
0 260 347 640 
0 259 349 640 
0 258 350 640 
0 256 351 640 
0 255 352 640 
0 254 353 640 
0 253 354 640 
0 253 355 640 
0 252 355 640 
0 251 356 640 
0 251 356 640 
0 250 357 640 
0 250 358 640 
0 250 358 640 
0 249 359 640 
0 249 360 640 
0 248 360 640 
0 248 361 640 
0 248 361 640 
0 247 362 640 
0 247 362 640 
0 247 362 640 
0 246 363 640 
0 246 363 640 
0 245 364 640 
0 245 364 640 
0 245 365 640 
0 244 365 640 
0 244 365 640 
0 244 366 640 
0 244 366 640 
0 243 367 640 
0 243 367 640 
0 243 367 640 
0 243 368 640 
0 243 368 640 
0 242 368 640 
0 242 369 640 
0 242 369 640 
0 242 369 640 
0 241 369 640 
0 241 370 640 
0 240 370 640 
0 240 370 640 
0 240 241 243 370 640 
0 239 241 244 371 640 
0 244 371 640 
0 244 371 640 
0 244 371 640 
0 244 372 640 
0 244 372 640 
0 245 372 640 
0 245 373 640 
0 245 373 640 
0 246 373 640 
0 247 373 640 
0 248 373 640 
0 249 373 640 
0 250 374 640 
0 251 374 640 
0 257 264 265 374 640 
0 259 263 265 374 640 
0 260 263 266 375 640 
0 261 264 267 375 640 
0 263 264 267 375 640 
0 264 265 268 375 640 
0 268 375 640 
0 269 375 640 
0 269 375 640 
0 269 376 640 
0 268 376 640 
0 267 376 640 
0 266 376 640 
0 265 376 640 
0 265 376 640 
0 265 376 640 
0 266 377 640 
0 267 377 640 
0 270 377 640 
0 271 377 640 
0 272 377 640 
0 272 377 640 
0 272 377 640 
0 273 377 640 
0 273 378 640 
0 275 378 640 
0 276 378 640 
0 277 378 640 
0 278 378 640 
0 279 378 640 
0 279 378 640 
0 280 378 640 
0 281 378 640 
0 281 378 640 
0 282 293 295 379 640 
0 284 292 295 379 640 
0 295 379 640 
0 295 379 640 
0 295 379 640 
0 295 380 640 
0 295 380 640 
0 295 380 640 
0 295 380 640 
0 295 380 640 
0 295 380 640 
0 293 380 640 
0 292 380 640 
0 290 381 640 
0 289 381 640 
0 287 381 640 
0 286 381 640 
0 285 381 640 
0 284 381 640 
0 283 381 640 
0 282 381 640 
0 281 382 640 
0 280 382 640 
0 279 382 640 
0 278 382 640 
0 278 382 640 
0 277 382 640 
0 276 382 640 
0 275 382 640 
0 275 383 640 
0 275 383 640 
0 274 383 640 
0 274 383 640 
0 274 383 640 
0 274 384 640 
0 275 384 640 
0 275 384 640 
0 275 385 640 
0 274 385 640 
0 273 385 640 
0 273 386 640 
0 272 386 640 
0 271 386 640 
0 270 387 640 
0 269 387 640 
0 268 387 640 
0 267 388 640 
0 265 388 640 
0 264 389 640 
0 263 389 640 
0 262 389 640 
0 260 390 640 
0 259 390 640 
0 258 391 640 
0 257 391 640 
0 256 391 640 
0 119 122 254 392 640 
0 118 122 253 392 640 
0 117 122 252 392 640 
0 116 122 129 130 252 393 640 
0 116 122 128 131 251 393 640 
0 107 110 115 121 127 131 250 393 640 
0 106 111 115 121 126 131 250 394 640 
0 106 111 114 120 125 131 249 394 640 
0 106 111 114 120 124 130 249 395 640 
0 106 112 114 120 124 130 249 395 640 
0 106 112 114 120 123 129 249 395 640 
0 106 112 114 120 123 129 249 396 640 
0 106 112 114 121 123 129 141 142 249 396 640 
0 106 112 114 121 123 130 139 143 249 396 640 
0 106 112 114 121 123 130 138 142 250 397 640 
0 106 113 115 122 123 130 137 142 250 397 640 
0 107 113 115 130 135 141 250 397 640 
0 107 130 135 141 249 397 640 
0 108 130 134 140 248 398 640 
0 108 130 134 139 248 398 640 
0 109 139 247 398 640 
0 109 139 247 399 640 
0 109 144 246 399 640 
0 110 147 245 400 640 
0 110 150 245 400 640 
0 111 151 244 401 640 
0 112 153 244 401 640 
0 112 154 243 402 640 
0 113 156 166 169 242 402 640 
0 114 157 165 170 242 403 640 
0 115 159 164 172 175 184 241 403 640 
0 116 160 163 186 241 404 640 
0 118 187 240 404 640 
0 119 189 240 405 640 
0 120 191 239 405 640 
0 121 193 238 405 640 
0 122 195 238 406 640 
0 124 196 237 406 640 
0 126 199 237 406 640 
0 128 200 236 407 640 
0 131 202 235 407 640 
0 134 205 235 407 640 
0 137 207 234 408 640 
0 140 210 234 408 640 
0 143 212 233 408 640 
0 148 215 233 408 640 
0 151 218 232 409 640 
0 154 221 232 409 640 
0 156 224 231 410 640 
0 156 226 231 410 640 
0 155 410 640 
0 155 410 640 
0 155 410 640 
0 155 410 640 
0 155 402 405 410 640 
0 154 402 405 411 640 
0 154 402 406 411 640 
0 155 264 266 402 406 411 640 
0 157 263 266 402 407 411 640 
0 161 262 267 402 408 411 640 
0 162 262 267 402 408 411 640 
0 162 261 268 401 409 411 640 
0 162 260 268 401 410 411 640 
0 163 259 269 401 640 
0 163 258 270 401 640 
0 164 258 270 401 640 
0 165 257 271 402 640 
0 166 256 271 402 640 
0 170 255 272 401 640 
0 177 254 272 400 640 
0 184 254 273 400 640 
0 189 253 273 400 640 
0 192 252 273 401 640 
0 195 251 273 401 640 
0 198 250 273 401 640 
0 202 249 273 402 640 
0 205 248 273 402 640 
0 207 247 273 403 640 
0 210 246 273 403 640 
0 212 244 273 404 640 
0 215 243 273 404 640 
0 218 241 273 278 279 404 640 
0 220 240 273 277 279 405 640 
0 222 238 273 277 280 405 640 
0 225 235 273 277 280 406 640 
0 273 278 280 406 640 
0 273 278 280 406 640 
0 273 278 280 406 640 
0 273 278 281 407 640 
0 273 278 281 407 640 
0 273 278 281 407 640 
0 273 278 281 407 640 
0 273 278 281 407 640 
0 273 278 281 407 640 
0 273 278 281 407 640 
0 273 278 281 407 640 
0 273 278 281 407 640 
0 273 278 281 406 640 
0 273 278 281 406 640 
0 273 278 281 406 640 
0 273 279 282 405 640 
0 273 279 282 405 640 
0 273 279 282 405 640 
0 273 279 282 404 640 
0 273 279 282 404 640 
0 273 280 282 404 640 
0 273 280 282 403 640 
0 273 280 282 403 640 
0 274 280 282 403 640 
0 274 281 282 402 640 
0 274 402 640 
0 274 402 640 
0 274 402 640 
0 275 401 640 
0 275 401 640 
0 275 401 640 
0 275 401 640 
0 275 400 640 
0 274 400 640 
0 274 400 640 
0 274 400 640 
0 274 399 640 
0 274 399 640 
0 275 399 640 
0 275 398 640 
0 275 398 640 
0 275 398 640 
0 276 398 640 
0 276 398 640 
0 276 397 640 
0 277 397 640 
0 277 397 640 
0 277 397 640 
0 278 397 640 
0 278 396 640 
0 278 396 640 
0 278 396 640 
0 278 396 640 
0 278 396 640 
0 278 396 640 
0 277 395 640 
0 277 395 640 
0 277 395 640 
0 277 395 640 
0 276 395 640 
0 276 395 640 
0 276 395 640 
0 275 395 640 
0 275 395 640 
0 275 395 640 
0 275 395 640 
0 275 395 640 
0 275 395 640 
0 275 395 640 
0 275 394 640 
0 275 394 640 
0 275 394 640 
0 275 394 640 
0 275 394 640 
0 275 394 640 
0 275 393 640 
0 275 393 640 
0 275 393 640 
0 276 392 640 
0 276 392 640 
0 276 391 640 
0 276 389 640 
0 276 387 640 
0 277 386 640 
0 277 386 640 
0 277 386 640 
0 277 386 640 
0 277 385 640 
0 277 385 640 
0 277 384 640 
0 277 384 640 
0 277 384 640 
0 277 384 640 
0 277 384 640 
0 277 384 640 
0 277 384 640 
0 277 384 640 
0 277 384 640 
0 277 383 640 
0 277 383 640 
0 276 383 640 
0 276 383 640 
0 276 383 640 
0 276 383 640 
0 275 383 640 
0 275 383 640 
0 275 383 640 
0 275 383 640 
0 275 383 640 
0 275 383 640 
0 274 383 640 
0 274 383 640 
0 274 382 640 
0 274 382 640 
0 274 382 640 
0 273 382 640 
0 273 382 640 
0 273 381 640 
0 273 381 640 
0 273 381 640 
0 273 381 640 
0 273 381 640 
0 272 380 640 
0 272 380 640 
0 272 379 640 
0 272 379 640 
0 272 378 640 
0 272 378 640 
0 272 378 640 
0 272 378 640 
0 271 378 640 
0 271 378 640 
0 271 378 640 
0 271 378 640 
0 271 378 640 
0 271 378 640 
0 270 378 640 
0 270 378 640 
0 270 378 640 
0 270 378 640 
0 270 378 640 
0 270 378 640 
0 270 378 640 
0 270 378 640 
0 270 378 640 
0 270 378 640 
0 270 378 640 
0 270 378 640 
0 270 379 640 
0 270 379 640 
0 270 379 640 
0 270 379 640 
0 270 379 640 
0 270 379 640 
0 270 380 640 
0 269 380 640 
0 269 380 640 
0 269 380 640 
0 269 380 640 
0 269 380 640 
0 269 380 640 
0 269 380 640 
0 269 380 640 
