0 233 
0 233 
0 233 
0 234 
0 232 
0 231 
0 231 
0 232 
0 233 
0 234 
0 234 
0 235 
0 236 
0 237 
0 238 
0 239 
0 239 
0 240 
0 241 
0 242 
0 243 
0 245 
0 246 
0 247 
0 248 
0 250 
0 251 
0 252 
0 254 
0 255 
0 256 
0 258 
0 259 
0 260 
0 261 
0 263 
0 264 
0 267 
0 269 
0 270 
0 271 
0 272 
0 274 
0 275 
0 276 278 281 
0 283 
0 284 
0 286 
0 288 
0 289 
0 291 
0 292 
0 294 
0 296 
0 297 
0 299 
0 300 
0 302 
0 303 
0 305 
0 305 
0 305 
0 306 
0 307 
0 308 
0 309 
0 311 
0 313 
0 314 
0 316 
0 317 
0 319 
0 321 
0 323 
0 324 
0 326 
0 328 
0 333 
0 335 
0 336 
0 338 
0 339 
0 340 
0 340 
0 341 
0 341 
0 342 
0 343 
0 343 346 348 
0 344 346 348 
0 345 346 349 353 356 
0 350 353 357 
0 350 353 358 
0 351 353 358 
0 352 353 359 362 365 
0 359 362 366 
0 360 362 369 
0 361 362 370 
0 372 
0 374 
0 376 
0 377 
0 378 
0 379 
0 380 
0 379 
0 377 
0 376 
0 375 
0 373 
0 372 
0 371 
0 370 
0 370 
0 370 
0 370 
0 371 
0 372 
0 373 
0 374 
0 376 
0 378 
0 381 
0 382 
0 383 
0 384 
0 384 
0 384 
0 385 
0 385 
0 385 
0 385 
0 386 
0 386 
0 386 
0 387 
0 388 
0 389 
0 391 
0 393 
0 394 
0 395 
0 395 
0 395 
0 395 
0 396 
0 397 
0 399 
0 401 
0 401 
0 402 
0 403 
0 403 
0 404 
0 404 
0 405 
0 405 
0 406 
0 406 440 441 
0 407 437 441 
0 407 435 441 447 448 
0 408 433 441 447 449 
0 409 431 440 446 449 
0 410 428 440 445 450 
0 410 425 440 445 450 
0 411 422 440 444 451 
0 413 419 440 444 451 
0 440 443 452 
0 440 442 451 
0 440 442 451 
0 440 441 449 
0 447 
0 304 320 447 
0 302 325 447 
0 300 328 447 
0 298 330 447 
0 296 331 448 
0 295 333 449 
0 294 334 450 
0 293 336 450 
0 291 337 451 
0 280 282 290 338 452 
0 280 283 288 340 453 
0 280 283 287 341 453 
0 280 285 286 342 454 
0 281 343 455 
0 281 344 455 
0 281 345 456 
0 281 346 457 
0 280 346 457 
0 279 347 458 
0 278 348 458 
0 277 349 458 
0 276 349 459 
0 275 350 459 
0 274 351 459 
0 273 352 459 
0 273 352 458 
0 272 353 458 
0 270 353 457 
0 269 354 456 
0 268 354 455 
0 266 355 454 
0 265 355 454 
0 264 356 453 
0 263 356 453 
0 262 357 452 
0 261 357 451 
0 260 358 450 
0 259 358 450 
0 258 358 449 
0 257 359 448 
0 257 359 447 
0 256 359 446 
0 256 360 446 
0 255 360 445 
0 255 360 444 
0 255 361 443 
0 255 361 443 
0 255 361 443 
0 255 361 443 
0 255 362 443 
0 255 362 443 
0 255 362 443 
0 255 362 444 
0 255 362 444 
0 255 362 444 
0 255 362 444 
0 255 362 444 
0 255 362 444 
0 255 362 444 
0 255 362 444 
0 255 362 444 
0 255 362 444 
0 255 362 443 
0 255 362 443 
0 256 361 443 
0 256 361 443 
0 256 360 444 
0 256 360 444 
0 256 359 443 
0 257 359 443 
0 257 358 443 
0 257 357 443 
0 258 356 443 
0 258 355 442 
0 259 354 442 
0 260 353 441 
0 260 352 441 
0 261 351 440 
0 262 351 440 
0 263 352 439 
0 264 353 438 
0 264 355 438 
0 265 356 437 
0 266 357 436 
0 267 358 436 
0 267 359 435 
0 268 360 434 
0 269 361 433 
0 270 363 432 
0 271 364 432 
0 272 365 431 
0 273 366 430 
0 273 368 429 627 628 
0 274 369 428 627 630 
0 275 370 428 627 632 
0 276 371 427 627 634 
0 277 372 426 628 636 
0 278 374 425 628 640 
0 279 375 424 629 640 
0 280 376 424 630 640 
0 282 377 423 630 640 
0 284 378 422 630 640 
0 286 379 421 631 640 
0 288 380 421 631 640 
0 291 381 420 632 640 
0 294 382 419 633 640 
0 299 383 419 633 640 
0 302 384 418 633 640 
0 306 385 417 634 640 
0 310 386 416 634 640 
0 317 387 416 635 640 
0 323 387 415 636 640 
0 327 388 415 636 640 
0 329 389 414 637 640 
0 331 390 413 637 640 
0 333 391 413 637 640 
0 334 392 412 638 640 
0 335 393 412 638 640 
0 336 394 412 639 640 
0 337 395 412 
0 338 396 412 
0 339 397 412 
0 340 397 412 
0 341 398 412 
0 342 399 412 
0 342 400 412 
0 343 401 413 
0 344 402 413 
0 345 403 414 
0 346 404 414 
0 347 405 415 
0 347 405 415 
0 348 406 416 
0 349 407 417 
0 350 408 418 
0 350 409 419 
0 351 410 420 
0 352 411 421 
0 353 412 422 
0 353 413 424 
0 354 414 425 
0 355 415 422 424 427 
0 355 416 421 
0 356 417 421 
0 357 418 421 
0 357 418 421 
0 358 
0 359 
0 360 
0 360 
0 361 
0 362 
0 363 
0 363 
0 364 
0 365 
0 365 
0 366 
0 367 
0 368 
0 368 
0 369 
0 370 
0 370 
0 371 
0 372 
0 372 
0 373 
0 374 
0 374 
0 375 
0 376 
0 376 
0 377 
0 378 
0 378 
0 379 
0 380 
0 380 
0 381 
0 382 
0 382 
0 383 
0 383 
0 384 
0 385 
0 385 
0 386 
0 387 
0 387 
0 388 
0 388 
0 389 
0 390 
0 390 
0 391 
0 392 
0 392 
0 393 
0 393 
0 394 
0 394 
0 395 
0 395 
0 396 
0 397 
0 397 
0 398 
0 399 
0 399 
0 400 
0 400 
0 401 
0 402 
0 402 
0 403 
0 403 
0 404 
0 405 
0 405 
0 406 
0 406 491 492 
0 407 490 493 
0 408 488 493 
0 408 488 494 
0 408 487 495 
0 409 485 496 
0 409 485 496 
0 409 483 497 
0 408 483 498 
0 408 482 499 
0 407 481 499 
0 407 480 500 
0 407 479 501 
0 406 478 502 
0 405 477 502 
0 405 475 503 
0 405 474 504 
0 404 472 504 
0 403 471 505 
0 402 469 506 
0 402 468 506 
0 401 466 507 
0 400 464 508 
0 400 462 508 
0 399 460 509 
0 398 458 510 
0 398 455 510 
0 397 453 511 
0 396 451 511 
0 395 451 512 
0 395 450 513 
0 394 450 513 
0 394 449 514 
0 393 449 514 
0 392 449 515 
0 391 448 515 
0 391 448 516 
0 390 448 517 
0 390 447 517 
0 389 447 518 
0 389 446 518 
0 388 446 518 
0 388 446 519 
0 387 445 520 
0 387 445 520 
0 386 445 520 
0 385 444 521 
0 385 444 522 
0 384 443 522 
0 384 443 522 
0 383 442 523 
0 383 442 523 
0 382 441 524 
0 382 441 524 
0 381 440 525 
0 381 440 525 
0 380 440 526 
0 380 439 527 
0 380 438 528 
0 379 438 529 
0 379 437 530 
0 378 436 530 
0 378 436 531 
0 377 435 532 
0 377 435 532 
0 377 434 532 
0 376 433 531 
0 376 433 531 
0 375 432 531 
0 375 431 530 
0 375 431 530 
0 374 430 530 
0 374 430 529 
0 373 429 529 
0 373 428 529 
0 372 428 528 
0 372 427 528 
0 371 426 527 
0 371 426 527 
0 370 425 526 
0 370 424 526 
0 370 424 525 
0 369 423 525 
0 369 422 525 
0 368 421 524 
0 368 421 523 
0 368 421 523 
