164 425 614 640 
164 426 614 640 
163 428 615 640 
163 430 615 640 
163 431 615 640 
162 433 616 640 
162 435 616 640 
162 436 616 640 
162 438 616 640 
162 439 616 640 
162 441 616 640 
161 442 617 640 
161 443 617 640 
161 445 617 640 
160 447 618 640 
160 448 618 640 
160 450 618 640 
160 452 618 640 
160 453 618 640 
160 455 618 640 
160 456 618 640 
160 457 619 640 
159 459 619 640 
159 460 619 640 
159 461 619 640 
159 463 619 640 
159 464 619 640 
159 465 619 640 
159 467 620 640 
159 468 620 640 
159 469 620 640 
159 470 620 640 
158 472 620 640 
158 473 620 640 
158 474 621 640 
158 475 621 640 
158 476 621 640 
158 478 621 640 
158 479 621 640 
158 480 621 640 
158 481 621 640 
158 482 621 640 
158 483 621 640 
158 484 622 640 
158 485 622 640 
157 487 622 640 
157 488 622 640 
157 489 622 640 
157 490 622 640 
157 490 622 640 
157 492 622 640 
157 493 622 640 
157 494 622 640 
157 494 622 640 
157 495 623 640 
158 496 623 640 
158 497 623 640 
158 498 623 640 
159 499 623 640 
159 500 623 640 
159 501 623 640 
159 502 623 640 
158 503 623 640 
158 504 623 640 
158 505 623 640 
158 506 623 640 
158 506 623 640 
158 507 623 640 
158 508 623 640 
158 508 623 640 
158 510 623 640 
158 511 623 640 
158 511 623 640 
158 512 623 640 
158 513 624 640 
158 514 624 640 
158 515 624 640 
158 515 624 640 
158 516 624 640 
158 517 624 640 
158 518 624 640 
158 518 624 640 
158 519 624 640 
158 520 624 640 
158 520 624 640 
159 521 624 640 
159 522 624 640 
159 522 624 640 
159 523 624 640 
159 523 624 640 
159 524 624 640 
159 525 624 640 
159 525 624 640 
159 526 624 640 
160 526 624 640 
160 527 624 640 
160 527 624 640 
160 528 624 640 
161 529 624 640 
161 529 623 640 
161 530 623 640 
161 530 623 640 
161 530 623 640 
161 531 623 640 
161 531 623 640 
162 532 623 640 
163 533 623 640 
163 533 623 640 
163 533 623 640 
163 534 623 640 
163 534 623 640 
164 534 623 640 
164 535 623 640 
164 535 623 640 
165 536 623 640 
165 536 623 640 
166 536 622 640 
166 218 224 537 622 640 
166 211 232 537 622 640 
166 208 237 537 622 640 
167 204 243 538 622 640 
167 201 246 538 622 640 
167 196 249 538 622 640 
167 192 253 538 622 640 
168 188 256 539 622 640 
168 187 258 539 622 640 
168 184 260 540 622 640 
168 182 261 540 622 640 
168 179 264 540 621 640 
167 177 266 540 621 640 
167 174 268 540 621 640 
166 173 270 541 621 640 
166 172 271 541 621 640 
165 171 274 541 621 640 
164 170 275 541 621 640 
164 170 277 541 621 640 
164 170 278 542 620 640 
164 170 280 542 620 640 
164 170 281 542 620 640 
164 170 283 542 620 640 
164 170 284 543 620 640 
164 170 286 543 620 640 
163 170 287 543 620 640 
161 170 288 543 620 640 
160 170 290 544 619 640 
157 169 291 544 619 640 
155 168 292 544 619 640 
154 167 293 544 619 640 
152 166 294 544 619 640 
150 165 295 544 619 640 
148 164 296 544 619 640 
146 162 297 545 618 640 
145 161 298 545 618 640 
144 160 299 545 618 640 
143 159 300 545 618 640 
142 157 301 545 618 640 
140 156 302 545 618 640 
139 155 302 545 618 640 
138 153 303 546 617 640 
138 153 304 546 617 640 
137 152 305 546 617 640 
136 151 305 546 617 640 
135 150 306 546 617 640 
134 150 307 546 616 640 
134 149 308 546 616 640 
133 148 309 546 616 640 
132 147 309 546 616 640 
131 146 310 546 616 640 
130 146 310 546 615 640 
127 145 311 546 615 640 
125 145 311 547 615 640 
124 144 312 547 615 640 
122 144 313 547 615 640 
121 143 313 547 615 640 
121 142 314 547 614 640 
120 142 315 547 614 640 
120 141 315 547 613 640 
120 140 316 547 613 640 
119 139 317 547 613 640 
118 136 317 547 613 640 
116 129 318 547 613 640 
115 128 318 547 612 640 
113 127 318 547 612 640 
112 125 319 547 612 640 
111 124 319 547 612 640 
110 123 320 547 611 640 
108 122 320 547 611 640 
107 121 321 547 611 640 
106 120 321 547 611 640 
105 119 321 547 610 640 
103 118 322 547 610 640 
102 117 322 547 610 640 
101 117 322 547 610 640 
99 116 323 547 609 640 
98 115 323 547 609 640 
97 115 323 547 609 640 
96 114 324 547 608 640 
95 113 324 547 608 640 
94 113 324 547 607 640 
93 112 325 547 607 640 
92 111 325 547 607 640 
90 110 325 547 607 640 
90 110 325 547 607 640 
88 109 326 547 606 640 
87 109 326 547 606 640 
86 108 326 547 605 640 
85 107 326 547 605 640 
85 106 327 394 409 547 604 640 
84 106 327 389 413 547 604 640 
83 106 327 387 417 547 604 640 
82 105 327 383 420 547 603 640 
81 104 327 381 422 547 602 640 
80 104 328 378 424 547 602 640 
79 103 328 377 425 547 602 640 
78 103 328 375 427 547 601 640 
77 102 328 373 428 547 601 640 
76 102 328 372 429 546 601 640 
75 101 328 371 430 546 600 640 
74 101 328 370 430 546 600 640 
74 101 328 369 430 546 599 640 
73 100 328 369 430 546 599 640 
71 100 328 368 430 546 598 640 
71 99 328 367 430 546 598 640 
70 99 328 366 430 546 597 640 
69 98 328 366 430 546 597 640 
68 98 328 366 430 546 596 640 
67 98 328 366 430 546 596 640 
66 97 328 366 430 546 596 640 
66 97 209 210 328 366 431 545 596 640 
65 96 202 213 328 366 431 545 595 640 
64 96 197 215 329 366 431 545 594 640 
63 96 194 216 329 367 431 545 594 640 
62 95 192 218 329 367 431 545 593 640 
62 95 192 219 328 368 431 545 593 640 
61 95 191 221 328 368 430 545 592 640 
60 95 191 222 328 368 430 545 592 640 
59 95 190 223 328 369 430 545 591 640 
59 95 190 224 328 369 430 545 591 640 
58 94 190 225 328 370 430 545 590 640 
57 94 189 227 328 370 430 545 590 640 
57 94 189 228 327 370 430 544 589 640 
56 94 189 229 327 371 430 544 589 640 
55 94 189 231 327 371 430 544 588 640 
55 94 189 232 327 372 430 544 588 640 
54 93 188 233 327 373 429 544 588 640 
53 93 188 235 326 373 429 544 587 640 
52 93 188 238 326 374 429 544 586 640 
52 93 188 239 326 375 429 544 586 640 
51 93 188 239 326 375 429 543 585 640 
50 93 188 240 325 376 429 543 585 640 
50 92 188 242 325 377 428 543 584 640 
49 92 188 243 325 378 428 543 584 640 
49 92 188 243 325 378 428 542 583 640 
48 92 188 244 324 379 428 542 583 640 
48 92 188 246 324 380 427 542 582 640 
47 92 188 247 323 381 427 542 582 640 
46 91 189 249 323 381 427 541 581 640 
46 91 189 250 322 382 427 541 581 640 
46 91 189 251 322 383 426 541 580 640 
45 91 189 253 322 385 426 541 580 640 
45 91 189 255 322 386 426 540 579 640 
44 91 189 256 321 388 426 540 579 640 
44 91 189 258 321 389 425 540 578 640 
43 91 189 259 321 390 425 540 577 640 
43 91 189 259 321 392 425 540 576 640 
42 91 189 260 320 394 425 539 575 640 
41 91 189 260 320 395 424 539 575 640 
41 91 190 260 320 398 424 538 574 640 
41 91 190 260 320 401 423 538 574 640 
40 91 190 260 319 403 423 537 573 640 
40 91 190 260 319 405 422 536 572 640 
39 91 190 259 319 408 421 536 571 640 
39 91 191 259 319 410 419 536 570 640 
38 91 191 258 319 412 417 536 569 640 
38 91 191 257 319 535 569 640 
37 91 191 257 318 535 568 640 
37 91 191 256 318 534 567 640 
37 91 191 255 318 534 566 640 
36 91 192 254 318 534 566 640 
36 91 192 252 318 534 565 640 
35 91 193 251 318 533 564 640 
35 91 193 251 318 532 563 640 
34 91 194 249 318 532 563 640 
34 91 194 248 318 531 562 640 
34 91 195 247 319 531 561 640 
33 91 195 245 319 530 560 640 
33 91 195 244 319 530 559 640 
33 91 196 242 319 529 558 640 
32 91 197 241 320 529 558 640 
32 91 198 239 320 528 557 640 
31 91 199 237 320 528 556 640 
31 91 199 235 320 527 555 640 
30 91 200 233 320 527 554 640 
30 91 201 231 320 526 554 640 
30 91 202 229 320 526 553 640 
29 91 203 225 321 525 552 640 
29 91 204 221 321 525 551 640 
29 91 206 214 321 524 550 640 
28 91 321 524 550 640 
28 91 321 523 549 640 
28 91 322 522 548 640 
27 91 322 522 547 640 
27 91 322 521 546 640 
27 91 322 520 545 640 
26 91 322 520 544 640 
26 91 323 519 543 640 
26 91 323 518 542 640 
25 91 324 517 541 640 
25 91 324 517 540 640 
25 92 324 516 539 640 
25 92 325 515 537 640 
24 92 325 515 536 640 
24 92 325 514 535 640 
24 92 325 514 534 640 
23 92 326 514 533 640 
23 92 326 513 532 640 
22 93 327 512 531 640 
22 93 327 512 530 640 
22 93 328 511 529 640 
22 93 328 511 528 640 
21 93 329 510 527 640 
21 93 330 510 526 640 
21 93 330 510 524 640 
21 93 330 509 523 640 
21 93 331 509 522 640 
20 93 332 509 521 640 
20 93 332 509 519 640 
20 93 333 509 518 640 
20 93 334 509 517 640 
20 93 334 508 516 640 
19 93 335 506 514 640 
19 93 335 506 513 640 
19 94 336 506 511 640 
19 94 336 505 510 640 
19 94 337 506 509 640 
18 94 337 504 506 640 
18 94 338 640 
18 94 338 640 
18 94 339 640 
18 94 340 640 
18 94 340 640 
17 95 340 640 
17 95 341 640 
17 95 341 640 
17 95 342 640 
17 95 342 640 
17 95 343 640 
17 95 344 640 
17 95 344 640 
16 96 345 640 
16 96 346 640 
16 96 347 640 
16 96 348 640 
15 96 349 640 
15 96 350 640 
15 96 351 640 
15 97 352 640 
15 97 353 640 
15 97 354 640 
15 97 355 640 
15 97 357 640 
15 98 358 640 
15 98 359 640 
15 98 360 640 
15 98 361 640 
15 98 362 640 
15 99 363 640 
14 99 364 640 
14 99 365 640 
14 99 366 640 
14 100 367 640 
14 100 368 640 
14 100 369 640 
14 100 370 640 
14 100 371 640 
14 101 373 640 
14 101 375 640 
14 101 376 640 
14 101 378 640 
14 101 381 640 
14 102 384 640 
14 102 386 640 
14 102 387 640 
14 103 388 481 484 640 
14 103 391 480 485 640 
13 103 393 479 485 640 
13 103 394 477 486 640 
13 104 396 475 486 640 
13 104 397 473 487 640 
13 104 398 470 487 640 
13 104 402 466 488 640 
13 105 405 461 488 640 
13 105 410 413 416 419 421 454 488 640 
13 105 426 449 489 640 
13 105 436 442 489 640 
13 106 489 640 
13 106 490 640 
13 107 490 640 
13 107 490 640 
13 107 491 640 
13 108 491 640 
13 108 491 640 
13 109 492 640 
13 109 492 640 
13 109 492 640 
13 110 492 640 
13 110 493 640 
13 110 493 640 
13 111 494 640 
13 111 494 640 
13 111 494 640 
13 112 494 640 
13 112 495 640 
13 113 495 640 
13 113 495 640 
13 114 495 640 
13 114 496 640 
13 114 496 640 
13 115 496 640 
13 115 496 640 
13 116 496 640 
13 116 496 640 
13 117 496 640 
13 117 497 640 
14 118 497 640 
14 118 497 640 
14 119 497 640 
14 119 497 640 
14 120 497 640 
14 120 497 640 
14 121 497 640 
14 122 498 640 
14 122 498 640 
14 123 498 640 
14 124 498 640 
15 124 499 640 
15 125 499 640 
15 125 500 640 
15 126 500 640 
15 126 501 640 
15 127 502 640 
15 128 502 640 
15 129 503 640 
16 130 503 640 
16 130 504 640 
16 131 505 640 
16 132 505 640 
16 134 506 640 
16 135 506 640 
16 135 507 640 
16 137 508 640 
16 138 508 640 
17 139 509 640 
17 140 510 640 
17 140 510 640 
17 141 512 640 
17 143 513 640 
17 143 514 640 
17 145 514 640 
18 146 515 640 
18 146 515 640 
18 148 516 640 
19 149 517 640 
19 150 517 640 
19 152 518 640 
19 154 518 640 
19 155 519 640 
19 156 519 640 
20 158 520 640 
20 160 520 640 
20 162 520 640 
20 163 521 640 
20 165 522 640 
20 166 522 640 
21 168 522 640 
21 169 523 640 
21 171 523 640 
22 172 511 640 
22 175 496 640 
23 176 490 640 
