0 640 
0 640 
0 640 
0 640 
0 640 
0 640 
0 640 
0 640 
0 640 
0 640 
0 640 
0 640 
0 640 
0 640 
0 640 
0 640 
0 640 
0 640 
0 640 
0 640 
0 640 
0 640 
0 640 
0 640 
0 640 
0 640 
0 640 
0 640 
0 640 
0 640 
0 640 
0 640 
0 640 
0 640 
0 640 
0 640 
0 640 
0 640 
0 640 
0 640 
0 640 
0 640 
0 640 
0 640 
0 640 
0 640 
0 640 
0 640 
0 640 
0 640 
0 640 
0 640 
0 640 
0 640 
0 640 
0 640 
0 640 
0 640 
0 640 
0 640 
0 640 
0 640 
0 640 
0 640 
0 640 
0 640 
0 640 
0 640 
0 640 
0 640 
0 640 
0 640 
0 640 
0 640 
0 640 
0 640 
0 640 
0 640 
0 640 
0 640 
0 355 361 640 
0 353 363 640 
0 351 364 640 
0 350 365 640 
0 349 366 640 
0 348 367 640 
0 347 367 640 
0 347 368 435 447 640 
0 346 368 431 450 640 
0 345 369 427 451 640 
0 345 369 424 452 640 
0 345 370 422 453 640 
0 345 370 420 453 640 
0 344 370 418 454 640 
0 344 370 416 455 640 
0 343 370 414 455 640 
0 343 369 412 455 640 
0 343 369 411 454 640 
0 343 367 409 454 640 
0 343 366 408 454 640 
0 343 365 406 453 640 
0 343 365 405 452 640 
0 343 364 403 452 640 
0 343 363 402 451 640 
0 343 363 402 451 640 
0 343 363 400 450 640 
0 342 363 399 449 640 
0 342 363 398 447 640 
0 342 362 397 446 640 
0 342 362 397 445 640 
0 342 362 395 443 640 
0 342 362 394 440 640 
0 342 362 394 438 640 
0 342 362 393 435 640 
0 342 361 392 431 640 
0 342 361 391 428 640 
0 342 361 390 425 640 
0 342 361 390 422 640 
0 342 361 389 420 640 
0 342 361 388 418 640 
0 342 361 387 416 640 
0 342 360 387 415 640 
0 342 360 386 413 640 
0 342 360 385 412 640 
0 342 360 385 411 640 
0 342 360 384 410 640 
0 342 360 383 408 640 
0 342 360 383 408 640 
0 342 359 382 406 640 
0 342 359 381 406 640 
0 342 359 381 405 640 
0 342 359 380 404 640 
0 342 358 380 403 640 
0 342 358 379 402 640 
0 342 358 378 401 640 
0 342 358 378 400 640 
0 342 358 377 400 640 
0 341 358 377 399 640 
0 341 358 376 398 640 
0 341 360 375 397 640 
0 341 366 375 397 640 
0 341 370 374 396 640 
0 340 395 640 
0 338 395 640 
0 336 394 640 
0 334 393 640 
0 333 392 640 
0 331 391 640 
0 330 391 640 
0 329 390 640 
0 328 390 640 
0 326 391 640 
0 325 392 640 
0 323 393 640 
0 322 394 640 
0 321 394 640 
0 319 395 640 
0 318 395 640 
0 317 396 640 
0 316 396 640 
0 315 397 640 
0 314 397 640 
0 314 398 640 
0 313 399 640 
0 313 400 640 
0 312 400 640 
0 312 401 640 
0 311 401 640 
0 311 402 640 
0 310 402 640 
0 310 402 640 
0 309 403 640 
0 309 403 640 
0 309 403 640 
0 308 404 640 
0 308 404 640 
0 308 404 640 
0 308 405 640 
0 307 405 640 
0 307 405 640 
0 307 405 640 
0 307 405 640 
0 306 405 640 
0 306 406 640 
0 306 406 640 
0 305 406 640 
0 305 406 640 
0 305 405 640 
0 305 405 640 
0 305 405 640 
0 305 404 640 
0 304 404 640 
0 304 403 640 
0 304 402 640 
0 304 401 640 
0 304 400 640 
0 304 399 640 
0 304 398 640 
0 304 397 640 
0 304 394 395 396 640 
0 303 393 640 
0 303 393 640 
0 303 392 640 
0 303 392 640 
0 303 392 640 
0 303 392 640 
0 303 392 640 
0 303 392 640 
0 303 391 640 
0 303 391 640 
0 303 391 640 
0 303 391 640 
0 303 391 640 
0 302 391 640 
0 302 391 640 
0 302 391 640 
0 302 391 640 
0 302 391 640 
0 302 390 640 
0 302 390 640 
0 302 390 640 
0 302 390 640 
0 302 390 640 
0 302 390 640 
0 302 391 640 
0 302 392 640 
0 302 393 640 
0 302 394 640 
0 302 395 640 
0 302 396 640 
0 302 397 640 
0 302 398 640 
0 302 400 640 
0 302 400 640 
0 302 401 640 
0 301 403 640 
0 301 404 640 
0 301 405 640 
0 301 405 640 
0 301 406 640 
0 301 408 640 
0 301 408 640 
0 301 409 640 
0 301 410 640 
0 301 410 640 
0 301 411 640 
0 301 411 640 
0 300 411 640 
0 300 411 640 
0 300 411 640 
0 300 411 640 
0 300 411 640 
0 300 411 640 
0 299 411 640 
0 298 411 640 
0 297 411 640 
0 296 411 640 
0 295 411 640 
0 294 410 640 
0 293 410 640 
0 292 409 640 
0 290 409 640 
0 289 408 640 
0 288 408 640 
0 287 299 300 407 640 
0 286 297 300 407 640 
0 284 297 299 406 640 
0 283 295 299 406 640 
0 282 293 299 405 640 
0 281 292 299 405 640 
0 279 291 299 404 640 
0 278 291 298 403 640 
0 277 290 298 401 640 
0 275 288 298 400 640 
0 274 287 298 398 640 
0 273 286 297 396 640 
0 272 285 297 393 640 
0 270 284 296 390 640 
0 269 282 295 387 640 
0 268 281 295 385 640 
0 267 280 294 383 640 
0 266 278 293 382 640 
0 264 277 293 381 640 
0 263 275 292 381 640 
0 262 274 291 380 640 
0 260 273 291 380 640 
0 259 272 290 380 640 
0 257 271 289 379 640 
0 256 270 289 379 640 
0 254 269 288 379 640 
0 253 267 288 380 640 
0 252 266 287 380 640 
0 250 264 286 380 640 
0 249 263 286 381 640 
0 247 261 285 381 640 
0 246 259 284 382 640 
0 244 257 284 382 640 
0 243 255 283 382 640 
0 241 252 283 382 640 
0 240 248 282 383 640 
0 238 244 282 383 640 
0 237 240 281 383 640 
0 280 383 640 
0 279 383 640 
0 279 383 640 
0 278 383 640 
0 278 383 640 
0 277 383 640 
0 276 383 640 
0 276 383 640 
0 275 383 640 
0 274 382 640 
0 274 382 640 
0 273 382 640 
0 273 382 640 
0 272 381 640 
0 271 381 640 
0 271 380 640 
0 270 380 640 
0 269 380 640 
0 269 379 640 
0 268 378 640 
0 268 378 640 
0 267 378 640 
0 266 377 640 
0 266 376 640 
0 265 376 640 
0 264 375 640 
0 264 375 640 
0 263 375 640 
0 263 375 640 
0 262 375 640 
0 262 375 640 
0 261 374 640 
0 260 374 640 
0 260 374 640 
0 259 374 640 
0 259 373 640 
0 258 373 640 
0 257 373 640 
0 257 373 640 
0 256 373 640 
0 256 372 640 
0 255 372 640 
0 254 372 640 
0 254 372 640 
0 253 372 640 
0 253 372 640 
0 252 371 372 373 640 
0 252 371 372 373 640 
0 251 371 372 373 640 
0 250 371 372 373 640 
0 250 373 640 
0 249 373 640 
0 249 374 640 
0 248 374 640 
0 248 375 640 
0 247 375 640 
0 247 376 640 
0 246 376 640 
0 245 377 640 
0 245 285 286 378 640 
0 244 285 286 378 640 
0 244 379 640 
0 243 379 640 
0 243 285 286 379 640 
0 242 284 286 380 640 
0 241 283 286 380 640 
0 241 283 286 381 640 
0 240 280 286 381 640 
0 240 279 280 281 286 382 640 
0 239 279 280 281 286 382 640 
0 239 280 286 383 640 
0 238 280 285 383 640 
0 238 277 278 279 285 384 640 
0 239 276 277 278 285 384 640 
0 239 278 285 385 640 
0 239 275 276 277 285 385 640 
0 239 276 285 386 640 
0 239 274 275 276 285 386 640 
0 240 275 285 387 640 
0 241 275 285 387 640 
0 242 272 273 274 285 387 640 
0 242 271 272 273 285 388 640 
0 242 273 285 388 640 
0 242 270 271 272 285 389 640 
0 242 271 286 389 640 
0 242 271 286 389 640 
0 242 270 286 390 640 
0 243 267 268 270 286 390 640 
0 243 269 286 390 640 
0 243 269 286 391 640 
0 243 264 265 268 286 391 640 
0 243 263 286 391 640 
0 243 263 286 392 640 
0 243 264 286 392 640 
0 243 264 286 392 640 
0 243 264 286 392 640 
0 243 264 286 393 640 
0 243 264 286 393 640 
0 243 264 286 393 640 
0 243 264 287 394 640 
0 244 264 287 394 640 
0 244 264 287 394 640 
0 244 264 287 394 640 
0 244 264 287 395 640 
0 244 264 287 395 640 
0 244 264 288 395 640 
0 244 256 257 264 288 395 640 
0 244 256 257 264 288 396 640 
0 244 256 258 264 288 396 640 
0 245 256 260 264 288 396 640 
0 245 256 262 263 289 397 640 
0 245 256 259 263 289 397 640 
0 245 257 260 262 289 397 640 
0 245 257 289 397 640 
0 246 258 289 398 640 
0 246 258 290 398 640 
0 247 259 290 398 640 
0 248 259 290 398 640 
0 248 260 266 267 290 399 640 
0 249 261 265 267 290 399 640 
0 250 267 291 399 640 
0 251 266 291 399 640 
0 252 266 270 273 291 400 640 
0 253 274 292 400 640 
0 254 275 292 400 640 
0 255 276 292 400 640 
0 256 276 292 401 640 
0 256 275 293 401 640 
0 257 259 261 272 293 401 640 
0 259 260 263 271 293 401 640 
0 260 266 294 401 640 
0 294 402 640 
0 294 402 640 
0 295 402 640 
0 295 402 640 
0 295 402 640 
0 295 402 640 
0 296 403 640 
0 296 403 640 
0 296 403 640 
0 297 403 640 
0 297 403 640 
0 298 403 640 
0 298 403 640 
0 298 404 640 
0 299 404 640 
0 299 404 640 
0 300 404 640 
0 300 404 640 
0 299 404 640 
0 299 405 640 
0 299 405 640 
0 300 405 640 
0 300 405 640 
0 301 405 640 
0 302 405 640 
0 302 405 640 
0 303 405 640 
0 304 405 640 
0 304 405 640 
0 305 406 640 
0 305 406 640 
0 306 406 640 
0 306 406 640 
0 307 406 640 
0 307 406 640 
0 307 406 640 
0 307 406 640 
0 307 407 640 
0 307 407 640 
0 307 407 640 
0 306 407 640 
0 306 407 640 
0 306 407 640 
0 306 407 640 
0 306 407 640 
0 306 407 640 
0 306 406 640 
