0 235 557 640 
0 234 557 640 
0 234 557 640 
0 234 557 640 
0 234 556 640 
0 234 556 640 
0 234 556 640 
0 234 555 640 
0 233 555 640 
0 233 555 640 
0 233 555 640 
0 233 554 640 
0 233 554 640 
0 233 554 640 
0 233 554 640 
0 232 553 640 
0 232 553 640 
0 232 553 640 
0 232 553 640 
0 232 552 640 
0 232 552 640 
0 232 552 640 
0 231 552 640 
0 231 551 640 
0 231 551 640 
0 231 551 640 
0 231 550 640 
0 231 550 640 
0 230 550 640 
0 230 550 640 
0 230 549 640 
0 230 549 640 
0 230 549 640 
0 230 549 640 
0 230 548 640 
0 230 548 640 
0 230 548 640 
0 230 548 640 
0 230 547 640 
0 230 547 640 
0 229 547 640 
0 229 547 640 
0 229 546 640 
0 229 546 640 
0 229 546 640 
0 229 546 640 
0 229 545 640 
0 229 545 640 
0 228 545 640 
0 228 545 640 
0 228 545 640 
0 228 544 640 
0 228 544 640 
0 228 544 640 
0 228 543 640 
0 228 543 640 
0 228 543 640 
0 228 542 640 
0 228 542 640 
0 228 542 640 
0 228 542 640 
0 228 541 640 
0 227 541 640 
0 227 541 640 
0 227 541 640 
0 227 540 640 
0 227 540 640 
0 227 540 640 
0 227 540 640 
0 227 540 640 
0 227 539 640 
0 227 539 640 
0 227 539 640 
0 227 539 640 
0 226 539 640 
0 226 538 640 
0 226 538 640 
0 226 538 640 
0 226 538 640 
0 226 538 640 
0 226 538 640 
0 226 538 640 
0 226 537 640 
0 226 537 640 
0 226 537 640 
0 226 537 640 
0 225 537 640 
0 225 536 640 
0 225 536 640 
0 225 536 640 
0 225 536 640 
0 225 536 640 
0 225 536 640 
0 225 536 640 
0 225 535 640 
0 225 535 640 
0 225 535 640 
0 225 535 640 
0 225 535 640 
0 225 535 640 
0 225 534 640 
0 224 534 640 
0 224 534 640 
0 224 534 640 
0 224 534 640 
0 224 534 640 
0 224 533 640 
0 224 533 640 
0 224 533 640 
0 224 533 640 
0 224 533 640 
0 224 533 640 
0 224 533 640 
0 224 532 640 
0 224 532 640 
0 224 532 640 
0 223 532 640 
0 223 532 640 
0 223 532 640 
0 223 531 640 
0 223 531 640 
0 223 531 640 
0 223 531 640 
0 223 531 640 
0 223 531 640 
0 223 531 640 
0 223 530 640 
0 223 530 640 
0 223 530 640 
0 223 530 640 
0 223 530 640 
0 223 530 640 
0 223 530 640 
0 223 529 640 
0 223 529 640 
0 223 529 640 
0 223 529 640 
0 223 529 640 
0 223 529 640 
0 223 529 640 
0 223 529 640 
0 223 529 640 
0 223 528 640 
0 223 528 640 
0 223 528 640 
0 223 528 640 
0 223 528 640 
0 223 528 640 
0 223 528 640 
0 223 528 640 
0 223 528 640 
0 223 528 640 
0 223 528 640 
0 223 528 640 
0 223 528 640 
0 223 528 640 
0 223 527 640 
0 223 527 640 
0 222 527 640 
0 222 527 640 
0 222 527 640 
0 222 527 640 
0 222 527 640 
0 222 527 640 
0 222 527 640 
0 222 527 640 
0 222 527 640 
0 222 527 640 
0 222 527 640 
0 222 527 640 
0 222 527 640 
0 222 526 640 
0 222 526 640 
0 222 526 640 
0 222 526 640 
0 222 526 640 
0 221 526 640 
0 221 526 640 
0 221 526 640 
0 221 526 640 
0 221 526 640 
0 221 526 640 
0 221 526 640 
0 221 526 640 
0 221 526 640 
0 221 526 640 
0 221 526 640 
0 221 525 640 
0 221 525 640 
0 221 525 640 
0 221 525 640 
0 221 525 640 
0 221 525 640 
0 221 525 640 
0 221 525 640 
0 221 525 640 
0 221 525 640 
0 221 525 640 
0 221 525 640 
0 221 525 640 
0 222 525 640 
0 222 525 640 
0 222 525 640 
0 222 525 640 
0 222 525 640 
0 222 525 640 
0 222 524 640 
0 222 524 640 
0 222 524 640 
0 222 524 640 
0 222 524 640 
0 222 524 640 
0 222 524 640 
0 222 524 640 
0 222 524 640 
0 222 524 640 
0 222 524 640 
0 222 524 640 
0 222 524 640 
0 222 524 640 
0 222 524 640 
0 222 524 640 
0 222 524 640 
0 222 524 640 
0 223 524 640 
0 223 524 640 
0 223 523 640 
0 223 523 640 
0 223 523 640 
0 223 523 640 
0 223 523 640 
0 223 523 640 
0 223 523 640 
0 223 523 640 
0 223 523 640 
0 223 523 640 
0 223 523 640 
0 223 523 640 
0 223 523 640 
0 223 523 640 
0 223 523 640 
0 223 523 640 
0 223 523 640 
0 223 523 640 
0 223 523 640 
0 223 523 640 
0 223 523 640 
0 223 523 640 
0 223 523 640 
0 223 523 640 
0 223 523 640 
0 223 523 640 
0 223 522 640 
0 223 522 640 
0 223 522 640 
0 223 522 640 
0 223 522 640 
0 223 522 640 
0 223 522 640 
0 223 522 640 
0 223 522 640 
0 223 522 640 
0 223 522 640 
0 223 522 640 
0 224 522 640 
0 224 522 640 
0 224 522 640 
0 224 522 640 
0 224 522 640 
0 224 522 640 
0 224 522 640 
0 224 522 640 
0 224 522 640 
0 224 522 640 
0 224 522 640 
0 224 522 640 
0 224 522 640 
0 224 522 640 
0 224 522 640 
0 224 522 640 
0 224 522 640 
0 224 522 640 
0 225 522 640 
0 225 522 640 
0 225 522 640 
0 225 522 640 
0 225 522 640 
0 225 522 640 
0 225 522 640 
0 225 522 640 
0 225 522 640 
0 225 522 640 
0 225 522 640 
0 225 522 640 
0 225 522 640 
0 225 522 640 
0 225 522 640 
0 225 522 640 
0 225 522 640 
0 226 522 640 
0 226 522 640 
0 226 522 640 
0 226 522 640 
0 226 522 640 
0 226 522 640 
0 226 522 640 
0 226 522 640 
0 226 522 640 
0 226 522 640 
0 226 522 640 
0 226 522 640 
0 226 522 640 
0 226 522 640 
0 226 522 640 
0 227 522 640 
0 227 522 640 
0 227 522 640 
0 227 522 640 
0 227 522 640 
0 227 522 640 
0 227 522 640 
0 227 522 640 
0 227 522 640 
0 227 522 640 
0 227 522 640 
0 227 522 640 
0 227 522 640 
0 227 522 640 
0 228 522 640 
0 228 522 640 
0 228 522 640 
0 228 522 640 
0 228 522 640 
0 228 522 640 
0 228 522 640 
0 228 522 640 
0 228 522 640 
0 228 522 640 
0 228 522 640 
0 229 522 640 
0 229 522 640 
0 229 522 640 
0 229 522 640 
0 229 522 640 
0 229 522 640 
0 229 522 640 
0 229 522 640 
0 229 522 640 
0 229 522 640 
0 229 522 640 
0 229 522 640 
0 230 522 640 
0 230 522 640 
0 230 522 640 
0 230 522 640 
0 230 522 640 
0 230 522 640 
0 230 523 640 
0 230 523 640 
0 230 523 640 
0 230 523 640 
0 231 523 640 
0 231 523 640 
0 231 523 640 
0 231 523 640 
0 231 523 640 
0 231 523 640 
0 231 523 640 
0 231 523 640 
0 232 523 640 
0 232 523 640 
0 232 523 640 
0 232 523 640 
0 232 523 640 
0 232 523 640 
0 232 523 640 
0 232 523 640 
0 232 523 640 
0 232 523 640 
0 233 523 640 
0 233 523 640 
0 233 523 640 
0 233 523 640 
0 233 523 640 
0 233 523 640 
0 233 523 640 
0 233 523 640 
0 234 523 640 
0 234 523 640 
0 234 523 640 
0 234 523 640 
0 234 524 640 
0 234 524 640 
0 234 524 640 
0 234 524 640 
0 234 524 640 
0 234 524 640 
0 235 524 640 
0 235 524 640 
0 235 524 640 
0 235 524 640 
0 235 524 640 
0 235 524 640 
0 235 524 640 
0 235 525 640 
0 235 525 640 
0 235 525 640 
0 236 525 640 
0 236 525 640 
0 236 525 640 
0 236 525 640 
0 236 525 640 
0 236 525 640 
0 236 525 640 
0 236 525 640 
0 236 525 640 
0 236 525 640 
0 237 525 640 
0 237 525 640 
0 237 526 640 
0 237 526 640 
0 237 526 640 
0 237 526 640 
0 237 526 640 
0 238 526 640 
0 238 526 640 
0 238 526 640 
0 238 526 640 
0 238 526 640 
0 238 526 640 
0 238 526 640 
0 239 526 640 
0 239 526 640 
0 239 526 640 
0 239 527 640 
0 239 527 640 
0 239 527 640 
0 239 527 640 
0 240 527 640 
0 240 527 640 
0 240 527 640 
0 240 527 640 
0 240 527 640 
0 240 527 640 
0 240 527 640 
0 241 527 640 
0 241 527 640 
0 241 527 640 
0 241 528 640 
0 241 528 640 
0 241 528 640 
0 242 528 640 
0 242 528 640 
0 242 528 640 
0 242 528 640 
0 242 528 640 
0 242 528 640 
0 243 528 640 
0 243 528 640 
0 243 529 640 
0 243 529 640 
0 243 529 640 
0 243 529 640 
0 244 529 640 
0 244 529 640 
0 244 529 640 
0 244 530 640 
0 244 530 640 
0 244 530 640 
0 244 530 640 
0 245 530 640 
0 245 530 640 
0 245 530 640 
0 245 530 640 
0 245 531 640 
0 245 531 640 
0 245 531 640 
0 246 531 640 
0 246 531 640 
0 246 531 640 
