0 588 595 605 621 629 
0 589 595 604 620 628 
0 589 595 602 616 627 
0 589 595 600 614 625 
0 589 597 599 613 623 
0 590 597 599 611 622 
0 590 610 620 
0 590 608 619 635 636 
0 590 607 617 633 635 
0 590 605 615 632 634 
0 589 604 614 630 632 
0 588 602 613 629 632 
0 589 601 612 627 631 
0 589 600 610 626 629 
0 588 599 609 624 627 
0 588 599 607 623 626 
0 588 599 606 622 625 
0 588 600 604 620 625 
0 587 601 603 618 624 
0 587 617 623 
0 586 616 622 
0 584 614 621 
0 583 613 621 
0 584 612 620 
0 586 611 620 
0 585 609 619 
0 585 608 618 
0 584 606 619 
0 584 606 618 
0 583 607 618 
0 582 607 617 
0 582 583 584 608 616 
0 584 598 600 609 617 
0 584 596 601 609 616 
0 585 592 601 610 615 
0 586 588 602 611 615 
0 603 612 615 
0 603 613 615 
0 603 
0 605 
0 604 
0 604 
0 604 
0 605 
0 605 
0 606 
0 607 
0 608 
0 609 
0 610 
0 610 
0 610 
0 609 
0 609 
0 609 
0 609 
0 609 
0 609 
0 609 
0 609 
0 608 
0 608 
0 607 
0 607 
0 606 
0 606 
0 606 
0 605 
0 605 
0 605 
0 173 175 604 
0 172 176 604 
0 171 177 603 
0 170 178 603 
0 168 179 602 
0 167 180 601 
0 166 181 601 
0 164 181 601 
0 163 182 600 
0 162 183 600 
0 161 184 599 
0 160 185 598 
0 159 186 596 
0 157 186 594 
0 156 187 593 
0 155 188 592 
0 154 189 590 
0 153 190 591 
0 152 191 592 
0 151 191 593 
0 150 192 594 
0 149 193 594 
0 148 194 594 
0 147 195 595 
0 146 196 596 
0 145 197 596 
0 146 197 597 
0 146 198 597 
0 147 199 598 
0 147 200 598 
0 147 201 599 
0 146 201 599 
0 145 202 599 
0 144 203 599 600 601 
0 144 203 601 
0 142 205 601 
0 142 205 601 
0 141 206 601 
0 140 207 601 
0 139 208 602 
0 138 209 602 
0 137 209 602 
0 136 210 602 
0 136 211 602 
0 135 212 602 
0 134 213 602 
0 133 214 602 
0 132 214 602 
0 131 215 603 
0 131 216 603 
0 131 217 603 
0 131 218 603 
0 132 219 604 
0 133 219 605 
0 133 220 607 
0 132 221 609 
0 131 222 611 
0 131 223 613 
0 130 224 614 
0 129 224 617 
0 128 225 618 
0 128 226 620 
0 127 227 622 
0 126 227 624 
0 126 228 625 
0 125 229 628 
0 124 230 629 
0 124 231 631 
0 123 232 633 
0 122 233 635 
0 122 233 637 
0 121 234 639 
0 120 235 640 
0 120 236 640 
0 119 237 640 
0 119 237 640 
0 119 238 640 
0 119 239 640 
0 119 240 640 
0 120 241 640 
0 120 242 640 
0 120 243 640 
0 119 243 640 
0 119 244 640 
0 118 245 640 
0 118 246 640 
0 117 247 640 
0 116 247 640 
0 116 248 640 
0 115 249 640 
0 115 250 640 
0 114 250 640 
0 114 251 640 
0 113 252 640 
0 113 253 640 
0 112 254 640 
0 112 255 640 
0 111 255 640 
0 111 256 640 
0 110 257 640 
0 110 258 640 
0 109 259 640 
0 109 259 640 
0 109 260 640 
0 109 261 640 
0 110 262 640 
0 110 263 640 
0 110 264 640 
0 110 265 640 
0 109 265 640 
0 109 266 640 
0 108 267 640 
0 108 268 640 
0 108 269 640 
0 107 270 640 
0 107 270 640 
0 107 271 640 
0 106 272 640 
0 106 272 640 
0 105 273 640 
0 105 275 640 
0 105 275 640 
0 105 276 640 
0 104 277 640 
0 104 277 640 
0 103 278 640 
0 103 279 640 
0 103 280 640 
0 102 281 640 
0 102 282 640 
0 102 283 640 
0 102 283 640 
0 102 284 640 
0 102 285 640 
0 103 286 640 
0 103 287 640 
0 103 288 640 
0 102 288 640 
0 102 289 590 594 640 
0 102 290 592 597 640 
0 101 291 594 601 640 
0 101 292 595 604 640 
0 101 293 597 607 640 
0 101 293 597 611 640 
0 100 294 595 615 640 
0 100 295 582 618 640 
0 100 296 581 621 640 
0 100 297 580 624 640 
0 100 297 522 546 579 626 640 
0 99 298 510 551 580 627 640 
0 99 299 497 556 580 628 640 
0 99 300 489 631 640 
0 99 301 346 347 475 
0 98 302 344 349 461 
0 98 302 343 351 448 
0 98 303 342 352 369 384 430 
0 98 304 340 353 360 424 426 
0 98 304 338 
0 98 305 336 
0 98 306 335 
0 98 307 332 
0 98 308 329 
0 98 309 325 
0 98 310 318 
0 98 
0 98 
0 98 
0 97 
0 97 
0 97 
0 97 
0 97 
0 97 
0 97 
0 97 
0 97 
0 97 
0 97 
0 96 
0 96 
0 96 
0 96 
0 96 
0 96 
0 96 
0 96 
0 96 
0 96 
0 96 
0 96 
0 96 
0 96 
0 96 
0 96 
0 96 
0 96 
0 96 
0 96 
0 96 
0 96 
0 96 
0 96 
0 96 
0 96 
0 96 
0 96 
0 97 
0 97 
0 97 
0 97 392 453 
0 96 390 472 
0 97 389 491 554 568 
0 97 387 506 542 572 
0 96 386 576 
0 96 385 579 
0 96 384 580 
0 96 382 578 
0 96 381 576 
0 96 380 574 
0 96 379 572 608 627 
0 96 377 572 588 636 
0 96 375 640 
0 97 374 640 
0 97 373 640 
0 97 372 640 
0 97 370 640 
0 97 368 640 
0 98 366 640 
0 98 364 640 
0 98 363 640 
0 98 362 640 
0 98 361 640 
0 98 360 640 
0 99 360 640 
0 99 359 640 
0 99 304 306 357 640 
0 99 303 313 356 640 
0 99 302 320 349 350 355 640 
0 99 301 320 348 352 353 640 
0 100 300 320 347 640 
0 100 300 321 346 640 
0 100 299 321 346 640 
0 99 298 321 345 640 
0 99 297 322 344 640 
0 99 297 322 342 640 
0 99 296 323 336 640 
0 99 295 640 
0 99 295 640 
0 100 294 640 
0 100 293 640 
0 100 292 640 
0 100 292 640 
0 101 291 639 
0 101 290 638 
0 101 289 637 
0 102 289 636 
0 102 288 635 
0 102 287 635 
0 103 287 634 
0 103 286 633 
0 103 285 631 
0 104 284 631 
0 104 284 630 
0 104 283 629 
0 105 282 629 
0 105 281 628 
0 105 281 627 
0 105 280 626 
0 106 279 626 
0 106 278 625 
0 106 278 624 
0 105 277 624 
0 104 276 623 
0 105 276 622 
0 105 275 622 
0 105 274 622 
0 106 274 621 
0 106 273 621 
0 106 272 621 
0 107 271 620 
0 107 270 619 
0 108 270 619 
0 108 269 607 614 619 
0 109 269 605 
0 109 268 602 
0 110 267 601 
0 110 266 600 
0 110 265 599 
0 111 265 600 
0 111 264 601 
0 112 263 602 
0 112 263 602 
0 113 262 603 
0 113 261 604 
0 114 261 602 
0 114 260 599 
0 115 259 598 
0 115 258 597 
0 113 258 595 
0 113 257 595 
0 113 256 594 
0 113 256 595 
0 113 255 595 
0 114 254 595 
0 114 253 595 
0 115 252 595 
0 116 252 592 
0 116 251 588 
0 117 250 586 
0 117 250 585 
0 118 249 585 
0 119 248 584 
0 120 247 584 
0 120 247 584 
0 121 246 584 
0 121 245 585 
0 122 245 584 
0 123 244 579 
0 123 243 577 
0 124 243 576 
0 124 242 576 
0 125 241 576 
0 126 240 576 
0 126 239 576 
0 125 239 577 
0 124 238 577 
0 124 237 578 
0 123 237 578 
0 124 236 579 
0 125 235 580 
0 125 235 579 
0 126 234 579 
0 127 233 578 
0 128 232 577 
0 128 232 576 
0 129 231 575 
0 130 230 575 
0 131 229 574 
0 132 229 573 
0 133 228 572 
0 133 227 571 
0 134 226 570 
0 135 226 570 
0 136 225 569 
0 137 224 568 
0 138 224 567 
0 139 223 566 
0 139 222 566 
0 139 222 565 
0 139 221 564 
0 138 220 563 
0 137 219 562 611 614 
0 136 218 562 611 616 
0 137 218 560 611 618 
0 137 217 560 611 622 
0 138 217 559 610 625 
0 139 216 558 609 629 
0 140 215 558 609 634 
0 141 214 557 609 639 
0 142 214 556 608 640 
0 144 213 555 607 640 
0 145 212 554 607 640 
0 146 211 554 606 640 
0 147 211 553 606 640 
0 148 210 552 605 640 
0 149 209 551 605 640 
0 150 209 551 604 640 
0 151 208 550 603 640 
0 152 207 549 602 640 
0 153 206 548 602 640 
0 154 206 548 601 640 
0 155 205 547 600 640 
0 155 204 546 599 640 
0 155 203 545 598 640 
0 154 203 545 598 640 
0 153 202 544 597 640 
0 153 201 543 596 640 
0 153 201 542 595 640 
0 153 200 541 594 640 
0 154 199 541 593 640 
0 155 198 540 592 640 
0 156 197 539 591 640 
0 158 197 539 590 640 
0 159 196 539 590 640 
0 160 196 537 589 640 
0 162 195 536 588 640 
0 163 194 536 587 640 
0 165 193 536 587 640 
0 166 193 535 586 640 
0 167 192 534 585 640 
0 169 191 533 583 640 
0 170 190 533 583 640 
0 171 189 532 582 640 
0 173 189 532 581 640 
0 174 188 532 580 640 
0 176 187 531 580 640 
0 178 187 531 579 640 
0 180 185 531 578 640 
0 182 184 531 577 640 
0 530 576 640 
0 530 575 640 
0 530 574 640 
0 530 573 640 
0 531 572 639 
0 531 571 639 
0 532 570 639 
0 532 569 638 
0 533 568 638 
0 534 566 638 
0 534 566 637 
