0 87 96 312 323 640 
0 87 96 314 323 640 
0 88 97 640 
0 90 97 640 
0 91 97 640 
0 92 97 640 
0 93 96 640 
0 95 96 640 
0 640 
0 640 
0 640 
0 640 
0 640 
0 640 
0 640 
0 640 
0 640 
0 640 
0 640 
0 640 
0 640 
0 640 
0 640 
0 640 
0 640 
0 640 
0 640 
0 640 
0 640 
0 640 
0 355 356 640 
0 354 357 640 
0 173 178 354 356 640 
0 172 179 353 355 640 
0 172 179 352 355 640 
0 172 179 351 354 640 
0 172 179 350 353 640 
0 173 179 349 352 640 
0 173 178 348 350 640 
0 174 178 347 349 640 
0 175 176 346 347 640 
0 345 346 640 
0 344 345 640 
0 640 
0 215 217 640 
0 213 217 640 
0 212 217 640 
0 212 217 640 
0 52 53 211 217 640 
0 52 53 210 217 640 
0 52 54 210 216 640 
0 52 54 210 215 640 
0 53 55 210 213 640 
0 53 55 640 
0 53 56 640 
0 54 56 640 
0 55 56 640 
0 56 57 640 
0 640 
0 640 
0 640 
0 640 
0 450 452 640 
0 449 452 640 
0 449 451 640 
0 449 451 640 
0 449 452 640 
0 449 453 640 
0 450 453 640 
0 450 453 640 
0 451 454 640 
0 452 455 640 
0 453 456 640 
0 454 455 640 
0 640 
0 640 
0 640 
0 640 
0 640 
0 113 120 325 326 640 
0 114 125 325 327 640 
0 114 127 321 329 331 332 640 
0 115 128 319 332 640 
0 115 129 317 332 640 
0 116 129 316 331 640 
0 116 130 315 329 640 
0 117 130 315 327 640 
0 118 131 318 321 640 
0 118 131 420 423 640 
0 120 131 420 425 640 
0 122 131 420 426 640 
0 124 131 421 428 640 
0 127 130 422 429 640 
0 422 430 640 
0 423 431 640 
0 424 431 640 
0 425 432 640 
0 426 432 468 480 640 
0 427 433 471 483 640 
0 427 432 476 485 640 
0 429 432 483 486 640 
0 429 432 640 
0 640 
0 640 
0 640 
0 640 
0 640 
0 640 
0 640 
0 640 
0 640 
0 640 
0 640 
0 640 
0 640 
0 640 
0 640 
0 640 
0 640 
0 640 
0 66 67 640 
0 67 68 640 
0 68 69 640 
0 640 
0 640 
0 113 116 640 
0 113 116 640 
0 112 117 640 
0 112 117 640 
0 112 118 640 
0 112 118 640 
0 112 118 640 
0 112 118 640 
0 112 117 640 
0 113 117 640 
0 113 117 269 274 276 278 640 
0 5 6 114 117 268 280 281 283 640 
0 6 8 266 282 640 
0 7 10 264 286 640 
0 8 11 263 289 640 
0 8 12 261 292 640 
0 10 13 260 292 640 
0 10 14 257 292 640 
0 11 15 255 292 640 
0 12 15 253 291 640 
0 13 16 249 291 640 
0 14 17 248 291 640 
0 14 17 248 290 640 
0 15 17 248 290 640 
0 16 18 249 288 640 
0 159 161 250 287 640 
0 158 162 251 285 640 
0 158 163 253 284 640 
0 158 164 254 282 640 
0 158 165 256 280 640 
0 158 166 258 279 640 
0 158 166 260 277 640 
0 8 9 159 166 262 275 640 
10 13 16 160 166 522 526 640 
15 161 166 519 524 640 
0 2 12 162 165 356 357 518 522 640 
0 355 357 516 520 640 
0 351 357 516 519 640 
0 350 358 515 517 640 
0 350 358 514 516 640 
0 350 358 640 
0 351 358 640 
0 352 358 640 
0 352 358 640 
0 353 358 640 
0 354 358 640 
0 355 357 640 
0 640 
0 640 
0 640 
0 330 331 640 
0 327 332 640 
0 324 336 640 
0 323 336 640 
0 313 314 323 334 640 
0 313 315 324 331 640 
0 314 316 327 331 640 
0 315 318 327 330 640 
0 316 319 324 330 640 
0 275 277 317 319 322 329 640 
0 274 278 317 328 640 
0 274 279 318 326 640 
0 273 280 318 325 640 
0 273 280 317 323 640 
0 273 281 317 320 640 
0 273 282 316 318 640 
0 272 282 315 317 369 371 640 
0 272 283 368 372 640 
0 273 283 368 372 633 638 640 
0 273 283 368 373 633 
0 273 283 368 373 633 
0 274 283 368 373 633 
0 275 283 368 373 634 
0 275 282 368 373 595 596 634 
0 276 282 368 373 592 596 635 
0 278 282 368 373 590 595 635 
0 278 281 369 373 415 420 588 595 636 
0 279 281 369 373 413 421 587 594 637 
0 369 373 412 422 586 593 638 
0 369 373 411 424 585 592 640 
0 370 373 411 425 584 591 640 
0 370 373 410 426 583 590 640 
0 371 373 411 426 583 589 640 
0 371 373 411 427 582 588 640 
0 372 373 412 428 582 587 640 
0 412 429 581 586 640 
0 413 429 580 584 640 
0 413 430 580 583 640 
0 414 430 579 581 640 
0 414 432 579 580 640 
0 415 432 579 580 640 
0 415 432 640 
0 416 433 640 
0 417 433 640 
0 419 432 640 
0 420 431 640 
0 421 430 640 
0 640 
0 640 
0 640 
0 640 
0 640 
0 640 
0 640 
0 640 
0 640 
0 640 
0 640 
0 640 
0 640 
0 640 
0 418 419 640 
0 419 421 640 
0 421 423 640 
0 422 425 640 
0 424 428 640 
0 174 178 431 432 640 
0 172 179 640 
0 172 180 640 
0 173 180 640 
0 176 180 640 
0 177 179 640 
0 640 
0 640 
0 535 536 640 
0 534 536 640 
0 534 537 640 
0 533 537 640 
0 533 538 640 
0 170 172 533 538 640 
0 171 174 533 538 640 
0 172 175 532 538 640 
0 173 176 532 538 640 
0 174 178 491 499 532 538 640 
2 176 179 180 181 222 228 488 502 531 538 640 
3 179 180 220 232 486 504 531 538 640 
3 219 234 383 385 484 505 531 539 640 
3 219 236 384 385 485 506 530 539 640 
3 220 237 385 386 486 507 530 539 640 
3 222 235 385 387 488 506 530 539 640 
3 225 234 387 389 490 502 530 539 640 
2 388 390 492 500 530 538 640 
2 389 391 530 538 640 
2 390 391 530 538 640 
2 530 538 640 
0 530 538 640 
0 530 538 640 
0 530 537 640 
0 530 537 640 
0 530 537 640 
0 530 536 640 
0 530 536 640 
0 530 536 640 
0 531 536 640 
0 531 535 640 
0 531 535 640 
0 9 11 532 535 640 
0 7 9 532 534 640 
0 5 8 304 307 532 534 640 
0 4 6 305 311 637 
0 3 4 184 197 308 313 633 
0 177 200 310 315 499 503 599 601 631 
0 175 201 314 317 500 505 513 516 598 603 629 
0 176 202 316 319 504 515 598 605 628 
0 177 203 318 319 506 513 597 606 627 
0 178 205 597 606 626 
0 180 206 596 607 626 
0 181 206 596 607 625 
0 183 207 596 608 624 
0 185 207 596 608 624 
0 187 206 596 608 624 
0 597 608 623 637 640 
0 598 607 623 633 640 
0 598 607 640 
0 599 607 640 
0 600 607 640 
0 601 607 640 
0 603 606 640 
0 640 
0 640 
0 640 
0 640 
0 127 136 640 
0 124 135 640 
0 123 134 174 182 218 220 280 282 640 
0 121 133 174 183 218 220 280 282 640 
0 120 132 212 221 279 283 465 467 640 
0 119 131 211 223 279 284 465 472 640 
0 118 130 210 223 279 284 463 473 640 
0 118 129 209 223 239 243 279 285 462 476 530 531 640 
0 117 128 209 223 237 244 280 285 462 475 526 527 529 535 640 
0 117 125 209 224 237 244 280 284 463 475 525 536 640 
0 117 120 209 224 236 244 281 284 464 473 524 536 640 
0 209 224 236 244 281 283 467 472 524 536 640 
0 209 224 235 245 469 471 524 537 640 
0 210 224 236 245 523 537 640 
0 210 224 236 244 523 538 640 
0 210 225 236 243 524 538 640 
0 211 225 237 242 525 538 640 
0 211 226 237 240 526 538 640 
0 212 226 237 239 527 531 535 537 640 
0 213 227 640 
0 214 227 640 
0 215 228 640 
0 216 227 640 
0 219 226 640 
0 640 
0 389 390 640 
0 390 392 398 400 640 
0 391 395 399 400 640 
0 640 
0 640 
0 640 
0 640 
0 640 
0 640 
0 640 
0 640 
0 640 
0 640 
0 640 
0 640 
0 640 
0 640 
0 400 405 640 
0 399 408 640 
0 11 16 398 409 640 
0 10 22 397 409 640 
0 10 28 397 408 640 
0 11 30 396 407 640 
0 12 30 396 406 640 
0 13 31 395 404 640 
0 14 31 398 399 400 402 640 
0 15 30 640 
0 17 28 640 
0 20 24 640 
0 640 
0 640 
0 640 
0 640 
0 640 
0 640 
0 640 
0 640 
0 640 
0 476 479 640 
0 475 480 640 
0 393 395 475 481 640 
0 254 256 390 395 409 415 474 482 640 
0 253 257 388 396 407 416 474 481 640 
0 251 257 386 396 406 417 474 481 640 
0 251 257 386 396 405 419 475 480 640 
0 251 258 385 395 404 419 640 
0 251 258 385 394 404 420 640 
0 251 258 386 393 404 419 640 
0 252 258 387 391 404 416 640 
0 252 258 388 390 406 414 640 
0 252 258 408 412 640 
0 252 258 640 
0 252 257 640 
0 253 256 640 
0 253 255 640 
0 253 254 640 
0 640 
0 640 
0 640 
0 640 
0 640 
0 640 
0 616 617 640 
0 89 91 616 618 640 
0 89 92 616 620 640 
0 90 92 616 620 640 
0 90 93 617 622 640 
0 90 94 359 360 618 622 640 
0 91 95 359 361 618 623 640 
0 92 95 359 362 618 624 640 
0 92 95 360 363 618 625 640 
0 93 96 360 364 619 626 640 
0 93 96 360 364 619 626 640 
0 94 97 361 365 620 627 640 
0 94 97 362 365 620 627 640 
0 95 97 363 366 621 628 640 
0 95 98 363 366 622 628 640 
0 96 98 364 367 623 629 640 
0 96 98 365 367 624 629 640 
0 366 368 624 630 640 
0 367 368 625 630 640 
0 367 368 626 630 640 
0 628 630 640 
0 630 631 640 
0 640 
0 640 
0 640 
0 640 
0 640 
0 640 
0 640 
0 640 
0 640 
0 640 
0 640 
0 640 
0 640 
0 640 
0 385 392 640 
0 386 395 640 
0 389 396 640 
0 391 392 394 395 640 
0 59 65 640 
0 57 67 332 338 640 
0 55 69 328 337 640 
0 54 70 325 334 640 
0 51 70 321 331 640 
0 50 69 319 330 640 
0 50 68 640 
0 51 66 640 
0 53 64 640 
0 55 62 640 
0 57 59 640 
0 640 
0 640 
0 640 
0 640 
0 640 
0 640 
0 368 369 561 565 640 
0 368 371 562 567 640 
0 368 371 564 570 640 
0 367 372 567 572 640 
0 367 372 570 573 640 
0 367 373 640 
0 367 373 640 
0 367 373 640 
0 367 374 640 
0 367 374 640 
0 366 375 640 
0 367 375 640 
0 367 375 640 
0 367 376 640 
0 368 376 640 
0 368 376 640 
0 369 375 640 
0 369 375 640 
0 369 374 640 
0 369 373 640 
0 370 372 640 
0 640 
0 640 
0 640 
0 640 
0 640 
0 640 
0 640 
0 640 
