0 431 500 640 
0 430 500 640 
0 430 501 640 
0 429 501 640 
0 428 502 640 
0 428 502 640 
0 427 502 557 559 640 
0 427 503 557 559 640 
0 427 503 558 559 640 
0 426 503 640 
0 426 503 640 
0 426 504 640 
0 426 504 640 
0 425 504 640 
0 425 505 640 
0 425 505 640 
0 425 505 640 
0 424 505 640 
0 424 504 640 
0 424 504 640 
0 424 505 640 
0 424 505 640 
0 424 505 640 
0 424 505 640 
0 424 508 640 
0 424 514 640 
0 424 519 640 
0 424 522 640 
0 425 525 640 
0 425 527 640 
0 426 529 640 
0 426 530 640 
0 426 532 640 
0 427 533 640 
0 427 534 640 
0 428 535 640 
0 428 535 640 
0 429 536 640 
0 429 536 640 
0 430 537 640 
0 431 537 640 
0 431 537 640 
0 432 538 640 
0 433 538 640 
0 434 538 640 
0 306 310 435 538 640 
0 306 311 436 538 640 
0 305 311 436 537 640 
0 305 312 437 537 640 
0 305 312 438 536 640 
0 306 312 440 536 640 
0 306 312 441 535 640 
0 306 312 442 535 640 
0 307 312 443 534 640 
0 307 312 445 533 640 
0 308 312 446 532 640 
0 310 312 449 530 640 
0 310 312 451 528 640 
0 455 473 474 525 640 
0 458 465 476 520 640 
0 477 516 640 
0 478 512 640 
0 479 509 640 
0 481 506 640 
0 483 503 640 
0 485 499 640 
0 488 490 492 496 640 
0 640 
0 640 
0 640 
0 640 
0 640 
0 640 
0 640 
0 640 
0 640 
0 640 
0 640 
0 640 
0 640 
0 640 
0 332 334 335 337 640 
0 329 341 640 
0 325 341 640 
0 323 341 640 
0 321 341 640 
0 319 341 640 
0 317 340 640 
0 315 340 640 
0 313 340 640 
0 312 340 640 
0 310 340 640 
0 309 340 640 
0 308 340 640 
0 306 340 487 489 490 491 640 
0 284 289 305 341 485 492 640 
0 280 291 303 341 485 491 640 
0 277 294 302 341 485 491 640 
0 274 297 301 342 484 491 640 
0 272 298 300 342 484 490 640 
0 270 343 484 490 640 
0 269 343 484 489 640 
0 267 344 484 488 640 
0 266 344 485 487 640 
0 264 344 485 486 640 
0 263 345 640 
0 262 345 640 
0 262 345 640 
0 261 346 640 
0 260 346 640 
0 259 346 640 
0 259 346 640 
0 258 346 640 
0 258 345 640 
0 258 345 640 
0 257 344 640 
0 256 344 640 
0 256 343 640 
0 255 343 640 
0 254 342 640 
0 254 341 640 
0 253 341 640 
0 253 341 640 
0 252 340 640 
0 252 340 640 
0 251 339 640 
0 251 339 640 
0 223 226 250 338 640 
0 222 227 250 338 640 
0 222 228 250 338 640 
0 222 229 249 337 640 
0 223 230 249 337 640 
0 223 230 249 336 640 
0 224 230 249 321 323 336 640 
0 225 229 249 321 324 335 640 
0 226 229 249 322 325 334 640 
0 249 322 327 333 640 
0 249 322 329 331 640 
0 250 322 640 
0 250 322 640 
0 250 322 640 
0 251 322 640 
0 251 322 640 
0 252 322 640 
0 252 322 640 
0 253 322 640 
0 253 322 640 
0 254 321 640 
0 254 321 640 
0 254 321 640 
0 255 321 640 
0 255 321 640 
0 255 321 640 
0 256 321 640 
0 256 321 640 
0 257 263 264 320 640 
0 257 262 265 299 300 309 310 317 319 320 640 
0 257 259 260 262 265 298 301 306 307 308 310 316 319 320 640 
0 260 263 265 298 301 306 311 315 640 
0 261 263 266 271 273 298 301 305 312 315 640 
0 262 263 268 271 273 297 302 303 313 315 640 
0 268 271 274 297 302 303 640 
0 275 297 302 303 640 
0 277 298 640 
0 278 299 640 
0 278 307 640 
0 278 309 640 
0 276 310 640 
0 274 312 640 
0 272 315 335 337 640 
0 269 318 334 340 640 
0 268 320 333 342 640 
0 267 321 331 343 640 
0 266 323 330 344 640 
0 95 99 266 325 330 345 640 
0 92 102 265 327 329 345 640 
0 90 105 263 346 640 
0 88 106 261 346 640 
0 87 108 260 347 640 
0 86 108 259 347 640 
0 85 109 258 348 640 
0 84 109 257 340 342 349 640 
0 84 110 256 340 342 350 640 
0 84 110 255 350 640 
0 84 111 254 351 640 
0 84 112 253 352 640 
0 84 113 252 352 640 
0 83 114 250 344 346 353 640 
0 83 114 249 343 346 354 640 
0 83 113 248 344 347 355 640 
0 83 113 248 345 348 355 640 
0 83 112 247 345 349 356 640 
0 83 111 246 346 350 357 640 
0 84 111 246 346 350 357 640 
0 84 111 245 347 351 358 640 
0 84 111 245 347 352 359 640 
0 84 112 244 348 353 360 640 
0 84 112 244 349 354 360 640 
0 84 113 244 350 355 361 640 
0 84 113 244 351 355 362 640 
0 83 114 243 352 356 363 640 
0 84 114 243 354 357 363 640 
0 84 114 243 355 358 364 640 
0 84 114 243 356 358 365 640 
0 85 106 243 365 640 
0 85 106 243 366 640 
0 85 107 243 320 322 367 640 
0 84 107 243 320 324 368 640 
0 84 109 242 321 326 369 640 
0 84 110 243 321 329 370 640 
0 84 110 243 321 331 370 640 
0 83 110 243 321 333 337 340 371 640 
0 83 111 242 270 271 321 341 372 640 
0 82 111 242 270 271 321 342 372 640 
0 82 111 241 269 271 321 344 373 640 
0 81 112 241 268 271 321 345 374 640 
0 80 112 240 265 271 321 346 375 640 
0 80 112 240 264 271 321 347 375 640 
0 80 113 240 262 271 321 337 339 341 343 348 376 640 
0 79 113 239 260 271 321 336 343 349 377 640 
0 79 113 239 259 271 321 334 343 351 378 512 513 640 
0 79 113 238 258 271 321 334 342 352 379 640 
0 78 113 238 257 271 321 333 341 354 379 640 
0 78 113 238 256 271 321 333 340 355 380 640 
0 78 113 238 256 271 321 332 339 357 381 640 
0 78 113 238 256 271 321 332 338 358 382 640 
0 77 104 107 113 238 256 271 321 332 337 360 385 640 
0 76 104 108 114 238 256 271 321 332 336 362 387 640 
0 76 104 108 114 239 256 271 321 332 335 363 388 640 
0 75 104 108 114 239 257 271 321 332 335 365 389 640 
0 75 104 108 115 240 257 271 320 332 334 367 390 640 
0 74 104 108 115 240 257 271 320 332 333 368 390 640 
0 74 104 108 115 241 257 271 320 370 392 640 
0 73 104 108 116 241 257 270 320 371 393 640 
0 72 105 108 116 241 257 270 320 373 393 640 
0 71 105 108 117 242 258 270 320 374 395 640 
0 71 105 109 118 242 258 269 321 376 395 640 
0 71 105 109 119 242 258 269 322 378 397 640 
0 71 105 109 120 243 258 269 322 379 397 640 
0 70 105 109 121 185 187 243 258 268 322 379 398 640 
0 70 105 109 121 183 188 244 258 268 322 379 398 640 
0 69 105 108 122 183 190 244 258 267 322 379 399 640 
0 67 122 182 192 244 258 267 322 380 381 384 399 640 
0 66 123 182 194 245 258 266 322 384 398 640 
0 66 124 182 196 245 259 266 322 384 397 401 404 640 
0 66 125 183 198 246 259 265 322 383 397 399 406 640 
0 66 126 184 200 246 259 265 322 382 407 640 
0 67 127 186 202 246 259 264 322 378 380 383 408 640 
0 67 128 189 204 247 259 263 321 373 380 383 408 640 
0 68 128 191 207 247 259 264 320 369 381 387 408 640 
0 69 128 193 209 248 260 267 319 367 381 387 407 640 
0 70 127 195 211 248 260 270 318 362 381 388 406 640 
0 72 126 197 213 248 260 272 317 359 381 389 406 640 
0 74 125 200 216 249 260 272 317 354 382 389 405 640 
0 75 125 202 218 249 260 272 318 350 382 389 404 640 
0 76 121 204 221 249 261 272 318 347 382 388 404 640 
0 76 115 206 223 244 246 250 261 272 318 342 383 388 404 640 
0 76 112 208 225 243 247 250 261 272 318 339 385 390 399 400 405 640 
0 76 112 211 228 241 248 251 261 270 318 334 385 391 398 401 406 640 
0 76 111 213 231 240 248 251 262 269 318 330 383 393 396 402 407 640 
0 76 111 215 233 240 249 250 262 269 319 326 383 402 407 640 
0 76 111 217 236 239 263 268 319 322 381 403 408 640 
0 75 111 220 263 268 377 404 409 640 
0 75 111 222 263 268 372 405 410 640 
0 75 111 225 264 268 369 406 410 640 
0 75 112 227 265 267 364 407 411 640 
0 75 112 230 265 267 360 407 412 640 
0 75 112 232 265 266 355 408 413 640 
0 75 112 235 351 409 413 640 
0 75 112 236 348 410 414 640 
0 74 112 237 343 410 415 640 
0 74 113 237 339 411 415 640 
0 74 113 236 334 412 416 640 
0 75 113 236 330 413 417 640 
0 77 113 235 327 413 418 640 
0 78 113 235 326 415 419 640 
0 78 113 236 326 415 419 640 
0 78 113 187 189 237 326 416 420 640 
0 78 113 184 191 238 327 417 421 640 
0 78 113 184 192 239 327 417 422 640 
0 78 114 184 193 239 327 418 422 640 
0 78 114 184 193 237 328 419 423 640 
0 78 114 185 193 232 328 420 424 640 
0 78 114 186 190 227 328 421 425 640 
0 78 114 186 187 222 329 421 426 640 
0 78 114 216 329 422 427 640 
0 78 114 212 330 423 427 640 
0 78 114 206 330 424 428 640 
0 78 114 184 185 201 330 424 429 640 
0 78 114 183 185 187 188 195 331 425 430 640 
0 78 115 182 185 186 331 426 430 640 
0 77 115 180 253 256 331 427 431 640 
0 77 115 174 248 256 332 427 432 640 
0 77 115 165 243 257 332 428 433 640 
0 77 115 155 239 256 333 429 433 640 
0 77 115 152 234 256 334 430 434 640 
0 77 116 152 228 256 336 430 435 640 
0 77 116 152 221 255 339 431 436 640 
0 76 116 153 215 255 342 432 437 640 
0 76 116 154 209 255 345 433 437 640 
0 76 116 154 202 255 347 434 438 640 
0 76 117 155 193 255 350 434 439 640 
0 75 117 157 184 254 353 435 440 640 
0 75 117 162 167 176 179 254 356 436 440 640 
0 75 118 164 165 254 359 436 441 640 
0 75 118 254 362 437 442 640 
0 74 118 254 365 438 443 640 
0 74 119 253 368 439 444 640 
0 74 119 253 338 339 372 439 444 640 
0 73 119 253 339 343 375 440 445 640 
0 73 120 253 339 346 378 441 446 640 
0 72 120 253 339 349 381 442 446 640 
0 72 120 253 340 352 384 443 447 640 
0 72 121 252 340 355 388 443 448 640 
0 71 121 252 341 358 392 444 449 640 
0 70 99 102 108 113 122 252 341 361 395 445 450 640 
0 70 99 101 108 115 122 252 342 364 398 446 451 640 
0 70 107 116 122 251 342 367 402 446 451 640 
0 70 107 117 123 251 343 371 406 447 452 640 
0 70 107 118 123 251 343 374 409 448 453 640 
0 75 99 101 107 250 344 377 412 449 454 640 
0 79 89 93 96 101 107 250 345 381 414 449 454 640 
0 80 88 101 106 250 345 385 414 450 455 640 
0 80 88 101 106 250 346 389 413 451 456 640 
0 80 88 101 106 249 346 393 412 452 457 640 
0 80 88 101 107 249 347 398 410 453 457 640 
0 81 88 100 108 249 347 453 458 640 
0 81 88 101 108 249 348 454 459 640 
0 81 88 101 109 248 349 455 460 640 
0 81 88 101 110 248 349 456 460 640 
0 81 88 101 110 248 350 456 461 640 
0 81 88 101 111 247 350 457 462 640 
0 80 89 101 111 247 351 458 463 640 
0 79 90 100 112 247 351 459 464 640 
0 71 114 246 352 459 464 625 628 640 
0 62 111 246 352 460 465 624 629 640 
0 56 106 246 353 461 466 625 630 640 
0 44 46 48 99 245 353 462 467 626 629 640 
0 33 93 245 353 463 467 640 
0 31 88 245 354 463 468 640 
0 29 81 244 354 464 469 640 
0 28 75 244 355 465 470 640 
0 24 71 244 355 466 470 640 
0 17 64 243 355 466 471 640 
0 12 58 243 356 467 472 640 
0 11 52 243 356 468 473 640 
0 11 44 242 356 469 474 640 
0 24 27 242 357 470 474 640 
0 242 357 470 475 640 
0 241 357 471 476 640 
0 241 357 472 477 640 
0 241 358 472 477 640 
0 240 358 473 478 640 
0 240 358 474 479 640 
0 240 359 475 480 640 
0 239 359 475 481 640 
0 239 359 476 481 640 
0 238 360 477 482 640 
0 238 360 478 483 640 
0 238 361 479 483 640 
0 237 361 479 484 640 
0 237 362 480 485 640 
0 237 362 481 486 640 
0 236 361 482 487 640 
0 236 361 482 488 640 
0 235 361 483 488 640 
0 235 362 484 489 640 
0 235 362 485 490 640 
0 234 362 485 490 640 
0 234 363 486 491 640 
0 234 362 487 492 640 
0 234 362 488 493 640 
0 233 361 489 494 640 
0 233 361 489 494 640 
0 233 360 490 495 640 
0 232 359 491 496 640 
0 232 359 492 497 640 
0 232 358 493 497 640 
0 232 357 493 498 640 
0 232 357 494 499 640 
0 233 356 495 500 640 
0 233 356 496 500 640 
0 233 355 497 501 640 
0 233 355 497 502 640 
0 233 354 498 503 640 
0 233 353 499 504 640 
0 232 352 500 505 640 
0 232 351 500 505 640 
0 232 351 501 506 640 
0 232 350 502 507 640 
0 233 348 503 508 640 
0 234 346 503 509 640 
0 238 345 504 509 640 
0 238 343 505 510 640 
0 239 338 341 342 506 511 640 
0 239 338 507 511 640 
0 241 338 507 512 640 
0 244 338 508 513 640 
0 248 339 509 514 640 
0 248 339 509 515 640 
0 247 340 510 515 640 
0 247 340 511 516 640 
0 246 312 313 340 512 517 640 
0 246 309 314 341 513 518 640 
0 246 273 276 290 293 308 319 341 513 518 640 
0 245 273 277 289 294 307 320 341 514 519 640 
0 245 266 269 272 279 281 283 289 296 304 320 342 515 520 640 
0 245 266 286 287 321 342 516 521 640 
0 245 265 321 342 516 522 640 
0 244 265 321 343 517 522 640 
0 244 265 322 343 518 523 640 
0 244 265 322 343 519 524 640 
0 243 265 322 344 520 525 640 
0 243 264 322 344 520 525 640 
0 243 264 323 344 521 526 640 
0 243 264 323 345 522 527 640 
0 243 264 323 345 523 528 640 
0 243 264 323 345 524 529 640 
0 242 263 323 345 524 529 640 
0 242 263 324 345 525 530 640 
0 242 263 324 346 526 531 640 
0 242 263 324 346 527 532 640 
0 242 263 324 346 527 532 640 
0 241 263 324 346 528 533 640 
0 242 263 324 346 529 534 640 
0 242 263 325 346 530 535 640 
0 242 263 325 347 530 536 640 
0 242 262 325 347 531 536 640 
0 242 262 325 347 532 537 640 
0 242 262 325 347 533 538 640 
0 242 262 326 347 534 539 640 
0 242 262 326 347 535 540 640 
0 242 262 326 347 535 540 640 
0 242 262 326 347 536 541 640 
0 242 261 327 347 537 542 640 
0 242 261 327 347 538 543 640 
0 242 261 327 347 538 543 640 
0 242 261 327 347 539 544 640 
0 242 261 327 347 540 545 640 
0 242 261 328 347 541 546 640 
0 242 261 328 347 542 546 640 
0 242 261 328 347 543 547 640 
0 242 260 328 347 543 548 640 
0 242 260 328 347 544 548 640 
0 242 260 329 347 545 549 640 
0 242 260 329 347 546 550 640 
0 242 260 329 347 547 551 640 
0 242 260 329 347 548 551 640 
0 242 260 329 348 548 552 640 
0 242 259 330 348 549 553 640 
0 242 259 330 348 550 554 640 
0 242 259 330 348 551 554 640 
0 242 259 330 348 552 555 640 
0 242 258 331 348 553 556 640 
0 242 258 331 348 554 556 640 
0 242 258 331 348 555 557 640 
0 241 258 331 348 640 
0 242 258 332 348 640 
0 242 258 332 348 640 
0 242 257 332 348 640 
0 242 257 332 348 640 
0 242 257 333 348 640 
0 242 257 333 348 640 
0 242 257 333 348 640 
0 243 257 333 348 640 
0 242 256 333 348 640 
0 242 256 334 348 640 
0 242 256 334 349 640 
0 241 256 334 350 640 
0 240 257 334 351 640 
0 239 257 334 351 640 
0 239 258 333 351 640 
0 239 258 333 352 640 
0 238 258 333 352 640 
0 238 258 332 352 640 
0 238 258 332 353 640 
0 238 258 332 353 640 
0 237 258 332 354 640 
0 237 258 333 354 640 
0 237 257 333 353 640 
