0 640 
0 640 
0 640 
0 640 
0 640 
0 640 
0 640 
0 640 
0 640 
0 640 
0 640 
0 640 
0 640 
0 640 
0 640 
0 640 
0 640 
0 640 
0 640 
0 640 
0 640 
0 640 
0 640 
0 640 
0 640 
0 640 
0 640 
0 640 
0 640 
0 640 
0 259 263 640 
0 258 265 640 
0 257 272 640 
0 257 278 640 
0 257 282 640 
0 257 286 640 
0 256 289 640 
0 256 292 640 
0 256 294 403 404 640 
0 255 297 400 406 640 
0 255 299 394 406 640 
0 255 301 388 406 640 
0 255 303 384 406 640 
0 255 305 380 406 640 
0 254 307 376 406 640 
0 254 309 373 405 640 
0 254 310 370 405 640 
0 254 312 367 405 640 
0 253 314 364 405 640 
0 253 316 362 405 640 
0 253 317 359 405 640 
0 253 319 357 404 640 
0 253 320 355 404 640 
0 253 322 352 404 640 
0 252 324 328 341 350 404 640 
0 252 326 327 343 347 404 640 
0 252 345 346 403 640 
0 252 403 640 
0 252 403 640 
0 251 403 640 
0 251 403 640 
0 251 403 640 
0 251 403 640 
0 251 403 640 
0 250 402 640 
0 250 402 640 
0 250 402 640 
0 250 402 640 
0 250 402 640 
0 250 402 640 
0 250 401 640 
0 250 401 640 
0 250 401 640 
0 250 401 640 
0 250 401 640 
0 250 400 640 
0 250 400 640 
0 250 400 640 
0 250 400 640 
0 250 400 640 
0 250 399 640 
0 251 399 640 
0 251 399 640 
0 253 266 272 399 640 
0 254 264 272 399 640 
0 272 398 640 
0 273 398 640 
0 274 280 281 397 640 
0 276 277 281 375 377 395 640 
0 280 376 378 394 640 
0 280 376 380 394 640 
0 279 377 381 393 640 
0 278 378 384 392 640 
0 278 378 386 388 640 
0 277 379 640 
0 277 380 640 
0 276 380 640 
0 276 381 640 
0 275 382 640 
0 275 382 640 
0 274 383 640 
0 274 383 640 
0 273 384 640 
0 273 384 640 
0 273 385 640 
0 272 385 640 
0 272 386 640 
0 271 386 640 
0 271 387 640 
0 270 387 640 
0 270 387 640 
0 270 387 640 
0 269 387 640 
0 269 388 640 
0 269 388 640 
0 269 388 640 
0 268 388 640 
0 268 388 640 
0 268 388 640 
0 268 388 640 
0 267 387 640 
0 267 387 640 
0 267 387 640 
0 266 387 640 
0 266 388 640 
0 266 388 640 
0 265 388 640 
0 265 388 640 
0 265 387 640 
0 264 387 640 
0 264 387 640 
0 264 387 640 
0 264 387 640 
0 263 386 640 
0 263 386 640 
0 263 386 640 
0 263 385 640 
0 263 385 640 
0 262 384 640 
0 262 384 640 
0 262 383 640 
0 262 382 640 
0 261 382 640 
0 261 382 640 
0 261 381 640 
0 261 380 640 
0 260 380 640 
0 260 380 640 
0 260 380 640 
0 260 380 640 
0 260 380 640 
0 259 380 640 
0 259 380 640 
0 259 381 640 
0 259 381 640 
0 259 381 640 
0 259 371 372 381 640 
0 258 371 373 381 640 
0 258 371 373 381 640 
0 258 371 373 382 640 
0 143 145 258 371 373 382 640 
0 132 134 142 145 258 371 374 382 640 
0 131 136 142 145 258 371 374 382 640 
0 131 137 142 145 257 371 374 382 640 
0 131 138 141 146 257 371 374 383 640 
0 131 139 141 146 257 371 374 383 640 
0 131 147 257 371 375 383 640 
0 131 147 257 371 375 383 640 
0 131 148 257 371 375 383 640 
0 131 148 257 371 375 383 640 
0 131 148 256 371 375 383 640 
0 131 148 256 371 376 384 640 
0 131 149 256 371 376 384 640 
0 131 149 256 372 376 384 640 
0 131 149 159 162 255 372 376 384 640 
0 131 149 159 162 255 372 377 385 640 
0 131 149 158 162 255 372 377 385 640 
0 131 150 158 163 255 372 377 385 640 
0 131 151 157 163 255 372 377 385 640 
0 131 163 255 372 377 385 640 
0 131 163 255 372 378 386 640 
0 131 163 254 372 378 386 640 
0 131 163 254 372 378 386 640 
0 131 163 254 372 378 386 640 
0 131 163 254 372 378 386 640 
0 130 163 254 372 379 387 640 
0 130 162 254 372 379 387 640 
0 130 162 254 373 379 387 640 
0 130 162 254 262 263 373 379 387 640 
0 130 162 253 262 263 373 379 387 640 
0 129 162 172 176 253 261 263 373 380 388 640 
0 129 162 171 176 253 261 263 374 380 388 640 
0 129 162 171 177 253 261 263 374 380 388 640 
0 129 161 171 177 253 261 263 374 380 388 640 
0 129 161 168 169 170 177 253 261 263 374 380 388 640 
0 128 162 167 177 253 261 263 374 381 389 640 
0 128 162 166 178 253 261 263 374 381 389 640 
0 128 162 165 178 252 261 263 374 382 389 640 
0 127 161 165 177 229 240 252 260 263 374 382 389 640 
0 127 161 165 177 229 242 252 260 263 374 382 389 399 407 640 
0 126 177 229 245 252 260 263 374 382 390 398 408 640 
0 120 177 229 247 251 261 263 375 382 390 396 409 640 
0 120 177 228 376 382 391 395 409 640 
0 120 177 228 378 382 392 393 409 640 
0 120 176 228 380 381 409 640 
0 120 176 228 409 640 
0 120 176 228 410 640 
0 121 176 228 410 640 
0 121 176 228 410 640 
0 121 176 228 410 640 
0 121 176 228 410 640 
0 121 176 227 410 640 
0 121 175 227 259 262 410 640 
0 121 175 227 246 249 259 263 410 640 
0 121 175 227 244 249 259 262 410 640 
0 120 175 226 242 250 258 262 393 395 410 640 
0 120 175 226 239 250 258 261 393 398 410 640 
0 119 175 227 237 250 258 260 393 401 410 640 
0 119 174 229 234 250 257 259 393 403 410 640 
0 118 174 250 394 404 409 640 
0 118 174 250 394 640 
0 118 174 250 394 640 
0 117 174 250 395 640 
0 117 174 250 395 640 
0 118 173 249 395 640 
0 118 173 249 395 640 
0 118 173 249 395 640 
0 118 173 249 396 640 
0 118 172 249 396 640 
0 118 172 249 396 640 
0 118 172 249 396 640 
0 119 171 249 397 640 
0 119 171 249 397 640 
0 119 170 248 397 640 
0 120 170 248 397 640 
0 120 170 247 397 640 
0 120 170 246 397 640 
0 121 169 245 398 640 
0 121 169 244 398 640 
0 121 169 244 398 640 
0 121 169 243 398 640 
0 121 169 242 398 640 
0 120 169 241 399 640 
0 120 168 240 399 640 
0 120 168 240 399 640 
0 120 167 239 399 640 
0 121 167 239 400 640 
0 121 166 238 400 640 
0 121 166 237 400 640 
0 122 165 237 400 640 
0 122 165 237 400 640 
0 122 165 237 401 640 
0 123 165 237 401 640 
0 124 165 237 401 640 
0 124 164 237 401 640 
0 124 164 237 401 640 
0 125 164 237 401 640 
0 125 164 237 402 640 
0 125 163 238 402 640 
0 127 163 238 402 640 
0 129 147 154 161 238 402 640 
0 131 145 238 402 640 
0 133 144 238 402 640 
0 134 143 238 402 640 
0 135 142 237 403 640 
0 100 101 135 141 237 403 640 
0 100 103 111 113 124 149 237 403 640 
0 99 105 110 114 120 153 236 403 640 
0 99 106 110 116 118 156 173 174 236 403 640 
0 97 107 111 158 172 176 235 403 640 
0 96 108 111 160 170 177 183 188 235 403 640 
0 97 109 112 162 169 179 181 190 235 403 640 
0 97 111 112 164 168 192 234 403 640 
0 98 166 167 193 234 403 640 
0 99 195 233 404 640 
0 100 126 127 196 233 404 640 
0 102 198 233 404 640 
0 103 199 233 404 640 
0 105 201 232 404 640 
0 106 202 232 394 395 404 640 
0 108 204 232 394 395 404 640 
0 110 206 231 394 396 404 640 
0 112 208 231 394 396 405 640 
0 115 210 230 394 397 405 640 
0 118 212 230 394 397 405 640 
0 121 214 230 394 397 405 640 
0 125 216 229 267 269 394 397 405 640 
0 130 218 229 267 269 394 397 405 640 
0 135 221 229 267 269 394 397 405 640 
0 141 223 229 267 269 394 397 405 640 
0 158 225 228 267 270 394 397 405 640 
0 159 267 270 272 274 394 398 405 640 
0 159 265 270 272 274 394 398 405 640 
0 159 264 270 272 274 394 398 405 640 
0 158 264 270 272 275 395 398 405 640 
0 158 264 271 272 275 395 398 405 640 
0 159 264 275 395 398 406 640 
0 160 264 275 394 398 406 640 
0 163 265 272 273 274 394 398 406 640 
0 165 265 271 393 398 406 640 
0 165 266 269 393 398 406 640 
0 165 266 268 393 398 406 640 
0 165 266 267 393 398 406 640 
0 166 394 398 406 640 
0 167 258 259 395 398 406 640 
0 167 397 398 406 640 
0 168 406 640 
0 170 406 640 
0 174 406 640 
0 177 406 640 
0 182 406 640 
0 187 270 279 406 640 
0 191 270 279 406 640 
0 194 270 280 407 640 
0 196 271 280 407 640 
0 199 260 261 271 280 408 640 
0 202 258 265 271 280 409 640 
0 204 257 266 272 280 411 415 420 640 
0 207 256 267 272 280 421 640 
0 209 255 267 272 280 422 640 
0 211 253 268 273 280 422 640 
0 214 250 268 273 280 422 640 
0 216 245 269 273 279 422 640 
0 218 244 270 274 279 422 640 
0 220 243 270 274 279 422 640 
0 222 241 271 275 279 422 640 
0 224 240 271 275 279 423 640 
0 227 237 272 276 279 424 640 
0 273 276 279 426 640 
0 273 276 278 427 640 
0 274 429 640 
0 275 430 640 
0 276 432 640 
0 277 434 640 
0 277 435 640 
0 278 379 380 437 640 
0 278 379 381 385 386 439 640 
0 277 378 381 385 388 440 640 
0 276 379 382 385 389 442 640 
0 275 379 382 385 390 443 640 
0 275 379 383 385 392 444 640 
0 274 379 383 385 393 445 640 
0 274 379 383 385 394 446 640 
0 273 379 384 385 395 446 640 
0 273 379 384 385 396 446 640 
0 273 379 384 385 398 446 640 
0 273 379 398 446 640 
0 273 379 398 445 640 
0 273 379 399 446 640 
0 273 379 399 447 640 
0 273 379 399 402 404 449 640 
0 273 379 399 402 405 450 640 
0 273 378 399 402 406 452 640 
0 273 378 399 402 407 455 640 
0 273 378 399 401 408 457 640 
0 273 378 399 401 410 460 640 
0 273 378 399 401 410 461 640 
0 273 378 399 401 411 463 640 
0 273 377 413 466 640 
0 273 377 413 469 640 
0 274 377 414 471 640 
0 274 377 415 474 640 
0 274 377 399 400 416 477 640 
0 274 377 399 400 417 479 640 
0 274 377 399 400 418 481 640 
0 274 378 419 482 640 
0 274 378 420 483 640 
0 274 378 421 483 640 
0 274 379 423 470 474 483 640 
0 274 379 424 429 433 471 475 482 640 
0 274 380 434 471 477 481 640 
0 274 380 434 472 640 
0 273 380 435 473 640 
0 273 381 435 474 640 
0 273 381 435 474 640 
0 272 381 435 475 640 
0 272 382 436 476 640 
0 272 382 436 476 640 
0 271 382 436 477 640 
0 271 383 437 477 640 
0 271 383 437 478 640 
0 270 383 437 478 640 
0 270 384 438 479 640 
0 270 384 438 480 640 
0 269 385 438 480 640 
0 269 385 439 481 640 
0 268 385 439 481 640 
0 268 386 440 481 640 
0 268 386 441 482 640 
0 267 387 441 482 640 
0 267 387 442 482 640 
0 266 387 442 483 640 
0 266 388 443 483 640 
0 265 388 444 483 640 
0 265 389 444 475 476 484 640 
0 265 389 445 475 476 484 640 
0 264 390 446 485 640 
0 264 390 447 466 467 485 640 
0 263 390 448 466 468 484 640 
0 263 391 448 466 468 484 640 
0 262 391 449 467 468 483 640 
0 262 392 450 467 468 476 478 483 640 
0 261 392 451 467 468 476 478 482 640 
0 261 392 451 476 478 479 640 
0 261 393 451 476 640 
0 260 393 448 475 640 
0 260 394 447 474 640 
0 259 394 447 472 640 
0 259 395 448 470 640 
0 259 395 449 464 640 
0 258 395 450 455 458 460 640 
0 258 396 640 
0 258 396 640 
0 257 396 640 
0 257 397 640 
0 257 397 640 
0 256 397 640 
0 256 398 640 
0 256 398 640 
0 256 398 640 
0 255 399 640 
0 255 399 640 
0 255 400 640 
0 255 400 640 
0 254 400 640 
0 254 401 640 
0 254 401 640 
0 254 401 640 
0 253 401 640 
0 253 402 640 
0 253 402 640 
0 252 402 640 
0 252 403 640 
0 252 403 640 
0 252 403 640 
0 251 404 640 
0 251 404 640 
0 251 404 640 
0 250 405 640 
0 250 405 640 
0 250 406 640 
0 250 406 640 
0 249 406 640 
0 249 406 640 
0 249 407 640 
0 248 407 640 
0 248 407 640 
0 248 408 640 
0 248 408 640 
0 247 408 640 
0 247 409 640 
0 247 409 640 
0 246 410 640 
0 246 410 640 
0 246 410 640 
0 245 410 640 
0 245 411 640 
0 245 411 640 
0 245 411 640 
0 244 412 640 
0 244 412 640 
0 244 412 640 
0 244 413 640 
0 243 413 640 
0 243 413 640 
0 243 413 640 
0 243 414 640 
0 242 414 640 
0 242 414 640 
0 242 414 640 
0 242 415 640 
0 242 415 640 
0 242 415 640 
0 242 415 640 
0 241 415 640 
0 241 416 640 
0 241 416 640 
0 240 416 640 
0 240 417 640 
0 240 416 640 
