






























































































































639 640 
636 640 
636 640 
634 640 
632 640 
631 640 
631 640 
629 640 
629 640 
628 640 
627 640 
627 640 
626 640 
626 640 
626 640 
625 640 
624 640 
624 640 
624 640 
624 640 
624 640 
624 640 
624 640 
624 640 
624 640 
624 640 
624 640 
624 640 
624 640 
624 640 
624 640 
624 640 
624 640 
625 640 
625 640 
625 640 
625 640 
626 640 
626 640 
626 640 
626 640 
626 640 
627 640 
627 640 
628 640 
628 640 
629 640 
629 640 
629 640 
0 1 630 640 
0 2 630 640 
0 2 630 640 
0 3 630 640 
0 4 631 640 
0 5 631 640 
0 5 632 640 
0 6 632 640 
0 7 632 640 
0 8 632 640 
0 8 633 640 
0 9 633 640 
0 10 634 640 
0 10 634 640 
0 11 635 640 
0 12 635 640 
0 12 635 640 
0 13 636 640 
0 13 636 640 
0 14 636 640 
0 15 637 640 
0 15 637 640 
0 16 637 640 
0 16 637 640 
0 17 638 640 
0 17 638 640 
0 17 638 640 
0 18 35 41 638 640 
0 18 32 42 638 640 
0 18 31 43 639 640 
0 19 29 45 
0 20 27 45 
0 21 25 46 
0 47 
0 47 238 244 
0 48 236 244 
0 48 235 245 
0 48 235 245 
0 49 235 245 
0 49 234 245 
0 50 234 246 
0 50 234 246 
0 50 234 246 
0 50 234 247 
0 51 234 247 
0 51 235 247 
0 51 235 248 
0 51 236 248 
0 52 237 248 
0 52 237 249 
0 52 238 249 
0 52 239 250 
0 52 239 250 308 314 
0 53 240 250 305 318 
0 53 240 251 302 320 
0 53 241 251 300 321 
0 53 241 252 299 322 
0 53 242 252 298 324 
0 53 242 253 297 325 
0 54 243 253 296 326 
0 54 244 254 295 327 
0 54 244 254 294 328 
0 54 245 255 294 328 
0 54 245 255 293 328 
0 54 246 255 292 329 
0 54 246 256 292 330 
0 54 246 256 291 330 
0 54 247 256 291 331 
0 54 247 257 290 331 
0 54 247 258 289 332 
0 54 248 258 289 332 
0 54 249 259 288 332 
0 54 249 259 288 333 
0 54 250 260 288 333 
0 54 250 260 287 333 
0 54 251 260 287 333 
0 54 251 261 287 333 
0 54 251 261 287 334 
0 54 252 262 287 334 
0 54 252 262 287 334 
0 53 253 263 287 334 
0 53 253 263 287 334 
0 53 254 264 288 334 
0 53 254 264 288 334 
0 53 255 265 288 334 
0 53 255 265 288 334 
0 53 256 268 289 335 
0 52 256 268 289 335 
0 52 257 269 290 335 
0 52 257 269 292 335 
0 52 257 270 292 335 
0 52 258 270 293 335 
0 52 258 271 293 335 
0 52 258 277 286 291 293 335 
0 52 258 278 285 335 
0 52 258 279 284 335 
0 53 258 280 283 335 
0 53 258 280 283 335 
0 54 258 281 282 335 
0 55 258 335 
0 56 259 336 
0 57 260 336 
0 58 260 336 
0 62 84 88 261 336 
0 89 261 336 
0 90 261 336 
0 91 261 336 
0 92 261 336 
0 93 261 337 
0 93 261 337 
0 94 261 338 
0 94 261 339 
0 94 261 339 
0 95 261 340 
0 95 261 340 
0 95 261 341 
0 95 261 341 
0 95 261 341 
0 94 261 342 
0 94 262 342 
0 94 262 343 
0 94 262 343 
0 94 262 343 
0 94 262 288 289 343 
0 93 262 287 289 343 
0 93 263 287 290 343 
0 92 263 287 290 343 
0 92 263 286 290 343 
0 91 263 286 290 342 
0 90 264 285 290 342 
0 89 264 285 291 341 
0 55 74 88 264 285 291 341 
0 53 82 84 265 285 291 341 
0 52 265 285 291 341 
0 51 265 285 291 341 
0 51 266 285 291 341 
0 50 266 286 292 341 
0 50 267 286 292 341 
0 50 267 287 291 340 
0 51 267 287 291 340 
0 51 268 288 291 340 
0 51 269 288 291 341 
0 52 270 289 291 341 
0 52 271 279 280 341 
0 52 281 341 
0 53 281 341 
0 53 282 342 
0 54 282 342 
0 54 282 342 
0 55 283 343 
0 55 283 343 
0 55 283 343 
0 56 284 344 
0 56 284 344 
0 56 284 345 
0 56 284 345 
0 57 284 345 
0 57 284 345 
0 57 284 346 
0 58 284 346 
0 58 285 346 
0 58 285 346 
0 58 286 347 
0 59 286 347 639 640 
0 59 286 347 638 640 
0 59 287 348 637 640 
0 59 288 348 637 640 
0 59 289 348 636 640 
0 59 290 348 635 640 
0 59 290 348 634 640 
0 59 291 348 633 640 
0 59 291 348 632 640 
0 59 291 348 631 640 
0 59 291 348 630 640 
0 59 291 348 629 640 
0 59 290 348 628 640 
0 59 291 348 626 640 
0 59 291 348 625 640 
0 59 291 347 624 640 
0 59 291 347 623 640 
0 59 291 346 621 640 
0 59 291 346 620 640 
0 59 291 345 619 640 
0 59 291 344 618 640 
0 59 291 343 615 640 
0 59 291 342 614 640 
0 59 291 340 613 640 
0 59 291 339 611 640 
0 59 290 339 610 640 
0 59 290 339 609 640 
0 59 290 339 607 640 
0 59 289 339 606 640 
0 58 288 339 604 640 
0 58 288 340 603 640 
0 58 287 340 601 640 
0 58 286 340 600 640 
0 58 286 340 596 640 
0 58 285 340 595 640 
0 57 285 341 593 640 
0 57 285 341 592 640 
0 57 285 341 589 640 
0 57 285 341 586 640 
0 57 285 342 583 640 
0 57 285 342 582 640 
0 56 285 342 579 640 
0 56 286 343 574 640 
0 56 286 343 572 640 
0 56 286 344 561 640 
0 56 286 344 552 640 
0 55 286 345 542 640 
0 55 287 345 538 640 
0 55 287 345 534 638 
0 54 288 345 532 637 
0 54 288 346 530 636 
0 53 289 346 530 634 
0 53 289 346 528 632 
0 52 290 347 528 631 
0 51 290 347 527 630 
0 50 290 347 526 629 
0 49 291 347 526 627 
0 48 291 347 526 625 
0 47 292 348 525 624 
0 32 33 46 292 348 525 623 
0 28 292 348 525 622 
0 26 292 348 524 620 
0 25 291 348 524 619 
0 24 290 348 524 618 
0 24 290 348 524 616 
0 23 289 348 524 614 
0 23 289 348 524 613 
0 22 270 275 288 348 524 611 
0 22 269 276 287 348 524 610 
0 22 269 276 286 347 524 608 
0 21 269 277 286 347 524 607 
0 20 269 278 284 347 525 606 
0 20 269 279 282 346 525 603 
0 19 269 346 525 602 
0 19 269 346 525 600 
0 18 270 346 526 599 
0 18 272 346 526 598 
0 17 273 347 527 596 
0 17 274 347 527 594 
0 16 275 348 527 592 
0 16 276 348 528 591 
0 15 277 349 529 590 
0 15 278 349 530 587 
0 14 279 349 530 585 
0 14 280 350 531 583 
0 13 280 350 532 581 
0 13 281 293 295 350 533 580 
0 12 281 293 296 350 534 577 
0 12 282 293 296 350 535 574 
0 11 282 294 296 350 536 572 
0 11 283 350 537 570 
0 10 283 350 538 566 
0 10 284 350 541 564 
0 9 285 350 543 560 
0 9 287 350 548 554 
0 8 289 350 
0 8 291 350 
0 7 291 351 
0 5 292 351 
0 4 293 351 
0 3 294 352 
0 2 295 353 
296 354 
296 355 
297 355 
298 355 
298 356 
298 357 
299 358 
299 359 
299 359 
300 360 
301 361 
301 362 
302 362 
304 363 
304 364 
308 365 
309 366 
310 321 322 323 325 366 
311 321 325 367 
312 322 325 368 
313 323 325 369 
314 323 325 370 
315 324 325 371 
315 372 
316 374 
317 375 
317 376 
317 377 
318 378 
318 378 
319 379 
319 380 
320 380 
320 381 
321 381 
322 382 
322 384 
323 384 
323 384 
