0 225 427 456 585 640 
0 225 428 456 585 640 
0 225 428 456 585 640 
0 225 429 458 585 640 
0 225 430 458 585 640 
0 225 432 459 585 640 
0 225 432 460 585 640 
0 225 430 460 585 640 
0 224 432 460 586 640 
0 224 432 460 586 640 
0 224 433 461 586 640 
0 225 434 461 586 640 
0 225 435 463 464 465 586 640 
0 226 435 465 586 640 
0 227 435 465 586 640 
0 227 435 465 586 640 
0 227 435 466 585 640 
0 227 435 466 585 640 
0 226 435 466 585 640 
0 226 436 466 585 640 
0 226 436 466 586 640 
0 226 437 466 586 640 
0 226 437 466 586 640 
0 226 438 466 586 640 
0 226 438 465 587 640 
0 226 438 465 587 640 
0 226 439 464 588 640 
0 226 439 464 588 640 
0 226 440 464 588 640 
0 226 440 464 588 640 
0 227 441 464 588 640 
0 227 441 464 588 640 
0 226 442 464 589 640 
0 226 442 464 589 640 
0 226 443 463 590 640 
0 226 444 462 590 640 
0 226 445 461 591 640 
0 226 445 460 591 640 
0 226 446 459 592 640 
0 226 447 459 592 640 
0 227 447 458 593 640 
0 227 448 458 593 640 
0 227 448 458 594 640 
0 227 450 458 595 640 
0 228 451 457 595 640 
0 228 453 457 596 640 
0 229 596 640 
0 229 596 640 
0 230 595 640 
0 230 597 640 
0 230 599 640 
0 230 600 640 
0 231 600 640 
0 48 53 231 600 640 
0 45 55 231 601 640 
0 44 57 231 602 640 
0 42 58 232 602 640 
0 41 59 233 603 640 
7 40 60 234 604 640 
14 39 61 234 604 640 
17 38 61 234 604 640 
20 37 61 235 605 640 
0 2 23 28 29 36 61 235 606 640 
0 6 32 35 61 236 607 640 
0 9 61 237 608 640 
0 13 61 71 93 238 608 619 624 640 
0 17 60 69 98 238 608 616 624 640 
0 20 60 67 100 239 608 616 626 640 
0 22 59 65 100 240 628 640 
0 23 59 63 100 240 629 640 
0 24 58 62 100 240 631 640 
0 25 59 61 101 241 634 640 
0 25 102 241 631 632 634 640 
0 26 103 242 635 640 
0 27 104 242 637 640 
0 26 105 242 
0 26 105 243 
0 25 105 243 
0 24 106 243 
0 23 106 243 
0 23 106 244 
0 22 106 244 
0 22 105 106 107 244 
0 21 107 245 
0 21 108 245 
0 20 104 106 107 245 
0 20 104 245 
0 19 105 246 
0 19 106 246 
0 19 107 109 112 247 
0 18 113 247 
0 18 113 247 
0 18 113 247 
0 18 113 247 
0 19 114 247 
0 19 114 247 
0 20 39 41 115 248 
0 21 37 42 116 249 
0 23 36 42 116 249 
0 24 34 42 117 249 
0 41 117 250 
0 41 117 250 
0 41 117 250 
0 41 118 251 
0 41 118 252 
0 41 119 252 
0 41 120 252 
0 41 120 253 
0 41 120 253 
0 41 120 253 
0 41 119 253 
0 42 118 253 
0 42 117 254 
0 42 116 253 
0 42 115 253 
0 42 114 253 
0 42 114 253 
0 42 114 253 
0 42 114 253 
0 42 114 253 
0 42 114 254 
0 42 115 254 
0 42 115 254 
0 42 116 254 
0 43 116 254 
0 43 117 255 
0 43 119 255 
0 44 120 255 
0 44 121 255 
0 44 122 255 
0 45 123 256 
0 45 124 256 
0 45 125 256 
0 46 127 257 
0 46 130 257 
0 46 131 257 
0 46 133 257 
0 47 135 258 
0 47 136 258 
0 47 138 258 
0 47 140 258 
0 47 141 258 
0 48 142 258 
0 48 143 259 
0 48 143 259 
0 48 144 259 
0 48 145 259 
0 48 145 259 
0 48 146 259 
0 48 147 259 
0 47 147 260 
0 47 148 260 
0 47 149 260 
0 47 150 260 
0 47 152 260 
0 47 153 260 
0 47 154 261 
0 46 155 261 
0 46 156 261 
0 46 158 261 
0 46 159 261 
0 46 161 261 
0 45 162 261 
0 45 164 261 
0 44 166 261 
0 44 167 261 
0 43 168 261 
0 43 170 261 
0 42 171 261 
0 42 172 261 
0 41 173 261 
0 40 173 261 
0 40 174 261 
0 39 174 262 
0 39 175 262 
0 38 175 262 
0 37 175 261 
0 37 175 261 
0 36 175 261 
0 35 175 261 
0 34 175 261 
0 34 175 261 
0 33 175 261 
0 32 175 261 
0 32 175 262 
0 31 174 262 
0 30 174 262 
0 29 173 262 
0 29 173 262 
0 28 104 105 172 262 
0 27 172 262 
0 26 172 262 
0 26 171 269 
0 25 171 263 264 268 
0 24 171 262 264 268 280 282 
0 23 171 261 279 282 
0 23 171 261 277 282 
0 22 101 102 171 260 276 282 
0 21 101 102 171 260 276 282 
0 21 171 260 275 282 
0 20 171 259 272 280 283 285 
0 19 171 259 272 280 282 285 
0 18 171 259 272 280 282 285 
0 18 171 259 272 285 
0 17 171 258 272 282 
0 16 101 102 171 257 272 281 
0 15 101 103 171 256 272 280 
0 15 101 103 171 255 272 280 
0 14 101 103 119 120 171 255 273 280 
0 14 101 102 119 121 171 255 273 280 
0 13 119 121 171 254 268 271 273 278 
0 12 119 122 171 254 268 277 
0 11 118 122 171 253 267 276 
0 11 118 122 171 252 267 275 
0 10 98 99 118 123 171 254 267 275 
0 10 98 100 118 123 171 254 267 275 
0 9 98 100 118 124 171 254 269 276 
0 8 98 100 118 124 171 254 269 276 
0 8 98 100 118 124 172 254 269 276 
0 7 98 100 118 125 172 254 269 275 
0 7 98 100 118 125 172 254 269 275 
0 7 98 100 118 125 172 254 269 275 
0 6 97 100 118 125 172 254 269 275 
0 6 97 100 118 125 172 254 269 275 
0 5 97 100 118 125 172 255 267 270 272 274 
0 5 97 100 117 125 172 255 267 270 272 274 
0 5 97 100 117 125 172 255 267 270 272 274 
0 4 96 100 117 125 172 255 267 270 272 274 
0 4 96 100 117 125 173 255 267 270 272 274 
0 3 96 100 117 125 173 255 267 270 272 274 
0 3 96 101 117 125 173 255 267 270 272 274 
0 2 96 101 117 124 173 255 267 270 272 274 
0 2 95 101 117 124 173 254 267 270 
0 2 95 101 116 124 173 255 267 270 
0 2 95 101 116 123 173 255 268 270 
0 1 94 101 116 123 174 255 
0 1 94 101 116 122 174 254 
0 1 93 101 116 122 174 254 
93 101 116 121 174 253 
92 101 116 120 174 253 
92 100 115 120 175 253 
92 100 115 119 175 253 
91 100 115 119 175 251 
91 100 115 118 175 250 
84 85 91 100 115 117 175 250 
84 85 91 99 115 117 175 250 
83 85 91 99 115 116 176 250 
83 85 92 99 100 102 176 250 
83 85 92 99 100 102 176 250 
82 85 92 98 99 102 176 250 
82 85 92 102 177 249 
43 45 82 84 92 101 177 249 
42 45 81 84 86 88 92 101 177 249 
41 45 81 84 86 88 92 101 177 249 
40 45 46 48 80 84 85 88 92 101 177 249 
38 45 46 48 80 83 85 89 92 100 178 249 
37 48 79 83 84 89 92 99 178 250 
36 48 79 83 84 89 92 99 178 250 
35 47 59 60 79 82 83 89 92 98 178 249 
32 33 34 47 59 60 79 90 92 98 179 249 
31 47 59 60 79 90 92 97 179 248 
30 47 59 60 79 90 92 97 179 248 
29 47 58 60 79 97 179 248 
29 47 58 60 79 97 180 248 
27 47 58 60 79 97 180 248 
27 47 58 60 79 97 180 248 
26 47 58 60 79 98 102 103 181 247 
19 20 25 47 58 59 79 98 101 104 181 247 
18 20 24 47 57 59 79 98 101 103 181 247 
16 18 23 47 57 59 79 99 181 246 
16 18 23 47 57 59 79 99 182 246 
15 18 22 47 57 59 79 100 182 246 
14 17 21 47 57 59 79 100 182 247 
13 16 20 47 56 59 79 100 183 246 
5 7 12 15 20 47 56 59 79 100 183 246 
4 6 11 14 18 48 80 100 183 245 
0 1 2 5 10 13 17 48 80 100 183 245 
0 5 9 13 16 48 80 100 184 245 
0 4 8 13 15 48 77 78 80 99 184 244 
0 4 7 13 14 48 76 78 80 99 184 243 
0 3 5 48 75 78 80 98 185 242 
0 3 4 48 75 78 80 98 185 242 
0 48 75 79 81 98 185 242 
0 47 76 97 185 241 
0 46 76 97 186 241 
0 45 76 97 186 240 
0 44 76 96 186 240 
0 43 76 96 187 240 
0 42 76 95 187 240 
0 42 76 95 187 240 
0 41 76 94 187 241 
0 41 62 66 76 94 188 241 
0 40 61 71 75 93 188 241 
0 40 60 71 75 93 188 241 
0 40 59 71 74 93 189 241 
0 40 58 73 74 92 189 241 
0 40 57 92 189 242 
0 40 56 91 190 242 
0 40 56 91 190 242 
0 40 55 90 190 242 
0 40 55 90 191 242 
0 40 54 89 191 242 
0 41 54 89 191 243 
0 41 54 89 191 243 
0 41 53 88 192 244 
0 42 53 88 192 244 
0 42 52 87 192 244 
0 42 52 87 193 244 
0 42 52 86 193 244 
0 42 51 86 193 244 
0 42 50 85 193 245 
0 43 48 85 194 245 
0 43 47 84 194 245 
0 43 47 84 194 245 
0 44 46 83 195 246 
0 83 195 246 
0 82 195 246 
0 82 196 246 
0 81 196 246 
0 80 196 246 
0 80 197 247 
0 79 197 247 
0 79 197 247 
0 78 198 247 
0 78 198 247 
0 77 198 247 
0 77 199 248 
0 76 199 248 
0 76 199 248 
0 75 200 248 
0 74 200 248 
0 74 200 248 
0 73 201 248 
0 73 201 248 
0 72 201 248 
0 72 202 248 
0 71 202 248 
0 71 202 249 
0 70 202 249 
0 69 202 249 
0 69 203 249 
0 68 203 249 
0 68 203 249 
0 67 203 249 
0 67 203 249 
0 66 204 249 
0 65 204 250 
0 65 204 250 
0 65 205 250 
0 65 205 250 
0 66 205 250 
0 65 206 250 
0 64 206 250 
0 64 207 250 
0 63 207 250 
0 62 208 251 
0 61 208 251 
0 60 209 251 
0 59 209 251 
0 59 210 251 
0 59 61 62 210 251 
0 58 210 251 
0 57 60 61 208 209 211 251 
0 57 59 61 208 209 211 252 
0 56 58 60 208 210 211 252 
0 55 57 59 208 210 212 252 
0 55 57 59 208 210 212 252 
0 54 56 59 209 211 212 252 
0 53 56 58 209 211 212 252 
0 52 56 58 210 211 213 252 
0 52 56 57 210 212 213 253 
0 51 55 57 210 211 213 253 
0 51 54 56 213 253 
0 52 53 55 213 254 
0 55 214 254 
0 52 53 54 214 254 
0 51 52 53 214 255 
0 50 51 52 214 255 
0 52 214 255 
0 48 50 51 215 255 
0 48 215 255 
0 47 48 50 215 255 
0 46 48 50 215 256 
0 46 215 256 
0 45 215 255 
0 45 216 255 
0 44 216 255 
0 44 216 255 
0 44 217 255 
0 43 217 255 
0 44 217 255 
0 44 217 255 
0 44 218 255 
0 43 217 255 
0 43 217 255 
0 42 217 255 
0 42 217 256 
0 41 217 256 
0 41 217 256 
0 40 217 256 
0 40 217 256 
0 39 217 256 
0 38 217 257 
0 38 217 257 
0 38 217 257 
0 39 217 258 
0 40 217 258 
0 40 217 259 
0 39 217 259 
0 39 217 259 
0 39 217 260 
0 39 217 260 
0 39 217 261 
0 39 217 261 
0 38 217 261 
0 38 217 261 
0 38 217 262 
0 38 217 262 
0 38 218 263 
0 38 218 263 
0 38 218 263 
0 37 218 263 
0 37 218 265 
0 38 218 266 
0 38 218 268 
0 38 218 268 
0 38 218 270 272 273 
0 38 45 47 57 66 217 280 
0 38 44 67 217 283 
0 39 43 68 216 284 
0 40 41 69 215 285 
0 69 207 285 
0 70 203 286 
0 70 202 289 
0 70 201 290 
0 71 201 291 
0 71 200 291 296 297 
0 71 199 295 296 297 
0 71 199 298 
0 72 198 299 
0 73 197 298 
0 74 197 296 
0 75 81 97 196 294 
0 100 164 172 195 290 
0 102 159 176 194 289 
0 102 156 181 192 287 
0 102 155 287 
0 102 155 286 
0 102 155 286 
0 102 155 286 
0 102 155 286 
0 102 128 135 155 286 
0 102 124 135 155 287 
0 102 124 135 155 288 
0 102 123 135 155 288 
0 102 123 136 155 288 
0 101 123 136 155 290 
0 101 122 136 155 290 
0 101 122 136 155 291 292 293 
0 101 122 136 155 294 
0 101 122 136 154 294 
0 101 121 137 154 294 
0 100 121 137 154 294 
0 100 121 137 154 294 
0 100 121 137 154 295 
0 100 120 137 154 296 
0 100 120 137 154 296 
0 100 120 137 154 297 
0 100 120 137 154 298 
0 100 119 137 154 299 
0 100 119 137 154 299 
0 99 119 137 154 300 
0 99 118 137 154 300 
0 99 118 137 154 301 
0 99 118 137 154 301 
0 99 118 137 154 302 
0 99 117 137 154 302 
0 98 117 137 154 303 
0 98 117 137 153 304 
0 99 116 138 153 304 
