






























72 74 
63 69 71 76 
63 78 
62 78 
62 78 
62 78 
61 78 
61 78 
61 78 
60 78 
60 79 
60 79 
59 79 
59 79 
58 80 
55 83 
51 87 
51 88 
51 88 
52 88 
52 90 
52 93 
53 95 
54 96 
54 98 
55 98 
54 99 
54 100 
54 101 
53 101 
53 101 
53 101 
52 101 
52 100 
52 100 
51 100 
51 100 
50 99 
50 99 
49 99 
48 99 
46 98 
45 98 
43 98 
41 98 
40 97 
39 97 
38 97 
36 96 
34 96 
33 95 539 540 
32 91 538 540 
30 92 538 540 
29 93 531 533 538 540 
27 94 525 526 528 533 538 540 
25 95 524 527 528 534 538 540 
24 95 519 521 525 527 528 535 538 540 
23 96 520 521 525 535 538 540 
22 97 520 521 522 524 525 536 537 540 546 548 
20 98 520 524 525 541 544 547 
12 99 521 522 523 541 543 547 
3 100 521 522 523 541 542 546 
0 100 522 546 
0 102 523 545 
0 103 523 545 
0 103 522 545 
0 105 519 546 
0 105 517 546 
0 106 517 547 
0 107 518 547 
0 107 520 548 
0 108 519 548 
0 109 519 548 
0 110 520 549 
0 111 520 549 
0 112 116 118 521 547 
0 113 115 118 521 546 
0 113 115 118 522 547 
0 118 521 548 
0 118 519 550 
0 119 518 551 
0 119 517 552 
0 119 516 553 
0 119 515 554 
0 120 514 555 
0 120 513 556 
0 121 512 557 
0 125 129 130 511 558 
0 135 511 559 
0 136 509 560 
0 137 508 561 
0 136 507 562 
0 136 139 143 506 563 
0 143 505 564 
0 143 505 565 
0 142 504 566 
0 142 503 567 
0 141 502 568 
0 140 501 569 
0 139 500 570 
0 138 499 571 
0 137 498 572 
0 136 497 573 
0 135 497 577 
0 134 496 586 
0 134 495 587 
0 133 495 587 
0 133 492 588 
0 132 483 486 487 488 491 590 
0 132 482 592 596 599 
0 131 480 593 595 600 
0 130 480 600 
0 130 481 600 
0 129 479 600 
0 129 472 600 
0 128 472 599 
0 128 471 598 
0 127 472 595 
0 127 474 594 
0 126 475 593 
0 127 476 593 
0 127 477 592 
0 127 477 592 
0 128 478 591 
0 128 479 590 
0 129 479 590 
0 129 480 589 
0 130 480 589 
0 130 481 588 
0 131 481 587 
0 132 481 587 
0 132 482 586 
0 132 483 586 
0 132 483 585 
0 133 484 585 
0 133 484 585 
0 133 484 585 
0 134 484 585 
0 134 483 586 
0 135 483 586 
0 135 483 586 
0 135 482 587 
0 136 482 587 
0 136 482 588 
0 136 482 588 
0 137 481 588 
0 137 481 588 
0 137 481 589 
0 137 480 589 
0 138 480 589 
0 138 480 590 
0 138 480 590 
0 138 479 590 
2 138 479 589 
2 139 479 588 
3 139 479 587 
3 139 479 587 
4 139 478 587 
5 140 478 586 
6 140 478 586 
6 140 477 585 
8 11 12 140 477 584 
8 11 12 140 477 583 
10 141 477 583 
12 141 476 582 
13 141 476 582 
14 141 476 579 580 581 
14 141 475 577 
13 142 475 575 
13 141 475 574 
13 141 474 574 
14 141 474 573 
15 141 473 566 567 570 
15 141 473 565 567 569 
15 141 472 565 
16 141 471 565 
16 141 470 565 
16 141 469 564 
17 141 469 564 
17 141 467 565 
17 140 465 566 
17 140 464 565 
18 140 463 565 
18 140 463 564 
18 140 462 563 
19 139 461 564 
19 139 459 565 
19 138 458 567 
20 138 457 568 
20 138 456 570 
20 137 456 458 462 571 
20 137 462 466 467 573 
21 136 467 575 
21 136 466 576 
22 136 465 578 
22 135 466 556 557 580 
23 26 27 135 466 555 558 562 564 581 626 629 
28 135 465 554 558 562 565 583 624 630 
28 134 464 554 559 562 567 590 624 632 635 640 
30 133 462 554 560 563 569 598 622 640 
30 133 462 553 561 563 571 601 621 640 
31 39 44 132 467 550 551 553 561 563 572 604 620 640 
31 39 45 132 468 551 571 606 620 640 
31 35 36 39 47 131 467 552 571 608 619 640 
32 34 37 40 45 122 124 131 466 468 470 553 570 610 619 640 
37 40 44 122 124 130 470 554 569 612 618 640 
42 110 111 115 117 121 125 128 471 556 569 614 618 640 
40 109 111 115 117 121 126 128 471 558 568 640 
39 109 111 114 118 120 470 562 568 584 585 640 
38 109 111 114 119 120 470 475 478 583 587 640 
37 109 110 114 478 582 589 640 
36 114 478 581 590 640 
35 115 478 583 593 640 
34 117 478 587 595 640 
33 118 478 590 597 640 
32 118 475 590 598 640 
32 119 472 591 600 640 
31 120 471 592 601 640 
30 121 468 592 601 640 
29 123 462 592 600 640 
22 124 460 591 600 640 
18 125 459 590 599 640 
17 126 459 590 599 640 
16 127 458 590 598 640 
15 127 458 590 598 640 
14 128 458 590 597 640 
14 128 458 592 597 640 
13 129 459 640 
13 129 460 640 
12 130 461 640 
12 130 463 640 
11 131 464 640 
11 132 465 640 
11 133 466 640 
11 133 467 640 
10 134 468 640 
10 134 469 640 
9 135 468 640 
8 136 469 640 
7 136 470 640 
6 137 471 640 
6 137 471 640 
5 138 472 640 
5 138 472 640 
4 138 473 640 
4 139 473 640 
3 139 473 640 
2 139 473 640 
1 139 474 640 
0 140 474 640 
0 140 474 637 
0 140 475 637 
0 140 475 633 
0 140 476 633 
0 140 476 633 
0 140 477 633 
0 140 478 634 
0 140 478 636 
0 140 479 640 
0 140 480 640 
0 139 481 640 
0 139 482 640 
0 139 483 640 
0 138 483 640 
1 138 483 640 
2 138 483 640 
0 1 2 137 483 640 
0 138 483 640 
0 138 483 639 
0 138 483 640 
0 138 483 640 
0 138 483 640 
0 138 483 640 
0 138 482 640 
0 138 482 640 
0 138 482 640 
0 138 482 640 
0 137 482 640 
0 137 482 597 600 640 
0 137 482 595 602 640 
0 136 482 593 603 640 
0 136 482 591 604 640 
0 135 482 589 605 640 
0 135 482 587 607 640 
0 134 482 585 608 640 
0 133 482 583 609 640 
0 133 481 581 611 640 
0 132 481 579 611 640 
0 133 481 578 612 640 
0 133 481 577 613 640 
0 132 481 577 614 640 
1 132 481 576 615 640 
2 132 481 576 617 640 
0 133 481 575 618 640 
0 133 481 575 620 640 
0 133 480 575 621 640 
0 133 480 574 623 640 
0 134 480 574 626 640 
0 134 479 573 628 637 
0 134 479 573 
0 134 478 572 
0 134 478 572 
0 135 477 571 
0 135 476 571 
0 135 476 570 
0 135 475 569 
0 136 475 569 
0 136 474 568 
0 136 474 568 
0 136 473 567 
0 137 473 566 
0 137 472 566 
0 137 472 565 
0 137 471 564 
0 137 471 564 
0 137 470 563 
0 137 469 562 
0 138 469 562 
0 138 468 561 
0 138 467 560 
0 138 466 560 
0 138 466 559 
0 138 467 559 
0 138 469 559 
0 138 472 558 
0 138 474 558 
0 139 477 557 
0 139 480 557 
0 139 482 556 
0 139 481 556 
0 139 480 555 
0 139 478 554 
0 139 476 554 
0 139 475 553 
0 139 475 553 
0 139 475 554 
0 139 475 554 
0 139 475 555 
0 139 475 555 
0 139 476 556 
0 139 476 556 
0 138 475 557 
0 138 475 557 
0 138 474 558 
0 138 473 558 
0 138 473 559 
0 139 472 560 
0 139 472 561 
0 140 471 562 
0 140 470 562 
0 140 470 563 
0 141 469 563 
0 141 469 564 
0 142 469 564 
0 142 468 565 
0 142 468 566 
0 142 467 566 
0 142 467 567 
0 141 466 567 
0 139 466 567 
0 136 465 568 
0 132 465 568 
0 131 465 569 
0 130 465 569 
0 129 465 570 
0 129 464 570 
0 128 464 570 
0 127 464 571 
0 128 464 571 
0 129 463 571 
0 131 463 572 
0 133 463 572 
0 134 463 573 
0 134 463 573 
0 134 462 573 
0 134 462 574 
0 134 462 574 
0 134 462 574 
0 134 462 575 
0 134 462 575 
0 135 461 575 
0 136 461 576 
0 137 461 576 
0 138 461 577 
0 140 461 577 
0 141 461 577 
0 142 461 577 
0 144 460 578 
0 145 460 578 
0 146 460 578 
0 147 460 578 
0 149 460 579 
0 150 460 579 
0 151 460 579 
0 152 459 580 
0 152 459 580 
0 153 459 580 
0 154 459 581 
0 154 459 581 
0 155 459 582 
0 156 459 582 
0 157 459 582 
0 157 458 582 
0 158 458 583 
0 158 458 583 
0 159 458 583 
0 160 458 584 
0 160 458 584 
0 160 458 584 
0 161 457 584 
0 162 457 585 
0 162 457 585 
0 162 457 585 
0 163 457 586 
0 163 456 586 
0 164 456 587 
0 164 456 587 
0 165 456 587 
0 165 456 587 
0 165 455 588 
0 166 455 588 
0 166 455 588 
0 167 455 589 
0 167 455 589 
0 168 455 589 
0 168 454 590 
0 168 454 590 
0 168 454 590 
0 169 454 591 
0 169 453 591 
0 169 453 592 
0 170 453 592 
0 170 452 592 
0 171 452 592 
0 171 452 593 
0 172 452 593 
0 172 451 593 
0 172 451 594 
0 172 451 594 
0 173 450 594 
0 173 450 595 
0 173 450 595 
0 174 450 595 
0 174 449 596 
0 175 449 596 
0 175 449 597 
0 175 449 597 
0 176 448 597 
0 176 448 598 
