0 640 
0 640 
0 640 
0 640 
0 640 
0 640 
0 640 
0 640 
0 640 
0 640 
0 640 
0 640 
0 640 
0 640 
0 640 
0 640 
0 640 
0 640 
0 640 
0 640 
0 640 
0 640 
0 640 
0 640 
0 640 
0 640 
0 640 
0 640 
0 640 
0 640 
0 640 
0 640 
0 640 
0 640 
0 640 
0 640 
0 640 
0 640 
0 640 
0 640 
0 640 
0 640 
0 640 
0 640 
0 640 
0 640 
0 640 
0 640 
0 640 
0 640 
0 640 
0 640 
0 640 
0 640 
0 640 
0 640 
0 640 
0 640 
0 640 
0 640 
0 640 
0 640 
0 640 
0 640 
0 640 
0 640 
0 640 
0 640 
0 640 
0 640 
0 640 
0 640 
0 640 
0 640 
0 640 
0 640 
0 640 
0 640 
0 640 
0 640 
0 640 
0 640 
0 640 
0 640 
0 640 
0 640 
0 640 
0 640 
0 640 
0 640 
0 640 
0 640 
0 640 
0 640 
0 640 
0 640 
0 640 
0 640 
0 640 
0 640 
0 640 
0 640 
0 640 
0 640 
0 640 
0 640 
0 640 
0 640 
0 640 
0 640 
0 640 
0 640 
0 640 
0 640 
0 640 
0 640 
0 640 
0 640 
0 640 
0 640 
0 640 
0 640 
0 640 
0 640 
0 640 
0 640 
0 640 
0 640 
0 640 
0 640 
0 640 
0 640 
0 640 
0 640 
0 315 323 339 364 640 
0 301 323 335 367 640 
0 297 324 331 369 640 
0 296 324 328 370 640 
0 274 288 296 371 640 
0 269 372 640 
0 264 372 640 
0 258 372 640 
0 257 372 640 
0 255 371 640 
0 254 371 640 
0 253 371 640 
0 252 371 640 
0 252 370 640 
0 252 370 640 
0 251 370 640 
0 251 370 640 
0 251 370 640 
0 252 370 640 
0 252 370 640 
0 252 369 640 
0 253 368 640 
0 254 368 640 
0 254 368 640 
0 254 368 640 
0 254 367 640 
0 254 367 640 
0 255 366 640 
0 256 364 640 
0 256 364 640 
0 256 364 640 
0 256 365 640 
0 256 364 640 
0 257 363 640 
0 258 361 640 
0 258 360 640 
0 258 361 640 
0 259 360 640 
0 259 359 640 
0 260 352 354 357 640 
0 261 352 640 
0 262 273 275 352 640 
0 263 272 275 352 640 
0 263 271 275 352 640 
0 263 270 274 352 640 
0 264 269 274 352 640 
0 265 268 274 352 640 
0 274 353 640 
0 274 353 640 
0 274 354 640 
0 274 354 640 
0 274 354 640 
0 274 355 640 
0 274 355 640 
0 273 355 640 
0 273 355 640 
0 273 355 640 
0 273 355 640 
0 274 356 640 
0 274 356 640 
0 274 355 640 
0 274 355 640 
0 274 355 640 
0 273 355 640 
0 273 354 640 
0 273 352 640 
0 273 351 640 
0 273 351 640 
0 273 350 640 
0 272 349 640 
0 272 348 640 
0 272 348 640 
0 272 346 640 
0 272 345 640 
0 271 345 640 
0 271 345 640 
0 271 345 640 
0 271 345 640 
0 271 345 640 
0 270 345 640 
0 270 345 640 
0 270 345 640 
0 270 345 640 
0 270 345 640 
0 269 345 640 
0 269 345 640 
0 269 345 640 
0 269 345 640 
0 269 345 640 
0 269 345 640 
0 269 345 640 
0 268 345 640 
0 268 345 640 
0 268 345 640 
0 268 345 640 
0 268 345 640 
0 267 345 640 
0 267 345 640 
0 266 345 640 
0 265 345 640 
0 265 345 640 
0 264 345 640 
0 263 345 640 
0 262 345 640 
0 261 346 640 
0 260 265 266 348 640 
0 259 264 265 349 640 
0 258 263 265 351 640 
0 257 263 265 352 640 
0 256 262 265 354 640 
0 256 261 264 355 640 
0 255 260 264 356 640 
0 255 259 264 357 640 
0 255 257 263 358 640 
0 263 358 640 
0 262 358 640 
0 262 358 640 
0 262 358 640 
0 261 358 640 
0 261 357 640 
0 261 357 640 
0 261 358 640 
0 260 358 640 
0 260 358 640 
0 260 358 640 
0 260 263 265 358 640 
0 260 262 265 359 640 
0 260 262 266 359 640 
0 260 262 266 359 640 
0 260 262 266 359 640 
0 260 261 266 359 640 
0 260 261 266 359 640 
0 260 261 266 359 640 
0 266 359 640 
0 266 359 640 
0 265 359 640 
0 265 359 640 
0 265 359 640 
0 265 359 640 
0 265 359 640 
0 265 359 640 
0 265 359 640 
0 264 359 640 
0 264 359 640 
0 264 359 640 
0 264 359 640 
0 264 359 640 
0 264 359 640 
0 264 359 640 
0 263 359 640 
0 263 359 640 
0 263 359 640 
0 263 360 640 
0 263 360 640 
0 263 360 640 
0 263 360 640 
0 262 360 640 
0 262 360 640 
0 262 361 640 
0 262 361 640 
0 262 361 640 
0 262 361 640 
0 261 361 640 
0 261 361 640 
0 261 361 640 
0 260 361 640 
0 260 361 640 
0 260 361 640 
0 260 361 640 
0 260 361 640 
0 259 361 640 
0 259 361 640 
0 259 362 640 
0 259 363 640 
0 258 364 640 
0 258 365 640 
0 258 366 640 
0 258 367 640 
0 258 368 640 
0 257 369 640 
0 257 370 640 
0 256 371 640 
0 256 372 640 
0 255 373 640 
0 255 374 640 
0 254 375 640 
0 253 377 640 
0 252 378 640 
0 252 379 640 
0 251 379 640 
0 250 380 640 
0 250 382 640 
0 249 382 640 
0 249 383 640 
0 248 384 640 
0 247 385 640 
0 247 386 640 
0 246 387 640 
0 245 388 640 
0 245 389 640 
0 244 390 640 
0 243 391 640 
0 243 392 640 
0 242 393 640 
0 242 394 640 
0 241 395 640 
0 240 396 640 
0 240 397 640 
0 239 398 640 
0 238 399 640 
0 238 400 640 
0 237 400 640 
0 236 399 640 
0 236 398 640 
0 235 398 640 
0 234 399 640 
0 234 401 640 
0 233 403 640 
0 232 405 640 
0 232 407 640 
0 231 410 640 
0 230 412 640 
0 230 413 640 
0 229 414 640 
0 228 415 640 
0 228 416 640 
0 227 416 640 
0 226 412 414 415 640 
0 226 412 640 
0 225 413 640 
0 226 414 640 
0 226 384 386 415 640 
0 225 383 386 415 640 
0 224 383 387 416 640 
0 222 383 388 409 410 416 640 
0 220 383 389 409 411 417 640 
0 217 383 390 410 412 417 640 
0 215 382 391 404 405 410 413 418 640 
0 213 382 392 404 406 411 414 418 640 
0 212 382 393 404 406 411 414 419 640 
0 210 382 394 405 407 412 415 419 640 
0 209 382 394 405 408 412 416 420 640 
0 209 382 395 406 408 412 416 420 640 
0 209 213 214 382 396 400 401 406 408 412 417 420 640 
0 210 211 214 381 396 400 402 406 409 412 417 421 640 
0 213 381 396 400 402 406 409 413 418 421 640 
0 212 381 394 400 402 406 409 413 418 421 640 
0 212 381 395 406 409 412 419 421 640 
0 211 381 396 398 401 406 408 411 640 
0 210 381 402 405 640 
0 210 261 263 381 640 
0 209 261 263 381 640 
0 209 260 262 381 640 
0 208 214 216 260 262 380 640 
0 208 213 215 259 262 380 640 
0 207 212 215 221 222 258 261 380 640 
0 207 211 214 220 222 258 261 380 640 
0 207 211 214 219 221 233 235 257 260 380 640 
0 206 210 214 218 221 232 234 257 260 380 640 
0 206 210 213 218 220 231 234 256 260 380 640 
0 205 210 213 217 220 231 234 255 259 379 640 
0 205 209 213 217 220 230 234 255 259 379 640 
0 205 209 213 217 219 224 225 230 235 254 259 379 640 
0 205 209 213 217 219 223 225 229 235 254 258 378 640 
0 206 208 213 216 219 223 226 230 235 253 258 378 640 
0 206 207 213 216 218 224 225 231 235 252 258 378 640 
0 214 231 236 252 258 377 640 
0 215 217 220 225 227 229 236 251 257 376 640 
0 221 224 237 251 257 376 640 
0 238 250 257 375 640 
0 239 250 256 375 640 
0 240 249 256 375 640 
0 242 248 256 375 640 
0 243 247 255 375 640 
0 255 375 640 
0 255 376 640 
0 254 376 640 
0 254 376 640 
0 254 377 640 
0 253 377 640 
0 253 377 640 
0 253 378 640 
0 252 378 640 
0 252 378 640 
0 252 379 640 
0 251 379 640 
0 251 380 640 
0 251 380 640 
0 250 380 640 
0 250 380 640 
0 250 381 640 
0 250 381 640 
0 249 381 640 
0 249 382 640 
0 249 382 640 
0 248 382 640 
0 248 383 640 
0 248 383 640 
0 247 383 640 
0 247 384 640 
0 247 384 640 
0 246 384 640 
0 246 385 640 
0 246 385 640 
0 245 385 640 
0 245 386 640 
0 245 386 640 
0 244 386 640 
0 244 387 640 
0 244 387 640 
0 244 387 640 
0 243 388 640 
0 243 388 640 
0 243 388 640 
0 242 388 640 
0 242 389 640 
0 242 389 640 
0 241 390 640 
0 241 390 640 
0 241 390 640 
0 240 390 640 
0 240 390 640 
0 240 391 640 
0 239 391 640 
0 239 391 640 
0 239 391 640 
0 239 392 640 
0 238 392 640 
0 238 392 640 
0 238 392 640 
0 237 392 640 
0 237 392 640 
0 237 393 640 
0 237 393 640 
0 236 393 640 
0 236 393 640 
0 236 393 640 
0 235 394 640 
0 235 394 640 
0 235 394 640 
0 235 394 640 
0 235 394 640 
0 234 394 640 
0 234 395 640 
0 234 395 640 
0 234 395 640 
