
































































































































































365 380 
360 386 
355 390 
353 393 
350 395 
345 398 
340 399 
337 400 
335 402 
332 403 
330 404 
328 406 
326 407 
325 409 417 419 
323 423 
322 427 
320 429 
320 430 
319 432 
317 434 
317 435 
315 437 
315 438 
314 440 
313 441 
312 442 
311 443 
310 444 
309 445 
308 446 
307 446 
306 447 
306 448 
305 448 
304 449 
303 450 
303 450 
302 451 
302 452 
301 453 
300 453 
299 453 
299 454 
298 454 
297 455 
297 455 
296 456 
296 456 
295 456 
295 457 
294 457 
293 457 
293 458 
292 458 
292 458 
291 459 
290 459 
290 459 
290 460 
289 460 
289 460 
288 460 
288 460 
287 461 
287 461 
286 461 
286 461 
285 461 
285 462 
285 462 
284 462 
284 462 
283 462 
283 463 
283 463 
282 463 
282 463 
282 463 
281 464 
281 464 
281 464 
280 464 
280 464 
280 464 
279 464 
279 464 
279 465 
279 465 
278 465 
278 465 
278 465 
278 465 
277 465 
277 465 
277 465 
277 465 
277 465 
276 465 
276 465 
276 465 
275 465 
275 465 
275 465 
275 465 
275 465 
275 465 
275 465 
275 465 
275 465 
275 465 
275 465 
275 465 
275 465 
275 465 
275 465 
275 465 
275 465 
275 465 
275 465 
276 465 
276 465 
276 465 
276 464 
276 464 
277 464 
277 464 
277 464 
277 463 
278 463 
278 463 
279 463 
279 463 
279 462 
280 462 
280 462 
280 462 
281 461 
281 461 
281 461 
282 460 
282 460 
282 459 
283 459 
283 458 
284 458 
284 457 
285 457 
285 456 
286 456 
286 455 
287 455 
288 454 
288 454 
289 453 
290 453 
290 452 
291 452 
292 451 
292 450 
293 449 
294 448 
294 447 
295 446 
296 445 
297 444 
297 443 
298 442 
299 442 
300 441 
301 440 
302 439 
303 438 
305 438 
306 437 
307 436 
309 435 
310 434 
312 432 
313 431 
315 430 
317 428 
320 427 
322 426 
325 424 
328 423 
331 421 
335 420 
339 418 
342 416 
345 414 
345 412 
347 411 
348 361 362 409 
351 360 366 406 
351 359 371 402 
353 358 375 399 
354 357 383 391 392 393 


























































































































