0 640 
0 555 556 640 
0 550 555 640 
0 549 554 640 
0 547 553 640 
0 546 552 640 
0 545 551 640 
0 544 550 640 
0 543 549 640 
0 542 548 640 
0 542 547 640 
0 541 546 640 
0 540 544 640 
0 539 541 640 
0 640 
0 640 
0 640 
0 640 
0 640 
0 640 
0 640 
0 640 
0 640 
0 640 
0 640 
0 640 
0 640 
0 640 
0 50 52 640 
0 51 52 640 
0 52 53 640 
0 640 
0 640 
0 640 
0 640 
0 640 
0 640 
0 640 
0 640 
0 640 
0 640 
0 640 
0 640 
0 640 
0 640 
0 640 
0 640 
0 640 
0 640 
0 640 
0 640 
0 640 
0 640 
0 640 
0 640 
0 640 
0 640 
0 640 
0 640 
0 640 
0 76 77 640 
0 75 76 640 
0 640 
0 640 
0 72 73 640 
0 71 72 640 
0 70 72 640 
0 70 71 640 
0 640 
0 640 
0 640 
0 640 
0 640 
0 640 
0 640 
0 640 
0 640 
0 640 
0 640 
0 640 
0 640 
0 640 
0 640 
0 640 
0 640 
0 640 
0 640 
0 640 
0 640 
0 640 
0 640 
0 640 
0 640 
0 640 
0 640 
0 331 339 640 
0 328 341 640 
0 325 345 640 
0 322 349 640 
0 320 352 640 
0 319 354 640 
0 318 355 640 
0 316 357 640 
0 315 359 640 
0 314 360 640 
0 313 361 390 391 640 
0 312 362 389 393 640 
0 311 363 389 393 640 
0 309 365 390 393 640 
0 308 366 390 392 640 
0 307 367 640 
0 306 368 640 
0 306 369 640 
0 305 370 640 
0 304 371 640 
0 303 372 640 
0 47 49 303 373 640 
0 44 52 302 373 640 
0 42 52 253 254 302 374 640 
0 40 51 251 255 302 374 640 
0 39 50 249 255 301 375 640 
0 38 48 248 255 301 375 640 
0 37 47 246 254 300 376 640 
0 36 46 245 254 300 376 640 
0 36 45 245 253 299 376 640 
0 39 41 245 252 299 376 640 
0 244 251 298 377 640 
0 245 250 297 377 532 537 640 
0 245 249 296 377 527 537 640 
0 246 248 296 377 524 537 640 
0 295 378 522 536 640 
0 294 378 521 536 640 
0 294 378 520 535 640 
0 293 378 519 534 640 
0 293 378 518 534 640 
0 292 379 518 533 640 
0 291 379 517 532 640 
0 290 376 517 531 640 
0 5 6 290 376 516 529 640 
0 3 8 289 376 516 528 640 
0 3 8 287 376 516 525 640 
0 2 9 286 376 515 522 640 
0 2 9 285 376 516 522 640 
0 2 9 283 375 518 523 640 
0 2 9 280 374 519 523 547 548 640 
0 2 8 276 367 369 372 519 524 547 552 640 
0 2 7 275 367 369 371 520 524 548 554 640 
0 273 366 369 370 520 525 550 555 640 
0 273 275 278 365 521 525 552 556 640 
0 280 363 522 525 554 556 640 
0 281 362 522 525 640 
0 281 361 523 525 640 
0 279 359 640 
0 276 356 640 
0 275 356 640 
0 274 356 640 
0 273 356 640 
0 272 356 640 
0 270 356 640 
0 114 116 270 357 640 
0 113 117 270 358 640 
0 112 117 273 358 640 
0 112 118 274 356 640 
0 112 118 273 354 640 
0 112 118 273 353 640 
0 112 117 273 352 640 
0 112 116 273 351 640 
0 112 115 273 351 640 
0 112 113 275 350 640 
0 275 349 640 
0 274 349 640 
0 276 349 640 
0 277 346 640 
0 278 336 339 345 640 
0 278 336 341 344 640 
0 280 336 640 
0 283 337 640 
0 283 285 287 338 640 
0 287 339 640 
0 287 301 304 340 640 
0 287 298 303 341 640 
0 287 297 303 343 640 
0 287 295 301 345 640 
0 300 347 640 
0 298 348 640 
0 297 350 640 
0 296 351 640 
0 295 353 640 
0 294 354 640 
0 292 355 640 
0 292 356 640 
0 291 357 640 
0 291 357 640 
0 291 358 640 
0 290 358 640 
0 290 359 640 
0 290 360 640 
0 290 360 640 
0 290 360 640 
0 290 361 640 
0 290 361 640 
0 290 361 640 
0 291 361 640 
0 291 362 640 
0 292 362 640 
0 292 362 640 
0 292 362 640 
0 292 363 640 
0 293 363 640 
0 293 364 640 
0 293 364 640 
0 293 365 640 
0 294 366 640 
0 294 366 640 
0 294 367 640 
0 294 368 640 
0 294 368 640 
0 294 369 640 
0 294 369 640 
0 294 370 640 
0 295 370 640 
0 295 371 640 
0 295 371 640 
0 74 75 295 371 640 
0 71 77 295 371 640 
0 71 78 295 371 640 
0 70 79 295 372 640 
0 71 79 295 372 640 
0 73 79 295 372 640 
0 75 77 295 371 640 
0 295 371 640 
0 295 371 640 
0 295 371 640 
0 295 370 640 
0 295 370 640 
0 295 370 640 
0 295 370 640 
0 295 371 640 
0 295 371 640 
0 295 371 640 
0 295 372 640 
0 295 372 640 
0 295 373 640 
0 295 373 640 
0 295 374 640 
0 295 374 640 
0 295 375 640 
0 295 375 640 
0 295 375 640 
0 295 376 640 
0 295 376 640 
0 295 377 640 
0 295 377 640 
0 295 378 640 
0 295 378 640 
0 295 379 640 
0 295 379 640 
0 295 379 640 
0 294 380 640 
0 293 380 640 
0 291 381 640 
0 290 381 640 
0 287 382 640 
0 285 359 360 382 640 
0 282 359 361 383 640 
0 74 76 279 359 362 383 472 473 640 
0 74 78 278 359 362 384 472 473 640 
0 74 79 278 359 363 385 472 474 640 
0 73 79 279 359 363 385 473 474 640 
0 73 79 279 359 364 386 473 474 640 
0 73 79 281 359 364 387 640 
0 73 80 284 292 296 359 365 387 640 
0 73 80 296 359 365 388 640 
0 74 80 297 359 366 389 640 
0 75 79 297 359 366 390 640 
0 297 359 367 390 640 
0 297 359 367 391 640 
0 298 359 368 391 640 
0 298 359 369 392 640 
0 298 359 369 393 640 
0 298 360 370 394 640 
0 299 360 370 394 640 
0 299 361 371 395 412 415 420 422 640 
0 300 361 371 396 412 417 420 424 640 
0 300 362 372 396 412 426 640 
0 301 362 373 397 401 402 413 427 640 
0 302 364 373 398 400 406 413 429 640 
0 303 365 374 399 400 410 413 430 640 
0 304 369 374 399 402 432 640 
0 305 369 375 400 403 433 640 
0 306 369 375 401 404 434 640 
0 307 369 376 401 405 436 640 
0 307 369 376 402 405 437 640 
0 306 370 377 402 406 439 640 
0 306 371 378 403 406 440 640 
0 305 374 378 404 406 442 640 
0 304 376 378 443 640 
0 304 445 640 
0 303 447 640 
0 302 450 640 
0 302 454 640 
0 301 460 640 
0 300 467 640 
0 299 473 640 
0 298 478 640 
0 298 481 640 
0 240 241 297 484 640 
0 237 242 296 487 640 
0 235 242 295 490 640 
0 236 241 294 493 640 
0 293 496 640 
0 292 499 640 
0 291 501 640 
0 290 504 640 
0 289 506 640 
0 288 508 640 
0 288 510 640 
0 287 513 640 
0 286 515 640 
0 285 517 640 
0 284 519 640 
0 283 521 640 
0 282 368 371 523 640 
0 281 368 374 525 640 
0 280 368 377 527 640 
0 279 368 383 529 640 
0 279 368 390 531 640 
0 278 368 393 533 640 
0 277 369 395 535 640 
0 276 369 397 537 640 
0 275 369 398 539 640 
0 274 369 398 541 640 
0 273 369 397 543 640 
0 273 370 394 546 640 
0 272 370 391 548 640 
0 270 370 389 550 640 
0 269 370 389 552 640 
0 268 370 390 554 640 
0 267 370 392 557 640 
0 266 370 395 559 640 
0 265 371 399 561 640 
0 264 371 402 563 640 
0 263 371 402 565 640 
0 262 371 400 566 640 
0 261 371 398 569 640 
0 260 371 394 565 567 569 640 
0 259 371 389 390 394 431 442 560 640 
0 258 371 388 389 395 402 406 427 448 548 640 
0 257 372 387 389 407 423 452 537 640 
0 255 372 387 389 407 420 456 528 640 
0 254 372 386 389 406 415 458 520 640 
0 253 372 386 388 407 412 465 512 640 
0 252 372 387 388 477 504 640 
0 250 372 640 
0 249 372 640 
0 248 373 640 
0 246 373 640 
0 245 373 640 
0 244 373 640 
0 242 373 640 
0 240 373 640 
0 239 373 640 
0 237 373 640 
0 235 373 640 
0 234 374 640 
0 232 374 640 
0 230 374 640 
0 228 374 640 
0 226 374 640 
0 224 374 640 
0 222 375 640 
0 220 375 640 
0 218 375 640 
0 216 375 640 
0 215 375 640 
0 213 375 640 
0 211 375 640 
0 210 375 640 
0 208 375 640 
0 207 375 640 
0 205 375 640 
0 203 376 640 
0 202 376 640 
0 200 376 640 
0 199 376 640 
0 198 376 640 
0 197 376 640 
0 196 376 640 
0 195 376 640 
0 194 377 640 
0 192 377 640 
0 191 377 640 
0 190 377 640 
0 189 377 640 
0 188 377 640 
0 187 377 640 
0 186 377 640 
0 185 378 640 
0 183 378 640 
0 182 378 640 
0 181 378 640 
0 180 378 640 
0 179 378 640 
0 178 378 640 
0 177 379 640 
0 176 379 640 
0 175 379 640 
0 174 379 640 
0 173 379 640 
0 172 379 640 
0 171 379 640 
0 170 379 640 
0 170 380 640 
0 170 380 640 
0 170 380 640 
0 170 380 640 
0 170 380 640 
0 171 380 640 
0 171 380 640 
0 172 380 640 
0 172 380 640 
0 172 381 640 
0 171 381 640 
0 171 381 640 
0 171 381 640 
0 170 381 640 
0 169 381 640 
0 168 381 640 
0 167 382 640 
0 167 382 640 
0 167 382 640 
0 167 382 640 
0 166 382 640 
0 165 382 640 
0 165 382 640 
0 164 383 640 
0 164 383 640 
0 165 383 640 
0 167 383 640 
0 168 383 640 
0 170 383 640 
0 171 383 640 
0 173 383 640 
0 174 383 640 
0 175 384 640 
0 177 384 640 
0 178 384 640 
0 178 384 640 
0 178 384 640 
0 178 384 640 
0 178 384 640 
0 179 385 640 
0 179 385 640 
0 179 385 640 
0 179 385 640 
0 179 385 640 
0 179 385 640 
0 179 385 640 
0 179 385 640 
0 179 386 640 
0 179 386 640 
0 179 386 640 
0 179 386 640 
0 180 386 640 
0 180 386 640 
0 180 386 640 
0 180 386 640 
0 180 386 640 
0 181 386 640 
0 183 386 640 
0 184 386 640 
0 186 386 640 
0 190 386 640 
0 193 386 640 
0 196 386 640 
0 199 385 640 
0 202 385 640 
0 205 385 640 
0 207 385 640 
0 208 385 640 
