0 640 
0 640 
0 640 
0 640 
0 640 
0 640 
0 640 
0 640 
0 640 
0 640 
0 640 
0 640 
0 640 
0 640 
0 640 
0 640 
0 640 
0 640 
0 640 
0 640 
0 640 
0 640 
0 640 
0 640 
0 640 
0 640 
0 640 
0 640 
0 640 
0 640 
0 640 
0 640 
0 640 
0 640 
0 640 
0 640 
0 640 
0 640 
0 640 
0 640 
0 640 
0 640 
0 640 
0 640 
0 640 
0 640 
0 640 
0 640 
0 640 
0 640 
0 640 
0 640 
0 640 
0 640 
0 640 
0 640 
0 640 
0 386 389 640 
0 384 390 640 
0 382 390 640 
0 381 390 640 
0 379 389 640 
0 377 389 640 
0 376 389 640 
0 374 389 640 
0 372 389 640 
0 371 388 640 
0 343 348 369 388 640 
0 340 350 355 359 368 388 640 
0 339 362 366 388 640 
0 338 364 365 388 640 
0 337 388 640 
0 336 387 640 
0 221 224 335 387 640 
0 220 226 298 327 334 387 640 
0 220 227 291 387 640 
0 220 228 288 387 640 
0 220 229 282 387 640 
0 221 230 279 387 640 
0 221 231 277 386 640 
0 221 232 272 386 640 
0 222 233 270 386 640 
0 222 234 267 386 640 
0 222 236 265 386 640 
0 223 237 263 385 640 
0 223 238 261 385 640 
0 223 239 260 385 640 
0 224 240 259 385 640 
0 224 241 257 384 640 
0 224 242 256 384 640 
0 225 244 255 383 640 
0 225 245 254 383 640 
0 225 246 253 383 640 
0 226 247 253 382 640 
0 226 248 252 382 640 
0 227 249 251 381 640 
0 227 381 640 
0 227 380 640 
0 228 379 640 
0 228 379 640 
0 229 378 640 
0 229 377 387 402 640 
0 229 376 381 412 640 
0 230 376 378 419 640 
0 230 425 640 
0 231 430 640 
0 231 435 640 
0 231 439 640 
0 232 442 640 
0 232 443 640 
0 233 442 640 
0 233 439 640 
0 234 434 640 
0 234 429 640 
0 235 426 640 
0 235 421 640 
0 236 416 640 
0 237 412 640 
0 237 407 640 
0 237 402 640 
0 232 403 640 
0 229 404 640 
0 226 406 640 
0 224 407 640 
0 222 408 640 
0 220 408 640 
0 218 409 640 
0 215 409 640 
0 214 410 640 
0 212 410 640 
0 210 410 640 
0 209 410 640 
0 207 410 640 
0 206 410 640 
0 205 409 640 
0 204 409 640 
0 203 408 640 
0 202 407 640 
0 201 406 640 
0 201 405 640 
0 200 402 640 
0 200 401 640 
0 201 401 640 
0 204 400 640 
0 205 400 640 
0 201 202 206 399 640 
0 200 397 640 
0 199 396 640 
0 199 394 640 
0 199 392 640 
0 200 390 640 
0 201 388 640 
0 202 386 640 
0 203 384 640 
0 204 381 640 
0 205 380 640 
0 206 380 640 
0 208 380 640 
0 210 381 640 
0 212 381 640 
0 214 381 640 
0 215 382 640 
0 215 382 640 
0 215 382 640 
0 215 383 640 
0 214 383 640 
0 214 383 640 
0 214 229 232 384 640 
0 214 227 232 384 640 
0 214 225 233 384 640 
0 14 16 214 222 233 385 640 
0 12 18 215 220 233 385 640 
0 11 18 233 386 640 
0 9 19 234 386 640 
0 8 19 234 386 640 
0 7 19 235 386 640 
0 6 20 235 387 640 
0 5 25 236 387 640 
0 5 29 236 387 640 
0 4 31 237 387 640 
0 3 32 237 388 640 
0 3 32 238 388 640 
0 2 32 238 242 244 388 640 
0 2 31 239 242 244 388 640 
0 2 31 239 242 245 389 640 
0 1 30 239 243 245 389 640 
28 240 243 245 390 640 
25 241 243 246 390 640 
25 242 244 246 390 640 
25 242 244 247 390 640 
25 243 245 247 391 640 
25 244 246 247 391 640 
24 245 391 640 
22 246 391 640 
20 246 392 640 
13 247 392 640 
12 248 392 640 
11 249 392 640 
10 249 392 640 
10 249 393 640 
10 250 393 640 
11 250 393 640 
12 250 393 640 
13 250 394 640 
14 251 394 640 
15 22 29 251 257 259 394 640 
16 21 31 251 257 259 394 640 
16 20 33 251 257 260 395 640 
17 20 35 252 257 260 395 640 
17 19 36 252 257 261 395 640 
16 18 38 253 257 262 395 640 
16 18 40 253 257 262 395 640 
16 19 40 253 258 262 396 640 
16 19 41 254 258 263 396 640 
17 19 43 254 258 263 396 640 
18 20 44 255 259 263 396 640 
18 21 45 255 259 264 396 640 
19 23 45 255 259 264 397 640 
19 24 46 256 259 264 397 640 
20 25 47 257 260 264 397 640 
20 27 48 257 260 265 397 640 
21 28 49 258 260 265 398 640 
21 29 50 258 261 265 398 640 
22 30 51 258 261 265 398 640 
23 31 52 259 261 266 398 640 
24 32 53 259 261 266 398 640 
26 32 53 260 262 266 399 640 
30 31 54 260 262 267 399 640 
55 261 262 267 399 640 
56 267 399 640 
57 267 399 640 
57 267 400 640 
58 268 400 640 
59 268 400 640 
59 268 400 640 
60 268 401 640 
60 268 401 640 
61 268 401 640 
61 269 401 640 
61 269 401 640 
62 269 402 640 
62 269 402 640 
62 268 402 640 
62 268 402 640 
63 268 402 640 
63 269 403 640 
63 270 403 640 
63 270 403 640 
63 270 403 640 
63 270 403 640 
64 271 404 640 
64 271 404 640 
0 1 64 271 405 640 
0 2 64 271 405 640 
0 3 64 272 274 275 405 640 
0 4 64 272 274 276 405 640 
0 6 64 272 274 276 405 640 
0 7 65 272 274 276 406 640 
0 8 65 272 274 276 406 640 
0 9 66 276 406 640 
0 11 66 275 406 640 
0 12 67 275 407 640 
0 13 67 274 407 640 
0 15 68 271 407 640 
0 15 69 267 407 640 
0 17 69 264 407 640 
0 17 70 260 408 640 
0 18 71 253 408 640 
0 19 71 246 408 640 
0 20 72 238 408 640 
0 21 73 228 409 640 
0 22 73 225 409 640 
0 23 74 222 409 640 
0 24 75 219 410 640 
0 25 75 216 410 640 
0 26 76 212 410 640 
0 26 76 208 410 640 
0 27 77 202 411 640 
0 28 78 195 411 640 
0 28 78 191 411 640 
0 28 79 186 412 640 
0 29 80 183 412 640 
0 29 80 180 412 640 
0 30 81 178 412 640 
0 30 81 175 413 640 
0 30 82 173 413 640 
0 31 83 172 413 640 
0 31 83 171 414 640 
0 32 84 170 414 640 
0 32 85 169 414 640 
0 32 85 168 414 640 
0 33 86 168 415 640 
0 33 86 168 415 640 
0 34 87 167 415 640 
0 34 88 167 415 640 
0 35 88 167 416 640 
0 35 89 167 416 640 
0 35 90 166 416 640 
0 36 90 166 416 640 
0 37 91 166 417 640 
0 37 92 166 417 640 
0 38 92 166 417 640 
0 38 93 165 418 640 
0 38 94 163 418 640 
0 39 94 162 418 640 
0 39 95 160 419 640 
0 40 95 159 419 640 
0 40 96 157 419 640 
0 41 97 156 420 640 
0 42 97 154 420 640 
0 42 98 153 421 640 
0 42 98 151 421 640 
0 43 99 150 422 640 
0 43 100 148 422 640 
0 44 100 147 423 640 
0 44 101 145 423 640 
0 45 101 144 423 640 
0 45 102 143 424 640 
0 46 103 142 425 640 
0 46 103 142 425 640 
0 47 104 143 425 640 
0 48 105 143 425 640 
0 48 105 143 426 640 
0 48 106 142 426 640 
0 49 106 141 427 640 
0 49 107 140 427 640 
0 50 108 138 428 640 
0 50 108 137 428 640 
0 51 109 135 244 246 429 640 
0 52 110 134 243 246 430 640 
0 52 110 133 243 247 430 640 
0 53 111 132 242 247 431 640 
0 53 111 131 241 247 431 640 
0 54 112 130 240 247 432 640 
0 54 112 128 239 247 432 640 
0 55 113 127 238 247 432 640 
0 55 114 126 237 247 433 640 
0 56 114 125 236 248 433 640 
0 56 115 124 235 248 433 640 
0 57 116 123 233 248 434 640 
0 57 116 122 232 248 435 640 
0 58 117 121 231 248 435 640 
0 59 117 120 230 248 435 640 
0 59 118 119 229 248 436 640 
0 60 227 249 437 640 
0 60 223 225 226 249 437 640 
0 61 223 249 437 640 
0 61 223 249 437 640 
0 62 222 249 438 640 
0 62 221 249 439 640 
0 63 219 249 439 640 
0 63 198 203 217 250 440 640 
0 64 196 207 212 250 440 640 
0 65 195 250 441 640 
0 65 194 250 441 640 
0 66 192 250 442 640 
0 66 191 250 442 640 
0 67 190 250 442 640 
0 67 189 250 442 640 
0 68 188 250 443 640 
0 68 186 250 443 640 
0 69 185 250 443 640 
0 70 184 250 444 640 
0 70 167 170 183 250 444 640 
0 71 165 171 181 250 445 640 
0 71 164 173 180 251 445 640 
0 72 162 174 179 251 445 640 
0 73 161 175 177 251 446 640 
0 73 158 251 446 640 
0 74 157 251 446 640 
0 74 156 251 446 640 
0 75 154 251 447 640 
0 75 152 251 447 640 
0 76 151 251 447 640 
0 77 149 251 448 640 
0 77 148 251 448 640 
0 78 146 251 448 640 
0 79 144 252 449 640 
0 79 142 252 448 640 
0 80 141 252 449 640 
0 81 139 252 449 640 
0 82 137 252 435 437 450 640 
0 82 135 252 435 437 450 640 
0 83 133 252 435 437 450 640 
0 84 131 252 435 438 451 640 
0 85 129 252 435 438 444 446 451 640 
0 86 126 252 435 438 444 447 451 640 
0 88 124 252 435 439 444 448 451 640 
0 89 122 253 436 439 444 448 451 640 
0 90 119 253 436 440 444 448 452 640 
0 92 116 253 436 440 444 449 452 640 
0 95 112 253 435 440 444 449 452 640 
0 100 106 253 435 441 444 449 452 640 
0 253 435 441 444 450 452 640 
0 253 435 441 444 450 452 640 
0 253 435 442 444 451 453 640 
0 253 434 442 444 451 453 640 
0 253 434 442 444 451 453 640 
0 254 434 443 444 452 454 640 
0 254 434 443 445 452 454 640 
0 254 434 443 445 452 453 640 
0 254 434 444 445 640 
0 254 434 640 
0 254 434 640 
0 254 434 640 
0 255 434 640 
0 255 434 640 
0 255 434 640 
0 255 434 640 
0 255 434 640 
0 255 434 640 
0 255 434 640 
0 256 434 640 
0 256 434 640 
0 256 434 640 
0 256 434 640 
0 257 434 640 
0 257 434 640 
0 257 434 640 
0 257 434 640 
0 257 434 640 
0 257 434 640 
0 258 434 640 
0 258 434 640 
0 258 434 640 
0 258 434 640 
0 258 434 640 
0 259 434 640 
0 259 434 640 
0 259 434 640 
0 259 434 640 
0 260 434 640 
0 260 434 640 
0 260 434 640 
0 260 434 640 
0 261 435 640 
0 261 436 640 
0 261 436 640 
0 262 436 640 
0 262 436 640 
0 262 436 640 
0 263 436 640 
0 263 436 640 
0 263 436 640 
0 263 437 640 
0 264 437 640 
0 264 437 640 
0 264 438 640 
0 265 438 640 
0 265 438 640 
0 265 438 640 
0 265 438 640 
0 265 439 640 
0 265 439 640 
0 265 439 640 
0 265 440 640 
0 265 440 640 
0 265 440 640 
0 265 440 640 
0 256 441 640 
0 238 441 640 
0 231 441 640 
0 226 441 640 
0 221 442 640 
0 217 442 640 
0 214 442 640 
0 211 442 640 
0 209 442 640 
0 206 443 640 
0 204 443 640 
0 202 443 640 
0 200 443 640 
0 198 444 640 
0 196 444 640 
0 194 444 640 
0 192 444 640 
0 191 445 640 
0 190 445 640 
0 190 445 640 
0 190 445 640 
