





































































































0 5 
0 7 
0 9 
0 10 
0 11 
0 13 
0 15 
0 16 
0 18 
0 18 
0 19 
0 21 
0 22 
0 24 
0 25 
0 25 
0 26 
0 28 
0 29 
0 30 
0 30 
0 31 
0 32 
0 33 
0 34 
0 34 
0 35 
0 36 
0 36 
0 37 
0 38 
0 39 82 90 
0 39 81 92 
0 40 80 93 
0 40 78 94 
0 41 77 95 
0 42 76 96 
0 42 75 96 
0 43 74 97 
0 43 73 97 
0 44 72 98 
0 45 70 98 
0 45 69 98 
0 46 68 99 
0 47 66 99 
0 48 65 99 
0 48 64 99 
0 50 61 99 
0 52 53 99 
0 99 
0 99 
0 98 639 640 
0 97 638 640 
0 96 638 640 
0 96 637 640 
0 95 637 640 
0 94 636 640 
0 92 635 640 
0 91 634 640 
0 88 634 640 
0 87 633 640 
0 85 633 640 
0 84 632 640 
0 82 631 640 
0 81 630 640 
0 80 630 640 
0 78 629 640 
0 76 628 640 
0 75 627 640 
0 74 626 640 
0 73 625 640 
0 73 624 640 
0 72 624 640 
0 72 623 640 
0 71 622 640 
0 71 621 640 
0 71 621 640 
0 71 619 640 
0 72 619 640 
0 72 618 640 
0 73 617 640 
0 74 616 640 
0 76 615 640 
0 77 455 465 614 640 
0 80 453 469 613 640 
0 82 451 470 613 640 
0 83 449 472 611 640 
0 85 448 474 610 640 
0 87 447 476 609 640 
0 88 447 477 609 640 
0 89 446 479 607 640 
0 91 445 480 606 640 
0 93 444 482 605 640 
0 94 444 483 604 640 
0 95 444 485 603 640 
0 96 443 486 602 640 
0 98 443 488 600 640 
0 98 442 488 599 640 
0 100 442 490 598 640 
0 100 442 492 596 640 
0 101 442 495 595 640 
0 102 441 496 595 640 
0 103 441 498 593 640 
0 104 441 500 591 640 
0 105 441 503 590 640 
0 106 441 505 588 640 
0 106 441 508 586 640 
0 107 441 511 584 640 
0 108 442 515 581 640 
0 108 442 518 579 640 
0 109 442 524 577 640 
0 110 442 529 573 640 
0 110 442 538 565 640 
0 111 443 640 
0 112 443 640 
0 113 444 640 
0 113 444 640 
0 114 444 640 
0 114 445 640 
0 115 446 640 
0 115 446 640 
0 116 446 640 
0 117 448 640 
0 117 448 640 
0 118 450 640 
0 118 451 640 
0 119 452 640 
0 120 453 640 
0 120 454 640 
0 121 456 640 
0 121 458 640 
0 122 459 640 
0 122 462 640 
0 122 464 640 
0 123 467 640 
0 124 469 640 
0 124 473 640 
0 124 476 640 
0 124 479 480 481 640 
0 124 484 640 
0 124 489 640 
0 124 494 640 
0 124 503 640 
0 124 517 640 
0 124 523 640 
0 124 542 544 546 640 
0 123 563 640 
0 122 567 568 572 640 
0 122 579 640 
0 121 581 640 
0 120 584 640 
0 120 586 640 
0 119 588 640 
0 118 590 640 
0 116 592 640 
0 114 593 640 
0 113 595 640 
0 112 596 640 
0 110 597 640 
0 110 598 640 
0 109 599 640 
0 108 601 640 
0 108 602 640 
0 108 603 640 
0 108 604 640 
0 109 605 640 
0 109 606 640 
0 109 607 640 
0 109 608 640 
0 109 608 640 
0 109 610 640 
0 110 610 640 
0 110 611 640 
0 110 612 640 
0 110 613 640 
0 110 613 640 
0 111 615 640 
0 111 616 640 
0 111 616 640 
0 111 617 640 
0 111 618 640 
0 112 619 640 
0 112 619 640 
0 112 620 640 
0 112 621 640 
0 113 621 640 
0 113 622 640 
0 113 623 640 
0 114 624 640 
0 114 625 640 
0 114 625 640 
0 114 625 640 
0 114 626 640 
0 114 627 640 
0 115 628 640 
0 115 628 640 
0 115 629 640 
0 115 629 640 
0 116 630 640 
0 116 631 640 
0 116 631 640 
0 116 632 640 
0 116 632 640 
0 116 633 640 
0 116 633 640 
0 116 634 640 
0 116 635 640 
0 115 635 640 
0 115 636 640 
0 115 236 240 637 640 
0 114 234 240 637 640 
0 113 233 241 638 640 
0 113 232 242 638 640 
0 112 231 242 638 640 
0 111 231 242 309 316 639 640 
0 78 88 110 231 243 306 319 
0 76 93 108 231 243 305 320 
0 75 98 106 231 244 303 322 
0 75 231 244 301 324 
0 75 231 245 300 325 
0 74 231 245 299 326 
0 74 232 246 298 327 
0 73 233 246 297 328 
0 73 233 247 296 329 
0 72 235 248 295 330 
0 72 235 248 295 330 
0 72 236 249 294 331 
0 71 237 250 294 331 
0 71 238 250 293 332 
0 70 239 251 292 333 
0 70 239 252 292 333 
0 70 240 252 291 333 
0 69 241 253 290 334 
0 69 241 253 290 334 
0 68 242 254 290 334 
0 68 243 255 289 335 
0 67 243 255 289 335 
0 67 244 256 289 335 
0 66 245 257 289 335 
0 66 245 257 289 336 
0 65 246 258 289 336 
0 65 247 259 289 336 
0 64 247 259 289 336 
0 16 20 64 248 260 289 337 
0 14 22 63 249 260 289 337 
0 13 24 63 249 261 289 337 
0 12 24 62 250 262 289 337 
0 11 25 62 251 262 290 337 
0 10 25 61 251 263 290 338 
0 8 26 60 252 264 290 338 
0 8 28 60 253 265 291 338 
0 6 28 59 253 265 291 338 
0 5 29 58 254 265 292 338 
0 4 30 58 255 266 293 338 
0 3 31 57 255 267 294 339 
0 2 32 56 256 268 293 339 
0 1 33 55 256 269 291 339 
34 53 257 272 289 339 
35 53 258 273 288 339 
36 51 258 274 279 281 287 339 
36 49 259 283 286 339 
39 47 260 283 286 339 
260 339 
261 339 
261 339 
261 339 
262 339 
262 339 
262 339 
262 339 
262 339 
262 340 
263 340 
264 340 
264 340 
264 340 
264 341 
264 341 
264 341 
264 341 
264 342 
264 342 
264 343 
264 345 
264 346 
264 346 
264 346 
265 346 
265 346 
265 347 
265 347 
266 347 
266 290 292 347 
266 290 292 347 
266 291 292 347 
267 347 
267 348 
267 348 
268 348 
269 348 
270 348 
271 283 284 348 
274 281 285 348 
277 280 286 348 
287 348 
287 348 
288 348 
288 348 
289 348 
289 348 
290 348 
291 348 
291 348 
292 348 
292 348 
292 348 
292 348 
292 347 
292 347 
292 347 
292 347 
292 346 
292 346 
291 346 
291 345 
291 345 
291 345 
291 344 
291 344 
290 344 
290 343 
290 342 526 533 
144 155 290 342 524 536 
142 156 290 341 521 540 
141 157 290 340 520 543 
139 158 290 339 520 545 
137 159 290 339 519 547 
136 160 289 338 518 549 632 640 
135 161 289 338 517 552 630 640 
133 161 289 338 517 555 628 640 
132 162 289 338 516 556 626 640 
131 162 289 338 516 560 626 640 
129 162 289 338 516 561 625 640 
128 162 289 338 516 563 625 640 
127 163 288 338 515 564 624 640 
126 163 288 338 515 566 624 640 
125 163 288 339 516 567 623 640 
124 163 288 339 515 569 622 640 
122 164 288 339 515 571 622 640 
121 164 288 339 515 572 621 640 
120 164 288 339 515 573 620 640 
119 164 288 339 515 574 620 640 
117 164 287 339 515 575 620 640 
116 164 287 339 515 576 619 640 
116 164 287 340 458 499 514 578 618 640 
114 164 287 340 455 503 513 579 617 640 
114 164 286 340 452 504 512 580 617 640 
113 164 286 340 450 582 616 640 
112 164 285 340 449 583 616 640 
111 164 285 340 448 584 615 640 
110 164 284 340 447 585 615 640 
44 48 109 164 284 341 446 586 613 640 
39 51 108 164 284 341 446 587 612 640 
37 51 108 164 284 341 445 588 611 640 
35 53 106 164 284 342 444 589 610 640 
33 54 105 164 284 342 444 590 610 640 
32 55 105 164 284 343 444 592 608 640 
31 55 104 164 284 343 444 593 605 640 
30 56 103 164 284 344 443 596 603 640 
29 57 102 164 284 344 443 640 
28 57 102 164 284 344 443 640 
28 57 101 164 284 345 443 640 
28 58 101 164 284 345 443 639 
28 58 100 164 285 345 443 638 
27 59 99 164 285 346 443 638 
27 59 99 164 285 346 442 637 
27 60 98 164 286 346 442 636 
27 60 98 164 286 347 442 635 
