541 640 
542 640 
545 640 
540 542 547 640 
543 544 547 548 550 640 
552 640 
546 547 554 640 
556 640 
555 640 
551 552 553 558 560 640 
555 557 561 640 
557 558 561 563 564 640 
558 560 563 564 566 640 
568 640 
562 563 572 640 
565 567 576 640 
567 570 577 640 
569 572 579 640 
572 573 584 640 
574 575 590 640 
596 640 
600 640 
584 588 599 600 606 640 
588 589 590 592 609 610 613 640 
593 597 614 632 633 634 
599 600 
635 636 639 640 
635 640 
618 623 
622 634 
















































































































































































































































































































































































244 324 
231 334 
218 342 
207 348 
197 353 
191 355 
186 357 
181 358 
176 359 
173 359 
170 360 
169 360 
167 360 
166 360 
166 360 
166 360 
166 360 
166 360 
166 360 
165 360 
165 359 
165 359 
165 359 
165 359 
165 359 
165 359 
165 359 
165 358 
165 358 
165 358 
165 358 
165 358 
165 358 
166 357 
166 357 
166 357 
166 357 
166 356 
167 356 
167 355 
167 355 
167 355 
168 354 
168 354 
168 354 
168 353 
169 353 
169 352 
169 352 
170 351 
170 351 
170 350 
171 350 
171 349 
172 349 
172 348 
173 348 
173 347 
174 346 
174 346 
175 345 
175 344 
176 344 
176 343 
177 342 
177 341 
178 340 
179 339 
180 338 
181 337 
182 336 
182 335 
184 334 
185 333 
186 332 
187 331 
188 330 
189 328 
190 327 
191 326 
193 325 
194 324 
