0 640 
0 640 
0 640 
0 640 
0 640 
0 640 
0 640 
0 640 
0 640 
0 640 
0 640 
0 640 
0 640 
0 640 
0 640 
0 640 
0 640 
0 640 
0 640 
0 640 
0 640 
0 640 
0 299 314 640 
0 290 318 640 
0 285 321 640 
0 282 323 640 
0 278 325 640 
0 275 326 640 
0 272 328 640 
0 269 329 640 
0 266 330 640 
0 264 331 640 
0 262 332 640 
0 260 334 640 
0 259 335 640 
0 259 336 640 
0 256 337 640 
0 250 338 640 
0 248 339 640 
0 245 341 640 
0 243 342 640 
0 242 343 640 
0 240 344 640 
0 238 345 640 
0 237 346 640 
0 235 347 640 
0 233 348 640 
0 232 349 386 403 640 
0 230 350 381 407 640 
0 229 351 375 409 640 
0 227 352 369 411 640 
0 226 353 364 412 640 
0 225 354 360 413 640 
0 224 413 640 
0 223 414 640 
0 222 414 640 
0 221 413 640 
0 220 413 640 
0 219 413 640 
0 218 412 640 
0 217 411 640 
0 216 411 640 
0 215 410 640 
0 215 410 640 
0 214 409 640 
0 214 408 640 
0 213 407 640 
0 213 406 640 
0 213 405 640 
0 212 404 640 
0 212 403 640 
0 212 402 640 
0 211 401 640 
0 211 400 640 
0 211 398 640 
0 211 397 640 
0 211 396 640 
0 211 395 640 
0 211 394 640 
0 211 392 640 
0 211 391 640 
0 211 389 640 
0 211 388 640 
0 211 386 640 
0 211 385 640 
0 211 383 640 
0 210 382 640 
0 210 380 640 
0 210 379 640 
0 210 377 640 
0 210 376 640 
0 210 376 640 
0 210 376 640 
0 210 376 640 
0 210 377 640 
0 210 378 640 
0 210 378 640 
0 210 379 640 
0 210 380 640 
0 210 381 640 
0 209 381 640 
0 209 382 640 
0 209 383 640 
0 209 383 640 
0 209 384 640 
0 209 385 640 
0 209 385 640 
0 208 386 640 
0 208 387 640 
0 208 387 640 
0 208 388 640 
0 208 388 640 
0 208 389 640 
0 208 390 640 
0 207 390 640 
0 207 391 640 
0 207 392 640 
0 207 392 640 
0 206 393 640 
0 205 394 640 
0 203 395 640 
0 202 388 390 395 640 
0 200 388 392 396 640 
0 199 389 394 397 640 
0 198 389 395 397 640 
0 197 389 640 
0 195 390 640 
0 194 390 640 
0 193 390 640 
0 191 390 640 
0 190 390 640 
0 189 391 640 
0 188 391 640 
0 187 391 640 
0 186 391 640 
0 184 390 640 
0 183 390 640 
0 182 390 640 
0 182 390 640 
0 181 390 640 
0 180 390 640 
0 179 384 388 390 640 
0 178 383 640 
0 177 383 640 
0 176 382 640 
0 176 381 640 
0 175 376 377 381 640 
0 175 375 378 380 640 
0 174 375 379 380 640 
0 174 374 640 
0 173 374 640 
0 173 373 640 
0 173 373 640 
0 173 372 640 
0 173 371 640 
0 174 367 368 370 640 
0 175 369 640 
0 181 367 640 
0 181 367 640 
0 182 195 202 367 640 
0 202 367 640 
0 202 367 640 
0 202 367 640 
0 201 367 640 
0 201 368 640 
0 201 369 640 
0 34 69 201 369 640 
0 22 81 201 370 640 
0 15 94 201 371 640 
0 8 101 201 372 640 
0 3 111 201 373 640 
0 1 115 201 375 640 
122 201 376 640 
129 197 377 640 
134 194 377 640 
139 192 378 640 
144 190 377 640 
149 189 376 640 
154 187 375 640 
158 185 374 640 
161 184 373 640 
164 183 371 640 
169 182 370 640 
173 182 369 640 
177 181 368 640 
367 640 
367 640 
367 640 
367 640 
367 640 
367 640 
366 640 
366 640 
366 640 
365 640 
364 640 
362 640 
360 640 
360 640 
360 640 
30 65 360 640 
22 79 360 640 
14 88 359 640 
9 96 358 640 
6 102 358 640 
2 109 357 640 
0 115 356 640 
0 121 355 640 
0 126 355 640 
0 129 354 640 
0 135 353 640 
0 140 353 640 
0 144 353 640 
0 148 353 640 
0 151 352 640 
0 155 352 640 
0 159 352 640 
0 163 352 640 
0 167 352 640 
0 170 352 640 
0 173 352 640 
0 176 352 640 
0 180 351 640 
0 181 351 640 
0 182 351 640 
0 183 351 640 
0 183 351 640 
0 184 351 640 
0 184 350 640 
0 185 350 640 
0 185 350 640 
0 185 350 640 
0 186 349 640 
0 186 349 640 
0 187 349 640 
0 188 348 640 
0 188 348 640 
0 189 347 640 
0 190 347 640 
0 190 346 640 
0 191 346 640 
0 192 345 640 
0 193 344 640 
0 195 343 640 
0 196 342 640 
0 197 340 640 
0 198 338 640 
0 199 336 640 
0 200 334 640 
0 201 333 640 
0 202 334 640 
0 203 336 640 
0 204 338 640 
0 206 340 640 
0 207 342 640 
0 208 344 640 
0 210 345 640 
0 212 347 640 
0 213 349 640 
0 215 351 640 
0 218 352 640 
0 220 354 640 
0 222 356 640 
0 226 358 640 
0 231 360 640 
0 240 361 640 
0 240 363 640 
0 239 364 640 
0 239 366 640 
0 239 368 640 
0 239 370 640 
0 238 371 640 
0 238 373 640 
0 238 375 640 
0 237 377 640 
0 237 378 640 
0 237 379 640 
0 237 381 640 
0 236 383 640 
0 236 385 640 
0 236 386 640 
0 236 388 640 
0 236 390 401 407 640 
0 236 391 399 409 640 
0 236 393 398 410 640 
0 236 394 397 411 640 
0 236 412 640 
0 235 413 640 
0 235 414 640 
0 235 415 640 
0 235 416 640 
0 235 417 640 
0 235 418 640 
0 235 421 640 
0 235 424 640 
0 235 425 640 
0 235 426 640 
0 235 427 640 
0 234 428 640 
0 234 430 640 
0 234 430 640 
0 234 431 640 
0 234 432 640 
0 234 435 640 
0 234 438 640 
0 234 440 640 
0 234 441 640 
0 233 443 640 
0 233 362 364 444 640 
0 233 362 366 445 640 
0 233 363 367 446 640 
0 233 237 239 364 369 447 640 
0 233 237 239 364 370 448 640 
0 233 237 239 242 244 364 372 450 640 
0 233 237 240 242 244 365 374 453 640 
0 233 236 240 241 244 365 375 455 640 
0 232 234 235 236 240 241 244 365 376 456 640 
0 232 234 235 236 244 366 377 457 640 
0 232 234 235 236 244 363 364 367 377 458 640 
0 232 233 235 236 244 363 365 367 377 459 640 
0 235 236 244 364 366 368 378 459 640 
0 245 364 366 368 378 459 640 
0 245 369 378 459 640 
0 245 370 378 459 640 
0 245 370 378 459 640 
0 245 370 378 458 640 
0 245 371 378 458 640 
0 245 371 378 458 640 
0 245 372 378 458 640 
0 245 369 370 372 378 459 640 
0 245 369 371 373 378 461 640 
0 245 369 372 373 378 462 640 
0 245 370 372 374 379 463 640 
0 246 370 373 374 379 465 640 
0 246 370 373 375 379 466 640 
0 246 371 374 375 379 467 640 
0 246 371 375 376 379 469 640 
0 246 372 375 376 379 470 640 
0 246 372 379 471 640 
0 246 372 379 473 640 
0 246 373 379 474 640 
0 246 373 378 475 640 
0 246 374 378 476 640 
0 246 374 377 477 640 
0 246 375 376 478 640 
0 246 479 640 
0 246 481 640 
0 246 482 640 
0 246 483 640 
0 246 485 640 
0 246 486 640 
0 246 487 640 
0 246 489 640 
0 246 490 640 
0 246 491 640 
0 246 492 640 
0 246 493 640 
0 245 494 640 
0 245 496 640 
0 245 496 640 
0 245 498 640 
0 245 499 640 
0 245 443 445 500 640 
0 245 442 446 501 640 
0 245 441 448 502 640 
0 245 441 449 504 640 
0 245 440 450 505 640 
0 246 439 452 505 640 
0 246 438 453 507 640 
0 247 438 454 507 640 
0 248 437 455 509 640 
0 247 436 457 510 640 
0 246 435 458 521 640 
0 246 435 459 522 640 
0 246 434 461 523 640 
0 246 434 462 524 640 
0 247 434 463 525 640 
0 247 435 465 525 640 
0 247 436 466 525 640 
0 248 438 467 526 640 
0 248 439 468 532 640 
0 248 440 469 535 640 
0 248 441 470 536 640 
0 248 442 472 537 640 
0 248 443 473 538 640 
0 248 444 474 538 640 
0 248 445 475 539 640 
0 249 446 476 539 640 
0 249 447 477 539 640 
0 249 447 479 540 640 
0 249 448 480 540 640 
0 249 448 481 542 640 
0 249 448 482 546 640 
0 249 447 483 547 640 
0 249 446 484 549 640 
0 249 446 485 549 640 
0 249 445 486 550 640 
0 249 444 486 550 640 
0 249 444 485 550 640 
0 249 443 485 551 640 
0 250 441 484 551 640 
0 250 441 483 551 640 
0 250 440 483 551 640 
0 250 439 482 552 640 
0 250 438 482 553 640 
0 250 437 481 554 640 
0 250 436 480 555 640 
0 250 435 480 555 640 
0 250 434 479 555 640 
0 250 433 479 555 640 
0 250 432 478 555 640 
0 250 431 477 555 640 
0 250 430 470 555 640 
0 250 430 461 555 640 
0 250 554 640 
0 250 554 640 
0 250 554 640 
0 250 555 640 
0 250 556 640 
0 251 557 640 
0 251 558 640 
0 251 558 640 
0 251 559 640 
0 251 560 640 
0 251 561 640 
0 251 562 640 
0 251 563 640 
0 251 563 640 
0 251 564 640 
0 251 565 640 
0 251 566 640 
0 251 567 640 
0 251 567 640 
0 251 568 640 
0 252 569 640 
0 252 570 640 
0 252 570 640 
0 252 571 640 
0 252 572 640 
0 252 529 530 573 640 
0 252 528 531 574 640 
0 252 527 532 574 640 
0 252 525 533 575 640 
0 252 524 534 576 640 
0 252 523 534 577 640 
0 252 522 535 578 640 
0 252 521 536 578 640 
0 252 520 537 579 640 
0 252 519 538 580 640 
0 252 518 539 580 640 
0 252 517 540 581 640 
0 252 515 540 582 640 
0 253 514 541 583 640 
0 253 513 542 583 640 
0 253 512 543 584 640 
0 253 511 544 585 640 
0 253 511 544 585 640 
0 253 511 545 586 640 
0 253 511 546 587 640 
0 253 510 547 588 640 
0 253 382 394 510 548 588 640 
0 253 381 403 510 549 589 640 
0 253 380 412 510 550 590 640 
0 253 379 419 510 550 590 640 
0 253 378 424 510 551 591 640 
0 253 378 429 509 552 592 640 
0 253 377 434 509 553 592 640 
0 254 376 439 509 553 593 640 
0 254 375 443 508 554 594 640 
0 254 374 446 508 555 594 640 
0 254 374 449 508 556 595 640 
0 254 373 452 508 556 596 640 
0 254 372 455 507 557 596 640 
0 254 372 457 507 558 597 640 
0 254 371 459 507 559 598 640 
0 254 370 461 506 559 598 640 
0 254 369 464 506 560 599 640 
0 253 368 466 506 561 600 640 
0 253 368 470 505 562 600 640 
0 253 367 471 505 562 601 640 
