0 640 
0 640 
0 640 
0 640 
0 640 
0 640 
0 640 
0 640 
0 640 
0 640 
0 640 
0 640 
0 640 
0 640 
0 640 
0 640 
0 640 
0 640 
0 640 
0 640 
0 640 
0 640 
0 640 
0 640 
0 640 
0 640 
0 640 
0 640 
0 640 
0 640 
0 640 
0 640 
0 640 
0 640 
0 640 
0 640 
0 640 
0 640 
0 640 
0 640 
0 640 
0 640 
0 640 
0 640 
0 640 
0 324 342 640 
0 284 301 319 346 640 
0 280 351 640 
0 275 354 640 
0 272 357 640 
0 270 360 640 
0 268 361 640 
0 266 363 640 
0 264 364 640 
0 263 366 640 
0 261 367 640 
0 260 368 640 
0 259 369 640 
0 258 370 640 
0 257 371 640 
0 256 372 640 
0 255 373 640 
0 255 373 640 
0 254 374 640 
0 253 375 640 
0 253 375 640 
0 252 376 640 
0 252 376 640 
0 251 377 640 
0 250 378 640 
0 250 378 389 397 640 
0 250 379 387 399 640 
0 249 379 386 400 640 
0 249 379 385 402 640 
0 249 380 384 404 640 
0 248 380 383 406 640 
0 248 381 383 407 640 
0 248 381 383 409 640 
0 248 381 382 410 640 
0 247 411 640 
0 247 412 640 
0 247 413 640 
0 247 415 640 
0 246 415 640 
0 246 416 640 
0 246 417 640 
0 246 418 640 
0 245 419 640 
0 245 420 640 
0 245 420 640 
0 245 421 640 
0 245 422 640 
0 245 422 640 
0 245 422 640 
0 245 423 640 
0 245 423 640 
0 245 424 640 
0 245 424 640 
0 245 424 640 
0 245 425 640 
0 245 425 640 
0 245 425 640 
0 245 425 640 
0 245 426 640 
0 246 426 640 
0 246 426 640 
0 246 426 640 
0 247 426 640 
0 247 427 640 
0 247 427 640 
0 248 427 640 
0 248 427 640 
0 248 427 640 
0 248 427 640 
0 248 428 640 
0 248 428 640 
0 248 428 640 
0 248 429 640 
0 247 429 640 
0 247 430 640 
0 246 430 640 
0 245 431 640 
0 245 431 640 
0 244 430 640 
0 244 430 640 
0 243 428 640 
0 242 426 640 
0 241 424 640 
0 241 423 640 
0 240 422 640 
0 239 422 640 
0 238 422 640 
0 237 384 385 421 640 
0 236 384 387 421 640 
0 235 384 387 421 640 
0 234 383 388 421 640 
0 233 382 388 420 640 
0 232 382 388 420 640 
0 230 382 388 420 640 
0 229 381 388 419 640 
0 228 381 388 419 640 
0 226 380 388 418 640 
0 225 380 388 418 640 
0 225 379 388 418 640 
0 225 379 388 419 640 
0 226 378 388 419 640 
0 227 378 388 420 640 
0 228 234 235 377 388 420 640 
0 230 232 237 377 388 420 640 
0 238 248 253 377 388 421 640 
0 240 246 253 377 388 421 640 
0 242 244 253 377 388 421 640 
0 252 377 388 422 640 
0 251 377 388 422 640 
0 251 377 388 422 640 
0 250 378 388 422 640 
0 250 379 388 422 640 
0 249 380 387 422 640 
0 248 381 387 423 640 
0 247 383 387 423 640 
0 246 384 387 423 640 
0 246 423 640 
0 245 379 386 423 640 
0 244 248 252 379 387 423 640 
0 244 246 252 379 386 424 640 
0 243 244 253 379 386 424 640 
0 253 256 258 379 386 424 640 
0 253 255 259 369 371 380 386 424 640 
0 253 255 259 369 371 380 386 424 640 
0 252 254 260 368 372 377 379 380 386 425 640 
0 252 253 260 367 372 377 385 425 640 
0 260 363 365 367 373 377 385 425 640 
0 261 262 265 363 365 366 374 377 385 425 640 
0 261 263 265 363 375 377 385 425 640 
0 262 263 265 362 376 377 385 425 640 
0 266 362 385 425 640 
0 266 361 385 425 640 
0 266 361 385 425 640 
0 266 361 385 426 640 
0 267 361 385 426 640 
0 267 360 385 387 389 426 640 
0 267 360 385 387 389 426 640 
0 268 345 346 360 385 387 389 426 640 
0 268 344 346 359 385 387 389 426 640 
0 268 274 275 283 285 344 346 359 385 387 389 426 640 
0 268 274 275 283 286 343 346 359 385 387 389 426 640 
0 268 274 276 283 287 342 345 358 385 387 389 427 640 
0 269 274 276 283 287 342 345 358 385 427 640 
0 269 274 276 283 287 341 345 358 386 427 640 
0 269 274 277 283 290 340 345 358 386 427 640 
0 269 274 277 283 291 339 345 358 386 425 640 
0 269 274 277 283 292 338 345 349 350 354 355 358 386 425 640 
0 269 274 277 283 293 336 345 348 350 353 355 358 387 425 640 
0 269 274 277 283 294 335 345 348 350 353 356 358 387 425 640 
0 270 274 277 282 294 335 345 348 350 353 356 358 387 392 393 425 640 
0 270 273 277 282 294 334 345 348 350 352 356 358 387 392 393 425 640 
0 270 273 277 279 280 282 295 334 345 347 350 352 388 425 640 
0 270 273 277 278 280 282 295 334 345 347 350 352 388 424 640 
0 270 273 280 282 295 333 345 347 350 352 388 424 640 
0 270 272 280 282 296 333 345 347 349 351 389 424 640 
0 270 272 280 282 296 333 345 347 349 351 389 423 640 
0 270 272 280 282 296 333 345 347 349 351 389 423 640 
0 270 272 280 282 296 332 345 347 349 351 390 423 552 554 640 
0 270 272 280 282 296 332 345 347 349 350 390 422 549 556 640 
0 270 271 280 281 296 333 345 346 390 422 547 557 640 
0 280 281 295 335 345 346 390 422 545 559 640 
0 294 337 345 346 391 421 544 560 640 
0 293 339 391 414 415 421 542 561 640 
0 291 341 391 414 415 421 540 562 640 
0 290 343 345 346 391 414 415 420 538 562 640 
0 287 349 392 413 415 420 535 564 640 
0 286 350 392 413 415 419 533 565 640 
0 284 352 392 413 415 419 531 566 640 
0 74 76 281 354 392 413 415 418 529 567 640 
0 72 78 279 357 392 413 415 418 527 568 640 
0 70 80 277 359 392 396 397 413 415 417 524 569 640 
0 69 82 275 361 392 396 397 413 415 417 523 570 640 
0 68 84 274 363 392 395 397 412 415 416 520 549 553 571 640 
0 67 86 272 365 393 395 397 412 415 416 518 547 554 572 640 
0 66 89 270 366 393 394 397 401 402 412 414 416 516 546 555 573 640 
0 65 91 269 367 393 394 397 401 402 412 414 416 514 544 556 574 640 
0 64 94 268 368 392 393 398 401 403 411 414 415 512 542 557 575 640 
0 63 96 267 369 398 401 403 410 510 540 558 577 640 
0 62 99 265 370 398 401 403 409 508 539 559 578 640 
0 61 101 265 372 398 401 403 409 506 537 560 579 640 
0 60 104 264 372 398 401 403 409 504 535 561 581 640 
0 59 107 263 373 398 399 403 408 503 533 562 582 640 
0 58 109 262 374 404 408 501 531 562 583 640 
0 58 75 78 112 261 375 404 408 499 528 563 584 640 
0 57 74 79 114 260 375 404 407 497 526 564 585 640 
0 56 73 81 117 260 376 404 406 496 526 565 587 640 
0 55 72 83 119 259 377 405 406 494 526 565 588 640 
0 54 71 85 121 258 377 492 527 565 589 640 
0 53 70 87 123 258 378 491 527 563 590 640 
0 52 69 89 126 257 378 489 527 563 592 640 
0 50 69 91 128 257 379 487 526 562 593 640 
0 50 68 94 130 256 380 486 505 506 525 562 594 640 
0 49 67 96 131 255 380 484 502 505 525 561 595 640 
0 47 66 99 134 255 381 482 501 505 525 558 597 640 
0 46 65 102 136 254 381 481 499 503 526 555 599 640 
0 45 65 104 138 253 382 479 497 502 527 554 572 575 600 640 
0 44 64 103 139 253 383 477 495 500 527 553 571 576 602 640 
0 43 62 103 141 252 383 475 494 499 527 552 571 577 603 640 
0 42 62 103 115 117 119 120 143 251 384 473 492 498 527 551 571 578 605 640 
0 41 63 103 119 122 145 250 385 471 491 497 527 549 572 579 607 640 
0 39 64 103 120 125 147 250 385 408 413 469 490 496 527 548 572 580 608 640 
0 38 65 104 121 128 149 249 386 406 416 467 488 496 527 547 573 581 610 640 
0 37 66 104 123 130 151 248 386 402 419 464 487 495 527 546 573 583 611 640 
0 36 66 104 124 132 153 248 387 399 424 460 485 495 527 545 573 584 613 640 
0 35 66 104 125 134 155 221 225 247 388 395 430 456 484 495 526 544 573 585 615 640 
0 33 66 103 126 136 158 218 229 246 388 390 442 447 483 495 526 543 573 587 617 640 
0 32 68 103 127 138 160 216 231 246 481 494 526 542 573 588 618 640 
0 31 72 102 129 139 162 212 235 245 480 494 526 541 573 589 620 640 
0 29 54 56 73 102 130 141 165 208 240 244 479 494 526 541 573 591 622 640 
0 28 53 57 75 102 131 142 169 203 479 493 525 541 572 592 624 640 
0 27 52 57 76 102 132 144 173 198 479 493 525 540 572 594 626 640 
0 25 50 57 77 102 133 146 178 194 478 493 525 540 572 595 627 640 
0 24 49 57 79 103 133 147 478 492 525 540 572 597 630 640 
0 22 49 56 80 103 134 149 446 448 478 492 525 540 572 599 632 640 
0 21 47 55 81 103 134 150 438 458 478 492 524 539 572 600 634 640 
0 19 46 55 82 103 134 152 409 414 431 458 477 491 524 539 572 602 637 640 
0 18 45 55 84 103 135 153 400 413 431 456 477 491 523 539 571 604 638 640 
0 17 44 55 85 103 135 154 392 411 430 455 477 491 522 538 571 606 
0 15 43 55 86 103 135 153 392 409 429 453 477 490 522 538 571 606 
0 14 42 55 86 103 136 153 393 407 428 452 477 490 521 538 571 606 
0 12 40 55 87 104 136 154 179 202 215 235 392 405 428 450 478 490 520 538 571 606 
0 10 39 56 87 104 136 154 172 203 215 236 391 403 428 449 478 489 519 537 570 605 
0 9 38 56 87 104 136 155 172 203 219 236 389 401 429 448 478 489 518 537 569 603 619 622 
0 7 36 56 88 104 136 155 173 204 220 235 386 400 429 448 478 489 517 537 569 600 618 624 
0 5 35 56 88 104 137 155 174 205 222 235 384 399 429 447 478 489 516 537 568 599 617 626 
0 4 33 56 88 104 137 155 175 204 223 235 385 399 430 447 478 488 515 536 567 597 616 629 
0 2 32 56 89 105 137 155 176 204 224 235 385 398 430 446 478 488 514 536 566 596 616 631 
0 1 30 57 89 105 138 154 178 203 225 235 386 398 430 446 477 487 513 536 565 595 616 633 
29 57 89 106 138 154 179 203 226 235 386 397 430 445 477 487 512 535 564 594 617 635 
27 57 90 107 138 153 181 203 227 236 387 397 429 445 477 487 511 535 563 592 617 638 
26 57 90 108 138 153 182 202 228 236 387 396 428 445 477 487 510 535 562 591 618 640 
24 57 90 109 139 153 183 202 230 237 388 395 428 444 476 486 509 535 561 590 618 640 
22 57 90 110 139 153 183 202 230 238 389 395 428 444 476 486 508 534 560 589 618 640 
22 57 91 111 139 153 184 202 232 239 389 394 427 443 476 486 507 534 559 587 618 640 
22 58 91 112 140 154 184 202 232 240 390 394 427 443 476 485 506 534 558 586 618 640 
23 59 91 113 140 154 185 202 233 239 391 393 427 442 475 485 505 534 557 586 618 640 
23 59 91 114 140 154 185 202 233 239 426 442 475 485 505 533 557 586 618 640 
23 60 92 115 140 154 185 203 233 239 426 442 475 484 504 533 556 585 618 640 
6 10 27 61 92 116 141 154 186 203 234 238 426 441 475 484 503 533 555 585 618 640 
5 11 30 62 92 117 141 154 186 203 234 237 425 441 474 484 502 533 554 585 617 640 
2 12 31 63 92 117 141 155 186 203 234 236 425 440 474 484 501 532 553 585 617 640 
0 13 32 64 93 118 141 155 186 203 388 390 424 440 472 483 500 532 552 584 617 640 
0 13 33 65 93 119 142 155 187 203 387 390 424 439 471 483 499 532 552 584 617 640 
0 13 35 66 93 120 142 155 187 203 387 389 423 439 470 483 498 531 551 584 617 640 
0 12 36 67 93 121 142 155 187 204 387 389 422 439 468 482 497 531 550 583 617 640 
0 12 37 68 94 122 143 155 188 204 421 438 467 482 496 531 549 583 617 640 
0 12 39 69 94 123 143 156 188 204 420 438 466 481 495 531 548 583 616 640 
0 11 40 70 94 124 143 156 188 204 418 437 465 481 494 530 547 582 616 640 
0 11 41 71 95 125 143 157 188 204 237 238 417 437 464 481 493 530 546 582 616 640 
0 11 42 71 95 126 144 157 189 205 237 239 415 436 463 481 492 530 545 582 616 640 
0 11 43 72 95 127 144 158 189 206 236 239 414 436 462 480 491 530 545 581 615 640 
0 11 43 73 95 128 144 159 190 207 237 239 412 436 461 480 490 529 544 581 614 638 
0 11 44 74 96 129 145 160 190 207 411 435 460 480 489 529 543 581 613 637 
0 12 44 75 96 130 145 161 190 208 409 435 459 480 488 529 542 581 612 636 
0 12 44 76 96 131 145 162 190 209 408 434 458 479 488 529 541 580 612 635 
0 12 45 77 96 132 145 163 191 210 406 434 457 479 487 528 540 580 611 634 
0 12 45 78 97 133 146 164 191 211 405 433 455 478 486 528 539 580 610 634 
0 12 45 79 97 134 146 165 191 212 403 433 454 478 485 528 538 580 609 634 
0 12 46 80 97 134 146 166 192 213 402 433 453 478 484 527 537 579 608 633 
0 13 46 81 98 136 146 167 192 214 400 432 452 478 483 527 537 579 607 633 
0 13 46 82 98 137 147 168 192 214 399 432 451 479 481 527 535 579 606 633 
0 13 46 83 98 138 147 169 193 215 397 431 450 527 535 578 605 632 
0 13 47 84 98 138 147 170 193 216 396 431 449 526 534 578 604 632 
0 13 47 85 99 139 147 171 193 217 394 431 447 526 533 578 603 632 
0 13 47 86 99 140 148 172 193 218 393 430 446 526 532 578 602 632 
0 14 47 87 99 141 148 173 194 219 392 430 445 527 531 577 601 631 
0 14 48 87 99 142 148 174 194 220 392 429 443 527 530 577 600 631 
0 15 48 89 100 143 149 175 194 221 392 429 442 577 599 631 
0 16 48 90 100 144 149 176 195 221 392 428 441 576 599 631 
0 17 49 90 100 145 149 177 195 222 392 428 441 576 598 630 
0 18 49 92 101 146 149 178 195 223 392 428 440 576 596 630 
0 19 50 92 101 148 149 179 196 224 393 427 438 576 595 630 
0 20 50 93 101 180 196 225 393 427 437 575 595 629 
0 21 50 94 101 181 196 226 393 426 435 575 593 629 
0 22 50 95 102 182 197 227 393 426 434 575 592 629 
0 23 51 96 102 183 197 228 393 425 433 575 591 629 
0 24 51 97 102 184 197 228 394 425 433 574 590 628 
0 25 51 98 102 185 197 229 394 425 431 574 589 628 
0 26 51 100 102 186 198 230 394 424 430 574 589 628 
0 27 52 101 102 186 198 231 394 424 429 573 588 628 
0 28 52 188 198 232 394 424 428 573 587 627 
0 29 52 189 199 233 395 424 426 573 586 627 
0 30 53 190 199 234 395 573 585 627 
0 31 53 190 199 234 265 267 395 572 584 627 
0 32 53 191 200 235 265 267 395 572 583 626 
0 33 53 192 200 236 265 267 395 572 582 626 
0 34 54 193 200 236 264 267 395 571 581 626 
1 35 54 194 201 236 264 267 396 571 580 626 
1 36 55 195 201 236 264 267 396 571 580 625 
1 37 55 196 201 236 263 267 396 570 578 625 
1 38 55 197 201 236 263 267 396 570 578 625 
2 39 55 199 201 235 263 267 396 571 576 624 
2 40 56 234 262 267 396 571 575 624 
2 41 56 232 262 268 397 571 574 624 
3 42 56 230 262 268 397 571 573 624 
3 43 57 229 261 268 397 571 572 623 
3 44 57 227 261 268 397 623 
3 45 57 226 261 268 397 623 
4 46 57 224 260 268 397 623 638 640 
4 47 58 223 260 268 398 622 637 640 
4 48 58 221 259 268 398 622 637 640 
5 49 58 220 259 268 398 622 635 640 
5 50 59 219 259 268 369 370 398 621 635 640 
5 51 59 218 258 268 369 370 398 621 634 640 
6 52 59 216 258 268 369 370 399 621 633 640 
6 53 60 215 257 268 369 371 399 621 632 640 
6 54 60 213 257 268 369 371 399 620 632 640 
7 55 60 212 256 268 369 372 400 620 631 640 
7 56 60 211 256 268 370 372 400 620 630 640 
7 58 60 209 255 268 370 372 401 620 629 640 
7 208 255 268 370 372 401 620 627 640 
8 207 254 268 370 373 402 620 627 640 
8 205 253 268 370 373 402 620 626 640 
8 204 252 268 370 373 402 620 625 640 
9 203 251 268 370 373 403 620 624 640 
9 201 250 268 370 374 403 620 622 640 
9 200 249 268 370 374 403 640 
10 199 248 268 371 374 404 640 
10 198 247 268 371 374 404 640 
10 196 245 268 371 374 405 640 
10 195 244 267 371 374 405 640 
11 194 242 267 371 375 405 640 
11 192 241 267 371 375 405 640 
0 2 11 191 240 267 372 375 406 640 
0 2 12 190 238 267 372 375 406 640 
0 3 12 188 236 267 372 375 406 640 
0 4 12 187 235 266 372 376 407 640 
0 5 12 186 233 266 372 376 407 640 
0 6 13 185 232 266 372 376 407 640 
0 7 13 183 230 266 372 377 408 640 
0 8 13 182 228 267 370 377 408 640 
0 10 13 141 163 180 227 268 370 377 408 640 
0 11 13 139 166 179 225 268 370 378 408 640 
0 136 168 178 223 267 370 378 409 640 
0 135 170 176 222 267 371 378 409 640 
0 133 173 174 220 267 371 379 409 640 
0 133 219 267 371 379 410 640 
0 132 217 267 372 379 410 640 
0 132 216 267 372 380 410 640 
0 132 214 266 373 380 410 640 
0 133 212 266 373 380 410 640 
0 134 140 146 210 265 374 381 411 640 
0 135 136 146 209 265 374 381 411 640 
0 145 207 265 375 381 411 640 
0 145 206 264 375 382 411 640 
0 98 99 144 204 263 376 382 412 640 
0 93 102 143 202 263 376 383 412 640 
0 92 103 141 200 263 376 383 412 640 
0 92 104 137 199 262 377 383 412 640 
0 93 107 109 111 133 197 262 377 384 413 640 
0 94 112 126 195 261 377 384 413 640 
0 94 194 261 378 384 413 640 
0 95 192 260 379 385 413 640 
0 96 190 260 379 385 414 640 
0 97 189 259 380 385 414 640 
0 98 187 259 380 386 414 640 
0 99 184 258 381 386 414 640 
0 101 182 258 381 387 415 640 
0 102 179 258 382 387 415 640 
0 103 176 257 382 388 415 640 
0 105 172 257 382 388 415 640 
0 107 168 256 383 388 416 640 
0 108 165 256 383 389 416 640 
0 110 162 255 384 389 416 640 
0 112 159 255 384 389 416 640 
0 114 156 255 385 390 416 640 
0 115 153 254 385 390 417 640 
0 117 151 254 385 391 417 640 
0 120 148 254 386 391 417 640 
0 123 145 253 386 392 417 640 
0 127 142 253 386 392 418 640 
0 131 139 252 387 392 418 640 
0 252 387 393 418 640 
0 252 387 393 418 640 
0 251 388 393 418 640 
0 251 388 394 419 640 
0 251 388 394 419 640 
0 250 389 395 419 640 
0 250 389 395 419 640 
0 250 390 395 420 640 
0 249 390 396 420 640 
0 249 390 396 420 640 
0 249 390 397 420 640 
0 249 391 397 421 640 
0 248 391 397 421 640 
0 248 391 398 421 640 
0 248 391 398 421 640 
0 248 392 398 422 640 
0 248 392 399 422 640 
0 247 392 399 422 640 
0 247 392 400 422 640 
0 247 393 400 422 640 
0 247 393 400 423 640 
0 246 393 401 423 640 
0 246 393 401 423 640 
0 246 394 401 423 640 
0 245 394 402 423 640 
0 245 394 402 424 640 
0 245 395 403 424 640 
0 245 395 403 424 640 
0 244 395 403 424 640 
0 244 395 403 425 640 
0 244 395 403 425 640 
0 243 396 403 425 640 
0 243 396 403 425 640 
0 243 396 403 425 640 
0 243 397 403 425 640 
0 242 397 403 426 640 
0 242 397 403 426 640 
0 242 397 403 426 640 
0 242 398 403 426 640 
0 241 398 403 426 640 
0 241 398 403 427 640 
0 240 399 403 427 640 
0 240 399 403 427 640 
0 240 400 403 427 640 
0 239 400 403 427 640 
0 239 400 403 427 640 
0 239 401 403 428 640 
0 238 401 403 428 640 
0 238 401 403 428 640 
0 238 428 640 
0 237 429 640 
0 237 429 640 
0 237 429 640 
0 236 429 640 
0 236 430 640 
0 235 430 640 
0 235 430 640 
0 234 430 640 
0 234 430 640 
0 234 430 640 
0 233 431 640 
0 233 431 640 
0 233 431 640 
