























































































































































































































0 2 
0 2 
0 3 
0 3 
0 4 
0 5 
0 5 19 21 
0 6 20 22 
0 7 20 23 
0 7 21 24 
0 8 21 25 
0 9 21 26 
0 10 22 26 
0 10 22 27 
0 11 22 28 
0 12 23 29 
0 12 23 30 
0 13 24 31 
0 14 24 32 
0 14 24 33 
0 15 25 34 
0 16 25 34 
0 17 26 35 
0 17 26 35 
0 18 26 35 
0 19 27 35 
0 19 27 36 
0 20 27 36 
0 21 28 36 
0 21 28 36 
0 22 29 37 522 576 
0 23 29 37 45 46 83 111 512 586 
0 23 29 37 44 46 67 126 504 592 
0 24 30 37 44 46 62 132 499 596 
0 25 30 37 44 45 54 141 493 601 
0 27 30 38 44 45 49 148 487 605 
0 27 31 38 43 154 482 610 
0 28 31 38 40 160 475 613 
0 29 32 163 468 616 
0 29 32 168 461 618 
0 174 455 621 
0 179 451 624 
0 184 446 626 
0 190 443 627 
0 195 438 630 
0 200 435 631 
0 203 433 633 
0 206 430 635 
0 209 428 636 
0 213 425 638 
0 215 423 640 
0 218 420 640 
0 220 418 640 
0 222 416 640 
0 225 415 640 
0 227 311 334 412 640 
0 229 309 338 410 640 
0 231 302 344 409 640 
0 233 297 347 406 640 
0 235 293 352 405 640 
0 237 290 356 403 640 
0 239 286 358 402 640 
0 240 283 361 400 640 
0 242 281 365 399 640 
0 244 277 368 396 640 
0 245 275 370 395 640 
0 246 272 372 394 640 
0 248 270 374 392 640 
0 249 269 376 391 640 
0 251 264 381 390 640 
0 253 262 383 388 640 
0 254 261 385 387 640 
0 255 258 640 
0 640 
0 640 
0 640 
0 640 
0 640 
0 640 
0 640 
0 640 
0 640 
0 640 
0 640 
0 640 
0 640 
0 640 
0 640 
0 640 
0 640 
0 640 
0 640 
0 640 
0 640 
0 640 
0 640 
0 640 
0 640 
0 640 
0 640 
0 640 
0 640 
0 640 
0 144 161 490 500 640 
0 140 171 480 505 640 
0 136 176 474 509 640 
0 133 181 467 512 640 
0 130 185 462 515 640 
0 127 190 457 519 640 
0 122 193 454 522 640 
0 120 196 451 526 640 
0 117 198 448 528 640 
0 112 201 446 532 640 
0 110 203 443 537 640 
0 106 206 441 539 640 
0 102 207 439 544 640 
0 101 208 438 549 640 
0 95 207 440 552 640 
0 91 206 440 555 640 
0 86 205 441 560 640 
0 83 204 442 564 640 
0 80 204 443 570 640 
0 76 203 444 572 640 
0 72 202 444 575 640 
0 70 201 445 582 640 
0 64 201 446 588 640 
0 59 200 446 592 640 
0 53 199 447 598 640 
0 50 199 448 606 640 
0 45 198 449 613 640 
0 35 40 42 197 450 628 632 
0 34 196 450 
0 31 196 451 
0 27 195 451 
0 25 195 452 
0 25 194 452 
0 25 194 452 
0 25 194 453 
0 25 193 453 
0 25 193 453 
0 25 193 454 
0 25 192 454 
0 25 192 454 
0 25 192 455 
0 25 191 455 
0 26 191 455 
0 26 191 456 
0 26 191 456 
0 26 190 456 
0 26 190 457 
0 27 190 457 
0 27 190 458 
0 27 189 458 
0 27 189 458 
0 27 189 458 
0 27 189 458 
0 28 189 459 
0 28 189 459 
0 28 188 459 
0 28 188 459 
0 29 188 460 
0 29 188 460 
0 29 188 460 
0 29 188 460 
0 30 187 460 
0 30 187 460 
0 30 186 461 
0 31 185 461 
0 31 185 461 
0 32 184 461 
0 32 184 462 
0 32 183 462 
0 33 183 463 
0 33 182 464 
0 33 181 464 
0 33 181 465 
0 34 181 465 
0 34 180 466 
0 34 180 466 
0 34 179 467 
0 35 179 467 
0 35 178 468 
0 36 178 468 
0 36 177 469 
0 37 177 469 
0 37 177 470 
0 38 176 470 
0 38 176 470 
0 39 176 471 
0 39 176 471 
0 40 175 471 
0 40 175 472 
0 41 175 472 
0 41 174 473 
0 42 174 473 
0 42 174 473 
0 42 173 474 
0 43 173 474 
0 43 173 474 
0 44 173 474 
0 44 172 475 
0 44 172 475 
0 45 172 475 
0 45 171 475 
0 46 171 476 
0 46 171 476 
0 46 171 476 
0 47 170 476 
0 47 170 477 
0 48 170 477 
0 48 170 477 
0 48 169 478 
0 49 169 478 
0 49 169 478 
0 50 168 179 180 478 
0 50 168 179 180 479 
0 50 167 178 180 479 
0 51 167 178 180 479 
0 51 166 178 180 479 
0 52 166 177 180 480 
0 52 166 177 180 480 
0 53 165 176 180 480 
0 53 165 176 179 481 
0 54 164 175 179 466 467 481 
0 54 165 166 167 174 179 466 467 481 
0 54 165 174 179 466 467 482 
0 55 168 173 179 466 468 482 
0 55 167 172 179 466 468 482 
0 55 167 172 179 466 468 483 
0 56 166 171 179 466 469 483 
0 56 166 170 178 466 469 484 
0 57 166 170 178 466 470 484 
0 57 166 169 178 466 470 484 
0 58 165 168 178 466 470 485 
0 58 165 167 177 466 471 485 
0 59 164 167 177 467 471 485 
0 59 163 165 177 467 472 486 
0 59 163 165 177 467 472 486 
0 60 177 467 472 487 
0 60 176 467 473 488 
0 61 176 467 474 488 
0 61 176 467 474 489 
0 62 175 467 475 489 
0 62 175 467 476 490 
0 63 175 467 477 490 
0 63 174 467 477 490 
0 64 174 467 478 490 
0 64 173 467 479 490 
0 64 173 467 479 490 
0 65 173 467 480 491 
0 65 172 467 481 491 
0 65 172 468 482 491 
0 66 172 468 484 491 
0 67 171 468 485 491 
0 67 171 468 486 492 
0 68 171 468 487 492 
0 68 171 468 488 492 
0 68 171 468 489 493 
0 69 171 468 490 493 
0 69 172 468 
0 70 172 469 
0 70 172 469 
0 71 171 469 
0 71 171 469 
