558 640 
558 640 
558 640 
558 640 
558 640 
557 558 559 640 
557 558 559 640 
557 558 559 640 
560 640 
560 640 
560 640 
559 640 
560 640 
559 640 
556 640 
553 640 
550 640 
548 640 
544 640 
540 640 
536 640 
532 640 
528 640 
525 640 
522 640 
519 640 
516 640 
515 640 
512 640 
512 640 
510 640 
509 640 
509 640 
506 640 
506 640 
506 640 
504 640 
506 640 
506 640 
508 640 
507 640 
507 640 
508 640 
508 640 
509 640 
510 640 
510 640 
511 640 
511 640 
513 640 
514 640 
515 640 
515 640 
517 640 
517 640 
519 640 
520 640 
521 640 
523 640 
524 640 
525 640 
526 640 
527 640 
529 640 
530 640 
531 640 
532 640 
530 531 532 640 
530 640 
530 640 
530 534 535 640 
529 531 532 534 535 640 
529 530 531 533 535 640 
530 533 535 640 
530 532 534 640 
530 531 534 640 
534 640 
536 640 
536 640 
535 640 
535 640 
535 640 
535 640 
534 640 
533 640 
533 640 
533 640 
533 640 
533 640 
533 640 
533 640 
533 640 
533 640 
533 640 
533 640 
535 640 
534 640 
534 640 
534 535 537 640 
537 640 
537 640 
536 640 
536 640 
536 640 
536 640 
537 640 
537 538 539 640 
539 640 
540 640 
540 640 
541 640 
541 640 
541 640 
542 640 
543 640 
543 640 
545 640 
544 640 
545 640 
545 640 
545 640 
546 640 
546 640 
547 640 
549 640 
550 640 
551 640 
552 640 
552 640 
555 640 
556 640 
559 640 
560 640 
562 640 
565 640 
565 640 
567 640 
569 640 
570 640 
572 640 
571 640 
571 640 
570 640 
567 568 569 640 
567 640 
566 640 
563 564 565 640 
564 640 
563 640 
560 640 
560 640 
560 640 
560 640 
560 640 
561 640 
563 640 
565 640 
567 640 
569 640 
571 640 
572 640 
573 640 
574 640 
574 640 
574 640 
185 196 574 640 
184 200 574 640 
183 204 574 575 576 640 
181 206 574 575 576 640 
179 208 574 575 576 640 
178 210 576 640 
177 212 576 640 
177 214 576 640 
177 216 576 640 
177 218 578 640 
178 220 580 640 
179 222 581 640 
180 224 583 640 
184 226 584 640 
184 227 585 640 
176 229 586 640 
175 230 587 640 
174 232 587 640 
172 233 587 640 
171 234 588 640 
169 236 587 588 589 640 
168 237 587 588 589 640 
167 239 589 640 
167 240 589 640 
167 242 589 640 
170 244 590 640 
172 245 590 640 
176 247 590 640 
181 248 589 640 
185 249 590 640 
188 250 592 640 
190 252 594 640 
188 253 595 640 
184 255 596 640 
182 256 594 640 
181 257 595 640 
180 258 592 640 
178 260 592 640 
176 261 592 596 598 640 
175 262 593 595 599 640 
174 263 599 640 
174 264 602 640 
174 266 602 640 
175 267 604 640 
177 268 604 640 
182 269 603 606 607 637 
186 270 608 635 
191 271 611 612 613 633 
196 273 618 621 622 631 
200 274 625 628 
203 275 
201 276 
198 277 
196 278 
195 279 
193 280 
191 281 638 640 
190 282 637 640 
188 283 637 640 
187 285 637 640 
186 286 636 640 
186 287 635 640 
189 289 634 635 636 640 
215 290 635 640 
219 291 635 640 
221 292 303 306 635 640 
224 294 303 311 632 633 634 640 
226 295 297 316 632 640 
229 321 632 640 
230 324 527 552 631 640 
232 330 524 561 629 640 
233 335 520 568 627 640 
233 340 519 576 625 640 
234 346 518 590 622 640 
235 350 517 598 620 640 
236 355 516 603 619 620 621 640 
237 359 515 605 620 640 
237 365 515 606 620 640 
238 371 514 607 620 640 
239 376 514 608 620 640 
240 382 513 609 620 640 
240 388 513 612 617 640 
241 394 513 640 
242 400 512 640 
243 404 513 640 
244 410 513 640 
245 416 512 640 
245 422 507 640 
247 427 499 640 
248 431 491 640 
249 436 480 640 
250 440 471 640 
252 443 461 640 
253 640 
255 640 
258 640 
260 640 
262 640 
264 640 
267 640 
269 640 
271 640 
273 640 
275 640 
277 640 
280 640 
282 640 
284 640 
286 640 
287 640 
286 640 
286 640 
286 640 
286 640 
285 640 
285 640 
285 640 
285 640 
285 640 
284 640 
284 640 
284 640 
285 640 
284 640 
284 640 
286 640 
290 640 
304 640 
317 640 
324 640 
332 640 
338 640 
343 640 
349 640 
353 640 
358 640 
362 640 
366 640 
371 640 
375 640 
380 640 
384 640 
387 640 
391 640 
395 640 
399 640 
403 640 
406 640 
410 640 
413 640 
418 640 
423 640 
457 553 599 640 
604 640 
606 640 
606 640 
606 640 
606 640 
606 640 
606 640 
606 640 
606 640 
606 640 
605 640 
605 640 
605 640 
606 640 
607 640 
607 640 
607 640 
607 640 
607 640 
607 640 
607 640 
607 640 
607 640 
607 640 
607 640 
607 640 
606 640 
606 640 
606 640 
606 640 
606 640 
606 640 
606 640 
606 640 
606 640 
606 640 
606 640 
606 640 
606 640 
606 640 
606 640 
606 640 
607 640 
604 605 607 640 
604 605 607 640 
604 605 607 640 
607 640 
607 640 
605 606 607 640 
605 606 607 640 
607 640 
607 640 
607 640 
607 640 
607 640 
607 640 
607 640 
607 640 
606 640 
606 640 
606 640 
606 640 
607 640 
607 640 
608 640 
609 640 
609 640 
609 640 
609 640 
609 640 
609 640 
609 640 
610 640 
610 640 
610 640 
611 640 
611 640 
611 640 
611 640 
612 640 
612 640 
612 640 
612 640 
612 640 
613 640 
613 640 
614 640 
614 640 
615 640 
615 640 
615 640 
616 640 
616 640 
616 640 
617 640 
618 640 
618 640 
619 640 
619 640 
620 640 
620 640 
621 640 
621 640 
622 640 
623 640 
623 640 
624 640 
624 640 
625 640 
625 640 
626 640 
627 640 
628 640 
628 640 
629 640 
630 640 
630 640 
631 640 
632 640 
633 640 
633 640 
634 640 
635 640 
636 640 
637 640 
637 640 
638 640 
638 640 
639 640 

































