0 640 
0 640 
0 640 
0 640 
0 640 
0 640 
0 640 
0 640 
0 640 
0 640 
0 640 
0 640 
0 640 
0 640 
0 640 
0 640 
0 640 
0 640 
0 640 
0 640 
0 640 
0 640 
0 640 
0 640 
0 640 
0 640 
0 640 
0 640 
0 640 
0 640 
0 640 
0 640 
0 640 
0 640 
0 640 
0 640 
0 640 
0 208 209 640 
0 205 210 640 
0 125 154 203 211 640 
0 120 162 201 211 640 
0 117 166 199 212 640 
0 114 175 197 212 640 
0 110 182 195 213 640 
0 107 188 194 213 640 
0 106 214 640 
0 104 215 640 
0 43 44 102 215 640 
0 43 45 100 216 640 
0 43 46 99 216 640 
0 43 47 97 216 640 
0 44 47 96 218 640 
0 94 220 640 
0 93 223 640 
0 92 226 640 
0 90 228 640 
0 89 229 640 
0 88 231 640 
0 87 233 640 
0 87 235 640 
0 86 236 640 
0 85 237 640 
0 84 239 640 
0 83 240 640 
0 82 241 640 
0 82 242 640 
0 81 244 640 
0 80 245 640 
0 79 246 640 
0 78 247 640 
0 78 248 640 
0 77 249 640 
0 76 250 587 588 640 
0 76 250 584 589 640 
0 75 251 585 591 640 
0 74 253 640 
0 74 253 640 
0 73 254 640 
0 73 255 640 
0 72 256 640 
0 72 257 640 
0 71 257 640 
0 71 258 640 
0 70 258 640 
0 70 259 640 
0 69 260 640 
0 69 260 640 
0 69 261 640 
0 68 262 640 
0 67 262 640 
0 67 263 640 
0 67 263 640 
0 66 264 640 
0 66 264 640 
0 65 265 640 
0 65 266 640 
0 65 266 640 
0 64 266 640 
0 64 267 640 
0 64 267 640 
0 63 267 640 
0 63 268 640 
0 63 268 640 
0 63 269 640 
0 63 269 640 
0 62 270 640 
0 62 270 640 
0 62 270 640 
0 62 270 640 
0 61 271 640 
0 61 271 640 
0 61 271 640 
0 60 271 640 
0 60 271 640 
0 60 272 640 
0 60 272 640 
0 60 272 640 
0 60 272 640 
0 60 273 640 
0 60 273 640 
0 60 273 640 
0 60 273 640 
0 60 273 640 
0 60 273 640 
0 60 274 640 
0 60 274 640 
0 60 274 640 
0 60 274 640 
0 61 274 640 
0 61 274 544 545 640 
0 61 274 543 545 640 
0 62 274 542 545 640 
0 62 274 542 546 640 
0 62 274 541 546 640 
0 61 274 541 546 640 
0 57 274 541 545 640 
0 54 274 541 545 640 
0 51 274 640 
0 48 274 640 
0 47 274 640 
0 45 274 640 
0 43 274 640 
0 26 29 42 273 640 
0 22 33 40 273 640 
0 21 273 640 
0 20 273 640 
0 20 272 640 
0 20 272 640 
0 20 272 640 
0 20 272 640 
0 21 271 640 
0 21 271 640 
0 21 270 640 
0 22 270 640 
0 22 269 640 
0 22 269 640 
0 23 268 640 
0 23 269 640 
0 24 269 640 
0 24 270 640 
0 25 270 640 
0 25 271 640 
0 26 271 640 
0 27 271 640 
0 27 272 640 
0 27 272 640 
0 26 273 640 
0 25 273 640 
0 25 274 640 
0 24 274 640 
0 23 275 640 
0 23 275 640 
0 22 276 640 
0 23 276 640 
0 24 277 640 
0 27 277 640 
0 30 278 640 
0 32 278 640 
0 35 278 640 
0 37 278 640 
0 39 279 640 
0 42 279 640 
0 45 280 640 
0 48 280 640 
0 50 281 640 
0 52 281 640 
0 56 282 640 
0 60 282 640 
0 64 282 640 
0 64 282 640 
0 64 283 640 
0 64 283 640 
0 64 283 640 
0 64 283 640 
0 64 283 640 
0 64 268 270 283 640 
0 64 269 271 283 640 
0 64 269 272 282 640 
0 64 269 272 282 640 
0 64 270 272 282 640 
0 63 270 274 281 640 
0 63 270 275 280 640 
0 63 271 276 277 640 
0 63 271 640 
0 63 271 640 
0 63 271 640 
0 63 272 640 
0 63 272 640 
0 63 272 640 
0 63 272 640 
0 63 272 640 
0 63 273 640 
0 62 273 640 
0 62 273 640 
0 62 274 640 
0 62 274 640 
0 62 275 640 
0 62 275 640 
0 61 275 640 
0 61 276 640 
0 61 276 640 
0 60 276 640 
0 60 277 640 
0 60 277 640 
0 60 277 640 
0 59 278 640 
0 59 278 640 
0 58 278 640 
0 58 279 640 
0 58 280 640 
0 57 280 640 
0 57 280 640 
0 55 281 640 
0 54 281 640 
0 52 282 640 
0 50 282 640 
0 49 282 640 
0 47 283 640 
0 45 284 640 
0 46 50 53 285 640 
0 53 285 640 
0 52 286 640 
0 51 286 640 
0 50 287 640 
0 50 287 640 
0 49 288 640 
0 49 289 640 
0 48 289 640 
0 48 290 640 
0 47 291 640 
0 46 292 640 
0 46 48 51 292 640 
0 45 47 51 293 640 
0 50 58 60 294 640 
0 49 57 60 295 640 
0 49 56 59 296 640 
0 48 56 58 296 640 
0 48 55 57 297 640 
0 48 53 57 298 640 
0 48 52 55 299 640 
0 47 51 54 300 640 
0 46 50 54 301 640 
0 46 48 53 302 640 
0 46 47 52 303 640 
0 52 58 62 303 640 
0 50 57 62 305 640 
0 50 54 62 305 640 
0 49 50 62 306 640 
0 62 308 640 
0 62 308 640 
0 62 310 640 
0 62 311 640 
0 62 312 640 
0 61 312 640 
0 61 65 66 314 640 
0 61 64 66 316 640 
0 61 64 66 318 640 
0 61 63 66 307 308 320 640 
0 61 63 66 303 310 322 640 
0 61 62 66 301 314 324 640 
0 67 300 317 325 640 
0 67 299 320 326 640 
0 67 298 323 327 640 
0 67 296 327 328 640 
0 67 296 640 
0 68 295 640 
0 68 293 640 
0 67 293 640 
0 67 292 640 
0 67 291 640 
0 67 290 640 
0 67 289 640 
0 67 225 226 288 640 
0 67 212 229 287 640 
0 67 72 74 211 232 251 258 286 640 
0 67 72 78 214 235 247 261 285 640 
0 66 71 82 216 235 238 265 283 640 
0 65 71 82 222 235 237 269 280 640 
0 64 70 79 225 235 237 640 
0 63 70 77 230 235 237 640 
0 63 69 75 237 640 
0 63 68 73 240 640 
0 62 68 71 246 640 
0 62 68 70 254 640 
0 62 256 640 
0 62 257 640 
0 62 257 640 
0 61 258 640 
0 61 259 640 
0 59 260 640 
0 57 261 640 
0 55 261 640 
0 54 262 640 
0 52 263 640 
0 50 263 640 
0 48 264 640 
0 47 264 640 
0 45 265 640 
0 44 265 640 
0 43 264 640 
0 42 263 640 
0 42 262 640 
0 41 260 640 
0 41 260 640 
0 41 259 640 
0 40 259 640 
0 40 259 640 
0 39 260 640 
0 39 261 640 
0 39 261 635 637 640 
0 39 262 629 
0 39 40 43 262 623 
0 44 263 612 618 622 
0 44 264 613 
0 45 264 618 638 640 
0 45 265 623 635 640 
0 46 265 640 
0 46 265 640 
0 46 266 640 
0 46 266 640 
0 46 267 640 
0 45 267 640 
0 44 267 640 
0 44 268 640 
0 43 268 640 
0 43 268 640 
0 43 269 640 
0 42 270 640 
0 42 270 640 
0 42 270 640 
0 41 271 640 
0 41 271 640 
0 40 271 640 
0 40 272 640 
0 40 272 640 
0 39 272 640 
0 39 272 640 
0 39 273 640 
0 38 273 640 
0 38 273 640 
0 38 274 640 
0 38 274 640 
0 38 274 640 
0 37 275 640 
0 37 275 640 
0 37 275 283 287 640 
0 37 288 640 
0 37 289 640 
0 37 290 640 
0 37 290 640 
0 36 290 640 
0 36 290 640 
0 36 289 640 
0 35 289 640 
0 30 32 35 288 640 
0 29 288 640 
0 28 288 640 
0 27 287 640 
0 27 287 640 
0 27 287 640 
0 27 286 640 
0 27 286 640 
0 28 286 640 
0 28 286 640 
0 28 286 640 
0 28 285 640 
0 28 285 640 
0 25 26 27 285 640 
0 25 286 640 
0 26 286 640 
0 26 285 640 
0 27 285 640 
0 28 284 640 
0 28 284 640 
0 28 284 640 
0 28 285 640 
0 28 286 640 
0 28 287 640 
0 28 289 640 
0 28 291 640 
0 28 294 640 
0 28 296 640 
0 28 297 640 
0 28 298 640 
0 28 299 640 
0 27 300 640 
0 27 301 640 
0 27 301 640 
0 27 301 640 
0 27 300 640 
0 27 299 640 
0 26 299 640 
0 26 298 640 
0 26 297 640 
0 26 296 640 
0 25 295 640 
0 25 295 640 
0 24 295 640 
0 23 295 640 
0 23 295 640 
0 22 295 640 
0 21 295 640 
0 20 295 640 
0 20 295 640 
0 17 295 640 
0 16 296 640 
0 15 295 640 
0 16 294 640 
0 17 293 640 
0 17 293 640 
0 16 293 640 
0 16 293 640 
0 15 293 640 
0 15 294 640 
0 14 294 640 
0 14 295 640 
0 13 295 640 
0 14 296 640 
0 15 296 640 
0 15 296 640 
0 16 297 640 
0 16 297 640 
0 17 297 640 
0 18 298 640 
0 18 298 640 
0 22 299 640 
0 22 242 243 299 640 
0 21 242 243 300 640 
0 21 242 243 300 640 
0 21 242 243 301 640 
0 20 241 244 301 640 
0 20 241 244 301 640 
0 20 241 244 302 640 
0 20 241 243 302 640 
0 19 241 243 303 640 
0 19 241 243 303 640 
0 19 241 243 304 640 
0 19 241 243 305 640 
0 19 241 243 305 640 
0 18 241 243 306 640 
0 18 241 243 306 640 
0 18 241 243 307 640 
0 17 241 243 307 640 
0 17 240 243 307 640 
0 17 240 243 308 640 
0 17 240 243 309 640 
0 16 240 243 309 640 
0 16 240 242 310 640 
0 15 239 242 310 640 
0 15 239 242 310 640 
0 15 239 242 311 640 
0 14 239 242 311 640 
0 14 238 241 312 640 
0 14 238 241 312 640 
0 13 237 240 313 640 
0 13 237 239 313 640 
0 13 237 239 314 640 
0 13 236 238 314 640 
0 13 236 238 315 640 
0 13 236 239 315 640 
