0 640 
0 640 
0 640 
0 640 
0 640 
0 640 
0 640 
0 640 
0 640 
0 640 
0 640 
0 640 
0 640 
0 640 
0 640 
0 640 
0 640 
0 640 
0 640 
0 640 
0 640 
0 640 
0 640 
0 640 
0 640 
0 640 
0 640 
0 640 
0 640 
0 640 
0 640 
0 640 
0 640 
0 640 
0 640 
0 640 
0 640 
0 640 
0 640 
0 296 306 331 355 640 
0 291 314 325 360 640 
0 287 317 322 362 640 
0 284 365 640 
0 281 368 640 
0 278 370 640 
0 276 372 640 
0 275 373 640 
0 273 375 640 
0 271 376 640 
0 270 377 640 
0 268 378 640 
0 267 379 640 
0 266 380 640 
0 265 381 640 
0 264 382 640 
0 264 383 640 
0 263 384 640 
0 262 385 640 
0 262 386 640 
0 261 386 640 
0 260 387 640 
0 260 387 640 
0 259 388 640 
0 259 389 640 
0 258 389 640 
0 258 390 640 
0 258 390 403 404 640 
0 257 391 400 409 640 
0 257 391 399 411 640 
0 257 391 398 413 640 
0 256 392 397 414 640 
0 256 392 396 416 640 
0 255 393 395 418 640 
0 255 393 395 419 640 
0 255 420 640 
0 255 422 640 
0 254 423 640 
0 254 424 640 
0 254 425 640 
0 254 427 640 
0 254 427 640 
0 253 428 640 
0 253 429 640 
0 253 430 640 
0 253 431 640 
0 253 431 640 
0 253 432 640 
0 252 433 640 
0 252 433 640 
0 253 434 640 
0 253 434 640 
0 252 435 640 
0 252 435 640 
0 253 436 640 
0 253 436 640 
0 252 436 640 
0 253 437 640 
0 253 437 640 
0 253 437 640 
0 253 437 640 
0 253 438 640 
0 253 438 640 
0 254 438 640 
0 254 438 640 
0 254 438 640 
0 255 438 640 
0 255 438 640 
0 255 438 640 
0 255 439 640 
0 255 439 640 
0 255 439 640 
0 255 439 640 
0 255 440 640 
0 255 440 640 
0 254 440 640 
0 254 441 640 
0 253 441 640 
0 253 441 640 
0 253 442 640 
0 252 442 640 
0 251 442 640 
0 251 443 640 
0 250 443 640 
0 249 442 640 
0 248 441 640 
0 247 440 640 
0 246 438 640 
0 246 437 640 
0 245 397 398 436 640 
0 244 397 400 436 640 
0 243 396 400 435 640 
0 242 396 400 435 640 
0 241 395 401 434 640 
0 239 395 401 434 640 
0 238 394 401 433 640 
0 237 394 401 432 640 
0 236 394 401 432 640 
0 234 393 401 432 640 
0 233 393 401 432 640 
0 232 392 402 432 640 
0 232 392 402 433 640 
0 232 391 402 433 640 
0 233 391 402 433 640 
0 234 390 401 434 640 
0 235 255 257 390 401 434 640 
0 237 239 241 255 258 389 402 434 640 
0 243 254 259 389 402 435 640 
0 244 254 260 389 402 435 640 
0 246 254 261 389 402 435 640 
0 248 253 261 389 402 436 640 
0 250 252 260 390 402 436 640 
0 260 390 401 436 640 
0 259 390 401 436 640 
0 259 390 401 437 640 
0 258 390 401 437 640 
0 257 391 401 437 640 
0 257 392 401 437 640 
0 256 393 401 437 640 
0 255 395 401 438 640 
0 255 396 400 438 640 
0 254 398 400 438 640 
0 253 391 397 398 400 438 640 
0 252 258 260 391 400 438 640 
0 251 256 260 392 400 438 640 
0 251 254 260 392 400 439 640 
0 250 252 260 388 389 392 400 439 640 
0 260 388 391 392 400 439 640 
0 260 264 266 381 383 388 400 440 640 
0 260 263 266 381 383 388 400 440 640 
0 260 263 267 380 384 388 399 440 640 
0 260 262 267 380 384 388 399 440 640 
0 260 261 268 375 376 379 385 389 399 440 640 
0 260 261 268 375 377 379 386 389 399 441 640 
0 268 271 273 375 377 378 387 389 399 441 640 
0 269 271 273 374 388 390 399 441 640 
0 270 271 273 374 399 441 640 
0 274 373 399 441 640 
0 274 373 399 402 404 442 640 
0 274 373 399 402 404 442 640 
0 274 372 400 402 404 442 640 
0 275 372 400 402 404 442 640 
0 275 372 400 402 404 442 640 
0 275 282 283 355 357 371 400 402 404 442 640 
0 276 282 283 355 357 371 400 402 404 442 640 
0 276 283 284 292 294 354 357 371 400 403 404 443 640 
0 276 283 284 292 295 354 357 370 400 442 640 
0 277 282 284 292 296 353 357 370 400 441 640 
0 277 282 284 292 296 353 357 370 401 441 640 
0 277 282 285 291 296 352 357 370 401 441 640 
0 277 282 285 291 296 298 299 350 357 361 362 370 401 441 640 
0 277 282 285 291 296 298 300 349 357 361 362 365 368 370 402 441 640 
0 277 282 285 291 301 348 357 360 361 365 368 370 402 441 640 
0 277 282 285 291 303 346 357 360 361 365 368 370 402 441 640 
0 278 282 285 291 304 345 357 360 362 365 368 370 402 441 640 
0 278 281 285 291 304 344 357 360 362 364 368 370 403 440 640 
0 278 281 285 287 288 291 303 345 357 359 362 364 403 440 640 
0 278 281 285 287 288 291 303 345 357 359 362 363 403 440 640 
0 278 281 285 286 288 290 303 344 357 359 362 363 404 440 640 
0 278 281 285 286 288 290 303 344 357 359 361 363 404 439 640 
0 278 280 285 286 288 290 304 344 357 359 361 363 405 439 640 
0 278 280 288 290 304 343 356 358 361 362 405 439 640 
0 73 77 278 280 288 290 304 343 357 358 361 362 405 438 640 
0 71 79 278 279 288 290 305 343 357 358 361 362 406 438 640 
0 69 81 278 279 288 290 305 342 357 358 406 431 432 438 640 
0 68 83 288 289 305 342 406 431 432 438 640 
0 67 85 288 289 305 342 407 431 432 437 640 
0 66 87 304 343 407 431 432 437 640 
0 65 89 303 344 407 431 432 437 640 
0 64 91 301 345 407 431 432 436 640 
0 63 93 300 346 408 431 432 436 640 
0 62 96 298 348 408 431 433 435 640 
0 61 98 296 350 408 430 433 435 640 
0 60 100 294 351 408 430 433 435 640 
0 59 102 291 354 408 430 433 434 640 
0 58 104 288 356 408 412 414 430 433 434 640 
0 57 106 286 358 409 412 414 430 433 434 640 
0 56 75 78 108 284 360 409 412 414 430 432 433 640 
0 55 73 80 110 282 362 409 412 414 430 432 433 640 
0 53 72 81 112 280 364 409 411 414 430 432 433 640 
0 52 71 83 115 278 366 409 411 414 430 640 
0 51 70 84 117 277 367 409 411 414 430 566 571 640 
0 50 69 86 118 275 369 410 411 415 431 564 572 640 
0 48 68 88 120 274 370 415 417 419 427 562 574 640 
0 47 67 90 123 273 371 415 417 419 427 560 575 640 
0 46 67 92 124 272 372 415 417 419 427 558 576 640 
0 45 66 94 126 271 373 415 417 420 422 424 427 555 577 640 
0 44 65 96 128 270 374 416 417 424 426 553 578 640 
0 42 64 98 130 269 375 416 417 424 426 551 579 640 
0 41 63 101 131 269 376 425 426 547 580 640 
0 40 62 103 133 268 377 545 581 640 
0 38 61 103 135 267 378 542 582 640 
0 37 61 103 136 266 379 540 583 640 
0 36 62 103 138 266 379 537 583 640 
0 35 63 102 115 117 140 265 380 534 584 640 
0 33 64 103 115 119 141 264 381 532 585 640 
0 32 65 103 115 122 143 263 382 530 564 568 586 640 
0 30 65 102 115 125 145 263 383 527 562 569 587 640 
0 29 65 101 116 127 146 262 383 525 561 570 588 640 
0 27 64 99 117 129 148 261 384 522 559 571 589 640 
0 26 64 98 118 131 150 260 385 520 557 572 590 640 
0 24 51 53 65 98 119 133 152 259 386 518 554 573 591 640 
0 23 50 53 66 97 119 134 153 259 386 516 552 574 592 640 
0 21 49 51 67 97 120 136 155 258 387 514 549 575 593 640 
0 20 48 50 68 96 120 137 157 257 388 512 547 575 594 640 
0 18 47 49 69 96 120 139 160 256 388 510 545 576 595 640 
0 16 46 48 70 95 121 140 162 256 389 508 542 577 596 640 
0 15 45 48 70 95 121 142 164 255 390 506 539 578 597 640 
0 13 43 48 71 94 121 143 165 221 229 254 391 504 539 578 598 640 
0 11 42 47 71 94 122 145 168 218 232 253 391 502 540 579 599 640 
0 10 41 47 71 93 122 146 172 213 234 252 392 500 525 528 541 580 600 640 
0 7 39 46 72 93 122 148 176 207 238 252 393 498 522 528 541 580 601 640 
0 6 38 46 72 93 122 149 180 203 240 251 394 496 519 527 540 579 602 640 
0 4 37 45 73 92 123 150 192 193 194 195 245 250 394 494 516 527 540 578 603 640 
0 2 35 45 73 92 123 151 395 492 514 526 542 577 605 640 
33 45 73 91 123 153 396 418 421 490 512 525 543 577 606 640 
32 44 74 91 124 154 397 414 424 488 510 524 544 576 607 640 
30 44 74 91 124 154 397 411 426 486 508 523 545 576 608 640 
29 43 75 91 124 153 398 406 429 483 506 523 545 576 609 640 
27 43 75 91 124 153 432 480 504 523 545 576 610 640 
25 42 76 91 124 154 436 477 502 522 546 575 612 640 
24 42 76 92 123 154 441 474 501 522 546 573 588 589 613 640 
22 42 76 92 123 153 165 202 445 471 499 521 546 571 587 590 614 640 
20 42 76 92 123 151 165 203 216 228 497 521 547 570 588 591 615 640 
18 42 76 92 123 150 165 204 215 237 496 520 547 570 589 592 617 640 
18 42 76 92 122 149 166 204 215 240 495 520 548 569 590 592 618 640 
18 42 75 93 122 148 168 202 214 241 493 519 548 568 590 593 619 640 
18 43 75 93 122 147 168 201 214 241 491 519 548 568 591 594 621 640 
3 4 18 43 75 93 121 147 169 199 215 240 490 518 548 567 591 595 622 640 
0 5 17 43 75 93 121 146 170 198 216 240 489 518 549 567 591 597 623 640 
0 6 17 43 74 93 121 146 170 197 216 240 489 518 549 566 592 598 625 640 
0 6 18 43 74 93 121 145 170 197 217 240 410 424 489 517 550 565 592 599 626 640 
0 5 18 44 74 94 120 145 170 196 218 240 405 427 440 462 489 517 550 565 592 600 628 640 
0 3 19 44 73 94 120 144 171 195 218 240 405 428 440 471 489 517 550 564 593 601 629 640 
0 2 20 44 73 94 120 144 171 195 218 240 406 429 440 476 489 518 550 564 593 603 631 640 
0 2 22 44 73 94 120 143 171 194 218 241 406 429 442 477 491 518 550 563 593 604 632 640 
0 1 22 44 72 94 119 143 171 193 218 242 406 429 443 476 493 518 549 563 593 605 634 640 
23 45 72 94 119 142 171 193 219 242 406 428 445 475 493 519 549 562 594 606 635 640 
23 45 72 95 119 142 172 192 219 243 406 428 445 474 494 519 549 562 594 608 637 640 
24 45 72 95 118 141 172 191 219 244 405 427 446 474 495 519 548 562 594 609 638 640 
24 45 71 95 118 141 172 191 219 245 405 426 447 473 495 519 548 562 595 610 
25 45 71 95 118 140 172 190 219 245 404 425 448 473 496 519 547 562 595 612 
25 46 71 95 118 140 173 190 219 244 403 425 449 473 496 520 547 562 595 613 
25 46 71 95 117 140 173 189 220 243 402 425 450 472 497 520 547 562 595 615 
26 46 70 96 117 140 173 188 220 242 401 425 450 472 497 520 547 562 594 616 
26 46 70 96 117 140 173 188 220 241 400 424 451 472 498 520 546 563 594 618 
26 46 70 96 116 140 173 188 220 240 402 424 452 471 498 521 546 563 593 619 
27 47 69 96 116 141 172 188 220 239 403 424 453 471 499 521 546 563 593 620 
27 47 69 96 116 141 172 188 220 238 403 424 454 470 499 521 545 563 593 620 
27 47 69 97 116 141 172 188 220 237 403 424 454 470 500 522 545 563 592 620 
28 47 68 97 115 141 171 188 220 238 403 424 455 470 500 522 545 563 592 620 
28 48 68 97 115 141 171 188 220 238 404 424 455 469 501 522 544 564 591 620 
28 48 68 97 115 142 171 188 220 239 405 424 455 469 501 522 544 564 591 619 633 634 
28 48 68 97 115 142 170 188 219 240 406 424 455 469 501 522 544 564 590 618 632 637 
28 48 67 98 115 142 170 188 219 242 407 424 455 469 501 523 543 564 590 615 631 640 
28 48 67 98 114 142 170 188 218 243 406 424 455 469 501 523 543 564 590 614 631 640 
27 48 67 98 114 142 169 188 218 245 406 424 455 469 501 523 543 564 589 613 632 640 
27 49 67 98 113 142 169 188 217 246 405 424 455 469 501 523 542 564 589 613 633 640 
27 49 66 98 113 142 168 188 217 246 403 423 455 470 500 524 542 565 588 612 633 640 
27 49 66 99 113 142 168 188 216 245 402 424 455 470 500 524 542 565 588 611 634 640 
26 49 66 99 113 142 168 188 216 245 400 424 455 470 500 524 541 565 587 610 634 640 
26 49 66 99 112 142 167 188 215 244 399 425 456 471 500 524 541 565 587 610 635 640 
26 50 65 99 112 143 167 188 215 244 399 425 456 471 499 524 541 565 587 609 635 640 
25 50 65 99 112 143 167 188 214 244 398 426 456 472 499 525 540 565 586 608 635 640 
25 50 65 99 111 143 167 188 214 243 398 427 456 472 499 525 540 566 586 607 635 640 
25 50 65 100 111 143 166 188 213 243 398 427 456 472 499 525 540 566 585 607 636 640 
24 50 64 100 111 143 166 188 213 243 398 428 456 473 498 525 539 566 585 606 636 640 
24 51 64 100 111 143 165 188 212 242 399 429 456 473 498 526 539 566 585 605 636 640 
24 51 64 100 110 143 165 188 212 242 399 429 456 473 498 526 539 566 584 605 636 640 
23 51 63 100 110 143 165 188 211 242 399 430 456 474 498 526 538 567 584 604 636 640 
23 51 63 100 110 143 164 188 211 241 400 430 456 474 498 526 538 567 583 604 637 640 
23 51 63 101 110 144 164 188 210 241 400 431 456 475 497 527 538 567 583 604 637 640 
22 52 63 101 109 144 164 188 210 241 400 432 456 475 497 527 537 567 583 604 637 640 
22 52 62 101 109 144 163 188 209 240 400 432 456 475 497 527 537 567 582 604 637 640 
22 52 62 101 109 144 163 188 209 240 401 433 456 476 497 527 537 567 582 604 637 640 
22 52 62 101 108 144 163 188 208 240 401 434 456 476 496 528 537 568 581 605 637 640 
21 52 61 102 108 144 162 188 207 239 401 434 456 476 496 528 536 568 581 605 637 640 
21 53 61 102 108 144 162 188 207 239 401 435 456 477 496 528 536 568 580 605 637 640 
21 53 61 102 107 144 162 188 207 239 401 435 456 477 496 528 536 568 580 605 637 640 
20 53 61 102 107 144 161 188 206 238 401 436 456 477 496 529 535 568 580 605 636 640 
20 53 60 102 107 145 161 188 206 238 402 437 456 478 495 529 535 568 579 605 635 640 
20 53 60 103 106 145 161 188 205 238 402 437 456 478 495 529 535 569 579 605 635 640 
20 54 60 103 106 145 160 188 205 238 402 438 456 478 495 529 534 569 578 605 634 640 
19 54 60 104 105 145 160 188 204 238 402 438 456 479 495 530 534 569 578 605 634 640 
19 54 59 145 160 188 204 237 402 439 456 479 495 530 533 569 578 605 633 640 
19 54 59 145 159 188 203 237 402 440 457 479 494 531 532 569 577 605 633 640 
18 55 58 145 159 188 203 237 402 440 457 480 494 569 577 606 632 640 
18 55 57 145 159 188 202 237 402 441 457 480 494 570 576 606 632 640 
18 145 158 188 202 237 403 442 457 480 494 570 576 606 631 640 
17 146 158 188 201 236 403 442 457 481 494 570 575 606 631 640 
17 146 158 188 201 236 403 443 457 481 493 570 575 606 630 640 
0 1 17 146 157 188 200 236 403 443 457 482 493 570 574 606 630 640 
0 1 17 146 157 188 200 236 403 444 457 482 493 571 574 606 629 640 
0 1 16 146 157 188 199 235 403 445 457 482 493 606 629 640 
0 2 16 146 156 188 199 235 403 445 457 483 492 606 628 640 
0 2 16 146 156 188 198 235 403 446 457 483 492 607 627 640 
0 2 15 147 156 188 197 235 403 446 457 483 492 607 627 640 
0 2 15 147 155 188 197 235 403 447 457 484 492 607 626 640 
0 2 15 147 155 188 197 235 374 375 403 448 457 484 492 607 626 640 
0 2 15 147 155 188 196 235 373 375 403 448 457 484 491 607 625 640 
0 2 14 147 154 188 196 235 373 375 403 449 457 485 491 607 625 640 
0 3 14 147 154 188 195 234 373 376 403 450 457 485 491 607 624 640 
0 3 14 147 153 188 195 233 265 267 373 376 403 450 457 486 491 607 624 640 
0 3 13 148 153 188 194 231 265 267 373 376 404 451 457 486 490 607 623 640 
0 3 13 148 153 188 194 229 264 267 373 376 406 451 457 487 490 607 623 640 
0 3 13 148 152 188 193 228 264 267 373 377 408 452 457 488 489 607 622 640 
0 4 12 148 152 188 193 226 263 267 372 377 410 453 457 607 622 640 
0 4 12 148 151 188 192 225 263 267 372 378 411 453 457 608 621 640 
0 4 12 149 150 188 191 224 260 267 372 378 413 454 457 608 621 640 
0 4 12 188 191 222 260 267 372 378 415 456 457 608 620 640 
0 4 11 189 190 220 259 267 372 378 416 608 620 640 
0 5 11 219 259 267 372 379 418 608 619 640 
0 5 11 218 258 267 372 379 419 608 618 640 
0 5 10 217 258 267 372 379 420 608 618 640 
0 5 10 215 257 267 372 380 422 608 617 640 
0 5 10 214 257 267 372 380 423 608 617 640 
0 6 9 213 256 267 371 380 425 608 616 640 
0 6 8 211 256 267 371 381 426 608 616 640 
0 210 255 267 371 381 428 609 615 640 
0 209 254 267 371 382 429 609 615 640 
0 208 254 267 372 382 431 609 615 640 
0 206 253 267 372 383 432 609 614 640 
0 205 252 267 372 384 433 609 613 640 
0 204 251 267 372 384 435 610 612 640 
0 203 251 267 372 385 436 640 
0 201 250 267 372 386 438 640 
0 200 249 267 372 387 439 640 
0 199 248 267 372 388 441 640 
0 198 247 267 372 389 442 640 
0 196 246 266 373 390 443 640 
0 195 244 266 373 391 445 640 
0 194 243 266 373 393 446 640 
0 193 242 266 373 395 447 640 
0 191 240 266 373 396 449 640 
0 190 239 266 373 398 450 640 
0 189 238 266 374 399 452 640 
0 188 236 266 374 400 453 640 
0 186 235 265 374 402 455 467 486 640 
0 185 233 265 374 404 456 463 492 640 
0 184 232 265 375 406 497 640 
0 183 230 265 375 408 499 640 
0 181 229 265 375 410 501 640 
0 180 227 265 375 411 503 640 
0 179 225 265 372 373 375 413 504 640 
0 178 224 266 374 415 505 640 
0 177 223 266 373 417 506 640 
0 175 221 266 372 418 506 640 
0 174 220 266 373 420 506 640 
0 148 152 173 218 266 373 422 492 496 505 640 
0 138 158 172 216 266 373 424 490 498 504 640 
0 133 161 170 215 266 373 426 491 500 503 640 
0 130 163 169 213 266 374 428 491 640 
0 129 164 168 212 266 374 430 492 640 
0 127 210 265 375 431 493 539 544 640 
0 126 209 265 375 433 494 536 545 640 
0 126 207 264 376 435 495 534 545 640 
0 125 205 264 377 437 498 521 524 531 545 640 
0 126 204 263 377 439 502 521 525 529 544 640 
0 127 134 138 202 263 377 441 509 520 544 640 
0 128 130 139 201 262 378 443 514 519 543 640 
0 139 200 262 378 444 542 640 
0 138 198 261 379 447 542 640 
0 138 196 261 379 449 540 640 
0 137 194 260 380 452 540 640 
0 137 193 260 380 456 539 640 
0 136 192 259 380 460 538 640 
0 134 190 259 381 464 536 640 
0 132 188 258 381 468 535 640 
0 129 186 258 382 470 534 640 
0 126 185 258 382 473 533 640 
0 122 183 257 383 475 532 640 
0 119 181 257 383 477 530 640 
0 117 179 256 384 480 528 640 
0 81 89 113 177 256 384 482 527 640 
0 80 93 95 98 107 175 255 385 485 525 640 
0 81 172 255 385 488 522 640 
0 82 169 255 386 490 518 640 
0 83 165 254 386 492 514 640 
0 85 161 254 386 496 506 640 
0 86 159 253 387 640 
0 88 157 253 387 640 
0 90 154 253 388 640 
0 91 151 252 388 640 
0 93 149 252 388 640 
0 96 147 251 389 640 
0 99 144 251 389 640 
0 101 142 251 390 640 
0 104 139 250 390 640 
0 108 136 250 390 640 
0 113 133 250 391 640 
0 118 131 249 391 640 
0 249 391 640 
0 249 391 640 
0 248 392 640 
0 248 392 640 
0 248 392 640 
0 247 393 640 
0 247 393 640 
0 247 393 640 
0 247 394 640 
0 246 394 640 
0 246 394 640 
0 246 394 640 
0 245 395 640 
0 245 395 640 
0 245 395 640 
0 245 396 640 
0 244 396 640 
0 244 396 640 
0 244 396 640 
0 244 396 640 
0 243 397 640 
0 243 397 640 
0 243 397 640 
0 243 397 640 
0 242 398 640 
0 242 398 640 
0 242 398 640 
0 242 398 640 
0 241 399 640 
0 241 399 640 
0 241 400 640 
0 240 400 640 
0 240 400 640 
0 240 400 640 
0 239 401 640 
0 239 401 640 
0 239 401 640 
0 238 402 640 
0 238 402 640 
0 238 402 640 
0 238 402 640 
0 237 403 640 
0 237 403 640 
0 237 403 640 
0 236 404 640 
0 236 404 640 
0 235 405 640 
0 235 405 640 
0 235 405 640 
0 235 405 640 
