





























































































































































































































34 70 
29 77 
26 82 
22 87 
19 92 
15 97 584 616 
13 101 575 623 
10 103 570 627 
8 107 563 632 
6 110 558 636 
4 113 553 640 
2 116 549 640 
0 119 545 640 
0 122 541 640 
0 125 537 640 
0 128 534 640 
0 131 530 640 
0 133 527 640 
0 136 523 640 
0 138 520 640 
0 141 516 640 
0 143 514 640 
0 145 510 640 
0 148 507 640 
0 150 504 640 
0 152 501 640 
0 154 499 640 
0 156 497 640 
0 158 494 640 
0 160 491 640 
0 163 489 640 
0 165 486 640 
0 167 484 640 
0 169 481 640 
0 171 478 640 
0 173 476 640 
0 175 474 640 
0 177 472 640 
0 179 469 640 
0 181 466 640 
0 183 465 640 
0 185 463 640 
0 187 461 640 
0 189 458 640 
0 191 456 640 
0 193 455 640 
0 194 452 640 
0 196 450 640 
0 198 448 640 
0 200 446 640 
0 201 445 640 
0 203 443 640 
0 205 441 640 
0 206 439 640 
0 208 437 640 
0 210 436 640 
0 211 434 640 
0 213 433 640 
0 214 430 640 
2 216 429 640 
4 218 427 640 
6 220 426 640 
8 221 424 640 
11 223 423 640 
13 224 421 640 
15 226 420 640 
19 227 418 640 
20 229 416 640 
24 230 415 640 
26 231 413 638 
29 233 412 637 
30 234 410 635 
35 235 317 332 409 632 
38 237 309 341 408 630 
40 239 305 344 406 627 
44 240 300 348 405 623 
47 241 296 353 404 621 
52 242 291 355 402 618 
57 244 288 360 401 615 
60 245 286 363 400 612 
65 246 284 366 398 609 
68 248 280 368 397 605 
73 249 278 371 396 601 
80 250 275 374 394 596 
84 251 271 376 393 591 
89 253 269 379 391 587 
94 254 267 381 391 581 
100 255 264 383 390 576 
106 256 262 386 387 569 
109 258 261 565 
114 560 
118 554 
122 549 
125 544 
128 540 
131 535 
135 530 
138 526 
142 522 
145 519 
148 515 
150 510 
153 506 
156 503 
159 500 
161 496 
164 493 
167 490 
169 486 
172 483 
174 480 
177 478 
179 475 
181 472 
183 470 
186 467 
188 465 
190 462 
192 460 
194 458 
196 455 
198 453 
200 451 
202 449 
204 447 
206 445 
207 443 
209 441 
211 439 
213 438 
214 437 
214 438 
212 439 
211 440 
210 441 
209 441 
208 442 
207 443 
207 444 
206 445 
205 445 
205 446 
204 446 
203 447 
202 448 
202 449 
201 450 
200 450 
199 451 
199 452 
198 452 
198 453 
197 453 
197 454 
196 454 
196 455 
196 455 
195 455 
195 455 
195 456 
195 456 
194 457 
194 457 
194 457 
194 458 
193 458 
193 458 
193 459 
192 459 
192 459 
192 460 
192 460 
192 460 
191 460 
191 461 
191 461 
191 461 
191 461 
190 462 
190 462 
190 462 
190 462 
190 462 
189 462 
188 463 
187 463 
187 463 
186 463 
186 464 
185 464 
185 465 
184 466 
184 466 
183 467 
183 467 
182 468 
182 468 
182 469 
181 469 
180 470 
180 470 
180 470 
179 471 
179 471 
179 472 
178 472 
178 473 
178 473 
178 473 
177 474 
177 474 
177 475 
176 475 
176 475 
176 476 
175 476 
175 476 
175 476 
175 477 
174 477 
174 477 
174 478 
174 478 
173 183 184 478 
173 182 184 478 
173 182 183 479 
172 181 183 479 
172 181 183 479 
172 180 183 479 
171 180 183 480 
171 179 183 480 
171 179 183 480 
170 178 182 480 
170 178 182 481 
170 177 182 481 
169 177 182 481 
169 176 182 467 468 482 
169 176 182 467 469 482 
168 175 182 468 469 482 
167 174 182 468 470 483 
167 174 181 468 470 483 
166 173 181 468 470 483 
166 172 181 468 471 483 
165 172 181 468 471 484 
165 171 181 468 472 484 
166 170 181 468 472 484 
166 169 181 468 472 485 
166 168 180 468 473 485 
165 168 180 468 473 485 
165 167 180 468 473 486 
180 468 474 486 
180 468 475 486 
180 468 475 487 
179 468 476 487 
179 468 477 488 
179 468 477 488 
178 468 478 489 
178 469 478 490 
