





































195 199 
190 191 193 200 
187 202 
185 202 
184 203 
182 203 228 247 
181 203 222 252 
180 204 218 255 
179 204 214 258 
175 204 211 260 
175 204 208 262 
174 204 206 264 
174 266 
173 268 
173 269 
172 271 
167 170 172 272 
166 170 171 274 
166 276 
166 280 
165 283 
165 286 
165 288 
165 291 
164 293 
164 174 175 294 
164 173 176 296 
164 173 176 297 
163 173 175 298 
163 172 173 300 
163 300 
163 301 
163 302 
163 303 
162 303 
162 304 
162 304 
162 305 
162 305 
162 306 
162 306 
161 306 
161 307 
161 307 
160 307 
159 307 
159 307 
158 307 
157 307 
156 307 
156 308 
155 309 
155 310 
154 311 
154 312 
153 313 
153 314 
153 314 
154 315 
157 316 
156 317 
156 318 
156 318 
156 319 
155 320 
155 320 
155 321 
155 322 
155 323 
158 323 
158 324 
158 325 
158 325 
158 326 
159 326 
159 327 
159 327 377 393 
159 328 374 395 
159 328 372 398 
160 329 370 400 
160 329 369 408 
160 330 368 414 
160 330 367 419 
160 331 366 423 
160 331 365 427 
161 331 364 431 
161 332 363 434 
161 332 363 436 
161 333 362 439 
162 333 362 441 
162 333 361 442 
162 334 361 444 
162 335 361 445 449 454 
163 335 360 457 
163 336 360 459 
163 336 360 461 
164 337 360 462 
164 337 359 463 
165 337 359 465 
165 337 359 465 
165 338 359 466 
166 338 359 467 
166 338 359 468 
167 338 360 469 
167 339 360 469 
167 339 360 470 
167 339 360 470 
166 339 360 471 
166 339 361 472 
166 339 361 472 
165 339 361 472 
165 339 360 473 
165 339 360 473 
164 339 360 473 
164 338 360 473 
164 338 360 473 
163 338 360 473 
163 338 359 473 
163 338 359 473 
163 338 358 473 
162 337 357 473 
162 337 357 473 
162 337 356 473 
162 337 356 473 
161 336 355 473 
161 336 355 473 
161 335 354 472 
160 335 354 472 
160 335 353 472 
160 334 353 471 
160 334 352 471 
159 334 352 470 
159 333 352 469 
159 333 351 469 
158 332 351 468 
158 325 326 332 350 467 
158 325 326 332 350 466 
158 325 326 331 350 465 
158 325 326 331 349 463 
158 324 326 330 348 457 
158 324 326 330 348 457 
157 324 325 329 348 457 
157 324 325 329 347 457 
157 323 325 329 347 457 
157 323 325 328 346 457 
157 323 325 328 346 457 
157 322 324 327 346 457 
157 322 324 327 345 457 
156 321 323 327 345 457 
156 321 323 326 344 457 
156 320 323 326 344 457 
156 320 323 326 343 457 
156 314 316 320 323 325 343 457 
156 167 168 303 304 313 316 319 322 325 342 457 
156 167 168 302 304 312 316 319 322 324 342 457 
156 167 169 294 296 301 303 311 316 318 322 324 342 457 
155 159 160 167 169 294 295 300 303 310 315 318 341 457 
156 158 161 168 170 176 177 300 302 309 315 317 341 457 
161 168 170 176 178 289 291 293 294 299 302 308 340 458 
161 168 171 176 179 288 295 298 304 308 321 322 340 458 
162 168 172 176 180 287 295 297 304 307 340 458 
162 168 172 176 181 285 294 297 303 306 339 458 
163 168 173 177 182 284 294 296 303 305 338 458 
164 169 173 177 183 283 293 295 302 304 338 458 
164 169 174 177 184 282 291 458 
165 169 174 177 185 458 
166 170 175 178 186 458 
166 170 176 177 188 458 
167 170 189 458 
168 171 190 458 
168 171 194 458 
169 172 195 458 
170 172 196 458 
196 458 
196 458 
195 458 
195 458 
194 458 
194 459 
193 459 
191 459 
190 459 
190 459 
191 459 
191 459 
191 459 
192 460 
192 462 
193 465 
194 467 
194 469 
195 471 
196 474 
196 477 
197 479 
198 481 
198 483 
199 486 
199 488 
198 491 
197 493 
197 495 
196 498 
196 500 
195 502 
192 504 
190 506 
188 508 
187 510 
186 512 
184 514 
183 515 
182 517 
181 518 
180 520 
179 521 
178 522 
177 524 
176 525 
175 526 
174 527 
173 527 
172 528 
171 529 
170 325 328 529 
170 325 328 529 
169 326 327 530 
168 530 
167 530 
166 530 
166 530 
165 530 
164 530 
164 531 
163 531 
162 531 
162 532 
161 532 
161 532 
160 532 
160 532 
160 532 
160 532 
159 532 
159 532 
159 531 
158 531 
157 446 452 530 
156 446 455 529 
155 445 462 528 
154 445 471 526 
153 445 482 522 
152 445 506 512 
151 445 
150 445 
149 445 
148 445 
148 445 
147 445 
146 445 
146 439 441 445 
145 438 441 445 
144 437 441 445 
144 437 441 445 
143 437 441 445 
143 436 442 445 
142 436 442 446 
142 436 442 446 
142 435 443 446 
142 435 444 446 
141 435 444 446 
141 435 
141 434 
141 434 
141 435 
140 436 
140 436 
140 437 
140 438 
140 432 433 439 
140 432 436 439 
140 432 
141 433 
141 433 
141 433 
141 433 
141 434 
142 434 
142 434 
142 434 
142 434 
143 430 431 434 
144 434 
145 434 
146 434 
146 434 
146 434 
147 434 
148 427 429 434 
150 427 430 432 
151 427 
153 427 
156 428 
158 428 
161 428 
162 428 
163 428 
164 428 
164 428 
165 428 
166 428 
166 428 
166 272 273 428 
167 271 274 428 
167 270 275 428 
167 270 275 428 
167 270 276 428 
167 270 277 429 
167 269 277 429 
167 269 279 429 
167 269 281 429 
167 268 281 429 
167 268 282 429 
167 268 283 429 
167 267 284 429 
167 267 284 429 
167 267 285 429 
167 266 284 429 
167 266 283 429 
167 265 283 428 
166 265 282 429 
166 265 282 429 
166 265 281 430 
166 264 281 431 
166 264 280 431 
166 264 280 432 
166 264 279 433 
166 263 278 434 
166 263 278 435 
166 263 277 435 
166 262 277 436 
165 262 276 437 
165 262 276 438 
165 261 275 439 
165 261 275 439 
165 261 274 440 
165 260 273 441 
165 260 273 442 
165 260 272 442 
165 259 272 443 
165 259 271 444 
165 259 271 444 
164 259 270 445 
164 258 270 445 
164 258 269 446 
164 258 268 446 
164 258 268 447 
163 257 267 447 
163 257 267 448 
163 257 266 448 
163 257 266 449 
163 257 265 449 
162 256 265 449 
162 256 264 449 
162 256 263 450 
161 256 263 450 
161 255 262 450 
161 255 262 450 
160 255 261 450 
160 255 260 450 
159 255 260 451 
158 254 259 451 
157 254 259 451 
157 254 258 451 
156 254 257 451 
155 254 257 451 
154 254 256 451 
154 254 256 452 
153 254 255 451 
152 452 
152 452 
151 452 
151 452 
150 452 
150 452 
150 452 
150 452 
149 452 
149 452 
148 317 318 452 
147 317 318 452 
146 316 318 452 
145 315 318 452 
144 315 318 452 
143 314 318 452 
142 314 318 452 
141 313 318 452 
141 312 318 452 
141 312 318 452 
141 311 317 452 
140 310 317 452 
140 310 317 452 
140 309 317 453 
141 309 317 453 
141 308 317 453 
141 307 317 453 
141 307 316 359 360 453 
142 306 316 359 361 453 
142 305 316 359 362 453 
142 305 316 359 362 453 
142 304 316 359 363 453 
143 304 316 359 364 453 
143 303 315 359 364 453 
143 303 315 360 365 453 
143 302 315 360 366 453 
142 302 315 360 366 453 
142 301 315 360 367 453 
142 300 315 359 368 453 
142 300 314 359 368 453 
141 299 314 359 369 453 
141 299 314 359 369 453 
141 298 314 359 370 453 
140 298 314 359 371 453 
140 297 314 359 371 453 
139 297 313 358 372 453 
139 296 313 358 372 453 
139 296 313 358 373 454 
138 295 313 358 373 454 
138 295 313 358 374 454 
138 294 313 359 374 454 
137 294 313 360 374 454 
137 294 313 361 375 454 
137 293 313 362 375 454 
136 293 313 362 375 454 
136 292 313 363 376 454 
136 292 313 364 376 455 
135 291 313 364 376 455 
135 291 313 365 376 455 
134 290 313 366 375 455 
134 290 313 367 375 455 
134 290 313 369 375 455 
133 289 313 369 374 455 
