52 157 348 640 
53 157 348 640 
53 156 348 640 
53 155 348 640 
53 154 348 640 
53 154 348 640 
53 153 348 640 
53 152 348 640 
53 151 348 640 
53 151 348 640 
53 150 348 640 
53 149 348 640 
54 149 348 640 
54 148 348 640 
54 147 348 640 
54 146 348 640 
54 146 348 640 
54 145 348 640 
55 144 348 640 
55 143 348 640 
55 142 348 640 
55 141 348 640 
55 140 348 640 
55 139 348 640 
55 138 348 640 
56 138 348 640 
56 137 348 640 
56 136 348 640 
56 135 348 640 
56 134 348 640 
56 133 348 640 
56 132 348 640 
56 131 348 640 
56 130 348 640 
56 130 348 640 
57 129 348 640 
57 128 348 640 
57 127 348 640 
57 126 348 640 
57 125 348 640 
57 124 348 640 
57 124 348 640 
57 123 348 640 
57 122 348 640 
57 122 348 640 
57 121 348 640 
57 120 348 640 
57 120 348 640 
57 119 348 640 
57 118 348 640 
57 118 348 640 
57 117 348 640 
57 116 348 640 
58 116 348 640 
58 115 348 640 
58 115 348 640 
58 114 348 640 
58 114 348 640 
58 113 348 640 
58 113 348 640 
58 112 348 640 
58 111 348 640 
58 111 348 640 
58 110 348 640 
58 110 348 640 
58 110 348 640 
58 110 348 640 
58 110 348 640 
58 110 348 640 
58 109 348 640 
58 109 124 126 348 640 
58 109 123 127 348 640 
58 108 123 127 348 640 
59 108 122 127 348 640 
59 108 122 127 348 640 
59 107 121 127 348 640 
59 109 121 127 348 640 
59 110 120 128 348 640 
60 111 120 128 348 640 
60 113 120 128 348 640 
60 113 120 128 138 140 348 640 
60 113 119 128 131 133 137 140 348 640 
60 113 119 128 130 133 136 140 348 640 
60 114 119 129 130 133 136 140 348 640 
61 109 110 114 118 133 136 140 348 640 
61 109 110 114 118 133 136 139 348 640 
61 108 110 114 118 132 135 139 348 640 
61 108 110 114 117 132 135 139 348 640 
56 108 110 114 117 132 135 139 143 146 150 152 155 158 348 640 
53 107 110 114 116 131 134 139 142 145 148 152 154 158 348 640 
38 107 109 114 116 131 134 139 140 145 146 151 152 158 348 640 
37 106 109 114 115 131 133 158 348 640 
36 106 109 114 115 131 133 159 348 640 
36 106 109 114 115 131 133 160 348 640 
35 105 109 131 132 160 348 640 
35 105 108 160 348 640 
35 105 108 161 348 640 
34 105 108 161 348 640 
34 105 108 161 348 640 
34 104 107 160 348 640 
34 104 107 160 348 640 
35 104 107 159 348 640 
35 104 107 159 348 640 
35 103 107 158 348 640 
36 103 106 158 348 640 
37 103 106 158 348 640 
38 54 55 103 106 157 348 640 
38 51 56 102 106 157 348 640 
39 49 57 102 105 156 348 640 
39 49 57 102 105 156 348 640 
39 48 58 103 105 155 348 640 
39 48 58 104 105 154 348 640 
39 48 58 154 348 640 
39 48 58 153 348 640 
39 49 57 153 348 640 
40 51 57 152 348 640 
40 51 57 151 348 640 
40 51 57 150 348 640 
40 50 56 150 348 640 
40 50 56 150 348 640 
40 52 56 149 348 640 
40 52 56 149 348 640 
40 52 56 148 348 640 
40 50 56 148 348 640 
40 50 56 147 348 640 
41 44 46 51 56 147 348 640 
41 45 47 51 56 146 348 640 
41 45 56 146 348 640 
42 45 56 145 348 640 
42 45 56 145 348 640 
57 144 348 640 
58 143 348 640 
58 143 348 640 
59 142 348 640 
60 141 348 640 
61 140 348 640 
62 139 348 640 
62 139 348 640 
64 138 348 640 
65 137 348 640 
65 136 348 640 
66 135 348 640 
67 134 348 640 
68 133 348 640 
68 132 348 640 
69 131 348 640 
70 130 348 640 
70 129 348 640 
71 128 348 640 
72 127 348 640 
73 126 348 640 
74 126 348 640 
75 125 348 640 
75 125 348 640 
76 124 348 640 
71 75 76 123 348 640 
70 123 348 640 
69 122 348 640 
68 122 348 640 
67 121 348 640 
65 121 348 640 
40 41 50 56 60 120 348 640 
34 57 58 120 348 640 
30 119 348 640 
30 119 348 640 
27 119 348 640 
25 118 348 640 
24 117 348 640 
23 117 348 640 
23 118 348 640 
22 120 348 640 
21 125 348 640 
21 130 348 640 
20 131 348 640 
20 131 348 640 
20 132 348 640 
20 132 348 640 
21 133 348 640 
22 133 348 640 
23 133 348 640 
25 133 348 640 
27 133 348 640 
30 134 348 640 
34 134 348 640 
36 133 348 640 
37 130 348 640 
38 126 348 640 
39 122 348 640 
40 116 348 640 
42 110 348 640 
43 104 348 640 
45 100 348 640 
48 99 348 640 
50 98 348 640 
53 98 348 640 
54 97 348 640 
55 97 348 640 
55 97 348 640 
55 97 348 640 
55 97 348 640 
55 96 348 640 
55 96 348 640 
56 96 348 640 
56 95 348 640 
56 95 348 640 
56 95 348 640 
57 95 348 640 
57 97 348 640 
57 104 348 640 
58 111 348 640 
58 114 348 640 
59 117 348 640 
59 119 348 640 
60 120 348 640 
60 115 116 117 348 640 
61 109 348 640 
61 107 348 640 
62 105 348 640 
63 103 348 640 
64 102 348 640 
64 100 348 640 
66 99 348 640 
66 98 348 640 
68 97 348 640 
69 95 348 640 
70 94 348 640 
72 93 348 640 
74 91 348 640 
76 90 348 640 
78 88 348 640 
348 640 
348 640 
348 640 
348 640 
348 640 
348 640 
348 640 
348 640 
348 640 
348 640 
348 640 
348 640 
348 640 
348 640 
348 640 
348 640 
348 640 
348 640 
348 640 
348 640 
348 640 
348 640 
348 640 
348 640 
348 640 
348 640 
348 640 
348 640 
348 640 
348 640 
348 640 
348 640 
348 640 
348 640 
348 640 
348 640 
348 640 
348 640 
348 640 
348 640 
348 640 
348 640 
348 640 
348 640 
348 640 
348 640 
348 640 
348 640 
348 640 
348 640 
348 640 
348 640 
348 640 
348 640 
348 640 
348 640 
348 583 588 640 
348 581 590 640 
348 580 591 597 603 640 
348 578 591 593 606 640 
348 577 609 640 
348 576 610 640 
348 575 611 640 
348 574 612 640 
348 574 613 640 
348 573 612 640 
348 572 612 640 
348 571 612 640 
348 570 612 640 
348 569 611 640 
348 568 611 640 
348 567 610 640 
348 566 610 640 
348 566 610 640 
348 565 611 640 
348 564 612 640 
348 564 612 640 
348 563 613 640 
348 562 613 640 
348 562 614 640 
348 560 614 640 
348 559 615 640 
348 558 615 640 
348 557 615 640 
348 555 616 640 
348 554 616 640 
348 554 616 640 
348 554 616 640 
348 556 616 640 
348 556 616 640 
348 556 616 640 
348 556 616 640 
348 555 615 640 
348 555 615 640 
348 554 614 640 
348 553 613 640 
348 553 612 640 
348 553 608 610 611 640 
348 552 607 640 
348 551 606 640 
348 551 605 640 
348 550 604 640 
348 550 603 640 
348 549 602 640 
348 548 601 640 
348 547 600 640 
348 546 599 640 
348 545 598 640 
348 543 597 640 
348 542 590 592 595 640 
348 540 590 640 
348 539 590 640 
348 537 590 640 
348 535 590 640 
348 534 591 640 
348 532 592 640 
348 530 594 640 
348 529 537 538 595 640 
348 527 535 537 597 639 
348 525 534 535 598 638 
348 523 532 534 599 638 
348 522 532 533 600 632 635 638 
348 520 529 530 602 633 636 639 
348 519 602 633 637 639 
348 517 604 630 632 634 
348 515 604 631 
348 514 605 632 
348 513 605 633 
348 512 605 634 
348 511 606 632 
348 510 607 632 
348 509 608 634 
348 508 609 635 
348 507 610 635 
348 506 611 635 
348 505 612 635 
348 504 613 635 
348 504 613 634 
348 503 614 634 
348 502 615 634 
348 501 507 508 615 634 
348 501 503 507 616 633 
348 500 502 506 617 633 
348 505 578 580 618 632 
348 503 578 580 619 632 
348 502 578 581 620 631 
348 501 578 581 621 630 
348 500 577 581 622 630 
348 498 577 581 623 629 
348 497 577 580 624 628 
348 495 497 501 577 580 625 628 
348 500 576 579 
348 499 576 579 
348 502 575 579 
348 502 575 579 
348 501 575 579 
348 499 574 579 
348 498 574 579 
348 496 574 578 
348 494 499 500 573 578 
348 498 573 578 
348 497 572 578 
348 495 520 523 572 578 
348 495 517 525 572 578 
348 504 508 510 515 525 573 578 
348 503 505 508 511 524 573 579 
348 524 573 579 
348 523 573 578 
348 523 573 578 
348 523 573 576 
348 523 573 575 638 640 
348 522 573 575 636 640 
348 522 573 574 634 640 
348 522 633 640 
348 521 632 640 
348 521 631 640 
348 521 630 640 
348 521 628 640 
348 520 626 640 
348 520 623 640 
348 520 618 640 
348 520 613 640 
348 520 526 527 612 640 
348 520 525 527 612 640 
348 519 525 527 612 640 
348 519 524 527 612 640 
348 519 523 527 612 640 
348 519 522 527 612 640 
348 519 521 527 612 640 
348 519 520 527 612 640 
348 519 520 527 612 640 
348 527 612 640 
348 527 612 640 
348 527 612 640 
348 526 612 640 
348 526 612 640 
348 526 612 640 
348 526 612 640 
348 526 612 640 
348 526 612 640 
348 526 612 640 
348 526 612 640 
348 526 612 640 
348 527 556 559 612 640 
348 527 555 559 612 640 
348 527 553 559 612 640 
348 528 552 560 612 640 
348 528 550 560 612 640 
348 528 549 561 612 640 
348 528 547 561 612 640 
348 529 546 561 612 640 
348 529 544 560 612 640 
348 530 542 560 612 640 
348 530 540 560 612 640 
348 531 539 559 612 640 
348 533 536 559 612 640 
348 559 612 640 
348 558 612 640 
348 558 613 640 
348 558 613 640 
348 557 613 640 
348 557 613 640 
348 557 613 640 
348 557 613 640 
348 556 613 640 
348 556 613 640 
348 555 614 640 
348 555 614 640 
348 555 614 640 
348 555 614 640 
348 554 614 640 
348 554 615 640 
348 554 615 640 
348 554 615 640 
348 553 616 640 
348 553 616 640 
348 553 616 640 
348 553 617 640 
348 553 617 640 
348 553 618 640 
348 552 618 640 
348 552 618 640 
348 552 619 640 
348 552 619 640 
348 551 619 640 
348 551 620 640 
348 551 620 640 
348 551 620 640 
348 551 621 640 
348 552 621 640 
