






































































































































































































































































































































600 602 
600 603 
599 603 
325 326 599 603 
325 327 599 603 
320 321 325 328 331 332 598 603 
320 323 325 328 330 333 598 603 
321 324 325 328 329 332 598 602 
322 331 597 602 
322 331 597 601 
323 334 597 601 
320 335 596 600 
319 334 596 600 
322 332 596 600 
324 332 517 519 595 599 
324 333 516 520 595 599 
324 335 516 521 595 599 
323 336 517 522 594 598 
322 337 518 523 594 598 
321 339 519 523 593 598 
321 341 519 524 593 597 
320 342 520 524 593 597 
140 143 319 343 520 524 592 597 
139 144 319 344 348 352 520 524 592 597 
138 143 318 354 520 525 592 596 
134 136 138 143 317 354 519 525 591 596 
134 143 316 355 519 526 591 595 
134 143 316 356 519 528 591 595 
134 143 315 357 520 531 590 595 
134 144 314 356 520 533 590 594 
135 145 313 356 519 536 590 594 
134 145 313 355 518 538 589 593 
133 146 308 354 518 540 589 593 
132 147 308 353 517 543 554 558 589 593 
132 148 305 353 517 546 553 559 588 593 
132 148 305 353 516 559 588 592 
131 149 306 353 516 559 588 592 
130 149 307 353 515 559 587 592 
128 149 308 353 515 559 587 591 
126 149 309 354 514 559 587 591 
124 149 310 354 514 559 586 590 
123 148 311 355 514 558 586 590 
121 148 311 355 513 557 586 590 
119 147 312 355 512 557 585 589 
117 147 312 356 512 557 585 589 
115 146 312 356 512 557 585 589 
103 105 114 146 312 356 512 558 584 588 
102 106 113 146 312 356 511 557 584 588 
101 108 111 146 312 356 511 557 583 588 
100 109 110 147 312 356 511 558 583 588 
100 147 312 357 507 509 511 558 583 587 
101 148 312 357 506 560 582 587 
102 148 312 358 505 560 582 586 
102 149 312 355 356 358 504 561 582 586 
103 149 312 355 504 562 581 586 
103 150 313 355 503 562 581 585 
103 150 313 354 503 563 581 585 
103 150 313 355 389 393 503 563 580 585 
103 151 313 355 386 395 503 564 580 584 
104 152 314 355 357 363 385 396 505 564 580 584 
103 152 314 367 384 397 507 564 579 583 
103 154 314 369 383 398 509 564 579 583 
103 155 314 369 382 399 510 564 579 583 
103 160 314 369 382 399 511 565 578 582 
102 159 314 370 372 374 381 400 512 565 578 582 
102 158 314 375 380 400 512 565 578 582 
101 157 314 400 513 565 577 582 
101 155 315 401 513 564 577 581 
100 155 316 401 513 564 576 581 
100 154 316 401 513 564 576 580 633 635 636 640 
99 153 316 401 513 564 576 580 632 640 
99 152 316 402 513 563 576 580 632 640 
98 152 316 356 357 402 513 563 575 579 628 630 632 640 
98 151 316 357 358 401 514 563 575 579 625 640 
98 151 316 358 359 401 514 562 575 579 622 640 
98 152 316 401 514 562 574 578 619 640 
99 152 316 401 514 562 574 578 614 640 
100 152 317 400 514 565 573 578 609 640 
100 152 316 400 515 569 573 578 602 640 
101 152 308 310 314 400 515 570 572 577 599 640 
101 153 307 399 515 577 594 640 
102 153 306 399 516 577 588 640 
102 153 306 398 516 579 586 640 
103 153 306 397 516 640 
104 153 306 397 517 640 
105 153 306 395 517 640 
105 153 306 394 518 640 
105 153 306 386 387 392 518 640 
105 153 306 387 519 640 
104 153 306 387 519 640 
104 153 307 388 520 640 
104 153 307 389 520 640 
104 153 308 389 521 637 
105 153 308 390 515 518 521 624 
105 153 309 391 514 518 521 616 
105 153 309 392 513 520 522 610 
105 153 309 392 513 605 
105 153 310 393 513 600 
105 152 311 393 513 597 
106 152 311 360 362 393 512 594 
106 151 312 361 367 393 512 592 
108 151 312 362 372 393 512 589 
108 111 113 150 313 362 374 392 512 588 
109 110 115 150 313 363 376 391 512 587 
114 149 314 363 378 391 512 586 
109 149 315 363 381 390 512 585 
105 148 317 363 383 389 512 584 
102 147 320 363 513 581 
101 144 145 146 321 364 513 580 
100 144 322 364 513 579 
99 144 322 364 513 579 
98 145 322 364 513 579 
96 145 323 364 513 579 
94 146 323 364 513 579 
93 146 323 364 513 578 
92 147 324 364 513 578 
60 63 91 147 324 364 514 577 
52 55 57 67 90 148 324 364 514 576 
50 74 89 148 325 364 514 575 
45 80 86 149 325 364 514 575 
30 150 325 364 514 576 
29 151 325 364 514 576 
28 152 326 364 515 577 
26 151 325 365 515 577 
25 151 325 365 516 578 
25 150 325 365 517 578 
25 150 325 365 518 578 
24 149 325 365 521 578 
24 149 325 365 523 579 
24 149 326 365 524 579 
24 149 327 365 526 579 
23 35 37 148 328 365 527 579 
23 34 39 148 328 365 528 579 
24 26 27 32 43 95 100 149 328 365 529 579 
28 31 45 92 101 149 328 364 530 579 
44 53 56 65 69 90 102 149 327 364 530 579 
44 53 103 149 327 363 531 579 
44 52 102 148 327 362 531 579 
44 51 77 78 102 148 326 362 532 579 
43 49 72 81 101 148 325 362 532 579 
43 48 69 93 101 148 324 362 532 579 
44 47 68 98 100 148 323 362 532 579 
67 148 322 363 533 579 
67 148 322 363 533 579 
67 148 321 364 533 579 
67 149 321 364 533 579 
66 149 320 365 534 579 
66 149 320 365 534 579 
66 72 73 149 320 365 533 579 
67 71 73 149 319 366 533 579 
67 70 73 149 319 366 533 579 
72 76 77 150 318 367 533 579 
72 76 77 150 318 367 532 579 
