205 640 
205 640 
205 640 
205 640 
205 640 
205 640 
205 640 
205 640 
205 640 
205 640 
205 640 
206 640 
206 640 
206 640 
206 640 
206 640 
206 640 
206 640 
206 640 
206 640 
206 640 
206 640 
206 640 
206 640 
206 640 
206 640 
206 640 
206 640 
206 640 
206 640 
206 640 
206 640 
206 640 
206 640 
206 640 
206 640 
206 640 
206 640 
206 640 
206 640 
206 640 
206 640 
206 640 
206 640 
205 640 
205 640 
205 640 
205 640 
205 640 
205 640 
205 640 
205 640 
205 640 
204 640 
204 640 
204 640 
204 640 
204 640 
203 640 
203 640 
203 640 
203 640 
203 640 
202 640 
202 640 
202 640 
202 640 
202 640 
201 640 
201 640 
200 640 
200 640 
200 640 
200 640 
200 640 
199 640 
199 640 
199 640 
199 640 
199 640 
198 640 
197 640 
197 640 
196 640 
196 640 
196 640 
195 640 
195 640 
195 640 
194 640 
194 640 
194 640 
193 640 
193 640 
193 640 
192 640 
191 640 
190 640 
190 640 
190 640 
190 640 
189 640 
188 640 
188 640 
188 640 
187 640 
186 640 
186 402 406 411 424 640 
185 365 428 640 
185 361 430 640 
184 359 432 640 
183 358 434 640 
183 358 436 640 
182 358 437 640 
182 358 439 640 
181 358 441 640 
180 358 442 640 
180 359 443 640 
180 360 444 640 
179 360 445 640 
178 361 446 640 
177 362 447 640 
176 363 448 640 
175 364 449 640 
175 365 449 640 
174 366 450 640 
173 367 450 640 
172 368 451 640 
172 369 452 640 
171 370 452 640 
170 372 453 640 
170 373 454 640 
169 374 454 640 
168 375 455 640 
167 375 455 640 
167 376 456 640 
166 375 456 640 
165 375 457 640 
163 375 457 640 
163 374 457 640 
162 374 458 640 
160 374 458 640 
160 374 458 640 
159 374 459 640 
158 374 459 640 
157 374 460 640 
156 373 460 640 
155 373 460 640 
154 373 461 640 
153 373 461 640 
151 373 463 640 
150 373 464 640 
149 373 465 640 
149 373 465 640 
147 373 374 375 466 640 
146 375 467 640 
144 376 467 640 
143 376 468 640 
142 377 469 640 
141 377 469 640 
139 377 470 640 
138 379 471 640 
136 380 471 640 
135 381 384 386 472 640 
133 382 384 389 392 394 472 640 
131 392 473 640 
130 394 473 640 
129 394 473 640 
128 395 474 640 
126 394 474 640 
124 393 475 640 
122 392 475 640 
120 392 476 640 
119 393 476 640 
117 395 476 640 
115 397 477 640 
113 398 477 640 
110 399 477 640 
108 400 477 640 
106 402 477 640 
103 403 477 640 
100 404 477 640 
98 405 478 640 
94 406 414 417 478 640 
92 408 413 416 478 640 
89 409 411 413 478 640 
86 411 478 640 
0 1 82 411 478 640 
0 6 79 412 478 640 
0 12 73 413 478 640 
0 17 65 414 479 640 
0 25 61 413 478 640 
0 34 51 409 479 640 
0 405 479 640 
0 402 479 640 
0 400 479 640 
0 399 478 640 
0 398 478 640 
0 397 478 640 
0 396 478 640 
0 395 478 640 
0 395 478 640 
0 393 478 640 
0 392 478 640 
0 391 478 640 
0 389 478 640 
0 388 478 640 
0 386 478 640 
0 384 478 640 
0 381 478 640 
0 379 478 640 
0 376 478 640 
0 372 478 640 
0 369 478 640 
0 366 478 640 
0 363 478 640 
0 361 479 640 
0 361 479 640 
0 361 479 640 
0 361 480 640 
0 361 480 640 
0 361 480 640 
0 362 481 640 
0 362 481 640 
0 362 481 640 
0 362 482 640 
0 359 482 640 
0 353 482 640 
0 353 482 640 
0 354 483 640 
0 354 483 640 
0 355 483 640 
0 355 483 640 
0 355 483 640 
0 354 484 640 
0 279 314 353 484 640 
0 276 320 352 484 640 
0 274 327 351 484 640 
0 273 335 350 484 640 
0 272 341 349 485 640 
0 271 345 348 485 640 
0 270 485 640 
0 269 486 640 
0 268 486 640 
0 268 486 640 
0 267 486 640 
0 267 297 299 486 640 
0 267 294 301 376 377 486 640 
0 267 278 282 283 286 287 290 291 303 375 378 486 640 
0 267 277 305 374 379 486 640 
0 267 276 308 364 367 373 380 486 640 
0 267 275 312 363 368 372 381 486 640 
0 267 275 316 361 369 372 383 486 640 
0 267 276 320 360 370 372 387 485 640 
0 268 277 323 358 388 485 640 
0 268 281 327 356 389 485 640 
0 269 280 331 354 390 485 640 
0 269 279 335 352 392 485 640 
0 270 280 340 348 394 484 640 
0 272 280 344 345 396 484 640 
0 273 278 397 484 640 
0 398 484 640 
0 398 484 640 
0 398 484 640 
0 398 483 640 
0 398 483 640 
0 398 483 640 
0 398 483 640 
0 399 482 640 
0 399 482 640 
0 399 482 640 
0 399 482 640 
0 399 482 640 
0 399 482 640 
0 399 482 640 
0 400 482 640 
0 400 482 640 
0 400 482 640 
0 400 483 640 
0 400 482 640 
0 400 482 640 
0 400 482 640 
0 401 482 640 
0 401 482 640 
0 401 481 640 
0 401 481 640 
0 401 481 640 
0 402 481 640 
0 402 480 640 
0 403 480 640 
0 404 480 640 
0 404 481 640 
0 404 481 640 
0 404 481 640 
0 404 481 640 
0 403 482 640 
0 403 482 640 
0 403 482 640 
0 403 482 640 
0 402 482 640 
0 402 482 640 
0 402 482 640 
0 402 482 640 
0 402 483 640 
0 401 482 640 
0 401 482 640 
0 401 483 640 
0 401 483 640 
0 401 482 640 
0 400 482 640 
0 400 482 640 
0 400 482 640 
0 400 482 640 
0 400 482 640 
0 399 482 640 
0 399 482 640 
0 399 482 640 
0 399 482 640 
0 399 482 640 
0 398 482 640 
0 398 481 640 
0 398 481 640 
0 398 481 640 
0 398 481 640 
0 397 480 640 
0 397 480 640 
0 397 480 640 
0 397 479 640 
0 397 479 640 
0 396 479 640 
0 396 478 640 
0 396 478 640 
0 396 477 640 
0 396 477 640 
0 395 476 640 
0 395 476 640 
0 395 475 640 
0 395 475 640 
0 395 476 640 
0 394 476 640 
0 394 476 640 
0 394 477 640 
0 394 477 640 
0 394 477 640 
0 393 477 640 
0 393 478 640 
0 393 478 640 
0 393 478 640 
0 393 478 640 
0 393 479 640 
0 392 479 640 
0 392 480 640 
0 392 480 640 
0 392 480 640 
0 391 480 640 
0 391 481 640 
0 391 481 640 
0 391 481 640 
0 391 481 640 
0 390 482 640 
0 390 482 640 
0 390 482 640 
0 390 482 640 
0 390 483 640 
0 389 483 640 
0 389 483 640 
0 389 484 640 
0 389 484 640 
0 388 484 640 
0 388 484 640 
0 388 485 640 
0 388 485 640 
0 387 485 640 
0 387 486 640 
0 387 486 640 
0 387 486 640 
0 386 487 640 
0 386 487 640 
0 386 487 640 
0 385 488 640 
0 385 488 640 
0 385 488 640 
0 385 489 640 
0 384 489 640 
0 384 489 640 
0 384 490 640 
0 383 490 640 
0 383 490 640 
0 383 491 640 
0 382 491 640 
0 382 491 640 
0 382 492 640 
0 381 492 640 
0 381 493 640 
0 381 493 640 
0 380 493 640 
0 380 494 640 
0 380 494 640 
0 379 495 640 
0 379 495 640 
0 378 496 640 
0 378 496 640 
0 378 496 640 
0 377 497 640 
0 377 497 640 
0 377 497 640 
0 376 498 640 
0 376 498 640 
0 375 499 640 
0 375 499 640 
0 375 500 640 
0 374 500 640 
0 374 501 640 
0 373 501 640 
0 373 501 640 
0 373 502 640 
0 372 502 640 
0 372 503 640 
0 372 503 640 
0 371 504 640 
0 371 504 640 
0 370 505 640 
0 370 505 640 
0 370 505 640 
0 369 506 640 
0 369 506 640 
0 369 507 640 
0 368 507 640 
0 368 508 640 
0 368 508 640 
0 367 508 640 
0 367 509 640 
0 367 510 640 
0 367 510 640 
0 366 510 640 
0 366 511 640 
0 366 511 640 
0 365 512 640 
0 365 512 640 
0 365 512 640 
0 365 513 640 
0 364 513 640 
0 364 514 640 
0 364 514 640 
0 364 515 640 
0 364 515 640 
0 363 516 640 
0 363 516 640 
0 363 516 640 
0 363 517 640 
0 363 517 640 
0 362 517 640 
0 362 518 640 
0 362 518 640 
0 362 518 640 
0 362 519 640 
0 362 519 640 
0 361 520 640 
0 361 520 640 
0 361 521 640 
0 361 521 640 
0 361 521 640 
0 360 521 640 
0 360 522 640 
0 360 522 640 
0 360 522 640 
0 360 523 640 
0 359 523 640 
0 359 523 640 
0 359 523 640 
0 359 524 640 
0 359 524 640 
0 358 524 640 
0 358 525 640 
0 358 525 640 
0 358 525 640 
0 358 526 640 
0 358 526 640 
0 358 526 640 
0 358 526 640 
