























166 169 
159 163 165 170 
159 171 
158 171 
158 171 
157 171 
157 171 
156 171 
156 171 
155 172 
155 172 
155 172 
154 172 
153 174 
149 179 
144 181 
142 182 
143 183 
144 185 
144 188 
145 190 
146 192 
146 194 
147 195 
148 197 
148 198 
148 199 
147 200 
147 200 
146 200 
146 200 
145 199 
145 199 
144 199 
144 199 
144 198 
143 173 174 198 
143 173 174 198 
142 173 175 198 
142 174 176 197 
141 174 177 197 
139 176 178 197 
138 177 178 196 
137 178 179 196 
135 179 180 195 
134 195 
132 195 
131 194 610 612 
129 193 609 612 
128 187 609 612 
126 185 600 602 609 612 
125 185 600 602 608 612 
123 185 600 603 608 612 
120 186 600 604 608 612 
115 187 600 604 608 612 618 620 
112 188 600 605 608 612 618 620 
110 189 601 605 608 611 617 620 
109 190 601 606 608 611 616 620 
89 95 108 191 602 606 607 611 615 619 
83 87 88 96 101 102 103 104 108 192 602 612 613 618 
81 97 99 193 603 618 
80 194 603 617 
80 195 602 617 
79 196 602 617 
78 197 595 618 
78 198 200 203 595 618 
77 203 595 618 
77 203 596 619 
77 203 599 621 
76 202 599 623 
76 202 599 623 
76 203 600 622 
75 203 216 218 600 618 
75 204 215 218 600 617 
75 205 214 218 601 617 
75 205 209 211 213 217 601 618 
77 206 208 217 600 619 
78 217 598 620 
77 217 597 621 
77 217 595 622 
78 217 594 623 
79 217 593 624 
80 217 592 625 
81 218 591 626 
82 217 590 627 
83 218 590 628 
84 218 588 629 
84 219 220 228 587 630 
85 228 585 631 
85 228 585 632 
86 228 584 633 
86 228 582 634 
86 231 582 635 
87 231 581 636 
87 230 580 637 
88 229 578 638 
88 228 577 640 
89 227 576 640 
89 226 575 640 
89 225 574 640 
90 224 573 640 
90 223 573 640 
90 222 572 640 
91 221 571 640 
91 221 570 640 
90 220 569 640 
90 219 556 560 563 565 569 640 
89 219 555 561 563 566 568 640 
89 218 555 640 
88 218 554 640 
88 217 548 640 
87 216 547 640 
87 216 547 640 
86 215 547 640 
86 215 548 640 
86 216 550 640 
85 216 551 640 
85 217 552 640 
85 217 552 640 
85 218 553 640 
84 218 554 640 
84 218 554 640 
83 219 555 640 
83 219 555 640 
83 220 556 640 
83 220 556 640 
82 221 556 640 
82 221 557 640 
82 222 557 640 
82 222 558 640 
82 222 558 640 
82 222 558 640 
82 223 559 640 
82 223 558 640 
82 223 558 640 
82 224 557 640 
82 224 557 640 
82 224 556 640 
83 225 556 640 
84 225 556 640 
85 225 555 640 
85 225 555 640 
87 225 555 640 
88 226 555 640 
89 226 554 640 
89 226 554 640 
90 226 554 640 
90 227 554 640 
90 227 554 640 
91 227 554 640 
92 227 553 640 
92 227 553 640 
93 228 553 640 
94 228 553 640 
94 97 99 228 553 640 
95 97 99 228 553 640 
100 228 553 640 
100 228 553 640 
100 228 552 640 
101 228 552 640 
101 228 552 640 
102 228 552 640 
102 228 552 640 
102 228 552 640 
102 228 552 640 
102 228 552 640 
102 228 552 640 
102 228 552 640 
103 228 552 640 
103 228 552 640 
103 228 552 640 
103 228 552 640 
103 228 552 638 
103 228 552 638 
104 227 552 637 
104 227 552 637 
104 227 553 637 
104 226 553 637 
104 226 553 637 
105 225 553 638 
105 225 553 638 
105 224 553 639 
106 224 553 639 
106 223 553 640 
106 223 553 640 
106 222 553 640 
107 222 553 640 
107 221 554 640 
107 220 554 640 
107 220 554 640 
107 219 554 640 
108 219 554 640 
110 218 554 640 
110 218 554 640 
110 218 555 639 
111 217 555 639 
111 116 118 212 213 217 555 637 
111 115 119 212 213 216 555 637 
120 123 124 212 555 638 
121 123 125 211 555 639 
126 127 128 205 207 210 555 640 
129 204 555 640 
130 200 555 640 
130 198 555 640 
130 196 555 640 
129 197 555 640 
128 201 555 631 633 640 
127 203 555 631 634 640 
126 204 553 631 636 640 
124 206 551 634 637 640 
122 207 209 214 549 640 
119 215 547 640 
117 216 545 640 
115 217 542 640 
112 218 539 640 
110 218 537 640 
109 219 534 640 
109 219 529 640 
108 220 527 640 
107 221 525 640 
106 222 525 640 
106 223 525 640 
105 224 524 640 
105 225 524 640 
104 225 524 640 
104 226 525 640 
103 227 525 640 
102 228 525 640 
101 228 525 640 
100 229 525 640 
98 230 525 640 
96 230 528 640 
95 231 529 640 
94 231 531 640 
93 232 533 640 
93 232 534 640 
92 233 535 640 
91 233 535 640 
90 233 536 640 
89 233 537 640 
88 233 537 640 
87 234 538 640 
86 234 539 640 
86 234 539 640 
85 234 540 640 
85 234 540 640 
86 234 540 640 
86 234 541 640 
86 233 541 640 
87 233 541 640 
88 233 541 640 
88 233 542 640 
88 233 542 640 
89 232 543 640 
90 232 543 640 
90 231 543 640 
90 231 544 640 
90 230 545 640 
90 229 545 640 
90 229 545 640 
90 228 545 640 
90 228 544 640 
89 228 544 640 
89 229 544 640 
89 229 544 640 
88 229 543 640 
88 229 543 640 
87 229 543 640 
87 229 543 640 
86 229 542 640 
86 229 542 640 
86 229 542 640 
86 229 542 640 
86 229 542 640 
86 228 541 640 
86 228 541 640 
86 228 541 640 
86 227 541 640 
86 227 541 640 
87 227 540 640 
87 226 540 640 
87 225 540 640 
88 225 540 640 
88 224 540 640 
88 224 539 640 
88 223 539 640 
88 223 539 640 
88 223 539 640 
87 223 538 640 
87 223 538 640 
87 224 538 640 
87 224 538 640 
87 224 538 640 
87 224 537 640 
86 225 537 640 
86 225 536 640 
86 225 536 640 
86 225 536 640 
86 225 535 640 
86 226 535 640 
85 226 535 637 
85 226 534 634 
85 226 534 632 
84 227 533 629 
82 227 533 626 
79 227 533 624 
74 227 532 622 
70 227 532 621 
64 227 531 620 
57 228 531 619 
50 228 530 619 
39 228 530 618 
35 228 529 618 
31 228 529 617 
29 228 528 617 
27 228 528 616 
23 229 527 616 
21 229 526 615 
17 229 526 615 
14 229 525 614 
12 229 526 614 
11 229 527 613 
11 229 528 613 
0 3 7 229 530 612 
0 229 534 611 
0 229 536 611 
0 229 537 610 
0 230 539 609 
0 230 538 609 
0 230 537 610 
0 230 536 610 
0 230 535 610 
0 230 535 611 
0 230 534 611 
0 230 534 612 
0 230 534 612 
0 88 93 230 535 613 
0 84 93 230 535 613 
0 79 92 230 535 614 
0 74 92 229 535 615 
0 70 92 229 535 616 
0 69 87 229 534 616 
0 229 533 617 
0 229 533 618 
0 229 533 618 
0 229 532 619 
0 229 531 620 
0 228 531 621 
0 228 530 621 
0 228 530 622 
0 228 530 623 
0 227 529 623 
0 227 529 624 
0 227 528 624 
0 226 528 625 
0 226 528 626 
0 225 527 626 
0 225 527 627 
0 224 527 627 
0 223 526 628 
0 223 526 628 
0 222 526 629 
0 221 526 629 
0 220 525 630 
0 219 525 630 
0 219 525 631 
0 217 525 631 
0 216 525 632 
0 215 525 632 
0 214 525 632 
0 214 524 633 
0 235 524 633 
0 246 524 634 
0 254 524 634 
0 256 524 635 
0 257 524 635 
0 258 524 636 
0 259 524 636 
0 260 524 636 
0 260 524 637 
0 260 524 637 
0 260 524 638 
0 260 523 638 
0 260 523 639 
0 260 523 639 
0 260 523 640 
0 260 523 640 
0 260 523 640 
0 260 523 640 
0 260 523 640 
0 260 523 640 
0 260 523 640 
0 260 523 640 
0 260 523 640 
0 260 523 640 
0 260 523 640 
0 260 523 640 
0 260 523 640 
0 260 522 640 
0 260 522 640 
0 260 522 640 
0 260 522 640 
0 260 522 640 
0 260 522 640 
0 260 522 640 
0 260 522 640 
0 260 522 640 
0 260 522 640 
0 260 522 640 
0 260 522 640 
0 259 522 640 
0 259 522 640 
0 259 522 640 
0 259 522 640 
0 259 522 640 
0 259 521 640 
0 258 521 640 
0 258 521 640 
0 258 521 640 
0 258 521 640 
0 257 521 640 
0 257 521 640 
0 257 521 640 
0 256 521 640 
0 256 521 640 
0 255 520 640 
0 255 520 640 
0 255 520 640 
0 254 520 640 
0 255 520 640 
0 255 520 640 
0 256 520 640 
0 256 520 640 
0 257 520 640 
0 257 519 640 
0 258 519 640 
0 258 519 640 
0 259 519 640 
0 259 519 640 
0 260 519 640 
0 260 518 640 
0 261 518 640 
0 261 518 640 
0 262 518 640 
0 262 518 640 
0 263 518 640 
0 263 517 640 
0 264 517 640 
0 264 517 640 
0 265 517 640 
0 265 517 640 
0 266 516 640 
0 266 516 640 
0 267 516 640 
0 268 516 640 
0 269 516 640 
