










































































85 90 
85 90 
85 92 
85 95 
85 98 
86 99 
85 102 
85 103 
85 104 
86 106 
87 108 
87 112 
86 112 
85 114 
85 115 
87 118 
86 120 
89 122 
82 84 90 124 
82 125 
82 128 
84 130 
84 133 
86 134 
87 135 
88 139 
90 140 
91 140 
93 142 
94 145 
96 146 
97 149 
99 150 
101 151 
102 152 
104 155 
106 158 
107 158 
109 161 
111 163 
113 165 
114 167 
116 168 
118 170 
120 172 
121 174 
123 177 
125 177 
127 178 
129 181 
130 183 
132 184 
134 186 
136 188 
138 189 
140 191 
141 194 
143 195 
145 197 
147 199 
149 201 
151 202 
152 204 
154 205 
156 207 
158 210 
160 211 
162 213 
164 214 
166 216 
168 218 
169 220 
171 221 
173 223 
175 224 
177 226 
179 229 
181 229 
183 231 
185 233 
186 235 
188 237 
190 238 
192 240 
194 241 
196 243 
198 245 
200 247 
201 248 
203 250 
205 252 
207 254 
209 255 
211 257 
213 259 
215 260 
216 262 
218 264 
220 266 
222 267 
224 269 
226 271 
228 273 
230 275 
231 276 
233 278 
235 280 
237 282 
239 284 
241 286 
243 288 
245 290 
247 292 
249 293 
251 295 
252 297 
254 299 
256 301 
258 303 
260 304 
262 306 
264 308 
266 310 
268 312 
270 313 
272 315 
273 317 
275 319 
277 320 
278 322 
281 324 
282 325 
284 327 
286 328 
288 329 
290 329 
292 330 
293 330 
295 331 
297 333 
300 334 
301 336 
303 337 
305 339 
307 341 
313 343 
316 345 
319 347 
322 349 
323 350 
325 351 
326 352 
328 353 
329 353 
332 354 
334 354 
336 355 
336 347 349 357 
339 342 353 358 
355 359 
358 360 
359 360 



















































































































































































































































