94 502 
94 502 
95 502 
95 502 
95 502 
96 501 
96 501 
96 501 
97 501 
97 501 
97 501 
98 501 
99 501 
99 500 
99 500 
100 500 
100 500 
101 500 
101 500 
102 500 
102 499 
103 499 
104 499 
104 498 
105 498 
105 498 
105 498 
105 498 
106 497 
107 497 
107 496 
106 496 
108 496 
106 496 
108 495 
108 495 
108 495 
108 494 
109 493 
109 493 
110 493 
110 492 
110 492 
111 491 
112 491 
112 491 
113 490 
112 490 
112 489 
112 489 
112 488 
112 488 
111 487 
111 486 
111 485 
111 485 
111 484 
111 484 
111 483 
111 482 
111 482 
111 481 
111 480 
111 480 
111 479 
111 478 
111 477 
111 476 
111 475 
111 475 
111 474 
111 473 
111 456 457 472 
111 455 456 471 
111 470 
111 469 
111 453 456 469 
111 452 456 468 
111 451 453 467 
111 450 454 466 
111 450 454 465 
111 449 456 464 
111 448 455 463 
111 447 454 462 
110 446 454 461 
110 446 454 460 
110 445 453 460 
110 444 455 459 
110 444 454 458 
110 443 454 457 
110 442 453 456 
110 441 451 455 
110 441 451 454 
110 440 450 453 
111 439 450 452 
112 439 
111 438 449 450 
111 439 
110 439 
110 438 
110 438 
110 438 
110 440 
110 440 
110 441 
110 442 
109 442 
106 441 
106 441 
106 440 
99 104 105 440 
99 440 
97 440 
97 440 
97 440 
97 440 
98 440 
98 440 
99 440 
100 440 448 449 
100 441 447 450 
101 441 444 450 
101 441 442 452 
102 452 
102 452 
102 451 
102 450 
101 450 
101 450 
101 449 
102 449 
101 448 
101 448 
101 447 
102 447 
102 447 
102 447 
102 447 
102 448 
103 448 
103 448 
103 449 
104 449 
104 449 
104 449 
104 448 
104 449 
104 449 
104 449 
104 449 
104 449 
104 449 
104 450 
104 450 
104 450 
104 450 
105 450 
105 450 
105 450 
105 450 
105 450 
105 450 
105 450 
105 450 
105 451 
105 451 
105 451 
105 451 
105 452 
105 451 
105 451 
105 452 
106 452 
106 452 
106 452 
106 452 
106 451 
106 452 
106 452 
106 453 
106 453 
106 452 
106 452 
106 452 
106 452 
106 453 
106 454 
106 454 
106 454 
106 454 
106 454 
106 454 
107 454 
107 454 
107 454 
107 454 
107 454 
107 454 
107 455 
107 455 
106 455 
107 456 
108 456 
109 456 
109 456 
109 456 
108 456 
108 456 
109 456 
109 456 
108 456 
108 456 
108 457 
108 457 
109 457 
109 457 
109 457 
109 457 
109 457 
109 457 
109 458 
109 458 
109 459 
109 459 
108 460 
108 461 
107 461 
106 460 
106 460 
106 460 
105 454 
105 452 
105 450 
104 448 
104 448 
112 449 
115 449 
118 449 
119 449 
120 449 
120 449 
120 449 
120 449 
120 450 
120 450 
121 450 
121 450 
121 450 
121 450 
121 450 
121 450 
121 450 
121 450 
122 450 
122 450 
122 450 
122 450 
123 450 
123 450 
123 450 
123 450 
122 450 
121 450 
120 450 
120 450 
117 450 
116 450 
115 450 
114 450 
112 450 
110 450 
109 450 
108 450 
108 450 
107 450 
106 452 502 510 
105 453 499 514 
104 454 467 519 
103 455 458 523 
102 526 
101 530 
100 533 
99 536 
98 538 
97 541 
96 545 
95 549 
94 551 
94 555 
93 558 
93 561 
92 564 
91 566 
90 568 
89 570 
89 573 
88 575 
87 577 
86 580 
86 581 
85 582 
85 585 
84 586 
84 587 
84 589 
83 590 
83 592 
82 592 
82 593 
81 595 
80 596 
79 597 
79 598 
79 599 
79 600 
78 602 
78 602 
77 603 
77 605 
76 606 
76 609 
76 610 
76 611 
75 612 
75 613 
74 615 
74 616 
75 617 
75 618 
75 619 
75 621 
75 621 
75 622 
75 623 
75 624 
75 625 
74 625 
74 626 
75 627 
75 628 
75 628 
75 628 
75 629 
75 630 
75 631 
75 632 
75 632 
75 633 
75 633 
75 634 
75 634 
75 635 
75 635 
76 635 
76 635 
76 636 
76 636 
76 636 
76 637 
77 637 
76 637 
76 637 
77 638 
77 638 
77 638 
77 638 
77 638 
77 638 
78 638 
79 638 
79 639 
79 639 
79 638 
79 638 
80 639 
80 639 
80 639 
80 639 
80 639 
81 639 
81 639 
82 639 
82 639 
82 639 
82 639 
82 639 
82 639 
82 639 
82 639 
83 639 
83 639 
83 639 
83 638 
83 638 
83 638 
83 638 
84 638 
84 638 
84 638 
84 637 
84 637 
85 637 
85 637 
85 637 
85 637 
85 637 
86 636 
86 636 
86 636 
86 636 
87 635 
87 635 
87 635 
87 634 
87 634 
87 634 
88 633 
88 633 
88 633 
88 632 
88 631 
89 631 
89 631 
89 631 
89 630 
89 630 
89 629 
89 629 
89 628 
90 628 
90 627 
90 627 
90 626 
90 626 
90 625 
90 624 
90 624 
90 624 
91 623 
91 623 
91 623 
91 622 
91 622 
91 622 
91 621 
91 620 
92 620 
92 619 
92 619 
92 618 
92 616 
93 616 
93 615 
93 614 
93 613 
93 613 
94 612 
93 612 
93 612 
94 612 
94 611 
93 611 
93 611 
93 611 
93 611 
92 611 
91 611 
91 611 
90 611 
90 611 
90 611 
89 611 
89 610 
88 610 
87 610 
87 610 
86 610 
85 610 
84 610 
83 610 
