0 640 
0 640 
0 640 
0 640 
0 640 
0 640 
0 640 
0 640 
0 640 
0 640 
0 640 
0 640 
0 640 
0 640 
0 640 
0 640 
0 640 
0 640 
0 640 
0 640 
0 640 
0 640 
0 640 
0 640 
0 640 
0 640 
0 640 
0 640 
0 640 
0 640 
0 640 
0 640 
0 640 
0 640 
0 640 
0 640 
0 640 
0 640 
0 640 
0 640 
0 640 
0 640 
0 640 
0 640 
0 640 
0 640 
0 640 
0 640 
0 640 
0 640 
0 640 
0 640 
0 640 
0 640 
0 640 
0 640 
0 640 
0 640 
0 640 
0 640 
0 640 
0 640 
0 640 
0 640 
0 351 368 640 
0 344 374 640 
0 339 378 640 
0 335 381 640 
0 330 385 640 
0 327 387 640 
0 323 389 640 
0 321 391 640 
0 318 393 640 
0 315 395 640 
0 312 397 640 
0 310 398 640 
0 308 399 640 
0 306 401 640 
0 303 402 640 
0 302 403 640 
0 300 404 640 
0 298 405 640 
0 296 406 640 
0 295 407 640 
0 293 408 640 
0 292 409 640 
0 291 410 640 
0 289 411 640 
0 288 413 640 
0 287 414 640 
0 286 416 640 
0 286 417 640 
0 285 418 640 
0 284 419 640 
0 283 419 640 
0 282 420 640 
0 282 421 640 
0 281 422 640 
0 280 423 640 
0 279 424 640 
0 279 425 640 
0 278 425 640 
0 278 426 640 
0 277 427 640 
0 277 427 640 
0 276 427 640 
0 275 428 640 
0 275 428 640 
0 275 428 640 
0 274 429 640 
0 273 429 640 
0 273 430 640 
0 272 430 640 
0 272 430 640 
0 272 431 640 
0 271 431 640 
0 271 432 640 
0 270 432 640 
0 270 433 640 
0 269 433 640 
0 269 434 640 
0 269 434 640 
0 268 434 640 
0 268 435 640 
0 268 435 640 
0 267 435 640 
0 267 435 640 
0 267 435 640 
0 266 436 640 
0 266 436 640 
0 266 436 640 
0 265 436 640 
0 265 437 640 
0 265 437 640 
0 265 437 640 
0 264 438 640 
0 264 438 640 
0 264 439 640 
0 263 439 640 
0 263 439 640 
0 263 266 268 439 640 
0 263 266 268 440 640 
0 263 265 268 440 640 
0 263 265 268 440 640 
0 262 264 268 440 640 
0 262 264 268 440 640 
0 262 263 268 440 640 
0 262 263 268 441 640 
0 268 441 640 
0 268 441 640 
0 269 441 640 
0 269 441 640 
0 269 441 640 
0 269 441 640 
0 269 272 273 442 640 
0 270 272 274 442 640 
0 270 272 274 442 640 
0 270 272 274 442 640 
0 270 272 274 442 640 
0 271 272 275 442 640 
0 271 272 275 280 281 442 640 
0 275 280 281 443 640 
0 276 280 281 443 640 
0 276 281 282 443 640 
0 277 281 283 443 640 
0 277 281 283 286 287 443 640 
0 278 281 283 286 288 443 640 
0 278 281 283 287 289 293 294 443 640 
0 278 281 284 287 289 294 295 443 640 
0 279 282 284 288 289 294 297 444 640 
0 280 281 284 286 290 295 297 444 640 
0 284 286 291 296 297 444 640 
0 292 295 297 444 640 
0 293 295 297 444 640 
0 297 444 640 
0 297 445 640 
0 296 445 640 
0 296 445 640 
0 295 445 640 
0 295 445 640 
0 294 445 640 
0 293 445 640 
0 292 445 640 
0 291 445 640 
0 289 445 640 
0 289 445 640 
0 289 445 640 
0 290 445 640 
0 290 445 640 
0 291 445 640 
0 293 445 640 
0 294 445 640 
0 296 445 640 
0 297 445 640 
0 298 445 640 
0 298 445 640 
0 298 445 640 
0 298 445 640 
0 298 445 640 
0 299 445 640 
0 299 445 640 
0 300 445 640 
0 301 445 640 
0 303 445 640 
0 303 445 640 
0 303 445 640 
0 303 445 640 
0 304 445 640 
0 305 445 640 
0 307 445 640 
0 308 445 640 
0 309 445 640 
0 309 445 640 
0 310 445 640 
0 310 445 640 
0 311 445 640 
0 311 445 640 
0 312 445 640 
0 312 445 640 
0 313 445 640 
0 314 445 640 
0 315 445 640 
0 319 445 640 
0 319 445 640 
0 319 445 640 
0 319 445 640 
0 319 445 640 
0 319 445 640 
0 319 445 640 
0 318 445 640 
0 318 445 640 
0 318 445 640 
0 318 445 640 
0 318 445 640 
0 318 445 640 
0 318 445 640 
0 318 445 640 
0 318 445 640 
0 318 445 640 
0 317 445 640 
0 317 445 640 
0 317 444 640 
0 317 444 640 
0 317 444 640 
0 317 444 640 
0 317 444 640 
0 317 444 640 
0 317 444 640 
0 317 444 640 
0 316 444 640 
0 316 444 640 
0 316 444 640 
0 316 444 640 
0 316 444 640 
0 315 444 640 
0 314 444 640 
0 313 444 640 
0 311 444 640 
0 310 444 640 
0 310 444 640 
0 309 444 640 
0 308 444 640 
0 307 444 640 
0 306 444 640 
0 305 444 640 
0 305 444 640 
0 304 444 640 
0 303 444 640 
0 302 445 640 
0 302 445 640 
0 302 445 640 
0 302 445 640 
0 303 445 640 
0 303 445 640 
0 302 445 640 
0 302 445 640 
0 302 445 640 
0 302 446 640 
0 301 446 640 
0 301 446 640 
0 301 446 640 
0 300 446 640 
0 300 446 640 
0 299 446 640 
0 299 446 640 
0 298 446 640 
0 297 446 640 
0 296 446 640 
0 295 446 640 
0 294 447 640 
0 293 447 640 
0 292 447 640 
0 290 447 640 
0 289 447 640 
0 288 447 640 
0 287 447 640 
0 286 447 640 
0 285 447 640 
0 284 447 640 
0 283 288 292 447 640 
0 292 447 640 
0 291 448 640 
0 290 448 640 
0 290 448 640 
0 289 448 640 
0 289 448 640 
0 288 448 640 
0 288 448 640 
0 287 448 640 
0 287 448 640 
0 286 448 640 
0 286 449 640 
0 285 448 640 
0 285 449 640 
0 284 449 640 
0 284 449 640 
0 283 449 640 
0 283 449 640 
0 282 449 640 
0 282 450 640 
0 282 450 640 
0 282 450 640 
0 282 450 640 
0 282 450 640 
0 282 450 640 
0 282 450 640 
0 282 450 640 
0 282 450 640 
0 282 450 640 
0 282 450 640 
0 282 450 640 
0 281 450 640 
0 280 451 640 
0 280 451 640 
0 279 451 640 
0 279 451 640 
0 278 451 640 
0 278 451 640 
0 278 451 640 
0 277 451 640 
0 277 451 640 
0 276 451 640 
0 276 452 640 
0 275 452 640 
0 275 452 640 
0 275 452 640 
0 274 452 640 
0 274 452 640 
0 274 452 640 
0 274 452 640 
0 273 452 640 
0 273 452 640 
0 273 452 640 
0 273 452 640 
0 272 452 640 
0 272 452 640 
0 272 452 640 
0 272 452 640 
0 272 452 640 
0 272 452 640 
0 271 452 640 
0 271 452 640 
0 271 452 640 
0 271 452 640 
0 272 452 640 
0 272 452 640 
0 272 452 640 
0 272 452 640 
0 272 452 640 
0 272 452 640 
0 272 452 640 
0 272 452 640 
0 272 452 640 
0 272 452 640 
0 272 452 640 
0 272 452 640 
0 272 452 640 
0 273 452 640 
0 273 452 640 
0 273 452 640 
0 273 452 640 
0 273 452 640 
0 274 452 640 
0 274 452 640 
0 274 452 640 
0 274 452 640 
0 275 452 640 
0 275 452 640 
0 275 452 640 
0 275 452 640 
0 276 452 640 
0 276 452 640 
0 276 452 640 
0 277 452 640 
0 277 452 640 
0 278 452 640 
0 278 452 640 
0 278 452 640 
0 278 452 640 
0 279 452 640 
0 279 451 640 
0 280 451 640 
0 280 451 640 
0 280 451 640 
0 281 451 640 
0 281 451 640 
0 282 452 640 
0 282 452 640 
0 282 452 640 
0 283 452 640 
0 283 452 640 
0 283 452 640 
0 283 452 640 
0 284 452 640 
0 284 452 640 
0 284 452 640 
0 285 452 640 
0 285 452 640 
0 285 452 640 
0 286 452 640 
0 286 452 640 
0 286 452 640 
0 286 452 640 
0 287 452 640 
0 287 452 640 
0 287 452 640 
0 287 452 640 
0 288 453 640 
0 288 453 640 
0 288 453 640 
0 288 453 640 
0 288 453 640 
0 288 453 640 
0 288 453 640 
0 288 453 640 
0 289 453 640 
0 289 453 640 
0 289 453 640 
0 289 453 640 
0 289 453 640 
0 289 453 640 
0 289 453 640 
0 289 453 640 
0 289 453 640 
0 289 453 640 
0 289 453 640 
0 290 453 640 
0 290 453 640 
0 290 453 640 
0 290 454 640 
0 290 454 640 
0 290 454 640 
0 290 454 640 
0 290 454 640 
0 290 454 640 
0 290 455 640 
0 290 455 640 
0 291 455 640 
0 291 455 640 
0 291 455 640 
0 291 456 640 
0 291 456 640 
0 291 456 640 
0 290 457 640 
0 290 457 640 
0 290 457 640 
0 290 457 640 
0 290 457 640 
0 290 458 640 
0 290 458 640 
0 289 458 640 
0 289 458 640 
0 289 458 640 
0 289 459 640 
0 289 459 640 
0 289 459 640 
0 288 460 640 
0 288 460 640 
0 288 460 640 
0 288 460 640 
