0 640 
0 640 
0 640 
0 640 
0 640 
0 640 
0 640 
0 640 
0 640 
0 640 
0 640 
0 640 
0 640 
0 640 
0 640 
0 640 
0 640 
0 640 
0 640 
0 640 
0 640 
0 640 
0 640 
0 640 
0 640 
0 640 
0 640 
0 640 
0 640 
0 640 
0 640 
0 640 
0 640 
0 640 
0 640 
0 640 
0 640 
0 640 
0 640 
0 640 
0 640 
0 640 
0 640 
0 640 
0 640 
0 640 
0 640 
0 640 
0 640 
0 640 
0 640 
0 640 
0 640 
0 640 
0 640 
0 640 
0 640 
0 640 
0 640 
0 640 
0 640 
0 640 
0 640 
0 640 
0 640 
0 640 
0 640 
0 640 
0 640 
0 640 
0 640 
0 640 
0 640 
0 640 
0 640 
0 640 
0 640 
0 640 
0 640 
0 640 
0 640 
0 640 
0 640 
0 640 
0 640 
0 640 
0 640 
0 640 
0 640 
0 640 
0 640 
0 640 
0 640 
0 640 
0 640 
0 640 
0 640 
0 640 
0 640 
0 640 
0 640 
0 640 
0 640 
0 640 
0 640 
0 640 
0 640 
0 640 
0 640 
0 640 
0 640 
0 640 
0 640 
0 640 
0 640 
0 640 
0 640 
0 640 
0 640 
0 640 
0 640 
0 640 
0 640 
0 640 
0 640 
0 640 
0 640 
0 640 
0 640 
0 640 
0 640 
0 640 
0 640 
0 640 
0 640 
0 640 
0 640 
0 640 
0 640 
0 640 
0 640 
0 640 
0 640 
0 640 
0 640 
0 640 
0 640 
0 640 
0 640 
0 640 
0 640 
0 640 
0 640 
0 640 
0 640 
0 640 
0 640 
0 640 
0 640 
0 640 
0 640 
0 640 
0 640 
0 640 
0 640 
0 640 
0 640 
0 640 
0 640 
0 640 
0 640 
0 640 
0 640 
0 640 
0 640 
0 640 
0 640 
0 640 
0 640 
0 640 
0 640 
0 640 
0 640 
0 640 
0 640 
0 640 
0 640 
0 640 
0 640 
0 640 
0 640 
0 640 
0 640 
0 640 
0 640 
0 640 
0 640 
0 640 
0 640 
0 640 
0 640 
0 640 
0 640 
0 640 
0 640 
0 640 
0 640 
0 640 
0 640 
0 640 
0 640 
0 640 
0 640 
0 640 
0 640 
0 640 
0 640 
0 640 
0 640 
0 640 
0 640 
0 640 
0 640 
0 640 
0 640 
0 640 
0 640 
0 640 
0 640 
0 640 
0 640 
0 640 
0 640 
0 640 
0 640 
0 640 
0 640 
0 640 
0 640 
0 640 
0 640 
0 640 
0 640 
0 640 
0 640 
0 640 
0 640 
0 640 
0 640 
0 640 
0 640 
0 640 
0 640 
0 640 
0 640 
0 640 
0 640 
0 640 
0 640 
0 640 
0 640 
0 640 
0 310 322 640 
0 305 326 640 
0 300 328 640 
0 297 330 640 
0 293 333 640 
0 291 337 640 
0 288 340 640 
0 287 341 640 
0 285 343 640 
0 284 344 640 
0 283 345 640 
0 282 346 640 
0 282 346 640 
0 282 347 640 
0 282 347 640 
0 281 347 640 
0 281 347 640 
0 280 346 640 
0 281 346 640 
0 281 346 640 
0 280 347 640 
0 280 347 640 
0 280 347 640 
0 279 348 640 
0 279 348 640 
0 279 349 640 
0 279 349 640 
0 278 349 640 
0 278 349 640 
0 277 349 640 
0 277 350 640 
0 277 350 640 
0 277 350 640 
0 277 350 640 
0 277 350 640 
0 277 350 640 
0 277 351 640 
0 277 352 640 
0 277 352 640 
0 277 352 640 
0 277 352 640 
0 277 352 640 
0 277 352 640 
0 277 352 640 
0 277 352 640 
0 278 351 640 
0 277 351 640 
0 278 350 640 
0 278 350 640 
0 278 349 640 
0 278 348 640 
0 279 347 640 
0 279 347 640 
0 279 347 640 
0 280 346 640 
0 280 346 640 
0 281 346 640 
0 281 345 640 
0 282 345 640 
0 282 344 640 
0 283 343 640 
0 283 342 640 
0 284 342 640 
0 284 342 640 
0 285 342 640 
0 286 343 640 
0 287 344 640 
0 289 345 640 
0 290 346 640 
0 291 346 640 
0 292 346 640 
0 292 346 640 
0 291 347 640 
0 291 347 640 
0 290 348 640 
0 290 348 640 
0 290 349 640 
0 289 349 640 
0 289 349 640 
0 289 350 640 
0 289 350 640 
0 289 350 640 
0 289 350 640 
0 289 350 640 
0 288 351 640 
0 288 351 640 
0 288 351 640 
0 288 351 640 
0 288 351 640 
0 288 351 640 
0 288 352 640 
0 288 352 640 
0 287 352 640 
0 287 352 640 
0 287 352 640 
0 287 353 640 
0 287 353 640 
0 287 353 640 
0 286 353 640 
0 286 353 640 
0 286 353 640 
0 286 353 640 
0 286 354 640 
0 285 354 640 
0 285 354 640 
0 285 354 640 
0 285 354 640 
0 285 354 640 
0 285 355 640 
0 285 355 640 
0 284 355 640 
0 284 355 640 
0 284 355 640 
0 284 355 640 
0 284 355 640 
0 284 356 640 
0 283 356 640 
0 283 356 640 
0 283 356 640 
0 283 356 640 
0 283 356 640 
0 282 357 640 
0 282 357 640 
0 282 357 640 
0 282 357 640 
0 282 357 640 
0 282 357 640 
0 282 357 640 
0 282 358 640 
0 282 358 640 
0 282 358 640 
0 282 358 640 
0 282 358 640 
0 282 358 640 
0 281 358 640 
0 281 358 640 
0 280 358 640 
0 280 358 640 
0 280 358 640 
0 280 358 640 
0 280 358 640 
0 280 358 640 
0 280 358 640 
0 281 358 640 
0 281 358 640 
0 281 358 640 
0 281 358 640 
0 281 358 640 
0 281 358 640 
0 281 358 640 
0 281 358 640 
0 281 359 640 
0 280 359 640 
0 280 359 640 
0 280 359 640 
0 280 359 640 
0 280 359 640 
0 279 360 640 
0 270 367 640 
0 265 373 640 
0 259 378 640 
0 256 383 640 
0 251 388 640 
0 245 392 640 
0 241 397 640 
0 238 400 640 
0 235 403 640 
0 232 407 640 
0 228 410 640 
0 226 413 640 
0 223 416 640 
0 220 418 640 
0 218 420 640 
0 215 423 640 
0 212 425 640 
0 210 427 640 
0 208 430 640 
0 206 278 282 359 360 432 640 
0 204 274 281 358 364 434 640 
0 202 270 281 358 369 436 640 
0 200 266 281 358 372 438 640 
0 199 263 281 358 374 440 640 
0 196 261 281 358 377 441 640 
0 195 258 281 358 381 443 640 
0 193 255 281 358 383 444 640 
0 192 253 281 358 386 446 640 
0 191 251 281 358 388 447 640 
0 189 248 280 358 389 449 640 
0 188 247 280 358 392 451 640 
0 186 245 280 358 394 452 640 
0 185 243 280 358 395 453 640 
0 184 241 280 358 397 455 640 
0 182 240 280 358 398 455 640 
0 181 238 280 358 400 457 640 
0 180 236 280 359 401 458 640 
0 179 236 280 359 402 459 640 
0 178 234 280 359 404 460 640 
0 177 233 280 360 405 461 640 
0 176 232 279 360 406 462 640 
0 175 231 279 360 407 463 640 
0 174 230 279 360 409 464 640 
0 174 229 279 360 409 465 640 
0 173 228 279 360 410 465 640 
0 172 227 279 360 411 466 640 
0 171 226 279 360 412 467 640 
0 170 225 279 360 412 468 640 
0 170 225 279 360 413 468 640 
0 169 224 279 361 413 469 640 
0 168 223 278 361 415 470 640 
0 167 223 278 361 415 470 640 
0 167 222 278 361 415 471 640 
0 167 222 278 361 416 471 640 
0 166 222 278 361 416 472 640 
0 166 221 278 361 417 472 640 
0 165 221 278 361 417 473 640 
0 165 220 278 361 418 473 640 
0 164 220 278 361 418 474 640 
0 164 220 278 361 418 474 640 
