






















































































































































527 532 
527 533 
528 534 
529 535 
531 535 
531 535 
531 535 
532 536 
532 536 
531 535 
522 524 529 535 
522 535 
522 534 
523 534 
327 329 522 532 
327 329 521 532 
323 324 327 329 330 332 520 533 
323 325 326 333 518 533 
323 332 517 534 
324 332 515 535 
324 331 513 536 
323 331 511 537 
321 333 508 538 
138 141 322 334 507 539 
137 141 323 334 506 539 
137 141 323 333 497 499 504 540 
135 142 323 332 497 541 
133 141 322 332 497 542 
133 141 321 332 497 543 
133 142 320 333 495 545 
134 143 319 334 495 546 550 551 
134 144 318 335 495 547 548 552 
134 144 317 336 496 551 
133 145 316 337 496 553 
133 146 315 337 497 553 
132 147 314 338 497 553 
133 148 313 340 498 552 
132 148 312 341 499 551 
132 148 311 342 499 551 
130 148 310 343 500 550 
129 148 301 306 309 344 500 550 
128 148 301 345 501 549 
127 148 301 351 500 548 
125 147 301 352 500 547 
124 147 301 352 500 546 
122 147 301 352 499 546 
121 148 302 351 499 547 
120 148 303 350 499 547 
119 149 304 349 499 547 
117 150 305 349 499 548 
116 151 305 348 499 548 
106 114 115 152 306 348 499 548 
106 152 306 347 499 549 
106 153 306 347 499 549 
106 154 306 348 499 549 
106 154 305 348 499 549 
107 156 305 348 499 549 
108 160 305 349 499 549 
109 161 162 164 305 349 499 549 
109 164 305 349 499 549 580 584 
110 164 305 350 500 549 577 585 
110 163 305 350 500 549 572 585 
110 162 305 350 500 549 568 587 
111 161 305 350 500 549 564 588 
111 160 305 351 500 548 558 588 
111 160 305 351 500 548 552 587 
111 159 306 351 491 498 500 586 
110 159 307 352 490 586 
110 158 308 352 489 582 
110 158 310 352 489 574 
110 158 311 353 488 569 
109 159 312 353 488 560 
109 159 313 353 488 558 
109 159 313 354 489 549 550 552 
109 160 313 355 489 545 
109 160 314 355 485 543 
109 160 314 355 484 542 
109 161 314 355 445 453 483 541 
110 161 313 352 353 355 442 454 480 541 
111 161 313 352 353 355 439 455 474 540 
111 162 312 315 316 353 438 455 467 538 
113 162 315 354 437 455 462 538 
114 162 314 354 437 457 458 539 
116 162 313 354 436 541 
116 162 310 353 436 543 
117 163 308 353 435 545 
117 163 282 284 287 290 300 303 306 352 435 546 
118 163 281 291 300 351 434 470 474 546 
118 163 280 292 300 349 434 465 473 547 
118 164 279 292 298 350 433 461 473 547 
118 163 278 293 296 354 439 461 472 547 
119 163 277 293 294 357 439 461 472 546 
119 163 277 358 440 461 472 546 
120 163 277 359 441 462 472 546 
120 163 278 359 441 462 471 546 
120 162 279 359 442 463 470 546 
121 162 279 359 443 463 469 546 
121 162 280 359 443 463 469 546 
122 161 279 359 444 464 468 546 
123 160 255 257 278 358 445 464 467 546 
125 160 254 259 276 357 446 546 
124 155 253 262 273 357 446 546 
121 156 253 356 447 545 
120 153 154 156 253 356 448 545 
119 148 149 151 253 355 449 489 490 544 
119 148 253 355 449 484 490 544 
118 149 253 354 450 484 490 543 
117 149 253 353 450 483 490 542 
117 150 253 352 451 482 490 540 
117 150 254 352 452 480 489 536 
118 151 254 275 276 351 452 479 489 535 
118 151 255 274 277 350 453 478 489 534 
117 152 255 273 277 349 453 477 488 534 
116 153 256 272 277 348 454 476 488 534 
115 155 256 272 277 298 301 347 454 475 488 534 
115 155 257 271 276 297 302 347 455 474 488 533 
114 155 257 271 276 295 303 347 455 472 488 533 
114 156 258 270 275 294 305 347 456 471 488 533 
114 155 258 270 275 293 306 346 456 469 487 533 
113 155 259 270 275 291 307 346 457 467 487 533 
113 155 260 269 275 290 307 346 487 533 
113 155 261 269 275 289 307 346 487 532 
112 155 262 269 275 288 307 346 487 532 
112 155 263 268 276 286 307 346 487 532 
111 154 277 285 308 347 487 532 
111 154 278 283 308 347 487 531 
110 155 308 347 486 531 
109 155 309 348 486 531 
108 155 309 348 486 531 
105 156 310 349 486 531 
102 156 310 349 486 530 
99 156 310 350 486 530 
95 156 311 350 486 530 
93 156 311 351 486 530 
89 156 312 351 486 530 
84 156 312 351 486 530 
34 46 82 156 312 351 486 530 
26 47 81 156 313 351 486 530 
22 48 81 156 313 350 486 529 
15 49 76 78 80 156 314 349 487 529 
8 49 75 156 314 348 487 528 
0 50 66 114 116 156 314 348 488 527 
0 50 56 112 117 157 314 348 488 527 
0 51 55 108 117 157 313 348 488 527 
0 105 117 157 312 348 488 527 
0 102 118 158 312 348 488 528 
0 99 118 158 311 349 488 528 
0 96 118 158 310 349 487 529 
0 94 119 159 310 350 486 530 
0 91 119 159 309 350 486 531 
0 90 120 160 309 350 485 531 
0 82 119 160 308 351 485 532 
0 81 110 114 116 160 308 351 484 532 
0 81 109 161 307 352 484 533 
0 83 109 162 307 352 483 533 
0 87 107 162 306 352 483 534 
0 94 95 97 99 100 102 163 306 352 483 534 
0 163 306 353 482 534 
0 163 305 353 482 535 
0 163 305 353 482 535 
0 163 304 353 481 535 
0 164 304 353 481 536 
0 164 303 353 481 536 
0 163 303 354 480 537 
0 163 303 354 480 537 
3 163 302 354 480 537 
5 164 302 354 480 538 
7 165 301 354 479 538 
10 166 301 354 479 538 
13 167 301 355 478 538 
15 167 300 355 478 539 
18 168 300 355 477 539 
20 169 300 355 477 539 
22 169 299 355 477 540 
25 170 299 356 477 540 
28 171 298 356 476 541 
30 171 298 356 476 541 
32 172 298 356 475 541 
35 172 297 357 475 542 
38 173 297 357 475 542 
40 173 296 357 474 543 
42 173 296 357 474 543 
44 174 296 357 473 543 
47 174 296 358 473 543 
50 174 295 358 472 544 
52 175 295 358 472 544 
54 175 294 358 471 545 
57 176 294 359 471 545 
59 176 293 359 470 546 
62 177 293 359 470 546 
65 177 292 360 469 547 
67 177 292 360 469 547 
70 177 292 360 468 548 
72 178 291 361 467 548 
75 178 291 361 467 549 
77 179 290 361 466 549 
80 179 290 361 466 550 
82 180 290 362 465 550 
84 180 289 362 464 551 
87 181 288 362 464 552 
89 181 288 363 463 552 
92 182 288 363 462 553 
94 182 287 363 462 553 
97 182 287 364 461 554 
100 183 286 364 461 554 
102 183 286 364 461 555 
104 184 286 364 460 555 
114 116 117 184 285 365 460 555 
117 185 285 365 459 556 
116 185 284 365 459 556 
116 186 284 365 459 557 
115 186 284 366 459 557 
115 187 283 366 459 557 
114 187 283 366 459 558 
114 188 283 366 460 558 
113 188 283 366 460 559 
113 189 283 366 461 559 
112 189 283 366 461 560 
112 190 284 366 461 560 
111 190 284 366 462 560 
111 191 285 366 462 560 
110 191 285 366 463 559 
110 192 286 365 464 559 
109 193 288 365 465 559 
109 193 290 365 466 558 
108 194 291 365 467 556 
108 194 293 365 469 555 
108 195 295 365 470 553 
107 195 297 364 471 550 
107 195 300 363 473 549 
107 195 303 363 475 549 
108 195 305 361 478 549 
108 195 308 360 481 549 
109 195 308 359 485 527 529 549 
109 195 308 357 488 525 530 549 
110 194 307 328 331 355 489 521 531 549 
110 193 307 323 332 349 489 519 531 549 
112 192 307 323 332 349 490 512 531 550 
113 191 307 322 333 349 490 508 532 550 
114 189 307 322 333 349 490 508 532 550 
116 186 307 322 334 350 490 508 533 550 
116 184 307 322 334 350 490 507 533 550 
116 183 307 322 334 350 490 507 533 551 
115 181 307 322 335 350 490 507 534 551 
114 178 307 321 335 350 490 507 534 552 
114 176 307 321 335 350 490 507 535 552 
113 174 307 321 335 350 490 507 535 552 
112 169 307 321 336 350 490 506 536 553 
111 161 307 321 336 350 490 506 536 553 
111 140 141 158 307 320 336 350 490 506 537 553 
110 139 307 320 336 350 489 506 537 554 
109 138 307 320 337 350 489 505 537 554 
109 137 307 320 337 350 488 505 537 554 
108 136 308 320 337 349 488 505 538 555 
108 135 308 320 338 349 488 505 538 555 
108 136 308 319 338 350 488 505 538 555 
107 137 308 319 338 351 488 505 538 556 
107 138 308 319 338 351 488 505 539 556 
107 138 308 319 338 352 488 505 539 556 
107 139 307 319 338 352 487 505 539 556 
106 140 307 319 338 352 487 505 540 556 
106 141 307 319 338 352 487 504 540 557 
106 141 307 320 338 352 487 504 540 557 
106 142 306 320 338 352 487 504 540 557 
106 143 306 320 338 351 487 504 540 557 
106 143 306 320 338 351 487 504 541 557 
107 144 306 320 339 351 487 504 541 557 
107 145 306 320 339 351 487 504 541 557 
108 145 306 319 339 352 487 504 541 558 
108 146 307 319 339 352 487 504 542 558 
109 146 308 318 338 352 487 504 542 558 
110 147 308 318 338 352 487 504 542 558 
111 147 308 318 338 352 488 504 542 558 
112 148 307 318 338 353 488 504 543 558 
113 148 307 319 338 353 488 504 543 558 
114 148 306 319 338 353 488 504 543 558 
115 149 303 320 338 353 488 504 543 558 
116 150 296 328 338 354 488 503 544 558 
118 151 292 354 489 503 544 558 
119 153 290 354 489 503 544 558 
120 154 289 355 489 503 545 558 
121 154 287 358 489 503 545 559 
123 155 286 361 490 503 545 559 
124 156 286 364 490 503 546 559 
126 157 286 366 490 503 546 559 
127 159 285 367 490 503 546 559 
128 160 285 368 491 503 547 559 
130 161 285 368 491 503 547 560 
131 162 284 369 491 503 547 560 
133 162 285 369 491 502 547 561 
134 162 285 369 491 503 547 562 
135 162 285 369 490 503 547 562 
136 162 286 368 490 504 547 562 
138 162 287 368 490 504 547 563 
139 163 288 367 490 504 547 563 
140 164 290 366 489 504 547 563 
141 165 292 365 489 504 547 563 
142 166 294 364 488 505 547 563 
142 168 295 363 489 505 548 562 
143 169 297 362 489 505 548 562 
143 171 300 360 490 505 549 562 
142 172 304 359 490 504 550 562 
139 173 308 358 491 504 550 562 
136 174 310 358 492 503 551 562 
135 174 311 358 492 503 551 562 
134 175 311 358 492 503 550 562 
133 175 310 358 492 503 550 563 
131 176 304 358 492 503 549 563 
129 178 300 358 491 503 549 563 
127 180 285 360 491 503 549 563 
125 182 283 363 490 504 548 564 
124 184 280 365 490 504 548 564 
123 186 280 365 490 505 548 564 
122 187 280 366 490 505 548 564 
122 188 280 367 490 506 548 565 
121 189 280 367 477 488 489 507 548 565 
120 190 280 367 473 508 509 516 548 566 
118 191 281 298 301 366 469 523 548 567 
117 192 281 298 307 365 467 530 548 567 
116 193 282 298 308 363 465 534 548 568 
115 194 282 299 308 362 465 538 548 569 
115 195 283 300 308 362 465 543 548 569 
116 195 283 300 307 361 465 569 
116 196 283 300 307 360 465 569 
108 196 284 301 306 360 465 570 
104 196 285 359 465 570 
36 43 99 196 285 358 465 570 
35 44 97 196 286 356 466 570 
35 44 97 196 287 355 466 570 
