












































400 418 
373 442 
357 458 
346 467 
336 475 
326 484 
317 492 
310 498 
303 505 
297 510 
289 515 
283 521 
277 526 
272 531 
266 536 
261 541 
256 546 
251 549 
246 554 
242 558 
236 562 
232 567 
227 571 
223 575 
219 578 
214 584 
211 589 
207 592 
203 596 
199 599 
195 604 
191 609 
187 612 
184 617 
180 620 
176 624 
173 628 
169 632 
166 637 
163 638 
159 640 
156 640 
153 640 
150 640 
146 640 
143 640 
140 640 
137 640 
134 640 
131 640 
128 640 
125 640 
122 640 
120 640 
117 640 
114 640 
112 640 
109 640 
106 640 
103 640 
100 640 
98 640 
95 640 
93 640 
90 640 
88 640 
85 640 
83 640 
80 640 
78 640 
75 640 
73 640 
71 640 
68 640 
66 640 
64 640 
61 640 
59 640 
57 640 
54 640 
51 640 
50 640 
48 640 
45 640 
43 640 
40 640 
38 640 
36 640 
34 640 
32 640 
30 640 
27 640 
25 640 
23 640 
21 640 
18 640 
16 640 
14 640 
12 640 
10 640 
8 640 
5 640 
3 369 371 373 374 640 
2 315 323 363 375 640 
0 314 334 351 376 640 
0 313 378 640 
0 312 379 640 
0 310 380 640 
0 310 381 640 
0 309 382 640 
0 307 383 640 
0 306 384 640 
0 304 385 640 
0 303 387 640 
0 302 388 640 
0 301 389 640 
0 300 390 640 
0 298 392 640 
0 297 393 640 
0 295 395 640 
0 294 396 640 
0 293 397 640 
0 291 399 640 
0 290 401 640 
0 289 402 640 
0 287 404 640 
0 286 405 640 
0 285 407 640 
0 283 410 640 
0 281 412 640 
0 280 414 640 
0 278 416 640 
0 276 417 640 
0 274 420 640 
0 272 421 640 
0 270 422 640 
0 269 422 640 
0 268 422 640 
0 268 423 640 
0 267 423 640 
0 267 423 640 
0 267 423 640 
0 266 423 640 
0 266 424 640 
0 266 424 640 
0 265 424 640 
0 265 425 640 
0 265 425 640 
0 264 425 640 
0 264 425 640 
0 263 425 640 
0 263 425 640 
0 262 426 640 
0 262 264 265 426 640 
0 262 264 265 426 640 
0 261 263 265 426 640 
0 260 262 264 427 640 
0 260 262 264 427 640 
0 259 262 264 427 640 
0 258 261 264 427 640 
0 258 261 263 428 640 
0 258 260 263 428 640 
0 257 260 263 428 640 
0 257 259 263 429 640 
0 257 259 262 429 640 
0 256 258 262 430 640 
0 256 258 262 430 640 
0 256 258 261 431 640 
0 255 258 261 431 640 
0 255 257 261 432 640 
0 255 257 260 432 640 
0 255 257 260 433 640 
0 254 257 259 433 640 
0 254 257 259 434 640 
0 254 256 258 434 640 
0 254 256 258 435 640 
0 254 256 258 435 640 
0 254 256 257 436 640 
0 254 436 640 
0 253 436 640 
0 253 437 640 
0 253 438 640 
0 253 438 640 
0 252 439 640 
0 252 439 640 
0 252 440 640 
0 252 440 640 
0 251 440 640 
0 251 441 640 
0 251 442 640 
0 250 442 640 
0 250 442 640 
0 250 441 640 
0 250 441 640 
0 251 440 640 
0 251 440 640 
0 251 440 640 
0 252 439 640 
0 252 439 640 
0 252 439 640 
0 252 438 640 
0 252 438 640 
0 252 438 640 
0 252 437 640 
0 252 255 256 437 640 
0 253 255 257 437 640 
0 253 255 257 437 640 
0 253 255 257 436 640 
0 253 255 258 436 640 
0 253 255 258 436 640 
0 253 255 259 435 640 
0 253 255 259 435 640 
0 253 255 260 435 640 
0 253 255 260 435 640 
0 253 255 260 434 640 
0 253 255 261 434 640 
0 253 255 261 434 640 
0 253 255 261 433 640 
0 253 256 262 433 640 
0 253 256 262 430 431 433 640 
0 253 256 262 432 640 
0 254 256 263 432 640 
0 254 256 263 429 430 432 640 
0 254 257 263 432 640 
0 255 257 263 431 640 
0 255 257 263 431 640 
0 256 258 264 431 640 
0 256 258 264 430 640 
0 257 259 264 430 640 
0 258 260 264 430 640 
0 258 260 264 429 640 
0 259 261 265 429 640 
0 259 261 265 429 640 
0 260 262 265 428 640 
0 260 262 265 428 640 
0 261 263 265 428 640 
0 261 263 265 427 640 
0 262 264 265 427 640 
0 262 427 640 
0 263 426 640 
0 263 426 640 
0 264 426 640 
0 264 426 640 
0 265 425 640 
0 265 425 640 
0 266 425 640 
0 267 425 640 
0 267 424 640 
0 268 423 640 
0 269 422 640 
0 271 421 639 
0 273 420 637 
0 274 419 635 
0 275 278 279 413 415 418 634 
0 275 278 280 411 414 416 631 
0 276 279 282 410 413 415 630 
0 277 279 284 408 412 414 628 
0 278 281 286 406 411 413 626 
0 278 281 287 404 409 412 624 
0 279 282 289 402 408 411 622 
0 280 282 290 401 407 410 620 
0 280 283 292 400 406 409 618 
0 281 284 293 398 405 407 616 
0 281 284 294 397 404 406 614 
0 282 285 295 396 402 405 612 
0 283 286 297 395 401 403 610 
0 284 286 298 393 400 402 608 
0 285 287 299 392 399 401 606 
0 286 289 300 391 397 400 604 
0 288 290 301 390 396 399 602 
0 289 292 302 388 394 397 599 
0 290 294 303 387 392 395 597 
0 293 296 304 387 390 394 595 
0 294 298 305 386 388 392 593 
0 296 300 306 390 591 
0 298 302 308 388 589 
0 300 304 309 386 586 
0 302 306 309 384 584 
0 305 382 582 
0 306 381 580 
0 309 335 356 380 578 
0 311 329 361 379 575 
0 314 329 365 377 573 
0 316 317 326 331 365 374 571 
0 329 335 358 371 568 
0 332 339 351 366 566 
0 335 358 563 
0 340 342 343 351 561 
0 558 
0 555 
0 552 
0 550 
0 547 
0 545 
0 542 
0 539 
0 536 
0 533 
0 530 
0 528 
0 525 
0 521 
0 518 
0 515 
0 512 
0 508 
0 505 
0 501 
0 498 
0 494 
0 490 
0 487 
0 483 
0 479 
0 475 
0 471 
0 466 
0 462 
0 458 
0 454 
0 449 
0 444 
0 440 
0 434 
0 430 
0 424 
6 419 
13 413 
23 408 
28 29 32 403 
43 396 
52 389 
60 383 384 385 
70 376 
77 370 
87 88 90 362 
101 354 
111 346 
123 336 
135 326 
150 313 
167 300 
186 282 
200 264 
222 224 226 230 240 248 249 253 


























































































