0 223 532 640 
0 222 533 640 
0 221 541 640 
0 221 546 640 
0 221 553 640 
0 220 558 640 
0 220 562 640 
0 220 567 640 
0 219 574 640 
0 219 579 640 
0 219 425 427 585 640 
0 219 423 428 430 432 589 640 
0 218 422 432 433 435 596 640 
0 218 420 436 602 640 
0 218 393 398 400 407 418 441 445 449 607 640 
0 218 392 415 417 448 614 640 
0 217 391 452 455 458 617 640 
0 217 391 462 623 640 
0 217 390 462 465 467 629 640 
0 217 390 467 468 469 471 475 635 640 
0 216 389 471 472 477 
0 216 389 479 482 485 
0 216 388 490 
0 215 388 487 490 492 
0 215 388 492 495 497 
0 215 387 496 497 498 504 505 
0 214 387 504 507 510 
0 214 387 507 508 511 512 515 
0 214 386 517 
0 214 386 517 521 524 
0 214 386 527 
0 213 385 528 530 534 
0 213 385 534 
0 213 385 539 540 543 
0 212 384 542 546 550 
0 212 384 551 
0 212 383 551 556 558 
0 212 383 556 
0 211 383 562 567 570 
0 211 382 567 571 576 
0 211 382 575 577 578 
0 210 381 582 587 589 
0 210 381 589 
0 210 381 588 590 593 
0 210 380 592 
0 209 380 597 602 604 
0 209 380 612 
0 209 379 615 
0 209 379 615 616 619 
0 209 379 619 623 627 
0 208 378 629 632 634 
0 208 378 631 
0 208 377 634 
0 208 377 640 
0 207 377 640 
0 207 376 640 
0 207 376 640 
0 207 376 640 
0 206 375 640 
0 206 375 640 
0 206 375 640 
0 205 375 640 
0 205 374 640 
0 205 374 640 
0 205 373 640 
0 205 373 640 
0 204 373 640 
0 204 372 640 
0 204 372 640 
0 204 372 640 
0 203 371 640 
0 203 371 640 
0 203 371 640 
0 203 370 640 
0 203 370 640 
0 202 370 640 
0 202 369 640 
0 202 369 640 
0 202 368 640 
0 202 368 640 
0 201 368 640 
0 201 367 640 
0 201 367 640 
0 201 367 640 
0 200 366 640 
0 200 366 640 
0 200 366 640 
0 200 365 640 
0 200 365 640 
0 199 365 640 
0 199 364 640 
0 199 364 640 
0 199 364 640 
0 199 363 640 
0 198 363 640 
0 198 363 640 
0 198 362 640 
0 198 362 640 
0 198 362 640 
0 198 362 640 
0 197 361 640 
0 197 361 640 
0 197 361 640 
0 197 360 640 
0 197 360 640 
0 196 360 640 
0 196 359 640 
0 196 359 640 
0 196 359 640 
0 195 358 640 
0 195 358 640 
0 195 358 640 
0 195 357 640 
0 195 357 640 
0 195 357 640 
0 195 357 640 
0 194 356 640 
0 194 356 640 
0 194 356 640 
0 194 355 640 
0 194 355 640 
0 194 355 640 
0 194 354 640 
0 193 354 640 
0 193 354 640 
0 193 354 640 
0 193 353 640 
0 193 353 640 
0 193 353 640 
0 193 352 640 
0 193 352 640 
0 192 352 640 
0 192 352 640 
0 192 351 640 
0 192 351 640 
0 192 351 640 
0 192 351 640 
0 192 350 640 
0 191 350 640 
0 191 350 640 
0 191 350 640 
0 191 349 640 
0 191 349 640 
0 190 349 640 
0 190 348 640 
0 190 348 640 
0 190 348 640 
0 190 347 640 
0 190 347 640 
0 190 347 640 
0 190 347 640 
0 190 347 640 
0 190 346 640 
0 189 346 640 
0 189 346 640 
0 189 346 640 
0 189 345 640 
0 189 345 640 
0 189 345 640 
0 189 345 640 
0 189 344 640 
0 189 344 640 
0 189 344 640 
0 189 343 640 
0 189 343 640 
0 188 343 640 
0 188 343 640 
0 188 343 640 
0 188 342 640 
0 188 342 640 
0 188 342 640 
0 188 342 640 
0 188 342 640 
0 188 342 640 
0 188 341 640 
0 188 341 640 
0 187 341 640 
0 187 341 640 
0 187 341 640 
0 187 341 640 
0 187 340 640 
0 187 340 640 
0 187 340 640 
0 187 340 640 
0 187 340 640 
0 187 340 640 
0 187 339 640 
0 187 339 640 
0 187 339 640 
0 187 339 640 
0 186 339 640 
0 186 338 640 
0 186 338 640 
0 186 338 640 
0 186 338 640 
0 186 338 640 
0 186 338 640 
0 186 338 640 
0 186 337 640 
0 186 337 640 
0 186 337 640 
0 186 337 640 
0 186 337 640 
0 186 337 640 
0 186 337 640 
0 186 337 640 
0 186 337 640 
0 186 336 640 
0 186 336 640 
0 186 336 640 
0 186 336 640 
0 185 336 640 
0 185 336 640 
0 185 336 640 
0 185 336 640 
0 185 336 640 
0 185 336 640 
0 185 336 640 
0 185 336 640 
0 185 336 640 
0 185 336 640 
0 185 335 640 
0 185 335 640 
0 185 335 640 
0 185 335 640 
0 185 335 640 
0 185 335 640 
0 185 335 640 
0 185 335 640 
0 185 335 640 
0 185 335 640 
0 185 335 640 
0 185 335 640 
0 185 335 640 
0 185 335 640 
0 185 335 640 
0 185 335 640 
0 185 335 640 
0 185 334 640 
0 185 334 640 
0 185 334 640 
0 185 334 640 
0 185 334 640 
0 185 334 640 
0 185 334 640 
0 185 334 640 
0 186 334 640 
0 186 334 640 
0 186 334 640 
0 186 333 640 
0 186 333 640 
0 186 333 640 
0 186 333 640 
0 186 333 640 
0 186 333 640 
0 186 333 640 
0 186 333 640 
0 186 333 640 
0 186 333 640 
0 186 333 640 
0 186 333 640 
0 186 333 640 
0 186 333 640 
0 186 333 640 
0 186 333 640 
0 186 333 640 
0 186 333 640 
0 186 333 640 
0 186 333 640 
0 186 333 640 
0 186 333 640 
0 186 333 640 
0 187 333 640 
0 187 333 640 
0 187 332 640 
0 187 332 640 
0 187 332 640 
0 187 332 640 
0 187 332 640 
0 187 332 640 
0 187 332 640 
0 187 332 640 
0 187 332 640 
0 187 332 640 
0 187 332 640 
0 187 332 640 
0 187 332 640 
0 187 332 640 
0 188 332 640 
0 188 332 640 
0 188 332 640 
0 188 332 640 
0 188 332 640 
0 188 332 640 
0 188 332 640 
0 188 332 640 
0 188 332 640 
0 188 332 640 
0 188 332 640 
0 188 332 640 
0 188 332 640 
0 189 332 640 
0 189 332 640 
0 189 332 640 
0 189 332 640 
0 189 332 640 
0 189 332 640 
0 189 332 640 
0 189 332 640 
0 189 332 640 
0 189 332 640 
0 189 332 640 
0 189 332 640 
0 190 332 640 
0 190 332 640 
0 190 332 640 
0 190 332 640 
0 190 332 640 
0 190 332 640 
0 190 332 640 
0 190 332 640 
0 190 332 640 
0 190 332 640 
0 191 332 640 
0 191 332 640 
0 191 332 640 
0 191 332 640 
0 191 332 640 
0 191 332 640 
0 191 332 640 
0 192 332 640 
0 192 332 640 
0 192 332 640 
0 192 332 640 
0 192 332 640 
0 192 332 640 
0 192 333 640 
0 192 333 640 
0 192 333 640 
0 193 333 640 
0 193 333 640 
0 193 333 640 
0 193 333 640 
0 193 333 640 
0 193 333 640 
0 193 333 640 
0 193 333 640 
0 193 333 640 
0 194 333 640 
0 194 333 640 
0 194 333 640 
0 194 333 640 
0 194 333 640 
0 194 333 640 
0 195 333 640 
0 195 333 640 
0 195 334 640 
0 195 334 640 
0 195 334 640 
0 195 334 640 
0 195 334 640 
0 196 334 640 
0 196 334 640 
0 196 334 640 
0 196 334 640 
0 197 334 640 
0 197 335 640 
0 197 335 640 
0 197 335 640 
0 197 335 640 
0 197 335 640 
0 197 335 640 
0 198 335 640 
0 198 335 640 
0 198 335 640 
0 198 335 640 
0 198 335 640 
0 198 335 640 
0 199 336 640 
0 199 336 640 
0 199 336 640 
0 199 336 640 
0 199 336 640 
0 199 336 640 
0 200 336 640 
0 200 336 640 
0 200 336 640 
0 200 336 640 
0 200 336 640 
0 200 337 640 
0 201 337 640 
0 201 337 640 
0 201 337 640 
0 201 337 640 
0 202 337 640 
0 202 337 640 
0 202 337 640 
0 202 337 640 
0 203 338 640 
0 203 338 640 
0 203 338 640 
0 203 338 640 
0 204 338 640 
0 204 338 640 
0 204 338 640 
0 204 339 640 
0 204 339 640 
0 204 339 640 
0 205 339 640 
0 205 339 640 
0 205 340 640 
0 205 340 640 
0 205 340 640 
0 206 340 640 
0 206 340 640 
0 206 340 640 
0 207 341 640 
0 207 341 640 
0 207 341 640 
0 207 341 640 
0 207 341 640 
0 208 341 640 
0 208 341 640 
0 208 342 640 
0 208 342 640 
0 209 342 640 
0 209 342 640 
0 209 342 640 
0 209 343 640 
0 210 343 640 
0 210 343 640 
0 210 343 640 
0 210 344 640 
0 211 344 640 
0 211 344 640 
0 212 345 640 
0 212 345 640 
0 212 345 640 
0 212 345 640 
0 213 346 640 
0 213 346 640 
0 213 346 640 
0 213 346 640 
0 214 347 640 
0 214 347 640 
0 214 347 640 
0 215 347 640 
0 215 347 640 
0 215 348 640 
0 215 348 640 
0 216 348 640 
0 216 349 640 
0 216 349 640 
0 217 349 640 
0 217 350 640 
0 217 350 640 
0 218 350 640 
0 218 350 640 
0 218 351 640 
0 218 351 640 
0 219 351 640 
0 219 351 640 
0 219 352 640 
0 219 352 640 
0 220 352 640 
0 220 353 640 
0 220 353 640 
0 221 353 640 
0 221 354 640 
0 222 354 640 
0 222 355 640 
0 222 355 640 
0 223 355 640 
0 223 356 640 
0 223 356 640 
0 224 356 640 
0 224 357 640 
0 225 357 640 
0 225 357 640 
0 225 357 640 
