0 640 
0 640 
0 640 
0 640 
0 640 
0 640 
0 640 
0 640 
0 640 
0 640 
0 640 
0 640 
0 640 
0 640 
0 640 
0 640 
0 640 
0 640 
0 640 
0 640 
0 640 
0 640 
0 640 
0 640 
0 640 
0 640 
0 640 
0 640 
0 640 
0 640 
0 640 
0 640 
0 640 
0 640 
0 640 
0 640 
0 640 
0 640 
0 640 
0 640 
0 640 
0 640 
0 640 
0 640 
0 640 
0 640 
0 640 
0 640 
0 640 
0 640 
0 640 
0 640 
0 640 
0 640 
0 640 
0 640 
0 640 
0 640 
0 640 
0 640 
0 640 
0 640 
0 640 
0 640 
0 640 
0 640 
0 640 
0 640 
0 640 
0 640 
0 640 
0 640 
0 640 
0 640 
0 640 
0 640 
0 640 
0 640 
0 451 465 640 
0 448 468 640 
0 445 471 640 
0 443 473 640 
0 441 475 640 
0 439 477 640 
0 438 479 640 
0 437 481 640 
0 436 483 640 
0 435 485 640 
0 434 488 640 
0 434 491 640 
0 433 495 640 
0 432 496 640 
0 431 497 640 
0 431 470 476 496 640 
0 430 469 479 495 640 
0 429 469 482 492 640 
0 429 468 640 
0 428 468 640 
0 394 395 428 468 640 
0 391 396 427 468 640 
0 390 397 425 468 640 
0 390 398 420 469 640 
0 390 398 418 469 640 
0 391 399 416 469 640 
0 392 400 414 469 640 
0 394 401 413 469 640 
0 395 404 411 469 640 
0 396 406 410 470 640 
0 396 470 640 
0 396 470 640 
0 397 471 640 
0 398 474 640 
0 397 479 640 
0 390 483 640 
0 388 486 640 
0 388 490 640 
0 389 492 640 
0 389 495 640 
0 390 498 640 
0 390 500 520 521 640 
0 390 503 507 508 517 521 640 
0 394 505 506 511 515 520 640 
0 399 511 513 519 640 
0 402 518 640 
0 404 405 408 517 520 521 524 525 640 
0 409 519 520 525 640 
0 411 523 640 
0 413 522 640 
0 417 521 640 
0 418 520 640 
0 420 519 640 
0 420 421 423 425 427 519 640 
0 424 425 427 512 514 518 640 
0 428 517 528 530 640 
0 429 517 520 530 640 
0 429 528 640 
0 429 526 640 
0 427 524 640 
0 423 523 640 
0 422 521 640 
0 421 518 640 
0 420 517 640 
0 419 516 640 
0 418 516 640 
0 418 514 640 
0 417 437 440 512 640 
0 417 437 440 510 640 
0 417 437 439 498 501 507 640 
0 417 436 439 497 640 
0 417 436 438 496 640 
0 417 436 438 493 640 
0 417 436 437 495 640 
0 418 498 640 
0 418 500 640 
0 419 502 640 
0 420 480 482 504 640 
0 421 480 483 506 640 
0 423 481 484 508 640 
0 429 482 486 502 504 507 640 
0 431 483 487 502 640 
0 431 484 489 502 640 
0 431 481 483 485 491 496 499 503 640 
0 431 481 483 488 493 497 501 502 640 
0 431 480 483 489 495 497 640 
0 431 480 483 489 640 
0 431 479 483 490 640 
0 431 479 482 490 640 
0 431 479 482 490 640 
0 430 480 482 490 640 
0 430 480 482 491 640 
0 430 481 482 491 515 523 640 
0 430 491 511 523 640 
0 430 492 507 524 640 
0 430 492 505 524 640 
0 430 492 503 525 640 
0 430 493 501 525 640 
0 430 493 500 525 640 
0 430 494 498 525 640 
0 429 494 497 525 640 
0 429 525 640 
0 429 525 640 
0 429 441 442 525 640 
0 429 441 443 524 640 
0 429 440 444 524 640 
0 430 440 444 523 640 
0 431 439 445 523 640 
0 432 438 445 523 640 
0 445 523 640 
0 445 523 640 
0 445 523 640 
0 444 522 640 
0 444 522 640 
0 444 522 548 557 640 
0 444 559 640 
0 443 558 640 
0 443 556 640 
0 442 556 640 
0 442 555 640 
0 441 555 640 
0 441 499 501 534 554 563 640 
0 440 453 455 499 503 563 610 
0 439 452 456 499 505 564 602 
0 439 452 456 500 508 564 596 
0 438 452 456 502 509 519 522 565 591 
0 437 451 456 504 511 519 525 565 586 
0 437 451 455 505 513 519 529 566 581 
0 436 450 455 507 514 517 534 564 578 
0 436 450 455 509 544 550 574 
0 435 449 454 510 570 
0 435 448 454 512 566 
0 434 447 453 515 562 
0 433 447 452 518 558 
0 433 446 451 521 555 
0 432 445 451 524 531 532 551 
0 432 444 450 
0 431 443 449 
0 431 443 448 
0 430 442 448 
0 429 441 447 
0 429 441 446 
0 428 440 445 
0 427 439 443 
0 426 439 442 
0 425 438 441 
0 425 438 440 
0 424 437 439 
0 423 437 438 
0 308 321 422 
0 305 335 420 
0 305 343 419 
0 304 356 418 
0 305 370 418 
0 305 390 417 
0 305 408 416 
0 306 
0 306 
0 307 
0 308 
0 310 
0 311 
0 315 
0 323 
0 326 
0 327 
0 327 365 368 
0 327 333 335 370 397 
0 327 332 335 342 346 375 416 
0 326 333 336 342 349 375 419 425 426 
0 327 333 337 341 351 375 429 
0 328 333 339 341 354 375 428 
0 330 333 356 373 374 376 427 
0 332 334 359 375 426 
0 362 378 425 
0 364 380 425 
0 366 384 425 508 514 
0 369 386 424 507 519 
0 371 387 424 507 528 
0 374 387 424 473 475 507 530 
0 376 386 425 456 462 472 477 507 533 
0 379 386 426 451 463 471 479 507 534 
0 381 386 427 446 480 507 536 
0 383 385 428 442 480 507 538 
0 480 507 541 
0 480 507 544 
0 480 507 546 
0 480 507 549 
0 480 508 553 
0 481 508 559 
0 481 508 567 
0 482 508 572 
0 482 508 580 
0 483 508 587 
0 483 508 593 
0 483 508 597 
0 483 508 600 
0 484 508 607 
0 484 508 614 
0 484 508 619 
0 484 508 621 
0 485 507 623 
0 485 507 625 
0 486 507 626 
0 487 507 628 
0 488 506 629 
0 490 506 630 634 637 
0 493 505 632 635 640 
0 494 504 633 636 640 
0 495 503 635 637 640 
0 497 499 500 501 636 638 640 
0 637 638 640 
0 638 
0 638 
0 640 
0 640 
0 640 
0 640 
0 640 
0 640 
0 640 
0 640 
0 640 
0 640 
0 640 
0 640 
0 640 
0 640 
0 640 
0 640 
0 640 
0 640 
0 640 
0 640 
0 640 
0 640 
0 640 
0 640 
0 640 
0 640 
0 640 
0 640 
0 640 
0 640 
0 640 
0 640 
0 640 
0 640 
0 640 
0 640 
0 640 
0 640 
0 640 
0 640 
0 640 
0 640 
0 640 
0 640 
0 640 
0 640 
0 640 
0 640 
0 640 
0 640 
0 640 
0 640 
0 640 
0 640 
0 640 
0 640 
0 640 
0 640 
0 640 
0 640 
0 640 
0 640 
0 640 
0 640 
0 640 
0 640 
0 640 
0 640 
0 640 
0 640 
0 640 
0 640 
0 640 
0 640 
0 640 
0 640 
0 640 
0 640 
0 640 
0 640 
0 640 
0 640 
0 640 
0 640 
0 640 
0 640 
0 640 
0 640 
0 640 
0 640 
0 640 
0 640 
0 640 
0 640 
0 640 
0 640 
0 640 
0 640 
0 640 
0 640 
0 640 
0 640 
0 640 
0 640 
0 640 
0 640 
0 640 
0 640 
0 640 
0 640 
0 640 
0 640 
0 640 
0 640 
0 640 
0 640 
0 640 
0 640 
0 640 
0 640 
0 640 
0 640 
0 640 
0 640 
0 640 
0 640 
0 640 
0 640 
0 640 
0 640 
0 640 
0 640 
0 640 
0 640 
0 640 
0 640 
0 640 
0 640 
0 640 
0 640 
0 640 
0 640 
0 640 
0 640 
0 640 
0 640 
0 640 
0 640 
0 640 
0 640 
0 640 
0 640 
0 640 
0 640 
0 640 
0 640 
0 640 
0 640 
0 640 
0 640 
0 640 
0 640 
0 640 
0 640 
0 640 
0 640 
0 640 
0 640 
0 640 
0 640 
0 640 
0 640 
0 640 
0 640 
0 640 
0 640 
0 640 
0 640 
0 640 
0 640 
0 640 
0 640 
0 640 
0 640 
0 640 
0 640 
0 640 
0 640 
