0 156 212 254 257 640 
0 156 212 254 258 640 
0 156 212 253 260 640 
0 156 213 252 263 640 
0 156 213 252 263 640 
0 156 214 251 261 640 
0 155 214 251 260 640 
0 155 214 251 259 640 
0 155 215 247 259 640 
0 155 215 246 259 640 
0 155 215 249 257 640 
0 155 215 252 256 640 
0 154 217 640 
0 155 220 640 
0 155 220 640 
0 154 214 640 
0 151 214 640 
0 142 214 640 
0 144 215 640 
0 145 215 640 
0 144 215 640 
0 145 216 640 
0 146 216 640 
0 150 217 640 
0 155 217 640 
0 160 222 228 234 640 
0 161 234 640 
0 162 235 640 
0 161 235 640 
0 161 235 640 
0 162 235 640 
0 162 234 640 
0 162 234 640 
0 162 233 640 
0 162 233 640 
0 161 233 640 
0 161 232 640 
0 161 231 640 
0 161 231 640 
0 161 232 640 
0 162 233 640 
0 163 234 640 
0 163 235 640 
0 163 236 640 
0 134 140 161 238 640 
0 132 141 160 202 209 239 640 
0 131 141 158 201 214 240 640 
0 130 142 157 200 215 241 640 
0 129 143 156 200 215 242 640 
0 129 143 155 201 214 243 640 
0 129 143 155 203 213 244 640 
0 128 144 145 147 154 208 211 245 640 
0 128 151 153 247 640 
0 127 248 640 
0 127 249 640 
0 127 250 640 
0 127 251 640 
0 127 252 640 
0 127 253 640 
0 127 254 640 
0 127 256 640 
0 127 256 640 
0 127 258 640 
0 128 259 640 
0 128 260 640 
0 129 261 640 
0 130 263 640 
0 131 264 640 
0 132 265 640 
0 132 266 640 
0 132 268 640 
0 131 269 640 
0 130 270 640 
0 129 271 640 
0 128 273 640 
0 128 274 640 
0 126 275 640 
0 126 276 640 
0 125 277 640 
0 125 279 640 
0 125 250 253 280 640 
0 125 250 257 281 640 
0 125 250 260 282 640 
0 124 250 262 284 640 
0 124 250 263 285 640 
0 124 251 264 286 640 
0 124 251 265 287 640 
0 123 251 266 288 640 
0 123 251 267 289 640 
0 123 251 268 291 640 
0 123 251 269 292 640 
0 123 251 270 293 640 
0 122 251 271 295 640 
0 122 251 272 296 640 
0 122 251 274 297 640 
0 122 251 275 299 640 
0 122 250 276 300 640 
0 122 250 277 300 640 
0 122 249 278 302 640 
0 122 249 279 303 640 
0 122 249 280 304 640 
0 122 249 281 305 640 
0 122 248 282 306 640 
0 122 248 283 308 640 
0 123 248 284 309 640 
0 122 247 285 310 640 
0 122 246 287 312 640 
0 122 161 168 245 288 313 640 
0 122 161 172 244 289 314 640 
0 122 161 173 243 290 315 640 
0 122 160 174 241 291 316 640 
0 122 160 173 238 292 318 640 
0 122 160 172 234 293 319 640 
0 122 161 172 227 294 320 640 
0 122 162 171 211 295 321 640 
0 122 162 171 192 296 323 640 
0 122 162 171 188 297 323 640 
0 122 163 171 185 298 325 640 
0 122 163 171 183 299 325 640 
0 121 166 168 169 172 181 300 326 640 
0 121 169 171 177 302 328 640 
0 121 169 170 172 302 329 640 
0 121 168 303 330 640 
0 120 168 305 331 640 
0 119 168 305 332 640 
0 118 168 306 334 640 
0 117 167 307 335 640 
0 117 167 309 335 640 
0 117 167 310 336 640 
0 116 167 310 337 640 
0 116 169 312 339 640 
0 116 169 312 340 640 
0 116 169 313 340 640 
0 116 170 314 341 640 
0 117 170 316 342 640 
0 117 171 316 343 640 
0 117 172 317 344 640 
0 117 173 319 344 640 
0 117 174 320 345 640 
0 117 174 320 346 640 
0 116 175 321 347 640 
0 114 177 322 348 640 
0 113 179 323 349 640 
0 111 182 324 349 640 
0 95 96 109 186 325 350 640 
0 86 190 253 259 326 351 640 
0 81 193 248 265 326 352 640 
0 78 195 243 268 284 285 327 352 640 
0 75 197 239 274 279 291 328 353 640 
0 73 199 237 291 329 354 640 
0 71 201 234 292 330 354 640 
0 70 202 231 292 330 355 640 
0 68 204 228 293 331 355 640 
0 67 206 225 293 332 356 640 
0 66 210 221 293 333 357 640 
0 64 293 334 357 640 
0 63 296 335 358 640 
0 62 297 335 359 640 
0 61 300 336 359 640 
0 60 302 336 360 640 
0 59 301 337 360 640 
0 58 300 338 360 640 
0 57 300 339 361 640 
0 57 300 339 361 640 
0 56 299 340 362 640 
0 55 298 341 362 640 
0 54 297 341 363 640 
0 54 296 342 363 640 
0 53 295 343 364 640 
0 52 293 343 364 640 
0 52 291 344 364 640 
0 51 290 345 365 640 
0 51 289 346 365 640 
0 50 287 346 365 640 
0 50 288 347 366 640 
0 49 292 347 366 640 
0 49 293 348 366 640 
0 48 295 349 366 640 
0 48 295 349 366 640 
0 47 296 350 367 640 
0 47 296 350 367 640 
0 47 295 351 367 640 
0 46 295 351 367 640 
0 46 294 352 367 640 
0 45 293 352 367 640 
0 45 294 353 368 640 
0 45 295 354 368 640 
0 45 295 354 368 640 
0 44 295 355 368 640 
0 44 294 355 368 640 
0 43 294 356 368 640 
0 43 293 356 368 640 
0 43 292 357 368 640 
0 42 291 357 368 640 
0 42 290 358 368 640 
0 42 289 358 368 640 
0 41 288 359 368 640 
0 41 286 359 368 640 
0 41 285 359 368 640 
0 41 283 360 368 640 
0 41 280 360 368 640 
0 41 279 360 368 640 
0 40 277 361 367 640 
0 40 276 361 367 640 
0 40 275 361 367 640 
0 40 274 362 367 640 
0 39 275 363 367 640 
0 39 275 363 367 640 
0 39 278 364 367 640 
0 39 281 364 365 640 
0 39 281 640 
0 39 280 640 
0 39 279 640 
0 39 279 640 
0 38 277 640 
0 38 276 640 
0 37 276 640 
0 1 606 640 
609 640 
608 640 
608 640 
608 640 
608 640 
608 640 
609 640 
609 640 
608 640 
0 38 232 640 
0 39 232 640 
0 39 234 640 
0 39 235 640 
0 39 235 640 
0 39 236 640 
0 39 236 640 
0 39 237 640 
0 39 239 640 
0 39 239 640 
0 39 240 640 
0 39 240 640 
0 40 241 640 
0 40 242 640 
0 40 243 640 
0 40 243 640 
0 40 244 640 
0 40 245 640 
0 41 245 640 
0 42 246 640 
0 42 246 640 
0 42 247 640 
0 42 247 640 
0 43 248 640 
0 43 249 640 
0 43 249 640 
0 43 249 640 
0 44 250 640 
0 44 250 640 
0 45 250 640 
0 45 251 640 
0 46 252 640 
0 47 252 640 
0 47 252 640 
0 48 253 640 
0 48 253 640 
0 49 253 640 
0 50 253 640 
0 50 253 640 
0 51 253 640 
0 52 253 640 
0 53 251 640 
0 54 249 640 
0 55 246 640 
0 55 242 640 
0 56 238 640 
0 57 235 640 
0 58 233 640 
0 59 230 640 
0 60 228 640 
0 62 225 640 
0 63 224 640 
0 64 221 640 
0 65 219 640 
0 67 218 640 
0 68 216 640 
0 70 215 640 
0 70 212 640 
0 72 210 640 
0 74 210 640 
0 76 210 640 
0 77 210 640 
0 79 211 640 
0 81 210 640 
0 83 210 640 
0 85 210 640 
0 87 210 640 
0 89 210 640 
0 92 210 640 
0 95 210 640 
0 98 179 181 210 640 
0 101 172 187 209 640 
0 105 159 165 167 189 209 640 
0 121 159 188 209 640 
0 130 160 187 209 640 
0 134 161 187 208 640 
0 137 162 186 208 640 
0 138 163 186 209 640 
0 140 164 186 210 640 
0 141 166 186 210 640 
0 142 167 186 211 640 
0 143 168 186 211 640 
0 144 169 186 212 640 
0 146 170 186 212 640 
0 147 172 186 213 640 
0 149 173 185 213 640 
0 150 174 185 213 640 
0 151 175 184 214 640 
0 153 180 184 215 640 
0 154 215 640 
0 155 215 640 
0 157 216 640 
0 158 216 640 
0 158 217 640 
0 159 217 640 
0 159 218 640 
0 160 218 640 
0 160 218 640 
0 161 218 640 
0 162 218 640 
0 162 191 196 218 640 
0 163 190 202 217 640 
0 164 188 203 216 640 
0 165 189 204 213 640 
0 167 189 640 
0 170 189 640 
0 171 189 640 
0 172 189 640 
0 172 189 640 
0 172 189 640 
0 172 188 640 
0 171 189 640 
0 171 189 640 
0 171 189 640 
0 171 189 640 
0 171 188 640 
0 170 189 640 
0 170 189 640 
0 170 190 640 
0 169 190 640 
0 169 192 640 
0 168 193 640 
0 168 194 640 
0 167 195 640 
0 167 196 640 
0 166 197 640 
0 166 198 640 
0 167 199 640 
0 167 199 640 
0 167 199 640 
0 167 199 640 
0 167 200 640 
0 167 200 640 
0 166 198 640 
0 166 191 640 
0 166 188 640 
0 166 188 640 
0 166 188 640 
0 166 187 640 
0 166 187 640 
0 166 187 640 
0 166 186 640 
0 166 186 640 
0 166 186 640 
0 166 186 640 
0 166 186 640 
0 167 185 640 
0 167 184 640 
0 167 184 640 
0 168 184 640 
0 169 183 640 
0 169 182 640 
0 170 181 640 
0 171 180 640 
0 172 179 640 
0 174 178 640 
0 640 
0 640 
0 640 
0 640 
0 640 
0 640 
0 640 
0 640 
0 640 
0 640 
0 640 
0 640 
0 640 
0 640 
0 640 
0 640 
0 640 
0 640 
0 640 
0 640 
0 640 
0 640 
0 640 
0 640 
0 640 
0 640 
0 640 
0 640 
0 640 
0 640 
0 640 
0 640 
0 640 
0 640 
0 640 
0 640 
0 640 
0 640 
0 640 
0 640 
0 640 
0 640 
0 640 
0 640 
0 640 
0 640 
0 640 
0 640 
0 640 
0 640 
0 640 
0 640 
0 640 
0 640 
0 640 
0 640 
0 640 
0 640 
0 640 
0 640 
0 640 
0 640 
0 640 
0 640 
0 640 
0 640 
0 640 
0 640 
0 640 
0 640 
0 640 
0 640 
0 640 
0 640 
0 640 
0 640 
0 640 
0 640 
0 640 
0 640 
0 640 
0 640 
0 640 
0 640 
0 640 
0 640 
0 640 
0 640 
0 640 
0 640 
0 640 
0 640 
0 640 
0 640 
0 640 
0 640 
0 640 
