341 433 
341 433 
341 434 
341 435 
341 436 
342 437 
342 438 
342 439 
342 440 
343 441 
343 442 
343 443 
343 444 472 474 
344 444 458 479 
344 445 455 482 
345 446 451 485 
345 488 
346 490 
346 492 
347 493 
347 494 
348 496 
348 497 
349 498 
350 499 
350 500 
351 501 
352 503 
352 504 
353 505 
354 506 
355 506 
355 507 
356 508 
357 509 
358 510 
359 511 
360 511 
360 512 
359 513 
356 514 
353 515 
350 515 
348 516 
346 516 
344 517 
342 518 
340 518 
338 519 
336 520 
335 520 
333 521 
331 521 
330 522 
328 522 
327 523 
325 524 
324 524 
323 524 
322 525 
320 525 
319 526 
318 526 
317 526 
315 527 
314 527 
312 527 
312 528 
311 528 
310 528 
308 529 
308 529 
306 529 
306 529 
305 529 
304 530 
303 530 
302 530 
302 531 
301 531 
300 532 
299 532 
298 533 
297 533 
297 534 
296 534 
295 535 
295 535 
294 536 
293 536 
293 537 
292 537 
292 538 
291 538 
291 539 
290 539 
290 540 
289 540 
289 541 
288 541 
288 542 
287 542 
286 543 
286 543 
285 544 
285 544 
284 544 
284 545 
283 545 
283 545 
283 546 
282 546 
282 546 
282 547 
282 547 
281 548 
281 548 
281 548 
281 549 
280 549 
280 550 
280 550 
280 550 
280 550 
279 551 
279 551 
279 552 
279 552 
279 552 
278 553 
278 553 
278 554 
278 554 
278 554 
277 555 
277 555 
277 555 
277 555 
277 555 
276 556 
276 556 
276 557 
275 557 
275 557 
275 557 
274 558 
274 558 
273 558 
273 558 
273 559 
272 559 
272 559 
271 277 278 560 
271 277 278 560 
270 276 278 560 
269 275 278 560 
269 274 278 560 
268 273 278 561 
267 271 279 561 
266 270 278 561 
266 268 278 562 
278 562 
278 562 
278 562 
278 563 
278 563 
277 563 
277 563 
277 564 
278 564 
278 564 
278 564 
278 564 
278 564 
279 565 
279 565 
279 565 
279 565 
279 283 284 565 
279 283 284 566 
279 566 
279 566 
279 282 283 284 286 566 
279 282 286 566 
280 282 287 567 
287 567 
287 567 
288 567 
288 567 
288 568 
289 568 
289 568 
290 568 
290 295 296 568 
291 293 296 569 
291 292 297 314 315 569 
297 300 302 314 316 569 
298 300 302 314 316 569 
303 315 317 569 
303 306 307 315 317 569 
304 307 308 315 317 569 
305 307 309 316 318 570 
310 316 318 570 
311 317 319 570 
311 317 319 570 
311 317 320 570 
315 318 320 570 
315 318 321 570 
321 570 
322 571 
323 571 
323 571 
323 571 
323 571 
323 571 
323 571 
322 571 
322 572 
322 572 
321 572 
321 572 
320 572 
319 572 
318 572 
318 572 
317 573 
316 573 
315 573 
314 573 
314 573 
313 573 
313 573 
314 573 
315 573 
316 573 
317 573 
318 574 
320 574 
323 574 
325 574 
327 574 
328 574 
328 574 
329 574 
254 257 329 574 
254 257 330 574 
253 257 330 574 
252 257 330 574 
253 258 330 574 
253 258 330 575 
253 258 331 575 
253 258 331 575 
253 258 332 575 
253 258 333 575 
253 259 282 290 335 575 
254 259 266 294 340 575 
254 259 261 296 340 575 
254 298 341 575 
253 300 341 575 
252 301 341 575 
249 303 341 576 
247 304 341 576 
244 304 342 576 
241 305 344 576 
238 306 346 576 
235 307 347 576 
233 307 348 576 
231 308 349 576 
230 308 349 576 
228 309 350 577 
227 309 351 577 
226 310 351 577 
225 310 352 577 
224 311 352 393 394 577 
222 311 353 393 395 577 
220 312 354 393 396 577 
219 312 354 393 397 577 
218 312 355 393 397 577 
218 313 355 393 398 578 
217 313 355 393 399 578 
217 313 355 393 399 578 
217 313 355 393 400 578 
216 313 355 393 401 578 
216 314 355 393 401 578 
216 314 355 393 402 578 
216 314 355 393 402 578 
215 314 355 393 403 578 
215 314 355 393 401 578 
215 314 355 393 400 579 
215 315 355 393 400 579 
214 315 355 393 398 579 
214 315 355 393 398 579 
214 315 354 393 397 541 542 579 
214 315 354 393 396 541 542 579 
213 315 354 393 395 541 543 579 
213 315 354 393 394 542 543 579 
213 315 353 542 544 579 
213 315 353 542 544 579 
212 315 353 542 545 580 
212 315 352 542 545 580 
212 315 352 542 545 580 
211 315 352 354 355 542 546 580 
211 315 356 542 546 580 
211 315 357 542 547 580 
211 315 357 543 547 580 
211 315 357 543 547 580 
211 315 357 543 548 580 
211 315 357 543 548 581 
211 315 357 543 549 581 
212 315 356 543 549 581 
212 315 356 544 550 581 
212 315 356 544 550 564 565 581 
212 315 358 544 550 564 565 582 
213 315 360 544 551 564 566 582 
213 314 361 545 551 564 567 582 
213 314 361 545 552 564 568 582 
214 314 362 545 552 565 568 583 
214 314 362 545 552 565 569 583 
214 314 362 546 553 565 570 583 
215 315 362 546 553 565 571 583 
215 316 362 546 554 565 571 584 
215 317 362 547 554 565 572 584 
215 318 363 547 555 566 573 584 
216 319 363 547 555 566 573 584 
216 319 363 548 556 566 574 584 
216 320 363 548 556 567 575 585 
216 320 363 548 557 567 576 585 
216 321 363 548 557 567 576 585 
216 322 364 549 558 568 577 585 
216 323 364 549 558 568 577 585 
217 323 364 539 540 549 559 568 578 586 
217 324 364 539 541 550 560 569 579 586 
217 324 365 539 542 550 560 569 580 586 
217 325 365 540 542 550 561 569 581 587 
218 326 365 540 543 550 562 570 582 587 
218 326 365 540 543 550 562 570 583 587 
218 327 366 540 544 551 563 570 584 588 
218 327 366 540 544 551 563 570 585 588 
219 328 366 540 545 552 564 571 586 588 
219 328 366 541 545 552 565 571 
219 329 366 541 546 552 565 571 
220 330 367 541 546 552 566 572 
220 332 367 541 547 552 566 572 
221 333 367 541 547 552 567 572 
222 334 367 541 548 552 568 573 
222 335 367 541 549 553 568 573 
223 336 368 542 549 553 569 574 
224 337 368 542 550 553 570 574 
225 338 368 542 551 554 570 574 
226 339 368 542 551 554 571 575 
227 340 369 542 552 555 572 575 
228 340 368 542 552 555 573 576 
229 341 368 542 553 555 573 576 
229 342 367 543 554 555 574 577 
230 343 366 543 575 577 
231 343 365 543 
232 344 364 543 
233 344 363 543 
234 345 362 544 
234 345 361 544 
235 346 360 524 525 544 
236 347 358 524 526 544 
237 347 357 524 526 529 530 544 
238 348 356 524 531 544 
239 348 355 525 531 545 
240 348 354 525 532 545 
242 349 353 526 533 545 
244 349 351 526 533 545 
246 527 534 545 
249 527 534 545 
252 527 534 546 
254 528 535 547 
256 528 535 549 
256 528 536 550 
256 527 536 550 
255 527 537 551 
254 528 537 552 
254 529 538 552 
253 529 538 553 
253 530 539 553 
252 530 539 552 
252 530 540 552 
251 530 540 551 
251 531 541 550 
251 531 541 548 
250 531 542 548 
250 532 542 548 
249 532 543 548 
249 532 544 548 
248 532 544 548 
248 532 545 548 
248 533 546 548 
247 533 546 549 
247 534 547 548 
247 534 
246 534 
246 534 
246 535 
245 535 
245 535 
245 535 
245 536 
244 536 
244 536 
244 536 
243 537 
243 537 
243 537 
243 537 
243 538 
242 538 
242 538 
242 539 
242 539 
242 539 
242 539 
242 540 
241 540 
241 540 
241 540 
241 541 
241 541 
241 541 
241 541 
241 542 
241 542 
241 542 
241 542 
241 542 
240 542 
240 542 
240 542 
240 543 
240 543 
240 544 
240 544 
240 544 
240 545 
240 545 
240 545 
240 546 
240 546 
240 546 
240 546 
240 546 
240 547 
240 547 
240 547 
240 548 602 612 
240 548 599 612 
240 548 595 612 
240 548 594 611 
240 548 593 610 
239 549 591 609 
239 549 590 609 
239 549 588 608 
239 344 345 549 587 607 
239 343 345 549 586 607 
239 343 345 550 584 606 
239 342 344 550 583 605 
239 342 344 550 582 604 
239 341 343 551 580 604 
238 341 343 551 579 603 
238 340 343 552 578 602 
238 339 343 552 576 612 
238 339 343 553 575 611 
237 338 343 553 574 610 
237 338 343 554 572 608 
237 338 343 554 571 607 
237 337 343 555 570 605 
236 337 343 555 568 604 
236 336 343 556 564 603 
236 336 344 556 560 601 
236 335 344 557 558 600 
235 335 345 598 
235 334 345 595 
235 334 345 593 
235 333 345 591 
235 333 345 587 
235 333 345 586 
