263 460 605 640 
263 460 605 640 
263 460 605 640 
264 460 605 640 
264 459 605 640 
265 459 605 640 
265 459 605 640 
265 459 605 640 
265 459 605 640 
265 458 605 640 
266 458 605 640 
266 458 605 640 
266 458 605 640 
266 458 605 640 
266 457 605 640 
267 457 605 640 
267 457 605 640 
267 457 605 640 
267 457 605 640 
267 456 605 640 
267 456 605 640 
267 456 605 640 
268 456 605 640 
268 456 605 640 
268 455 605 640 
268 455 605 640 
268 455 605 640 
268 454 605 640 
268 454 605 640 
268 453 605 640 
269 453 605 640 
269 452 605 640 
269 452 605 640 
269 452 605 640 
270 451 605 640 
270 450 605 640 
270 450 605 640 
270 450 605 640 
270 449 605 640 
270 449 605 640 
270 448 605 640 
270 448 605 640 
270 447 605 640 
271 447 605 640 
271 446 605 640 
271 446 605 640 
271 445 605 640 
271 445 605 640 
271 444 605 640 
272 444 605 640 
272 443 605 640 
272 443 605 640 
272 442 605 640 
272 442 605 640 
272 441 605 640 
273 441 605 640 
273 440 605 640 
273 440 605 640 
273 439 605 640 
274 439 605 640 
274 438 605 640 
274 438 605 640 
274 437 605 640 
275 437 605 640 
275 436 605 640 
275 436 605 640 
275 435 605 640 
276 435 605 640 
276 434 605 640 
276 434 605 640 
276 433 605 640 
277 432 605 640 
277 432 605 640 
277 431 605 640 
277 431 605 640 
277 430 434 440 445 450 605 640 
277 430 431 452 605 640 
278 429 431 453 605 640 
278 458 605 640 
278 461 605 640 
278 463 605 640 
278 465 605 640 
278 465 605 640 
279 466 605 640 
279 467 605 640 
279 468 605 640 
279 468 605 640 
280 469 605 640 
280 469 605 640 
280 469 605 640 
280 470 605 640 
280 470 605 640 
281 470 605 640 
281 470 605 640 
281 470 605 640 
281 470 605 640 
281 470 605 640 
281 470 605 640 
282 470 605 640 
282 470 605 640 
282 470 605 640 
282 470 605 640 
282 470 605 640 
282 470 605 640 
282 470 605 640 
282 470 605 640 
282 470 605 640 
282 469 605 640 
282 469 605 640 
282 469 605 640 
282 469 605 640 
282 469 605 640 
282 468 605 640 
282 468 605 640 
282 468 605 640 
282 468 605 640 
282 467 605 640 
282 467 605 640 
281 467 605 640 
281 466 605 640 
281 466 605 640 
281 466 605 640 
281 466 605 640 
280 465 605 640 
280 465 605 640 
280 465 605 640 
280 465 605 640 
280 464 605 640 
280 464 605 640 
279 464 605 640 
279 463 605 640 
279 463 605 640 
278 463 605 640 
278 463 605 640 
278 462 605 640 
278 462 605 640 
277 462 605 640 
277 461 605 640 
277 461 605 640 
276 461 605 640 
276 461 605 640 
275 460 605 640 
275 460 605 640 
275 460 605 640 
274 460 605 640 
273 459 605 640 
273 459 605 640 
272 458 605 640 
272 458 605 640 
271 458 605 640 
270 457 531 534 605 640 
270 457 529 536 605 640 
269 457 527 536 605 640 
268 456 526 535 605 640 
267 456 525 535 605 640 
266 333 337 456 523 534 605 640 
265 330 337 455 522 534 605 640 
264 327 338 455 521 533 605 640 
263 325 339 455 520 533 605 640 
262 323 342 454 519 532 605 640 
261 321 343 454 517 531 605 640 
260 320 344 454 516 531 605 640 
259 319 345 453 515 530 605 640 
259 318 345 453 514 530 605 640 
258 317 344 453 513 529 605 640 
257 315 342 452 511 529 605 640 
256 314 338 452 510 528 605 640 
255 313 339 451 509 528 605 640 
254 311 340 451 509 527 605 640 
253 310 341 451 508 527 605 640 
253 308 341 450 507 527 605 640 
252 307 340 450 506 526 605 640 
251 306 340 450 505 526 605 640 
251 305 340 449 504 526 605 640 
250 304 340 449 504 526 605 640 
249 303 341 448 503 525 605 640 
249 303 341 448 502 525 605 640 
248 302 342 448 502 524 605 640 
248 301 341 448 501 524 605 640 
247 301 341 448 500 524 605 640 
247 300 340 448 500 523 605 640 
246 300 340 448 499 523 605 640 
246 300 338 449 498 523 605 640 
245 299 337 450 498 523 605 640 
245 298 336 451 497 523 605 640 
245 298 334 452 497 523 605 640 
244 297 332 453 496 522 605 640 
244 297 331 455 495 522 605 640 
243 297 330 456 495 522 605 640 
243 296 330 457 494 522 605 640 
242 296 329 458 493 522 605 640 
242 296 328 460 492 522 605 640 
241 295 328 461 492 522 605 640 
241 295 327 462 491 522 605 640 
240 295 327 463 490 522 605 640 
240 294 326 464 490 522 605 640 
239 294 326 465 489 522 605 640 
239 293 326 466 488 522 605 640 
238 293 326 467 486 522 605 640 
237 292 326 468 485 522 605 640 
237 292 326 469 484 522 605 640 
236 291 326 470 482 522 605 640 
236 291 325 471 481 522 605 640 
235 290 325 472 478 522 605 640 
235 290 325 474 477 522 605 640 
234 289 325 522 605 640 
233 289 325 522 605 640 
233 288 324 522 605 640 
232 287 324 522 605 640 
232 287 323 522 605 640 
231 286 323 523 605 640 
230 285 322 523 605 640 
230 285 322 523 605 640 
229 284 321 523 605 640 
229 284 321 523 605 640 
228 283 321 523 605 640 
227 282 320 523 605 640 
227 281 320 523 605 640 
226 281 316 318 319 523 605 640 
226 280 316 524 605 640 
225 279 315 524 605 640 
224 278 315 524 605 640 
224 278 314 524 605 640 
223 277 314 524 605 640 
223 276 313 524 605 640 
222 275 313 524 605 640 
221 275 312 524 605 640 
221 274 312 524 605 640 
220 273 311 525 605 640 
220 272 311 525 605 640 
219 272 310 525 605 640 
218 271 309 525 605 640 
218 270 309 525 605 640 
217 269 308 525 605 640 
217 269 308 525 605 640 
216 268 308 525 605 640 
216 267 307 525 605 640 
215 266 307 525 605 640 
215 265 307 525 605 640 
214 264 306 526 605 640 
214 263 306 526 605 640 
214 263 306 526 605 640 
213 262 305 526 605 640 
213 261 305 526 605 640 
213 260 305 526 605 640 
212 260 304 526 605 640 
212 259 304 526 605 640 
212 258 304 526 605 640 
212 257 303 526 605 640 
212 256 303 526 605 640 
212 256 303 525 605 640 
212 255 303 525 605 640 
212 255 303 525 605 640 
212 255 303 525 605 640 
212 255 303 525 605 640 
212 255 303 524 605 640 
211 255 303 524 605 640 
211 255 302 524 605 640 
211 255 302 524 605 640 
211 255 301 523 605 640 
211 254 300 523 605 640 
211 254 300 522 605 640 
211 254 299 522 605 640 
211 254 299 521 605 640 
211 254 299 520 605 640 
211 253 298 519 605 640 
211 253 298 519 605 640 
211 253 299 518 605 640 
211 253 298 517 605 640 
211 253 299 516 605 640 
210 252 299 515 605 640 
210 252 300 515 605 640 
210 252 301 514 605 640 
210 252 301 512 605 640 
210 252 301 511 605 640 
210 251 301 509 605 640 
210 251 301 508 605 640 
210 251 300 507 605 640 
210 251 300 505 605 640 
210 251 300 504 605 640 
210 250 300 502 605 640 
209 250 299 501 605 640 
209 250 297 500 605 640 
209 250 297 404 405 498 605 640 
209 250 297 403 408 496 605 640 
209 249 297 401 411 493 605 640 
208 249 297 400 413 491 605 640 
208 249 297 398 416 489 605 640 
208 249 297 396 419 487 605 640 
208 249 297 394 423 484 605 640 
208 249 297 391 427 482 605 640 
208 248 297 389 430 479 605 640 
208 248 297 387 433 474 605 640 
208 248 297 386 440 468 605 640 
207 248 297 384 448 463 605 640 
207 248 297 381 605 640 
207 248 297 379 605 640 
207 248 297 376 605 640 
207 247 297 363 365 374 605 640 
206 247 298 362 605 640 
206 247 299 361 605 640 
206 247 299 360 605 640 
206 247 300 359 605 640 
206 247 301 358 605 640 
205 247 302 357 605 640 
205 247 304 356 605 640 
205 247 303 355 605 640 
205 247 302 354 605 640 
204 247 301 353 605 640 
204 246 301 352 605 640 
203 246 301 350 605 640 
203 246 301 350 605 640 
203 246 302 349 605 640 
203 246 302 348 605 640 
202 246 303 346 605 640 
202 246 304 345 605 640 
202 246 305 344 605 640 
201 246 306 343 605 640 
201 246 307 342 605 640 
201 246 307 341 605 640 
201 246 307 340 605 640 
200 246 307 339 605 640 
200 246 308 338 605 640 
200 246 309 337 605 640 
200 246 310 336 605 640 
200 246 312 334 605 640 
200 246 313 333 605 640 
200 246 314 331 605 640 
201 245 315 330 605 640 
202 245 316 329 605 640 
203 245 319 328 605 640 
204 245 322 326 605 640 
204 245 605 640 
204 244 605 640 
204 243 605 640 
203 241 605 640 
203 238 605 640 
203 235 605 640 
202 234 605 640 
202 234 605 640 
202 234 605 640 
202 234 605 640 
202 234 605 640 
201 233 605 640 
201 233 605 640 
201 233 605 640 
201 233 605 640 
201 233 605 640 
200 233 605 640 
200 234 605 640 
200 234 605 640 
199 235 605 640 
198 236 605 640 
197 236 605 640 
197 237 605 640 
195 237 605 640 
194 238 605 640 
193 238 605 640 
192 238 605 640 
191 238 605 640 
190 238 605 640 
188 238 605 640 
187 229 230 238 605 640 
185 197 199 229 231 238 605 640 
184 196 198 229 232 238 605 640 
183 195 198 229 234 236 605 640 
182 194 197 208 209 229 605 640 
181 193 197 207 208 228 605 640 
180 191 196 206 208 228 605 640 
180 190 196 205 208 228 605 640 
179 188 195 204 207 228 605 640 
179 185 194 204 207 228 605 640 
180 183 193 203 206 217 218 228 605 640 
192 202 206 216 218 228 605 640 
191 201 206 215 218 227 605 640 
190 200 205 215 218 227 605 640 
189 200 205 214 218 227 605 640 
188 199 204 214 218 227 605 640 
187 198 204 213 218 227 605 640 
187 197 203 213 218 227 605 640 
186 196 203 212 218 227 605 640 
185 195 202 212 218 227 605 640 
185 194 202 211 218 227 605 640 
184 193 201 211 218 226 605 640 
184 192 201 210 218 226 605 640 
184 191 200 210 218 226 605 640 
184 189 200 209 218 226 605 640 
185 187 199 209 217 226 605 640 
199 208 217 226 605 640 
198 208 217 226 605 640 
197 207 217 226 605 640 
197 206 217 226 605 640 
196 205 217 226 605 640 
195 204 217 226 605 640 
195 203 217 226 605 640 
194 202 217 225 605 640 
194 201 217 225 605 640 
194 200 217 225 605 640 
194 199 217 225 605 640 
194 197 217 225 605 640 
217 224 605 640 
218 224 605 640 
218 223 605 640 
219 222 605 640 
605 640 
605 640 
605 640 
605 640 
605 640 
605 640 
605 640 
605 640 
605 640 
605 640 
605 640 
605 640 
605 640 
605 640 
605 640 
605 640 
605 640 
605 640 
605 640 
605 640 
605 640 
605 640 
605 640 
605 640 
605 640 
605 640 
605 640 
605 640 
605 640 
605 640 
605 640 
605 640 
605 640 
605 640 
605 640 
605 640 
605 640 
605 640 
605 640 
605 640 
605 640 
605 640 
605 640 
605 640 
605 640 
605 640 
605 640 
605 640 
605 640 
605 640 
605 640 
605 640 
605 640 
605 640 
605 640 
605 640 
605 640 
605 640 
605 640 
605 640 
605 640 
605 640 
605 640 
605 640 
605 640 
605 640 
605 640 
605 640 
605 640 
605 640 
605 640 
605 640 
605 640 
605 640 
605 640 
605 640 
