0 640 
0 640 
0 640 
0 640 
0 640 
0 640 
0 640 
0 640 
0 640 
0 640 
0 640 
0 640 
0 640 
0 640 
0 640 
0 640 
0 640 
0 640 
0 640 
0 640 
0 640 
0 640 
0 640 
0 640 
0 640 
0 640 
0 640 
0 640 
0 640 
0 640 
0 640 
0 640 
0 640 
0 640 
0 640 
0 640 
0 640 
0 640 
0 640 
0 640 
0 640 
0 640 
0 640 
0 640 
0 640 
0 640 
0 640 
0 640 
0 640 
0 640 
0 640 
0 640 
0 640 
0 640 
0 640 
0 640 
0 640 
0 640 
0 640 
0 640 
0 640 
0 640 
0 640 
0 640 
0 640 
0 640 
0 640 
0 640 
0 640 
0 640 
0 640 
0 640 
0 640 
0 640 
0 640 
0 640 
0 640 
0 640 
0 640 
0 640 
0 640 
0 640 
0 640 
0 640 
0 640 
0 640 
0 640 
0 640 
0 640 
0 640 
0 640 
0 640 
0 640 
0 640 
0 640 
0 640 
0 640 
0 640 
0 640 
0 640 
0 640 
0 640 
0 640 
0 640 
0 640 
0 640 
0 640 
0 640 
0 640 
0 640 
0 640 
0 640 
0 640 
0 640 
0 640 
0 640 
0 640 
0 640 
0 640 
0 640 
0 253 255 640 
0 250 259 640 
0 247 260 640 
0 245 262 640 
0 243 264 640 
0 242 266 640 
0 241 267 640 
0 240 268 640 
0 239 270 640 
0 238 271 640 
0 238 273 640 
0 237 274 640 
0 236 275 640 
0 235 277 640 
0 235 280 640 
0 235 282 640 
0 234 283 640 
0 234 283 640 
0 234 284 640 
0 234 285 640 
0 234 285 640 
0 234 287 640 
0 234 288 640 
0 234 289 640 
0 235 290 640 
0 235 291 640 
0 235 292 640 
0 235 293 640 
0 235 295 640 
0 235 296 640 
0 235 297 640 
0 236 298 640 
0 236 299 640 
0 236 300 640 
0 236 301 640 
0 236 302 640 
0 236 303 640 
0 237 304 640 
0 237 305 640 
0 237 306 640 
0 237 307 640 
0 237 308 640 
0 237 309 640 
0 237 310 640 
0 238 312 640 
0 238 312 640 
0 238 314 640 
0 239 315 640 
0 239 315 640 
0 239 317 640 
0 239 318 640 
0 240 318 640 
0 240 320 640 
0 240 321 640 
0 240 322 640 
0 240 323 640 
0 241 324 640 
0 241 325 640 
0 241 326 640 
0 241 327 640 
0 242 328 640 
0 242 329 640 
0 242 330 640 
0 242 331 640 
0 243 332 640 
0 243 333 640 
0 243 334 640 
0 244 335 640 
0 244 336 640 
0 244 337 640 
0 245 337 640 
0 245 339 640 
0 245 339 640 
0 246 340 640 
0 246 341 640 
0 247 342 640 
0 247 343 640 
0 248 344 640 
0 248 345 640 
0 248 346 640 
0 249 347 640 
0 249 347 640 
0 250 348 640 
0 250 349 640 
0 251 350 640 
0 251 351 640 
0 251 352 640 
0 252 353 640 
0 252 354 640 
0 253 354 640 
0 253 355 640 
0 254 356 640 
0 254 357 640 
0 255 358 640 
0 255 359 640 
0 255 360 640 
0 256 360 640 
0 256 361 640 
0 257 362 640 
0 258 363 640 
0 258 363 640 
0 259 365 640 
0 259 365 640 
0 259 366 640 
0 260 367 640 
0 260 367 640 
0 261 368 640 
0 262 369 640 
0 262 370 640 
0 263 370 640 
0 263 371 640 
0 264 372 640 
0 264 373 640 
0 265 373 640 
0 265 374 640 
0 266 375 640 
0 266 376 640 
0 267 376 640 
0 267 377 640 
0 268 378 640 
0 269 379 640 
0 269 380 640 
0 270 380 640 
0 270 381 640 
0 271 381 640 
0 271 382 640 
0 272 383 640 
0 272 384 640 
0 273 384 640 
0 274 385 640 
0 274 386 640 
0 275 386 640 
0 275 387 640 
0 276 388 640 
0 277 389 640 
0 277 389 640 
0 278 390 640 
0 278 390 640 
0 279 391 640 
0 280 392 640 
0 280 392 640 
0 281 393 640 
0 282 394 640 
0 282 394 640 
0 283 395 640 
0 284 396 640 
0 284 396 640 
0 285 397 640 
0 286 398 640 
0 286 398 640 
0 287 399 640 
0 288 400 640 
0 288 400 640 
0 289 400 640 
0 290 401 640 
0 290 402 640 
0 291 402 640 
0 292 403 640 
0 293 403 640 
0 293 404 640 
0 294 405 640 
0 295 405 640 
0 296 406 640 
0 296 406 640 
0 297 407 640 
0 298 407 640 
0 299 408 640 
0 299 408 640 
0 300 409 640 
0 301 409 640 
0 302 410 640 
0 303 410 640 
0 303 411 640 
0 304 411 640 
0 305 412 640 
0 306 412 640 
0 307 413 640 
0 308 413 640 
0 308 414 640 
0 309 414 640 
0 310 415 640 
0 311 415 640 
0 312 416 640 
0 312 416 640 
0 313 416 640 
0 314 417 640 
0 315 417 640 
0 316 418 640 
0 317 418 640 
0 318 419 640 
0 319 419 640 
0 320 420 640 
0 320 420 640 
0 321 421 640 
0 322 421 640 
0 323 422 640 
0 324 422 640 
0 325 423 640 
0 326 423 640 
0 327 423 640 
0 328 424 640 
0 329 425 640 
0 330 425 640 
0 331 425 640 
0 332 426 640 
0 333 426 640 
0 334 426 640 
0 335 426 640 
0 336 426 640 
0 337 427 640 
0 339 428 640 
0 339 428 640 
0 340 427 640 
0 341 427 640 
0 343 426 640 
0 344 425 640 
0 345 424 640 
0 347 423 640 
0 348 422 640 
0 349 421 640 
0 350 420 640 
0 352 419 640 
0 353 418 640 
0 354 417 640 
0 355 416 640 
0 357 415 640 
0 359 414 640 
0 360 413 640 
0 361 412 640 
0 363 411 640 
0 364 410 640 
0 365 408 640 
0 367 407 640 
0 368 406 640 
0 370 405 640 
0 371 404 640 
0 373 403 640 
0 374 402 640 
0 376 401 640 
0 377 400 640 
0 379 399 640 
0 380 397 640 
0 382 396 640 
0 384 395 640 
0 385 394 640 
0 388 392 640 
0 640 
0 640 
0 640 
0 640 
0 640 
0 640 
0 640 
0 640 
0 640 
0 640 
0 640 
0 640 
0 640 
0 640 
0 640 
0 640 
0 640 
0 640 
0 640 
0 640 
0 640 
0 640 
0 640 
0 640 
0 640 
0 640 
0 640 
0 640 
0 640 
0 640 
0 640 
0 640 
0 640 
0 640 
0 640 
0 640 
0 640 
0 640 
0 640 
0 640 
0 640 
0 640 
0 640 
0 640 
0 640 
0 640 
0 640 
0 640 
0 640 
0 640 
0 640 
0 640 
0 640 
0 640 
0 640 
0 640 
0 640 
0 640 
0 640 
0 640 
0 640 
0 640 
0 640 
0 640 
0 640 
0 640 
0 640 
0 640 
0 640 
0 640 
0 640 
0 640 
0 640 
0 640 
0 640 
0 640 
0 640 
0 640 
0 640 
0 640 
0 640 
0 640 
0 640 
0 640 
0 640 
0 640 
0 640 
0 640 
0 640 
0 640 
0 640 
0 640 
0 640 
0 640 
0 640 
0 640 
0 640 
0 640 
0 640 
0 640 
0 640 
0 640 
0 640 
0 640 
0 640 
0 640 
0 640 
0 640 
0 640 
0 640 
0 640 
0 640 
0 640 
0 640 
