0 118 157 306 394 640 
0 118 157 305 395 640 
0 118 158 303 395 640 
0 119 158 302 396 640 
0 119 158 301 397 640 
0 120 159 299 397 640 
0 120 159 298 398 640 
0 120 159 296 399 640 
0 121 160 295 400 640 
0 122 160 293 400 640 
0 122 160 291 401 640 
0 123 161 290 402 640 
0 123 161 289 402 640 
0 123 161 287 403 640 
0 124 162 285 404 640 
0 125 162 283 404 640 
0 125 162 282 405 640 
0 125 163 280 406 640 
0 126 163 279 406 640 
0 126 163 277 407 640 
0 127 163 275 408 640 
0 127 163 274 408 640 
0 127 163 272 409 640 
0 128 163 270 410 640 
0 128 162 269 410 640 
0 128 162 267 411 640 
0 128 162 265 411 640 
0 128 161 263 412 640 
0 128 161 262 412 640 
0 128 161 260 413 640 
0 128 160 258 413 640 
0 128 160 257 414 640 
0 128 159 255 414 640 
0 128 159 254 411 413 414 640 
0 128 158 252 411 640 
0 128 158 250 411 640 
0 128 157 248 412 640 
0 128 157 247 412 640 
0 128 156 245 411 640 
0 128 156 244 409 640 
0 128 155 242 408 640 
0 128 155 240 408 640 
0 128 154 239 408 640 
0 128 154 237 409 640 
0 128 153 235 409 640 
0 127 153 234 409 640 
0 127 152 232 409 640 
0 127 152 231 410 640 
0 127 152 230 410 640 
0 127 151 228 410 640 
0 126 151 226 410 640 
0 126 151 225 410 640 
0 126 150 224 411 640 
0 126 150 222 411 640 
0 126 150 221 411 640 
0 126 149 219 411 640 
0 126 149 218 411 640 
0 126 149 216 411 640 
0 126 148 215 412 640 
0 126 148 214 412 640 
0 126 148 212 412 640 
0 126 148 211 412 640 
0 126 148 209 412 640 
0 126 148 208 412 640 
0 126 148 207 413 640 
0 126 148 206 413 640 
0 126 148 205 413 640 
0 127 148 204 413 640 
0 127 147 203 413 640 
0 127 147 202 413 640 
0 127 147 201 413 640 
0 128 147 200 413 640 
0 128 147 200 413 640 
0 128 148 199 414 640 
0 128 148 198 414 640 
0 128 148 197 414 640 
0 128 148 196 414 640 
0 129 148 195 414 640 
0 129 148 195 414 640 
0 129 148 194 414 640 
0 129 148 194 415 640 
0 130 148 194 415 640 
0 130 149 195 198 200 415 640 
0 130 149 195 198 199 415 640 
0 131 149 195 196 198 415 640 
0 131 149 199 415 640 
0 132 149 200 207 210 415 640 
0 132 149 202 205 211 416 640 
0 133 150 211 416 640 
0 133 150 211 416 640 
0 134 150 212 416 640 
0 134 151 211 416 640 
0 135 151 210 416 640 
0 135 151 209 417 640 
0 136 152 208 417 640 
0 136 152 206 417 640 
0 137 153 205 417 640 
0 138 153 204 417 640 
0 138 154 202 417 640 
0 139 154 201 417 640 
0 140 155 200 416 640 
0 140 155 198 397 399 416 640 
0 141 156 197 396 400 415 640 
0 142 157 196 396 400 413 640 
0 143 158 194 396 401 413 640 
0 144 159 192 396 402 412 640 
0 145 160 191 396 403 411 640 
0 146 161 189 396 405 411 640 
0 148 163 188 396 405 411 640 
0 149 164 186 396 406 410 640 
0 150 166 185 396 406 410 640 
0 151 168 184 396 406 409 640 
0 153 170 183 396 407 409 640 
0 155 173 182 396 640 
0 157 176 180 396 640 
0 159 396 640 
0 161 174 176 396 640 
0 177 396 640 
0 177 396 640 
0 175 396 640 
0 174 396 640 
0 173 396 640 
0 172 396 640 
0 171 396 640 
0 170 396 640 
0 169 396 640 
0 169 396 640 
0 168 396 640 
0 172 396 640 
0 172 396 640 
0 170 178 179 396 636 
0 170 176 180 396 632 
0 169 173 187 396 629 
0 169 170 187 396 625 
0 187 396 622 
0 189 396 618 
0 191 194 200 396 615 
0 201 396 612 
0 202 396 609 
0 203 396 606 
0 205 396 602 
0 207 396 599 
0 210 213 216 397 596 
0 219 397 593 
0 220 397 590 
0 221 397 586 
0 223 397 583 
0 226 397 580 
0 230 397 576 
0 233 397 573 
0 237 397 569 
0 241 250 255 397 564 
0 245 249 257 397 560 
0 260 397 557 
0 264 397 554 
0 267 397 549 
0 268 397 545 
0 269 397 541 
0 270 397 537 
0 271 397 533 
0 275 397 529 
0 279 397 525 
0 285 292 293 398 521 
0 301 398 517 
0 305 398 514 
0 309 398 509 
0 311 397 504 
0 312 396 501 
0 316 394 497 
0 318 392 493 
0 321 392 489 
0 321 392 485 
0 321 392 481 
0 321 392 477 
0 321 392 473 
0 321 392 469 
0 320 388 389 391 464 
0 320 387 461 
0 320 387 456 
0 320 373 375 382 383 386 452 
0 320 371 376 381 448 
0 319 367 377 380 443 
0 319 365 438 
0 319 365 434 
0 319 365 429 
0 319 365 424 
0 319 365 418 
0 319 365 413 
0 319 365 408 
0 319 365 404 
0 319 365 397 
0 318 365 392 
0 318 365 386 
0 318 365 380 
0 318 365 374 
0 318 366 369 
0 318 
0 318 
0 318 
0 318 
0 317 
0 317 
0 316 
0 312 
0 304 
0 294 
0 287 
0 279 
0 271 
0 264 
0 252 
0 243 
0 234 
0 224 
0 215 
0 205 
0 193 
0 182 
0 173 
0 163 
0 152 
0 140 
0 130 
0 116 
0 104 
0 92 
0 79 
0 67 
0 53 
0 41 
0 26 
0 14 













































639 640 
638 640 
637 640 
637 640 
636 640 
635 640 
634 640 
634 640 
633 640 
632 640 
631 640 
630 640 
630 640 
629 640 
628 640 
627 640 
627 640 
626 640 
625 640 
624 640 
623 640 
623 640 
622 640 
621 640 
620 640 
619 640 
618 640 
618 640 
617 640 
616 640 
615 640 
614 640 
613 640 
612 640 
612 640 
610 640 
610 640 
609 640 
608 640 
607 640 
606 640 
606 640 
605 640 
604 640 
603 640 
602 640 
601 640 
601 640 
600 640 
599 640 
598 640 
597 640 
596 640 
595 640 
594 640 
593 640 
592 640 
591 640 
591 640 
590 640 
589 640 
588 640 
587 640 
586 640 
585 640 
584 640 
582 640 
579 640 
572 640 
559 640 
557 640 
556 640 
554 640 
554 640 
552 640 
551 640 
550 640 
549 640 
547 640 
546 640 
545 640 
544 640 
542 640 
541 640 
538 640 
534 640 
528 640 
519 640 
502 640 
494 640 
492 640 
490 640 
489 640 
487 640 
485 640 
483 640 
481 640 
480 640 
478 640 
476 640 
474 640 
472 640 
470 640 
469 640 
466 640 
465 640 
462 640 
460 640 
458 640 
456 640 
454 640 
451 640 
450 640 
447 640 
445 640 
442 640 
440 640 
438 640 
436 640 
433 640 
431 640 
429 640 
426 640 
424 640 
421 640 
419 640 
416 640 
414 640 
412 640 
409 640 
406 640 
403 640 
401 640 
398 640 
396 640 
393 640 
390 640 
388 640 
385 640 
382 640 
379 640 
376 640 
374 640 
371 640 
368 640 
365 640 
362 640 
359 640 
356 640 
353 640 
350 640 
347 640 
345 640 
342 640 
339 640 
336 640 
332 640 
329 640 
326 640 
323 640 
320 640 
316 640 
313 640 
309 640 
305 640 
301 640 
297 640 
294 640 
290 640 
286 640 
282 640 
278 640 
275 640 
270 640 
266 640 
262 640 
258 640 
254 640 
250 640 
245 640 
238 640 
232 640 
0 3 229 640 
0 7 222 640 
0 13 215 640 
0 18 209 640 
0 24 202 640 
0 27 197 640 
0 32 191 640 
0 38 183 640 
0 47 173 640 
0 56 162 640 
0 61 155 640 
0 72 141 640 
0 79 133 640 
0 640 
0 640 
0 640 
0 640 
0 640 
0 640 
0 640 
0 640 
