0 164 171 640 
0 164 171 640 
0 162 172 640 
0 161 172 640 
0 160 173 640 
0 159 174 640 
0 158 174 640 
0 156 175 640 
0 155 176 640 
0 155 176 640 
0 154 177 640 
0 153 177 640 
0 153 178 640 
0 152 179 640 
0 151 179 640 
0 150 180 640 
0 149 180 640 
0 148 181 640 
0 148 181 640 
0 147 181 640 
0 146 182 640 
0 145 182 640 
0 144 183 640 
0 143 183 640 
0 143 184 640 
0 142 185 562 565 640 
0 141 185 561 566 640 
0 140 186 561 566 640 
0 139 186 562 566 640 
0 139 187 562 565 640 
0 138 187 640 
0 136 188 640 
0 130 189 640 
0 116 189 640 
0 111 190 640 
0 107 195 640 
0 105 199 640 
0 102 203 640 
0 99 207 640 
0 97 210 640 
0 95 212 640 
0 93 214 640 
0 92 217 640 
0 90 219 640 
0 89 221 640 
0 88 223 640 
0 86 224 640 
0 85 226 640 
0 84 228 640 
0 83 230 640 
0 82 231 640 
0 80 232 640 
0 80 234 640 
0 78 235 640 
0 78 236 640 
0 77 237 640 
0 76 238 640 
0 75 240 640 
0 75 241 640 
0 74 242 640 
0 73 243 640 
0 73 244 640 
0 72 245 640 
0 71 246 640 
0 70 247 640 
0 70 247 640 
0 69 248 640 
0 69 249 640 
0 69 250 640 
0 68 251 640 
0 68 251 640 
0 67 252 640 
0 67 253 640 
0 66 253 640 
0 66 254 640 
0 65 255 640 
0 65 255 640 
0 64 256 640 
0 64 257 640 
0 64 257 640 
0 63 258 640 
0 63 259 640 
0 63 259 640 
0 63 260 640 
0 62 260 640 
0 62 261 640 
0 62 261 640 
0 61 262 640 
0 61 262 640 
0 61 262 640 
0 60 263 640 
0 60 263 640 
0 60 264 640 
0 60 264 640 
0 59 265 640 
0 59 265 640 
0 59 266 640 
0 58 266 640 
0 58 266 640 
0 58 266 640 
0 58 267 640 
0 58 267 640 
0 58 267 640 
0 58 267 640 
0 58 267 640 
0 58 268 640 
0 57 268 640 
0 57 268 640 
0 57 268 640 
0 57 268 640 
0 57 269 640 
0 57 269 640 
0 57 269 640 
0 57 270 640 
0 57 270 640 
0 57 270 640 
0 57 270 640 
0 57 270 640 
0 57 270 640 
0 57 270 640 
0 57 270 640 
0 57 270 640 
0 57 270 640 
0 57 270 640 
0 57 270 640 
0 58 270 640 
0 58 270 640 
0 58 270 640 
0 56 270 640 
0 54 270 640 
0 51 269 640 
0 48 269 640 
0 44 269 640 
0 40 269 640 
0 38 268 640 
0 36 268 640 
0 35 268 640 
0 34 267 640 
0 32 267 640 
0 15 21 30 267 640 
0 14 24 29 266 640 
0 13 266 640 
0 13 265 640 
0 13 264 640 
0 13 264 640 
0 13 264 640 
0 14 264 640 
0 14 264 640 
0 14 265 640 
0 15 265 640 
0 15 265 640 
0 16 265 640 
0 16 266 640 
0 17 266 640 
0 17 267 640 
0 18 267 640 
0 18 268 640 
0 19 268 640 
0 19 269 640 
0 19 269 640 
0 19 270 640 
0 19 270 640 
0 18 271 640 
0 18 272 640 
0 17 272 640 
0 17 273 640 
0 16 274 378 381 640 
0 16 274 377 383 640 
0 17 275 376 384 640 
0 19 276 376 385 640 
0 21 277 375 386 640 
0 23 277 375 387 640 
0 25 277 375 388 640 
0 27 277 374 388 640 
0 29 276 374 388 640 
0 31 275 373 389 640 
0 33 273 372 389 640 
0 35 271 372 390 640 
0 37 269 373 390 640 
0 39 268 374 390 640 
0 41 266 376 390 640 
0 43 266 378 389 640 
0 45 266 381 388 640 
0 47 61 62 267 383 388 640 
0 49 60 63 267 386 387 640 
0 51 60 62 267 640 
0 53 58 62 267 640 
0 61 267 640 
0 61 267 640 
0 61 267 640 
0 61 267 640 
0 60 267 640 
0 60 267 640 
0 60 267 640 
0 60 267 481 482 640 
0 59 267 479 483 640 
0 59 267 475 476 477 483 640 
0 59 267 474 482 640 
0 59 267 471 482 640 
0 59 267 469 481 640 
0 58 267 467 481 640 
0 58 267 465 481 640 
0 58 267 464 480 640 
0 58 267 463 480 640 
0 58 267 462 479 640 
0 57 267 461 478 640 
0 57 267 460 478 640 
0 57 268 460 477 640 
0 56 268 459 477 640 
0 56 268 459 476 640 
0 56 268 458 475 640 
0 55 268 457 475 640 
0 55 268 457 474 640 
0 55 268 457 473 640 
0 55 268 456 472 640 
0 54 268 456 471 640 
0 54 268 456 470 640 
0 53 268 456 468 640 
0 53 268 456 467 640 
0 53 268 456 465 640 
0 52 269 456 462 640 
0 52 269 456 460 640 
0 52 269 457 458 640 
0 51 270 640 
0 51 271 640 
0 50 271 640 
0 50 272 640 
0 49 273 640 
0 49 273 640 
0 48 274 640 
0 48 275 640 
0 48 275 640 
0 47 276 640 
0 47 277 640 
0 46 277 640 
0 46 278 640 
0 45 279 640 
0 45 279 640 
0 44 275 277 280 640 
0 44 276 279 281 640 
0 43 276 279 282 640 
0 43 276 280 282 640 
0 42 277 282 283 640 
0 42 278 640 
0 41 278 640 
0 40 279 640 
0 40 279 640 
0 39 280 640 
0 39 272 273 280 640 
0 38 272 274 281 640 
0 37 272 275 281 640 
0 37 272 277 282 640 
0 36 272 278 282 640 
0 35 273 280 283 640 
0 35 273 281 283 640 
0 34 273 283 284 640 
0 34 267 269 273 640 
0 33 267 270 273 640 
0 32 268 270 273 640 
0 31 268 270 273 640 
0 31 267 270 273 640 
0 30 267 271 273 640 
0 30 267 271 273 640 
0 29 267 272 273 640 
0 28 267 272 274 640 
0 27 267 272 274 640 
0 27 267 273 274 640 
0 26 267 273 274 640 
0 25 267 640 
0 24 267 640 
0 23 268 640 
0 21 35 38 267 640 
0 20 32 40 267 640 
0 18 30 41 267 640 
0 18 28 42 267 640 
0 17 26 44 267 640 
0 16 23 45 267 640 
0 14 21 46 267 640 
0 13 20 46 100 106 110 115 266 640 
0 13 18 47 97 107 109 118 266 640 
0 12 16 48 93 107 109 120 266 640 
0 12 15 50 88 107 108 121 266 640 
0 11 13 51 79 106 108 121 123 126 266 640 
0 11 12 52 77 106 107 128 266 640 
0 53 75 128 266 640 
0 55 73 126 266 640 
0 56 70 122 266 640 
0 59 67 119 265 640 
0 114 265 640 
0 110 265 640 
0 106 265 640 
0 103 265 640 
0 100 254 260 265 640 
0 96 255 261 266 640 
0 94 257 262 267 640 
0 91 259 263 268 640 
0 89 260 263 269 640 
0 86 261 263 270 640 
0 84 270 640 
0 82 270 640 
0 80 270 640 
0 78 270 640 
0 77 271 640 
0 75 273 640 
0 73 275 640 
0 71 276 640 
0 70 277 640 
0 68 278 640 
0 65 279 640 
0 63 280 640 
0 61 280 640 
0 59 278 640 
0 57 278 640 
0 55 277 640 
0 54 277 640 
0 53 277 640 
0 53 276 640 
0 52 276 640 
0 52 276 640 
0 52 276 640 
0 51 276 640 
0 50 276 640 
0 50 276 640 
0 50 277 640 
0 50 278 640 
0 49 278 640 
0 49 279 640 
0 49 280 640 
0 48 280 640 
0 48 281 640 
0 49 281 640 
0 54 282 640 
0 55 282 640 
0 56 282 640 
0 56 283 640 
0 55 283 640 
0 55 284 640 
0 54 284 640 
0 54 285 640 
0 53 285 510 511 512 513 640 
0 53 285 510 511 640 
0 53 286 640 
0 52 286 640 
0 52 286 640 
0 51 287 640 
0 51 287 640 
0 50 287 640 
0 50 287 640 
0 50 287 640 
0 50 288 640 
0 49 288 640 
0 49 288 640 
0 48 289 640 
0 48 289 640 
0 48 289 640 
0 48 290 640 
0 48 290 640 
0 47 290 640 
0 47 290 640 
0 47 291 640 
0 47 291 640 
0 47 291 640 
0 46 292 295 304 640 
0 46 305 640 
0 46 305 640 
0 46 305 640 
0 45 304 640 
0 45 304 640 
0 45 303 640 
0 44 303 640 
0 43 302 640 
0 42 302 640 
0 41 302 640 
0 40 301 640 
0 39 301 640 
0 39 301 640 
0 39 300 640 
0 39 300 640 
0 39 300 640 
0 39 300 640 
0 39 299 640 
0 39 299 640 
0 38 299 640 
0 33 299 640 
0 34 299 640 
0 34 298 640 
0 35 298 640 
0 35 298 640 
0 35 298 640 
0 36 298 640 
0 37 298 640 
0 38 299 640 
0 38 299 365 372 640 
0 38 300 332 343 365 379 400 401 640 
0 38 301 332 352 364 384 399 406 640 
0 38 303 331 360 364 389 399 409 640 
0 38 304 331 392 398 411 640 
0 38 305 330 414 640 
0 38 419 640 
0 38 422 434 435 640 
0 38 425 433 437 640 
0 38 427 432 440 640 
0 38 443 640 
0 38 445 640 
0 38 448 640 
0 37 450 640 
0 37 452 640 
0 37 454 640 
0 37 456 640 
0 37 459 464 468 640 
0 37 461 463 470 640 
0 36 472 640 
0 36 473 640 
0 35 475 640 
0 35 477 640 
0 34 478 640 
0 33 480 640 
0 33 482 640 
0 33 484 640 
0 32 486 640 
0 32 487 640 
0 31 488 493 494 640 
0 31 496 640 
0 31 498 640 
0 31 500 640 
0 31 501 640 
0 30 502 640 
0 29 503 640 
0 29 505 640 
0 28 506 640 
0 27 507 640 
0 27 508 640 
0 26 510 640 
0 27 511 640 
0 27 512 640 
0 27 514 640 
0 28 514 640 
0 28 520 640 
0 29 522 640 
0 30 32 36 522 640 
0 37 524 640 
0 37 525 640 
0 36 525 640 
0 36 526 640 
0 35 527 640 
0 35 529 640 
0 35 530 640 
0 35 98 100 530 640 
0 35 98 101 532 640 
0 34 96 101 532 640 
0 34 91 102 533 640 
0 34 91 102 534 640 
0 34 91 102 535 640 
0 34 91 102 536 640 
0 33 91 103 540 640 
0 33 91 103 541 640 
0 33 91 103 542 640 
0 33 91 103 543 640 
0 33 91 104 543 640 
0 33 91 104 544 640 
0 32 91 104 545 640 
0 32 91 104 545 640 
0 32 91 104 546 640 
0 32 91 105 547 640 
0 31 91 105 548 640 
0 31 91 105 548 640 
0 31 91 105 549 640 
0 30 91 105 550 640 
0 30 91 105 551 640 
0 30 91 105 552 640 
0 30 91 106 553 640 
0 29 91 106 553 640 
0 29 91 106 554 640 
0 29 91 106 555 640 
0 29 91 106 556 640 
0 28 91 106 557 640 
0 28 92 106 558 640 
0 28 92 107 558 640 
0 28 92 107 558 640 
0 28 91 107 558 640 
