0 503 544 640 
0 502 544 640 
0 500 545 640 
0 499 547 640 
0 498 548 640 
0 497 549 640 
0 496 550 640 
0 495 551 640 
0 495 552 640 
0 494 552 640 
0 493 553 640 
0 492 554 640 
0 491 554 640 
0 490 555 640 
0 490 555 640 
0 489 554 640 
0 488 554 640 
0 488 553 640 
0 487 553 640 
0 487 552 640 
0 486 551 640 
0 485 549 640 
0 485 546 640 
0 484 545 640 
0 483 544 640 
0 483 544 640 
0 482 545 640 
0 482 545 640 
0 482 545 640 
0 481 545 640 
0 480 545 640 
0 480 546 640 
0 480 546 640 
0 479 546 640 
0 479 547 640 
0 478 547 640 
0 478 547 640 
0 477 548 640 
0 477 548 640 
0 476 548 640 
0 476 549 640 
0 475 549 640 
0 475 549 640 
0 475 550 640 
0 475 550 640 
0 474 550 640 
0 474 551 640 
0 473 551 640 
0 473 551 640 
0 473 552 640 
0 472 552 640 
0 472 552 640 
0 471 553 640 
0 471 553 640 
0 470 553 640 
0 470 554 640 
0 470 554 640 
0 470 554 640 
0 469 555 640 
0 465 555 640 
0 463 555 640 
0 461 556 640 
0 460 556 640 
0 458 556 640 
0 457 557 640 
0 456 562 640 
0 455 568 640 
0 430 431 454 574 640 
0 430 433 453 581 640 
0 431 435 452 587 640 
0 432 438 451 595 640 
0 432 441 450 600 640 
0 432 443 448 608 640 
0 432 618 640 
0 434 626 640 
0 435 630 640 
0 434 632 640 
0 433 633 640 
0 430 633 640 
0 428 633 640 
0 426 633 640 
0 424 633 640 
0 422 633 640 
0 420 632 640 
0 418 632 640 
0 416 632 640 
0 415 632 640 
0 413 631 640 
0 412 630 640 
0 410 630 640 
0 408 629 640 
0 407 628 640 
0 406 627 640 
0 405 626 640 
0 404 626 640 
0 403 624 640 
0 402 623 640 
0 401 620 640 
0 401 620 640 
0 401 621 640 
0 401 621 640 
0 403 618 640 
0 406 618 640 
0 408 618 640 
0 407 617 640 
0 407 409 413 611 614 616 640 
0 412 611 640 
0 412 612 640 
0 411 443 446 612 640 
0 411 441 446 452 458 613 640 
0 411 438 459 614 640 
0 411 436 460 614 640 
0 411 420 427 430 460 615 640 
0 462 615 640 
0 462 616 640 
0 464 616 640 
0 464 610 640 
0 464 611 640 
0 466 613 640 
0 466 615 640 
0 467 617 640 
0 467 619 640 
0 467 621 640 
0 467 624 640 
0 467 625 640 
0 467 627 640 
0 467 628 640 
0 468 630 640 
0 468 632 640 
0 468 633 640 
0 468 635 640 
0 468 614 615 636 640 
0 468 614 626 637 640 
0 468 615 640 
0 468 615 640 
0 468 606 609 616 640 
0 468 605 640 
0 468 604 640 
0 468 604 640 
0 468 603 640 
0 469 602 640 
0 469 602 640 
0 469 600 640 
0 469 600 640 
0 469 601 640 
0 469 603 640 
0 469 590 591 605 640 
0 468 590 595 607 640 
0 464 591 599 609 640 
0 457 591 607 610 640 
0 449 586 590 592 640 
0 446 586 592 593 640 
0 443 586 640 
0 441 586 640 
0 440 561 562 586 640 
0 439 561 562 571 572 586 640 
0 439 559 560 561 563 570 572 587 640 
0 438 559 563 570 574 583 586 589 640 
0 438 560 564 570 576 583 587 590 640 
0 396 406 438 561 564 570 577 582 589 591 640 
0 394 408 437 561 565 570 578 580 590 592 640 
0 393 409 437 562 565 570 577 579 592 593 640 
0 391 410 437 562 566 570 594 595 640 
0 390 411 437 562 566 570 595 596 640 
0 388 411 436 563 567 570 640 
0 387 412 434 563 567 570 640 
0 385 412 432 564 568 570 640 
0 384 412 430 563 568 569 640 
0 382 412 429 564 640 
0 381 413 427 565 640 
0 379 413 427 565 640 
0 378 413 427 565 640 
0 377 413 427 565 640 
0 376 413 426 565 640 
0 376 413 424 565 640 
0 375 414 422 565 640 
0 375 414 421 565 640 
0 375 415 419 565 640 
0 374 415 417 565 640 
0 374 415 416 565 640 
0 373 565 640 
0 373 565 640 
0 373 390 392 565 640 
0 373 390 393 565 640 
0 373 390 393 565 636 
0 372 390 393 565 631 
0 373 382 384 390 393 565 627 
0 373 382 384 390 393 565 624 
0 373 382 384 390 394 565 621 
0 373 382 384 390 394 565 618 
0 373 376 377 382 385 390 394 565 615 
0 373 376 377 382 385 390 394 565 613 
0 374 376 378 383 385 391 394 565 611 
0 378 383 385 391 394 565 608 
0 378 383 385 391 394 565 606 
0 379 382 386 391 394 565 603 
0 379 382 387 391 394 433 438 451 456 468 471 565 601 
0 380 382 387 392 394 431 438 449 459 465 471 564 599 
0 388 392 394 429 440 447 472 564 597 
0 389 392 395 428 441 446 472 564 595 
0 395 425 472 563 593 
0 395 423 472 563 591 
0 395 420 473 563 589 
0 395 418 473 562 587 
0 395 416 473 562 585 
0 395 413 473 561 584 
0 396 411 474 560 582 
0 396 409 474 560 580 
0 396 409 474 560 578 
0 396 408 474 561 577 
0 396 408 475 561 575 
0 397 408 475 562 574 
0 397 408 476 562 573 
0 397 408 476 563 571 
0 397 408 476 563 570 
0 397 408 477 564 569 
0 397 409 477 565 568 
0 397 409 478 566 567 
0 397 409 478 
0 397 410 478 
0 397 410 478 
0 397 410 479 
0 397 411 479 
0 396 411 480 
0 395 411 480 
0 395 411 480 
0 399 406 408 409 481 
0 481 
0 482 
0 482 
0 482 
0 482 
0 483 
0 483 
0 483 
0 484 
0 484 
0 484 
0 484 
0 485 
0 485 
0 485 
0 485 
0 486 
0 486 
0 486 
0 486 
0 486 
0 487 
0 487 
0 487 
0 487 
0 487 
0 487 
0 488 
0 489 
0 489 
0 490 
0 491 
0 493 
0 493 
0 492 
0 492 
0 491 
0 490 
0 490 
0 489 
0 489 
0 488 
0 488 
0 487 
0 486 
0 486 
0 486 
0 485 
0 485 
0 484 
0 484 
0 484 
0 484 
0 483 
0 483 
0 483 
0 483 
0 483 
0 483 
0 483 
0 482 
0 482 
0 482 
0 482 
0 482 
0 482 
0 481 
0 481 
0 481 
0 480 
0 479 
0 477 
0 474 
0 473 
0 470 
0 469 
0 468 
0 465 
0 464 
0 462 
0 461 
0 459 
0 458 
0 457 
0 456 
0 454 
0 453 
0 451 
0 450 
0 449 
0 447 
0 447 
0 445 
0 444 471 473 
0 443 470 473 
0 442 469 472 
0 441 468 471 
0 440 466 469 
0 439 465 468 
0 439 464 467 
0 438 460 466 
0 437 459 465 
0 436 459 464 
0 436 459 464 
0 435 458 463 
0 432 457 462 
0 423 456 461 
0 420 455 460 
0 419 
0 418 
0 418 
0 418 
0 418 
0 417 
0 418 
0 418 
0 418 
0 418 
0 418 
0 419 
0 419 
0 419 
0 420 
0 420 
0 421 
0 422 
0 423 
0 425 
0 427 
0 429 
0 430 
0 430 
0 430 
0 429 437 438 
0 429 437 439 
0 428 437 440 
0 428 437 442 
0 428 437 443 
0 427 437 442 
0 428 437 441 
0 427 437 441 
0 427 437 440 
0 427 437 439 
0 428 438 439 
0 429 
0 430 
0 431 
0 432 
0 434 
0 435 
0 435 
0 435 
0 435 551 552 
0 435 550 553 
0 434 550 554 
0 434 550 555 
0 434 550 556 
0 434 549 558 
0 434 549 559 
0 435 549 560 
0 435 548 562 
0 435 548 564 
0 436 548 566 
0 436 548 567 
0 437 547 568 
0 437 547 568 
0 437 546 568 
0 438 545 569 
0 438 545 569 
0 439 543 569 
0 439 542 570 
0 442 542 570 
0 443 541 570 
0 444 540 571 
0 445 537 571 
0 445 537 572 
0 447 537 572 
0 448 537 572 
0 450 536 573 
0 453 465 470 536 573 
0 461 465 476 535 573 
0 478 535 573 
0 479 535 574 
0 480 534 574 
0 481 534 574 
0 486 534 574 
0 489 533 574 
0 490 533 575 
0 490 533 575 
0 491 533 575 
0 491 532 575 632 635 
0 492 532 576 632 637 
0 492 532 576 633 639 
0 492 531 576 633 640 
0 492 531 576 634 640 
0 491 531 576 635 640 
0 491 531 576 635 640 
0 491 530 576 636 640 
0 491 530 577 637 640 
0 491 530 577 637 640 
0 490 530 577 638 640 
0 490 530 578 639 640 
0 490 529 578 
0 490 529 578 
0 490 528 578 
0 490 528 578 
0 490 528 578 
0 490 528 578 
0 490 527 578 634 635 
0 490 527 578 
0 490 527 579 635 636 
0 490 526 579 636 637 
0 490 526 579 636 638 
0 490 526 579 627 628 636 639 
0 491 526 579 626 628 637 640 
0 491 525 580 626 628 637 640 
0 491 525 580 627 629 638 640 
0 492 525 580 627 629 638 640 
0 492 525 580 626 629 
0 493 524 580 625 630 
0 493 524 580 625 630 
0 493 524 580 625 631 
0 494 524 580 624 631 
0 494 523 581 624 632 
0 495 523 582 623 633 
0 495 523 582 623 633 
0 496 523 583 622 634 
0 496 523 583 622 634 
0 497 522 584 621 635 
0 497 522 585 621 636 
0 498 522 585 620 636 
0 499 522 586 620 637 
0 499 521 587 619 638 
0 500 521 588 617 638 
0 501 520 589 616 639 
0 502 519 590 615 640 
0 504 518 592 613 640 
0 505 517 594 611 640 
0 507 516 597 608 640 
0 509 515 600 605 640 
0 640 
0 640 
0 640 
0 640 
0 640 
0 640 
0 640 
0 640 
0 640 
0 640 
0 640 
0 640 
0 640 
