0 320 
0 320 
0 320 
0 320 
0 320 
0 320 
0 320 
0 320 
0 320 
0 320 
0 320 
0 320 
0 320 
0 320 
0 320 
0 320 
0 320 
0 320 
0 320 
0 320 
0 320 
0 320 
0 320 
0 320 
0 320 
0 320 
0 320 
0 320 
0 320 
0 320 
0 320 
0 320 
0 320 
0 320 
0 320 
0 320 
0 320 
0 320 
0 320 
0 320 
0 320 
0 320 
0 320 
0 320 
0 320 
0 320 
0 320 
0 320 
0 320 
0 320 
0 320 
0 320 
0 320 
0 320 
0 320 
0 320 
0 320 
0 320 
0 320 
0 320 
0 320 
0 320 
0 320 
0 320 
0 320 
0 320 
0 320 
0 320 
0 320 
0 320 
0 320 
0 320 
0 320 
0 320 
0 320 
0 320 
0 320 
0 320 
0 320 
0 320 
0 320 
0 320 
0 320 
0 320 
0 320 
0 320 
0 320 
0 320 
0 320 
0 320 
0 320 
0 320 
0 320 
0 320 
0 320 
0 320 
0 320 
0 320 
0 320 
0 320 
0 320 
0 320 
0 320 
0 320 
0 320 
0 320 
0 320 
0 320 
0 320 
0 320 
0 320 
0 320 
0 320 
0 320 
0 320 
0 320 
0 320 
0 320 
0 320 
0 320 
0 320 
0 320 
0 320 
0 320 
0 320 
0 320 
0 320 
0 320 
0 320 
0 320 
0 320 
0 320 
0 320 
0 320 
0 320 
0 320 
0 320 
0 320 
0 320 
0 320 
0 320 
0 320 
0 320 
0 320 
0 320 
0 320 
0 320 
0 320 
0 320 
0 320 
0 320 
0 320 
0 320 
0 320 
0 320 
0 320 
0 320 
0 320 
0 320 
0 320 
0 320 
0 320 
0 320 
0 320 
0 320 
0 320 
0 320 
0 320 
0 320 
0 320 
0 320 
0 320 
0 320 
0 320 
0 320 
0 320 
0 320 
0 320 
0 320 
0 320 
0 320 
0 320 
0 320 
0 320 
0 320 
0 320 
0 320 
0 320 
0 320 
0 320 
0 320 
0 320 
0 320 
0 320 
0 320 
0 320 
0 320 
0 320 
0 320 
0 320 
0 320 
0 320 
0 320 
0 320 
0 320 
0 320 
0 320 
0 320 
0 320 
0 320 
0 320 
0 320 
0 320 
0 320 
0 320 
0 320 
0 320 
0 320 
0 320 
0 320 
0 320 
0 320 
0 320 
0 320 
0 320 
0 320 
0 320 
0 320 
0 320 
0 320 
0 320 
0 320 
0 320 
0 320 
0 320 
0 320 
0 320 
0 320 
0 320 
0 320 
0 320 
0 320 
0 320 
0 320 
0 320 
0 320 
0 320 
0 320 
0 320 
0 320 
0 320 
0 320 
0 320 
0 320 
0 320 
0 320 
0 320 
0 320 
0 320 
0 320 
0 320 
0 320 
0 320 
0 320 
0 320 
0 320 
0 320 
0 320 
0 320 
0 320 
0 320 
0 320 
0 320 
0 320 
0 320 
0 320 
0 320 
0 320 
0 320 
0 320 
0 320 
0 320 
0 320 
0 320 
0 320 
0 320 
0 320 
0 320 
0 320 
0 320 
0 320 
0 320 
0 320 
0 320 
0 320 
0 320 
0 320 
0 320 
0 320 
0 320 
0 320 
0 320 
0 320 
0 320 
0 320 
0 320 
0 320 
0 320 
0 320 
0 320 
0 320 
0 320 
0 320 
0 320 
0 320 
0 320 
0 320 
0 320 
0 320 
0 320 
0 320 
0 320 
0 320 
0 320 
0 320 
0 320 
0 320 
0 320 
0 320 
0 320 
0 320 
0 320 
0 320 
0 320 
0 320 
0 320 
0 320 
0 320 
0 304 315 320 326 327 
0 299 317 320 326 328 
0 294 319 321 326 328 
0 291 320 324 326 329 
0 289 320 330 
0 287 320 331 338 346 
0 285 320 332 336 348 
0 282 320 352 
0 280 320 354 
0 279 320 355 
0 277 320 357 
0 275 320 358 
0 273 320 359 
0 272 320 360 
0 271 320 361 
0 270 320 363 
0 269 320 364 
0 269 320 365 
0 268 320 366 
0 267 320 368 
0 267 320 369 
0 266 320 370 
0 265 320 372 
0 265 320 373 
0 264 320 374 
0 263 320 376 
0 263 320 376 
0 262 320 378 
0 261 320 379 
0 260 320 380 
0 259 320 380 
0 258 320 381 
0 256 320 382 
0 254 320 383 
0 251 320 386 
0 248 320 389 
0 245 320 391 
0 243 320 394 
0 240 320 396 
0 238 320 398 
0 235 320 400 
0 233 320 402 
0 231 320 404 
0 229 249 250 320 406 
0 227 246 249 320 408 
0 225 244 248 320 410 
0 223 242 246 320 412 
0 220 239 243 320 414 
0 219 237 240 320 415 
0 217 235 237 320 417 
0 216 320 418 
0 214 320 420 
0 213 320 421 
0 212 320 423 
0 211 320 424 
0 210 320 426 
0 209 244 246 320 427 
0 209 240 246 320 427 
0 209 238 246 320 428 
0 210 234 246 320 429 
0 210 230 245 320 430 
0 211 227 245 320 393 395 431 
0 212 223 245 320 393 398 431 
0 245 320 393 400 431 
0 244 320 393 402 431 
0 244 320 393 405 431 
0 244 320 393 408 431 
0 243 320 393 411 431 
0 243 320 393 414 430 
0 243 320 393 418 429 
0 243 320 393 
0 242 320 393 
0 242 320 393 
0 242 320 393 
0 242 320 393 
0 242 320 393 
0 242 320 392 
0 242 320 392 
0 242 320 392 
0 242 320 392 
0 242 320 393 
0 242 320 393 
0 242 320 394 
0 242 320 394 
0 242 320 395 
0 242 320 396 
0 241 320 396 
0 241 320 397 
0 241 320 397 
0 240 320 398 
0 240 320 398 
0 240 320 399 
0 240 320 399 
0 239 320 399 
0 239 320 400 
0 239 320 400 
0 238 320 400 
0 238 320 401 
0 238 320 401 
0 238 320 401 
0 238 320 402 
0 237 320 402 
0 237 320 402 
0 237 320 402 
0 237 320 402 
0 236 320 402 
0 236 320 402 
0 236 320 402 
0 236 320 402 
0 236 320 402 
0 236 320 402 
0 236 320 402 
0 237 320 402 
0 237 320 402 
0 238 320 402 
0 239 320 402 
0 239 320 402 
0 240 320 401 
0 240 320 401 
0 241 320 401 
0 241 320 400 
0 242 320 400 
0 243 320 400 
0 243 320 400 
0 244 320 399 
0 245 320 399 
0 246 320 398 
0 247 320 397 
0 248 320 397 
0 249 320 396 
0 249 320 395 
0 250 320 395 
0 251 320 394 
0 252 320 393 
0 253 320 392 
0 253 320 390 
0 254 320 389 
0 254 320 389 
0 255 320 389 
0 256 320 388 
0 257 320 388 
0 258 319 389 
