





















































































































322 323 
320 322 323 324 
319 324 
317 324 
315 322 323 324 
315 322 323 324 
314 324 
313 324 
310 324 
309 324 
309 324 
308 324 
308 323 
308 323 324 325 364 388 
308 323 324 325 360 392 
308 325 356 395 
308 324 353 397 
308 324 351 400 
308 324 349 403 
308 324 346 404 
308 324 344 406 
308 324 343 408 
308 325 341 410 
308 325 339 411 
309 325 335 412 
309 327 334 413 
309 327 331 414 
310 415 
310 416 
310 417 
311 418 
311 419 
311 420 
312 421 
311 422 
310 422 
308 423 
306 423 
305 424 
303 425 
302 425 
300 426 
299 426 
297 427 
295 428 
294 428 
293 429 
291 429 
290 430 
288 430 
287 431 
285 431 
284 432 
282 432 
281 433 
280 433 
277 434 
276 434 
275 434 
273 435 
272 435 
271 436 
270 436 
269 437 
268 437 
268 437 
267 438 
266 438 
265 438 
265 439 
264 439 
263 439 
262 440 
262 440 
262 440 
261 440 
261 441 
260 441 
260 442 
260 442 
259 442 
259 443 
259 443 
258 443 
258 443 
258 443 
258 444 
258 444 
258 444 
258 444 
257 445 
257 445 
257 445 
257 445 
257 445 
257 446 
257 446 
257 446 
257 447 
257 447 
257 447 
257 447 
257 447 
258 447 
258 447 
258 447 
258 448 
258 448 
258 448 
258 448 
258 448 
259 448 
259 448 
259 448 
259 448 
260 448 
260 448 
260 448 
261 448 
261 448 
261 448 
262 448 
262 448 
262 448 
263 448 
263 448 
263 448 
264 448 
264 448 
264 448 
265 448 
265 448 
266 448 
266 448 
267 448 
267 448 
268 448 
268 447 
269 447 
269 447 
270 447 
271 447 
271 447 
272 446 
272 446 
273 446 
273 445 
274 445 
275 445 
275 444 
276 444 
276 444 
277 443 
278 443 
279 442 
280 441 
281 441 
282 440 
282 439 
283 439 
284 438 
284 437 
285 436 
286 435 
287 434 
288 432 
288 431 
290 429 
291 428 
292 426 
293 425 
294 423 
294 421 
296 420 
297 418 
298 417 
299 415 
300 413 
301 411 
302 410 
303 408 
304 406 
306 403 
307 401 
308 398 
310 396 
311 394 
312 393 
313 392 
315 390 
316 389 
318 387 
319 385 
321 383 
322 380 
324 379 
326 378 
328 376 
329 375 
331 374 
334 372 
336 369 
339 367 
341 365 
346 361 





























































































































































