





























299 320 
296 324 
292 326 
289 329 
288 330 
286 333 
284 334 
283 336 
281 338 
280 339 
278 340 
278 342 
277 343 
276 343 
276 344 
275 345 
274 347 
274 347 
274 348 
273 348 
273 349 
273 350 
272 352 
269 356 
264 360 
262 363 
261 365 
259 368 
258 369 
257 371 
256 372 
255 374 
254 376 
254 378 
254 380 
254 382 
254 384 
254 386 
254 387 
254 388 
254 390 
254 391 
254 392 
254 393 
255 394 
255 395 
256 396 
257 397 
257 398 
258 398 
258 400 
258 400 
258 401 
258 402 
258 403 
258 404 
258 405 
258 407 
258 408 
258 410 
258 412 
258 414 
258 415 
258 415 
258 415 
258 415 
259 356 357 417 
259 356 359 417 
260 357 361 419 
261 357 363 419 
261 358 364 418 
262 358 365 414 
263 359 367 411 
264 359 369 410 
266 360 371 410 
266 360 373 409 
267 361 375 404 
267 362 378 385 
268 363 
269 272 273 364 
270 272 273 365 
270 366 
271 273 274 367 
274 368 
274 369 
275 370 
275 372 
275 375 
275 378 
275 381 
275 381 
275 381 
275 381 
275 381 
275 383 
275 384 
275 384 
275 384 
275 384 
274 280 281 384 
274 278 282 384 
274 278 282 386 
273 277 282 387 
273 276 281 295 297 390 
272 275 281 291 298 392 
272 274 281 285 286 290 298 391 
272 273 281 284 286 289 298 391 
281 283 286 288 298 393 
281 283 285 288 298 393 
281 282 286 288 298 393 
298 393 
299 394 
299 395 
299 395 
298 396 
296 397 
295 398 
295 398 
294 399 
293 400 
293 400 
292 401 
292 401 
291 401 
291 402 
290 403 
289 403 
289 404 
288 404 
288 405 
287 405 
287 405 
287 405 
287 406 
286 406 
286 407 
286 407 
286 407 
286 408 
286 408 
286 409 
286 409 
250 252 286 410 
242 253 286 410 
239 252 286 410 
236 257 286 410 
235 261 262 264 286 411 
234 261 263 265 286 411 
234 264 265 266 286 412 
234 265 266 267 287 412 
233 266 287 413 
233 267 268 269 287 413 
233 269 287 413 
232 268 288 414 
232 269 270 272 287 414 
231 274 287 414 
231 273 287 415 
231 274 277 280 282 283 287 415 
230 275 278 281 284 285 286 416 
230 285 286 416 
229 417 
228 417 
228 418 
229 418 
229 419 
229 419 
228 420 
227 420 
227 421 
227 421 
227 422 
228 422 
228 423 
229 423 
228 424 
227 424 
226 425 
226 425 
226 426 
227 426 
228 427 
228 427 
228 428 
227 428 
227 429 
228 429 
228 430 
229 430 
231 431 
233 240 245 255 266 431 
267 431 
267 432 
266 432 
266 433 
266 433 
266 434 
267 434 
269 434 
273 434 
278 435 
281 435 
284 435 
287 435 
290 436 
291 436 
292 436 
292 437 
292 437 
292 437 
293 437 
293 437 
293 437 
293 437 
294 437 
294 437 
294 437 
293 437 
293 437 
293 437 
293 437 
293 437 
293 436 
293 436 
293 436 
293 436 
293 436 
293 435 
293 435 
293 435 
293 434 
293 434 
293 433 
293 433 
293 432 
294 432 
294 431 
294 430 
294 430 
294 429 
295 428 
295 427 
295 426 
295 425 
294 423 
294 422 
293 421 
293 419 
292 417 
292 415 
291 412 
291 409 
290 405 
290 391 
289 388 
289 388 
289 389 
288 389 
288 390 
288 390 
287 391 
287 391 
287 392 
286 392 
286 393 
286 394 
286 394 
286 395 
285 395 
285 395 
285 396 
285 396 
285 397 
285 398 
284 398 
284 399 
284 400 
284 400 
283 400 
283 401 
283 402 
283 402 
283 403 
283 404 
283 404 
283 405 
282 406 
282 406 
282 407 
282 408 
282 408 
282 409 
282 410 
282 410 
282 410 
281 411 
281 412 
281 413 
281 414 
281 415 
281 415 
280 416 
280 417 
280 417 
280 418 
280 419 
279 419 
279 420 
279 421 
279 422 
278 422 
278 423 
278 424 
278 425 
277 426 
277 427 
277 428 
277 429 
276 430 
276 431 
276 432 
275 433 
275 434 
275 436 
275 437 
275 438 
274 439 
274 441 
274 442 
273 443 445 451 
273 453 
273 455 
273 457 
272 458 
272 459 
272 461 
271 463 
271 464 
271 466 
270 467 
270 468 
270 470 
269 471 
269 473 
268 474 
268 475 
267 477 
267 478 
266 480 
266 481 
265 482 
265 483 
265 484 
264 485 
264 485 
263 486 
263 486 
262 487 
262 487 
261 487 
261 487 
260 488 
260 488 
259 488 
258 489 
258 489 
257 489 
257 489 
256 489 
256 489 
239 242 255 489 
236 238 239 242 255 491 
236 245 254 492 
235 246 254 493 
234 248 253 494 
233 249 252 494 
233 250 251 495 
232 496 
232 496 
231 497 
230 497 
230 498 
229 498 
229 499 
228 499 
227 500 
227 500 
226 500 
225 501 
224 501 
224 502 
223 502 
222 503 
222 503 
221 503 
221 504 
220 505 
219 505 
219 506 
218 507 
218 507 
217 508 
217 509 
217 509 
217 510 
217 510 
217 510 
217 510 
217 511 
217 511 
217 511 
217 511 
218 512 
218 512 
218 512 
218 512 
218 512 
218 512 
218 513 
218 513 
219 513 
219 513 
220 513 
220 513 
220 513 
219 514 
219 514 
218 514 
217 514 
216 514 
216 514 
216 514 
216 515 
215 515 
215 515 
214 515 
214 515 
213 515 
213 515 
213 516 
213 516 
213 483 485 516 
214 482 485 517 
214 480 485 517 
214 479 486 517 
214 478 486 517 
215 477 486 517 
215 474 486 517 
215 473 487 517 
215 471 487 517 
215 472 487 517 
