






365 379 
364 382 
364 385 
364 387 
365 389 
366 390 
369 392 
372 393 
374 394 
376 395 
378 396 
378 397 
379 397 
380 398 
381 398 
381 398 
376 399 
370 399 
363 399 
357 400 
353 401 
349 404 
347 406 
344 408 
341 410 
339 411 
337 413 
336 414 
334 416 
333 417 
331 418 
330 420 
329 421 
328 422 
327 423 
326 424 
325 425 
325 426 
324 427 
323 427 
323 428 
322 429 
322 430 
321 430 
321 431 
320 432 
320 433 
320 435 
319 438 
319 439 
318 440 
318 442 
318 443 
318 443 
318 444 
317 442 
317 439 
317 438 
317 438 
317 438 
317 438 
316 438 
316 439 
315 439 
314 439 
311 439 
296 301 308 439 
294 303 306 439 
293 439 
292 439 
291 439 
291 439 
290 439 
289 439 
289 439 
288 439 
288 439 
288 439 
287 439 
287 439 
287 439 
286 439 
286 439 
286 439 
286 439 
286 439 
286 438 
286 438 
286 438 
287 438 
289 437 
291 437 
291 437 
291 437 
291 437 
291 437 
291 437 
290 437 
289 437 
288 438 
288 438 
290 438 
292 438 
293 438 
294 438 
294 438 
295 439 
296 439 
296 439 
296 439 
297 439 
297 439 
297 439 
298 440 
298 440 
299 440 
300 441 
305 441 
307 441 
309 442 
310 442 
313 442 
314 441 
315 441 
315 441 
315 441 
315 441 
315 441 
315 441 
316 441 
316 441 
316 441 
316 442 
316 442 
316 442 
316 442 
316 442 
316 442 
316 442 
316 442 
316 442 
316 335 337 442 
316 335 338 442 
316 335 339 442 
316 335 340 442 
316 335 340 442 
316 335 341 442 
316 335 341 442 
316 335 341 442 
316 336 342 442 
316 336 342 442 
316 336 342 442 
316 336 342 442 
316 336 342 442 
316 336 343 442 
316 336 343 442 
316 336 343 442 
316 336 343 443 
316 336 344 443 
316 336 344 443 
315 336 344 443 
315 337 345 443 
315 337 345 443 
315 337 345 443 
315 337 345 443 
315 337 346 443 
315 337 346 444 
315 337 346 446 
315 337 345 447 
315 337 343 449 
315 337 342 450 
315 337 341 452 
315 337 340 454 
315 337 338 455 
314 457 
314 459 
296 301 314 460 
294 304 314 462 
291 309 313 464 
288 465 
284 467 
281 468 
279 470 
275 471 
274 473 
273 475 
272 476 
140 159 271 478 
135 162 268 480 
132 165 264 482 
100 102 131 168 261 483 
99 105 130 172 258 485 
100 108 130 184 255 486 
100 109 130 203 251 487 
101 112 131 217 248 488 
101 114 132 229 245 489 
102 116 136 236 243 489 
103 118 138 239 240 489 
104 120 134 489 
105 488 
106 488 
107 487 
108 487 
109 486 
111 485 
112 485 
114 484 
115 484 
117 483 
119 482 
121 482 
125 481 
129 480 
132 480 
136 479 
139 478 
139 477 
139 477 
138 476 
138 476 
138 475 
138 474 
138 473 
138 473 
137 472 
137 471 
137 471 
137 470 
137 470 
137 469 
137 468 
136 468 
136 290 294 467 
136 286 294 466 
136 283 294 466 
136 279 293 465 
136 275 292 464 
136 272 292 464 
136 268 291 463 
136 265 291 462 
136 261 289 462 
136 257 289 461 
136 251 288 461 
136 224 286 462 
136 217 285 462 
136 212 285 462 
136 208 286 463 
136 204 288 463 
136 200 289 464 
136 197 292 464 
136 194 295 464 
136 188 297 465 
136 185 297 465 
136 183 296 466 
137 180 296 466 
137 176 296 467 
137 173 296 467 
137 170 296 468 
137 167 296 468 
138 164 296 469 
138 160 296 469 
139 157 296 470 
140 154 296 470 
145 150 296 471 
147 148 296 471 
297 472 
297 472 
297 473 
298 473 
298 473 
299 473 
299 473 
300 473 
300 473 
301 472 
302 472 
302 472 
303 471 
304 471 
305 470 
306 470 
307 469 
308 469 
309 468 
309 468 
310 467 
310 466 
310 465 
310 464 
310 464 
310 463 
310 462 
309 461 
309 460 
308 459 
308 459 
307 459 
307 460 
306 460 
306 461 
306 461 
305 461 
305 461 
304 462 
304 462 
303 462 
302 462 
302 462 
301 463 
300 463 
300 463 
299 463 
299 463 
299 463 
298 464 
298 454 455 464 
298 454 456 464 
298 454 457 464 
298 455 457 464 
298 455 458 464 
298 455 459 464 
299 455 460 464 
300 455 460 464 
299 455 461 464 
299 455 462 464 
298 455 
298 455 
297 453 
297 453 
296 453 
295 454 
295 454 
294 454 
294 454 
293 454 
294 454 
297 301 303 454 
302 454 
302 454 
302 454 
301 454 
301 454 
300 454 
300 454 
300 454 
300 454 
302 454 
302 454 
304 455 
305 455 
306 455 
306 455 
306 455 
306 455 
306 455 
307 455 
307 455 
307 455 
307 455 
307 455 
307 455 
307 455 
307 455 
307 455 
307 454 
307 454 
307 454 
307 454 
307 454 
307 454 
306 453 
306 453 
306 453 
306 453 
306 453 
306 453 
305 453 
305 452 
305 452 
305 452 
305 452 
305 452 
305 452 
305 452 
304 451 
304 451 
304 451 
304 451 
304 450 
304 450 
303 450 
303 450 
303 449 
303 449 
303 449 
303 448 
303 448 
303 447 
303 447 
302 447 
302 446 
302 446 
302 445 
302 445 
302 445 
302 444 
302 444 
301 443 
301 443 
301 443 
301 443 
301 442 
301 442 
301 442 
301 442 
300 443 
300 443 
300 443 
300 443 
300 443 
300 443 
299 443 
299 444 
299 444 
299 444 
299 444 
299 444 
298 444 
298 444 
298 444 
298 445 
298 445 
298 445 
298 445 
298 445 
297 445 
297 445 
297 446 
297 446 
297 446 
297 446 
296 446 
296 446 
296 446 
295 447 
295 447 
295 447 
295 447 
294 447 
294 447 
294 447 
293 448 
293 448 
293 448 
293 448 
292 448 
292 448 
292 449 
292 449 
291 449 
291 449 
291 449 
291 449 
291 450 
290 450 
290 450 
290 450 
290 450 
289 450 
289 451 
289 451 
288 451 
288 451 
