0 320 
0 320 
0 320 
0 320 
0 320 
0 320 
0 320 
0 320 
0 320 
0 320 
0 320 
0 320 
0 320 
0 320 
0 320 
0 320 
0 320 
0 320 
0 320 
0 320 
0 320 
0 320 
0 320 
0 320 
0 320 
0 320 
0 320 
0 320 
0 320 
0 320 
0 320 
0 320 
0 320 
0 320 
0 320 
0 320 
0 320 
0 320 
0 320 
0 320 
0 320 
0 320 
0 320 
0 320 
0 320 
0 320 
0 320 
0 320 
0 320 
0 320 
0 320 
0 320 
0 320 
0 320 
0 320 
0 320 
0 320 
0 320 
0 320 
0 320 
0 320 
0 320 
0 320 
0 320 
0 320 
0 320 
0 320 
0 320 
0 320 
0 320 
0 320 
0 320 
0 320 
0 320 
0 320 
0 320 
0 320 
0 320 
0 320 
0 320 
0 320 
0 320 
0 320 
0 320 
0 320 
0 320 
0 320 
0 320 
0 320 
0 320 
0 320 
0 320 
0 320 
0 320 
0 320 
0 320 
0 320 
0 320 
0 320 
0 320 
0 320 
0 320 
0 320 
0 320 
0 320 
0 320 
0 320 
0 320 
0 320 
0 320 
0 320 
0 320 
0 320 
0 320 
0 320 
0 320 
0 320 
0 320 
0 320 
0 320 
0 320 
0 320 
0 320 
0 320 
0 320 
0 320 
0 320 
0 320 
0 320 
0 320 
0 320 
0 320 
0 320 
0 320 
0 320 
0 320 
0 320 
0 320 
0 320 
0 320 
0 320 
0 320 
0 320 
0 320 
0 320 
0 320 
0 320 
0 320 
0 320 
0 320 
0 320 
0 320 
0 320 
0 320 
0 320 
0 320 
0 320 
0 320 
0 320 
0 320 
0 320 
0 320 
0 320 
0 320 
0 320 
0 327 
0 314 320 335 
0 308 320 339 
0 304 320 341 
0 297 320 344 
0 291 320 346 
0 290 320 348 
0 287 320 350 
0 285 320 351 
0 283 320 352 
0 281 320 354 
0 280 320 355 
0 279 320 356 
0 278 320 358 
0 277 320 359 
0 277 320 360 
0 276 320 362 
0 275 320 365 
0 274 320 367 
0 273 320 369 
0 272 320 370 
0 270 320 371 
0 269 320 373 
0 266 320 374 
0 263 320 376 
0 260 320 380 
0 257 320 382 
0 254 320 385 
0 252 320 388 
0 249 320 390 
0 246 320 392 
0 245 320 394 
0 243 320 396 
0 241 320 398 
0 239 320 400 
0 237 257 259 320 401 
0 236 255 259 320 403 
0 234 252 259 320 404 
0 233 250 258 320 381 383 406 
0 232 249 258 320 382 385 407 
0 230 246 257 320 383 388 409 
0 230 244 256 320 386 389 410 
0 228 242 255 320 389 391 410 
0 228 241 254 320 389 393 411 
0 227 239 253 320 390 395 413 
0 226 238 253 320 390 397 413 
0 225 236 253 320 391 398 414 
0 225 235 253 320 391 400 415 
0 224 234 253 320 392 401 415 
0 224 234 252 320 392 402 416 
0 223 233 252 320 392 404 416 
0 223 232 252 320 392 405 417 
0 223 231 252 320 392 405 417 
0 223 231 252 320 392 406 417 
0 223 231 252 320 392 407 417 
0 223 231 252 320 392 408 417 
0 223 232 252 320 391 408 418 
0 223 233 251 320 391 408 418 
0 224 234 251 320 391 408 418 
0 224 236 250 320 391 407 418 
0 225 239 250 320 391 405 418 
0 225 242 249 320 390 403 417 
0 226 245 248 320 390 399 417 
0 227 320 390 394 416 
0 228 320 390 392 416 
0 230 320 415 
0 231 320 414 
0 232 320 414 
0 234 320 413 
0 236 320 412 
0 238 320 410 
0 240 320 408 
0 244 320 407 
0 245 320 405 
0 246 320 402 
0 246 320 398 
0 247 320 390 
0 247 320 387 
0 248 320 387 
0 249 320 386 
0 249 320 386 
0 250 320 386 
0 250 320 385 
0 250 320 385 
0 250 320 385 
0 250 320 384 
0 250 320 384 
0 250 320 384 
0 250 320 383 
0 251 320 383 
0 251 320 382 
0 252 320 382 
0 252 320 381 
0 253 320 381 
0 254 320 381 
0 255 320 380 
0 256 320 380 
0 258 320 380 
0 259 320 379 
0 260 320 379 
0 261 320 379 
0 261 320 378 
0 261 320 378 
0 262 320 378 
0 263 320 377 
0 263 320 377 
0 264 320 376 
0 265 320 374 
0 265 320 373 
0 266 320 373 
0 267 320 373 
0 267 320 374 
0 266 320 376 
0 265 320 377 
0 264 320 378 
0 263 320 379 
0 262 320 380 
0 261 320 381 
0 260 320 382 
0 260 320 382 
0 259 320 383 
0 258 320 383 
0 258 320 384 
0 258 320 384 
0 257 320 385 
0 257 320 385 
0 257 320 385 
0 256 320 386 
0 256 320 386 
0 256 320 387 
0 255 320 387 
0 255 320 387 
0 255 320 388 
0 254 320 388 
0 254 320 389 
0 254 320 389 
0 253 320 389 
0 253 320 390 
0 252 320 390 
0 252 320 391 
0 252 320 391 
0 251 320 392 
0 251 320 392 
0 251 320 393 
0 250 320 393 
0 250 320 393 
0 250 320 394 
0 249 320 394 
0 249 320 394 
0 249 320 395 
0 248 320 395 
0 248 320 395 
0 248 320 395 
0 248 320 395 
0 248 320 395 
0 247 320 395 
0 248 320 395 
0 248 320 395 
0 248 320 395 
0 248 320 395 
0 249 320 396 
0 250 320 396 
0 250 320 396 
0 251 320 396 
0 252 320 396 
0 252 320 396 
0 253 320 397 
0 253 320 397 
0 253 320 397 
0 252 320 397 
0 252 320 397 
0 252 320 397 
0 251 320 398 
0 251 320 398 
0 250 320 398 
0 250 320 398 
0 250 320 386 388 398 
0 250 320 386 388 398 
0 250 320 386 389 398 
0 250 320 387 389 397 
0 250 320 387 390 397 
0 250 320 387 390 396 
0 251 320 387 391 396 
0 251 320 387 391 395 
0 251 320 387 392 394 
0 252 320 387 
0 252 320 387 
0 253 320 387 
0 254 320 387 
0 255 320 387 
0 256 320 387 
0 259 320 387 
0 259 320 386 
0 260 320 386 
0 260 320 386 
0 260 320 386 
0 260 320 386 
0 260 320 386 
0 260 320 386 
0 260 263 264 320 386 
0 260 320 386 
0 260 320 386 
0 260 320 385 
0 260 320 385 
0 260 320 385 
0 260 320 385 
0 261 320 385 
0 261 320 385 
0 261 264 265 320 385 
0 261 264 265 320 385 
0 261 264 265 320 385 
0 261 264 265 320 385 
0 261 264 265 320 385 
0 261 263 265 320 385 
0 261 264 265 320 385 
0 261 264 265 320 385 
0 261 320 385 
0 261 320 385 
0 262 265 266 320 385 
0 262 265 266 320 385 
0 262 265 266 320 385 
0 262 265 266 320 384 
0 262 265 267 320 384 
0 262 265 267 320 384 
0 262 265 267 320 384 
0 262 265 267 320 384 
0 262 265 267 320 384 
0 262 265 267 320 384 
0 262 265 267 320 384 
0 262 265 267 320 384 
0 262 265 268 320 384 
0 262 265 268 320 384 
0 262 265 268 320 384 
0 262 266 269 320 384 
0 262 266 269 320 384 
0 262 266 270 320 384 
0 262 266 270 320 384 
0 262 266 270 320 384 
0 262 266 271 320 384 
0 262 266 271 320 384 
0 262 266 271 320 384 
0 262 266 271 320 384 
0 262 266 270 320 384 
0 262 266 270 320 384 
0 262 266 269 320 384 
0 262 266 268 320 384 
0 262 266 268 320 384 
0 262 266 268 320 384 
0 262 320 384 
0 262 320 384 
0 262 320 376 377 384 
0 262 320 376 377 384 
0 262 320 384 
0 262 320 384 
0 262 320 384 
0 262 320 384 
0 262 320 384 
0 263 320 384 
0 262 320 384 
0 262 320 384 
0 261 320 384 
0 260 320 384 
0 260 320 384 
0 260 320 384 
0 259 320 384 
0 259 320 384 
0 258 320 384 
0 258 320 384 
0 258 320 384 
0 257 320 384 
0 257 320 384 
0 256 320 385 
0 256 320 385 
0 255 320 386 
0 255 320 386 
0 254 320 386 
0 254 320 387 
0 253 320 387 
0 253 320 388 
0 253 320 388 
0 252 320 388 
0 252 320 389 
0 251 320 389 
0 251 320 390 
0 251 320 390 
0 250 320 390 
0 250 320 391 
0 249 320 391 
0 249 320 392 
0 249 320 392 
0 249 320 392 
0 248 320 393 
0 248 320 393 
0 248 320 393 
0 247 320 393 
0 247 320 394 
0 247 320 394 
0 246 320 394 
0 246 320 395 
0 245 320 395 
0 245 320 395 
0 246 320 395 
0 247 320 395 
0 247 320 394 
0 246 320 394 
0 246 320 395 
0 245 320 395 
0 245 320 395 
0 245 320 396 
0 244 320 397 
0 243 320 397 
0 243 320 398 
0 242 320 399 
0 241 320 400 
0 241 319 400 
