0 640 
0 640 
0 640 
0 640 
0 640 
0 640 
0 640 
0 640 
0 640 
0 640 
0 640 
0 640 
0 640 
0 640 
0 640 
0 640 
0 640 
0 640 
0 640 
0 356 370 640 
0 338 380 639 
0 313 386 636 
0 278 392 634 
0 268 398 632 
0 263 405 630 
0 260 411 628 
0 258 419 625 
0 255 426 623 
0 252 438 621 
0 249 483 619 
0 246 524 616 
0 245 531 614 
0 242 540 612 
0 240 546 610 
0 237 552 608 
0 235 556 605 
0 234 559 603 
0 232 563 601 
0 231 566 598 
0 229 569 595 
0 228 573 593 
0 227 576 590 
0 226 579 586 
0 225 
0 223 
0 222 
0 221 
0 220 
0 218 
0 217 
0 217 
0 216 
0 215 
0 215 
0 214 
0 214 
0 213 
0 213 
0 212 
0 212 
0 211 
0 211 
0 210 
0 209 
0 209 249 250 
0 209 247 249 303 304 
0 209 246 247 301 302 306 308 
0 209 247 249 307 309 
0 209 244 245 246 249 302 305 
0 209 243 244 245 248 301 308 317 319 
0 210 213 215 242 243 244 248 295 297 299 312 317 319 
0 216 241 242 243 248 297 315 320 322 
0 217 240 241 242 247 293 295 296 320 
0 217 241 247 290 291 293 322 
0 216 240 246 293 323 
0 216 237 238 239 246 287 288 291 323 
0 216 238 246 287 288 289 326 
0 216 236 245 287 325 326 327 
0 216 236 245 286 326 387 389 390 392 
0 215 235 245 286 327 328 329 386 387 392 394 
0 215 232 244 265 266 285 328 394 396 
0 215 231 244 264 266 285 330 383 385 387 389 395 397 
0 215 231 243 264 265 285 330 383 392 
0 214 230 243 263 265 285 331 380 381 384 395 403 404 
0 214 230 243 263 265 284 332 383 398 405 406 
0 214 230 242 263 265 284 333 377 378 381 400 407 409 
0 214 227 228 229 242 262 265 283 335 336 337 380 403 408 411 
0 214 228 242 262 264 283 336 372 373 379 405 407 408 412 414 
0 214 227 241 262 264 283 337 369 371 372 373 377 408 414 416 
0 214 224 225 226 241 261 264 282 338 374 409 
0 215 223 225 226 240 261 264 282 338 372 413 419 421 
0 215 225 240 260 263 282 338 360 361 369 415 421 422 
0 216 224 239 260 263 281 338 359 360 365 417 
0 216 220 221 223 239 259 263 281 338 359 419 424 425 
0 217 221 239 259 263 281 338 359 421 
0 217 220 239 258 263 280 338 357 424 427 428 431 432 
0 239 258 263 280 338 357 426 432 434 
0 239 257 263 280 338 357 428 
0 239 257 263 280 338 356 431 
0 239 257 263 279 337 355 432 
0 239 256 263 279 337 355 434 441 442 
0 239 256 263 279 337 354 437 442 443 
0 239 255 263 279 337 353 439 445 446 
0 239 255 263 279 337 353 441 446 448 
0 239 255 264 279 336 352 442 449 451 
0 239 255 264 279 336 352 445 450 451 
0 239 255 264 279 335 351 447 
0 239 254 264 279 335 351 450 
0 239 254 264 279 334 351 451 
0 240 254 265 279 333 350 453 460 462 
0 240 254 265 279 333 350 456 
0 240 254 265 279 333 350 458 464 465 
0 240 254 265 278 333 350 459 
0 240 254 266 278 333 349 461 468 469 
0 240 253 267 278 333 348 464 
0 241 253 267 278 333 348 466 472 473 
0 241 253 268 278 334 348 467 471 472 473 475 
0 241 253 269 278 334 347 470 471 472 474 475 
0 241 252 269 278 335 347 471 473 475 
0 242 252 269 270 271 276 277 278 335 346 473 479 481 
0 242 252 270 273 275 278 336 346 475 479 481 482 483 
0 243 251 271 273 275 277 336 345 477 483 484 
0 244 251 272 276 335 345 479 482 483 
0 244 251 336 339 341 344 481 487 489 
0 244 245 246 249 250 251 337 340 341 343 483 485 487 
0 245 247 248 250 338 342 485 486 487 491 493 
0 246 250 487 493 495 
0 489 
0 491 498 500 
0 493 
0 496 502 504 
0 498 504 505 
0 500 503 504 506 507 
0 501 508 510 639 640 
0 503 510 512 634 635 638 639 
0 506 631 634 
0 508 627 630 637 638 
0 510 518 520 623 624 
0 512 519 523 618 621 637 640 
0 515 525 526 612 615 635 640 
0 517 526 529 607 608 615 616 630 640 
0 520 527 531 602 604 625 640 
0 522 605 608 621 640 
0 524 588 592 617 640 
0 527 542 545 547 549 576 584 611 640 
0 530 548 554 560 570 607 640 
0 534 601 640 
0 538 594 640 
0 543 553 555 590 640 
0 547 578 640 
0 568 569 572 573 640 
0 640 
0 640 
0 640 
0 640 
0 640 
0 640 
0 640 
0 640 
0 640 
0 640 
0 640 
0 640 
0 640 
0 640 
0 640 
0 640 
0 640 
0 640 
0 640 
0 640 
0 640 
0 640 
0 640 
0 640 
0 640 
0 640 
0 640 
0 640 
0 640 
0 640 
0 640 
0 640 
0 640 
0 640 
0 640 
0 640 
0 640 
0 640 
0 640 
0 640 
0 640 
0 640 
0 640 
0 640 
0 640 
0 640 
0 640 
0 640 
0 640 
0 640 
0 640 
0 640 
0 640 
0 640 
0 640 
0 640 
0 640 
0 640 
0 640 
0 640 
0 640 
0 640 
0 640 
0 640 
0 640 
0 640 
0 640 
0 640 
0 640 
0 640 
0 640 
0 640 
0 640 
0 640 
0 640 
0 640 
0 640 
0 640 
0 640 
0 640 
0 640 
0 640 
0 640 
0 640 
0 640 
0 640 
0 640 
0 640 
0 640 
0 640 
0 640 
0 640 
0 640 
0 640 
0 640 
0 640 
0 640 
0 640 
0 640 
0 640 
0 640 
0 640 
0 640 
0 640 
0 640 
0 640 
0 640 
0 640 
0 640 
0 640 
0 640 
0 640 
0 640 
0 640 
0 640 
0 640 
0 640 
0 640 
0 640 
0 640 
0 640 
0 640 
0 640 
0 640 
0 640 
0 640 
0 640 
0 640 
0 640 
0 640 
0 640 
0 640 
0 640 
0 640 
0 640 
0 640 
0 640 
0 640 
0 640 
0 640 
0 640 
0 640 
0 640 
0 640 
0 640 
0 640 
0 640 
0 640 
0 640 
0 640 
0 640 
0 640 
0 640 
0 640 
0 242 243 640 
0 242 244 640 
0 241 245 640 
0 241 244 640 
0 241 244 640 
0 240 244 640 
0 240 244 640 
0 240 244 640 
0 240 244 640 
0 240 244 640 
0 240 245 640 
0 240 245 640 
0 240 245 640 
0 240 245 640 
0 240 245 270 275 640 
0 240 246 262 276 640 
0 241 246 259 276 640 
0 241 246 256 276 640 
0 241 247 254 276 640 
0 242 247 252 277 640 
0 242 248 250 277 640 
0 242 277 640 
0 243 277 640 
0 243 277 640 
0 242 278 640 
0 239 278 640 
0 238 278 640 
0 236 278 640 
0 235 279 640 
0 233 279 640 
0 232 279 640 
0 230 279 640 
0 229 280 640 
0 227 280 640 
0 226 280 640 
0 226 280 640 
0 227 281 640 
0 228 281 640 
0 228 281 640 
0 229 282 640 
0 229 282 640 
0 229 283 640 
0 230 283 640 
0 230 284 640 
0 230 284 640 
0 231 285 640 
0 231 285 640 
0 232 286 640 
0 232 286 640 
0 232 286 640 
0 233 287 640 
0 233 287 640 
0 233 287 640 
0 234 287 640 
0 234 287 640 
0 234 288 640 
0 235 288 640 
0 235 288 640 
0 235 288 640 
0 235 288 640 
0 235 288 640 
0 236 288 640 
0 236 288 640 
0 237 288 640 
0 238 289 640 
0 238 289 640 
0 239 289 640 
0 239 290 640 
0 240 290 640 
0 240 290 640 
0 241 291 640 
0 241 291 640 
0 242 291 640 
0 242 292 640 
0 243 292 640 
0 243 293 640 
0 244 293 640 
0 244 294 640 
0 245 294 640 
0 245 295 640 
0 246 295 640 
0 247 296 640 
0 247 296 640 
0 248 297 640 
0 249 298 640 
0 250 299 640 
0 251 299 640 
0 252 300 640 
0 253 301 640 
0 254 302 640 
0 255 303 640 
0 256 304 640 
0 257 305 640 
0 258 306 640 
0 259 306 640 
0 260 308 640 
0 261 309 640 
0 261 310 640 
0 262 311 640 
0 263 311 640 
0 264 313 640 
0 264 314 640 
0 265 315 640 
0 265 317 640 
0 266 320 640 
0 266 321 640 
0 267 323 640 
0 267 323 640 
0 268 323 640 
0 268 323 640 
0 269 322 640 
0 269 322 640 
0 269 322 640 
0 270 321 640 
0 270 320 640 
0 270 319 640 
0 270 318 640 
0 270 315 640 
0 270 314 640 
0 271 311 312 313 640 
0 271 308 640 
0 271 307 640 
0 272 306 640 
0 272 306 640 
0 272 304 640 
0 272 303 640 
0 272 301 640 
0 272 300 640 
0 272 299 640 
0 272 297 640 
0 272 294 640 
0 272 292 640 
0 272 288 640 
0 272 283 640 
0 271 282 640 
0 271 281 640 
0 272 279 640 
0 273 279 640 
0 275 277 640 
0 275 277 640 
0 640 
0 640 
0 640 
0 640 
0 640 
0 640 
0 640 
0 640 
0 640 
0 640 
0 640 
0 640 
0 640 
0 640 
0 640 
0 640 
0 640 
0 640 
0 640 
0 640 
0 640 
0 640 
0 640 
0 640 
0 640 
0 640 
0 640 
0 640 
0 640 
0 640 
0 640 
0 640 
0 640 
0 640 
0 640 
