




















































316 324 
308 330 
304 333 
302 335 
300 337 
299 339 
297 340 
296 342 
295 343 
294 344 
293 345 
293 346 
292 347 
292 348 
291 349 
291 349 
291 350 
290 350 
290 351 
290 351 
289 351 
288 352 
285 352 
283 353 
282 354 
281 355 
280 356 
279 357 
278 358 
278 359 
277 360 
277 360 
277 361 
277 362 
276 363 
276 364 
277 364 
277 365 
278 366 
279 366 
280 367 
280 368 
279 368 
279 369 
279 369 
279 369 
279 370 
279 370 
279 370 
279 370 
279 371 
280 371 
280 371 
281 372 
282 372 
282 372 
282 372 
282 372 
283 373 
285 373 
285 373 
286 373 
287 373 
287 373 
288 373 
288 374 
289 374 
290 374 
290 374 
290 374 
290 375 
290 375 
290 375 
291 375 
291 375 
291 375 
291 376 
290 376 
290 376 
290 294 296 377 
290 294 296 377 
289 293 295 378 
289 292 295 376 
295 376 
296 376 
296 297 300 376 
302 306 307 377 
303 305 308 377 
308 378 
308 379 
308 379 
307 380 
306 380 
305 381 
303 381 
303 382 
302 383 
300 383 
299 384 
298 384 
297 384 
296 385 
295 385 
294 386 
293 386 
292 387 
291 387 
290 387 
289 388 
289 388 
288 389 
287 389 
287 390 
286 390 
286 390 
285 391 
284 391 
283 392 
283 392 
283 393 
282 393 
282 394 
282 394 
281 395 
281 395 
281 396 
281 396 
280 397 
280 397 
280 398 
279 398 
279 399 
278 400 
278 400 
278 401 
278 401 
278 402 
279 402 
279 403 
280 403 
281 404 
282 405 
283 405 
283 406 
283 406 
282 407 
282 407 
282 408 
283 408 
283 408 
283 409 
281 282 283 409 
281 282 283 410 
281 282 283 410 
281 282 284 410 
281 282 284 410 
281 282 283 411 
281 282 283 411 
280 411 
279 411 
271 412 
255 412 
251 412 
248 249 250 412 
249 412 
245 246 248 412 
244 246 247 412 
243 245 246 411 
242 244 245 411 
241 411 
242 411 
242 411 
239 410 
237 410 
238 410 
235 236 238 410 
234 236 238 409 
234 235 236 409 
236 292 296 408 
233 234 236 289 295 408 
235 287 296 407 
235 285 296 406 
231 232 234 283 297 405 
234 281 298 405 
235 274 275 279 298 404 
235 274 299 403 
231 232 235 274 299 402 
235 273 300 400 
235 272 301 399 
235 272 302 397 
236 272 303 395 
236 273 303 393 
236 273 303 389 
239 274 303 386 
240 274 305 383 
241 274 305 378 
242 274 305 379 
250 274 304 379 
254 258 260 273 304 380 
261 272 303 380 
264 270 303 381 
265 268 302 381 
302 382 
301 382 
301 383 
300 383 
300 384 
299 384 
299 384 
299 385 
298 385 
298 386 
298 386 
297 386 
297 387 
297 387 
296 388 
296 388 
296 388 
296 389 
295 389 
295 389 
294 390 
294 390 
294 391 
294 391 
293 391 
293 392 
292 392 
292 392 
292 393 
291 393 
291 394 
290 394 
290 394 
290 395 
289 395 
289 396 
288 396 
288 396 
287 397 
287 397 
286 398 
285 398 
285 399 
284 399 
284 400 
283 400 
282 401 
282 401 
281 402 
280 402 
280 403 
279 403 
278 404 
278 404 
277 405 
276 405 
275 406 
274 406 
273 407 
273 408 
271 408 
271 409 
270 409 
269 410 
268 410 
267 411 
266 412 
265 412 
263 413 
262 413 
261 414 
260 415 
259 415 
258 416 
256 417 
255 418 
254 418 
240 245 252 419 
239 246 251 424 
238 247 250 426 
237 428 
236 429 
235 430 
234 431 
233 432 
233 433 
232 434 
231 435 
230 436 
229 437 
228 438 
227 439 
226 440 
225 441 
225 442 
224 443 
223 444 
222 445 
222 446 
221 446 
221 447 
220 448 
220 448 
220 449 
220 449 
220 449 
221 449 
221 449 
221 449 
222 449 
221 448 
220 447 
219 446 
218 446 
218 447 
217 448 
216 448 
215 449 
214 450 
213 451 
212 451 
211 452 
210 453 
209 453 
208 454 
207 454 
206 454 
205 455 
204 455 
203 455 
202 455 
201 455 
200 455 
199 455 
198 455 
198 454 
198 453 
199 453 
200 451 
201 450 
201 450 
201 449 
202 448 
202 447 
203 445 
204 442 
205 441 
207 440 
208 439 
209 438 
211 436 
212 435 
213 434 
214 433 
214 431 
214 430 
215 429 
215 423 425 427 
216 422 
217 423 
218 423 
223 423 
224 423 
225 243 247 423 
250 422 
255 422 
258 420 
261 418 
263 417 
265 415 
265 413 
267 405 407 411 
268 404 408 410 
271 289 292 404 
273 287 299 403 
279 281 306 401 
311 398 
315 394 
319 389 
320 383 
321 374 
318 319 321 370 
321 370 
322 370 
322 371 
320 321 323 371 
320 321 323 372 
320 321 323 372 
322 323 324 373 
322 323 325 373 
321 322 325 373 
321 322 325 374 
322 323 324 374 
324 325 326 374 
324 325 326 374 
324 374 
323 374 
322 374 
322 375 
303 375 
296 375 
290 376 378 379 
287 383 
283 392 
279 400 
278 407 
275 413 
272 418 
270 421 
268 425 
266 428 
263 430 
260 434 
259 436 
257 439 
254 442 
253 444 
252 446 
249 448 
246 449 
244 451 
242 453 
240 453 
239 454 
239 455 
