


























304 317 
297 323 
294 326 
290 331 
285 334 
282 336 
280 338 
279 341 
274 342 
273 344 
271 345 
270 347 
269 348 
267 349 
265 350 
264 352 
262 353 
261 354 
260 355 
259 357 
258 358 
257 360 
256 360 
256 361 
255 362 
255 363 
254 364 
254 364 
253 365 
253 365 
252 366 
252 367 
252 367 
251 368 
250 368 
250 369 
249 369 
249 370 
248 370 
248 370 
247 371 
247 371 
246 371 
246 372 
245 372 
245 373 
244 373 
244 373 
244 373 
243 373 
243 374 
243 374 
243 374 
243 374 
243 374 
242 374 
242 374 
242 374 
242 374 
242 374 
242 374 
242 374 
242 374 
242 374 
242 374 
242 374 
242 374 
242 374 
242 374 
242 374 
242 374 
242 374 
242 374 
242 374 
242 374 
242 374 
242 374 
242 374 
243 374 
243 374 
243 374 
243 374 
243 374 
244 374 
244 374 
244 373 
245 373 
245 373 
246 373 
246 373 
247 373 
248 373 
248 373 
249 373 
249 373 
250 373 
250 372 
251 372 
251 372 
252 372 
252 371 
252 371 
252 371 
253 370 
253 370 
253 369 
254 369 
254 368 
255 367 
255 367 
256 366 
257 365 
258 365 
259 364 
260 363 
261 362 
262 361 
262 360 
264 360 
265 359 
267 358 
268 357 
270 356 
271 354 
273 352 
276 351 
278 349 
280 348 
283 347 
285 345 
288 343 
293 340 
298 336 
302 332 
309 328 






























































































































































































































































































































