345 476 
345 476 
345 474 
345 471 
344 470 
344 465 
344 461 
344 459 
344 457 
344 456 
344 454 
343 452 
344 451 
344 450 
344 449 
344 448 
344 447 
344 446 
344 445 
344 444 
345 443 
345 442 
345 442 
345 441 
346 440 
346 439 
346 438 
347 438 
347 437 
347 437 
348 436 
348 435 
349 434 
349 434 
350 434 
350 433 
350 432 
351 432 
351 431 
351 431 
352 431 
352 430 
352 430 
353 429 
353 429 
354 428 
354 427 
355 427 
355 427 
356 426 
356 426 
357 426 
358 425 
358 425 
359 424 
360 424 
361 423 
361 423 
362 423 
363 423 
364 422 
365 422 
366 421 
367 421 
368 421 
370 421 
371 421 
372 420 
373 420 
375 420 
376 420 
377 420 
380 420 
382 420 
384 420 
386 420 
389 420 
392 419 
396 397 400 419 
403 419 
406 419 
408 419 
412 418 













































































































































































































































































































































































































