






















































































































































































































































314 325 
311 328 
309 330 
307 331 
306 332 
305 333 
305 333 
304 334 
303 334 
303 335 
302 335 
302 336 
302 337 
301 337 
301 337 
301 337 
300 337 
300 338 
299 338 
299 337 
298 337 
298 337 
297 336 
297 335 
297 335 
297 334 
297 333 
297 332 
297 331 
297 330 
297 329 
296 329 
296 329 
297 330 
298 330 347 349 
298 331 346 349 
298 301 302 331 345 348 
299 300 302 331 345 349 
302 330 343 351 
302 330 343 353 
301 331 342 353 
301 331 342 354 
301 332 341 354 
301 332 341 354 
301 332 341 354 
301 332 342 354 
301 333 342 354 
301 339 340 355 
301 355 
301 355 
301 355 
301 355 
302 355 
302 355 
302 355 
302 355 
302 355 
304 355 
305 354 
305 353 
306 353 
306 353 
305 353 
305 353 
304 354 
303 332 334 354 
302 332 333 355 
301 332 333 355 
300 355 
300 355 
299 355 
298 355 
298 330 331 355 
297 355 
297 355 
296 355 
296 354 
295 354 
295 333 335 353 
294 333 335 352 
294 333 337 351 
293 333 338 350 
292 334 340 348 
292 334 343 346 
291 334 
291 335 
290 335 
289 336 
289 336 
288 337 
287 337 
287 337 
286 338 
285 338 
285 339 
284 339 
284 339 
283 340 
282 340 
282 341 
281 341 
281 342 
280 342 
280 343 
280 343 
279 343 
279 344 
279 344 
278 344 
278 345 
278 345 
278 345 
278 346 
278 346 
278 347 
278 347 
278 347 
278 348 
278 348 
278 348 349 359 
278 363 
278 365 
278 366 
278 366 
278 368 
279 369 
279 370 
279 371 
280 372 
280 373 
280 375 
280 376 
280 377 
281 377 
281 378 
283 378 
284 378 
286 377 
287 377 
288 376 
289 375 
291 373 
292 372 
293 371 
294 369 
293 357 363 364 
293 357 
292 357 
292 356 
292 355 
292 355 
292 355 
292 355 
292 355 
292 354 
292 354 
292 354 
293 354 
293 354 
294 353 
294 353 
296 352 
297 352 
298 352 
299 351 
300 351 
301 350 
303 350 
304 349 
306 349 
307 348 
308 347 
311 346 
313 344 
315 342 
317 340 
321 336 
























































