0 640 
0 640 
0 640 
0 640 
0 640 
0 640 
0 640 
0 640 
0 640 
0 640 
0 640 
0 640 
0 640 
0 640 
0 640 
0 640 
0 640 
0 640 
0 640 
0 640 
0 640 
0 640 
0 640 
0 640 
0 640 
0 640 
0 640 
0 640 
0 640 
0 640 
0 640 
0 640 
0 640 
0 640 
0 640 
0 640 
0 640 
0 640 
0 640 
0 640 
0 640 
0 640 
0 640 
0 640 
0 640 
0 640 
0 640 
0 640 
0 640 
0 640 
0 640 
0 640 
0 640 
0 640 
0 640 
0 640 
0 640 
0 640 
0 640 
0 640 
0 640 
0 640 
0 640 
0 640 
0 640 
0 640 
0 640 
0 640 
0 640 
0 640 
0 640 
0 640 
0 640 
0 640 
0 640 
0 640 
0 640 
0 640 
0 640 
0 640 
0 640 
0 640 
0 640 
0 640 
0 640 
0 640 
0 640 
0 640 
0 640 
0 640 
0 640 
0 640 
0 640 
0 640 
0 640 
0 640 
0 640 
0 640 
0 640 
0 640 
0 640 
0 640 
0 640 
0 640 
0 640 
0 640 
0 640 
0 640 
0 640 
0 640 
0 640 
0 640 
0 640 
0 640 
0 640 
0 640 
0 640 
0 640 
0 640 
0 640 
0 402 413 640 
0 400 414 640 
0 399 416 640 
0 398 417 640 
0 397 417 640 
0 396 418 640 
0 395 418 640 
0 395 419 640 
0 394 419 640 
0 393 420 640 
0 393 419 640 
0 392 419 640 
0 392 418 640 
0 391 418 640 
0 391 418 640 
0 390 418 640 
0 390 418 640 
0 389 418 640 
0 386 419 640 
0 385 419 640 
0 385 420 640 
0 385 420 640 
0 385 420 640 
0 371 373 384 421 640 
0 372 375 382 421 640 
0 373 377 381 421 640 
0 375 422 640 
0 377 422 640 
0 378 422 640 
0 377 423 640 
0 376 426 640 
0 375 430 640 
0 372 435 640 
0 370 440 640 
0 367 445 640 
0 365 449 640 
0 364 450 640 
0 363 451 640 
0 364 450 640 
0 364 450 640 
0 364 375 378 380 382 448 640 
0 364 372 382 447 640 
0 364 366 369 370 382 446 640 
0 383 446 640 
0 383 446 640 
0 384 446 640 
0 385 444 640 
0 385 443 640 
0 386 440 640 
0 386 440 640 
0 386 441 640 
0 386 440 640 
0 386 433 640 
0 387 432 640 
0 387 432 640 
0 387 429 640 
0 387 432 640 
0 387 437 640 
0 387 437 640 
0 387 436 640 
0 387 435 640 
0 387 432 640 
0 388 432 640 
0 387 433 640 
0 387 434 640 
0 387 429 432 434 640 
0 386 426 427 429 640 
0 385 426 428 430 640 
0 385 427 429 430 640 
0 384 427 640 
0 384 427 640 
0 383 427 640 
0 383 425 640 
0 383 425 640 
0 382 425 450 451 640 
0 383 425 447 451 640 
0 383 425 444 451 640 
0 383 426 442 451 640 
0 384 426 439 451 640 
0 384 426 437 451 640 
0 385 426 435 451 640 
0 385 426 434 451 640 
0 386 426 432 450 640 
0 386 425 430 450 640 
0 386 425 428 450 640 
0 386 424 427 450 640 
0 385 423 426 449 640 
0 385 423 424 449 640 
0 385 448 640 
0 385 448 640 
0 386 447 640 
0 387 446 640 
0 388 446 640 
0 390 445 640 
0 392 444 640 
0 392 444 640 
0 393 443 640 
0 393 443 640 
0 393 442 640 
0 393 442 465 466 483 484 640 
0 394 442 444 445 450 452 459 468 470 483 640 
0 394 482 640 
0 394 471 476 480 640 
0 395 472 476 478 640 
0 395 477 640 
0 395 477 640 
0 395 432 433 477 640 
0 395 432 434 479 640 
0 395 482 640 
0 394 486 640 
0 393 489 640 
0 393 490 640 
0 393 488 640 
0 393 487 640 
0 392 487 640 
0 392 488 640 
0 392 491 640 
0 391 496 640 
0 390 502 640 
0 389 501 640 
0 387 496 640 
0 386 494 640 
0 384 494 640 
0 383 494 640 
0 382 496 640 
0 381 498 640 
0 380 502 640 
0 379 503 640 
0 378 494 497 503 640 
0 378 387 389 505 640 
0 377 385 389 506 640 
0 376 384 389 496 506 507 640 
0 376 382 388 496 640 
0 375 381 388 495 640 
0 362 380 387 495 640 
0 361 379 386 496 640 
0 360 384 385 497 640 
0 360 498 640 
0 361 499 640 
0 361 500 640 
0 361 498 499 501 640 
0 362 497 640 
0 362 496 640 
0 363 493 496 499 640 
0 364 492 640 
0 367 494 640 
0 367 497 640 
0 367 370 371 385 387 498 640 
0 367 370 373 384 387 499 640 
0 72 74 366 370 374 384 387 496 498 499 640 
0 71 75 366 370 375 385 387 496 640 
0 71 75 366 370 377 386 387 496 640 
0 71 75 367 370 378 498 640 
0 70 76 368 369 380 412 419 500 640 
0 69 77 381 385 386 412 419 503 640 
0 68 78 382 412 420 490 492 506 640 
0 69 77 385 411 422 491 495 503 505 509 640 
0 71 75 387 411 423 488 489 492 498 504 507 509 640 
0 71 75 388 411 424 493 502 504 640 
0 71 75 389 411 425 493 640 
0 71 75 391 410 426 486 640 
0 71 75 394 410 426 488 640 
0 71 75 395 410 426 478 481 492 640 
0 71 75 395 409 427 479 484 501 640 
0 71 75 394 409 427 474 475 480 486 488 494 502 640 
0 71 75 394 409 427 481 487 489 640 
0 70 75 394 408 427 475 478 482 488 489 640 
0 68 76 394 408 427 444 447 476 477 487 640 
0 65 77 394 408 428 444 448 487 640 
0 62 77 394 407 428 444 450 463 464 479 485 488 640 
0 60 80 394 407 428 445 453 468 475 479 486 489 640 
0 58 83 395 407 428 445 455 468 476 480 488 490 640 
0 57 86 395 407 428 445 458 468 477 481 640 
0 57 87 395 407 428 445 459 467 478 481 640 
0 57 87 396 406 428 445 461 467 479 482 640 
0 58 87 397 406 429 445 463 468 480 482 640 
0 59 86 398 405 429 444 463 464 465 468 640 
0 60 85 399 405 429 444 465 467 640 
0 60 85 400 403 429 443 465 467 640 
0 59 85 430 442 465 467 640 
0 59 85 430 442 465 466 640 
0 59 85 431 441 464 466 640 
0 59 85 433 439 640 
0 59 85 640 
0 59 85 640 
0 59 85 640 
0 59 85 640 
0 59 85 640 
0 59 85 640 
0 59 85 640 
0 59 85 640 
0 59 85 640 
0 59 85 640 
0 58 85 640 
0 58 85 640 
0 54 86 640 
0 53 89 640 
0 51 91 640 
0 42 92 640 
0 40 96 640 
0 39 102 640 
0 39 104 640 
0 38 104 640 
0 38 105 274 275 640 
0 37 105 273 275 640 
0 37 105 272 276 640 
0 36 106 271 277 640 
0 36 106 270 277 640 
0 35 107 270 278 640 
0 35 107 135 137 269 278 640 
0 34 107 134 138 268 279 640 
0 34 108 134 138 268 280 640 
0 33 108 133 139 267 280 640 
0 33 108 133 139 266 281 640 
0 32 109 132 140 266 282 640 
0 32 109 131 141 265 282 640 
0 31 110 131 141 264 283 640 
0 32 110 130 142 264 284 640 
0 34 110 130 142 263 284 640 
0 34 110 129 143 262 285 640 
0 34 108 128 143 262 286 640 
0 34 108 128 144 261 286 640 
0 34 108 127 145 260 287 640 
0 34 108 126 145 260 287 640 
0 34 108 126 146 260 287 640 
0 34 108 125 146 260 287 640 
0 34 108 124 147 260 287 640 
0 34 108 124 148 260 287 640 
0 34 108 123 148 260 287 640 
0 34 107 123 149 260 287 640 
0 34 107 122 149 260 287 640 
0 34 107 121 150 260 287 640 
0 34 107 121 150 260 287 640 
0 34 107 121 150 260 287 640 
0 34 107 121 150 260 287 640 
0 34 107 121 150 260 287 640 
0 34 107 121 150 260 287 640 
0 34 107 121 150 260 287 640 
0 34 107 121 150 260 287 640 
0 34 107 121 150 260 287 640 
0 34 107 121 150 261 287 640 
0 34 107 121 150 261 287 640 
0 34 107 121 150 261 287 640 
0 34 107 121 150 261 287 640 
0 33 107 121 150 261 287 640 
0 33 107 120 150 261 287 640 
0 33 107 120 150 261 287 640 
0 33 107 120 150 261 287 640 
0 33 107 120 150 261 287 640 
0 33 107 120 150 261 287 640 
0 33 107 120 150 261 287 640 
0 33 107 122 150 261 287 640 
0 33 107 122 151 261 287 640 
0 33 107 122 164 261 287 640 
0 33 107 122 184 261 287 640 
0 33 107 122 206 261 287 640 
0 33 107 122 224 261 287 640 
0 32 107 122 238 261 287 640 
0 32 108 120 241 261 287 640 
0 31 242 261 287 640 
243 261 287 640 
244 261 287 640 
245 261 287 640 
246 261 287 640 
247 261 287 640 
248 261 287 640 
249 261 287 640 
250 261 287 640 
251 261 287 640 
252 261 287 640 
253 261 287 640 
255 261 287 640 
256 261 286 640 
257 261 286 640 
258 261 286 640 
259 261 286 640 
286 640 
286 640 
286 640 
286 640 
286 640 
286 640 
286 640 
286 640 
286 640 
286 640 
286 640 
286 640 
286 640 
286 640 
286 640 
286 640 
286 640 
286 640 
286 640 
286 640 
286 640 
286 640 
286 640 
286 640 
286 640 
286 640 
286 640 
286 640 
286 640 
286 640 
286 640 
286 640 
286 640 
286 640 
286 640 
286 640 
286 640 
286 640 
286 640 
286 640 
286 640 
286 640 
286 640 
286 640 
286 640 
286 640 
286 640 
286 640 
286 640 
286 640 
286 640 
286 640 
286 640 
286 640 
286 640 
286 640 
286 640 
286 640 
286 640 
286 640 
286 640 
286 640 
286 640 
286 640 
286 640 
286 640 
286 640 
286 640 
286 640 
286 640 
286 640 
286 640 
286 640 
286 640 
286 640 
286 640 
286 640 
286 640 
286 640 
286 640 
286 640 
286 640 
286 640 
286 640 
