

















































































































































280 296 
275 301 
272 303 
269 305 
266 307 
264 309 
263 311 
262 312 
262 313 
262 314 
261 315 
261 315 
260 315 
260 316 
203 207 260 316 
202 208 259 316 
200 208 230 232 258 317 
200 208 228 232 257 317 
197 199 200 206 207 209 226 232 255 318 
197 206 225 231 253 318 
197 207 223 233 238 240 250 319 
197 204 205 207 220 319 
197 204 205 207 220 319 
198 205 207 208 219 320 
198 205 219 320 
199 205 218 320 
199 204 218 320 
200 203 204 205 212 320 
200 203 204 205 211 320 
201 203 209 319 
202 204 208 319 
203 205 207 318 
203 317 
204 317 
202 316 
199 316 
174 316 
173 316 
172 316 
172 315 
171 315 
170 315 
169 315 
167 315 
166 316 
165 316 
164 317 
163 317 
162 310 313 316 
162 310 
162 310 
162 310 
162 171 172 309 
162 170 173 309 
162 168 173 305 
163 166 173 302 
174 300 
174 294 295 296 
174 289 
175 286 
175 285 
175 283 
175 280 
176 190 191 278 
177 180 190 276 
189 274 
189 271 
188 269 
187 267 
186 264 
185 262 
185 261 
184 259 
183 257 
182 255 
181 253 
180 251 
179 250 
178 249 
178 247 
177 246 
176 245 
176 244 
175 243 
174 242 
174 241 
173 240 
172 239 
172 238 
171 237 
171 236 
170 235 
170 234 
169 233 
169 232 
168 230 
168 230 
167 229 
167 228 
167 227 
166 226 
166 226 
165 225 
165 225 
164 225 
164 224 
163 224 
163 223 
162 223 
162 223 
162 222 
161 222 
161 222 
160 221 
160 221 
159 221 
159 220 
158 220 
158 220 
158 220 
157 219 
157 219 
156 219 
156 219 
156 218 
155 218 
155 218 
154 217 
154 217 
153 217 
153 216 
152 216 
152 216 
152 216 
151 215 
151 215 
150 215 
150 215 
150 214 
149 214 
149 214 
148 214 
148 213 
147 213 
147 213 
147 212 
146 212 
146 212 
146 212 
145 212 
145 211 
144 211 
144 211 
143 211 
143 210 
142 210 
142 210 
142 210 
142 210 
141 210 
141 209 
141 209 
140 209 
140 209 
139 209 
139 209 
139 209 
138 209 
138 208 
138 208 
137 208 
137 208 
137 208 
136 208 
136 208 
136 208 
135 208 
135 208 
135 208 
134 208 
134 208 
134 208 
133 208 
133 209 
133 209 
132 209 
132 210 
131 210 
131 210 
131 210 
130 210 
130 211 
129 211 
129 211 
128 212 
128 212 
128 213 
128 163 169 213 
129 163 174 213 
130 162 174 213 
132 162 175 214 
135 162 175 214 
139 162 175 214 
146 162 175 214 
148 163 176 214 
148 163 176 213 
146 163 176 213 
143 163 176 213 
141 163 175 212 
140 163 175 212 
139 163 175 212 
138 163 175 211 
137 163 175 211 
135 163 175 210 
133 163 176 209 
132 162 177 208 
131 162 178 204 
130 162 181 203 
130 161 182 198 
129 161 182 197 
129 161 182 197 
129 160 181 197 
128 159 181 197 
128 158 181 197 
127 156 180 197 
127 154 180 197 
127 152 180 197 
127 151 179 197 
128 149 179 197 
129 148 178 197 
130 146 178 197 
177 196 
177 196 
176 196 
176 196 
176 196 
175 196 
175 196 
175 195 
174 195 
174 195 
174 194 
174 194 
174 193 
174 193 
174 192 
174 191 
175 190 
176 189 
177 187 
179 185 



















































































