0 9 15 45 47 60 61 640 
0 10 16 46 48 60 62 640 
0 11 17 47 49 640 
5 12 19 48 50 640 
11 13 20 49 50 640 
22 640 
28 50 51 640 
35 50 52 640 
41 50 52 640 
48 50 52 640 
54 640 
57 640 
64 640 
69 640 
75 640 
80 640 
82 640 
85 640 
89 640 
92 640 
96 640 
100 640 
104 640 
107 640 
112 640 
45 46 115 640 
45 66 118 640 
48 88 121 640 
52 640 
55 640 
59 640 
60 640 
64 640 
65 640 
69 640 
71 640 
73 640 
75 640 
78 640 
79 640 
83 640 
84 640 
87 640 
88 640 
91 640 
92 93 95 640 
96 640 
96 640 
98 640 
90 93 101 640 
91 96 103 640 
92 99 106 640 
94 103 106 108 110 640 
67 69 95 103 111 640 
70 72 97 100 112 640 
102 103 104 110 115 640 
101 113 116 640 
99 640 
56 59 99 640 
53 61 99 122 124 640 
49 64 100 640 
51 64 72 86 100 640 
54 61 68 88 101 640 
66 90 102 640 
65 91 102 640 
65 92 102 640 
68 94 103 640 
73 74 76 95 103 640 
76 96 104 640 
77 98 104 640 
81 99 105 640 
85 100 105 640 
89 102 105 640 
93 102 106 640 
97 100 108 640 
106 640 
100 640 
95 640 
95 128 135 640 
98 104 134 640 
132 640 
130 640 
129 640 
128 640 
128 640 
129 640 
130 640 
130 640 
131 640 
86 91 131 640 
88 91 132 640 
132 640 
133 640 
133 640 
134 640 
134 640 
135 640 
135 640 
135 640 
136 640 
136 640 
0 1 137 640 
0 5 137 640 
0 9 138 640 
1 13 38 39 138 640 
2 22 40 42 138 640 
3 22 41 43 139 640 
4 25 42 45 139 640 
5 26 43 46 140 640 
7 28 44 48 140 640 
8 31 46 50 140 640 
9 33 46 51 141 640 
10 35 48 54 141 640 
11 37 41 42 49 56 142 640 
12 39 41 44 51 58 142 640 
13 45 52 59 142 640 
15 48 53 60 143 640 
16 50 55 61 143 640 
17 53 56 62 143 640 
18 55 57 62 144 640 
19 62 144 640 
21 61 144 640 
0 2 22 60 145 640 
0 3 23 59 145 640 
1 5 25 58 145 640 
0 7 26 58 146 640 
0 10 27 57 146 640 
0 14 29 57 146 640 
0 18 30 56 147 640 
1 21 31 56 147 640 
2 25 32 55 147 640 
2 31 33 55 147 640 
3 54 148 640 
3 54 148 640 
4 53 148 640 
5 53 148 640 
6 52 149 640 
6 52 149 640 
7 51 149 640 
8 51 150 640 
8 50 150 640 
9 50 150 640 
10 50 150 640 
11 50 150 640 
12 49 151 640 
13 49 151 640 
13 49 151 640 
14 49 151 640 
15 48 151 640 
15 48 151 640 
16 47 152 640 
17 47 152 640 
18 47 152 640 
19 46 152 640 
20 46 152 640 
21 46 152 640 
22 46 153 640 
22 46 153 640 
23 46 153 640 
24 45 153 640 
25 45 153 640 
26 45 154 640 
28 45 154 640 
29 31 35 45 154 640 
41 45 154 640 
154 640 
155 640 
155 640 
155 640 
155 640 
155 640 
155 640 
156 640 
156 640 
156 640 
156 640 
156 640 
156 640 
156 640 
157 640 
157 640 
157 640 
157 640 
157 640 
157 640 
157 640 
157 640 
158 640 
158 640 
162 640 
168 640 
171 640 
175 640 
179 640 
183 640 
186 640 
189 640 
192 640 
195 640 
198 640 
201 640 
203 640 
205 640 
208 640 
210 640 
212 640 
100 104 214 640 
100 106 216 640 
100 108 218 640 
100 110 220 640 
100 113 223 640 
100 115 224 640 
100 117 226 640 
100 120 228 640 
100 122 230 640 
102 125 232 640 
105 128 233 640 
107 131 235 640 
110 134 236 640 
113 137 238 640 
116 140 240 640 
118 144 241 640 
121 149 243 640 
124 152 245 640 
127 156 246 640 
130 163 248 640 
132 168 249 640 
135 176 251 640 
138 181 252 640 
141 185 253 640 
144 191 255 640 
146 196 256 640 
149 201 258 640 
152 205 259 640 
154 208 261 640 
157 213 262 640 
160 217 263 640 
162 220 265 640 
165 223 266 640 
168 226 267 640 
171 229 269 445 489 640 
174 232 270 442 494 640 
177 234 272 435 500 640 
180 236 273 427 506 640 
183 239 275 418 511 640 
187 242 277 411 517 640 
190 244 278 405 523 640 
194 246 279 399 529 640 
198 249 282 394 534 640 
204 250 291 389 536 571 576 640 
158 162 212 251 293 381 541 564 576 640 
159 165 220 252 295 378 545 552 575 640 
160 170 303 373 575 640 
162 175 308 367 575 640 
164 179 311 362 576 580 581 640 
166 183 313 356 581 640 
168 187 315 352 592 640 
169 191 316 347 599 640 
171 195 316 342 600 640 
173 199 316 336 597 640 
175 203 316 330 589 640 
177 206 315 325 581 640 
179 211 315 322 580 640 
180 214 315 318 583 640 
182 218 584 640 
184 222 583 640 
186 225 579 640 
188 230 580 640 
190 233 583 600 601 640 
192 235 584 587 588 596 601 640 
194 239 588 591 600 640 
196 242 587 589 598 640 
198 246 597 640 
200 249 595 640 
203 252 592 621 627 640 
206 254 594 615 627 640 
209 256 595 610 626 640 
214 258 597 605 624 640 
222 260 598 602 620 640 
241 257 617 640 
613 640 
610 640 
606 640 
603 640 
603 640 
604 615 618 640 
619 621 622 640 
621 640 
619 640 
616 640 
610 640 
609 640 
609 640 
610 640 
610 640 
611 640 
611 640 
611 640 
612 640 
612 640 
613 640 
613 640 
614 640 
614 640 
615 640 
616 640 
616 640 
617 621 629 640 
630 640 
630 640 
631 640 
632 640 
632 640 
632 640 
628 640 
622 640 
621 640 
620 640 
621 640 
622 640 
628 640 
630 638 
631 635 



639 640 
638 640 
637 640 
630 632 636 640 
630 632 



































































633 637 
634 640 
635 640 
639 640 


225 227 
224 230 
224 231 
223 234 
223 236 
223 238 
224 240 
224 242 
224 244 
223 246 
223 248 
222 250 
222 252 
221 254 
221 257 
220 259 
220 261 621 627 
219 264 622 630 
219 267 626 632 
218 270 630 634 
218 272 635 637 
217 275 
217 278 
216 281 
216 283 
216 286 
215 289 
215 292 
214 295 
214 298 
213 302 
213 306 
212 310 
210 314 
209 318 
209 321 
209 325 
208 329 
208 334 602 603 
207 341 601 607 
207 344 602 610 
203 349 604 614 624 628 
202 354 608 617 624 631 
202 361 611 623 624 636 
202 367 614 640 
202 370 617 640 
203 376 618 640 
204 383 619 640 
205 390 572 574 619 640 
0 1 205 396 571 581 621 640 
0 5 204 401 572 588 624 640 
0 10 204 408 576 591 601 606 627 640 
0 16 203 416 579 593 601 610 629 640 
0 22 202 425 582 595 601 614 631 640 
0 29 201 433 584 596 601 619 632 640 
0 34 201 438 589 622 633 640 
0 40 201 441 590 626 632 640 
0 45 200 445 590 630 631 640 
0 48 199 448 490 493 590 640 
0 50 197 452 488 499 590 640 
0 52 191 193 195 455 490 502 594 640 
0 54 190 458 496 504 596 640 
0 59 191 462 501 506 597 640 
0 68 192 467 598 640 
0 75 193 471 599 640 
0 80 194 475 602 640 
0 85 176 180 193 480 570 571 604 640 
0 88 167 169 171 183 192 484 573 588 606 640 
0 89 166 186 190 488 574 592 608 640 
0 90 166 491 578 596 605 606 609 640 
0 90 167 493 580 599 605 606 609 640 
0 91 166 496 582 603 608 640 
0 91 135 145 148 153 158 498 584 640 
0 92 135 500 586 640 
0 93 135 504 588 640 
0 93 135 504 590 640 
