0 153 188 333 398 640 
0 153 189 334 398 640 
0 153 189 335 398 640 
0 154 189 336 399 640 
0 154 189 336 399 640 
0 154 190 336 400 640 
0 154 190 335 400 640 
0 155 190 334 401 640 
0 155 190 334 401 640 
0 155 191 333 402 640 
0 156 191 332 402 640 
0 156 191 331 403 640 
0 156 192 331 403 640 
0 157 192 330 404 640 
0 157 192 329 405 640 
0 158 192 328 405 640 
0 158 193 327 406 640 
0 158 193 327 407 640 
0 159 193 326 408 640 
0 159 194 325 408 640 
0 160 194 324 409 640 
0 160 194 323 410 640 
0 160 194 322 411 640 
0 161 195 321 412 640 
0 161 195 320 412 640 
0 162 195 319 413 640 
0 162 196 318 414 640 
0 163 196 317 414 640 
0 163 196 316 415 640 
0 163 196 315 416 640 
0 164 197 314 417 640 
0 164 197 313 418 640 
0 165 197 312 418 640 
0 165 198 311 419 640 
0 166 198 310 419 640 
0 166 198 308 420 640 
0 167 198 307 421 640 
0 167 199 306 421 640 
0 167 199 305 422 640 
0 168 199 304 422 640 
0 168 200 303 423 640 
0 168 200 302 424 640 
0 169 200 301 424 640 
0 169 200 300 425 640 
0 169 200 299 425 640 
0 169 200 298 425 640 
0 169 200 296 425 640 
0 169 199 296 425 640 
0 170 198 295 426 640 
0 170 198 294 426 640 
0 170 198 292 425 640 
0 170 197 291 417 420 422 640 
0 170 197 290 412 640 
0 170 196 288 412 640 
0 170 196 287 411 640 
0 170 196 286 411 640 
0 170 195 285 412 640 
0 170 195 285 412 640 
0 170 195 283 412 640 
0 170 194 283 412 640 
0 169 194 282 412 640 
0 169 193 281 412 640 
0 169 192 280 412 640 
0 169 192 279 412 640 
0 169 191 278 413 640 
0 169 191 277 413 640 
0 169 191 276 413 640 
0 168 191 275 413 640 
0 168 190 274 413 640 
0 168 190 272 413 640 
0 168 190 271 413 640 
0 168 189 270 413 640 
0 168 188 269 413 640 
0 168 188 268 413 640 
0 167 188 267 413 640 
0 167 188 266 413 640 
0 167 188 265 413 640 
0 167 188 264 413 640 
0 167 187 263 413 640 
0 167 187 263 414 640 
0 168 187 262 414 640 
0 168 187 261 414 640 
0 168 186 260 414 640 
0 168 186 259 414 640 
0 168 186 258 414 640 
0 168 186 257 414 640 
0 168 186 256 414 640 
0 168 186 255 414 640 
0 169 187 254 414 640 
0 169 186 253 414 640 
0 169 186 252 414 640 
0 169 186 251 414 640 
0 169 186 251 414 640 
0 170 187 250 414 640 
0 170 187 249 414 640 
0 170 187 248 414 640 
0 170 187 248 414 640 
0 171 187 247 414 640 
0 171 187 247 414 640 
0 171 187 246 414 640 
0 172 188 246 414 640 
0 172 188 245 414 640 
0 172 188 245 414 640 
0 173 188 245 414 640 
0 173 188 244 414 640 
0 174 188 244 414 640 
0 174 189 243 414 640 
0 175 189 243 414 640 
0 175 189 242 414 640 
0 176 190 242 414 640 
0 176 190 242 414 640 
0 177 190 242 413 640 
0 177 191 242 413 640 
0 178 191 242 412 640 
0 178 192 242 412 640 
0 179 192 243 253 255 411 640 
0 180 193 243 253 254 409 640 
0 181 194 244 251 253 408 640 
0 182 195 249 250 253 407 640 
0 182 196 252 407 640 
0 184 197 251 406 640 
0 185 198 251 406 640 
0 186 199 250 405 640 
0 188 201 249 405 640 
0 189 203 248 404 640 
0 190 205 247 403 640 
0 192 208 246 402 640 
0 194 209 245 401 636 
0 196 211 244 400 632 
0 198 210 243 399 628 
0 242 398 625 
0 241 398 622 
0 241 397 618 
0 240 396 614 
0 239 394 611 
0 238 394 607 
0 237 393 604 
0 237 393 601 
0 236 393 596 
0 235 393 593 
0 235 393 589 
0 234 392 586 
0 234 392 582 
0 233 392 578 
0 233 392 574 
0 233 392 570 
0 232 392 566 
0 232 392 563 
0 231 392 558 
0 230 392 553 
0 230 392 549 
0 229 392 546 
0 229 392 542 
0 230 392 536 
0 230 392 532 
0 230 392 528 
0 231 392 525 
0 231 248 249 392 520 
0 231 248 251 258 261 392 515 
0 231 247 254 258 264 283 289 392 510 
0 231 243 269 282 295 392 506 
0 231 242 297 393 502 
0 231 240 299 393 498 
0 232 240 302 393 493 
0 232 240 305 316 320 393 489 
0 232 239 327 394 484 
0 233 238 330 394 480 
0 234 236 333 394 477 
0 336 395 472 
0 339 395 467 
0 343 395 463 
0 343 396 460 
0 342 396 456 
0 342 393 450 
0 342 390 446 
0 342 389 442 
0 342 389 439 
0 341 389 434 
0 341 389 428 
0 341 389 423 
0 341 381 384 388 419 
0 340 381 384 386 415 
0 340 374 377 380 410 
0 340 373 379 380 404 
0 340 373 398 
0 340 373 393 
0 340 373 388 
0 339 372 383 
0 339 373 377 
0 339 
0 339 
0 339 
0 339 
0 339 
0 337 
0 330 
0 325 
0 317 
0 308 
0 300 
0 291 
0 285 
0 275 
0 266 
0 256 
0 246 
0 240 
0 228 
0 218 
0 208 
0 195 
0 189 
0 176 
0 164 
0 152 
0 141 
0 131 
0 118 
0 103 
0 89 
0 75 
0 66 
0 48 
0 34 
0 17 























































638 640 
638 640 
637 640 
636 640 
635 640 
635 640 
634 640 
633 640 
632 640 
631 640 
630 640 
629 640 
628 640 
628 640 
627 640 
626 640 
625 640 
624 640 
623 640 
622 640 
621 640 
621 640 
620 640 
619 640 
618 640 
617 640 
616 640 
615 640 
614 640 
613 640 
612 640 
611 640 
610 640 
610 640 
609 640 
608 640 
607 640 
606 640 
605 640 
604 640 
603 640 
602 640 
601 640 
600 640 
599 640 
598 640 
597 640 
596 640 
595 640 
595 640 
593 640 
592 640 
592 640 
590 640 
590 640 
588 640 
587 640 
587 640 
585 640 
584 640 
583 640 
582 640 
581 640 
580 640 
579 640 
578 640 
577 640 
576 640 
575 640 
574 640 
573 640 
572 640 
571 640 
570 640 
569 640 
568 640 
567 640 
565 640 
564 640 
563 640 
562 640 
561 640 
560 640 
31 32 559 640 
27 34 558 640 
19 36 557 640 
12 38 556 640 
6 40 555 640 
0 42 553 640 
0 43 552 640 
0 45 551 640 
0 47 550 640 
0 49 549 640 
0 51 548 640 
0 52 547 640 
0 55 546 640 
0 56 544 640 
0 58 543 640 
0 60 542 640 
0 62 541 640 
0 64 540 640 
0 66 539 640 
0 68 538 640 
0 70 536 640 
0 72 535 640 
0 74 534 640 
0 76 533 640 
0 78 532 640 
0 80 531 640 
0 81 530 640 
0 84 528 640 
0 86 527 640 
0 88 525 640 
0 90 524 640 
0 92 523 640 
0 94 522 640 
0 96 521 640 
0 99 519 640 
0 101 518 640 
0 104 516 640 
0 106 513 640 
0 108 511 640 
0 111 508 640 
0 113 505 640 
0 115 503 640 
0 117 499 640 
0 120 496 640 
0 122 493 640 
0 125 490 640 
0 127 488 640 
0 130 483 640 
0 134 480 640 
0 137 477 640 
0 140 474 640 
0 143 470 640 
0 146 466 640 
0 149 463 640 
0 152 459 640 
0 156 456 640 
0 159 453 640 
0 162 448 640 
0 165 444 640 
0 169 440 640 
0 173 437 640 
0 176 434 640 
0 180 430 640 
0 184 426 640 
0 189 422 640 
0 193 418 640 
0 196 414 640 
0 200 410 640 
0 205 406 640 
0 212 402 640 
0 219 398 640 
0 224 393 640 
0 233 273 285 388 640 
0 250 257 289 384 640 
0 292 378 640 
0 296 373 640 
0 300 368 640 
0 305 362 640 
0 310 356 640 
0 319 349 640 
0 336 342 640 
0 640 
0 640 
0 640 
0 640 
0 640 
0 640 
0 640 
0 640 
0 640 
0 640 
0 640 
0 640 
0 640 
0 640 
0 640 
0 640 
0 640 
0 640 
0 640 
0 640 
0 640 
0 640 
0 640 
0 640 
0 640 
0 640 
0 640 
0 640 
0 640 
0 640 
0 640 
0 640 
0 640 
0 640 
0 640 
0 640 
