0 153 158 640 
0 152 158 640 
0 150 159 640 
0 149 160 640 
0 148 160 640 
0 147 161 640 
0 145 161 640 
0 144 162 640 
0 143 162 640 
0 142 162 640 
0 141 163 640 
0 140 164 640 
0 139 164 640 
0 138 165 640 
0 138 165 640 
0 137 166 640 
0 136 166 640 
0 135 166 640 
0 134 166 640 
0 133 167 640 
0 132 167 640 
0 131 168 640 
0 130 168 640 
0 130 168 640 
0 128 169 640 
0 127 169 640 
0 127 170 640 
0 126 170 640 
0 125 170 640 
0 124 171 640 
0 123 171 640 
0 122 172 640 
0 121 172 640 
0 120 172 640 
0 119 172 640 
0 118 173 640 
0 118 173 640 
0 117 173 640 
0 116 174 640 
0 115 174 640 
0 113 175 640 
0 104 175 640 
0 90 176 640 
0 85 176 640 
0 81 176 640 
0 79 177 640 
0 76 177 640 
0 74 177 640 
0 72 179 640 
0 70 182 640 
0 69 186 640 
0 67 188 640 
0 66 190 640 
0 64 193 640 
0 63 196 640 
0 62 198 640 
0 60 200 640 
0 59 201 640 
0 58 203 640 
0 57 205 640 
0 56 206 640 
0 56 208 640 
0 55 209 640 
0 54 210 640 
0 53 212 640 
0 52 213 640 
0 52 214 640 
0 51 215 640 
0 50 217 640 
0 49 218 640 
0 48 219 640 
0 48 219 640 
0 47 221 640 
0 47 222 640 
0 46 223 640 
0 45 224 640 
0 45 224 640 
0 44 225 640 
0 44 226 640 
0 43 227 640 
0 43 228 640 
0 42 229 640 
0 42 230 640 
0 41 230 640 
0 41 231 640 
0 40 232 640 
0 40 232 640 
0 40 233 640 
0 39 234 640 
0 39 235 640 
0 39 235 640 
0 38 236 640 
0 38 236 640 
0 38 237 640 
0 37 237 424 425 640 
0 37 238 640 
0 37 239 640 
0 36 239 640 
0 36 240 640 
0 35 240 640 
0 35 241 640 
0 35 241 640 
0 35 241 640 
0 34 242 640 
0 34 242 640 
0 34 242 640 
0 34 243 640 
0 33 243 640 
0 33 243 640 
0 33 244 640 
0 33 244 640 
0 33 245 640 
0 33 245 640 
0 33 245 640 
0 32 246 640 
0 32 246 640 
0 32 246 640 
0 32 246 640 
0 32 246 640 
0 33 247 640 
0 32 247 640 
0 32 247 640 
0 32 247 640 
0 32 247 640 
0 32 247 640 
0 32 247 640 
0 32 247 640 
0 32 247 640 
0 32 247 640 
0 32 247 640 
0 33 247 640 
0 33 247 640 
0 33 247 623 626 640 
0 32 247 622 626 640 
0 31 247 621 626 640 
0 29 247 621 625 640 
0 27 247 620 625 640 
0 25 247 620 625 640 
0 21 247 620 624 640 
0 15 247 622 624 640 
0 12 247 640 
0 8 247 640 
0 6 248 640 
0 5 248 640 
0 3 247 640 
0 2 247 640 
247 640 
247 640 
247 640 
246 640 
246 640 
246 537 540 640 
245 535 540 640 
245 534 539 640 
244 533 536 640 
243 640 
243 640 
242 640 
242 640 
241 640 
241 640 
240 640 
240 640 
240 640 
240 640 
240 640 
240 640 
240 640 
240 640 
240 640 
240 640 
241 640 
241 640 
241 640 
241 640 
242 640 
242 640 
0 2 242 640 
0 4 243 640 
0 5 243 640 
0 7 244 640 
0 8 244 640 
0 11 245 640 
0 13 245 640 
0 14 245 640 
0 16 246 640 
0 18 246 640 
0 21 247 640 
0 23 247 640 
0 25 247 640 
0 27 248 640 
0 29 248 640 
0 29 249 640 
0 28 248 640 
0 28 248 640 
0 28 246 640 
0 27 245 640 
0 27 243 640 
0 26 241 640 
0 26 239 640 
0 25 239 640 
0 25 239 640 
0 25 239 640 
0 24 239 640 
0 24 239 640 
0 23 239 640 
0 23 239 640 
0 23 239 640 
0 23 238 640 
0 22 238 640 
0 22 238 640 
0 21 238 640 
0 21 238 640 
0 20 238 640 
0 20 238 640 
0 19 238 640 
0 19 238 640 
0 18 238 640 
0 18 238 640 
0 18 238 640 
0 17 238 640 
0 16 238 640 
0 16 238 640 
0 15 238 640 
0 15 239 640 
0 14 238 640 
0 14 238 640 
0 13 238 640 
0 13 238 640 
0 12 239 640 
0 12 239 640 
0 11 239 640 
0 11 240 640 
0 10 240 640 
0 10 240 640 
0 9 240 640 
0 8 240 640 
0 8 241 640 
0 7 241 640 
0 7 242 640 
0 6 242 640 
0 5 243 640 
0 5 243 640 
0 4 244 640 
0 4 245 640 
0 3 245 640 
0 2 246 640 
0 2 246 640 
0 1 247 640 
247 640 
248 640 
249 640 
249 640 
250 640 
250 640 
246 248 251 640 
246 249 251 640 
247 250 252 640 
247 251 252 640 
248 640 
249 640 
249 640 
250 640 
250 640 
251 640 
251 640 
243 245 252 640 
242 246 252 640 
243 247 252 640 
243 249 253 640 
243 250 253 640 
243 252 254 640 
243 253 254 640 
237 239 243 640 
237 239 243 640 
237 240 243 640 
238 240 243 640 
238 240 243 640 
238 241 243 640 
238 241 243 640 
238 241 243 640 
238 241 243 640 
0 2 238 242 243 640 
0 3 238 242 243 640 
0 4 238 242 243 316 320 640 
0 5 238 242 243 315 321 640 
0 6 238 314 321 640 
0 7 239 314 320 640 
0 9 238 315 319 640 
0 10 237 640 
0 12 43 76 238 640 
0 13 41 80 238 640 
0 14 38 83 238 640 
0 16 35 86 238 640 
0 18 33 88 238 640 
0 21 29 90 238 640 
0 90 238 640 
0 88 238 640 
0 83 238 640 
0 79 238 640 
0 75 238 640 
0 73 238 640 
0 70 238 640 
0 66 238 640 
0 63 238 640 
0 61 238 640 
0 59 239 640 
0 57 234 235 240 640 
0 55 233 236 241 640 
0 53 234 236 242 640 
0 51 243 640 
0 49 244 640 
0 47 245 640 
0 45 246 640 
0 44 246 640 
0 42 246 640 
0 40 247 640 
0 39 247 640 
0 36 247 640 
0 33 247 640 
0 31 246 640 
0 29 246 640 
0 28 246 640 
0 25 239 241 245 640 
0 24 239 242 244 640 
0 23 240 640 
0 22 241 640 
0 21 242 640 
0 21 242 640 
0 20 243 640 
0 19 244 640 
0 19 244 640 
0 19 245 640 
0 18 246 640 
0 18 247 640 
0 18 247 640 
0 17 248 640 
0 17 248 640 
0 17 249 640 
0 17 250 640 
0 17 250 640 
0 17 251 640 
0 18 251 640 
0 18 252 640 
0 19 252 640 
0 19 253 640 
0 19 253 640 
0 20 254 640 
0 20 254 640 
0 20 255 640 
0 21 255 640 
0 21 256 640 
0 21 256 640 
0 21 256 640 
0 22 257 640 
0 22 257 640 
0 22 258 640 
0 21 258 640 
0 21 259 640 
0 21 259 265 272 640 
0 20 273 640 
0 20 274 640 
0 19 274 640 
0 19 274 640 
0 19 274 640 
0 19 274 640 
0 18 274 640 
0 18 273 640 
0 18 273 640 
0 18 273 640 
0 18 272 640 
0 18 272 640 
0 18 272 640 
0 17 272 640 
0 17 272 640 
0 17 271 640 
0 17 271 640 
0 17 271 640 
0 17 271 640 
0 17 271 640 
0 16 271 640 
0 15 271 640 
0 14 271 640 
0 14 271 640 
0 14 272 640 
0 13 273 640 
0 13 274 640 
0 13 276 640 
0 13 278 640 
0 13 280 640 
0 13 284 640 
0 13 286 640 
0 12 289 640 
0 12 290 640 
0 5 8 11 291 640 
0 5 292 640 
0 6 292 640 
0 6 292 640 
0 7 292 640 
0 7 292 640 
0 7 291 640 
0 7 290 640 
0 7 290 640 
0 8 289 640 
0 10 288 640 
0 11 287 640 
0 12 287 640 
0 11 286 640 
0 12 286 640 
0 11 286 640 
0 11 286 640 
0 11 286 640 
0 10 286 640 
0 10 286 640 
0 10 286 640 
0 10 287 640 
0 10 287 640 
0 10 287 640 
0 10 287 640 
0 10 288 640 
0 10 288 640 
0 10 289 640 
0 10 289 640 
0 9 290 640 
0 9 291 640 
0 8 292 640 
0 8 292 640 
0 7 293 640 
0 7 293 640 
0 7 294 640 
0 6 295 640 
0 6 295 640 
0 6 296 640 
0 5 297 640 
0 5 297 640 
0 5 298 640 
0 5 299 640 
0 4 299 640 
0 4 300 640 
0 3 301 640 
0 2 302 640 
0 2 302 640 
0 1 303 640 
303 640 
304 640 
0 1 305 640 
0 2 306 640 
0 2 306 640 
0 2 307 640 
0 2 307 640 
0 2 307 640 
0 3 7 11 308 640 
0 11 308 640 
0 11 309 640 
0 11 310 640 
0 10 311 640 
0 10 311 640 
0 10 312 640 
0 10 312 640 
0 10 312 640 
0 10 313 640 
0 10 68 70 314 640 
0 9 68 71 314 640 
0 9 67 71 243 244 315 640 
0 9 68 71 242 244 315 640 
0 9 68 72 242 244 316 640 
0 9 68 72 242 244 316 640 
0 9 68 72 242 244 317 640 
0 9 68 72 242 244 317 640 
0 8 68 72 318 640 
0 8 68 72 242 243 318 640 
0 8 68 72 319 640 
0 8 68 72 320 640 
0 8 68 72 320 640 
0 7 68 72 321 640 
0 7 68 72 321 640 
0 7 68 72 322 640 
0 7 68 72 322 640 
0 7 68 72 323 640 
0 7 69 73 323 640 
