576 640 
575 640 
574 640 
572 640 
571 640 
569 640 
568 640 
566 640 
565 640 
563 640 
562 640 
560 640 
559 640 
557 640 
556 640 
554 640 
553 640 
551 640 
550 640 
549 640 
547 640 
546 640 
545 640 
544 640 
543 640 
541 640 
540 640 
539 640 
538 640 
537 640 
536 640 
535 640 
534 640 
533 640 
531 640 
530 640 
530 640 
499 512 529 640 
495 518 528 640 
494 522 527 640 
492 640 
492 640 
491 640 
490 640 
489 640 
489 640 
488 640 
488 640 
487 640 
486 640 
486 640 
485 640 
484 640 
483 640 
483 640 
482 640 
481 640 
480 640 
480 640 
480 640 
479 640 
479 640 
478 640 
478 640 
477 640 
477 640 
477 640 
477 640 
476 640 
476 640 
476 640 
475 640 
475 640 
475 640 
475 640 
474 640 
474 640 
474 640 
474 640 
474 640 
473 640 
473 640 
473 640 
473 640 
473 640 
473 640 
473 640 
473 640 
472 640 
472 640 
472 640 
472 640 
472 640 
472 640 
472 640 
472 640 
472 640 
472 640 
472 640 
472 640 
472 640 
472 640 
472 640 
472 640 
473 640 
473 640 
473 640 
473 640 
473 640 
473 640 
473 640 
473 640 
474 640 
474 640 
474 640 
475 640 
475 640 
475 640 
475 640 
475 640 
475 640 
475 640 
426 428 475 640 
420 430 476 503 508 640 
411 418 419 430 476 501 509 640 
401 432 478 499 508 640 
400 432 479 496 510 640 
399 432 479 494 510 640 
398 432 479 480 481 492 510 640 
397 432 482 483 484 489 511 640 
396 433 512 640 
395 432 512 640 
395 432 512 640 
394 433 512 640 
394 432 514 640 
393 432 514 640 
392 432 514 640 
391 432 515 640 
391 431 514 640 
390 431 514 640 
390 431 514 640 
389 430 514 640 
389 430 514 640 
388 430 514 640 
388 430 514 640 
387 429 513 640 
387 429 513 640 
386 429 512 640 
386 428 512 640 
385 428 511 640 
385 428 511 521 527 640 
384 427 511 518 530 640 
384 427 510 516 531 640 
384 427 511 512 533 640 
384 426 534 640 
383 426 536 640 
383 425 536 640 
382 425 536 640 
382 424 539 640 
382 424 540 640 
381 423 541 640 
381 423 542 640 
380 422 542 640 
380 422 544 640 
379 421 545 640 
379 421 546 640 
379 420 547 640 
378 420 547 640 
378 420 548 640 
378 419 548 640 
377 419 549 640 
376 418 549 640 
376 418 551 640 
375 417 551 640 
375 417 552 640 
375 416 552 640 
374 416 553 640 
374 415 553 640 
373 415 554 640 
373 415 555 640 
373 414 555 640 
372 414 555 640 
371 413 556 640 
371 413 557 640 
370 413 557 640 
370 412 558 577 578 640 
370 412 560 575 586 640 
370 411 560 572 592 640 
369 411 561 569 594 640 
369 411 562 567 598 640 
369 410 600 640 
368 410 601 640 
367 409 602 640 
367 409 603 640 
366 409 604 640 
366 408 605 640 
365 408 605 640 
365 408 605 640 
365 407 605 640 
364 407 605 640 
364 407 606 640 
363 406 606 640 
363 406 606 640 
362 405 606 640 
362 405 606 640 
361 404 606 640 
361 404 606 640 
361 404 606 640 
360 403 607 640 
360 403 607 640 
360 402 607 640 
359 402 607 640 
358 402 607 640 
320 328 357 401 608 640 
317 332 357 401 608 640 
315 335 357 400 608 640 
314 337 356 400 608 640 
312 338 355 400 609 640 
311 340 355 399 609 640 
310 341 355 399 609 640 
308 342 354 398 609 640 
306 343 354 398 609 640 
297 299 305 345 353 398 609 640 
288 301 303 345 352 397 609 640 
285 346 352 397 609 640 
283 348 351 397 609 640 
282 350 351 397 609 640 
280 396 610 640 
279 396 610 640 
277 395 610 640 
263 269 276 395 610 640 
262 271 275 395 611 640 
260 394 611 640 
260 394 611 640 
257 394 611 640 
255 393 611 640 
254 393 611 640 
253 393 612 640 
252 393 612 640 
251 392 612 640 
250 392 611 640 
250 392 611 640 
249 391 612 640 
248 391 612 640 
248 391 612 640 
247 390 612 640 
246 390 612 640 
246 390 612 640 
245 389 613 640 
245 389 613 640 
244 389 613 640 
243 390 613 640 
242 391 613 640 
242 392 613 640 
241 393 614 640 
241 393 614 640 
240 394 614 640 
240 395 614 640 
239 395 613 640 
239 395 614 640 
238 396 614 640 
237 396 615 640 
237 397 615 640 
236 397 615 640 
236 397 615 640 
235 397 615 640 
235 397 615 640 
235 397 616 640 
235 397 616 640 
235 397 616 640 
235 396 616 640 
235 396 616 640 
235 396 616 640 
235 396 616 640 
235 395 616 640 
236 395 616 640 
237 395 616 640 
238 395 616 640 
239 395 617 640 
240 395 617 640 
243 395 617 640 
246 394 617 640 
250 394 617 640 
250 394 617 640 
250 394 617 640 
250 394 617 640 
250 393 617 640 
250 393 617 640 
250 393 617 640 
250 393 618 640 
250 393 618 640 
250 393 618 640 
250 392 618 640 
250 392 618 640 
250 392 618 640 
250 392 618 640 
250 392 618 640 
249 391 618 640 
249 391 618 640 
249 391 618 640 
249 390 618 640 
249 390 618 640 
249 390 618 640 
249 390 619 640 
249 390 619 640 
249 389 619 640 
249 389 619 640 
249 389 619 640 
249 389 619 640 
249 388 619 640 
249 388 619 640 
249 388 619 640 
249 388 620 640 
249 387 620 640 
249 387 620 640 
249 387 620 640 
249 386 620 640 
249 386 620 640 
249 386 620 640 
249 385 620 640 
249 385 620 640 
249 385 620 640 
249 384 620 640 
249 384 620 640 
249 384 620 640 
249 383 620 640 
249 383 620 640 
249 382 620 640 
250 382 620 640 
250 382 620 640 
250 381 620 640 
250 381 620 640 
250 380 620 640 
250 380 620 640 
250 379 620 640 
250 378 620 640 
250 378 620 640 
250 377 620 640 
250 376 620 640 
250 376 620 640 
250 375 620 640 
250 374 620 640 
251 374 620 640 
251 373 620 640 
251 372 620 640 
251 372 620 640 
251 371 620 640 
251 370 620 640 
251 369 620 640 
251 368 620 640 
251 367 620 640 
251 367 620 640 
251 366 620 640 
252 365 620 640 
252 364 620 640 
252 363 620 640 
252 363 620 640 
252 363 620 640 
252 364 620 640 
253 364 620 640 
253 365 620 640 
253 366 620 640 
253 367 620 640 
253 368 620 640 
254 368 620 640 
254 369 620 640 
254 370 620 640 
254 371 620 640 
255 372 620 640 
255 373 620 640 
255 374 620 640 
255 374 620 640 
255 375 620 640 
256 376 620 640 
256 377 620 640 
256 377 620 640 
256 378 621 640 
257 379 620 640 
257 380 620 640 
257 381 620 640 
257 382 621 640 
258 382 621 640 
258 383 621 640 
259 384 621 640 
259 385 620 640 
259 386 620 640 
260 386 620 640 
260 387 620 640 
260 388 619 640 
261 389 619 640 
261 390 619 640 
262 390 619 640 
262 391 619 640 
263 392 619 640 
263 393 618 640 
264 394 617 640 
264 394 614 640 
265 395 611 640 
265 396 610 640 
266 397 608 640 
267 398 606 640 
268 399 604 640 
268 400 602 640 
269 401 600 640 
270 401 598 640 
270 402 595 640 
271 403 594 640 
272 404 592 640 
273 405 590 640 
273 405 588 640 
275 406 586 640 
275 407 584 640 
276 407 582 640 
277 408 581 640 
278 409 579 640 
278 410 578 640 
279 411 579 640 
280 411 581 640 
281 412 582 640 
282 413 580 640 
283 414 579 640 
284 415 577 640 
284 416 575 640 
285 416 574 640 
286 417 572 640 
287 418 570 640 
288 419 569 640 
289 420 569 640 
289 421 568 640 
290 422 566 640 
291 422 565 640 
292 423 564 640 
293 424 564 640 
294 425 563 640 
294 426 562 640 
295 426 561 640 
296 427 560 640 
297 428 558 640 
298 428 556 640 
298 429 553 640 
299 430 551 640 
300 431 548 640 
301 432 547 640 
302 433 544 640 
303 433 542 640 
303 434 540 640 
304 435 538 640 
305 436 535 640 
306 437 533 640 
307 437 531 640 
307 438 530 640 
308 439 526 640 
309 440 524 640 
310 441 523 640 
310 442 521 640 
311 443 519 640 
312 443 516 640 
313 444 515 640 
314 445 513 640 
314 445 476 488 510 640 
315 446 471 492 509 640 
316 447 466 496 507 640 
317 448 461 499 505 640 
317 448 458 502 504 640 
318 449 455 640 
319 451 452 640 
320 640 
321 640 
321 640 
322 640 
323 640 
324 640 
325 640 
325 640 
326 640 
327 640 
327 640 
328 640 
329 640 
329 640 
