0 640 
0 640 
0 640 
0 640 
0 640 
0 640 
0 640 
0 640 
0 640 
0 640 
0 640 
0 640 
0 640 
0 640 
0 640 
0 640 
0 640 
0 640 
0 640 
0 640 
0 640 
0 640 
0 640 
0 640 
0 640 
0 640 
0 640 
0 640 
0 640 
0 640 
0 640 
0 640 
0 640 
0 640 
0 640 
0 640 
0 640 
0 640 
0 640 
0 640 
0 640 
0 640 
0 640 
0 640 
0 640 
0 640 
0 640 
0 640 
0 640 
0 640 
0 640 
0 640 
0 640 
0 640 
0 640 
0 640 
0 640 
0 640 
0 640 
0 640 
0 640 
0 640 
0 640 
0 640 
0 640 
0 640 
0 640 
0 640 
0 640 
0 640 
0 640 
0 640 
0 640 
0 640 
0 640 
0 640 
0 640 
0 640 
0 640 
0 640 
0 640 
0 640 
0 640 
0 640 
0 640 
0 640 
0 640 
0 640 
0 640 
0 640 
0 640 
0 640 
0 640 
0 640 
0 640 
0 640 
0 640 
0 640 
0 640 
0 640 
0 640 
0 640 
0 640 
0 640 
0 640 
0 640 
0 640 
0 640 
0 640 
0 640 
0 640 
0 640 
0 640 
0 640 
0 640 
0 640 
0 640 
0 640 
0 640 
0 640 
0 640 
0 640 
0 640 
0 640 
0 640 
0 640 
0 640 
0 640 
0 640 
0 640 
0 640 
0 640 
0 640 
0 640 
0 640 
0 640 
0 640 
0 640 
0 640 
0 640 
0 640 
0 640 
0 640 
0 640 
0 640 
0 640 
0 640 
0 640 
0 640 
0 640 
0 640 
0 640 
0 640 
0 640 
0 640 
0 640 
0 640 
0 640 
0 640 
0 640 
0 640 
0 640 
0 640 
0 640 
0 640 
0 640 
0 640 
0 640 
0 640 
0 640 
0 640 
0 640 
0 640 
0 640 
0 640 
0 640 
0 640 
0 640 
0 640 
0 640 
0 640 
0 640 
0 640 
0 640 
0 640 
0 640 
0 640 
0 640 
0 640 
0 640 
0 640 
0 640 
0 640 
0 640 
0 640 
0 640 
0 640 
0 640 
0 640 
0 640 
0 640 
0 640 
0 640 
0 640 
0 640 
0 640 
0 640 
0 640 
0 640 
0 640 
0 640 
0 640 
0 640 
0 640 
0 640 
0 640 
0 640 
0 640 
0 640 
0 640 
0 640 
0 640 
0 640 
0 308 309 330 331 640 
0 308 309 330 331 640 
0 308 310 329 332 351 353 640 
0 287 288 307 310 329 332 351 353 640 
0 287 288 307 310 329 332 350 352 640 
0 287 288 307 310 328 332 350 352 640 
0 287 289 307 311 328 332 350 352 640 
0 288 289 307 311 328 332 349 352 640 
0 287 290 307 311 327 332 349 352 640 
0 287 290 306 312 327 332 348 352 368 369 640 
0 287 291 306 312 327 333 348 352 367 368 640 
0 270 272 287 291 306 312 326 333 347 352 367 368 640 
0 271 272 287 292 306 313 326 333 347 352 366 368 640 
0 271 273 287 292 306 314 325 333 346 352 365 368 640 
0 272 273 287 293 305 314 325 334 345 352 365 367 640 
0 272 274 287 294 305 315 324 334 345 352 364 367 640 
0 272 274 287 295 304 316 322 335 344 352 363 367 640 
0 273 275 287 295 303 336 343 352 363 367 640 
0 273 276 287 297 301 337 341 352 362 367 640 
0 273 276 287 352 361 366 640 
0 273 277 286 352 361 366 376 377 640 
0 273 278 285 353 360 366 375 377 640 
0 273 279 284 354 359 366 375 377 640 
0 273 366 374 376 640 
0 273 366 373 376 640 
0 273 366 373 376 640 
0 264 265 273 366 372 375 640 
0 265 266 273 366 371 375 640 
0 265 267 272 366 370 374 640 
0 265 268 271 367 369 374 640 
0 266 374 640 
0 266 373 640 
0 266 373 640 
0 266 373 640 
0 266 372 375 376 640 
0 265 372 374 375 640 
0 265 372 374 375 640 
0 265 374 640 
0 265 373 640 
0 266 373 640 
0 266 372 640 
0 267 372 640 
0 267 371 640 
0 268 371 640 
0 268 370 640 
0 269 369 640 
0 269 369 640 
0 270 368 640 
0 270 368 640 
0 270 367 640 
0 271 367 640 
0 271 367 640 
0 272 367 640 
0 272 366 640 
0 272 366 640 
0 272 366 640 
0 272 366 640 
0 273 366 640 
0 273 365 640 
0 273 365 640 
0 273 365 640 
0 273 365 640 
0 273 365 640 
0 273 365 640 
0 273 365 640 
0 273 365 640 
0 273 365 640 
0 273 365 640 
0 273 365 640 
0 273 365 640 
0 273 365 640 
0 273 365 640 
0 273 365 640 
0 273 365 640 
0 273 365 640 
0 273 365 640 
0 272 366 640 
0 272 366 640 
0 272 366 640 
0 272 366 640 
0 272 366 640 
0 272 366 640 
0 272 366 640 
0 271 367 640 
0 271 367 640 
0 271 367 640 
0 271 367 640 
0 270 367 640 
0 270 368 640 
0 270 368 640 
0 270 368 640 
0 270 368 640 
0 270 368 640 
0 270 368 640 
0 270 368 640 
0 270 368 640 
0 270 368 640 
0 271 367 640 
0 271 367 640 
0 272 366 640 
0 272 366 640 
0 273 365 640 
0 274 364 640 
0 275 363 640 
0 276 362 640 
0 277 361 640 
0 279 360 640 
0 280 357 640 
0 282 356 640 
0 285 354 640 
0 286 352 640 
0 288 349 640 
0 292 346 640 
0 295 343 640 
0 300 338 640 
0 305 332 640 
0 308 328 329 330 640 
0 640 
0 640 
0 640 
0 640 
0 640 
0 640 
0 640 
0 640 
0 640 
0 640 
0 640 
0 640 
0 640 
0 640 
0 640 
0 640 
0 640 
0 640 
0 640 
0 640 
0 640 
0 640 
0 640 
0 640 
0 640 
0 640 
0 640 
0 640 
0 640 
0 640 
0 640 
0 640 
0 640 
0 640 
0 640 
0 640 
0 640 
0 640 
0 640 
0 640 
0 640 
0 640 
0 640 
0 640 
0 640 
0 640 
0 640 
0 640 
0 640 
0 640 
0 640 
0 640 
0 640 
0 640 
0 640 
0 640 
0 640 
0 640 
0 640 
0 640 
0 640 
0 640 
0 640 
0 640 
0 640 
0 640 
0 640 
0 640 
0 640 
0 640 
0 640 
0 640 
0 640 
0 640 
0 640 
0 640 
0 640 
0 640 
0 640 
0 640 
0 640 
0 640 
0 640 
0 640 
0 640 
0 640 
0 640 
0 640 
0 640 
0 640 
0 640 
0 640 
0 640 
0 640 
0 640 
0 640 
0 640 
0 640 
0 640 
0 640 
0 640 
0 640 
0 640 
0 640 
0 640 
0 640 
0 640 
0 640 
0 640 
0 640 
0 640 
0 640 
0 640 
0 640 
0 640 
0 640 
0 640 
0 640 
0 640 
0 640 
0 640 
0 640 
0 640 
0 640 
0 640 
0 640 
0 640 
0 640 
0 640 
0 640 
0 640 
0 640 
0 640 
0 640 
0 640 
0 640 
0 640 
0 640 
0 640 
0 640 
