226 380 
226 380 
226 380 
226 380 
226 380 
227 380 
227 380 
227 380 
227 380 
227 380 
227 380 
227 380 
227 379 
228 379 
228 379 
228 379 
228 379 
228 379 
229 379 
229 378 
229 378 
230 378 
230 377 
230 377 
231 377 
231 376 
231 376 
232 375 
232 375 
233 375 
233 374 
234 374 
234 373 
235 373 
235 372 
236 372 
237 371 
237 371 
238 370 
239 369 
239 369 
240 368 
241 367 
241 367 
242 366 
243 365 
244 364 
245 364 
246 363 
247 362 
248 361 
249 360 
250 359 
210 211 251 359 
208 218 252 358 
208 221 253 358 
207 226 254 358 
206 229 255 358 
206 231 236 241 256 358 
205 245 258 358 
205 251 259 358 
204 258 260 358 
204 358 
204 357 
203 357 
203 357 
202 358 
202 359 
199 360 
196 360 
194 361 
191 362 
189 363 
187 363 
186 364 
184 365 
183 365 
181 366 
179 367 
178 367 
177 368 
176 196 198 368 
176 194 198 369 
176 193 198 369 
177 191 198 370 
177 189 198 370 
177 188 197 370 
178 187 198 371 
179 189 198 371 
180 183 184 191 197 372 
185 195 197 372 
186 196 197 372 
186 372 
187 372 
188 373 
188 373 
189 373 
189 373 
190 373 
190 373 
191 373 
191 373 
192 373 
192 373 
192 373 
192 373 
193 373 
193 373 
193 373 
193 373 
193 373 
194 249 250 373 
194 248 251 373 
194 247 251 373 
195 247 251 372 
195 245 251 372 
196 242 251 372 
196 238 251 372 
196 238 252 372 
196 238 252 372 
197 238 252 371 
197 238 252 371 
197 239 253 370 
197 239 253 370 
197 240 253 370 
198 240 254 370 
198 241 254 369 
198 242 255 369 
198 242 255 368 
198 243 256 368 
198 243 256 368 
198 244 257 367 
198 244 257 367 
197 245 258 366 
197 246 258 366 541 544 
196 246 259 365 540 546 
196 247 259 365 540 548 
195 248 260 364 541 552 
195 249 260 363 542 553 
195 251 261 362 542 553 
194 251 262 362 543 553 
194 250 263 361 542 554 
194 243 263 360 541 554 
194 243 264 359 539 555 
193 243 265 358 537 555 
193 243 266 357 535 555 
193 243 267 356 533 555 
192 243 268 355 531 556 
192 244 269 354 529 556 
192 198 202 244 270 353 527 557 
191 195 202 244 271 352 525 556 
202 244 272 351 523 556 
202 244 274 349 375 378 509 513 521 555 
201 244 275 348 374 390 508 515 519 555 
201 245 277 346 376 396 507 516 517 555 
201 245 279 344 379 401 413 418 507 555 
201 245 280 342 379 407 408 424 507 555 
201 245 282 340 375 428 507 554 
201 246 285 338 373 430 507 554 
201 246 287 336 370 432 506 553 
200 246 289 334 369 435 505 552 
200 246 292 333 368 437 503 552 
200 246 295 332 365 438 501 551 
200 247 298 331 361 440 499 550 
200 247 301 330 361 442 496 549 
200 247 302 329 361 443 475 481 494 548 
200 247 304 329 366 445 473 484 491 547 
200 247 304 329 366 446 472 486 490 546 
200 248 305 329 365 448 470 544 
200 248 305 329 364 449 469 543 
200 248 305 329 362 451 468 541 
200 248 305 329 362 452 468 539 
200 248 306 329 361 454 467 533 
200 249 306 329 360 455 467 527 
200 249 306 328 359 456 466 525 
200 249 306 328 358 458 466 524 
201 249 306 328 357 459 466 524 
202 249 307 328 356 460 466 523 
202 250 307 328 355 461 465 523 
202 250 307 328 355 463 465 523 
202 250 307 328 354 523 
202 250 307 328 353 523 
202 250 307 328 352 522 
202 250 308 327 351 522 
202 251 308 326 351 522 
202 251 309 322 350 521 
202 251 309 319 349 521 
201 251 310 317 348 521 
201 252 310 316 347 520 
201 252 311 315 346 348 350 508 509 520 
201 252 349 507 508 519 
201 252 349 518 605 630 
201 252 348 518 596 637 
200 253 347 351 353 517 591 640 
200 253 347 350 352 516 586 640 
200 253 346 349 352 515 581 640 
199 253 352 514 576 640 
198 253 351 513 571 640 
198 253 351 512 559 640 
197 253 351 510 553 640 
197 253 350 509 544 640 
197 254 350 507 539 640 
197 254 332 333 350 505 535 635 
197 204 206 254 331 335 350 503 532 632 
196 204 208 254 330 336 350 501 529 629 
196 203 209 254 330 338 349 501 527 627 
196 203 210 254 329 340 349 501 524 625 
196 203 210 254 329 342 349 350 351 506 513 622 
196 203 210 254 329 345 349 350 351 620 
196 203 210 255 328 617 
196 203 210 255 329 615 
196 202 211 255 329 613 
196 202 211 255 329 613 
195 202 211 255 329 613 
195 202 211 255 329 614 
195 202 212 255 329 615 
195 202 212 255 328 615 
195 204 211 255 328 616 
195 207 211 255 326 617 
195 209 211 255 325 594 599 619 
195 255 323 594 601 620 
195 256 321 596 602 621 
196 257 321 597 604 622 
196 258 320 598 606 623 
196 259 320 600 608 624 
196 260 320 601 610 624 
196 261 320 602 612 624 
197 213 215 262 320 604 616 623 
197 213 216 264 320 605 
198 205 206 213 216 265 320 605 
198 205 207 213 217 266 319 607 
198 204 207 213 217 267 319 565 569 607 
198 204 207 213 218 268 319 562 570 608 
198 204 207 213 218 270 319 559 572 610 
198 204 207 213 219 271 318 556 573 610 
198 204 207 213 219 272 317 554 574 612 
197 204 207 213 220 273 314 552 576 613 
197 204 207 213 220 275 311 549 577 613 
197 204 206 213 221 276 310 545 578 614 
197 204 206 213 222 277 310 543 580 615 
197 204 206 213 222 278 310 540 581 616 
197 204 206 213 223 279 310 537 583 617 
197 204 206 212 224 280 310 534 584 617 
197 204 206 212 224 281 309 531 586 618 
196 204 205 212 225 282 309 527 588 619 
196 212 226 284 308 524 590 620 
196 213 226 285 307 523 592 620 
196 214 227 286 307 523 599 621 
195 215 228 287 306 522 608 622 
194 215 228 288 306 522 610 622 
194 215 229 289 305 521 612 623 
194 215 230 290 305 521 614 623 
193 215 230 291 305 522 616 623 
193 215 231 292 305 524 618 623 
193 215 232 293 305 527 
193 215 233 294 305 528 
193 200 203 215 234 295 305 530 
192 200 208 215 235 296 305 531 
192 200 208 215 236 297 306 532 
192 200 208 215 237 298 306 533 
192 199 208 215 238 299 307 534 
192 199 208 215 238 300 307 535 
192 199 208 215 239 301 308 536 
192 199 209 215 240 302 309 536 
192 199 209 215 241 303 309 537 
192 199 209 215 242 304 310 537 
192 199 209 215 243 305 310 538 
192 199 209 215 244 306 311 538 
192 199 209 215 245 307 312 539 
192 199 208 215 246 308 312 539 
192 199 208 215 246 309 313 539 
192 199 208 215 247 310 314 540 
192 205 207 215 248 311 315 540 
192 214 249 312 315 541 
192 214 250 313 316 541 
192 214 251 314 317 541 
192 214 252 314 317 542 
192 213 253 315 318 542 
192 213 254 316 318 542 
192 213 255 317 319 542 
193 212 256 318 320 543 
194 211 257 319 320 543 
195 210 258 543 
195 202 203 210 258 543 
195 202 203 210 259 544 
195 202 203 210 260 544 
195 202 203 210 261 544 
195 201 203 210 262 544 
195 201 203 210 262 544 
195 201 203 210 263 545 
194 201 203 210 265 545 
194 201 203 210 266 545 
194 201 203 210 267 545 
194 201 203 210 268 546 
194 201 203 210 269 546 
194 201 203 210 270 546 
194 201 203 210 270 546 
193 201 202 210 272 546 
193 201 202 209 273 546 
193 201 202 210 274 546 
193 210 275 546 
193 210 276 546 
193 212 277 546 
192 212 278 546 
192 213 278 545 
191 213 279 545 
191 213 280 545 
191 213 280 544 
191 213 281 544 
190 213 282 543 
190 213 283 543 
190 198 200 205 207 213 284 542 
190 197 207 213 285 542 
190 197 207 213 286 541 
190 197 207 213 287 541 
190 197 207 213 289 540 
190 197 207 213 289 539 
190 197 207 213 290 539 
190 197 207 213 291 538 
190 197 207 213 292 537 
189 196 207 213 293 536 
189 196 207 213 294 535 
189 196 207 213 295 535 
189 196 207 213 297 534 
189 196 207 213 297 533 
188 196 206 213 298 532 
188 196 206 213 300 532 
188 196 206 213 301 531 
189 197 198 204 206 213 302 530 
189 213 303 530 
189 212 304 529 
190 212 305 528 
190 212 305 527 
190 212 305 527 
190 211 304 525 
190 211 303 524 
190 210 303 522 
191 209 302 521 
192 209 301 520 
192 208 301 519 
192 200 202 208 300 518 
192 199 202 208 299 517 
192 199 202 208 299 516 
192 199 202 208 298 515 
192 199 202 208 297 514 
192 199 202 208 297 513 
192 199 202 208 296 512 
192 199 202 208 294 511 
192 199 201 208 291 510 
192 199 201 208 290 509 
192 199 201 207 289 506 
192 199 201 207 288 504 
192 199 201 207 287 503 
192 199 201 207 286 502 
191 199 201 207 286 502 
191 199 200 207 285 501 
191 199 200 207 285 500 
191 207 284 499 
191 207 284 497 
190 208 283 495 
190 210 283 492 
189 210 283 490 
189 210 282 489 
188 210 281 489 
188 210 281 488 
188 210 280 485 
188 210 279 484 
188 210 278 483 
187 210 277 481 
187 195 203 210 277 473 476 478 
187 195 204 211 276 473 
187 195 204 211 276 472 
187 194 204 210 275 466 468 471 
187 194 205 210 275 465 
187 194 204 210 275 464 
187 194 204 210 274 460 
187 194 204 210 274 455 457 459 
187 194 204 210 274 455 
187 194 204 210 274 454 
187 194 204 210 274 454 
187 194 203 210 273 453 
187 194 203 210 273 453 
187 193 203 210 273 453 
187 193 203 210 273 453 
187 193 203 210 273 452 
187 193 197 201 203 210 272 452 
187 194 195 210 272 452 
187 210 271 452 
187 210 271 452 
187 209 270 452 
187 209 270 452 
187 209 269 451 
187 209 269 451 
187 209 268 451 
188 208 268 451 
189 207 267 451 
189 206 267 451 
190 205 266 450 
189 197 198 205 266 450 
189 196 198 205 265 450 
189 196 198 205 265 450 
189 195 198 204 264 450 
189 195 198 204 264 450 
189 195 198 204 263 450 
188 195 198 204 263 449 
188 195 198 204 262 449 
188 195 197 204 261 449 
188 194 197 204 261 449 
188 194 197 204 260 449 
188 194 197 204 260 449 
187 194 197 203 259 449 
187 194 197 203 259 449 
187 194 197 203 258 449 
187 195 196 203 258 448 
186 203 257 448 
186 203 257 448 
185 203 256 448 
185 203 256 448 
184 205 256 448 
184 205 255 448 
184 205 255 447 
183 205 254 447 
183 205 254 447 
183 205 253 447 
183 205 253 447 
183 205 253 447 
182 197 199 205 252 447 
182 189 191 195 199 205 252 447 
182 190 199 205 251 447 
182 190 199 205 251 447 
182 189 199 205 250 448 
182 189 199 205 250 448 
182 189 199 205 250 448 
182 188 199 205 249 448 
181 188 199 205 249 448 
181 188 199 205 248 448 
181 188 198 205 248 448 
181 188 198 205 247 448 
181 188 198 205 247 449 
181 188 198 205 247 449 
181 188 192 194 197 205 247 449 
181 188 191 205 246 449 
181 189 190 204 246 449 
181 204 246 449 
181 204 245 449 
181 204 245 449 
181 204 245 449 
182 204 244 449 
182 204 244 449 
182 203 244 449 
182 203 243 449 
183 203 243 450 
183 202 243 450 
183 202 243 450 
183 201 242 450 
183 190 191 199 242 450 
182 190 191 198 242 450 
182 189 191 198 241 450 
182 189 191 198 241 450 
182 189 191 198 241 450 
182 189 191 197 241 450 
181 188 190 197 241 450 
181 188 190 197 240 450 
181 188 190 197 240 450 
181 188 190 197 240 450 
181 188 190 197 240 450 
180 188 189 196 240 450 
179 196 240 450 
178 196 240 450 
178 196 240 451 
177 195 240 451 
177 195 240 451 
176 196 240 451 
176 197 239 451 
176 197 239 452 
175 198 239 452 
175 197 239 451 
175 197 239 452 
175 198 238 452 
175 198 238 452 
