


































































































































































































































346 347 
328 354 
322 359 
316 366 
312 370 
235 251 308 376 438 456 
230 255 305 379 432 462 
227 260 301 382 429 465 
223 263 298 386 425 468 
221 266 295 389 423 471 
219 269 292 392 420 474 
216 271 290 394 418 476 
214 273 288 397 416 477 
213 276 285 399 414 479 
211 278 283 402 412 481 
209 280 281 404 410 482 
208 406 409 484 
206 485 
205 487 
203 488 
202 489 
201 490 
200 491 
198 493 
197 494 
195 495 
194 496 
193 497 
192 498 
192 500 
190 500 
189 501 
188 502 
187 503 
187 504 
185 505 
185 505 
184 506 
182 507 
182 508 
181 509 
180 510 
179 510 
178 511 
177 512 
177 513 
176 514 
175 514 
174 515 
173 516 
173 516 
172 517 
171 518 
171 519 
170 519 
169 520 
168 521 
167 521 
167 522 
166 523 
166 523 
165 524 
164 524 
164 525 
163 526 
162 526 
162 527 
161 528 
160 528 
160 529 
159 529 
159 530 
158 531 
157 531 
157 532 
156 532 
156 533 
155 534 
155 534 
154 535 
154 535 
153 536 
153 536 
152 537 
152 537 
151 538 
151 538 
150 539 
150 539 
149 540 
149 541 
148 541 
148 542 
147 542 
147 543 
147 543 
146 544 
146 544 
145 544 
145 545 
144 545 
144 546 
144 546 
143 547 
143 547 
142 548 
142 548 
142 549 
141 549 
141 550 
141 550 
140 550 
140 551 
140 551 
139 552 
139 552 
139 553 
138 553 
138 553 
138 554 
137 554 
137 555 
137 555 
137 555 
137 556 
136 556 
136 556 
136 557 
135 557 
135 558 
135 558 
135 558 
135 559 
135 559 
135 559 
134 560 
134 560 
134 560 
134 561 
134 561 
133 561 
133 562 
133 562 
133 562 
133 562 
133 563 
133 563 
133 563 
133 564 
133 564 
133 564 
133 564 
133 565 
133 565 
133 565 
133 565 
133 566 
133 566 
133 566 
133 566 
133 567 
133 567 
133 567 
133 567 
133 568 
133 568 
133 568 
133 568 
133 568 
133 568 
133 569 
133 569 
133 569 
133 569 
134 569 
134 569 
134 569 
134 570 
134 570 
134 570 
134 570 
134 570 
134 570 
135 570 
135 570 
135 570 
135 570 
135 570 
135 570 
135 570 
136 570 
136 570 
136 570 
136 571 
137 571 
137 571 
137 571 
137 571 
138 571 
138 570 
138 570 
139 570 
139 570 
139 197 198 570 
140 197 198 570 
140 197 198 570 
140 197 198 570 
141 197 198 570 
141 197 198 570 
142 197 198 570 
142 197 199 570 
142 197 199 570 
143 196 199 570 
144 196 200 569 
144 185 186 196 200 569 
144 185 187 197 199 569 
145 184 187 569 
145 183 188 569 
146 181 188 568 
147 181 188 568 
147 179 186 568 
148 568 
149 568 
149 567 
150 567 
151 567 
151 566 
152 566 
152 566 
154 565 
154 565 
155 564 
157 564 
157 564 
156 563 
157 563 
158 562 
161 562 
162 561 
164 561 
168 170 173 560 
168 169 173 559 
180 559 
183 185 187 558 
187 191 194 195 197 506 507 557 
197 507 508 556 
197 507 509 555 
197 508 510 555 
197 508 510 554 
197 509 512 553 
197 509 514 552 
197 509 515 552 
197 510 515 552 
