0 640 
0 640 
0 640 
0 640 
0 640 
0 640 
0 640 
0 640 
0 640 
0 640 
0 640 
0 640 
0 640 
0 640 
0 640 
0 640 
0 640 
0 640 
0 640 
0 640 
0 640 
0 640 
0 323 324 640 
0 321 326 640 
0 319 327 640 
0 318 328 640 
0 317 329 640 
0 305 307 316 330 640 
0 305 308 315 330 640 
0 304 309 313 331 640 
0 303 310 312 332 640 
0 302 310 311 333 640 
0 301 333 640 
0 301 334 640 
0 300 335 640 
0 299 336 640 
0 299 336 640 
0 298 337 640 
0 298 337 640 
0 297 338 640 
0 296 338 640 
0 296 339 640 
0 295 340 640 
0 295 340 640 
0 295 341 640 
0 294 342 640 
0 294 342 640 
0 293 342 640 
0 293 343 640 
0 292 344 640 
0 292 344 640 
0 292 345 640 
0 291 345 640 
0 266 279 290 345 640 
0 262 281 287 346 640 
0 261 283 284 346 640 
0 260 347 640 
0 260 347 640 
0 260 347 640 
0 261 347 640 
0 261 348 640 
0 261 348 640 
0 261 348 640 
0 261 349 640 
0 262 349 640 
0 262 350 640 
0 262 350 640 
0 262 350 640 
0 263 350 640 
0 263 350 640 
0 263 349 640 
0 263 349 640 
0 263 349 640 
0 263 348 640 
0 263 347 640 
0 261 347 640 
0 260 346 640 
0 259 347 640 
0 257 348 640 
0 255 349 640 
0 254 350 640 
0 253 351 640 
0 253 352 640 
0 252 353 640 
0 251 354 640 
0 251 354 640 
0 250 355 640 
0 250 356 640 
0 249 356 640 
0 249 357 640 
0 248 357 640 
0 248 358 640 
0 248 359 640 
0 247 359 640 
0 247 360 640 
0 246 361 640 
0 246 361 640 
0 245 361 640 
0 245 362 640 
0 245 362 640 
0 244 362 640 
0 244 363 640 
0 244 363 640 
0 243 364 640 
0 243 364 640 
0 243 364 640 
0 243 365 640 
0 242 365 640 
0 242 366 640 
0 242 366 640 
0 242 366 640 
0 241 367 640 
0 241 367 640 
0 241 367 640 
0 240 368 640 
0 240 368 640 
0 240 368 640 
0 239 368 640 
0 239 369 640 
0 239 369 640 
0 238 240 242 369 640 
0 238 239 242 369 640 
0 242 370 640 
0 243 370 640 
0 243 370 640 
0 243 370 640 
0 243 371 640 
0 243 371 640 
0 243 371 640 
0 245 371 640 
0 245 372 640 
0 246 372 640 
0 247 372 640 
0 248 372 640 
0 248 372 640 
0 249 372 640 
0 253 373 640 
0 256 373 640 
0 258 263 265 373 640 
0 259 263 265 373 640 
0 260 263 266 373 640 
0 261 263 266 373 640 
0 262 264 267 373 640 
0 263 264 267 374 640 
0 267 374 640 
0 267 374 640 
0 266 374 640 
0 265 375 640 
0 264 375 640 
0 264 375 640 
0 263 375 640 
0 262 375 640 
0 263 375 640 
0 264 375 640 
0 266 375 640 
0 268 375 640 
0 269 376 640 
0 270 376 640 
0 270 376 640 
0 270 376 640 
0 270 376 640 
0 271 376 640 
0 272 376 640 
0 274 376 640 
0 274 377 640 
0 276 377 640 
0 276 377 640 
0 277 377 640 
0 278 377 640 
0 278 377 640 
0 279 377 640 
0 280 292 294 377 640 
0 281 290 295 377 640 
0 283 288 295 377 640 
0 295 378 640 
0 295 378 640 
0 295 378 640 
0 295 378 640 
0 295 378 640 
0 293 378 640 
0 292 378 640 
0 290 378 640 
0 289 378 640 
0 287 378 640 
0 286 379 640 
0 285 379 640 
0 284 379 640 
0 283 379 640 
0 282 379 640 
0 281 380 640 
0 280 380 640 
0 280 380 640 
0 279 380 640 
0 278 380 640 
0 277 380 640 
0 277 380 640 
0 276 380 640 
0 275 381 640 
0 275 381 640 
0 274 381 640 
0 273 381 640 
0 273 381 640 
0 272 381 640 
0 271 381 640 
0 270 381 640 
0 269 382 640 
0 268 382 640 
0 267 382 640 
0 267 382 640 
0 266 383 640 
0 265 383 640 
0 265 383 640 
0 265 384 640 
0 264 384 640 
0 263 385 640 
0 263 385 640 
0 263 385 640 
0 262 386 640 
0 261 386 640 
0 259 387 640 
0 258 387 640 
0 257 387 640 
0 256 387 640 
0 255 388 640 
0 254 388 640 
0 253 388 640 
0 252 389 640 
0 251 389 640 
0 250 390 640 
0 249 390 640 
0 248 391 640 
0 248 391 640 
0 247 391 640 
0 246 392 640 
0 245 392 640 
0 244 392 640 
0 244 392 640 
0 243 393 640 
0 144 149 242 393 640 
0 143 150 242 393 640 
0 141 151 242 394 640 
0 140 152 242 394 640 
0 138 153 241 395 640 
0 137 153 242 395 640 
0 137 154 242 395 640 
0 137 154 242 396 640 
0 138 154 242 396 640 
0 138 152 242 396 640 
0 139 151 243 396 640 
0 140 150 243 397 640 
0 142 143 243 397 640 
0 242 397 640 
0 242 397 640 
0 241 397 640 
0 241 398 640 
0 240 398 640 
0 240 399 640 
0 239 399 640 
0 239 400 640 
0 104 107 239 400 640 
0 104 107 238 401 640 
0 104 108 114 116 238 401 640 
0 103 108 113 116 237 402 640 
0 103 108 113 117 166 169 237 402 640 
0 103 109 113 117 129 131 140 145 165 171 177 182 237 402 640 
0 103 109 112 118 128 131 135 149 164 172 176 184 236 403 640 
0 97 99 103 109 112 118 127 152 164 186 236 403 640 
0 97 101 103 109 112 118 124 154 163 187 235 403 640 
0 97 101 102 110 112 157 162 189 235 404 640 
0 97 160 162 191 234 404 640 
0 96 193 234 405 640 
0 97 195 233 405 640 
0 97 196 233 405 640 
0 98 198 233 405 640 
0 99 200 232 406 640 
0 99 203 232 406 640 
0 100 205 231 406 640 
0 101 207 231 407 640 
0 102 210 230 407 640 
0 104 212 230 407 640 
0 105 215 230 407 640 
0 106 217 229 407 640 
0 107 220 229 407 640 
0 109 224 229 408 640 
0 111 226 228 408 640 
0 114 401 402 408 640 
0 119 401 403 408 640 
0 123 151 155 401 403 408 640 
0 130 134 155 400 404 408 640 
0 155 400 404 408 640 
0 155 261 264 400 405 408 640 
0 155 261 264 400 406 408 640 
0 156 260 264 401 407 408 640 
0 158 260 265 401 407 409 640 
0 161 259 265 402 640 
0 162 258 265 402 640 
0 162 258 265 403 640 
0 163 257 265 403 640 
0 163 257 265 404 640 
0 163 256 265 404 640 
0 164 255 265 269 270 405 640 
0 165 255 265 269 271 405 640 
0 167 254 265 269 272 406 640 
0 171 253 266 269 272 406 640 
0 177 252 266 269 273 407 640 
0 183 252 266 269 273 407 640 
0 188 251 266 269 274 407 640 
0 192 250 266 269 274 408 640 
0 195 249 266 269 275 408 640 
0 198 249 266 269 275 409 640 
0 201 248 266 269 276 409 640 
0 204 247 266 269 276 410 640 
0 207 246 266 269 277 410 640 
0 210 245 266 269 277 410 640 
0 212 243 266 269 277 410 640 
0 215 242 267 269 277 411 640 
0 218 241 267 269 278 411 640 
0 220 240 267 269 278 411 640 
0 223 238 267 269 278 411 640 
0 225 236 267 269 278 412 640 
0 228 232 267 269 278 412 640 
0 267 269 278 412 640 
0 267 269 278 412 640 
0 267 269 278 411 640 
0 267 269 278 411 640 
0 267 269 278 411 640 
0 267 269 278 410 640 
0 267 269 278 410 640 
0 267 269 278 410 640 
0 267 269 278 409 640 
0 267 269 278 409 640 
0 267 270 278 409 640 
0 267 270 278 409 640 
0 267 270 278 408 640 
0 267 270 278 408 640 
0 268 270 278 408 640 
0 268 270 278 407 640 
0 268 270 277 407 640 
0 268 271 275 407 640 
0 268 271 273 407 640 
0 268 406 640 
0 268 406 640 
0 268 406 640 
0 269 406 640 
0 269 405 640 
0 269 405 640 
0 270 405 640 
0 270 405 640 
0 271 404 640 
0 271 404 640 
0 271 404 640 
0 271 403 640 
0 272 403 640 
0 272 403 640 
0 272 403 640 
0 272 403 640 
0 272 402 640 
0 272 402 640 
0 272 402 640 
0 272 402 640 
0 272 402 640 
0 272 401 640 
0 272 401 640 
0 273 401 640 
0 272 401 640 
0 272 401 640 
0 272 401 640 
0 271 401 640 
0 271 400 640 
0 271 400 640 
0 270 400 640 
0 270 400 640 
0 270 400 640 
0 270 400 640 
0 269 400 640 
0 269 400 640 
0 269 400 640 
0 269 400 640 
0 269 400 640 
0 268 400 640 
0 268 400 640 
0 268 400 640 
0 268 400 640 
0 268 400 640 
0 268 399 640 
0 268 399 640 
0 268 399 640 
0 268 399 640 
0 268 399 640 
0 268 398 640 
0 268 398 640 
0 267 398 640 
0 267 397 640 
0 267 396 640 
0 267 395 640 
0 267 392 640 
0 268 391 640 
0 268 391 640 
0 267 391 640 
0 267 391 640 
0 267 390 640 
0 267 390 640 
0 267 389 640 
0 267 388 640 
0 267 388 640 
0 267 388 640 
0 267 388 640 
0 267 388 640 
0 267 388 640 
0 267 388 640 
0 267 388 640 
0 267 388 640 
0 267 388 640 
0 267 388 640 
0 267 388 640 
0 267 388 640 
0 267 388 640 
0 267 388 640 
0 266 388 640 
0 266 388 640 
0 266 388 640 
0 266 387 640 
0 266 387 640 
0 266 387 640 
0 266 387 640 
0 266 387 640 
0 265 387 640 
0 265 387 640 
0 265 386 640 
0 265 386 640 
0 265 386 640 
0 265 386 640 
0 265 386 640 
0 265 385 640 
0 264 385 640 
0 264 385 640 
0 264 384 640 
0 264 384 640 
0 264 383 640 
0 264 383 640 
0 263 383 640 
0 263 383 640 
0 263 383 640 
0 263 383 640 
0 263 383 640 
0 263 384 640 
0 263 384 640 
0 263 384 640 
0 263 384 640 
0 263 384 640 
0 263 385 640 
0 263 385 640 
0 263 385 640 
0 263 385 640 
0 263 385 640 
0 263 385 640 
0 263 386 640 
0 264 386 640 
0 264 386 640 
0 264 386 640 
0 264 386 640 
0 264 386 640 
0 264 387 640 
0 264 387 640 
0 264 387 640 
0 265 387 640 
0 265 387 640 
0 265 387 640 
0 265 387 640 
0 265 388 640 
0 265 388 640 
0 265 388 640 
0 265 388 640 
0 266 388 640 
0 266 388 640 
0 266 389 640 
0 266 389 640 
0 266 389 640 
0 266 390 640 
0 267 390 640 
