0 640 
0 640 
0 640 
0 640 
0 640 
0 640 
0 640 
0 640 
0 640 
0 640 
0 640 
0 640 
0 640 
0 640 
0 640 
0 640 
0 640 
0 640 
0 640 
0 640 
0 640 
0 640 
0 640 
0 640 
0 640 
0 640 
0 640 
0 640 
0 640 
0 640 
0 640 
0 640 
0 640 
0 640 
0 640 
0 640 
0 640 
0 640 
0 640 
0 640 
0 640 
0 640 
0 640 
0 640 
0 640 
0 640 
0 640 
0 640 
0 640 
0 640 
0 640 
0 640 
0 640 
0 640 
0 640 
0 640 
0 640 
0 640 
0 640 
0 640 
0 640 
0 640 
0 640 
0 640 
0 640 
0 640 
0 640 
0 640 
0 640 
0 640 
0 640 
0 640 
0 640 
0 640 
0 640 
0 640 
0 640 
0 640 
0 640 
0 640 
0 640 
0 640 
0 640 
0 640 
0 640 
0 640 
0 640 
0 640 
0 640 
0 640 
0 640 
0 640 
0 640 
0 640 
0 640 
0 640 
0 640 
0 640 
0 640 
0 640 
0 640 
0 640 
0 640 
0 640 
0 640 
0 640 
0 640 
0 640 
0 640 
0 640 
0 640 
0 640 
0 640 
0 640 
0 640 
0 640 
0 640 
0 640 
0 640 
0 640 
0 640 
0 640 
0 640 
0 640 
0 640 
0 640 
0 640 
0 640 
0 640 
0 640 
0 640 
0 640 
0 640 
0 640 
0 640 
0 640 
0 640 
0 640 
0 640 
0 640 
0 640 
0 640 
0 640 
0 640 
0 640 
0 640 
0 640 
0 640 
0 640 
0 640 
0 640 
0 640 
0 640 
0 640 
0 640 
0 640 
0 640 
0 640 
0 640 
0 640 
0 640 
0 640 
0 640 
0 640 
0 640 
0 640 
0 640 
0 640 
0 640 
0 640 
0 640 
0 640 
0 640 
0 640 
0 640 
0 640 
0 640 
0 640 
0 640 
0 640 
0 640 
0 640 
0 640 
0 640 
0 640 
0 640 
0 640 
0 640 
0 640 
0 640 
0 640 
0 640 
0 640 
0 640 
0 640 
0 640 
0 640 
0 640 
0 640 
0 640 
0 640 
0 318 321 640 
0 314 326 640 
0 310 329 640 
0 308 329 640 
0 308 329 640 
0 307 330 640 
0 307 332 640 
0 306 335 640 
0 305 337 640 
0 303 343 640 
0 297 350 640 
0 290 355 640 
0 286 358 640 
0 283 360 640 
0 280 362 640 
0 278 363 640 
0 276 364 640 
0 275 294 296 364 640 
0 274 292 296 365 640 
0 274 291 296 365 640 
0 273 290 296 365 640 
0 273 289 295 364 640 
0 273 288 295 363 640 
0 273 287 294 350 354 363 640 
0 273 286 293 348 354 363 640 
0 274 285 293 348 355 362 640 
0 275 285 292 348 356 361 640 
0 276 284 292 349 640 
0 277 283 291 350 640 
0 290 350 640 
0 290 351 640 
0 290 351 640 
0 290 351 640 
0 290 351 640 
0 291 351 640 
0 291 351 640 
0 291 351 640 
0 292 351 640 
0 292 351 640 
0 292 351 640 
0 292 351 640 
0 292 351 640 
0 292 352 640 
0 291 352 640 
0 291 352 640 
0 291 352 640 
0 291 352 640 
0 291 352 640 
0 292 352 640 
0 292 352 640 
0 293 352 640 
0 293 353 640 
0 293 353 640 
0 293 353 640 
0 293 353 640 
0 293 353 640 
0 293 353 640 
0 292 354 640 
0 292 354 640 
0 291 355 640 
0 291 355 640 
0 290 356 640 
0 290 356 640 
0 290 357 640 
0 289 290 292 354 356 357 640 
0 292 354 357 358 640 
0 292 355 357 358 640 
0 291 355 358 359 640 
0 290 354 358 359 640 
0 288 354 640 
0 288 354 640 
0 288 355 640 
0 288 355 640 
0 288 355 640 
0 289 355 640 
0 288 355 640 
0 288 355 640 
0 287 355 640 
0 287 355 640 
0 287 356 640 
0 287 356 640 
0 287 356 640 
0 287 356 640 
0 286 356 640 
0 286 357 640 
0 286 357 640 
0 286 357 640 
0 286 357 640 
0 286 357 640 
0 286 357 640 
0 286 357 640 
0 286 357 640 
0 286 357 640 
0 286 357 640 
0 286 357 640 
0 285 357 640 
0 285 358 640 
0 285 358 640 
0 285 358 640 
0 285 358 640 
0 284 359 640 
0 284 359 640 
0 284 359 640 
0 284 360 640 
0 283 360 640 
0 283 360 640 
0 283 360 640 
0 283 361 640 
0 282 361 640 
0 282 361 640 
0 282 361 640 
0 282 362 640 
0 281 362 640 
0 281 362 640 
0 281 362 640 
0 280 363 640 
0 280 363 640 
0 280 363 640 
0 280 363 640 
0 279 364 640 
0 279 364 640 
0 279 365 640 
0 279 365 640 
0 278 365 640 
0 278 365 640 
0 278 366 640 
0 278 366 640 
0 277 366 640 
0 277 367 640 
0 277 367 640 
0 277 367 640 
0 276 367 640 
0 276 368 640 
0 276 368 640 
0 276 368 640 
0 275 369 640 
0 275 369 640 
0 275 370 640 
0 274 370 640 
0 274 370 640 
0 274 370 640 
0 274 371 640 
0 273 371 640 
0 273 371 640 
0 273 372 640 
0 272 372 640 
0 272 372 640 
0 272 373 640 
0 271 373 640 
0 271 374 640 
0 271 374 640 
0 270 374 640 
0 270 375 640 
0 270 375 640 
0 269 375 640 
0 269 376 640 
0 269 376 640 
0 269 376 640 
0 268 377 640 
0 268 377 640 
0 269 377 640 
0 271 377 640 
0 272 376 640 
0 272 375 640 
0 272 373 640 
0 271 372 640 
0 271 372 640 
0 270 372 640 
0 270 372 640 
0 270 372 640 
0 270 373 640 
0 270 373 640 
0 270 373 640 
0 270 373 640 
0 270 373 640 
0 270 373 640 
0 270 373 640 
0 271 373 640 
0 271 373 640 
0 271 373 640 
0 271 373 640 
0 272 373 640 
0 272 373 640 
0 272 373 640 
0 272 373 640 
0 272 372 640 
0 271 372 640 
0 271 371 640 
0 271 370 640 
0 271 369 640 
0 271 368 640 
0 271 368 640 
0 271 368 640 
0 271 368 640 
0 271 369 640 
0 271 369 640 
0 270 370 640 
0 270 370 640 
0 270 370 640 
0 269 370 640 
0 269 371 640 
0 269 371 640 
0 269 371 640 
0 268 372 640 
0 268 372 640 
0 268 372 640 
0 267 373 640 
0 267 373 640 
0 267 373 640 
0 266 374 640 
0 266 374 640 
0 265 375 640 
0 265 375 640 
0 265 375 640 
0 264 376 640 
0 264 376 640 
0 264 376 640 
0 264 376 640 
0 263 377 640 
0 263 377 640 
0 263 377 640 
0 262 378 640 
0 262 378 640 
0 262 378 640 
0 261 378 640 
0 261 379 640 
0 261 379 640 
0 260 380 640 
0 260 380 640 
0 260 380 640 
0 260 380 640 
0 259 381 640 
0 259 381 640 
0 259 381 640 
0 259 381 640 
0 258 381 640 
0 258 382 640 
0 258 382 640 
0 258 382 640 
0 258 382 640 
0 257 383 640 
0 257 383 640 
0 257 383 640 
0 257 383 640 
0 257 383 640 
0 256 384 640 
0 256 384 640 
0 256 384 640 
0 256 384 640 
0 255 385 640 
0 255 385 640 
0 255 385 640 
0 255 386 640 
0 254 386 640 
0 254 386 640 
0 254 386 640 
0 253 387 640 
0 253 387 640 
0 253 387 640 
0 253 387 640 
0 252 388 640 
0 252 388 640 
0 252 388 640 
0 251 389 640 
0 251 389 640 
0 251 390 640 
0 250 390 640 
0 250 390 640 
0 250 390 640 
0 250 390 640 
0 249 391 640 
0 249 391 640 
0 249 391 640 
0 249 391 640 
0 249 391 640 
0 248 392 640 
0 248 392 640 
0 248 392 640 
0 248 391 640 
