0 301 632 640 
0 302 632 640 
0 303 633 640 
0 304 634 640 
0 304 635 640 
0 306 636 640 
0 307 636 640 
0 307 637 640 
0 308 638 640 
0 309 638 640 
0 310 639 640 
0 310 
0 311 
0 312 
0 313 
0 314 
0 314 
0 315 
0 316 
0 317 
0 318 
0 318 
0 319 
0 320 
0 321 
0 321 
0 321 
0 322 
0 322 
0 323 
0 324 
0 325 
0 325 
0 326 
0 326 
0 327 
0 328 
0 328 
0 329 
0 329 
0 329 
0 330 
0 331 
0 331 
0 332 
0 332 
0 333 
0 333 
0 334 
0 334 
0 335 
0 336 
0 336 
0 336 
0 337 
0 337 
0 338 
0 338 
0 338 
0 339 
0 339 
0 340 
0 340 
0 340 
0 340 
0 340 
0 341 
0 341 
0 341 
0 342 
0 342 
0 343 
0 343 
0 344 
0 344 
0 344 
0 344 
0 345 
0 345 
0 345 
0 345 
0 345 
0 346 
0 346 
0 347 
0 347 
0 347 
0 347 
0 348 
0 348 
0 348 
0 348 
0 348 
0 348 
0 348 
0 348 
0 349 
0 349 
0 349 
0 350 
0 350 
0 350 
0 350 
0 350 
0 350 
0 148 152 350 
0 146 163 350 
0 142 166 350 
0 138 171 350 
0 136 173 350 
0 133 175 350 
0 132 178 350 
0 130 179 350 
0 129 180 351 
0 127 182 351 
0 125 183 351 
0 124 185 351 
0 124 186 352 
0 122 187 352 
0 122 188 352 
0 121 189 352 
0 120 190 352 
0 120 190 352 
0 119 191 353 
0 119 192 353 
0 118 193 353 
0 118 194 353 
0 118 194 353 
0 117 195 353 
0 117 195 353 
0 116 196 353 
0 116 196 353 
0 116 197 353 
0 116 197 353 
0 116 198 353 
0 116 198 353 
0 116 198 353 
0 116 199 353 
0 116 199 353 
0 116 200 353 
0 116 200 353 
0 117 200 353 
0 117 200 353 
0 117 200 353 
0 118 200 353 
0 118 200 353 
0 118 200 353 
0 118 200 352 
0 118 200 352 
0 118 201 352 
0 119 201 352 
0 119 201 352 
0 120 201 352 
0 120 201 352 
0 120 201 351 
0 121 201 351 
0 121 200 351 
0 122 200 351 
0 122 200 351 
0 123 200 351 
0 123 200 350 
0 123 200 350 
0 124 199 350 
0 125 199 350 
0 125 199 350 
0 126 199 350 
0 127 198 350 
0 128 197 350 
0 129 197 350 
0 130 196 350 
0 131 195 350 
0 132 194 349 
0 133 193 349 
0 134 192 349 
0 136 191 349 
0 138 189 348 
0 140 187 348 
0 141 185 348 
0 142 184 348 
0 145 181 348 
0 148 178 347 
0 151 175 347 
0 155 171 346 
0 160 161 346 
0 346 
0 346 
0 346 
0 345 
0 345 
0 345 
0 345 
0 344 
0 344 
0 344 
0 343 
0 343 
0 343 
0 342 
0 342 
0 342 
0 341 
0 341 
0 341 
0 340 
0 340 
0 340 
0 339 
0 339 
0 338 
0 338 
0 337 
0 337 
0 337 
0 336 
0 336 
0 335 
0 335 
0 334 
0 334 
0 333 
0 333 
0 333 
0 332 
0 331 
0 331 
0 330 
0 330 
0 329 
0 329 
0 328 
0 328 
0 327 
0 327 
0 326 
0 326 
0 325 
0 324 
0 324 
0 323 
0 323 
0 322 
0 322 
0 321 
0 320 
0 320 
0 319 
0 319 
0 318 
0 318 
0 317 
0 317 
0 316 
0 316 
0 315 
0 315 
0 315 
0 314 
0 314 
0 314 
0 313 
0 313 
0 313 
0 312 
0 312 
0 311 
0 311 
0 311 
0 310 
0 310 
0 310 
0 309 
0 309 
0 309 
0 309 
0 308 
0 308 484 487 
0 308 471 492 
0 307 467 498 
0 307 465 500 
0 307 462 501 
0 307 459 506 
0 306 457 508 
0 306 456 509 
0 306 454 511 
0 306 453 513 
0 306 451 514 
0 306 450 515 
0 305 449 517 
0 305 448 518 
0 305 447 519 
0 305 445 519 
0 304 444 521 
0 304 443 522 
0 304 443 523 
0 304 442 524 
0 304 441 524 
0 304 440 525 
0 304 440 525 
0 304 439 526 
0 303 438 528 
0 303 437 528 
0 303 437 528 
0 303 436 529 
0 303 435 529 
0 303 435 530 
0 303 434 530 
0 303 434 530 
0 303 433 531 
0 302 433 531 
0 302 432 532 
0 302 431 532 
0 302 431 533 
0 301 430 533 
0 301 430 533 
0 301 429 534 
0 301 428 534 
0 301 428 534 
0 301 427 534 
0 301 427 534 
0 301 426 534 
0 301 426 534 
0 301 425 534 
0 301 425 534 
0 301 424 535 
0 301 424 535 
0 301 424 535 
0 301 423 535 
0 301 423 535 
0 301 422 535 
0 301 422 535 
0 301 422 535 
0 301 421 535 
0 301 421 535 
0 301 421 535 
0 301 421 535 
0 301 421 535 
0 301 420 534 
0 301 420 534 
0 301 420 534 
0 302 420 533 
0 302 420 533 
0 302 420 533 
0 302 420 533 
0 302 420 533 
0 302 420 532 
0 302 420 532 
0 302 420 531 
0 302 420 531 
0 303 420 531 
0 303 420 530 
0 303 420 530 
0 303 420 529 
0 303 420 529 
0 303 420 528 
0 303 421 528 
0 303 421 527 
0 303 421 527 
0 304 422 526 
0 304 422 526 
0 304 422 525 
0 304 423 525 
0 304 423 524 
0 304 423 523 
0 304 424 523 
0 305 424 522 
0 305 424 522 
0 305 425 521 
0 305 425 520 
0 305 426 520 
0 306 426 519 
0 306 427 519 
0 306 428 518 
0 306 428 517 
0 306 429 516 
0 307 430 516 
0 307 430 515 
0 308 431 514 
0 308 432 514 
0 308 433 512 
0 309 434 511 
0 309 435 511 
0 309 436 510 
0 309 437 509 
0 309 438 508 
0 309 439 506 
0 310 440 505 
0 310 441 504 
0 311 442 503 
0 311 444 501 
0 311 445 500 
0 312 448 496 
0 312 450 496 
0 312 452 493 
0 313 454 491 
0 313 456 488 
0 314 462 484 
0 314 469 476 
0 314 
0 315 
0 315 
0 315 
0 316 
0 316 
0 316 
0 317 
0 317 
0 318 
0 318 
0 319 
0 319 
0 319 
0 320 
0 320 
0 321 
0 321 
0 322 
0 322 
0 323 
0 323 
0 324 
0 324 
0 325 
0 326 
0 326 
0 327 
0 327 
0 328 
0 329 
0 329 
0 330 
0 330 
0 331 
0 332 
0 332 
0 333 
0 334 
0 335 
0 335 
0 336 
0 336 
0 337 
0 338 
0 339 
0 339 
0 340 
0 341 
0 342 
0 343 
0 343 
0 344 
0 344 
0 346 
0 346 
0 347 
0 348 
0 349 
0 350 
0 351 
0 352 
0 353 
0 354 
0 355 639 640 
0 356 638 640 
0 356 637 640 
0 357 636 640 
0 358 635 640 
0 359 634 640 
0 360 633 640 
1 361 632 640 
2 362 631 640 
2 363 630 640 
3 364 629 640 
4 366 628 638 
5 367 627 638 
5 368 626 637 
6 369 624 636 
7 370 623 635 
8 371 622 635 
9 373 621 634 
9 374 620 633 
