0 387 554 558 563 640 
0 387 554 558 564 640 
0 385 554 559 566 640 
0 384 555 559 567 640 
0 383 556 560 567 640 
0 382 559 560 568 640 
0 382 569 576 577 640 
0 381 578 640 
0 381 578 640 
0 381 580 640 
0 382 580 640 
0 383 581 640 
0 386 581 640 
0 390 582 640 
0 400 582 640 
0 406 582 640 
0 418 581 640 
0 420 581 640 
0 420 581 640 
0 420 581 640 
0 420 580 640 
0 420 580 640 
0 420 580 640 
0 420 580 640 
0 421 579 640 
0 421 579 640 
0 421 579 640 
0 421 578 640 
0 421 578 640 
0 421 577 640 
0 421 577 640 
0 421 577 640 
0 421 576 640 
0 421 576 640 
0 422 576 640 
0 422 575 640 
0 422 575 640 
0 422 575 640 
0 423 574 640 
0 423 574 640 
0 423 574 640 
0 423 573 640 
0 424 573 640 
0 424 573 640 
0 424 573 640 
0 425 573 640 
0 422 424 425 572 640 
0 420 424 425 572 640 
0 420 424 425 572 640 
0 419 572 640 
0 419 571 640 
0 418 571 640 
0 418 571 640 
0 418 570 640 
0 418 570 640 
0 417 569 640 
0 416 569 640 
0 414 567 640 
0 415 561 640 
0 415 560 640 
0 416 559 640 
0 416 558 640 
0 417 557 640 
0 417 556 640 
0 418 555 640 
0 418 553 640 
0 418 552 640 
0 419 550 640 
0 419 548 640 
0 419 549 640 
0 419 555 640 
0 418 557 640 
0 417 560 640 
0 417 561 640 
0 418 563 640 
0 418 565 640 
0 416 566 640 
0 413 568 640 
0 411 569 640 
0 410 570 640 
0 408 571 640 
0 407 573 640 
0 406 573 640 
0 405 574 640 
0 404 576 640 
0 403 576 640 
0 402 576 640 
0 401 577 640 
0 400 577 640 
0 399 578 640 
0 399 579 640 
0 398 580 640 
0 398 580 640 
0 397 579 640 
0 396 579 640 
0 396 580 640 
0 395 580 640 
0 395 580 640 
0 395 581 640 
0 394 581 640 
0 394 582 640 
0 393 582 640 
0 393 583 640 
0 393 583 640 
0 393 584 640 
0 393 584 640 
0 393 585 640 
0 393 585 640 
0 393 585 640 
0 393 586 640 
0 393 586 640 
0 393 587 640 
0 394 587 640 
0 394 588 640 
0 394 588 640 
0 395 589 640 
0 395 589 640 
0 395 590 640 
0 396 590 640 
0 396 591 640 
0 397 591 640 
0 398 592 640 
0 398 592 640 
0 399 593 640 
0 400 594 640 
0 401 594 640 
0 403 595 640 
0 404 595 640 
0 404 596 640 
0 405 596 640 
0 404 597 640 
0 404 598 640 
0 403 598 640 
0 403 599 640 
0 402 599 640 
0 402 600 640 
0 401 600 640 
0 401 601 640 
0 401 601 640 
0 400 602 640 
0 400 602 640 
0 400 602 640 
0 399 603 640 
0 399 603 640 
0 398 603 640 
0 398 603 640 
0 398 603 640 
0 398 604 640 
0 397 605 640 
0 397 605 640 
0 397 605 640 
0 397 605 640 
0 397 605 640 
0 397 604 640 
0 397 604 640 
0 397 604 640 
0 397 603 640 
0 397 603 640 
0 397 602 640 
0 397 602 640 
0 397 601 640 
0 398 601 640 
0 398 600 640 
0 398 599 640 
0 399 599 640 
0 399 598 640 
0 400 597 640 
0 400 596 640 
0 401 595 640 
0 402 595 640 
0 403 595 640 
0 404 596 640 
0 405 597 640 
0 407 597 640 
0 408 597 640 
0 409 597 640 
0 409 598 640 
0 409 449 451 598 640 
0 409 449 451 598 640 
0 409 449 451 598 640 
0 409 448 452 598 640 
0 409 448 452 599 640 
0 409 448 452 599 640 
0 409 448 452 599 640 
0 409 448 452 600 640 
0 409 448 452 600 640 
0 409 447 453 600 640 
0 409 447 453 600 640 
0 409 447 453 601 640 
0 409 447 453 601 640 
0 408 447 453 601 640 
0 408 447 453 601 640 
0 408 447 454 601 640 
0 409 447 454 602 640 
0 409 447 454 602 640 
0 409 447 454 602 640 
0 409 447 455 602 640 
0 409 446 455 602 640 
0 409 446 455 603 640 
0 409 446 455 603 640 
0 408 446 456 603 640 
0 408 446 456 603 640 
0 408 446 457 603 640 
0 408 446 457 554 555 604 640 
0 408 446 457 554 555 604 640 
0 408 446 458 554 556 604 640 
0 408 446 458 553 556 605 640 
0 408 446 459 553 556 605 640 
0 408 446 459 553 557 605 640 
0 408 446 460 553 557 605 640 
0 408 446 461 553 557 605 640 
0 408 446 461 553 558 606 640 
0 408 445 462 553 558 606 640 
0 408 445 462 553 558 606 640 
0 408 445 462 553 559 606 640 
0 408 445 462 553 559 606 640 
0 408 445 462 553 559 607 640 
0 408 445 462 553 560 607 640 
0 408 445 463 553 560 607 640 
0 408 445 463 553 560 607 640 
0 408 445 463 553 561 607 640 
0 408 445 463 553 561 607 640 
0 408 445 463 553 562 607 640 
0 408 445 463 553 562 608 640 
0 408 445 463 554 562 608 640 
0 408 445 463 554 563 608 640 
0 408 445 463 554 563 608 640 
0 408 444 463 554 563 608 640 
0 408 445 463 555 564 608 640 
0 408 444 463 555 564 608 640 
0 408 444 463 555 565 609 640 
0 408 444 462 555 565 609 640 
0 408 444 462 556 565 609 640 
0 408 444 462 556 566 609 640 
0 408 444 462 556 566 610 640 
0 408 444 462 557 566 610 640 
0 407 444 462 558 565 610 640 
0 407 443 462 558 564 610 640 
0 407 443 461 558 563 610 640 
0 407 443 461 559 562 610 640 
0 406 443 461 610 640 
0 406 443 461 610 640 
0 406 443 460 610 640 
0 406 443 460 610 640 
0 405 443 460 610 640 
0 187 214 405 443 459 610 640 
0 174 225 405 443 459 610 640 
0 163 236 404 443 459 610 640 
0 155 247 404 442 458 610 640 
0 147 255 404 442 458 609 640 
0 141 264 404 442 458 609 640 
0 136 268 403 442 457 609 640 
0 132 275 403 442 457 608 640 
0 127 281 403 442 457 608 640 
0 123 288 402 442 456 608 640 
0 119 292 402 441 456 608 640 
0 116 296 402 441 455 608 640 
0 113 302 402 441 455 607 640 
0 110 307 401 441 454 607 640 
0 107 312 401 440 454 606 640 
0 104 317 401 440 453 605 640 
0 102 321 401 440 453 605 640 
0 100 326 400 439 453 604 640 
0 98 330 400 439 452 603 640 
0 96 334 400 439 452 602 640 
0 93 338 400 438 452 601 640 
0 92 342 399 438 451 600 640 
0 90 346 399 438 451 598 640 
0 89 350 399 437 450 597 640 
0 87 353 398 437 450 596 640 
0 85 357 398 437 450 595 640 
0 84 173 215 360 397 437 449 593 640 
0 82 160 228 364 397 437 449 593 640 
0 81 151 239 367 397 436 448 592 640 
0 79 145 246 371 397 436 448 591 640 
0 77 139 254 375 396 436 448 590 640 
0 76 133 261 378 395 436 447 589 640 
0 74 129 268 381 395 435 447 588 640 
0 71 125 273 385 389 435 447 587 640 
0 68 122 279 435 447 586 640 
0 65 118 284 435 446 585 640 
0 61 115 290 435 446 585 640 
0 56 112 295 434 446 585 640 
0 50 110 300 434 445 586 640 
0 43 108 304 434 445 586 640 
0 33 105 308 434 445 587 640 
0 23 104 312 433 444 587 640 
0 13 102 318 433 444 587 640 
100 322 433 444 588 640 
99 325 433 444 588 640 
97 329 433 443 589 640 
96 334 433 443 589 640 
95 338 433 443 590 640 
93 342 433 443 590 640 
92 345 433 443 590 640 
91 349 435 443 591 640 
90 352 437 442 591 640 
89 356 440 442 592 640 
87 360 592 640 
86 363 593 640 
85 367 593 640 
83 370 594 640 
82 374 594 640 
81 376 595 640 
80 377 595 640 
78 378 595 640 
77 378 596 640 
75 377 596 640 
73 377 596 640 
71 377 597 640 
69 377 598 640 
66 377 598 640 
64 377 598 640 
61 377 599 640 
58 377 600 640 
52 378 600 640 
48 378 601 640 
45 379 601 640 
44 380 601 640 
44 381 601 640 
44 381 602 640 
44 382 603 640 
44 383 603 640 
44 384 604 640 
44 386 434 437 604 640 
45 387 433 437 605 640 
45 388 432 437 605 640 
45 390 431 438 606 640 
45 391 430 437 606 640 
45 393 429 437 606 640 
45 395 427 437 607 640 
45 400 426 437 608 640 
45 400 425 436 608 640 
45 402 423 436 609 640 
45 404 421 436 609 640 
45 406 418 436 610 640 
45 436 610 640 
46 435 611 640 
46 435 611 640 
46 435 612 640 
46 435 612 640 
46 435 613 640 
46 434 613 640 
46 434 614 640 
46 434 615 640 
46 434 615 640 
47 434 615 640 
47 434 616 640 
47 433 616 640 
47 433 617 640 
47 433 618 640 
47 433 618 640 
47 433 619 640 
47 433 619 640 
47 432 620 640 
48 432 621 640 
48 432 621 640 
48 432 622 640 
48 432 623 640 
48 432 623 640 
49 431 624 640 
49 431 625 640 
49 431 625 640 
49 431 626 640 
50 430 626 640 
50 430 627 640 
50 430 627 640 
50 430 628 640 
50 430 629 640 
50 430 630 640 
51 429 630 640 
51 429 631 640 
51 429 631 640 
51 429 632 640 
52 429 632 640 
52 428 633 640 
52 428 634 640 
52 428 634 640 
52 428 635 640 
52 428 636 640 
53 428 637 640 
53 427 637 640 
53 427 638 640 
53 427 638 640 
53 427 639 640 
54 427 
54 426 
54 426 
54 426 
55 426 
55 425 
55 425 
55 425 
56 425 
56 425 
56 425 
56 424 
56 424 
57 424 
57 424 
57 424 
57 424 
58 423 
58 423 
58 423 
58 423 
58 423 
58 423 
59 422 
59 422 
59 422 
60 422 
60 422 
60 421 
60 421 
60 421 
61 421 
61 421 
61 420 
61 420 
61 420 
62 420 
62 420 
62 419 
62 419 
63 419 
63 419 
63 419 
63 419 
63 419 
63 418 
64 418 
64 418 
65 418 
65 418 
65 418 
65 418 
65 418 
66 417 
66 417 
66 417 
66 417 
66 417 
67 417 
67 417 
67 417 
67 417 
68 416 
68 416 
68 416 
68 416 
69 416 
69 416 
69 415 
69 415 
70 415 
70 415 
70 415 
0 1 71 415 
0 2 71 415 
0 2 71 415 
0 2 71 415 
0 2 71 415 
0 3 72 415 
0 3 72 415 
0 3 72 414 
0 4 73 414 
0 4 73 414 
0 4 73 414 
0 5 73 414 
0 5 73 414 
0 6 74 414 
0 6 74 414 
0 6 74 414 
0 7 75 414 
0 7 75 414 
0 8 75 414 
0 8 76 414 
0 9 76 414 
0 9 76 414 
