48 80 357 560 
48 80 358 560 
46 79 359 561 
44 77 359 562 
43 76 360 563 
41 75 361 564 
40 75 362 565 
38 74 362 566 
36 73 363 567 
36 72 364 568 
34 71 364 569 
33 70 365 570 
32 69 366 571 
31 68 366 572 
30 67 367 573 
27 66 368 574 
25 65 368 575 
25 65 369 575 
23 64 369 576 
22 63 370 577 
21 62 371 578 
20 61 371 579 
18 60 372 580 
16 59 372 580 
16 59 373 581 
14 58 374 582 
13 57 374 583 
11 56 374 584 
11 55 375 584 
9 55 376 585 
8 54 376 586 
6 53 376 587 
5 52 377 588 
4 51 377 588 
3 50 378 589 
2 50 378 590 
0 49 379 591 
0 48 379 591 
0 48 379 592 
0 47 380 593 
0 46 380 594 
0 45 381 594 
0 44 381 595 
0 44 381 596 
0 43 382 596 
0 42 382 597 
0 42 382 598 
0 41 383 599 
0 40 383 599 
0 40 383 600 
0 39 384 600 
0 38 384 601 
0 38 384 602 
0 37 240 248 384 603 
0 36 235 255 385 603 
0 36 229 258 385 604 
0 35 227 261 385 605 
0 34 225 262 385 605 
0 34 223 265 386 606 
0 33 221 266 386 606 
0 32 219 269 386 607 
0 32 217 270 386 608 
0 31 215 271 387 608 
0 31 214 272 387 609 
0 30 213 274 387 610 
0 29 210 275 387 610 
0 29 209 276 388 611 
0 28 208 277 388 611 
0 28 206 277 388 612 
0 27 205 278 388 613 
0 26 203 279 388 613 
0 26 202 280 389 614 
0 25 201 281 389 614 
0 25 200 281 389 615 
0 24 199 282 389 615 
0 23 197 283 389 616 
0 23 196 283 390 617 
0 23 195 284 390 617 
0 22 195 285 390 618 
0 21 194 285 390 618 
0 21 193 286 390 619 
0 20 192 286 390 619 
0 20 192 287 391 620 
0 19 191 287 391 620 
0 19 191 287 391 621 
0 18 190 287 391 621 
0 18 189 288 391 622 
0 17 189 288 391 622 
0 17 188 288 391 623 
0 16 188 288 391 623 
0 15 187 288 391 624 
0 15 187 289 391 624 
0 15 187 289 391 625 
0 14 186 289 391 625 
0 14 186 289 391 626 
0 13 185 290 391 626 
0 13 185 290 391 627 
0 12 185 290 391 627 
0 12 185 290 391 628 
0 11 185 289 391 628 
0 11 185 289 391 628 
0 10 185 289 391 629 
0 10 185 289 391 629 
0 10 185 289 391 630 
0 9 184 289 391 630 
0 9 184 289 391 630 
0 8 184 289 391 631 
0 8 184 289 391 631 
0 7 185 289 391 632 
0 7 185 288 391 632 
0 6 185 288 391 633 
0 6 185 287 391 633 
0 5 185 287 391 634 
0 5 185 286 391 634 
0 5 185 286 391 634 
0 5 185 286 391 635 
0 4 185 285 390 635 
0 4 186 285 390 635 
0 3 186 284 390 636 
0 3 186 284 390 636 
0 2 187 283 390 637 
0 2 187 282 390 637 
0 2 187 282 390 637 
0 2 187 281 390 638 
0 1 188 280 390 638 
0 1 188 280 390 638 
189 279 390 639 
190 278 389 640 
190 277 389 640 
190 276 389 640 
191 275 389 640 
191 274 389 640 
192 273 389 640 
193 271 388 640 
194 270 388 640 
194 269 388 640 
196 267 387 640 
197 265 387 640 
198 264 387 640 
199 262 387 640 
200 260 387 640 
201 259 386 640 
202 257 386 640 
203 256 386 640 
205 254 385 640 
206 252 385 640 
208 250 385 640 
210 248 385 640 
212 246 384 640 
214 244 384 640 
220 238 384 640 
230 232 383 640 
383 640 
383 640 
383 640 
382 640 
382 640 
381 640 
381 640 
380 640 
380 640 
380 640 
380 640 
379 640 
379 640 
378 640 
378 640 
378 640 
377 640 
376 640 
376 640 
375 640 
375 640 
375 640 
374 640 
373 640 
373 640 
373 640 
372 640 
371 640 
371 640 
370 640 
370 640 
370 640 
369 640 
368 640 
368 640 
367 640 
366 640 
366 640 
365 640 
365 640 
364 640 
363 640 
362 640 
362 640 
361 640 
360 640 
360 640 
359 640 
358 640 
358 640 
357 640 
356 640 
355 640 
355 640 
354 640 
353 640 
352 640 
351 640 
350 640 
350 640 
349 640 
348 640 
347 640 
346 640 
345 640 
345 640 
344 640 
342 640 
341 640 
340 640 
340 640 
339 640 
338 640 
336 640 
335 640 
334 640 
333 640 
332 640 
331 640 
329 640 
328 640 
327 640 
325 640 
324 640 
322 640 
320 640 
319 640 
318 640 
316 640 
314 640 
312 640 
310 640 
309 640 
308 640 
306 640 
305 640 
303 640 
302 640 
300 640 
299 640 
297 640 
296 640 
295 640 
294 640 
292 640 
291 640 
290 640 
289 640 
288 640 
286 640 
285 640 
285 640 
284 640 
282 640 
281 640 
280 640 
279 640 
278 640 
277 640 
276 640 
275 640 
274 640 
273 640 
272 640 
271 640 
271 640 
270 640 
269 640 
268 640 
268 640 
267 640 
265 640 
265 640 
264 640 
264 640 
263 640 
262 640 
262 640 
261 640 
260 640 
260 640 
258 640 
258 640 
257 640 
257 640 
256 640 
255 640 
255 640 
254 640 
254 640 
253 640 
252 640 
252 640 
251 640 
251 640 
250 640 
250 640 
249 640 
249 640 
248 640 
247 640 
247 640 
247 640 
246 640 
246 640 
245 640 
245 640 
244 640 
244 640 
243 640 
243 640 
243 640 
242 640 
242 640 
241 640 
241 640 
241 640 
240 640 
240 640 
240 640 
239 640 
239 640 
238 640 
238 640 
238 640 
238 640 
237 640 
237 640 
236 640 
236 640 
236 393 397 399 400 640 
235 386 404 640 
235 384 409 640 
235 382 410 640 
235 380 413 640 
235 379 415 640 
235 378 417 640 
234 378 418 640 
234 377 420 640 
234 376 421 640 
233 376 422 640 
0 1 233 375 423 640 
0 1 233 374 424 639 
0 2 232 374 425 638 
0 2 232 374 426 638 
0 2 232 373 427 638 
0 2 232 372 428 637 
0 3 232 372 429 637 
0 3 232 371 430 636 
0 4 231 371 430 636 
0 4 231 371 430 635 
0 4 231 371 431 635 
0 5 231 370 432 635 
0 5 231 370 432 634 
0 5 231 370 432 634 
0 6 230 370 433 634 
0 6 230 369 434 633 
0 7 230 369 434 633 
0 7 230 369 434 632 
0 8 230 369 434 632 
0 8 230 369 435 631 
0 9 230 369 435 631 
0 9 230 369 435 631 
0 9 230 369 435 630 
0 10 230 369 435 630 
0 10 229 369 435 629 
0 11 229 370 435 629 
0 11 229 370 435 629 
0 12 229 370 435 628 
0 12 229 370 435 628 
0 13 229 370 435 627 
0 13 229 371 435 627 
0 14 229 371 435 626 
0 14 229 372 435 626 
0 15 229 372 435 625 
0 15 229 372 435 625 
0 16 229 372 435 624 
0 16 229 373 435 624 
0 17 229 373 435 623 
0 17 229 373 434 623 
0 18 229 374 434 622 
0 18 229 374 434 622 
0 19 229 375 434 621 
0 19 229 376 433 620 
0 20 229 376 433 620 
0 20 229 377 433 620 
0 21 229 378 432 619 
0 22 229 378 432 619 
0 22 229 379 431 618 
0 23 229 380 431 617 
0 23 229 381 430 617 
0 24 229 382 430 616 
0 24 229 384 429 616 
0 25 229 384 429 615 
0 26 229 386 428 615 
0 26 229 387 427 614 
0 27 229 389 426 613 
0 27 229 392 425 613 
0 28 230 393 423 612 
0 29 230 395 422 612 
0 29 230 399 419 611 
0 30 230 403 417 611 
0 30 231 610 
0 31 231 609 
0 32 230 609 
0 32 231 608 
0 33 231 607 
0 34 232 607 
0 34 232 606 
0 35 232 605 
0 35 232 605 
0 36 232 604 
0 37 232 604 639 640 
0 38 233 603 638 640 
0 38 233 602 636 640 
0 39 233 602 635 640 
0 39 233 601 635 640 
0 40 234 600 635 640 
0 41 234 600 633 640 
0 41 234 599 631 640 
0 42 234 598 630 640 
0 43 235 598 629 640 
0 43 235 597 628 640 
0 44 235 596 627 640 
0 45 236 595 626 640 
0 45 236 595 625 640 
0 46 236 594 623 640 
0 47 237 593 622 640 
0 48 237 592 621 640 
0 48 237 592 620 640 
0 49 238 591 619 640 
0 50 238 590 618 640 
0 50 238 590 617 640 
0 51 239 589 616 640 
0 52 240 588 614 640 
0 53 240 587 613 640 
0 53 240 586 612 640 
0 54 240 586 611 640 
0 55 241 585 610 640 
0 55 241 584 609 640 
0 56 241 583 608 640 
0 57 242 583 606 640 
0 58 242 582 605 640 
0 59 243 581 604 640 
0 60 243 580 602 640 
0 60 243 579 602 640 
0 61 244 578 600 640 
0 62 244 578 599 640 
0 63 245 577 597 640 
0 64 245 576 596 640 
0 64 246 575 595 640 
0 65 247 574 594 640 
0 66 247 573 593 640 
0 67 247 573 591 640 
0 68 248 571 590 640 
0 69 248 570 589 640 
0 70 249 570 587 640 
0 71 249 569 586 640 
0 72 250 568 584 640 
0 73 250 567 584 640 
0 74 251 566 582 640 
0 75 252 565 581 640 
0 76 252 564 580 640 
0 77 253 563 578 640 
0 78 253 562 577 640 
0 79 254 561 575 640 
0 80 254 560 573 640 
0 81 254 560 573 640 
