342 359 
342 359 
341 359 
340 359 
339 359 
339 359 
338 359 
338 359 
337 359 
337 359 
336 359 
335 358 
334 358 359 367 
334 369 
333 369 
332 369 
331 369 
330 368 
329 367 
329 367 
328 366 
328 365 
327 365 
327 364 
326 363 
326 363 
326 362 
325 362 
325 361 
325 361 
325 360 
324 360 
324 360 
323 359 
323 359 
323 359 
323 359 
323 359 
323 359 
323 358 
323 358 
323 358 
323 358 
324 358 
324 358 
325 358 
325 358 
325 358 
325 358 
326 358 
326 358 
326 358 
327 358 
327 358 
327 358 
328 358 
328 358 
329 358 
329 358 
330 358 
330 358 
330 357 
331 357 
330 357 
330 357 
329 357 
329 357 
329 357 
328 357 
328 357 
327 356 
327 356 
327 356 
326 356 
326 356 
325 356 
325 355 
263 266 324 355 
261 271 324 355 
259 273 323 355 
258 274 323 355 
257 275 322 354 
256 276 322 354 
256 277 321 354 362 377 
255 278 321 354 359 379 
255 278 320 354 356 382 
255 257 259 279 320 353 354 383 
260 279 319 385 
261 280 319 386 
261 280 318 388 
262 280 318 389 
262 280 317 390 
262 280 317 391 
262 281 316 392 
263 281 316 393 
263 281 315 394 
263 281 315 394 
263 281 315 395 
264 281 314 396 
264 281 314 396 
265 282 313 397 
265 285 313 398 
265 287 313 399 
264 289 312 399 
264 290 312 400 
263 291 312 401 
262 292 312 401 
263 293 311 401 
263 294 311 402 
263 285 287 294 311 403 
264 286 288 295 310 403 
265 287 289 296 310 404 
266 296 310 405 
267 298 308 405 
268 299 306 405 
268 301 304 406 
268 407 
268 408 
269 408 
269 408 
270 408 
270 409 
269 409 
269 409 
268 409 
268 410 
268 411 
268 411 
268 411 
267 412 
268 412 
268 412 
268 412 
269 412 
269 412 
269 412 
268 413 
267 413 
266 414 
264 414 
263 414 
263 414 
262 414 
261 414 
261 415 
260 415 
259 415 
258 414 
258 414 
257 414 
257 413 
256 414 
256 415 
256 415 
256 415 
256 414 
256 414 
255 414 
255 414 
255 398 399 414 
255 398 400 414 
254 399 401 414 
253 400 402 414 
253 400 402 413 
252 401 403 414 
252 402 405 414 
252 397 399 403 407 413 
251 397 400 403 
251 397 
250 397 
250 398 
249 398 
248 398 
248 398 
247 398 
247 398 
248 398 
248 399 
248 399 
248 399 
248 399 
247 251 252 399 
247 250 251 400 
247 250 251 400 
247 249 251 400 
247 249 251 400 
251 400 
252 400 
252 400 
253 400 
253 400 
253 400 
254 400 
254 400 
255 401 
255 401 
256 401 
257 401 
258 401 
258 401 
259 401 
260 267 268 401 
261 267 270 402 
262 267 271 402 
263 267 272 402 
264 267 273 402 
265 267 273 402 
274 401 
275 401 
275 401 
276 401 
276 401 
276 401 
276 401 
275 401 
275 401 
273 401 
272 401 
271 401 
270 401 
269 401 
269 401 
270 401 
271 401 
272 401 
274 401 
276 401 
278 401 
278 400 
278 400 
279 400 
279 400 
279 400 
280 400 
281 400 
282 400 
283 400 
283 400 
283 400 
284 400 
284 400 
284 400 
284 400 
284 399 
284 399 
284 399 
285 399 
285 399 
285 399 
285 398 
285 398 
285 398 
285 398 
285 398 
285 398 
285 398 
285 397 
285 397 
285 397 
285 397 
286 397 
286 397 
286 396 
286 396 
286 396 
286 396 
286 396 
286 395 
286 395 
286 395 
286 395 
286 395 
286 394 
286 394 
286 394 
286 394 
286 393 
286 393 
285 393 
285 392 
285 392 
285 392 
283 392 
282 391 
281 391 
280 391 
279 390 
278 390 
278 390 
277 390 
277 389 
277 389 
276 389 
276 389 
275 389 
274 389 
273 388 
273 388 
272 388 
272 388 
271 388 
220 228 271 388 
219 230 271 388 
218 231 270 387 
217 232 270 387 
217 234 270 387 
216 234 270 387 
215 235 270 387 
215 235 270 386 
214 235 270 386 
213 235 270 386 
188 209 213 235 270 386 
184 235 270 386 
181 234 270 385 
179 234 270 385 
177 234 270 385 
175 233 269 384 
173 233 269 384 
171 232 268 384 
170 232 268 383 
168 232 267 383 
167 232 267 383 
166 233 266 383 
165 234 266 383 
164 235 265 383 
162 236 265 383 
162 238 264 383 
160 239 264 383 
159 240 263 384 
159 241 263 384 
158 242 263 384 
157 242 262 384 
156 243 262 385 
155 244 262 385 
155 245 261 385 
154 245 261 386 
153 246 261 386 
152 247 260 386 
152 247 260 387 
151 248 260 387 
151 248 259 387 
150 249 259 388 
150 249 259 388 
150 249 259 388 
149 250 258 389 
149 250 258 389 
148 250 258 389 
148 251 258 389 
148 251 258 390 
147 251 257 390 
147 251 258 390 
147 252 258 391 
147 252 258 391 
147 252 258 391 
147 252 258 392 
147 252 258 392 
147 252 258 392 
147 252 258 393 
147 252 258 393 
147 252 258 393 
147 252 258 394 
147 252 258 394 
147 252 258 394 
147 252 258 395 
147 252 258 395 
147 252 258 395 
147 252 258 396 
147 252 258 396 
147 252 259 397 
147 251 259 397 
147 251 259 397 
148 251 259 398 
147 250 259 398 
146 250 260 398 
143 250 260 399 
141 250 260 399 
138 249 260 399 
136 249 260 400 
134 249 261 400 
133 248 261 400 
131 248 261 400 
129 249 260 401 
128 251 257 401 
126 402 
125 402 
123 402 
123 403 
122 403 
120 403 
120 403 
118 404 
117 404 
116 404 
115 405 
115 405 
114 405 
113 406 
112 406 
112 406 
111 407 
110 407 
109 407 
109 362 363 408 
108 362 363 408 
108 362 364 408 
107 362 364 408 
107 363 365 409 
106 362 365 409 
106 362 366 409 
105 362 366 409 
105 362 367 410 
104 362 367 410 
104 362 368 410 
103 362 368 410 
103 362 369 411 
102 362 369 411 
102 362 370 411 
102 362 370 412 
102 227 228 259 260 362 371 412 
101 227 228 258 262 362 371 412 
101 227 229 257 263 362 372 412 
100 227 229 256 264 361 372 412 
100 228 230 255 265 362 373 412 
100 228 230 255 266 362 373 413 
100 228 230 255 266 362 374 413 
100 228 231 254 266 362 375 413 
99 228 231 253 266 362 375 413 
99 228 231 252 266 362 376 413 
99 228 232 249 266 362 376 413 
99 228 232 247 266 362 377 413 
98 228 232 246 266 363 377 413 
98 228 233 247 266 364 378 414 
98 228 234 247 266 365 378 414 
98 228 238 247 266 365 378 414 
98 228 238 248 266 366 377 414 
98 228 237 248 266 367 377 414 
98 228 237 248 266 368 376 414 
98 227 236 248 266 368 376 414 
98 227 234 248 266 369 375 414 
98 227 232 249 266 369 375 414 
98 227 230 249 266 370 375 414 
98 227 230 249 265 371 374 414 
98 227 229 249 265 371 373 414 
98 227 228 249 263 371 373 414 
98 226 228 249 263 371 372 414 
98 226 227 233 235 249 262 414 
98 226 227 233 235 240 241 248 262 414 
98 225 227 232 237 239 241 247 262 414 
99 225 226 232 241 246 262 414 
99 225 226 232 240 245 262 414 
99 231 240 245 261 414 
100 224 225 231 240 245 261 414 
100 223 225 230 239 244 261 414 
100 223 225 230 239 244 260 414 
100 223 224 229 238 244 260 413 
101 222 224 229 238 243 258 413 
101 222 223 229 238 243 257 413 
101 221 223 229 238 243 257 413 
102 221 223 229 237 242 256 413 
102 220 223 228 229 234 237 242 255 412 
102 220 223 234 236 242 255 412 
103 219 222 234 236 241 254 259 261 412 
103 219 222 234 235 241 254 259 261 411 
104 218 223 240 254 258 261 411 
105 218 224 239 253 258 261 410 
105 217 225 239 253 258 261 410 
106 216 226 238 252 259 261 410 
106 216 226 237 250 410 
107 215 225 234 249 409 
108 214 225 232 247 409 
108 214 225 232 246 409 
109 213 224 231 245 408 
110 212 224 231 245 408 
111 211 223 230 244 408 
112 210 223 230 244 407 
113 209 223 230 244 407 
114 208 222 229 244 406 
115 207 222 229 244 406 
116 207 218 228 245 405 
116 206 218 229 245 405 
