





























































































































































































































































































































































319 320 
318 320 
312 314 318 320 325 326 
312 315 318 321 323 326 
312 316 317 325 
314 325 
314 324 
313 326 
310 328 
310 328 
312 325 
315 324 
315 324 
314 325 526 528 
115 117 313 325 525 531 
115 117 312 327 525 532 
114 118 310 328 526 533 
113 118 310 329 528 533 
107 111 112 118 309 330 529 534 
106 121 307 331 530 534 
107 124 306 332 530 534 
108 125 305 333 529 534 
109 127 303 336 529 534 
109 130 301 337 529 534 
110 132 299 338 528 533 
109 134 297 340 526 533 
108 135 297 341 343 344 522 532 
108 136 296 344 521 531 
107 136 292 345 521 531 
108 120 123 136 292 345 521 531 
109 121 124 136 292 345 519 532 
108 123 126 136 292 344 518 534 
107 124 127 136 292 344 517 535 
106 125 128 135 293 344 516 535 
105 126 130 135 293 344 515 536 
103 128 131 134 294 343 513 538 
102 129 131 134 295 342 510 539 
100 130 297 341 507 540 
99 133 297 340 506 541 
98 135 298 340 505 542 
95 135 298 340 502 543 
93 136 298 340 501 544 
92 140 298 341 499 546 
89 140 298 341 499 548 
89 140 142 144 298 341 498 548 
88 144 298 341 498 549 552 555 
88 144 298 342 495 555 
87 144 298 342 494 555 
82 144 298 342 494 557 
82 144 298 342 495 557 
82 144 298 342 495 557 
82 144 298 343 496 557 
83 144 298 343 497 557 
83 144 298 343 497 558 
84 143 298 342 498 557 
84 142 298 343 499 557 
86 141 298 343 500 556 
86 140 298 343 500 556 
88 139 298 343 501 555 
88 138 298 342 501 553 
90 138 298 338 340 342 500 552 
90 139 301 337 340 341 500 551 
91 139 301 336 500 550 
91 139 300 336 499 550 
91 140 300 336 499 550 
91 140 300 335 499 551 
90 140 300 335 498 551 
90 140 301 335 498 551 
90 140 301 335 498 552 
90 140 301 336 498 552 
90 140 300 338 498 552 
90 140 299 340 498 552 
90 140 298 342 498 552 
90 139 296 344 498 552 
90 139 293 346 499 552 
90 139 290 350 499 552 
91 138 288 351 499 552 
91 138 288 351 500 552 
92 138 287 351 500 552 
93 138 287 352 500 552 
93 134 136 138 287 351 501 551 
94 133 287 351 501 551 
95 97 98 132 289 350 502 550 
96 97 100 130 290 348 502 550 
101 129 291 347 502 549 
101 127 291 347 502 548 
102 126 291 348 503 548 
103 126 290 348 504 547 
103 125 290 348 504 547 
104 126 290 348 505 546 
104 128 290 348 506 507 508 540 541 546 
102 131 289 348 506 508 510 539 541 545 
100 134 289 349 506 508 509 539 541 544 
98 137 289 348 507 541 
96 139 289 348 505 544 
93 140 289 349 503 546 
91 142 289 348 502 548 
89 144 289 348 501 550 
86 146 289 348 500 552 
83 149 290 347 500 555 
79 150 291 347 499 558 
78 151 291 346 499 558 
77 152 291 347 498 559 
77 152 291 346 497 559 
76 152 291 347 496 560 
76 152 291 347 495 560 
76 151 291 347 494 560 
77 150 290 347 494 560 
78 149 290 347 493 560 
78 148 290 348 493 560 
79 147 290 348 494 560 
80 147 290 348 494 561 
80 148 290 348 495 561 
81 148 290 348 496 562 
81 148 290 348 497 563 
82 149 290 348 497 564 
82 149 290 348 496 564 
82 149 290 348 496 565 
82 149 290 348 496 565 
82 149 290 348 496 565 
82 149 290 348 496 565 
82 149 290 348 496 565 
82 149 290 348 496 566 
82 149 290 347 496 566 
82 148 290 346 496 567 
82 148 290 345 496 567 
82 147 291 336 337 344 496 568 
82 147 292 336 337 343 496 569 
83 146 293 336 497 569 
83 146 293 300 301 336 497 570 
