0 640 
0 640 
0 640 
0 640 
0 640 
0 640 
0 640 
0 640 
0 640 
0 640 
0 640 
0 640 
0 640 
0 640 
0 640 
0 640 
0 640 
0 640 
0 640 
0 640 
0 640 
0 640 
0 640 
0 640 
0 640 
0 640 
0 640 
0 640 
0 640 
0 640 
0 640 
0 640 
0 640 
0 640 
0 640 
0 640 
0 640 
0 640 
0 640 
0 640 
0 640 
0 640 
0 640 
0 640 
0 640 
0 640 
0 640 
0 640 
0 640 
0 640 
0 640 
0 640 
0 640 
0 640 
0 640 
0 640 
0 640 
0 640 
0 640 
0 640 
0 640 
0 640 
0 640 
0 640 
0 640 
0 640 
0 640 
0 640 
0 640 
0 640 
0 640 
0 640 
0 640 
0 640 
0 640 
0 640 
0 640 
0 640 
0 640 
0 640 
0 640 
0 640 
0 640 
0 640 
0 640 
0 640 
0 640 
0 640 
0 640 
0 640 
0 640 
0 640 
0 640 
0 640 
0 640 
0 640 
0 640 
0 640 
0 640 
0 640 
0 640 
0 640 
0 640 
0 640 
0 640 
0 640 
0 640 
0 640 
0 640 
0 640 
0 640 
0 640 
0 640 
0 640 
0 640 
0 640 
0 640 
0 640 
0 640 
0 640 
0 640 
0 640 
0 640 
0 640 
0 640 
0 640 
0 640 
0 640 
0 640 
0 640 
0 640 
0 640 
0 640 
0 640 
0 640 
0 640 
0 640 
0 640 
0 640 
0 640 
0 640 
0 640 
0 640 
0 640 
0 640 
0 640 
0 640 
0 640 
0 640 
0 640 
0 640 
0 640 
0 640 
0 640 
0 640 
0 640 
0 640 
0 640 
0 640 
0 640 
0 640 
0 640 
0 640 
0 640 
0 640 
0 640 
0 640 
0 640 
0 640 
0 640 
0 640 
0 640 
0 640 
0 640 
0 640 
0 640 
0 640 
0 640 
0 640 
0 640 
0 640 
0 640 
0 640 
0 640 
0 640 
0 640 
0 640 
0 640 
0 640 
0 640 
0 640 
0 640 
0 640 
0 640 
0 640 
0 640 
0 640 
0 640 
0 640 
0 640 
0 640 
0 640 
0 640 
0 640 
0 640 
0 640 
0 640 
0 640 
0 640 
0 640 
0 640 
0 640 
0 640 
0 640 
0 640 
0 640 
0 640 
0 640 
0 640 
0 640 
0 640 
0 640 
0 640 
0 640 
0 640 
0 640 
0 640 
0 640 
0 640 
0 640 
0 640 
0 640 
0 640 
0 640 
0 640 
0 640 
0 640 
0 640 
0 640 
0 640 
0 640 
0 640 
0 640 
0 640 
0 640 
0 640 
0 640 
0 640 
0 640 
0 640 
0 640 
0 640 
0 640 
0 640 
0 640 
0 640 
0 640 
0 640 
0 640 
0 640 
0 640 
0 640 
0 311 319 640 
0 304 321 640 
0 300 326 640 
0 296 328 640 
0 294 329 640 
0 292 333 640 
0 289 335 640 
0 288 337 640 
0 286 338 640 
0 285 339 640 
0 284 340 640 
0 283 341 640 
0 283 342 640 
0 282 343 640 
0 281 343 640 
0 280 344 640 
0 279 345 640 
0 279 345 640 
0 278 345 640 
0 278 345 640 
0 278 346 640 
0 277 346 640 
0 277 347 640 
0 277 347 640 
0 276 347 640 
0 276 348 640 
0 275 348 640 
0 275 348 640 
0 274 349 640 
0 274 348 640 
0 273 349 640 
0 273 349 640 
0 273 349 640 
0 272 349 640 
0 272 350 640 
0 272 350 640 
0 273 350 640 
0 273 350 640 
0 273 350 640 
0 273 350 640 
0 273 349 640 
0 273 349 640 
0 273 349 640 
0 273 348 640 
0 273 348 640 
0 273 348 640 
0 273 348 640 
0 274 347 640 
0 274 347 640 
0 274 346 640 
0 274 346 640 
0 275 346 640 
0 275 345 640 
0 275 345 640 
0 276 344 640 
0 276 343 640 
0 277 343 640 
0 277 342 640 
0 278 342 640 
0 278 341 640 
0 279 340 640 
0 279 339 640 
0 279 338 640 
0 280 337 640 
0 281 337 640 
0 282 338 640 
0 283 339 640 
0 284 340 640 
0 285 341 640 
0 287 341 640 
0 289 342 640 
0 291 343 640 
0 292 344 640 
0 293 344 640 
0 292 345 640 
0 292 346 640 
0 292 346 640 
0 291 346 640 
0 290 347 640 
0 290 347 640 
0 290 348 640 
0 289 347 640 
0 289 348 640 
0 289 348 640 
0 289 349 640 
0 289 348 640 
0 289 348 640 
0 289 348 640 
0 289 349 640 
0 288 349 640 
0 288 350 640 
0 288 350 640 
0 287 350 640 
0 287 350 640 
0 287 350 640 
0 287 350 640 
0 287 350 640 
0 287 351 640 
0 287 351 640 
0 287 351 640 
0 287 351 640 
0 286 351 640 
0 286 352 640 
0 286 352 640 
0 286 352 640 
0 286 352 640 
0 286 352 640 
0 286 352 640 
0 286 352 640 
0 286 352 640 
0 286 352 640 
0 286 352 640 
0 286 352 640 
0 286 353 640 
0 286 353 640 
0 285 353 640 
0 285 353 640 
0 285 353 640 
0 285 353 640 
0 285 353 640 
0 285 353 640 
0 285 353 640 
0 285 353 640 
0 285 353 640 
0 285 353 640 
0 285 354 640 
0 285 354 640 
0 285 354 640 
0 285 354 640 
0 284 354 640 
0 284 354 640 
0 284 354 640 
0 284 354 640 
0 284 354 640 
0 284 355 640 
0 283 355 640 
0 283 355 640 
0 283 355 640 
0 283 355 640 
0 283 355 640 
0 283 355 640 
0 283 355 640 
0 283 355 640 
0 283 355 640 
0 283 355 640 
0 283 355 640 
0 283 355 640 
0 283 355 640 
0 283 355 640 
0 283 355 640 
0 283 355 640 
0 283 355 640 
0 283 355 640 
0 283 355 640 
0 283 355 640 
0 283 355 640 
0 283 355 640 
0 283 355 640 
0 283 355 640 
0 283 355 640 
0 283 355 640 
0 283 355 640 
0 283 355 640 
0 283 355 640 
0 284 355 640 
0 284 355 640 
0 282 356 640 
0 276 362 640 
0 270 370 640 
0 264 373 640 
0 261 377 640 
0 256 381 640 
0 253 385 640 
0 249 389 640 
0 246 392 640 
0 243 395 640 
0 240 398 640 
0 238 401 640 
0 234 403 640 
0 232 406 640 
0 230 408 640 
0 228 410 640 
0 226 412 640 
0 224 414 640 
0 222 416 640 
0 220 418 640 
0 219 420 640 
0 217 421 640 
0 214 423 640 
0 213 425 640 
0 212 426 640 
0 210 427 640 
0 209 429 640 
0 208 280 283 355 359 431 640 
0 207 278 283 355 361 432 640 
0 206 275 283 355 363 433 640 
0 204 273 283 355 365 434 640 
0 203 272 283 355 367 435 640 
0 202 269 283 355 369 436 640 
0 201 267 283 355 371 437 640 
0 200 266 283 355 372 438 640 
0 199 264 283 355 374 439 640 
0 199 263 283 355 375 440 640 
0 197 262 283 355 376 441 640 
0 197 261 283 355 377 441 640 
0 196 260 283 355 378 442 640 
0 195 259 283 355 379 442 640 
0 195 258 283 355 380 443 640 
0 194 258 283 355 380 444 640 
0 194 256 283 355 381 445 640 
0 193 256 283 355 381 445 640 
0 193 255 283 355 382 446 640 
0 192 255 283 355 383 446 640 
0 192 255 283 356 383 446 640 
0 191 255 283 356 383 447 640 
0 191 254 283 356 384 447 640 
0 191 254 283 356 384 447 640 
0 190 254 283 356 384 448 640 
