


























389 415 
369 372 384 419 
366 375 381 422 
365 426 
364 429 
363 432 
363 434 
362 436 
362 437 
362 439 
362 441 
361 442 
360 445 
358 446 
357 447 
356 449 
354 450 
353 451 
352 452 
350 452 
349 453 
348 454 
346 454 
345 455 
344 456 
344 457 
343 458 
342 458 
341 459 
340 459 
340 460 
339 461 
339 461 
338 461 
337 462 
337 462 
336 463 
336 463 
335 463 
335 464 
334 464 
334 465 
333 465 
332 466 
332 466 
332 467 
331 467 
331 468 
330 468 
330 469 
329 469 
329 470 
328 470 
328 470 
328 471 
327 471 
327 471 
326 472 
326 472 
325 472 
325 472 
325 472 
324 472 
324 326 328 473 
328 473 
327 473 
327 473 
327 473 
327 329 331 473 
326 328 331 473 
331 473 
331 473 
331 473 
331 473 
332 473 
332 473 
332 473 
332 473 
332 473 
333 473 
333 473 
335 473 
335 473 
335 337 338 473 
339 473 
340 472 
343 472 
343 472 
344 472 
345 472 
345 472 
346 472 
347 472 
348 472 
348 472 
347 471 
346 471 
346 471 
344 471 
342 470 
341 470 
340 470 
339 470 
339 470 
340 470 
340 470 
341 470 
342 470 
343 470 
344 470 
345 470 
346 470 
346 470 
346 470 
347 471 
346 471 
346 471 
346 472 
347 472 
348 473 
349 473 
350 473 
350 474 
350 474 
350 474 
351 474 
352 475 
352 475 
353 475 
354 475 
354 476 
354 476 
355 471 472 476 
355 472 473 476 
356 472 473 477 
356 472 474 477 
356 473 474 477 
357 473 474 477 
358 371 372 377 379 473 475 478 
360 370 372 376 378 474 476 478 
365 369 372 376 378 474 
365 368 372 375 378 474 
365 367 372 374 378 475 
365 366 372 373 377 475 
377 470 472 475 
377 470 473 476 
377 469 474 476 
377 379 380 469 475 476 
380 469 
380 470 
380 470 
380 470 
380 471 
379 471 
378 471 
376 472 
375 466 468 472 
375 465 
374 465 
375 466 
375 466 
375 466 
374 467 
371 463 464 467 
371 462 465 467 
370 462 465 468 
369 461 466 467 
368 454 456 460 
367 454 456 460 
365 454 456 459 
364 438 440 454 457 459 
363 438 442 453 
362 438 446 453 
361 437 446 453 
359 437 446 449 450 453 
357 437 446 449 450 453 
356 436 446 449 451 452 
355 437 446 448 
354 437 446 448 
352 438 
351 438 
350 438 
349 439 
348 439 
348 439 
245 250 347 440 
244 251 346 440 
244 252 345 440 
243 252 344 441 
234 253 343 441 
230 253 342 441 
227 254 342 442 
224 254 341 442 
223 254 340 442 
221 254 339 443 
220 255 338 443 
219 255 338 443 
218 256 336 443 
217 256 336 444 
216 257 335 444 
216 258 334 444 
215 259 333 444 
214 259 333 445 
214 260 332 445 
214 261 332 445 
213 261 332 334 335 446 
213 262 332 334 335 446 
213 262 334 446 
212 263 334 447 
212 263 334 447 
212 263 333 336 338 447 
212 263 333 335 338 447 
211 263 337 448 
211 262 337 448 
211 262 336 448 
211 261 336 448 
211 261 336 449 
211 259 335 449 
211 258 335 449 
210 257 334 449 
210 253 334 450 
210 254 333 450 
210 255 333 450 
210 256 332 450 
210 256 332 450 
210 256 331 450 
210 255 331 451 
210 254 330 451 
210 253 330 451 
210 253 329 451 
210 252 329 451 
210 251 329 440 441 452 
210 251 328 438 441 452 
210 250 328 437 441 452 
210 250 327 436 441 452 
210 250 327 437 441 452 
210 250 327 437 440 445 446 450 
209 250 326 437 440 444 
209 250 326 436 440 444 
209 250 326 436 441 445 
209 251 326 436 441 445 
209 252 326 435 442 445 
209 253 326 434 442 444 
209 253 325 433 
208 254 325 432 
208 255 325 431 
208 256 325 430 
208 256 325 429 
208 256 325 428 
207 256 325 428 
207 255 325 428 
207 254 325 427 
207 254 325 427 
207 255 325 427 
206 255 325 427 
206 256 325 426 
206 256 325 426 
206 257 325 426 
205 257 326 426 
205 258 326 425 
205 258 326 425 
205 258 326 425 
204 259 326 425 
204 260 326 424 
204 263 326 424 
204 266 326 424 
203 269 326 424 
203 271 327 423 
203 277 327 423 
203 284 327 423 
202 288 327 424 
202 291 327 424 
202 294 328 424 
202 298 328 425 
201 300 328 425 
201 302 328 425 
201 304 329 422 
201 306 329 421 
201 309 330 421 
201 312 330 421 
201 314 330 420 
200 316 330 420 
200 318 331 420 
200 321 331 420 
200 323 331 420 
200 326 331 419 
200 328 332 419 
200 419 
199 419 
199 419 
199 419 
198 419 
198 419 
199 419 
199 419 
199 419 
200 419 
200 419 
200 419 
200 419 
200 419 
200 419 
200 419 
200 419 
200 419 
200 419 
201 419 
201 419 
201 420 
201 420 
201 420 
201 226 227 420 
201 420 
201 420 
201 420 
201 285 289 420 
201 282 290 421 
201 282 292 421 
201 282 293 421 
202 282 294 421 
202 283 296 421 
202 283 298 421 
203 283 299 422 
203 283 301 422 
203 284 303 422 
203 284 304 422 
204 284 306 422 
205 284 307 423 
205 284 309 423 
207 284 310 424 
207 285 311 424 
207 285 313 424 
208 218 219 285 315 425 
208 218 220 285 316 425 
208 218 221 285 317 426 
208 218 221 286 319 426 
209 218 222 286 321 426 
209 218 221 286 322 427 
209 218 221 286 324 427 
210 218 221 287 325 427 
210 218 221 287 326 427 
211 212 214 218 220 287 328 427 
214 217 220 287 329 427 
215 217 220 288 331 428 
220 288 332 428 
220 288 332 428 
219 288 332 428 
219 288 332 428 
219 289 332 428 
219 289 333 428 
218 289 333 429 
218 289 333 429 
218 290 333 430 
218 290 333 430 
218 290 334 431 
217 290 334 432 
217 290 334 432 
217 290 335 433 
217 291 335 434 
216 291 335 434 
216 292 335 435 
216 292 335 436 
216 292 334 436 
215 292 334 437 
215 293 334 438 
215 293 334 438 
215 293 333 439 
215 293 333 440 
214 293 333 440 
214 294 333 441 
214 294 333 441 
213 294 333 442 
213 294 333 443 
213 295 332 443 
213 295 332 444 
212 295 332 444 
212 295 332 445 
212 296 332 446 
212 296 331 447 
211 296 331 447 
211 296 331 448 
211 297 331 448 
211 297 331 449 
210 297 331 450 
210 298 330 450 
210 298 330 451 
210 298 330 451 
210 298 330 452 
209 298 330 452 
209 299 329 453 
209 299 329 454 
208 299 328 454 
208 299 328 455 
208 299 328 455 
208 299 327 456 
207 299 327 457 
207 299 328 457 
207 299 327 458 
207 299 327 458 
207 299 327 459 
206 299 326 459 
206 300 326 460 
206 300 326 460 
206 300 325 461 
205 300 325 461 
205 301 325 462 
205 301 325 462 
205 301 324 463 
205 302 324 463 
204 302 324 464 
204 302 324 464 
203 301 323 465 
203 301 323 465 
204 300 323 466 
204 300 323 466 
205 300 323 467 
205 300 323 467 
205 300 322 468 
204 300 322 468 
204 300 322 468 
204 299 322 469 
204 298 322 469 
206 297 321 470 
207 296 321 470 
208 296 321 470 
208 295 320 471 
209 213 220 294 320 471 
221 288 320 472 
221 286 320 472 
222 285 320 473 
223 284 320 473 
229 283 320 473 
233 268 273 274 276 283 319 474 
234 266 319 474 
235 263 319 475 
235 261 318 475 
236 259 318 475 
237 257 318 476 
238 257 318 477 
238 258 318 477 
240 258 317 477 
240 259 317 478 
241 260 317 478 
242 261 317 478 
243 262 317 479 
245 262 316 479 
245 262 316 479 
246 263 316 480 
248 263 316 480 
249 263 316 481 
250 264 316 481 
252 263 316 481 
252 264 315 482 
