




































560 563 
558 564 
556 563 
555 562 
553 561 
551 561 
549 560 
548 559 
546 558 
544 556 
543 555 
541 555 
540 554 
538 553 
536 552 
535 551 
534 550 
532 549 
531 548 
529 547 
528 547 
527 546 
525 545 
524 544 
523 543 
521 542 
176 195 520 541 
173 197 519 540 
170 201 517 540 
167 205 516 539 
164 208 515 538 
162 210 514 537 
160 212 513 537 
158 214 511 536 
156 216 510 535 
155 218 509 534 
154 220 508 533 
152 221 506 532 
151 223 505 531 
150 224 504 530 
148 226 503 530 
147 227 501 529 
146 228 500 528 
145 230 499 527 
144 231 498 526 
143 232 496 528 
142 233 495 531 
141 234 494 533 
140 235 493 534 
139 236 491 535 
139 238 490 535 
138 238 488 535 
137 239 486 534 
136 240 485 533 
135 240 484 531 
134 241 483 530 
134 242 481 527 
133 243 481 524 
132 243 480 522 
131 244 478 522 
131 244 477 524 
130 245 476 526 
130 246 474 527 
129 246 473 529 
128 247 471 530 
128 247 470 532 
127 247 469 533 
127 248 467 534 
126 248 465 535 
126 249 464 536 
125 249 462 537 
125 249 461 537 
124 250 459 538 
124 250 457 538 
123 250 456 537 
123 250 454 536 
122 251 452 535 
122 251 451 532 
122 251 449 529 
121 252 447 526 
121 252 445 523 
121 252 443 520 
120 252 401 408 442 519 
120 253 399 410 440 517 
120 253 399 412 438 516 
119 253 399 413 437 514 
119 254 400 413 435 486 490 513 
119 256 401 414 433 485 491 511 
118 257 401 415 432 484 494 509 
118 258 400 415 430 483 497 506 
118 259 400 415 429 482 
118 259 267 276 361 376 399 415 427 481 
118 260 262 280 358 380 398 415 426 480 
118 283 353 386 397 415 424 479 
117 287 349 390 397 415 423 478 
117 289 346 393 395 415 422 477 
117 290 344 415 420 476 
117 292 342 415 419 474 
117 293 338 415 418 473 
117 295 334 415 416 472 
116 296 331 471 
116 297 328 470 
116 298 328 331 336 469 
116 299 334 468 
116 300 333 466 
116 301 331 465 
116 302 329 464 
116 303 328 463 
116 304 327 462 
116 305 326 461 
116 306 325 460 
116 306 323 459 
116 307 322 458 
117 308 321 324 327 456 
117 308 320 322 326 455 
117 309 320 321 326 454 
117 309 325 453 
117 310 324 452 
117 310 323 451 473 482 
118 311 323 450 469 486 
118 311 322 448 466 490 
118 312 322 448 464 492 
119 312 321 447 462 494 
119 313 321 445 460 496 
119 313 321 444 459 497 
120 313 320 443 457 499 
120 314 320 442 456 499 
120 314 320 441 454 500 
121 314 320 447 453 501 
121 314 320 450 452 501 
122 315 319 501 
122 315 319 502 
123 315 319 502 
123 315 319 502 
124 315 318 502 
125 315 318 502 
125 315 318 502 
126 315 319 502 
126 315 319 502 
127 315 319 323 324 502 
128 315 319 323 325 502 
129 315 319 322 325 502 
130 316 319 321 325 502 
130 316 318 321 325 502 
131 316 319 320 325 502 
132 316 325 502 
133 316 325 502 
134 316 325 501 
135 316 325 501 
136 317 324 501 
137 501 
139 501 
140 501 
141 501 
142 500 
144 500 
145 500 
147 499 
148 499 
150 498 
152 498 
154 497 
156 497 
159 206 209 497 
161 203 210 497 
164 200 211 496 
168 195 208 209 215 496 
175 189 206 210 216 496 
204 213 216 495 
202 214 216 495 
200 495 
199 494 
198 494 
197 493 
196 492 
195 491 
194 491 
193 490 
192 490 
191 301 302 490 
190 300 304 490 
189 299 306 489 
188 298 307 489 
187 297 307 488 
186 296 307 487 
184 295 307 486 
182 293 307 485 
181 292 306 484 
180 230 232 291 306 484 
179 230 233 289 306 484 
177 230 234 288 305 483 
175 230 236 286 305 483 
174 230 238 285 305 482 
174 230 240 283 305 481 
174 230 242 281 306 481 
174 229 245 278 306 480 
174 229 250 275 307 480 
175 229 255 270 308 479 
175 228 309 478 
176 228 310 477 
176 228 312 475 
177 228 314 474 
177 228 316 474 
176 227 317 473 
175 226 317 452 453 473 
174 226 317 451 454 472 
173 225 317 450 454 469 
172 225 316 450 456 469 
171 225 316 450 456 469 
171 225 315 450 457 468 
170 225 315 449 457 467 
170 225 315 449 457 466 
169 226 314 449 458 465 
168 226 314 448 459 464 
168 226 313 448 
167 178 180 226 313 448 
167 177 183 227 313 448 
166 176 186 227 312 447 
166 176 187 227 312 447 
166 175 188 227 312 447 
166 175 188 227 311 446 
166 174 189 228 311 446 
167 174 190 228 311 446 
168 173 190 228 310 445 
189 229 310 445 
188 229 310 445 
188 230 309 445 
187 230 309 444 
186 231 308 444 
185 232 308 444 
183 234 308 444 
182 235 307 443 
181 234 307 443 
182 233 307 443 
183 232 306 443 
184 230 306 442 
185 228 306 442 
185 227 305 442 
185 227 305 442 
185 227 305 442 
186 227 305 441 
187 227 304 441 
192 227 304 441 
192 227 303 440 
192 228 303 440 
192 228 303 440 
192 228 302 440 
192 228 302 439 
192 228 302 439 
192 228 302 439 
192 228 301 439 
192 228 301 439 
192 228 300 439 
192 228 299 439 
192 229 296 438 
192 229 293 438 
192 229 291 438 
192 229 289 438 
192 229 285 438 
192 229 281 438 
192 229 275 438 
192 229 271 438 
192 229 267 437 
192 229 262 437 
192 230 257 437 
192 230 253 437 
193 230 249 437 
193 230 246 437 
193 230 242 437 
193 230 240 436 
193 230 236 436 
193 230 233 436 
193 436 
193 436 
193 435 
193 435 
193 435 
193 435 
193 435 
193 435 
193 435 
194 435 
194 435 
194 434 
194 434 
194 434 
194 434 
194 434 
195 434 
195 434 
195 434 
195 434 
196 434 
196 434 
197 433 
197 433 
198 433 
199 433 
199 433 
200 433 
200 433 
201 260 266 433 
201 256 265 433 
201 251 265 433 
201 248 264 433 
202 207 208 243 264 432 
202 207 208 237 263 432 
202 229 263 432 
202 222 262 432 
202 220 262 432 
203 219 262 432 
204 217 261 432 
207 215 261 432 
208 214 260 432 
208 214 260 432 
208 214 260 432 
208 214 260 432 
208 214 259 433 
208 214 259 433 
208 214 259 433 
208 214 259 434 
208 214 258 435 
209 214 258 436 
208 215 258 437 
208 215 258 438 
208 215 258 439 
208 216 258 440 
206 218 258 441 
204 219 258 442 
203 220 258 443 
202 220 258 444 
202 221 257 445 
202 221 257 446 
202 207 208 214 216 221 257 447 
202 207 209 214 216 221 257 448 
201 207 210 213 216 221 257 449 
201 207 217 221 257 450 
201 207 217 221 257 451 
201 206 217 221 257 452 
201 206 217 222 257 373 374 453 
201 206 217 222 257 373 374 454 
201 206 217 222 257 373 375 455 
201 207 217 222 257 372 375 456 
201 207 217 222 257 372 375 457 
201 207 217 222 257 372 375 458 
201 207 217 222 257 371 375 459 
201 207 217 222 257 371 376 460 
201 206 217 222 258 371 376 461 
201 207 217 222 258 371 376 462 
202 207 217 222 258 370 376 463 
202 207 210 214 216 222 258 370 377 464 
202 207 209 214 216 222 258 366 367 370 377 464 
202 208 209 214 216 221 258 366 367 369 377 465 
202 221 258 365 367 369 377 466 
202 221 258 365 378 467 
203 220 258 364 378 468 
203 220 258 364 378 468 
205 218 258 364 378 469 
207 215 258 363 379 470 
208 214 258 363 379 471 
209 214 258 362 379 471 
209 214 258 362 379 472 
208 214 258 362 380 473 
209 214 258 361 380 473 
209 214 259 361 380 474 
209 214 259 361 381 474 
209 214 259 360 381 475 
208 214 259 360 381 475 
208 214 259 360 381 476 
209 214 259 360 381 476 
209 214 259 359 382 477 
208 214 259 359 382 477 
208 215 259 359 382 478 
207 216 260 359 382 478 
205 219 260 359 383 478 
204 220 260 358 383 478 
203 220 260 358 383 426 427 479 
202 220 260 358 383 426 428 479 
202 221 260 358 384 425 428 479 
202 221 260 358 384 425 428 479 
202 207 208 214 216 222 260 358 384 425 429 479 
201 207 209 213 216 222 260 358 384 424 429 479 
201 207 216 222 260 358 385 424 429 480 
201 206 217 221 260 358 385 424 430 480 
201 207 217 221 260 358 385 424 430 480 
201 206 217 221 260 358 385 425 430 480 
201 207 217 221 260 358 385 426 429 480 
201 207 217 221 260 357 386 426 428 480 
201 207 217 221 261 357 386 425 427 480 
201 206 217 221 261 357 386 425 426 480 
201 206 217 221 261 357 386 480 
201 206 217 222 261 357 386 480 
201 206 217 222 261 357 387 480 
201 206 217 222 261 357 387 479 
201 206 217 222 261 357 387 479 
201 206 217 222 261 358 387 479 
201 206 216 221 261 358 387 479 
201 207 210 214 216 221 261 358 387 478 
201 207 209 214 216 221 261 358 388 478 
201 207 208 213 215 221 261 358 388 477 
202 214 215 221 261 358 388 477 
202 220 261 358 388 476 
202 220 262 358 388 476 
202 219 262 358 388 475 
204 218 262 358 389 474 
205 216 262 358 389 473 
207 214 262 358 389 473 
208 213 262 358 389 472 
208 213 262 358 389 471 
208 213 262 358 389 470 
208 213 262 359 389 469 
208 213 262 359 389 469 
208 213 262 359 390 468 
208 213 262 359 390 467 
208 213 262 359 390 466 
208 213 262 359 390 465 
207 213 262 359 390 464 
207 213 262 359 390 463 
207 213 262 360 390 462 
207 213 262 360 390 461 
206 214 262 361 390 460 
204 216 262 362 390 460 
203 218 262 363 390 459 
201 219 261 364 390 458 
201 219 260 364 390 457 
201 219 260 365 390 456 
201 220 259 365 390 455 
200 213 214 220 259 365 390 454 
200 206 207 212 215 220 259 365 389 453 
200 206 208 212 215 220 259 365 389 452 
200 205 209 211 215 220 258 366 388 451 
200 205 215 220 258 366 388 450 
200 205 215 220 258 366 387 449 
199 205 215 220 258 367 386 448 
199 205 215 220 257 369 386 447 
199 205 215 220 256 371 385 446 
199 204 215 220 255 373 384 445 
199 204 215 220 254 374 384 444 
199 204 215 220 253 376 383 444 
199 204 215 220 253 377 382 443 
199 204 215 220 252 367 369 379 381 442 
199 204 215 220 252 257 258 368 372 441 
199 204 215 220 251 257 258 368 373 440 
