48 98 320 640 
48 99 320 640 
47 101 320 640 
47 114 320 640 
47 117 320 640 
46 119 320 640 
46 120 320 640 
46 123 125 135 320 640 
47 135 320 640 
47 136 320 640 
47 138 320 640 
47 142 320 640 
47 142 320 640 
46 142 320 640 
46 141 320 640 
46 141 320 640 
46 140 320 640 
46 140 320 640 
46 139 320 640 
46 139 320 640 
46 139 320 640 
46 140 320 640 
46 140 320 640 
46 140 320 640 
46 140 320 640 
46 139 320 640 
46 139 320 640 
46 138 320 640 
46 138 320 640 
46 137 320 640 
46 136 320 640 
46 136 320 640 
46 135 320 640 
46 134 320 640 
46 133 320 640 
46 132 320 640 
47 132 320 640 
47 131 320 640 
47 130 320 640 
47 129 320 640 
47 128 320 640 
47 127 320 640 
47 126 320 640 
48 125 320 640 
48 125 320 640 
48 124 320 640 
48 123 320 640 
48 121 320 640 
48 120 320 640 
48 119 320 640 
48 118 320 640 
49 117 320 640 
49 116 320 640 
49 115 320 640 
49 114 320 640 
49 113 320 640 
50 112 320 640 
50 112 320 640 
50 110 320 640 
50 110 320 640 
50 109 320 640 
50 108 320 640 
50 107 320 640 
50 106 320 640 
50 106 320 640 
50 105 320 640 
50 104 320 640 
50 103 320 640 
50 103 320 640 
50 102 320 640 
50 101 320 640 
50 101 320 640 
50 100 320 640 
50 99 320 640 
51 99 320 640 
51 98 320 640 
51 98 320 640 
51 97 320 640 
51 97 320 640 
51 96 320 640 
51 95 320 640 
51 95 320 640 
51 94 320 640 
51 94 320 640 
51 93 320 640 
51 93 320 640 
51 93 320 640 
51 93 320 640 
51 92 102 103 320 640 
51 92 101 104 320 640 
52 92 101 104 106 108 320 640 
52 92 100 103 105 108 320 640 
52 93 95 98 100 103 105 108 320 640 
52 98 99 108 320 640 
52 109 320 640 
52 114 320 640 
52 115 320 640 
52 115 320 640 
53 115 320 640 
53 115 320 640 
53 116 320 640 
53 116 320 640 
53 116 320 640 
53 117 320 640 
53 117 320 640 
53 117 320 640 
52 117 320 640 
49 51 52 118 320 640 
47 118 320 640 
45 118 320 640 
44 118 320 640 
44 119 320 640 
43 120 320 640 
42 120 320 640 
42 120 320 640 
41 119 320 640 
41 119 320 640 
40 119 320 640 
39 119 320 640 
38 118 320 640 
38 118 320 640 
37 118 320 640 
36 117 320 640 
35 117 320 640 
34 117 320 640 
33 116 320 640 
33 116 320 640 
32 115 117 118 120 121 320 640 
32 115 116 121 320 640 
33 115 116 120 320 640 
33 114 115 119 320 640 
33 119 320 640 
33 119 320 640 
33 118 320 640 
32 117 320 640 
32 117 320 640 
32 47 48 116 320 640 
32 47 49 115 320 640 
32 46 50 114 320 640 
33 46 51 113 320 640 
33 45 52 112 320 640 
33 45 53 111 320 640 
33 45 54 111 320 640 
34 44 55 110 320 640 
34 44 56 109 320 640 
35 43 57 109 320 640 
35 43 57 108 320 640 
36 42 58 107 320 640 
36 42 59 107 320 640 
37 42 59 106 320 640 
60 106 320 640 
60 105 320 640 
61 105 320 640 
61 105 320 640 
61 105 320 640 
61 104 320 640 
61 104 320 640 
61 104 115 119 320 640 
61 104 112 119 320 640 
61 103 110 121 320 640 
62 103 108 121 320 640 
62 103 104 123 320 640 
59 123 320 640 
59 122 320 640 
60 120 320 640 
60 119 320 640 
60 118 320 640 
58 117 320 640 
58 115 320 640 
58 114 320 640 
57 112 320 640 
57 111 320 640 
57 110 320 640 
56 108 320 640 
56 106 320 640 
55 104 320 640 
54 103 320 640 
53 101 320 640 
46 100 320 640 
43 99 320 640 
41 98 320 640 
39 98 320 640 
35 98 320 640 
32 98 320 640 
32 98 320 640 
32 98 320 640 
32 98 320 640 
31 98 320 640 
30 98 320 640 
30 98 320 640 
36 98 320 640 
44 98 320 640 
46 98 320 640 
46 98 320 640 
47 98 320 640 
47 98 320 640 
48 99 320 640 
49 64 65 99 320 640 
50 61 66 99 320 640 
66 99 320 640 
67 99 320 640 
68 99 320 640 
69 100 320 640 
70 100 320 640 
71 100 320 640 
72 100 320 640 
72 100 320 640 
73 100 320 640 
74 100 320 640 
75 100 320 640 
76 100 320 640 
77 100 320 640 
78 99 320 640 
80 99 320 640 
81 98 320 640 
82 97 320 640 
84 96 320 640 
86 93 320 640 
320 640 
320 640 
320 640 
320 640 
320 640 
320 640 
320 640 
320 640 
320 640 
320 640 
320 640 
320 640 
320 640 
320 640 
320 640 
320 640 
320 640 
320 640 
320 640 
320 640 
320 640 
320 640 
320 640 
320 640 
320 640 
320 640 
320 640 
320 640 
320 640 
320 640 
320 640 
320 640 
320 640 
320 640 
320 640 
320 640 
320 640 
320 640 
320 640 
320 640 
320 640 
320 640 
320 640 
320 640 
320 640 
320 640 
320 640 
320 640 
320 640 
320 640 
320 640 
320 640 
320 640 
320 640 
320 640 
320 640 
320 640 
320 640 
320 640 
320 576 579 640 
320 574 581 640 
320 566 569 573 582 640 
320 564 583 640 
320 563 583 640 
320 561 583 640 
320 560 583 640 
320 560 583 640 
320 558 583 640 
320 557 583 640 
320 557 584 640 
320 557 585 640 
320 556 586 640 
320 556 588 640 
320 555 589 640 
320 554 589 640 
320 553 590 640 
320 552 591 640 
320 552 591 640 
320 551 592 640 
320 550 592 640 
320 550 593 640 
320 549 593 640 
320 549 594 640 
320 548 594 640 
320 548 594 640 
320 547 595 640 
320 547 595 640 
320 546 594 640 
320 546 593 640 
320 545 593 640 
320 545 592 640 
320 544 591 640 
320 544 590 640 
320 544 586 587 589 640 
320 543 584 640 
320 543 584 640 
320 542 585 640 
320 542 586 640 
320 541 585 640 
320 540 584 640 
320 539 583 640 
320 539 582 640 
320 538 581 640 
320 537 580 640 
320 535 579 640 
320 534 575 640 
320 533 575 640 
320 531 575 640 
320 530 576 640 
320 529 578 640 
320 527 580 640 
320 526 581 640 
320 524 582 640 
320 523 582 640 
320 522 583 640 
320 520 584 640 
320 519 585 640 
320 518 560 561 586 640 
320 517 559 561 587 640 
320 516 558 560 588 640 
320 515 558 560 589 640 
320 514 557 560 590 640 
320 513 557 559 591 640 
320 513 556 559 591 640 
320 512 555 558 592 640 
320 512 555 558 592 640 
320 511 554 557 593 640 
320 511 554 557 593 640 
320 510 553 556 593 640 
320 510 553 555 594 640 
320 509 552 555 594 640 
320 509 552 554 594 603 606 640 
320 508 552 553 594 603 608 640 
320 508 595 603 609 640 
320 508 595 602 610 640 
320 508 595 602 611 640 
320 507 595 602 612 640 
320 507 595 602 612 640 
320 507 594 604 613 640 
320 507 594 604 613 640 
320 506 568 569 594 603 613 640 
320 505 567 569 594 606 613 640 
320 505 567 569 595 606 613 640 
320 505 567 569 596 606 613 640 
320 504 566 568 596 606 613 640 
320 504 566 568 597 605 614 640 
320 504 566 568 598 604 614 640 
320 504 566 568 615 640 
320 503 566 568 616 640 
320 503 566 568 616 640 
320 503 532 534 566 568 617 640 
320 503 532 534 566 568 617 640 
320 502 531 533 566 568 617 640 
320 502 530 533 566 568 617 640 
320 502 509 510 529 532 617 640 
320 502 508 510 529 532 617 640 
320 504 508 510 528 531 618 640 
320 504 507 509 527 530 617 640 
320 504 507 509 526 530 618 640 
320 504 506 508 515 516 525 530 618 640 
320 503 504 508 513 516 524 529 618 640 
320 507 510 512 513 515 524 529 618 640 
320 507 509 515 523 528 617 640 
320 515 522 528 617 640 
320 515 522 527 617 640 
320 515 521 527 617 640 
320 515 521 526 616 640 
320 515 520 526 616 640 
320 514 516 518 519 527 615 640 
320 514 515 527 615 640 
320 527 614 640 
320 527 613 640 
320 526 613 640 
320 526 612 640 
320 526 611 640 
320 526 610 640 
320 526 609 640 
320 526 608 640 
320 526 607 640 
320 526 606 640 
320 526 604 640 
320 527 550 552 603 640 
320 526 548 552 601 640 
320 526 547 553 600 640 
320 527 545 554 598 640 
320 527 544 555 597 640 
320 527 542 555 596 640 
320 527 541 556 594 640 
320 527 540 556 592 640 
320 528 538 556 591 640 
320 528 536 555 591 640 
320 528 535 555 591 640 
320 530 532 555 591 640 
320 555 591 640 
320 554 591 640 
320 554 591 640 
320 554 591 640 
320 554 591 640 
320 553 591 640 
320 553 591 640 
320 553 591 640 
320 553 592 640 
320 553 592 640 
320 552 592 640 
320 552 593 640 
320 552 593 640 
320 552 593 640 
320 552 594 640 
320 552 594 640 
320 551 595 640 
320 551 595 640 
320 551 595 640 
320 551 596 640 
320 551 596 640 
320 551 596 640 
320 551 597 640 
320 551 597 640 
320 551 597 640 
320 550 598 640 
320 550 598 640 
320 550 598 640 
320 550 599 640 
320 550 599 640 
320 550 600 640 
320 550 600 640 
320 550 600 640 
320 550 601 640 
320 550 601 640 
320 550 601 640 
320 550 602 640 
320 550 602 640 
320 550 602 640 
320 549 603 640 
320 549 603 640 
320 549 603 640 
320 549 604 640 
320 549 604 640 
320 549 604 640 
320 548 605 640 
320 548 605 640 
320 547 605 640 
320 547 605 640 
320 547 606 640 
320 546 606 640 
320 546 606 640 
320 546 606 640 
320 545 606 640 
320 545 607 640 
320 545 607 640 
320 544 607 640 
320 544 607 640 
320 544 607 640 
320 543 607 640 
320 543 607 640 
320 542 607 640 
320 542 607 640 
320 541 608 640 
320 541 608 640 
320 540 608 640 
320 540 608 640 
320 539 608 640 
320 539 607 640 
