338 523 
338 523 
338 523 
337 522 
337 522 
336 522 
336 521 
336 520 
336 520 
336 520 
336 519 
336 518 
336 488 489 517 
337 482 506 517 
337 477 512 516 
336 471 
337 468 
337 465 
337 435 447 462 
337 431 452 460 
337 428 
337 426 
337 424 
337 423 
338 421 
338 419 
338 418 
339 417 
339 416 
339 414 
340 413 
340 412 
340 411 
341 410 
341 409 
342 408 
342 407 
343 406 
343 405 
344 404 
344 403 
345 403 
345 402 
346 401 
347 400 
347 399 
348 398 
349 398 
350 397 
351 396 
351 395 
352 395 
353 394 
354 393 
355 393 
357 392 
358 391 
359 391 
360 391 
362 371 372 390 
375 390 
376 389 
378 389 
379 389 
381 388 
383 387 






























































































































































































































































































































































































































