0 640 
0 640 
0 640 
0 467 470 640 
0 458 477 640 
0 454 480 640 
0 452 483 640 
0 449 485 640 
0 446 487 640 
0 445 488 640 
0 443 490 640 
0 442 491 640 
0 441 492 640 
0 440 493 640 
0 438 494 640 
0 437 495 640 
0 436 496 640 
0 435 496 640 
0 434 497 640 
0 433 498 640 
0 433 499 640 
0 432 500 640 
0 431 500 640 
0 431 501 640 
0 430 502 640 
0 429 502 640 
0 429 503 640 
0 428 504 640 
0 428 504 640 
0 428 505 640 
0 427 505 640 
0 426 506 640 
0 426 506 640 
0 426 506 640 
0 425 507 640 
0 425 507 640 
0 424 508 640 
0 424 508 640 
0 424 508 640 
0 423 509 640 
0 423 509 640 
0 423 509 640 
0 423 509 640 
0 423 510 640 
0 422 510 640 
0 422 510 640 
0 422 510 640 
0 422 510 640 
0 421 511 640 
0 421 511 640 
0 421 510 640 
0 422 510 640 
0 422 510 640 
0 422 510 640 
0 422 510 640 
0 422 510 640 
0 422 510 640 
0 422 510 640 
0 423 510 640 
0 423 510 640 
0 423 510 640 
0 423 510 640 
0 424 510 640 
0 424 510 640 
0 424 510 640 
0 425 510 640 
0 425 510 640 
0 426 510 640 
0 427 511 640 
0 427 513 640 
0 428 515 640 
0 429 517 640 
0 430 520 640 
0 430 523 640 
0 431 526 640 
0 432 528 640 
0 433 530 640 
0 434 533 640 
0 435 535 640 
0 436 537 640 
0 437 539 640 
0 438 541 640 
0 440 543 640 
0 441 545 640 
0 442 547 640 
0 444 549 640 
0 445 550 640 
0 448 552 640 
0 450 554 640 
0 452 555 640 
0 455 474 482 557 640 
0 484 558 640 
0 485 560 640 
0 486 561 640 
0 487 563 640 
0 489 565 640 
0 490 566 640 
0 492 567 640 
0 494 569 640 
0 495 570 640 
0 498 572 640 
0 500 573 640 
0 504 575 640 
0 507 576 640 
0 514 577 640 
0 525 579 640 
0 532 581 640 
0 538 582 640 
0 541 584 640 
0 544 586 640 
0 546 589 591 600 640 
0 549 602 640 
0 550 603 640 
0 552 604 640 
0 553 605 640 
0 555 605 640 
0 556 606 640 
0 556 606 640 
0 554 607 640 
0 550 607 640 
0 546 607 640 
0 541 607 640 
0 538 607 640 
0 533 608 640 
0 529 607 640 
0 525 607 640 
0 521 607 640 
0 517 607 640 
0 513 562 574 607 640 
0 510 553 576 606 640 
0 506 545 578 606 640 
0 503 537 580 605 640 
0 501 529 582 604 640 
0 498 521 584 603 640 
0 498 513 587 601 640 
0 594 596 640 
0 640 
0 640 
0 640 
0 640 
0 640 
0 640 
0 640 
0 640 
0 640 
0 640 
0 640 
0 640 
0 640 
0 640 
0 640 
0 640 
0 640 
0 640 
0 640 
0 640 
0 640 
0 640 
0 640 
0 640 
0 640 
0 640 
0 640 
0 640 
0 640 
0 640 
0 640 
0 640 
0 640 
0 640 
0 640 
0 640 
0 640 
0 640 
0 415 419 640 
0 409 423 640 
0 405 425 640 
0 402 425 640 
0 400 425 640 
0 398 425 640 
0 58 62 396 424 640 
0 57 64 393 424 640 
0 55 67 388 424 640 
0 52 70 383 424 640 
0 50 71 380 424 640 
0 49 72 377 424 640 
0 48 73 376 424 640 
0 47 73 374 424 640 
0 47 73 372 424 640 
0 46 74 370 424 640 
0 46 74 345 346 368 424 640 
0 46 75 345 347 367 424 640 
0 46 76 344 347 366 425 640 
0 46 77 344 347 364 425 640 
0 46 79 344 347 363 426 640 
0 46 79 344 348 362 429 640 
0 45 79 344 348 358 359 361 431 640 
0 45 79 344 348 357 433 640 
0 45 78 344 348 351 355 356 435 640 
0 45 77 343 347 351 436 640 
0 45 76 326 348 350 436 640 
0 45 76 276 436 640 
0 46 76 237 436 640 
0 46 76 218 436 438 441 640 
0 46 76 202 442 640 
0 46 76 187 443 640 
0 46 77 176 444 640 
0 46 77 165 445 640 
0 46 78 158 446 640 
0 45 78 152 447 640 
0 46 79 146 348 352 435 436 448 640 
0 46 79 143 278 343 347 352 433 437 448 640 
0 46 79 140 237 343 347 351 431 438 449 640 
0 46 78 137 214 344 348 351 430 439 450 640 
0 46 74 135 196 344 348 351 429 439 450 640 
0 46 72 133 180 344 348 350 429 439 450 640 
0 46 72 132 166 344 348 350 428 439 450 640 
0 46 73 131 154 344 347 350 428 438 450 640 
0 46 74 130 145 344 347 350 427 438 450 640 
0 46 75 130 139 345 347 350 428 438 449 640 
0 46 76 129 134 345 346 350 428 438 449 640 
0 45 76 349 429 438 448 640 
0 45 76 349 430 437 448 640 
0 45 76 349 431 437 448 640 
0 44 77 349 433 437 447 640 
0 43 77 349 434 437 447 640 
0 43 77 349 435 436 446 640 
0 42 77 351 432 436 446 640 
0 42 78 352 432 437 446 640 
0 41 78 353 433 437 445 640 
0 40 78 353 433 437 445 640 
0 40 78 355 434 437 444 640 
0 39 78 356 434 436 444 640 
0 39 78 357 435 436 443 640 
0 39 78 358 443 640 
0 38 78 361 363 365 442 640 
0 38 78 368 442 640 
0 37 78 369 441 640 
0 37 78 370 440 640 
0 36 79 370 440 640 
0 35 79 371 440 640 
0 35 70 72 79 371 441 640 
0 35 69 72 80 371 441 640 
0 34 69 72 80 370 442 640 
0 34 69 72 80 369 442 640 
0 32 69 72 81 370 442 640 
0 31 69 72 82 371 443 640 
0 31 69 72 83 374 443 640 
0 31 70 72 84 375 443 640 
0 31 69 73 85 376 443 640 
0 30 69 73 86 377 443 640 
0 30 69 73 87 377 443 640 
0 30 69 73 87 376 443 640 
0 28 70 72 88 375 444 640 
0 26 89 374 444 640 
0 25 89 374 444 640 
0 25 90 373 444 640 
0 25 91 372 444 640 
0 26 93 372 444 640 
0 26 94 371 444 640 
0 26 94 371 443 640 
0 26 95 370 443 640 
0 27 95 370 443 640 
0 28 95 370 443 640 
0 30 94 370 442 640 
0 32 92 370 442 640 
0 36 91 370 441 640 
0 37 90 370 440 640 
0 37 90 370 440 640 
0 37 85 371 439 640 
0 37 78 371 438 640 
0 36 77 372 436 640 
0 36 76 372 435 640 
0 35 76 373 433 640 
0 35 76 373 432 640 
0 34 76 374 431 640 
0 31 76 376 431 640 
0 31 77 378 430 640 
0 31 77 379 429 640 
0 32 77 379 429 640 
0 32 77 379 429 640 
0 32 77 379 429 640 
0 32 77 378 429 640 
0 32 38 40 78 378 429 640 
0 32 38 40 78 378 429 640 
0 32 38 41 78 377 429 640 
0 32 36 41 78 377 429 640 
0 40 78 376 429 640 
0 40 78 376 429 640 
0 40 78 375 429 640 
0 40 78 375 429 640 
0 40 78 375 429 640 
0 40 78 374 429 640 
0 40 78 374 429 640 
0 40 78 374 429 640 
0 40 79 374 429 640 
0 40 79 374 429 640 
0 40 79 374 429 640 
0 40 79 374 429 640 
0 40 79 374 430 640 
0 40 79 374 430 640 
0 40 79 374 430 640 
0 40 79 374 430 640 
0 39 79 374 430 640 
0 39 79 374 430 640 
0 39 79 374 430 640 
0 39 80 374 430 640 
0 39 80 374 430 640 
0 39 80 374 430 640 
0 39 80 374 430 640 
0 39 80 374 430 640 
0 39 80 374 430 640 
0 39 80 374 431 640 
0 39 80 374 431 640 
0 38 81 374 431 640 
0 38 81 373 431 640 
0 38 81 373 431 640 
0 38 81 373 431 640 
0 38 81 373 431 640 
0 37 82 372 431 640 
0 37 82 372 431 496 497 640 
0 37 82 371 431 495 499 640 
0 36 82 370 431 493 500 640 
0 36 83 370 431 490 500 640 
0 36 83 370 431 488 501 640 
0 35 83 274 277 369 431 485 501 640 
0 35 84 273 279 369 432 483 502 640 
0 35 84 272 281 369 432 481 502 640 
0 34 84 272 282 370 432 479 503 640 
0 34 85 272 284 371 432 476 503 640 
0 34 85 272 287 373 432 474 504 640 
0 33 85 272 288 374 432 471 504 640 
0 32 62 64 86 272 291 374 432 469 504 640 
0 32 62 65 72 75 86 274 293 374 432 466 505 640 
0 31 61 65 71 78 86 276 295 374 432 464 505 640 
0 31 62 64 70 79 87 279 298 374 433 461 505 640 
0 31 70 80 87 281 299 374 433 459 505 640 
0 31 70 81 88 283 301 374 433 457 503 640 
0 31 71 81 88 285 304 373 433 454 500 640 
0 32 71 83 87 287 306 373 433 452 498 640 
0 42 60 63 70 289 309 372 434 449 495 640 
0 43 52 64 70 291 312 371 434 447 493 640 
0 43 51 64 70 293 314 332 338 371 434 444 490 640 
0 43 51 63 70 296 316 330 339 371 434 441 488 640 
0 42 51 63 70 298 319 330 340 370 434 439 486 640 
0 42 51 62 70 300 321 329 340 369 434 436 483 640 
0 42 51 62 71 302 324 329 341 368 480 640 
0 43 51 63 72 304 326 328 341 367 478 640 
0 43 51 63 73 307 341 365 475 640 
0 43 51 63 73 309 341 364 473 640 
0 43 51 63 74 311 341 363 470 640 
0 43 51 63 74 314 342 362 467 640 
0 42 52 63 75 316 344 361 465 640 
0 40 53 62 76 319 346 360 462 640 
0 31 77 321 349 359 460 640 
0 3 8 25 75 323 351 358 457 640 
0 2 12 16 71 325 354 357 454 640 
0 2 65 325 452 640 
0 2 59 324 449 640 
0 2 53 324 447 640 
0 2 45 323 444 640 
0 2 40 323 441 640 
0 2 36 324 439 640 
0 2 29 324 336 338 436 640 
0 2 23 325 335 340 434 640 
0 2 16 326 334 343 431 640 
0 2 10 327 333 346 429 640 
0 329 331 348 429 640 
0 349 429 640 
0 348 429 640 
0 348 430 640 
0 347 430 640 
0 347 430 640 
0 346 430 640 
0 345 431 640 
0 345 431 640 
0 344 431 640 
0 344 431 640 
0 343 432 640 
0 342 432 640 
0 342 432 640 
0 341 433 640 
0 340 433 640 
0 338 433 640 
0 335 434 640 
0 332 436 640 
0 330 439 640 
0 279 281 327 442 640 
0 278 283 324 445 640 
0 276 284 321 447 640 
0 276 285 318 450 640 
0 275 286 316 453 640 
0 275 286 313 456 640 
0 275 286 310 459 640 
0 275 287 307 463 640 
0 276 287 304 466 640 
0 277 286 301 468 640 
0 278 285 297 472 640 
0 279 282 294 475 640 
0 280 282 291 478 640 
0 280 282 286 482 640 
0 280 282 283 440 443 485 640 
0 279 440 446 488 640 
0 277 440 449 492 640 
0 273 441 452 495 640 
0 269 321 323 442 455 499 640 
0 266 320 323 442 458 502 640 
0 263 316 323 443 462 505 640 
0 258 313 322 443 465 509 640 
0 253 309 321 444 468 513 640 
0 249 305 320 445 471 516 640 
0 248 301 319 445 474 519 640 
0 248 298 319 446 477 523 640 
0 248 294 318 447 481 526 640 
0 249 290 317 447 484 527 640 
0 249 286 316 448 488 528 640 
0 250 282 316 449 491 528 640 
0 251 280 315 450 495 527 640 
0 252 275 277 279 313 450 500 526 640 
0 254 271 277 278 313 451 504 525 640 
0 256 266 277 278 312 452 509 523 640 
0 277 278 311 453 640 
0 276 278 310 454 640 
0 277 278 310 455 640 
0 309 456 640 
0 308 457 640 
0 307 458 640 
0 306 459 640 
0 305 460 640 
0 304 460 640 
0 303 461 640 
0 302 462 640 
0 301 463 640 
0 300 464 640 
0 300 465 640 
0 299 466 640 
0 298 467 640 
0 296 468 640 
0 295 468 640 
0 295 469 640 
0 294 470 640 
0 293 471 640 
0 292 471 640 
0 291 472 640 
0 290 473 640 
0 290 474 640 
0 289 474 640 
0 288 475 640 
0 288 476 640 
0 287 477 640 
0 287 478 640 
0 286 478 640 
0 285 479 640 
0 285 480 640 
0 285 481 640 
0 285 482 640 
0 284 483 640 
0 284 484 640 
0 283 485 640 
0 283 486 640 
0 283 487 640 
0 282 488 640 
0 282 489 640 
0 282 489 640 
0 282 490 640 
0 281 492 640 
0 281 493 640 
0 280 493 640 
0 280 494 640 
0 279 495 640 
0 279 495 640 
0 278 495 640 
0 278 495 640 
0 277 495 640 
0 277 495 640 
0 276 494 640 
0 275 494 640 
0 275 493 640 
0 274 493 640 
0 274 493 640 
