0 640 
0 640 
0 640 
0 640 
0 640 
0 640 
0 640 
0 640 
0 640 
0 640 
0 640 
0 640 
0 640 
0 640 
0 640 
0 640 
0 640 
0 640 
0 640 
0 640 
0 640 
0 640 
0 640 
0 640 
0 640 
0 640 
0 640 
0 640 
0 640 
0 640 
0 640 
0 640 
0 640 
0 640 
0 640 
0 640 
0 640 
0 640 
0 640 
0 640 
0 640 
0 640 
0 640 
0 640 
0 640 
0 640 
0 640 
0 640 
0 640 
0 640 
0 640 
0 640 
0 640 
0 640 
0 640 
0 640 
0 640 
0 640 
0 640 
0 640 
0 640 
0 640 
0 640 
0 640 
0 640 
0 640 
0 640 
0 640 
0 640 
0 640 
0 640 
0 640 
0 640 
0 640 
0 640 
0 640 
0 640 
0 640 
0 640 
0 640 
0 640 
0 640 
0 640 
0 640 
0 640 
0 640 
0 640 
0 640 
0 640 
0 640 
0 640 
0 640 
0 640 
0 640 
0 640 
0 640 
0 640 
0 640 
0 640 
0 640 
0 640 
0 640 
0 640 
0 640 
0 640 
0 640 
0 640 
0 640 
0 640 
0 640 
0 640 
0 640 
0 640 
0 640 
0 398 407 640 
0 396 408 640 
0 395 409 640 
0 393 410 640 
0 392 411 640 
0 392 412 640 
0 390 412 640 
0 390 412 640 
0 389 413 640 
0 388 413 640 
0 388 414 640 
0 387 414 640 
0 387 414 640 
0 386 414 640 
0 386 413 640 
0 385 413 640 
0 385 413 640 
0 384 413 640 
0 384 414 640 
0 384 414 640 
0 383 414 640 
0 383 415 640 
0 382 415 640 
0 380 415 640 
0 379 416 640 
0 378 416 640 
0 367 369 377 416 640 
0 368 372 375 417 640 
0 369 417 640 
0 371 418 640 
0 372 421 640 
0 371 426 640 
0 368 430 640 
0 366 434 640 
0 364 439 640 
0 362 443 640 
0 359 444 640 
0 358 445 640 
0 356 445 640 
0 355 445 640 
0 355 356 357 444 640 
0 357 443 640 
0 357 371 373 442 640 
0 358 369 377 441 640 
0 358 363 378 441 640 
0 379 438 640 
0 380 433 436 437 640 
0 380 431 640 
0 381 430 640 
0 381 431 640 
0 381 431 640 
0 381 432 640 
0 382 433 640 
0 382 434 640 
0 381 433 640 
0 381 433 640 
0 381 434 640 
0 381 436 640 
0 381 437 640 
0 381 383 384 438 640 
0 384 438 640 
0 384 430 433 434 438 439 640 
0 383 430 640 
0 383 424 425 429 640 
0 382 424 426 428 640 
0 382 425 640 
0 381 425 640 
0 380 423 425 426 640 
0 380 422 640 
0 379 421 640 
0 379 421 640 
0 378 420 640 
0 378 420 640 
0 378 420 640 
0 377 420 640 
0 378 420 640 
0 378 420 443 447 640 
0 379 420 440 447 640 
0 379 420 437 447 640 
0 379 420 434 447 640 
0 379 420 432 447 640 
0 380 420 430 447 640 
0 380 420 428 446 640 
0 380 420 426 446 640 
0 380 419 424 446 640 
0 380 418 422 446 640 
0 380 418 421 445 640 
0 380 418 420 445 640 
0 380 444 640 
0 380 444 640 
0 381 443 640 
0 381 443 640 
0 383 442 640 
0 385 442 640 
0 387 441 640 
0 387 440 640 
0 388 440 640 
0 388 439 640 
0 388 438 640 
0 388 438 441 447 452 460 465 467 640 
0 388 468 470 476 640 
0 389 465 470 475 640 
0 389 466 470 473 640 
0 389 467 469 471 640 
0 390 470 640 
0 390 471 640 
0 390 472 640 
0 390 474 640 
0 389 477 640 
0 388 480 640 
0 388 482 640 
0 388 483 640 
0 387 480 640 
0 387 481 640 
0 387 481 640 
0 387 483 640 
0 387 487 640 
0 387 490 640 
0 386 493 640 
0 386 494 640 
0 385 487 640 
0 384 487 640 
0 382 487 640 
0 380 488 640 
0 378 490 640 
0 376 491 640 
0 374 491 492 494 640 
0 373 486 488 491 492 496 640 
0 372 487 488 491 493 496 640 
0 371 487 493 496 640 
0 370 486 494 495 640 
0 370 380 382 486 640 
0 369 379 382 487 640 
0 368 377 381 488 640 
0 361 362 365 376 380 488 640 
0 359 375 379 486 488 489 640 
0 358 486 488 490 640 
0 357 490 640 
0 357 488 489 492 640 
0 357 488 491 493 640 
0 357 490 640 
0 358 490 640 
0 358 491 640 
0 359 486 487 492 640 
0 360 486 490 493 640 
0 361 486 640 
0 364 489 640 
0 364 490 640 
0 77 79 363 490 640 
0 77 80 363 366 368 490 640 
0 76 80 362 366 369 489 640 
0 76 80 362 366 370 489 640 
0 76 81 362 366 371 379 381 408 411 490 640 
0 75 83 362 366 372 379 382 407 414 493 640 
0 74 83 363 365 372 379 382 406 415 496 640 
0 73 83 373 376 378 380 382 406 415 483 486 498 640 
0 74 82 374 376 379 380 382 406 417 480 481 483 488 495 497 500 640 
0 76 80 374 377 382 405 419 480 481 483 490 495 499 501 640 
0 76 80 375 377 383 405 420 484 493 496 640 
0 76 80 375 378 384 405 420 477 478 481 483 485 640 
0 76 80 376 379 387 404 420 481 483 485 640 
0 76 80 376 379 389 404 421 469 471 485 640 
0 76 80 377 380 389 404 421 469 476 481 483 488 640 
0 76 80 378 381 389 403 421 466 468 471 478 481 485 492 640 
0 76 80 378 381 389 403 422 467 469 472 480 481 491 494 640 
0 76 80 378 381 389 403 422 474 480 481 640 
0 75 80 379 380 389 402 422 438 440 477 640 
0 74 81 389 402 422 438 441 479 640 
0 70 82 389 402 422 438 443 460 465 471 475 479 640 
0 68 82 389 402 422 439 444 460 466 471 477 480 640 
0 65 83 389 401 422 439 446 460 468 471 478 481 640 
0 63 86 390 401 423 439 448 460 470 472 480 482 640 
0 62 90 390 401 423 439 452 460 470 473 640 
0 62 92 390 401 423 439 454 460 471 473 640 
0 62 93 391 400 423 439 455 460 472 474 640 
0 62 93 391 400 423 439 455 460 473 474 640 
0 63 93 392 400 423 438 455 460 640 
0 64 92 394 399 424 438 454 456 457 459 640 
0 64 92 424 437 454 455 458 459 640 
0 64 91 424 437 458 459 640 
0 64 91 426 436 457 458 640 
0 64 91 427 435 457 458 640 
0 64 91 428 433 640 
0 64 91 640 
0 64 91 640 
0 64 91 640 
0 64 91 640 
0 64 91 640 
0 64 91 640 
0 64 91 640 
0 64 91 640 
0 64 91 640 
0 64 91 640 
0 64 90 640 
0 63 90 640 
0 63 90 640 
0 62 91 640 
0 58 92 640 
0 56 96 640 
0 55 97 640 
0 45 98 640 
0 43 103 640 
0 42 108 640 
0 42 110 640 
0 41 111 640 
0 41 111 290 292 640 
0 40 112 290 292 640 
0 40 112 289 293 640 
0 39 112 288 294 640 
0 39 113 288 294 640 
0 38 113 150 151 287 295 640 
0 38 114 149 152 286 296 640 
0 37 114 148 152 286 296 640 
0 37 114 148 153 285 297 640 
0 36 115 147 154 284 297 640 
0 36 115 146 154 283 298 640 
0 35 116 146 155 283 299 640 
0 35 116 145 155 282 299 640 
0 34 116 145 156 281 300 640 
0 34 117 144 157 281 301 640 
0 34 117 143 157 280 301 640 
0 37 118 142 158 279 302 640 
0 37 117 142 158 279 303 640 
0 37 115 141 159 278 303 640 
0 37 115 141 159 278 304 640 
0 37 115 140 160 277 304 640 
0 37 115 139 160 277 305 640 
0 37 115 139 161 277 305 640 
0 37 115 138 162 277 305 640 
0 37 115 138 162 277 305 640 
0 37 115 137 163 277 305 640 
0 37 115 136 163 277 305 640 
0 37 114 136 164 277 305 640 
0 37 114 135 165 277 305 640 
0 37 114 134 165 277 305 640 
0 37 114 134 165 277 305 640 
0 37 114 134 166 277 305 640 
0 37 114 134 166 277 305 640 
0 37 114 134 166 277 305 640 
0 37 114 134 166 277 305 640 
0 37 114 134 166 276 305 640 
0 37 114 134 165 276 305 640 
0 37 114 134 165 276 305 640 
0 37 114 134 165 277 305 640 
0 37 114 134 165 278 305 640 
0 37 114 134 165 278 305 640 
0 37 114 134 165 278 305 640 
0 37 114 134 165 278 305 640 
0 36 114 134 165 278 305 640 
0 36 114 134 165 278 305 640 
0 36 114 134 165 278 305 640 
0 36 114 134 165 278 305 640 
0 36 114 134 165 278 305 640 
0 36 114 134 165 278 305 640 
0 36 114 134 165 278 305 640 
0 36 114 135 165 278 305 640 
0 36 114 135 165 278 305 640 
0 36 114 135 172 278 305 640 
0 36 114 135 187 278 305 640 
0 36 114 135 206 278 305 640 
0 36 114 135 225 278 304 640 
0 36 114 135 244 278 304 640 
0 36 114 135 254 278 304 640 
0 35 114 134 257 278 304 640 
0 34 258 278 304 640 
259 278 304 640 
260 278 304 640 
261 278 304 640 
262 278 304 640 
263 278 304 640 
264 278 304 640 
265 278 304 640 
266 278 304 640 
267 278 304 640 
268 278 304 640 
269 278 304 640 
270 278 304 640 
271 278 304 640 
272 278 304 640 
273 278 304 640 
274 278 304 640 
275 278 304 640 
276 278 304 640 
304 640 
304 640 
304 640 
304 640 
304 640 
304 640 
304 640 
304 640 
304 640 
304 640 
304 640 
304 640 
304 640 
304 640 
304 640 
304 640 
304 640 
304 640 
304 640 
304 640 
304 640 
304 640 
304 640 
304 640 
304 640 
304 640 
304 640 
304 640 
304 640 
304 640 
304 640 
304 640 
304 640 
304 640 
304 640 
304 640 
304 640 
304 640 
304 640 
304 640 
304 640 
304 640 
304 640 
304 640 
304 640 
304 640 
304 640 
304 640 
304 640 
304 640 
304 640 
304 640 
304 640 
304 640 
304 640 
304 640 
304 640 
304 640 
304 640 
304 640 
304 640 
304 640 
304 640 
304 640 
304 640 
304 640 
304 640 
304 640 
304 640 
304 640 
303 640 
303 640 
303 640 
303 640 
303 640 
303 640 
303 640 
303 640 
303 640 
303 640 
303 640 
303 640 
303 640 
