


































358 367 
357 368 
356 369 
356 370 
356 371 
357 371 
358 372 
358 371 
359 372 
359 372 
359 372 
359 372 389 402 
359 372 382 410 
359 372 378 416 
359 371 376 420 
359 371 373 424 
358 428 
358 433 
358 435 
358 438 
357 440 
357 443 
357 445 
356 447 
356 449 
355 450 
354 452 
353 453 
353 455 
351 456 
350 458 
350 459 
349 460 
348 461 
347 462 
346 464 
345 464 
344 465 
344 466 
343 467 
342 468 
342 469 
341 470 
341 471 
340 472 
340 473 
339 474 
339 474 
338 475 
338 476 
338 477 
337 477 
337 478 
337 479 
336 479 
336 480 
336 481 
335 481 
334 482 
332 482 
325 328 331 483 
323 483 
323 483 
322 484 
322 484 
323 484 
323 485 
324 485 
324 485 
325 485 
326 486 
328 486 
332 333 336 486 
336 486 
336 486 
336 486 
336 486 
335 486 
334 486 
334 486 
333 486 
332 485 
330 485 
330 485 
328 485 
327 485 
326 485 
324 484 
323 484 
321 484 
319 483 
317 483 
311 483 
308 483 
307 482 
306 482 
305 482 
305 481 
305 481 
304 480 
304 480 
304 479 
304 480 
304 480 
304 480 
305 481 
305 482 
305 483 
305 483 
305 311 312 484 
306 309 313 485 
306 308 314 486 
315 487 
316 488 
317 488 
318 329 332 489 
319 327 332 491 
321 325 335 494 
335 496 
336 498 
336 498 
336 499 
336 499 
337 499 
338 499 
338 499 
339 499 
339 498 
340 353 354 484 491 498 
340 352 354 482 493 497 
340 352 355 481 494 497 
343 353 356 481 
344 354 356 481 
347 354 356 481 
350 354 356 480 
353 355 356 480 
356 480 
356 480 
355 480 
355 480 
355 480 
354 479 
353 479 
352 479 
351 479 
350 479 
349 479 
348 479 
348 479 
348 479 
349 478 
351 478 
354 478 
356 478 
357 478 
358 478 
358 478 
359 478 
359 478 
359 478 
360 478 
360 477 
360 477 
360 477 
360 477 
360 477 
360 477 
360 477 
359 477 
359 477 
359 477 
359 477 
359 477 
359 476 
359 476 
359 476 
359 476 
359 476 
359 476 
358 476 
358 476 
358 475 
358 475 
358 475 
358 475 
358 475 
357 475 
354 475 
350 475 
348 474 
347 474 
346 474 
344 474 
343 474 
342 474 
341 474 
336 474 
329 473 
325 473 
322 473 
318 473 
313 473 
309 473 
305 472 
302 473 
298 473 
294 473 
287 473 
279 473 
275 473 
271 473 
267 473 
264 473 
261 473 
258 473 
254 473 
251 473 
248 473 
245 473 
242 473 
239 473 
235 473 
230 473 
226 474 
223 478 
220 484 
216 487 
211 489 
208 490 491 492 
204 493 
201 494 
197 494 
196 493 
196 493 
196 493 
195 492 
195 491 
194 491 
192 490 
191 490 
189 489 
188 489 
187 488 
185 487 
184 487 
183 486 
182 486 
182 485 
181 485 
180 484 
180 484 
180 483 
179 483 
178 483 
178 482 
177 482 
177 481 
176 481 
176 480 
175 480 
175 480 
174 479 
174 479 
174 321 325 479 
173 318 325 479 
173 315 324 480 
172 312 324 480 
172 309 323 480 
172 307 323 480 
171 304 322 480 
171 300 321 480 
170 297 321 481 
170 294 321 481 
170 195 196 289 320 481 
169 194 196 285 320 481 
169 194 197 282 320 482 
169 193 197 281 320 482 
168 192 197 278 319 482 
168 192 197 276 319 482 
168 191 197 274 318 482 
167 190 197 273 318 483 
167 190 197 272 318 483 
166 189 197 270 318 483 
166 189 197 270 318 483 
165 186 197 268 318 483 
165 186 197 266 318 483 
164 185 197 265 318 484 
164 184 197 264 318 484 
163 184 197 263 318 484 
163 183 197 261 319 484 
163 183 197 260 319 484 
162 181 197 259 319 485 
162 181 197 256 319 485 
161 180 197 256 319 485 
161 179 197 255 320 485 
160 178 197 254 320 485 
160 178 197 253 321 485 
159 177 197 251 322 485 
159 176 197 250 322 486 
159 175 197 249 322 486 
158 175 197 247 321 486 
158 175 197 246 321 486 
158 174 197 245 321 486 
158 173 197 244 321 486 
158 172 197 243 321 486 
158 171 197 241 321 486 
157 171 196 239 321 487 
157 170 196 239 321 487 
157 170 196 239 322 487 
157 168 196 236 322 487 
157 168 196 235 323 487 
157 168 196 234 323 487 
157 167 196 233 322 487 
157 167 196 232 322 487 
158 167 196 230 321 488 
158 166 196 229 321 488 
158 166 196 228 320 488 
158 165 196 226 320 488 
159 162 163 164 196 225 319 488 
160 161 196 224 319 343 344 488 
196 223 318 337 338 342 345 488 
196 221 317 337 339 342 345 488 
196 220 316 337 345 489 
196 218 315 337 345 489 
196 217 313 337 345 489 
196 216 312 338 345 489 
196 215 311 338 345 489 
196 214 310 338 345 489 
196 212 309 338 344 489 
196 211 308 339 344 489 
196 210 307 339 344 490 
196 208 306 339 344 490 
196 207 305 339 344 490 
197 206 304 339 344 490 
197 204 303 340 344 490 
197 203 302 340 343 490 
198 202 301 311 312 340 343 490 
199 201 300 310 311 341 343 490 
199 200 299 310 311 341 343 490 
298 309 311 341 343 490 
298 308 311 341 342 490 
297 308 311 489 
297 307 311 489 
296 306 311 489 
295 306 312 489 
295 305 312 489 
294 305 313 489 
293 304 314 489 
293 304 315 489 
292 303 317 488 
291 303 319 488 
290 302 321 488 
289 302 322 488 
288 301 322 488 
287 300 321 488 
287 300 320 488 
286 299 320 488 
287 299 320 339 340 487 
287 298 320 339 340 487 
287 298 320 338 339 487 
288 297 328 337 339 487 
289 296 327 487 
290 296 327 487 
290 295 326 486 
291 294 325 335 336 486 
323 334 336 486 
323 334 336 486 
322 333 336 486 
321 332 336 486 
320 332 336 486 
320 330 336 486 
319 329 336 485 
319 328 335 485 
319 327 335 485 
319 326 335 485 
335 485 
335 485 
335 484 
335 484 
335 484 
335 483 
335 483 
335 483 
335 483 
335 483 
335 483 
335 483 
335 483 
335 483 
335 483 
335 482 
335 482 
335 482 
335 482 
335 482 
335 482 
335 481 
334 481 
334 481 
334 481 
334 481 
334 479 
334 479 
334 479 
334 479 
334 478 
334 478 
334 478 
334 477 
334 477 
334 477 
334 476 
334 476 
334 476 
334 476 
333 476 
333 475 
333 475 
333 475 
333 474 
333 474 
333 474 
333 474 
333 473 
333 473 
333 472 
333 472 
333 472 
333 472 
333 472 
332 472 
332 471 
332 471 
332 471 
332 471 
332 471 
332 471 
332 471 
332 471 
332 472 
332 472 
332 472 
332 472 
332 472 
332 472 
