0 295 302 640 
0 294 303 640 
0 293 304 640 
0 293 304 640 
0 292 303 640 
0 292 303 386 387 532 537 640 
0 292 302 386 389 532 542 640 
0 292 302 387 390 533 545 640 
0 293 299 388 391 535 547 640 
0 389 393 536 548 640 
0 390 394 537 550 640 
0 391 395 538 551 640 
0 393 395 541 552 640 
0 394 396 545 553 640 
0 548 552 640 
0 640 
0 640 
0 640 
0 640 
0 640 
0 640 
0 640 
0 640 
0 640 
0 640 
0 640 
0 640 
0 640 
0 640 
0 640 
0 640 
0 640 
0 640 
0 640 
0 379 382 640 
0 377 381 640 
0 375 381 640 
0 374 380 640 
0 373 379 640 
0 371 378 640 
0 370 376 640 
0 369 375 640 
0 368 374 640 
0 367 372 640 
0 367 370 640 
0 366 368 640 
0 366 367 640 
0 640 
0 640 
0 205 219 640 
0 194 229 640 
0 188 237 640 
0 183 242 640 
0 178 246 640 
0 174 250 640 
0 170 254 640 
0 167 257 640 
0 164 260 640 
0 161 263 640 
0 158 265 640 
0 156 268 640 
0 154 270 640 
0 151 272 640 
0 148 274 640 
0 146 276 330 331 640 
0 144 278 329 332 640 
0 143 280 329 332 640 
0 141 282 329 333 640 
0 139 284 329 333 640 
0 137 286 330 333 640 
0 135 288 330 334 640 
0 134 289 330 334 640 
0 132 290 330 333 640 
0 130 291 331 333 640 
0 129 293 332 333 640 
0 127 294 640 
0 126 295 640 
0 124 297 640 
0 123 298 640 
0 122 299 640 
0 120 300 640 
0 119 301 640 
0 118 303 640 
0 116 304 640 
0 115 305 640 
0 114 306 640 
0 113 307 640 
0 112 308 640 
0 111 310 640 
0 110 310 640 
0 108 312 640 
0 107 312 640 
0 106 313 640 
0 105 314 640 
0 104 314 640 
0 103 315 640 
0 102 315 640 
0 101 315 640 
0 100 316 640 
0 100 316 640 
0 99 316 640 
0 98 317 640 
0 97 317 640 
0 96 318 640 
0 95 318 640 
0 94 318 640 
0 94 319 640 
0 93 319 640 
0 92 319 640 
0 91 320 640 
0 91 320 640 
0 90 320 640 
0 89 321 640 
0 89 321 640 
0 88 321 640 
0 87 322 640 
0 87 322 640 
0 86 322 640 
0 85 322 640 
0 85 322 640 
0 84 323 640 
0 84 323 640 
0 83 323 640 
0 82 323 640 
0 82 323 640 
0 81 323 640 
0 81 323 640 
0 80 323 640 
0 80 323 640 
0 79 323 640 
0 79 323 640 
0 78 323 640 
0 78 323 640 
0 77 323 640 
0 77 323 640 
0 76 323 640 
0 76 323 640 
0 75 323 640 
0 75 323 640 
0 75 323 640 
0 74 323 640 
0 74 323 640 
0 73 323 640 
0 73 323 640 
0 72 323 640 
0 72 323 640 
0 72 323 640 
0 72 323 640 
0 71 322 640 
0 71 322 640 
0 70 322 640 
0 70 322 640 
0 70 321 640 
0 69 321 640 
0 69 321 640 
0 69 320 640 
0 69 320 640 
0 68 319 640 
0 68 319 640 
0 68 318 640 
0 68 316 640 
0 67 315 640 
0 67 314 640 
0 67 313 640 
0 67 312 640 
0 67 312 640 
0 66 312 640 
0 66 311 640 
0 66 311 640 
0 66 311 640 
0 65 310 640 
0 65 310 640 
0 65 310 640 
0 65 310 640 
0 65 310 640 
0 65 309 640 
0 64 309 640 
0 64 309 640 
0 64 309 640 
0 64 308 640 
0 64 308 640 
0 64 307 640 
0 64 307 640 
0 64 306 640 
0 64 306 640 
0 64 305 640 
0 64 305 640 
0 64 304 640 
0 64 304 640 
0 64 303 640 
0 64 302 640 
0 64 301 640 
0 64 301 640 
0 64 300 640 
0 64 299 640 
0 64 298 640 
0 64 297 640 
0 64 296 640 
0 64 294 640 
0 64 293 640 
0 64 290 640 
0 64 288 640 
0 64 284 640 
0 64 282 640 
0 64 281 640 
0 64 280 640 
0 64 279 640 
0 65 278 640 
0 66 278 640 
0 66 277 375 377 640 
0 67 276 371 380 640 
0 67 276 376 378 640 
0 68 275 640 
0 68 275 640 
0 69 274 640 
0 70 274 640 
0 70 273 640 
0 71 273 640 
0 71 272 640 
0 72 271 640 
0 73 270 640 
0 73 270 640 
0 74 269 640 
0 74 267 640 
0 75 266 640 
0 76 265 640 
0 76 264 640 
0 77 263 640 
0 77 261 640 
0 78 260 640 
0 78 258 640 
0 79 256 640 
0 80 254 640 
0 81 251 640 
0 82 248 640 
0 83 243 640 
0 84 242 640 
0 85 242 640 
0 86 242 640 
0 87 243 640 
0 88 244 640 
0 90 245 640 
0 91 245 640 
0 92 246 640 
0 93 246 640 
0 94 247 640 
0 95 248 640 
0 97 249 640 
0 98 250 640 
0 100 229 232 251 640 
0 102 229 233 254 640 
0 103 230 234 256 640 
0 105 230 233 257 640 
0 107 258 640 
0 110 115 124 256 640 
0 126 253 640 
0 129 253 640 
0 131 253 640 
0 134 253 640 
0 136 253 640 
0 138 253 640 
0 139 253 640 
0 139 252 640 
0 139 252 640 
0 139 212 213 252 640 
0 139 211 214 251 640 
0 139 211 214 251 640 
0 139 211 214 250 563 572 640 
0 139 210 214 249 560 573 640 
0 139 210 214 248 558 572 640 
0 139 210 215 247 556 571 640 
0 139 210 215 245 555 570 640 
0 139 210 215 244 554 568 640 
0 139 210 216 242 553 567 640 
0 139 210 216 240 552 566 640 
0 139 210 217 239 551 564 640 
0 139 209 217 237 550 563 640 
0 139 209 218 236 550 560 640 
0 139 209 218 235 456 457 550 557 640 
0 139 209 219 234 550 554 640 
0 139 209 219 232 640 
0 139 209 221 231 640 
0 139 209 223 229 640 
0 139 209 640 
0 139 209 640 
0 140 210 640 
0 140 210 640 
0 140 210 640 
0 140 211 640 
0 140 212 640 
0 140 213 640 
0 140 214 640 
0 140 214 640 
0 140 214 640 
0 1 9 140 214 640 
11 140 213 640 
10 140 213 640 
0 1 7 140 213 640 
0 1 4 140 214 640 
0 140 214 450 451 595 596 640 
0 140 215 448 451 594 596 640 
0 140 215 448 450 593 595 640 
0 140 216 447 450 592 595 640 
0 140 216 447 450 591 595 640 
0 140 217 446 449 591 594 640 
0 140 217 446 448 590 594 640 
0 140 218 446 447 589 593 640 
0 140 218 589 592 640 
0 140 218 588 592 640 
0 141 219 588 591 640 
0 141 219 587 590 640 
0 141 219 587 589 640 
0 141 220 587 588 640 
0 141 220 640 
0 141 220 640 
0 142 221 640 
0 141 221 640 
0 141 221 640 
0 140 221 640 
0 139 221 640 
0 139 222 640 
0 138 222 640 
0 137 222 640 
0 137 222 640 
0 136 222 640 
0 136 222 640 
0 135 223 640 
0 134 223 640 
0 133 223 640 
0 133 223 640 
0 132 223 640 
0 131 223 640 
0 130 224 640 
0 130 224 640 
0 129 224 640 
0 128 224 426 430 640 
0 128 224 425 430 640 
0 127 224 426 430 640 
0 126 224 640 
0 126 224 640 
0 125 224 640 
0 125 224 640 
0 124 224 469 472 640 
0 123 224 470 473 640 
0 122 225 470 474 640 
0 122 225 471 475 640 
0 121 225 472 476 640 
0 120 225 473 477 640 
0 120 225 474 478 640 
0 119 225 475 479 640 
0 118 225 477 479 640 
0 117 225 640 
0 116 225 640 
0 115 225 640 
0 114 225 640 
0 114 225 640 
0 113 225 640 
0 112 225 640 
0 111 225 640 
0 110 225 640 
0 105 106 109 225 640 
0 103 106 109 225 640 
0 103 105 108 225 640 
0 66 67 103 104 107 225 640 
0 66 70 107 225 640 
0 67 72 106 225 640 
0 69 73 105 225 640 
0 103 225 640 
0 102 225 640 
0 102 225 640 
0 100 225 640 
0 99 225 640 
0 98 225 640 
0 97 225 640 
0 96 225 640 
0 95 225 640 
0 94 225 640 
0 93 225 640 
0 92 225 640 
0 90 225 640 
0 89 225 640 
0 88 225 640 
0 87 225 640 
0 86 225 640 
0 85 225 640 
0 83 225 640 
0 82 225 640 
0 81 225 640 
0 80 225 640 
0 79 225 640 
0 78 225 640 
0 76 225 640 
0 75 225 640 
0 74 225 640 
0 73 225 640 
0 71 225 640 
0 70 225 640 
0 69 225 640 
0 67 225 640 
0 66 225 640 
0 64 225 640 
0 63 226 640 
0 62 226 640 
0 60 226 640 
0 59 226 640 
0 58 226 640 
0 41 46 56 226 640 
0 39 46 55 226 640 
0 37 45 54 226 640 
0 36 45 53 226 640 
0 35 44 52 226 640 
0 34 43 50 226 640 
0 33 42 49 226 640 
0 32 42 48 226 640 
0 32 41 46 226 640 
0 31 40 45 226 464 465 640 
0 30 38 45 226 391 395 464 466 640 
0 30 37 44 226 389 399 464 467 640 
0 30 36 43 226 388 399 465 468 640 
0 30 34 43 226 388 398 466 469 640 
0 30 33 42 226 388 397 467 470 640 
0 29 31 42 226 390 391 392 394 468 471 640 
0 42 226 468 472 640 
0 42 226 469 473 640 
0 43 226 470 473 640 
0 43 227 470 474 640 
0 43 227 471 474 640 
0 44 227 472 474 640 
0 44 227 473 475 640 
0 44 227 474 475 640 
0 44 227 640 
0 43 227 640 
0 42 227 640 
0 41 227 640 
0 40 227 640 
0 39 227 640 
0 39 227 640 
0 38 228 640 
0 37 228 640 
0 37 228 640 
0 38 228 640 
0 40 228 640 
0 41 228 640 
0 42 229 640 
0 43 229 640 
0 44 229 640 
0 44 230 640 
0 44 230 640 
0 44 230 640 
0 44 230 640 
0 44 230 640 
0 44 231 640 
0 44 231 640 
0 44 231 640 
0 43 232 640 
0 43 232 640 
0 44 232 640 
0 44 232 640 
0 45 233 640 
0 47 233 640 
0 51 233 640 
0 53 233 640 
0 55 232 640 
0 57 233 640 
0 58 232 640 
0 59 231 640 
0 60 231 640 
0 60 230 640 
0 61 230 640 
0 61 231 640 
0 62 231 640 
0 62 231 640 
0 62 232 640 
0 63 232 640 
0 63 232 640 
0 63 231 640 
0 64 231 640 
0 64 229 640 
0 64 220 640 
0 65 220 640 
