378 477 
378 477 
379 476 
380 476 
380 476 
381 476 
381 476 
382 476 
382 476 
383 476 
384 476 
384 476 
384 476 
385 476 
385 476 
385 476 
386 476 
386 476 
386 476 
387 476 
388 476 
389 476 
390 477 
391 477 
391 477 
392 477 
392 477 
392 478 
393 478 
393 478 
394 478 
394 478 
395 479 
395 479 
395 479 
396 479 
396 480 
397 480 
397 480 
397 480 
398 481 
398 482 
398 482 
399 482 
399 483 
400 483 
400 484 
400 484 
401 485 
401 485 
402 486 
402 486 
403 487 
403 487 
404 488 
405 489 
405 489 
407 490 
408 490 
409 491 
410 492 
412 493 
413 494 
414 494 
415 495 
415 496 
416 497 
417 498 
418 499 
419 500 
420 501 
420 502 
421 503 
421 504 
421 505 
422 507 
422 507 
422 509 
423 510 
423 511 
424 513 
424 514 
424 515 
424 517 
424 518 
424 520 
424 522 
424 524 
423 526 
423 528 
423 531 
423 534 
423 537 
423 540 
423 541 
423 541 
423 540 
423 540 
422 539 
422 539 
422 538 
422 537 
422 537 
422 536 
422 535 
422 534 
422 533 
421 532 
421 531 
421 531 
421 529 
421 528 
421 528 
421 526 
420 526 
420 524 
419 522 
419 521 
419 520 
418 517 
418 514 
418 512 
417 508 
417 504 
416 501 
416 499 
415 497 
415 496 
415 495 
415 495 
420 494 
421 492 
421 492 
421 491 
421 490 
421 422 426 490 
426 488 
426 487 
426 487 
427 486 
429 485 
431 484 
431 482 
432 481 
433 480 
433 478 
438 477 
438 475 
439 473 
439 470 
439 468 
442 465 
445 463 
448 458 
450 454 





































































































































































































































































































































