0 640 
0 640 
0 640 
0 640 
0 640 
0 640 
0 640 
0 640 
0 640 
0 640 
0 640 
0 640 
0 640 
0 640 
0 640 
0 640 
0 640 
0 640 
0 640 
0 640 
0 640 
0 640 
0 640 
0 640 
0 640 
0 640 
0 640 
0 285 289 640 
0 284 292 640 
0 283 295 640 
0 282 298 640 
0 281 299 302 305 640 
0 281 307 640 
0 280 310 640 
0 279 312 640 
0 279 314 640 
0 278 315 640 
0 278 317 640 
0 277 318 640 
0 277 320 640 
0 276 321 640 
0 276 323 640 
0 275 324 640 
0 275 325 640 
0 274 326 640 
0 274 328 640 
0 273 329 640 
0 273 330 640 
0 272 331 640 
0 272 332 640 
0 271 333 381 399 640 
0 271 335 378 400 640 
0 270 336 373 401 640 
0 270 337 370 401 640 
0 270 338 367 401 640 
0 269 339 364 401 640 
0 269 340 342 343 362 401 640 
0 268 352 359 400 640 
0 268 355 358 400 640 
0 268 400 640 
0 267 400 640 
0 267 400 640 
0 267 399 640 
0 266 399 640 
0 266 399 640 
0 266 398 640 
0 265 398 640 
0 265 398 640 
0 265 398 640 
0 265 398 640 
0 265 397 640 
0 264 397 640 
0 264 397 640 
0 264 397 640 
0 265 396 640 
0 265 396 640 
0 265 396 640 
0 266 396 640 
0 266 395 640 
0 267 291 293 395 640 
0 269 287 292 395 640 
0 271 281 291 395 640 
0 289 394 640 
0 288 394 640 
0 287 394 640 
0 286 393 640 
0 285 393 640 
0 284 393 640 
0 284 393 640 
0 283 392 640 
0 282 392 640 
0 282 392 640 
0 281 392 640 
0 280 391 640 
0 280 391 640 
0 279 391 640 
0 278 390 640 
0 278 390 640 
0 277 389 640 
0 277 389 640 
0 276 389 640 
0 276 390 640 
0 276 391 640 
0 275 391 640 
0 275 392 640 
0 274 392 640 
0 274 393 640 
0 274 393 640 
0 273 394 640 
0 273 394 640 
0 272 395 640 
0 272 395 640 
0 272 395 640 
0 271 395 640 
0 271 395 640 
0 270 395 640 
0 270 396 640 
0 270 396 640 
0 270 396 640 
0 269 396 640 
0 269 396 640 
0 269 396 640 
0 269 396 640 
0 269 396 640 
0 268 395 640 
0 268 395 640 
0 268 395 640 
0 268 395 640 
0 268 395 640 
0 267 395 640 
0 267 394 640 
0 267 394 640 
0 267 394 640 
0 266 393 640 
0 266 393 640 
0 266 393 640 
0 266 392 640 
0 265 392 640 
0 265 392 640 
0 265 391 640 
0 265 390 640 
0 265 390 640 
0 265 389 640 
0 265 388 640 
0 265 388 640 
0 264 387 640 
0 264 386 640 
0 264 385 640 
0 264 379 380 385 640 
0 264 378 380 384 640 
0 264 377 380 383 640 
0 264 376 380 383 640 
0 264 368 369 376 380 382 640 
0 264 367 369 375 380 382 640 
0 263 367 369 374 380 382 640 
0 263 366 369 374 380 381 640 
0 162 164 263 366 370 373 380 381 640 
0 161 165 263 366 370 372 640 
0 160 165 263 365 370 372 640 
0 160 165 263 365 640 
0 159 165 263 365 640 
0 158 165 263 365 640 
0 158 165 263 365 640 
0 157 166 263 365 640 
0 157 166 263 365 640 
0 127 130 157 166 263 365 640 
0 127 131 157 166 263 365 640 
0 127 131 157 158 160 166 263 365 640 
0 127 132 160 166 262 365 640 
0 127 132 160 166 262 365 640 
0 127 133 161 166 262 365 640 
0 128 133 162 166 262 366 640 
0 128 134 162 165 262 366 640 
0 128 134 155 157 162 165 262 366 640 
0 128 134 154 157 163 165 262 366 640 
0 129 134 152 157 163 165 262 357 358 366 640 
0 129 134 151 157 262 356 358 366 640 
0 130 133 150 157 262 356 358 366 640 
0 130 133 149 157 165 167 262 356 358 366 640 
0 146 157 164 170 262 356 358 366 640 
0 145 157 164 172 262 356 358 366 640 
0 144 158 164 173 262 356 358 366 640 
0 144 158 163 173 262 355 358 366 640 
0 144 158 163 174 262 354 359 366 640 
0 143 158 163 175 262 354 359 366 640 
0 143 158 163 176 262 354 359 366 640 
0 143 158 163 177 262 354 359 366 640 
0 143 159 163 178 262 355 359 366 640 
0 143 159 163 179 262 355 359 367 640 
0 133 135 142 160 162 179 262 355 359 367 640 
0 133 135 142 179 262 356 359 367 640 
0 133 135 142 179 262 357 359 367 640 
0 133 136 142 179 262 369 640 
0 133 136 142 180 262 372 640 
0 133 136 142 180 262 373 640 
0 133 137 142 180 261 374 640 
0 133 137 141 180 261 374 640 
0 133 138 141 180 261 374 640 
0 133 138 142 180 261 373 640 
0 133 138 142 180 261 373 640 
0 132 139 142 181 261 373 640 
0 132 139 142 181 261 373 640 
0 131 139 142 181 260 373 640 
0 131 140 142 181 258 374 640 
0 131 140 142 181 253 377 640 
0 131 140 142 181 252 378 640 
0 125 129 130 140 142 181 252 379 640 
0 124 140 141 181 252 379 640 
0 123 181 252 380 640 
0 123 181 251 380 640 
0 122 180 251 381 640 
0 122 180 251 382 640 
0 122 180 251 383 640 
0 122 180 251 384 640 
0 122 179 251 385 640 
0 122 178 250 386 640 
0 122 178 250 387 640 
0 122 177 250 387 640 
0 123 176 250 388 640 
0 123 175 250 389 640 
0 123 174 250 390 640 
0 124 174 249 390 640 
0 124 174 249 391 640 
0 125 173 249 391 640 
0 125 174 249 392 640 
0 125 174 249 393 640 
0 126 174 250 393 640 
0 126 174 255 394 640 
0 126 175 255 395 640 
0 126 175 255 396 640 
0 126 175 254 396 640 
0 127 176 253 397 640 
0 126 176 253 397 640 
0 126 176 252 398 640 
0 125 176 251 399 640 
0 124 176 250 399 640 
0 124 175 250 400 640 
0 123 175 249 400 640 
0 123 175 248 401 640 
0 124 175 247 402 640 
0 124 174 246 402 640 
0 124 174 245 403 640 
0 125 173 245 403 640 
0 125 173 244 404 640 
0 125 171 243 405 640 
0 126 171 242 405 640 
0 127 171 242 406 640 
0 127 171 241 406 640 
0 128 171 240 407 640 
0 128 171 240 407 640 
0 129 172 239 407 640 
0 130 172 239 408 640 
0 130 172 239 408 640 
0 130 172 239 408 640 
0 130 171 239 409 640 
0 130 171 239 409 640 
0 130 169 239 409 640 
0 129 168 239 410 640 
0 129 167 239 410 640 
0 129 165 240 409 640 
0 128 141 144 162 240 409 640 
0 128 139 149 158 241 409 640 
0 129 139 153 154 241 409 640 
0 130 138 241 408 640 
0 241 408 640 
0 241 407 640 
0 105 108 116 117 130 136 240 406 640 
0 104 109 115 119 125 157 240 405 640 
0 104 110 115 121 123 159 239 405 640 
0 102 111 116 161 239 405 640 
0 101 112 116 163 175 180 239 405 640 
0 102 114 117 165 174 181 186 192 238 405 640 
0 102 115 117 167 173 194 238 405 640 
0 103 169 172 196 238 405 640 
0 104 198 238 405 640 
0 105 130 132 199 237 406 640 
0 106 201 237 406 640 
0 108 203 237 406 640 
0 109 204 237 406 640 
0 111 206 236 406 640 
0 113 208 236 406 640 
0 115 210 236 406 640 
0 117 212 235 406 640 
0 119 214 235 406 640 
0 122 216 235 406 640 
0 126 219 234 406 640 
0 129 221 234 406 640 
0 134 223 234 406 640 
0 138 226 234 407 640 
0 142 229 233 407 640 
0 155 407 640 
0 164 407 640 
0 164 407 640 
0 163 407 640 
0 163 407 640 
0 163 407 640 
0 163 407 640 
0 165 407 640 
0 167 407 640 
0 169 407 640 
0 170 372 374 407 640 
0 170 372 374 408 640 
0 170 372 374 409 640 
0 171 372 375 414 640 
0 171 372 375 419 640 
0 172 372 375 426 640 
0 173 372 375 430 640 
0 175 371 376 437 640 
0 179 371 376 449 640 
0 183 371 376 462 640 
0 189 371 377 466 494 517 640 
0 193 371 377 467 491 520 640 
0 197 258 260 371 377 468 488 522 526 529 532 535 640 
0 200 257 260 371 378 469 486 523 526 530 532 536 640 
0 203 257 260 370 378 469 484 523 526 530 531 536 640 
0 206 256 261 370 378 475 482 523 525 536 640 
0 209 255 261 370 379 477 481 523 525 536 640 
0 211 255 261 370 379 478 480 523 525 536 640 
0 213 254 261 370 380 509 512 518 525 536 640 
0 216 253 262 371 380 507 513 518 525 536 640 
0 218 252 262 373 374 379 381 506 513 518 524 535 640 
0 221 251 262 506 513 519 523 534 640 
0 223 250 263 507 513 519 522 534 640 
0 225 248 263 508 512 520 521 533 640 
0 227 247 262 382 383 532 640 
0 230 246 263 382 384 531 640 
0 232 244 263 381 385 530 640 
0 236 241 263 381 385 530 640 
0 264 381 386 529 640 
0 264 381 387 528 640 
0 264 380 389 526 640 
0 265 369 371 380 390 525 640 
0 265 368 372 380 394 523 640 
0 265 368 373 379 399 522 640 
0 265 368 375 379 405 520 640 
0 265 368 375 378 413 517 640 
0 266 269 270 370 375 378 419 515 640 
0 266 270 272 371 425 513 640 
0 268 270 272 373 430 511 640 
0 268 270 271 373 434 509 640 
0 269 374 438 508 640 
0 269 374 441 506 640 
0 269 375 445 475 478 504 640 
0 269 375 448 465 470 474 481 502 640 
0 269 375 450 464 483 500 640 
0 269 375 453 463 487 499 640 
0 269 375 456 462 491 496 640 
0 269 375 640 
0 269 375 640 
0 269 374 640 
0 269 374 640 
0 269 374 640 
0 269 374 640 
0 269 374 640 
0 269 374 640 
0 269 374 640 
0 269 374 640 
0 269 373 640 
0 270 373 640 
0 270 373 640 
0 270 373 640 
0 270 373 640 
0 270 373 640 
0 270 373 640 
0 270 373 640 
0 270 373 640 
0 270 373 640 
0 270 373 640 
0 270 374 640 
0 270 374 640 
0 270 375 640 
0 270 375 640 
0 269 376 640 
0 269 376 640 
0 268 376 640 
0 268 377 640 
0 268 377 640 
0 268 377 640 
0 267 378 640 
0 267 378 640 
0 267 378 640 
0 266 379 640 
0 266 379 640 
0 266 380 640 
0 265 380 640 
0 265 380 640 
0 265 381 640 
0 264 381 640 
0 264 382 640 
0 264 382 640 
0 263 383 640 
0 263 383 640 
0 262 383 640 
0 262 384 640 
0 262 384 640 
0 261 385 640 
0 261 385 640 
0 260 386 640 
0 260 386 640 
0 259 387 640 
0 259 387 640 
0 258 388 640 
0 258 388 640 
0 258 389 640 
0 257 389 640 
0 257 390 640 
0 256 390 640 
0 256 390 640 
0 255 391 640 
0 255 391 640 
0 255 392 640 
0 254 392 640 
0 254 392 640 
0 254 393 640 
0 253 393 640 
0 253 393 640 
0 253 394 640 
0 253 394 640 
0 252 395 640 
0 252 395 640 
0 252 395 640 
0 251 396 640 
0 251 396 640 
0 251 396 640 
0 250 397 640 
0 250 397 640 
0 250 398 640 
0 250 398 640 
0 249 398 640 
0 249 398 640 
0 249 399 640 
0 248 399 640 
0 248 400 640 
0 248 400 640 
0 248 400 640 
0 247 401 640 
0 247 401 640 
0 247 401 640 
0 247 402 640 
0 246 402 640 
0 246 402 640 
0 246 403 640 
0 245 403 640 
0 245 403 640 
0 245 404 640 
0 245 404 640 
0 244 404 640 
0 244 405 640 
0 244 405 640 
0 243 405 640 
0 243 406 640 
0 243 406 640 
0 243 406 640 
0 242 407 640 
0 242 407 640 
0 242 407 640 
0 241 408 640 
0 241 408 640 
0 241 408 640 
0 240 409 640 
0 240 409 640 
0 240 410 640 
0 240 410 640 
0 239 410 640 
0 239 410 640 
0 239 411 640 
0 239 411 640 
0 239 411 640 
0 238 411 640 
0 238 412 640 
0 238 412 640 
0 238 412 640 
0 238 412 640 
0 238 412 640 
0 237 413 640 
0 237 413 640 
0 237 413 640 
0 237 413 640 
0 237 414 640 
0 237 414 640 
