145 440 448 449 
145 440 447 449 
145 439 447 449 
146 439 447 448 
146 439 446 447 
146 438 446 447 
147 438 445 447 
147 438 445 447 
148 438 445 446 
148 438 444 446 
149 437 444 445 
149 437 443 445 
150 437 443 444 
150 437 443 444 
150 437 442 444 
151 437 442 443 512 525 
151 437 441 443 508 528 
151 437 441 442 506 533 
152 437 440 442 503 536 
152 437 440 442 501 538 
152 437 439 441 499 542 
152 441 498 545 
153 440 496 552 
153 440 495 562 
76 87 154 439 493 570 
70 92 154 439 492 575 
67 96 155 439 491 579 
64 100 155 438 490 582 
61 102 155 438 489 584 
60 104 156 438 487 585 
57 108 156 437 486 588 
55 111 156 437 485 589 
52 114 156 437 484 591 
50 117 155 437 482 592 
49 121 151 437 481 594 
46 126 145 438 480 595 
43 439 478 597 
40 440 477 598 
37 441 475 600 638 640 
31 443 474 601 637 640 
19 446 472 603 636 640 
5 449 470 604 634 640 
0 450 468 606 633 640 
0 455 465 608 631 640 
0 458 462 610 629 640 
0 612 627 640 
0 614 625 640 
0 618 620 640 
0 640 
0 640 
0 640 
0 640 
0 640 
0 640 
0 640 
0 640 
0 640 
0 640 
0 640 
0 640 
0 640 
0 640 
0 640 
0 640 
0 640 
0 640 
0 640 
0 640 
0 640 
0 640 
0 640 
0 640 
0 640 
0 640 
0 640 
0 640 
0 640 
0 640 
0 640 
0 640 
0 640 
0 640 
0 640 
0 640 
0 640 
0 640 
0 640 
0 640 
0 640 
0 640 
0 640 
0 640 
0 640 
0 640 
0 640 
0 640 
0 640 
0 640 
0 640 
0 640 
0 640 
0 640 
0 640 
0 640 
0 640 
0 640 
0 640 
0 640 
0 640 
0 640 
0 640 
0 640 
0 640 
0 640 
0 640 
0 640 
0 640 
0 640 
0 640 
0 640 
0 640 
0 351 353 640 
0 350 354 640 
0 350 353 640 
0 351 353 640 
0 351 353 640 
0 640 
0 640 
0 640 
0 640 
0 640 
0 640 
0 640 
0 640 
0 640 
0 640 
0 640 
0 640 
0 640 
0 640 
0 640 
0 640 
0 640 
0 284 285 640 
0 283 286 640 
0 283 287 640 
0 283 287 640 
0 283 287 640 
0 284 287 640 
0 640 
0 640 
0 640 
0 640 
0 640 
0 640 
0 640 
0 640 
0 640 
0 640 
0 640 
0 640 
0 640 
0 640 
0 640 
0 640 
0 640 
0 640 
0 640 
0 640 
0 640 
0 640 
0 640 
0 305 306 640 
0 304 307 640 
0 304 308 640 
0 304 308 640 
0 305 307 640 
0 640 
0 640 
0 640 
0 640 
0 640 
0 330 332 640 
0 329 332 640 
0 328 332 640 
0 329 332 640 
0 640 
0 640 
0 640 
0 640 
0 640 
0 640 
0 640 
0 640 
0 640 
0 640 
0 640 
0 640 
0 354 356 640 
0 354 357 640 
0 270 273 355 357 640 
0 269 273 640 
0 269 273 640 
0 249 251 260 261 270 273 640 
0 248 252 259 262 335 336 640 
0 249 252 259 262 334 337 640 
0 250 252 334 337 640 
0 251 252 326 327 335 337 640 
0 325 329 640 
0 325 329 640 
0 326 329 640 
0 274 276 327 328 640 
0 273 276 281 284 640 
0 245 246 274 276 280 285 640 
0 244 247 274 275 280 284 640 
0 244 247 281 283 640 
0 245 246 306 308 640 
0 305 309 640 
0 305 309 335 336 640 
0 306 308 334 337 640 
0 334 337 640 
0 334 337 640 
0 334 336 640 
0 640 
0 258 260 295 297 640 
0 258 261 294 297 314 316 640 
0 258 261 295 297 314 317 640 
0 259 260 264 265 289 291 300 302 314 317 331 334 640 
0 263 266 288 292 299 302 314 317 331 333 640 
0 263 267 288 292 300 302 315 316 331 333 335 338 640 
0 264 267 289 292 300 302 335 338 640 
0 290 292 336 338 640 
0 336 338 640 
0 640 
0 640 
0 640 
0 640 
0 640 
0 333 336 640 
0 332 336 640 
0 332 336 640 
0 332 335 640 
0 352 353 640 
0 351 353 640 
0 351 354 640 
0 352 354 640 
0 352 354 640 
0 354 355 640 
0 353 357 640 
0 353 357 640 
0 353 356 640 
0 354 355 640 
0 640 
0 274 277 640 
0 273 278 640 
0 273 278 640 
0 274 277 640 
0 640 
0 640 
0 640 
0 317 319 339 340 640 
0 317 320 338 341 640 
0 317 319 338 342 640 
0 338 341 640 
0 339 341 640 
0 640 
0 640 
0 338 340 640 
0 253 255 337 340 640 
0 253 256 337 341 640 
0 253 256 336 340 640 
0 253 255 337 339 640 
0 640 
0 640 
0 640 
0 259 261 640 
0 259 261 640 
0 258 262 640 
0 259 262 640 
0 640 
0 640 
0 640 
0 640 
0 349 351 640 
0 348 352 640 
0 348 353 640 
0 258 259 348 353 640 
0 257 260 277 282 315 317 349 353 367 368 640 
0 257 260 276 282 314 318 340 341 349 353 366 368 640 
0 257 260 275 279 280 282 315 317 339 341 349 352 366 368 640 
0 258 259 277 279 339 341 640 
0 278 279 640 
0 640 
0 640 
0 333 335 640 
0 332 336 640 
0 332 336 640 
0 275 277 332 335 640 
0 274 278 289 291 640 
0 274 278 289 292 640 
0 274 278 289 292 640 
0 275 278 290 291 335 337 640 
0 335 338 640 
0 334 337 640 
0 335 336 344 346 640 
0 343 346 640 
0 341 345 640 
0 297 300 322 323 340 344 640 
0 297 300 321 323 339 344 640 
0 297 300 302 305 320 323 339 343 640 
0 259 261 298 300 301 305 310 311 321 322 339 342 640 
0 258 262 302 305 309 312 640 
0 258 262 296 297 303 304 308 313 640 
0 259 262 295 298 308 313 640 
0 260 262 289 291 295 298 308 312 322 324 640 
0 288 292 295 298 309 311 321 325 640 
0 289 292 296 297 320 325 640 
0 290 291 321 324 640 
0 317 320 321 323 640 
0 263 264 317 320 640 
0 263 265 317 320 336 337 640 
0 263 265 310 311 317 319 335 338 640 
0 263 266 309 312 335 338 351 353 640 
0 264 266 309 312 335 338 351 354 640 
0 283 285 309 311 336 337 351 355 640 
0 283 286 352 353 640 
0 283 286 356 357 640 
0 284 285 289 290 355 357 640 
0 288 291 354 357 640 
0 286 291 354 355 640 
0 285 291 640 
0 279 280 284 290 640 
0 278 281 285 289 353 354 640 
0 278 281 353 355 640 
0 279 281 352 355 640 
0 352 354 640 
0 640 
0 640 
0 640 
0 640 
0 640 
0 640 
0 321 322 640 
0 320 323 640 
0 320 323 640 
0 292 294 320 322 358 360 640 
0 291 295 357 361 640 
0 290 296 337 339 355 361 640 
0 291 296 336 340 355 360 640 
0 292 296 314 315 336 340 355 357 640 
0 313 316 336 339 640 
0 312 316 640 
0 312 316 640 
0 311 316 350 352 640 
0 311 316 349 353 640 
0 311 315 349 353 640 
0 297 298 311 315 326 328 350 351 640 
0 296 298 311 315 325 328 640 
0 295 298 311 316 640 
0 295 298 311 316 640 
0 640 
0 292 294 640 
0 293 294 640 
0 293 294 310 311 640 
0 290 291 300 302 309 312 640 
0 289 293 300 303 308 312 640 
0 289 293 299 304 308 312 640 
0 290 293 299 303 309 311 640 
0 300 302 640 
0 640 
0 640 
0 319 320 640 
0 318 321 640 
0 287 295 318 321 640 
0 287 296 317 322 640 
0 287 295 302 305 318 321 640 
0 288 294 302 306 640 
0 301 306 640 
0 302 305 640 
0 640 
0 640 
0 640 
0 311 315 324 326 640 
0 310 316 323 327 640 
0 311 316 323 327 640 
0 311 315 323 326 640 
0 312 314 324 326 640 
0 640 
0 640 
0 294 296 640 
0 293 297 640 
0 292 297 640 
0 292 297 640 
0 293 295 640 
0 310 311 640 
0 309 312 640 
0 309 312 640 
0 309 311 333 336 640 
0 333 337 640 
0 334 336 640 
0 640 
0 640 
0 640 
0 640 
0 640 
0 317 318 640 
0 316 318 640 
0 316 318 640 
0 640 
0 640 
0 640 
0 640 
0 640 
0 640 
0 308 310 640 
0 308 311 640 
0 307 311 640 
0 308 309 640 
0 640 
0 640 
0 640 
0 640 
0 640 
0 640 
0 640 
0 640 
0 640 
0 640 
0 640 
0 640 
0 640 
0 640 
0 640 
0 640 
0 640 
0 640 
0 640 
0 640 
0 640 
0 640 
0 640 
0 640 
0 640 
0 640 
0 640 
0 640 
0 640 
0 640 
0 640 
0 640 
0 640 
0 640 
0 640 
0 640 
0 640 
0 640 
0 640 
0 640 
0 640 
0 640 
0 640 
0 640 
0 640 
0 640 
0 640 
0 640 
0 640 
0 640 
0 640 
0 640 
0 640 
0 640 
0 640 
0 640 
0 640 
0 640 
0 640 
0 640 
0 640 
0 640 
