0 640 
0 640 
0 640 
0 640 
0 640 
0 640 
0 640 
0 640 
0 640 
0 640 
0 640 
0 640 
0 640 
0 640 
0 640 
0 640 
0 640 
0 640 
0 640 
0 640 
0 640 
0 640 
0 640 
0 640 
0 640 
0 640 
0 640 
0 640 
0 640 
0 640 
0 640 
0 640 
0 640 
0 640 
0 640 
0 640 
0 318 323 640 
0 315 327 640 
0 312 329 640 
0 310 330 640 
0 308 332 640 
0 307 337 640 
0 306 339 640 
0 305 340 640 
0 303 340 640 
0 301 342 640 
0 299 347 640 
0 297 349 640 
0 296 353 640 
0 40 45 294 357 640 
0 36 50 293 360 640 
0 34 53 291 363 640 
0 34 56 290 365 640 
0 33 59 289 367 640 
0 33 62 288 368 640 
0 33 64 286 370 640 
0 32 67 285 372 640 
0 32 69 284 373 640 
0 33 72 283 375 640 
0 33 74 282 376 640 
0 34 77 281 377 640 
0 35 79 281 378 640 
0 36 82 280 379 640 
0 37 84 278 380 640 
0 38 86 277 381 640 
0 39 88 276 382 640 
0 40 91 276 383 640 
0 40 93 275 384 640 
0 40 95 274 384 640 
0 40 97 274 385 640 
0 40 99 273 385 640 
0 39 101 272 386 640 
0 39 104 271 386 640 
0 38 106 270 387 640 
0 38 108 269 387 640 
0 38 110 269 387 640 
0 37 111 268 388 640 
0 37 113 267 388 640 
0 37 115 266 389 640 
0 36 117 266 389 640 
0 35 118 265 390 640 
0 35 119 264 390 640 
0 35 120 263 390 640 
0 34 121 263 391 640 
0 34 122 262 391 640 
0 34 122 261 391 640 
0 33 124 260 391 640 
0 33 126 259 392 640 
0 33 129 259 392 640 
0 32 132 258 392 640 
0 32 134 256 392 640 
0 31 137 255 393 640 
0 31 140 255 393 640 
0 31 142 254 393 640 
0 30 145 253 393 640 
0 30 148 252 393 640 
0 30 150 251 256 257 394 640 
0 29 104 111 118 120 153 250 255 257 394 640 
0 29 103 122 155 249 394 640 
0 29 103 125 158 248 394 640 
0 28 102 127 161 246 394 640 
0 28 102 130 163 246 395 640 
0 28 101 133 166 248 395 640 
0 27 101 135 169 247 395 640 
0 27 101 138 171 245 395 640 
0 27 100 140 174 245 395 640 
0 26 100 143 177 244 395 640 
0 26 99 145 179 244 396 640 
0 26 99 148 182 243 396 640 
0 25 98 150 185 243 261 264 396 640 
0 25 98 153 188 244 252 256 391 393 396 640 
0 25 97 156 190 248 252 255 391 394 396 640 
0 24 97 159 193 255 391 640 
0 24 97 161 195 255 390 640 
0 24 96 163 198 258 261 267 390 640 
0 23 96 166 201 267 271 272 390 640 
0 23 95 169 204 267 270 272 389 640 
0 23 95 171 206 266 270 271 389 640 
0 23 94 174 209 266 269 270 388 640 
0 22 94 176 212 265 268 270 387 640 
0 22 93 179 215 265 267 269 385 640 
0 22 93 182 217 265 267 269 376 378 383 640 
0 21 93 184 220 265 267 268 375 377 379 380 383 640 
0 21 92 187 223 264 266 268 369 370 374 376 378 381 382 640 
0 21 92 190 226 264 266 268 368 370 374 376 377 640 
0 20 91 192 229 264 265 267 368 371 373 640 
0 20 91 195 232 263 265 266 368 371 373 640 
0 20 90 198 234 263 368 640 
0 19 90 201 237 263 264 265 368 640 
0 19 90 203 240 263 368 640 
0 19 89 206 243 263 368 640 
0 19 89 209 246 263 369 640 
0 18 88 211 249 263 369 640 
0 18 88 214 252 262 370 640 
0 18 87 217 255 261 370 640 
0 18 87 220 258 261 371 640 
0 17 87 222 371 640 
0 17 86 225 370 640 
0 17 86 228 368 640 
0 17 86 231 366 640 
0 17 85 234 364 640 
0 16 85 236 363 640 
0 16 84 239 363 640 
0 16 84 242 363 640 
0 15 83 245 362 640 
0 15 83 248 360 640 
0 15 83 251 359 640 
0 15 82 254 358 640 
0 14 82 255 356 640 
0 14 82 256 355 640 
0 14 81 255 258 262 353 640 
0 14 81 254 256 263 353 640 
0 14 81 253 254 263 340 341 352 640 
0 14 80 263 351 640 
0 13 80 262 350 640 
0 13 80 261 266 268 344 346 349 640 
0 13 79 260 266 268 344 640 
0 13 79 260 265 268 345 640 
0 13 78 262 264 267 347 640 
0 13 78 262 263 267 348 640 
0 12 78 262 263 266 350 640 
0 12 77 266 353 640 
0 12 77 266 357 640 
0 12 77 268 360 640 
0 12 77 270 362 640 
0 12 76 270 364 640 
0 11 76 271 366 640 
0 11 76 271 367 640 
0 11 76 270 273 274 290 293 369 640 
0 11 75 270 271 274 282 283 290 293 370 640 
0 10 75 274 289 293 371 640 
0 10 75 273 280 282 284 286 287 293 373 640 
0 10 74 273 280 293 376 640 
0 10 74 273 279 292 380 640 
0 10 74 272 274 277 278 292 383 640 
0 10 73 272 273 277 278 292 387 640 
0 10 73 292 390 640 
0 10 73 292 294 295 394 640 
0 9 73 292 294 295 397 640 
0 9 73 294 401 640 
0 9 72 294 405 640 
0 9 72 294 408 640 
0 9 72 294 412 640 
0 9 72 293 415 640 
0 9 72 293 419 640 
0 9 71 293 423 640 
0 8 71 293 426 640 
0 8 71 293 430 640 
0 8 71 293 379 383 434 640 
0 8 71 293 379 386 437 640 
0 8 71 293 379 390 441 640 
0 8 70 294 378 393 445 640 
0 8 70 294 378 397 449 640 
0 8 70 294 378 400 452 640 
0 8 70 294 378 404 456 640 
0 8 70 294 378 407 460 490 494 640 
0 8 70 295 378 411 464 477 479 489 495 640 
0 8 69 295 378 415 468 475 481 488 496 640 
0 7 69 295 379 418 471 474 482 487 496 500 503 640 
0 7 69 295 380 421 483 486 496 499 504 640 
0 7 69 295 381 425 484 485 496 498 505 640 
0 7 69 294 382 428 505 508 510 640 
0 7 68 294 383 432 505 506 511 640 
0 7 68 293 383 436 511 640 
0 7 68 292 384 439 512 517 520 640 
0 7 68 291 384 443 512 515 520 640 
0 7 68 290 385 447 512 515 521 640 
0 7 68 290 385 451 512 514 521 640 
0 7 67 289 386 455 522 640 
0 7 67 288 386 458 522 640 
0 6 67 287 386 462 523 640 
0 6 67 287 386 465 524 640 
0 7 67 287 386 470 528 640 
0 6 67 287 386 472 532 640 
0 6 67 287 386 473 536 640 
0 6 67 287 387 473 542 640 
0 6 67 287 387 473 546 640 
0 6 66 287 388 473 550 640 
0 6 66 287 389 473 555 640 
0 6 66 287 389 473 559 640 
0 6 66 288 390 473 564 640 
0 6 66 288 391 474 568 640 
0 6 66 289 391 474 573 640 
0 6 66 289 392 474 577 640 
0 6 65 289 393 474 581 640 
0 6 65 288 393 474 587 640 
0 6 65 288 393 474 518 521 592 640 
0 6 65 287 394 474 517 526 597 640 
0 6 65 286 394 474 517 529 601 640 
0 6 65 286 395 474 516 532 605 640 
0 6 65 285 395 473 516 536 611 640 
0 6 65 284 395 473 515 540 616 640 
0 6 65 284 396 472 514 544 622 640 
0 6 65 283 396 469 514 547 626 640 
0 6 64 283 396 466 513 551 631 640 
0 6 64 282 396 461 512 554 637 640 
0 6 64 281 396 457 511 558 
0 6 64 281 396 453 510 562 
0 6 64 280 397 448 510 565 
0 6 64 279 397 444 509 568 
0 6 64 279 397 440 508 571 
0 6 64 278 398 436 507 575 
0 6 64 278 398 432 505 579 
0 6 63 277 399 427 505 582 
0 6 63 276 399 424 503 585 
0 6 63 276 400 419 502 588 
0 6 63 275 400 416 501 592 
0 6 63 275 401 413 500 596 
0 6 63 274 401 409 499 598 
0 6 63 274 401 406 498 601 
0 6 63 273 402 403 496 605 
0 6 63 273 495 608 
0 6 63 272 493 611 
0 6 63 272 492 615 
0 7 63 272 490 618 
0 7 63 271 302 304 488 621 
0 7 63 271 301 304 486 624 
0 7 63 271 300 304 484 627 
0 7 63 270 299 304 481 630 
0 7 63 270 298 305 479 633 
0 7 63 270 298 305 476 637 
0 7 63 270 297 305 473 640 
0 7 63 270 296 305 470 640 
0 7 63 270 296 305 467 640 
0 8 63 270 296 305 465 640 
0 8 63 270 298 305 462 640 
0 8 63 270 299 305 459 640 
0 8 63 270 300 305 456 640 
0 8 63 270 301 305 453 640 
0 8 63 270 302 305 450 640 
0 8 63 270 303 305 378 380 447 640 
0 8 63 270 378 381 444 640 
0 8 63 271 379 382 441 640 
0 8 63 271 380 384 438 640 
0 8 63 272 381 385 435 640 
0 8 63 272 382 387 432 640 
0 9 63 273 382 388 429 640 
0 9 63 273 382 390 426 640 
0 9 63 274 383 392 422 640 
0 9 63 275 383 394 419 640 
0 9 63 275 383 396 416 640 
0 9 63 276 383 401 411 640 
0 9 64 278 383 640 
0 10 64 279 383 640 
0 10 64 280 383 640 
0 10 64 282 383 640 
0 10 64 283 383 640 
0 10 64 284 383 640 
0 10 65 285 383 640 
0 10 65 286 382 640 
0 11 65 287 382 640 
0 11 65 289 382 640 
0 11 65 290 382 640 
0 11 65 291 382 640 
0 12 65 293 382 640 
0 12 66 294 382 640 
0 12 66 295 382 640 
0 12 66 296 382 640 
0 12 66 298 382 640 
0 13 66 299 382 640 
0 13 67 300 382 640 
0 13 67 302 382 640 
0 13 67 303 382 640 
0 13 67 304 382 640 
0 14 67 305 382 640 
0 14 68 306 381 640 
0 14 68 307 382 640 
0 14 68 307 382 640 
0 15 68 307 382 640 
0 15 68 307 382 640 
0 15 69 307 382 640 
0 15 69 307 383 640 
0 16 69 307 384 640 
0 16 69 308 385 640 
0 17 70 308 386 640 
0 17 70 308 388 640 
0 17 70 308 389 640 
0 17 70 308 389 640 
0 18 71 308 390 640 
0 18 71 308 391 640 
0 18 71 307 392 640 
0 19 72 306 392 640 
0 19 72 306 392 640 
0 19 72 305 393 640 
0 19 72 304 393 640 
0 20 73 303 393 640 
0 20 73 303 393 640 
0 20 73 302 393 640 
0 21 73 301 392 640 
0 21 74 301 392 640 
0 22 74 300 391 640 
0 22 74 299 391 640 
0 22 75 298 391 640 
0 23 75 298 391 640 
0 23 75 297 392 640 
0 24 75 296 392 640 
0 24 76 296 393 640 
0 24 76 295 393 640 
0 25 76 294 394 640 
0 25 77 294 394 640 
0 25 77 293 395 640 
0 26 77 292 395 640 
0 26 77 292 396 640 
0 27 78 291 396 640 
0 27 78 290 397 640 
0 28 78 290 397 640 
0 28 79 289 398 640 
0 28 79 289 398 640 
0 29 79 288 399 640 
0 29 80 287 400 640 
0 30 80 286 400 640 
0 30 80 286 401 640 
0 31 80 285 402 640 
0 31 81 284 402 640 
0 31 81 284 403 640 
0 32 81 283 404 640 
0 32 82 282 405 640 
0 33 82 281 406 640 
0 33 82 281 406 640 
0 33 83 280 407 640 
0 34 83 279 408 640 
0 34 83 278 409 640 
0 35 83 277 410 640 
0 35 84 277 411 640 
0 35 84 276 411 640 
0 36 84 275 412 640 
0 36 85 275 413 640 
0 37 85 274 414 640 
0 37 85 273 415 640 
0 38 85 272 415 640 
0 38 86 271 416 640 
0 38 86 270 417 640 
0 39 86 269 417 640 
0 39 87 268 418 640 
0 39 87 267 419 640 
0 40 87 266 420 640 
0 40 87 265 420 640 
0 40 88 265 421 640 
0 41 88 263 421 640 
0 41 88 263 422 640 
0 41 88 261 422 640 
0 41 88 260 423 640 
0 42 88 260 424 640 
0 42 88 259 424 640 
0 42 88 258 425 640 
0 42 88 257 425 640 
0 42 88 256 426 640 
0 42 88 255 426 640 
0 43 88 255 427 640 
0 43 87 254 428 640 
0 43 87 252 428 640 
0 43 87 251 429 640 
0 43 86 250 429 640 
0 43 86 250 429 640 
0 43 86 249 415 417 430 640 
0 43 85 248 414 418 430 640 
0 43 85 247 414 422 429 640 
0 43 84 246 415 640 
0 43 84 245 415 640 
0 43 83 244 415 640 
0 43 83 243 415 640 
0 43 83 243 416 640 
0 43 82 242 416 640 
0 43 82 240 416 640 
0 43 81 240 417 640 
0 43 81 238 417 640 
0 42 80 237 417 640 
0 42 80 236 417 640 
0 42 79 235 418 640 
0 42 79 235 418 640 
0 42 78 234 418 640 
0 42 78 233 418 640 
0 42 78 232 419 640 
0 42 77 231 419 640 
0 42 77 230 419 640 
0 41 76 229 419 640 
0 41 76 228 420 640 
0 41 75 227 420 640 
0 41 75 226 420 640 
0 41 75 225 420 640 
0 40 74 224 420 640 
0 40 74 222 421 640 
0 40 73 222 421 640 
0 40 73 221 421 640 
0 40 73 220 421 640 
0 40 72 218 422 640 
0 40 72 217 422 640 
0 40 72 216 422 640 
0 40 71 215 422 640 
0 40 71 213 422 640 
0 40 71 212 423 640 
0 40 71 210 423 640 
0 40 70 209 423 640 
0 40 70 207 423 640 
0 40 70 206 423 640 
0 40 70 205 424 640 
0 40 70 203 424 640 
0 40 70 201 424 640 
0 40 69 200 424 640 
0 40 69 198 424 640 
0 40 69 194 425 640 
0 40 69 192 425 640 
0 40 69 191 425 640 
0 40 69 189 425 640 
0 40 69 187 425 640 
0 41 69 186 425 640 
0 41 69 185 426 640 
0 41 69 184 426 640 
0 41 69 182 426 640 
0 42 69 181 426 640 
0 42 69 179 426 640 
0 42 69 177 426 640 
0 42 69 176 427 640 
0 42 69 175 427 640 
0 42 69 174 427 640 
0 43 69 173 427 640 
0 43 69 172 427 640 
0 43 69 170 427 640 
0 43 69 169 427 640 
0 43 69 168 427 640 
0 43 69 166 427 640 
0 44 69 165 428 640 
0 44 69 164 428 640 
0 44 69 163 428 640 
0 44 69 162 428 640 
0 45 70 160 428 640 
0 45 70 159 428 640 
0 45 70 158 428 640 
0 45 70 157 428 640 
0 46 70 157 429 640 
0 46 70 155 429 640 
0 47 71 154 429 640 
0 47 71 153 429 640 
0 47 71 152 429 640 
0 48 71 152 429 640 
0 48 71 152 429 640 
0 48 72 152 429 640 
0 49 72 152 429 640 
0 49 72 151 429 640 
0 49 72 151 429 640 
