0 83 86 640 
0 82 86 640 
0 82 86 640 
0 640 
0 640 
0 640 
0 640 
0 640 
0 640 
0 640 
0 640 
0 640 
0 640 
0 640 
0 640 
0 640 
0 640 
0 640 
0 640 
0 640 
0 640 
0 640 
0 640 
0 640 
0 640 
0 640 
0 640 
0 640 
0 640 
0 640 
0 640 
0 640 
0 640 
0 640 
0 640 
0 640 
0 640 
0 97 99 640 
0 91 96 132 139 640 
0 127 138 640 
0 124 135 640 
0 127 132 640 
0 640 
0 640 
0 640 
0 640 
0 640 
0 640 
0 640 
0 640 
0 640 
0 640 
0 640 
0 640 
0 640 
0 640 
0 640 
0 640 
0 640 
0 270 272 640 
0 263 271 640 
0 260 270 640 
0 258 268 640 
0 256 266 640 
0 254 265 640 
0 253 262 640 
0 252 258 462 465 640 
0 251 254 460 465 640 
0 458 464 640 
0 456 463 640 
0 455 462 640 
0 453 461 640 
0 452 460 640 
0 451 459 640 
0 450 457 640 
0 449 456 640 
0 448 455 640 
0 449 454 640 
0 448 453 640 
0 449 452 640 
0 640 
0 640 
0 640 
0 640 
0 640 
0 640 
0 640 
0 640 
0 640 
0 640 
0 640 
0 640 
0 640 
0 640 
0 640 
0 640 
0 640 
0 640 
0 640 
0 640 
0 640 
0 640 
0 640 
0 640 
0 640 
0 640 
0 640 
0 640 
0 640 
0 640 
0 640 
0 640 
0 640 
0 640 
0 640 
0 640 
0 269 275 640 
0 140 142 265 277 640 
0 136 145 262 279 640 
0 135 145 261 282 640 
0 134 142 260 284 640 
0 261 283 640 
0 263 282 640 
0 265 280 640 
0 267 278 640 
0 270 273 640 
0 640 
0 640 
0 640 
0 640 
0 640 
0 640 
0 640 
0 640 
0 640 
0 640 
0 640 
0 13 17 640 
0 13 20 640 
0 14 22 640 
0 14 24 640 
0 15 25 640 
0 15 25 640 
0 15 26 640 
0 16 27 640 
0 16 27 640 
0 17 28 640 
0 17 28 640 
0 18 28 640 
0 19 29 640 
0 20 29 640 
0 21 29 640 
0 23 30 640 
0 25 30 640 
0 27 29 640 
0 640 
0 640 
0 640 
0 640 
0 640 
0 640 
0 640 
0 640 
0 640 
0 640 
0 640 
0 640 
0 541 542 640 
0 538 547 640 
0 536 546 640 
0 536 544 640 
0 538 541 640 
0 640 
0 640 
0 640 
0 640 
0 640 
0 640 
0 640 
0 640 
0 640 
0 640 
0 640 
0 640 
0 640 
0 640 
0 640 
0 640 
0 640 
0 640 
0 640 
0 640 
0 640 
0 640 
0 640 
0 640 
0 640 
0 640 
0 640 
0 640 
0 640 
0 640 
0 640 
0 640 
0 640 
0 640 
0 640 
0 640 
0 640 
0 640 
0 640 
0 640 
0 640 
0 640 
0 640 
0 640 
0 640 
0 640 
0 640 
0 640 
0 640 
0 640 
0 640 
0 640 
0 640 
0 640 
0 640 
0 640 
0 640 
0 640 
0 640 
0 640 
0 285 288 640 
0 284 288 640 
0 284 288 640 
0 283 288 640 
0 284 287 640 
0 284 287 640 
0 283 286 640 
0 283 286 640 
0 283 285 640 
0 640 
0 640 
0 640 
0 640 
0 640 
0 640 
0 640 
0 241 249 362 363 640 
0 239 253 361 363 640 
0 238 257 360 362 637 638 640 
0 239 258 359 362 632 639 640 
0 239 259 358 362 628 
0 239 259 358 362 626 
0 240 260 357 361 625 638 640 
0 240 261 356 361 622 635 640 
0 241 261 271 273 356 361 621 632 640 
0 242 262 272 273 355 361 620 630 640 
0 242 263 272 274 355 360 618 628 640 
0 243 264 273 275 355 360 617 626 640 
0 244 264 273 275 354 360 616 623 640 
0 245 261 273 276 354 360 615 621 640 
0 247 257 274 276 353 359 615 618 640 
0 251 252 275 276 353 359 640 
0 275 276 352 359 640 
0 275 276 352 358 640 
0 352 358 640 
0 351 358 596 597 640 
0 351 357 593 598 640 
0 351 357 590 598 640 
0 350 357 588 597 640 
0 350 356 585 596 640 
0 350 356 584 595 640 
0 350 356 582 595 640 
0 349 355 580 594 640 
0 349 355 579 593 640 
0 349 355 578 592 640 
0 349 355 577 591 640 
0 349 354 576 590 640 
0 349 354 575 589 640 
0 349 354 574 588 640 
0 349 353 574 586 640 
0 349 353 572 584 640 
0 349 353 571 582 640 
0 54 57 349 352 570 579 640 
0 53 57 349 352 570 575 640 
0 52 58 349 352 640 
0 52 59 349 352 640 
0 52 59 349 352 640 
0 51 59 349 352 640 
0 51 60 349 351 640 
0 51 60 349 351 640 
0 51 60 350 351 640 
0 51 60 640 
0 51 59 640 
0 52 59 640 
0 53 59 640 
0 53 58 244 245 640 
0 55 58 243 245 290 291 640 
0 55 58 241 245 289 291 640 
0 240 244 287 291 640 
0 239 244 286 290 640 
0 238 243 285 290 640 
0 238 243 285 290 640 
0 237 242 283 290 640 
0 236 242 282 289 640 
0 235 241 282 289 640 
0 235 240 281 288 640 
0 234 240 280 288 640 
0 234 239 280 288 640 
0 233 238 279 287 640 
0 233 237 279 287 640 
0 232 236 279 286 640 
0 232 235 279 285 640 
0 232 233 279 285 640 
0 279 284 640 
0 279 284 640 
0 278 283 640 
0 278 283 640 
0 278 282 640 
0 278 281 640 
0 278 281 640 
0 279 280 640 
0 640 
0 640 
0 229 240 640 
0 215 216 224 237 380 382 640 
0 213 234 381 383 640 
0 152 155 215 229 381 384 640 
0 147 157 216 224 382 385 640 
0 147 158 382 386 640 
0 148 159 382 386 640 
0 149 160 383 387 640 
0 150 161 384 388 584 585 640 
0 151 161 384 388 583 585 640 
0 153 162 385 389 581 585 640 
0 154 162 385 390 581 586 640 
0 147 148 157 161 386 390 580 585 640 
0 147 151 387 391 579 585 640 
0 148 153 388 392 578 585 640 
0 149 156 389 392 577 584 640 
0 150 157 390 393 577 584 640 
0 152 159 391 393 576 583 640 
0 153 160 392 393 575 583 640 
0 155 161 575 583 640 
0 157 162 574 582 640 
0 160 163 573 582 640 
0 573 582 640 
0 572 581 640 
0 572 581 640 
0 572 580 640 
0 571 580 640 
0 571 580 640 
0 570 579 640 
0 570 579 640 
0 570 578 640 
0 570 578 640 
0 569 578 640 
0 569 577 640 
0 569 577 640 
0 568 576 640 
0 568 576 640 
0 568 575 640 
0 568 575 640 
0 568 574 640 
0 568 573 640 
0 567 572 640 
0 567 571 640 
0 567 570 640 
0 568 569 640 
0 640 
0 640 
0 640 
0 640 
0 640 
0 640 
0 640 
0 640 
0 640 
0 640 
0 640 
0 640 
0 640 
0 640 
0 640 
0 640 
0 515 519 640 
0 268 275 513 525 640 
0 270 278 514 528 640 
0 271 280 515 530 640 
0 332 333 517 531 640 
0 326 340 519 533 640 
0 327 340 520 534 640 
0 331 337 521 535 640 
0 522 537 640 
0 524 539 640 
0 525 540 640 
0 198 199 528 540 640 
0 194 200 534 538 640 
0 191 199 640 
0 190 197 640 
0 189 194 640 
0 498 509 640 
0 495 512 640 
0 495 514 640 
0 495 516 640 
0 495 517 640 
0 496 518 640 
0 498 519 640 
0 499 520 640 
0 501 521 640 
0 502 522 640 
0 355 357 503 523 640 
0 355 357 505 522 640 
0 354 357 508 520 640 
0 354 357 640 
0 353 357 640 
0 353 358 640 
0 353 358 640 
0 352 358 640 
0 352 359 640 
0 352 359 640 
0 351 359 640 
0 351 359 640 
0 351 359 640 
0 351 358 640 
0 351 358 640 
0 351 357 640 
0 351 357 640 
0 351 357 640 
0 352 357 640 
0 63 64 352 356 640 
0 63 65 353 356 640 
0 64 65 353 356 640 
0 64 65 102 109 353 355 640 
0 64 66 100 112 640 
0 65 66 99 114 640 
0 65 66 97 115 640 
0 65 67 97 116 640 
0 66 68 95 117 550 561 640 
0 67 68 94 118 547 563 640 
0 67 69 92 118 545 565 640 
0 68 69 91 118 543 567 640 
0 89 118 542 569 640 
0 88 118 540 570 640 
0 86 116 539 571 640 
0 84 114 538 573 640 
0 84 113 215 221 538 574 640 
0 83 111 211 222 539 574 640 
0 82 110 209 223 540 574 640 
0 83 108 206 224 541 570 640 
0 84 107 205 224 544 567 640 
0 86 106 205 224 546 564 640 
0 88 104 206 224 549 561 640 
0 90 102 206 224 551 558 640 
0 93 99 207 224 640 
0 208 224 640 
0 212 223 640 
0 219 220 640 
0 640 
0 640 
0 640 
0 640 
0 640 
0 640 
0 640 
0 640 
0 640 
0 182 185 640 
0 182 186 640 
0 182 186 640 
0 182 187 640 
0 182 187 640 
0 182 187 640 
0 182 188 640 
0 182 188 640 
0 182 189 640 
0 182 189 640 
0 183 189 640 
0 184 188 640 
