






455 457 
444 445 455 458 
441 442 444 445 448 449 454 458 
441 448 449 450 454 458 
441 448 449 450 453 459 
440 452 453 459 
440 460 
440 460 
440 460 
440 461 
440 461 
439 461 
438 462 
438 462 
438 463 
437 463 
437 464 475 484 
436 485 
426 485 
417 485 
416 485 
415 492 
416 504 
417 509 
418 513 
420 516 
421 519 
423 522 
424 524 
426 526 
427 527 
429 527 
430 528 
432 528 
432 528 
431 528 
431 528 
431 528 
430 528 
429 528 
430 528 
430 473 475 528 
429 473 479 528 
427 428 429 474 483 527 
429 475 485 527 
428 476 487 527 
428 478 489 527 
428 480 492 527 
427 482 493 527 
427 434 436 484 495 526 
426 430 433 434 436 486 496 526 
436 488 498 526 
436 489 499 526 
436 491 501 526 
435 493 502 525 
434 495 504 525 
435 497 504 525 
434 499 506 516 517 525 
433 501 506 507 513 514 519 525 
432 503 520 524 
431 505 522 524 
431 507 
430 509 
430 511 
429 522 
428 540 
428 544 
427 546 548 551 
426 553 
424 553 
425 554 
424 555 
424 555 
423 556 
421 556 
421 557 
420 558 565 568 
419 559 562 563 564 569 
419 560 563 570 
417 570 
417 571 
417 571 
416 572 
414 572 
414 573 
412 573 
412 573 
412 573 
411 572 
411 571 
409 570 
409 568 
407 568 
407 567 
406 567 
406 566 
406 566 
404 566 
404 565 
402 565 
402 565 
400 564 
397 564 
378 381 384 385 395 564 
376 386 391 564 
376 563 
376 563 
375 376 377 563 
376 563 
376 562 
377 562 
377 562 
377 561 
377 378 379 561 
379 561 
377 378 379 560 
377 560 
378 560 
378 560 
376 559 
374 559 
366 559 
365 558 
365 558 
365 559 
366 560 
367 560 
367 561 
366 562 
364 562 
366 563 
367 564 
368 564 
370 565 
370 565 
372 566 
373 567 
374 567 
376 568 
377 568 
378 569 
379 569 
381 570 
382 570 
384 570 
384 571 
386 571 
387 572 
388 572 
390 573 
390 573 
392 573 
393 573 
394 574 
395 574 
396 574 
397 574 
398 575 
400 575 
401 575 
403 576 
403 576 
403 576 
403 577 
402 577 
402 577 
402 578 
402 578 
401 578 
402 579 
402 579 
402 580 
401 580 
401 580 
401 581 
401 581 
399 400 401 582 
399 582 
400 582 
400 583 
400 583 
400 583 
400 583 
400 584 
400 584 
398 584 
398 584 
399 585 
397 398 399 585 
397 585 
397 585 
398 585 
398 586 
398 586 
398 586 
398 586 
398 586 
398 586 
398 586 
398 586 
398 586 
398 586 
398 586 
398 586 
398 586 
398 586 
398 586 
398 586 
398 586 
397 586 
398 586 
399 586 
399 586 
399 586 
399 585 
399 585 
398 585 
399 585 
194 202 400 585 
193 207 400 584 
193 215 400 584 
193 217 399 584 
193 219 400 583 
193 221 401 583 
193 223 402 583 
193 225 401 583 
194 226 402 582 
195 228 403 582 
197 230 403 582 
198 231 403 582 
200 233 403 582 
201 235 404 582 
139 145 203 237 404 582 
138 147 205 239 404 582 
138 149 206 242 404 582 
139 153 207 245 405 581 
139 156 208 247 405 581 
140 158 210 249 405 581 
141 160 209 251 404 568 569 581 
141 162 207 252 404 567 569 576 577 581 
142 165 206 254 266 268 406 567 569 575 578 581 
143 169 204 256 263 272 405 565 569 575 578 580 
144 171 202 258 262 272 276 281 406 565 566 567 569 574 578 580 
145 176 201 283 409 564 566 567 568 574 
146 182 199 283 411 563 566 567 568 573 
146 194 197 286 412 563 566 567 568 573 
147 286 413 562 565 566 568 572 
148 286 414 561 565 566 568 572 
149 285 415 561 568 571 
151 285 416 560 568 571 
152 285 416 559 567 570 
154 285 417 558 568 569 
155 285 418 558 
157 285 422 557 
159 285 422 556 
160 285 425 556 
162 285 427 555 
163 286 429 554 
164 286 430 554 
165 287 431 544 545 553 
166 287 431 552 
167 290 432 552 
169 291 433 551 
170 293 435 550 
171 294 437 551 
173 295 438 551 
175 295 439 440 441 551 
178 296 442 551 
181 297 444 550 
183 297 444 554 
185 297 441 442 443 560 
187 297 441 566 
188 298 438 569 
190 298 432 572 
193 298 428 575 
195 298 419 578 
198 298 417 580 
200 299 416 582 
203 299 413 584 
207 299 410 586 
210 299 406 588 
214 299 400 590 
223 299 386 592 
226 299 385 595 
225 300 383 598 
226 300 382 603 
226 300 379 608 
225 300 377 615 
225 300 376 620 
226 301 376 620 
226 301 376 620 
226 301 372 620 
227 301 364 619 
228 301 360 619 
228 302 356 620 
229 302 355 621 
229 302 352 621 
230 302 351 352 353 621 
231 303 351 620 
231 303 350 621 
232 303 350 621 
233 303 348 622 
233 304 348 622 
234 304 348 623 
234 304 346 623 
235 304 346 347 348 624 
236 305 347 624 
236 305 347 625 
237 305 346 625 
237 305 343 625 
238 306 342 625 
239 306 339 626 
239 306 338 626 
239 307 335 626 
240 307 333 626 
241 307 331 626 
241 308 329 626 
241 308 327 626 
242 308 325 626 
243 309 324 625 
243 309 322 625 
244 310 320 625 
244 310 318 625 
244 310 316 624 
244 311 314 624 
245 312 313 623 
246 623 
246 622 
246 622 
247 622 
247 622 
248 623 
248 623 
249 624 
249 625 
249 625 
250 626 
250 626 
250 627 
251 628 
251 628 
251 629 
252 629 
252 630 
252 630 
253 631 
253 631 
254 632 
255 632 
254 632 
254 633 
255 633 
255 633 
256 633 
256 633 
256 633 
257 633 
257 633 
258 633 
258 633 
258 633 
258 378 383 405 408 633 
259 377 388 400 410 633 
260 375 412 632 
259 373 414 632 
259 371 415 632 
259 260 261 368 414 632 
261 366 414 631 
261 364 414 631 
262 361 414 630 
262 359 414 630 
262 356 414 629 
262 354 415 628 
263 352 416 628 
264 349 416 627 
265 347 416 627 
266 344 416 627 
267 342 417 627 
268 339 416 627 
270 336 416 628 
272 333 416 628 
274 331 416 629 
276 328 416 629 
279 324 415 630 
282 321 415 630 
285 318 415 631 
288 314 415 631 
292 309 415 631 
416 417 418 632 
418 632 
418 633 
418 633 
418 633 
418 634 
418 634 
418 635 
419 635 
419 635 
419 636 
417 418 419 636 
419 637 
125 144 419 637 
115 147 419 638 
104 151 418 419 420 638 
97 154 418 419 420 638 
88 158 420 638 
80 160 419 639 
72 163 419 639 
62 165 419 420 421 640 
54 166 420 640 
46 167 420 640 
37 168 421 640 
28 169 421 640 
20 169 421 640 
11 169 422 640 
5 170 420 421 422 640 
0 170 422 640 
0 170 421 422 423 640 
0 170 421 422 423 640 
0 170 421 422 423 640 
0 171 422 640 
0 171 422 640 
0 171 422 640 
0 172 422 640 
0 172 423 640 
0 172 424 640 
0 173 424 640 
0 174 424 640 
0 176 424 640 
0 179 424 425 426 640 
0 182 424 640 
0 185 424 640 
0 188 426 640 
0 192 425 640 
0 196 425 640 
0 200 425 640 
0 203 427 640 
0 207 427 640 
0 210 427 640 
0 214 428 640 
0 218 428 640 
0 221 429 640 
0 224 429 640 
0 229 428 429 430 640 
0 233 430 640 
0 236 429 640 
0 240 430 640 
0 243 431 640 
0 247 431 640 
0 251 431 640 
0 255 431 640 
0 258 432 640 
0 262 433 640 
0 266 433 640 
0 269 432 640 
0 274 433 640 
0 277 435 640 
0 280 435 640 
0 284 436 640 
0 288 436 640 
0 291 436 640 
0 295 435 640 
0 298 436 640 
0 302 436 640 
0 306 437 640 
0 310 437 640 
0 314 437 640 
0 316 438 640 
0 321 437 640 
0 324 437 438 439 640 
0 328 437 438 439 640 
0 333 440 640 
0 334 440 640 
