



























































277 292 
273 295 
270 297 
267 298 
266 300 
264 301 
263 302 
262 302 
261 303 
260 304 
260 305 
259 306 
259 311 
258 315 
258 319 
257 321 
257 322 
257 323 
257 324 
257 325 
257 325 
256 326 
256 327 
254 327 
252 328 
251 328 
250 329 
249 330 
249 330 
248 330 
248 331 
247 331 
247 332 
247 332 
246 331 
246 332 
246 331 
246 332 
245 332 
245 332 
245 331 
245 331 
245 331 
245 331 
245 330 
245 330 
244 330 
245 330 
245 330 
245 330 
245 330 
245 330 
245 318 319 329 
246 318 319 329 
246 318 319 328 
246 318 319 328 
247 318 320 328 
247 318 320 328 
248 318 322 327 
248 317 322 327 
249 317 322 327 
250 317 324 327 
251 318 325 327 
252 319 326 327 
253 321 
254 322 
255 324 
256 325 
257 326 
258 326 
259 268 269 327 
260 268 270 328 
260 268 270 329 
261 267 271 274 275 329 
262 267 275 330 
262 263 264 267 276 330 
265 267 276 331 
265 267 275 332 
275 332 
273 333 
271 333 
270 339 
269 340 
268 341 
267 341 
266 342 
265 343 
265 343 
264 344 
264 345 
263 345 
263 346 
263 347 
263 347 
262 348 
262 349 
262 349 
262 350 
262 350 
261 351 
261 351 
261 351 
261 352 
261 352 
261 353 
261 353 
261 353 
262 353 
262 354 
262 354 
262 354 
262 354 
262 354 
263 355 
263 356 
264 356 
265 357 
267 357 
268 357 
269 358 
269 358 
270 358 
270 359 
271 359 
271 359 
272 359 
272 359 
273 359 
273 359 
274 359 
274 359 
275 359 
275 359 
275 358 
275 358 
275 358 
274 358 
274 357 
274 357 
273 356 
273 356 
273 355 
273 354 
273 354 
273 353 
272 352 
272 351 
272 350 
272 348 
272 347 
271 346 
271 344 
271 342 
271 339 
271 336 
270 335 
270 335 
270 337 
270 337 
270 338 
269 339 
269 339 
269 340 
268 341 
268 341 
268 342 
268 343 
269 343 
269 344 
270 344 
269 345 
269 345 
269 346 
269 347 
269 347 
268 348 
268 348 
268 349 
268 350 
267 350 
267 351 
267 351 
267 352 
267 353 
267 353 
267 354 
268 355 
268 355 
269 356 
269 357 
270 357 
272 359 
273 359 
273 360 
274 361 
274 362 
273 362 
273 364 
273 364 
273 365 
273 366 
273 368 
272 369 
272 370 
272 370 
272 371 
272 372 
271 374 
271 375 
271 376 
271 377 
271 379 
271 380 
270 382 
270 383 
270 388 
270 389 
270 391 
270 392 
269 393 
269 394 
269 395 
268 396 
268 397 
268 398 
268 399 
267 400 
267 401 
267 402 
266 403 
266 403 
266 404 
265 405 
265 405 
264 406 
264 408 
264 409 
263 410 
263 411 
262 412 
261 414 
258 415 
257 416 
255 416 
254 417 
253 417 
253 417 
252 417 
251 417 
251 417 
250 416 
250 415 
249 415 
248 415 
247 414 
247 414 
246 414 
245 414 
245 413 
244 413 
244 413 
243 413 
243 413 
243 413 
243 414 
243 415 
243 416 
243 417 
243 418 
244 418 
245 419 
246 419 
247 419 
246 419 
246 419 
246 419 
245 419 
245 419 
245 418 
244 417 
244 415 
244 414 
243 412 
243 411 
243 411 
243 410 
243 322 329 410 
243 315 334 409 
244 313 341 408 
244 313 349 407 
244 313 355 397 
244 313 361 393 
243 313 362 389 
243 313 363 386 
244 284 290 313 363 383 
244 280 291 313 363 382 
245 269 270 276 291 314 363 382 
245 261 291 314 364 382 
246 256 291 314 364 382 
291 314 364 382 
291 314 365 381 
291 314 365 381 
291 314 365 380 
291 314 366 380 
291 314 366 379 
292 314 367 379 
292 315 369 377 
292 315 370 377 
292 315 371 373 
292 315 
292 315 
292 315 
292 315 
293 315 
293 315 
293 315 
293 315 
293 316 
293 316 
294 316 
294 317 
295 318 
295 318 
295 318 
295 318 
295 319 
294 319 
294 319 
294 319 
294 319 
294 319 
294 319 
295 319 
295 319 
295 319 391 393 395 398 
295 319 384 399 
296 319 384 400 
296 319 383 400 
296 319 382 401 
296 320 382 402 416 418 
297 320 381 403 405 435 
297 320 381 442 
297 320 380 444 
297 320 373 446 
297 320 368 446 
297 320 357 446 
298 320 351 445 
298 320 345 444 
298 320 338 444 
298 321 334 443 
298 321 329 442 
298 322 326 442 
299 442 
299 442 
299 443 
299 444 
299 445 
299 445 
299 445 
299 445 
299 445 
295 446 
293 446 
290 447 
288 447 
286 448 
284 448 
282 448 
280 448 
278 447 
277 447 
276 446 
275 444 
275 442 
274 439 
274 436 
274 433 
274 431 
275 427 
275 425 
277 421 
278 417 
281 415 
286 412 
289 409 
292 405 
292 403 
293 400 
293 397 
293 394 
294 385 
295 372 
298 306 307 329 
308 328 
307 327 
305 326 
304 326 
303 325 
302 325 
301 324 
301 323 
300 322 
300 321 
300 320 
301 317 
302 314 














