0 640 
0 640 
0 640 
0 640 
0 640 
0 640 
0 640 
0 640 
0 640 
0 640 
0 640 
0 640 
0 640 
0 640 
0 640 
0 640 
0 640 
0 640 
0 640 
0 640 
0 640 
0 469 470 640 
0 469 470 640 
0 468 470 640 
0 468 471 640 
0 468 471 640 
0 467 471 640 
0 467 471 640 
0 467 471 640 
0 467 472 640 
0 467 472 640 
0 466 472 640 
0 466 472 640 
0 466 472 640 
0 465 472 640 
0 465 473 640 
0 465 473 640 
0 465 473 640 
0 464 473 640 
0 464 473 640 
0 464 473 640 
0 464 474 640 
0 464 474 640 
0 464 474 640 
0 464 474 640 
0 464 474 640 
0 464 474 640 
0 464 474 640 
0 464 475 640 
0 464 475 640 
0 464 475 640 
0 464 475 640 
0 464 475 640 
0 283 284 464 475 640 
0 259 261 280 285 464 475 640 
0 258 262 279 286 464 475 640 
0 258 263 278 287 464 475 640 
0 258 264 277 288 464 475 640 
0 258 265 276 291 464 476 640 
0 258 266 275 294 464 476 640 
0 258 267 274 302 464 476 640 
0 258 268 273 310 464 476 640 
0 258 318 464 476 640 
0 258 321 464 476 640 
0 258 323 464 476 640 
0 246 253 258 345 464 476 640 
0 242 255 258 349 464 476 640 
0 240 256 259 353 464 476 640 
0 238 257 258 356 464 477 640 
0 237 359 464 477 640 
0 235 362 465 477 640 
0 234 364 465 477 640 
0 233 366 465 477 640 
0 232 368 465 477 640 
0 232 370 465 477 640 
0 233 372 465 477 640 
0 234 374 465 477 640 
0 235 375 465 477 640 
0 237 377 465 477 640 
0 238 379 465 478 640 
0 240 381 465 478 640 
0 241 382 465 478 640 
0 243 384 465 478 640 
0 243 385 465 478 640 
0 244 386 466 478 640 
0 245 388 466 478 640 
0 245 389 466 478 640 
0 246 390 466 478 640 
0 246 392 466 478 640 
0 247 392 466 478 640 
0 247 393 466 478 640 
0 246 395 466 479 640 
0 245 395 466 479 640 
0 244 397 467 479 640 
0 243 398 467 479 640 
0 242 399 467 479 640 
0 241 400 467 479 640 
0 241 400 467 479 640 
0 240 401 467 480 640 
0 239 402 467 480 640 
0 239 402 467 480 640 
0 238 403 467 480 640 
0 238 404 467 480 640 
0 238 404 468 480 640 
0 238 405 468 480 640 
0 238 406 468 480 640 
0 238 406 468 480 640 
0 238 407 468 480 640 
0 239 407 468 480 640 
0 240 408 468 481 640 
0 242 409 468 481 640 
0 244 409 468 481 640 
0 245 410 468 481 640 
0 245 410 469 481 640 
0 245 411 469 481 640 
0 244 411 469 481 495 496 640 
0 244 411 469 482 491 497 640 
0 243 412 469 482 487 498 640 
0 243 412 469 498 640 
0 243 413 469 498 640 
0 243 413 469 498 640 
0 242 413 469 498 640 
0 242 414 468 498 640 
0 242 414 467 497 640 
0 241 414 464 497 640 
0 241 415 461 495 640 
0 241 415 458 492 640 
0 240 415 457 488 640 
0 240 416 456 486 640 
0 240 416 455 485 640 
0 240 416 455 484 640 
0 240 416 456 484 640 
0 239 417 456 483 640 
0 239 417 456 483 640 
0 239 417 457 465 469 483 640 
0 239 417 458 460 470 483 640 
0 238 417 470 486 640 
0 238 417 471 490 640 
0 237 418 471 493 640 
0 237 418 470 495 640 
0 237 418 469 496 640 
0 236 418 469 496 640 
0 236 418 468 497 640 
0 236 418 467 497 640 
0 235 418 467 497 640 
0 235 418 466 498 640 
0 235 419 465 498 640 
0 235 419 465 498 640 
0 234 419 465 498 640 
0 234 419 466 498 640 
0 234 419 467 498 640 
0 234 419 467 499 640 
0 234 419 467 499 640 
0 233 420 467 499 640 
0 233 420 467 499 640 
0 233 420 467 500 640 
0 234 420 467 500 640 
0 234 420 467 500 640 
0 234 420 467 500 640 
0 234 420 468 501 640 
0 234 420 467 502 640 
0 234 420 467 502 640 
0 234 420 466 502 640 
0 234 420 466 503 640 
0 234 420 465 503 640 
0 234 420 465 504 640 
0 234 420 464 504 640 
0 234 235 237 420 464 505 640 
0 237 420 464 505 640 
0 237 421 464 505 640 
0 238 421 464 506 640 
0 238 421 463 506 640 
0 239 421 463 506 640 
0 239 421 463 507 640 
0 240 421 463 507 640 
0 240 421 463 507 640 
0 240 422 462 507 640 
0 241 423 462 508 640 
0 241 424 462 508 640 
0 241 425 462 508 640 
0 243 426 462 509 640 
0 243 427 462 510 640 
0 244 428 462 510 640 
0 245 430 462 511 640 
0 245 431 462 512 640 
0 246 273 274 433 462 513 640 
0 247 273 275 433 462 513 640 
0 249 273 275 424 428 432 462 514 640 
0 250 273 276 424 462 514 640 
0 252 273 276 424 462 515 640 
0 254 272 277 424 462 515 640 
0 256 272 277 425 462 516 640 
0 260 273 278 425 462 516 640 
0 262 273 278 425 462 516 640 
0 265 273 279 425 462 516 640 
0 267 273 279 426 463 516 640 
0 268 274 280 426 463 516 640 
0 269 274 280 426 463 516 640 
0 270 275 280 427 464 516 640 
0 271 275 280 427 464 516 640 
0 274 276 280 427 464 516 640 
0 275 277 280 428 464 516 640 
0 276 278 280 428 465 516 640 
0 278 429 465 516 640 
0 278 420 421 429 465 515 640 
0 278 421 422 426 427 429 466 515 640 
0 278 421 423 426 428 430 466 515 640 
0 278 421 423 426 429 430 466 515 640 
0 279 422 424 427 430 431 467 515 640 
0 280 422 424 427 467 514 640 
0 282 423 425 427 468 514 640 
0 283 423 426 427 468 514 640 
0 283 423 426 427 469 514 640 
0 284 403 405 419 421 423 469 513 640 
0 284 403 405 420 469 513 640 
0 284 403 406 417 468 513 640 
0 285 403 406 410 411 417 467 512 640 
0 285 402 407 410 411 417 464 512 640 
0 285 402 407 410 412 417 464 512 640 
0 285 402 408 410 412 418 464 512 640 
0 285 402 408 410 412 418 465 512 640 
0 286 402 408 410 413 418 465 511 640 
0 286 402 409 410 413 418 465 512 640 
0 286 402 409 411 414 418 466 522 640 
0 286 402 409 411 414 418 467 526 640 
0 286 296 297 396 397 402 410 411 416 418 466 528 640 
0 286 296 298 396 398 402 417 418 468 528 640 
0 286 296 298 389 390 396 398 402 469 527 640 
0 286 296 299 389 391 396 399 403 471 526 640 
0 286 296 299 389 391 396 399 403 471 525 640 
0 286 296 299 378 379 389 391 397 400 403 471 525 640 
0 286 296 300 379 380 389 392 393 394 397 401 403 470 525 640 
0 286 296 300 380 381 389 395 397 402 403 469 526 640 
0 286 296 300 381 382 390 402 403 469 526 640 
0 286 297 300 325 327 381 383 390 468 522 640 
0 286 297 300 322 327 382 385 390 467 520 640 
0 286 297 300 306 308 320 327 383 386 390 466 518 640 
0 286 297 300 305 309 317 327 384 387 390 465 517 640 
0 286 297 300 305 310 314 326 385 388 391 464 516 640 
0 286 289 290 297 300 305 311 313 326 385 388 398 462 514 640 
0 286 288 290 297 301 304 311 313 326 406 460 513 640 
0 285 287 290 298 301 304 312 313 325 410 459 512 640 
0 285 287 291 298 301 304 326 413 457 511 640 
0 285 286 291 298 301 303 327 415 455 510 640 
0 291 298 302 303 325 417 454 510 640 
0 291 298 320 418 452 509 640 
0 291 298 318 419 451 509 640 
0 291 299 301 302 318 420 447 448 449 508 640 
0 292 421 446 508 640 
0 292 421 447 507 640 
0 292 422 447 507 640 
0 291 423 446 507 640 
0 290 424 446 507 640 
0 289 425 445 506 640 
0 288 426 447 506 640 
0 286 426 448 506 640 
0 285 427 450 506 640 
0 284 428 450 506 640 
0 283 428 452 505 640 
0 282 429 452 505 640 
0 282 430 451 505 640 
0 281 430 450 505 640 
0 280 431 450 505 640 
0 280 432 449 505 640 
0 279 432 448 505 640 
0 279 433 447 506 640 
0 278 433 447 506 640 
0 278 434 446 506 640 
0 278 434 445 506 640 
0 277 435 445 506 640 
0 277 436 444 507 640 
0 276 436 443 507 640 
0 276 437 442 507 640 
0 276 437 442 507 640 
0 275 438 441 506 640 
0 275 439 440 506 640 
0 275 506 640 
0 275 506 640 
0 274 506 640 
0 274 506 640 
0 273 506 640 
0 273 491 494 506 640 
0 273 490 495 506 640 
0 273 489 496 506 640 
0 273 489 497 506 640 
0 273 488 498 505 640 
0 273 487 501 505 640 
0 273 487 640 
0 273 486 640 
0 273 486 640 
0 273 485 640 
0 273 485 640 
0 274 484 640 
0 274 484 640 
0 275 483 640 
0 275 482 640 
0 275 482 640 
0 276 482 640 
0 276 481 640 
0 277 481 640 
0 278 480 640 
0 278 479 640 
0 279 479 640 
0 279 478 640 
0 280 478 640 
0 280 477 640 
0 281 477 640 
0 281 476 640 
0 282 476 640 
0 282 475 640 
0 283 474 640 
0 283 474 640 
0 283 473 640 
0 283 473 640 
0 283 472 640 
0 284 472 640 
0 284 471 640 
0 284 471 640 
0 284 470 640 
0 284 470 640 
0 284 469 640 
0 284 469 640 
0 285 468 640 
0 285 468 640 
0 285 467 640 
0 285 467 640 
0 285 466 640 
0 285 466 640 
0 285 465 640 
0 285 465 640 
0 286 464 640 
0 286 463 640 
0 286 463 640 
0 286 462 640 
0 286 462 640 
0 287 461 640 
0 287 461 640 
0 287 460 640 
0 288 460 640 
0 288 459 640 
0 289 458 640 
0 289 458 640 
0 289 457 640 
0 290 457 640 
0 291 456 640 
0 291 456 640 
0 291 456 640 
0 292 457 640 
0 292 457 640 
0 293 458 640 
0 293 459 464 465 640 
0 294 461 462 466 640 
0 294 466 640 
0 294 466 640 
0 295 465 640 
0 295 465 640 
0 296 465 640 
0 296 464 640 
0 297 464 640 
0 297 463 640 
0 298 463 640 
0 298 463 640 
0 299 464 640 
0 299 464 640 
0 299 465 640 
0 300 465 640 
0 300 466 640 
0 300 467 640 
0 301 468 640 
0 301 472 640 
0 302 475 640 
0 302 477 640 
0 302 479 640 
0 303 482 640 
0 303 485 640 
0 304 488 640 
0 304 490 640 
0 304 491 640 
0 305 493 640 
0 305 493 640 
0 305 494 640 
0 305 495 640 
0 306 495 640 
0 306 496 640 
0 306 497 640 
0 307 497 640 
0 307 498 640 
0 307 499 640 
0 308 500 640 
0 308 499 640 
0 309 498 640 
0 309 497 640 
0 309 497 640 
0 309 497 640 
0 310 497 640 
0 310 498 640 
0 310 499 640 
0 311 499 640 
0 311 500 640 
0 311 501 640 
0 311 502 640 
0 312 502 640 
0 312 503 640 
0 312 503 640 
0 312 504 640 
0 313 504 640 
0 313 505 640 
0 313 505 640 
0 313 504 640 
0 232 264 314 504 640 
0 229 274 314 503 640 
0 229 280 314 502 640 
0 229 288 314 501 640 
0 229 295 314 490 492 500 640 
0 229 301 314 490 640 
0 229 307 315 490 640 
0 229 312 314 490 640 
0 229 490 640 
0 230 490 640 
0 230 491 640 
0 230 491 640 
0 230 491 640 
0 230 491 640 
0 231 491 640 
0 231 491 640 
0 231 491 640 
0 232 491 640 
0 232 491 640 
0 232 491 640 
0 233 491 640 
0 233 491 640 
0 234 491 640 
0 234 491 640 
0 235 491 640 
0 235 491 640 
0 236 491 640 
0 237 491 640 
0 238 491 640 
0 239 490 640 
0 239 490 640 
0 240 489 640 
0 240 489 640 
0 241 488 640 
0 242 487 640 
0 242 485 640 
0 243 483 640 
0 243 481 640 
0 244 479 640 
0 245 476 640 
0 245 466 467 474 640 
0 246 464 640 
0 246 464 640 
0 247 463 640 
0 248 462 640 
0 248 462 640 
0 249 461 640 
0 250 460 640 
0 250 459 640 
0 251 458 640 
0 251 457 640 
0 252 456 640 
0 252 454 640 
0 253 453 640 
0 253 451 640 
0 254 450 640 
0 255 448 640 
0 255 446 640 
0 255 444 640 
0 256 443 640 
0 256 441 640 
0 256 440 640 
0 257 438 640 
0 257 438 640 
0 257 438 640 
0 258 438 640 
0 258 438 640 
0 258 438 640 
0 259 439 640 
0 259 438 640 
0 259 438 640 
