

















































































































140 144 
140 147 
141 148 
142 149 
143 151 
145 152 
146 153 
119 138 146 154 
115 145 147 155 
114 156 
113 157 
111 157 
111 158 
110 158 
109 158 
108 158 
107 159 
107 160 
106 160 
92 103 106 161 
92 162 
92 163 
92 163 
93 164 
94 164 
94 165 
95 165 
95 165 
96 166 
96 166 
96 166 
95 166 
94 166 
93 167 
90 167 
90 167 
90 168 
91 167 
92 168 
93 167 
95 97 98 166 
99 165 
100 164 
102 164 
104 163 
105 164 
106 164 
107 165 
107 166 
107 166 
107 166 
108 165 
107 164 
108 164 
108 163 
108 163 
107 163 
107 163 
107 163 
108 163 
108 163 
108 163 
108 163 
108 163 
108 163 
108 163 
107 163 
107 164 
107 165 
107 166 
107 168 
107 169 
107 171 
106 172 
106 174 
106 175 
106 177 
106 179 
106 180 
105 181 
105 183 
104 184 
103 186 
102 187 
101 189 
100 190 
99 191 
99 192 
98 192 
97 192 
97 192 
96 191 
96 190 
96 190 
96 189 
96 188 
96 188 
95 187 
95 186 
95 186 
95 185 
95 184 
95 184 
95 183 
95 182 
95 182 
95 181 
95 181 
95 182 
95 183 
95 183 
96 184 
96 185 
96 185 
96 186 
96 187 
96 188 
96 189 
96 189 
96 190 
96 190 
95 190 
95 190 
95 190 
95 190 
95 190 
95 189 
95 189 
95 159 161 166 167 189 
94 159 163 165 169 188 
94 159 170 187 
94 160 172 186 
94 160 174 185 
94 160 175 184 
93 160 
93 160 
93 160 
92 160 
92 160 
92 160 
92 160 
91 160 
91 160 
91 161 
90 161 
90 161 
89 161 
89 161 
88 162 
88 162 
88 162 
87 162 
87 162 
86 162 
85 163 
85 163 
85 163 
85 164 
84 164 
84 164 
84 164 
83 164 
83 164 
82 164 
82 164 
82 164 
81 164 
81 165 
80 165 
80 165 
79 165 
79 165 
79 165 
78 165 
78 166 
77 166 
77 166 
76 166 
76 166 
77 166 
81 166 
82 166 
83 167 
82 167 
82 93 96 167 
82 92 99 167 
82 92 100 167 
82 91 100 167 
82 91 100 168 
82 90 100 168 
82 90 100 168 
82 90 100 168 
82 91 100 168 
83 95 100 168 
83 96 100 168 
84 97 100 169 
85 98 99 169 
86 98 99 169 
87 97 99 169 
89 96 99 169 
99 169 
99 169 
99 170 
98 170 
98 170 
98 170 
98 170 
98 170 
98 171 
98 171 
98 171 
98 171 
98 171 
98 171 
98 172 
98 172 
98 172 
98 172 
98 172 
98 173 
98 173 
98 173 
98 173 
97 173 
97 173 
97 174 
97 174 
97 174 
97 174 
97 174 
97 174 
97 175 
97 175 
97 175 
97 175 
97 175 
97 176 
97 176 
96 176 
96 176 
96 176 
96 177 
96 177 
96 177 
96 177 
96 178 
96 178 
96 178 
96 178 
96 178 
96 178 
96 179 
96 179 
96 179 
95 179 
95 179 
95 180 
95 180 
95 180 
95 180 
95 180 
95 181 
95 181 
95 181 
95 181 
95 181 
95 182 
95 182 
94 182 
94 182 
94 182 
94 183 
94 183 
94 183 
94 183 
94 183 
94 184 
94 184 
94 184 
94 184 
94 185 
94 185 
94 185 
93 185 
93 185 
93 186 
93 186 
93 186 
93 186 
93 187 
93 187 
93 187 
93 187 
93 188 
93 188 
93 188 
93 188 
92 189 
92 189 
92 189 
92 189 
92 190 
92 190 
92 190 
92 190 
92 191 
92 191 
92 192 
92 192 
92 192 
92 193 
91 193 
91 139 140 155 156 193 
91 133 142 151 156 194 
91 128 156 194 
91 128 156 194 
91 128 156 194 
91 128 156 194 
91 128 157 194 
90 127 157 194 
90 127 158 193 
90 126 159 193 
90 125 159 192 
90 125 160 192 
90 125 160 191 
90 125 160 189 
90 125 160 188 
89 126 159 186 
90 126 159 183 
90 127 159 180 
91 128 158 176 
92 128 158 175 
92 128 158 175 
93 128 158 175 
97 129 157 175 
99 103 109 129 157 175 
109 129 157 176 
107 129 156 176 
106 129 156 176 
105 129 156 176 
104 128 156 176 
104 128 156 177 
104 128 155 177 
104 127 155 177 
103 127 154 177 
103 127 154 177 
102 126 153 176 
102 126 153 176 
101 125 153 176 
101 125 153 175 
101 125 153 175 
101 124 153 173 
101 123 153 172 
102 122 155 170 
103 120 158 166 
106 114 










