205 485 514 605 
205 487 514 605 
205 489 514 605 
205 490 514 605 
205 492 514 605 
206 494 513 605 
206 497 513 605 
206 497 513 606 
206 495 513 606 
207 495 513 606 
207 467 468 494 513 606 
207 466 470 493 513 606 
207 466 485 488 490 491 513 606 
208 466 513 607 
208 466 512 607 
208 466 512 607 
209 466 512 607 
209 466 512 607 
209 466 512 607 
210 466 512 607 
210 215 216 466 512 607 
210 214 216 466 512 607 
210 214 216 466 512 607 
211 214 217 466 512 607 
211 214 217 235 236 466 512 608 
212 214 217 234 237 466 512 608 
217 223 224 234 237 466 512 608 
217 222 224 235 237 467 512 608 
218 222 225 235 237 467 512 608 
218 222 225 235 238 467 512 608 
218 222 225 234 238 467 512 608 
218 222 226 234 238 453 454 467 512 608 
219 221 226 234 238 452 455 467 512 608 
219 221 226 234 238 452 455 467 512 608 
219 221 226 234 239 451 455 467 512 608 
227 234 239 451 456 467 512 608 
227 233 239 450 456 467 512 608 
227 233 239 450 457 468 512 608 
228 233 240 259 260 449 457 468 512 608 
228 233 240 259 260 448 458 468 512 608 
228 233 240 248 249 258 260 448 458 468 512 609 
229 233 240 248 249 258 260 448 459 468 512 609 
229 233 240 248 250 258 260 447 459 468 512 609 
229 233 241 248 250 258 260 447 460 468 513 609 
230 233 241 248 250 258 260 414 415 446 460 468 513 609 
230 233 241 248 250 256 261 414 415 445 461 468 513 609 
230 233 241 248 250 255 261 414 415 445 461 468 513 609 
231 232 242 248 251 255 261 414 415 444 462 468 513 609 
242 248 251 254 261 413 415 444 463 468 513 609 
242 248 251 254 261 393 395 413 415 443 463 467 514 609 
242 247 251 254 261 393 395 413 415 443 464 467 514 609 
242 247 251 254 261 392 395 413 415 442 465 466 514 609 
243 247 251 253 261 392 395 413 415 431 432 441 514 609 
243 247 251 253 261 391 395 413 415 431 432 435 436 441 514 609 
243 247 261 356 357 391 395 413 415 430 433 434 436 440 514 606 607 609 
244 247 261 354 357 390 395 413 415 430 434 435 437 440 514 602 603 606 607 609 
244 247 261 353 358 367 368 390 395 412 415 429 434 435 437 439 515 602 603 606 607 609 
244 247 261 270 271 353 358 367 368 389 395 412 415 429 437 438 515 602 603 606 607 609 
244 247 261 270 272 353 358 367 368 389 395 412 415 428 515 601 603 606 
245 247 261 269 273 352 358 366 368 388 395 412 414 428 515 601 603 606 608 610 
245 246 261 269 273 279 280 352 358 366 368 387 395 412 414 428 515 601 604 606 608 610 
261 268 274 279 280 351 358 366 368 387 395 412 414 427 515 601 604 606 608 610 
261 268 270 279 281 351 357 365 368 386 395 412 414 426 515 601 605 606 
260 268 270 279 282 365 368 386 395 412 414 426 515 600 
260 267 270 280 282 365 368 385 396 412 414 425 516 600 
260 267 270 365 368 385 396 412 414 421 422 425 516 600 
260 266 270 365 368 384 396 412 414 420 422 424 516 600 639 640 
260 266 270 365 368 384 396 412 415 420 422 423 516 600 637 640 
260 265 271 364 368 383 396 411 415 420 517 600 635 640 
260 265 271 364 368 383 396 411 415 420 517 599 634 640 
260 264 271 364 368 382 397 411 415 420 517 599 632 640 
0 2 261 264 271 364 368 382 397 404 405 411 415 420 517 599 630 640 
0 3 261 263 272 364 368 381 397 403 405 411 415 419 518 599 628 640 
0 5 261 263 272 363 368 381 397 403 405 411 415 419 518 599 627 640 
0 7 272 363 368 380 397 403 405 411 415 419 518 598 625 640 
0 8 272 361 368 380 397 402 406 411 415 419 518 598 623 640 
0 10 273 360 368 379 398 402 406 411 415 419 519 598 621 640 
0 12 273 360 368 379 398 401 406 411 415 419 519 598 619 640 
0 14 273 360 368 378 398 401 406 410 415 418 519 598 617 640 
0 16 274 359 368 373 374 377 398 400 406 410 415 418 519 597 615 640 
0 18 274 359 368 373 375 377 399 400 406 410 415 418 520 597 613 640 
0 19 274 359 368 372 375 376 406 410 415 418 520 597 610 640 
0 21 274 359 368 372 406 410 415 418 520 597 608 640 
0 23 273 360 368 371 407 410 415 418 520 597 605 640 
0 26 271 362 368 371 407 410 415 417 521 596 603 640 
0 28 269 365 368 370 407 410 415 417 521 595 600 640 
0 30 266 370 407 410 415 417 521 596 597 640 
0 32 262 372 407 410 415 417 477 488 521 640 
0 35 259 375 407 410 415 416 475 496 521 640 
0 37 256 378 408 410 415 416 474 501 522 640 
0 40 153 161 252 382 408 410 472 509 522 640 
0 43 146 163 248 385 472 516 521 640 
0 47 140 164 245 388 471 640 
0 51 134 165 242 391 470 640 
0 55 128 166 239 393 470 638 
0 61 119 167 236 396 469 637 
0 70 107 167 234 398 468 635 
0 79 97 168 231 401 468 635 
2 169 228 403 467 634 
3 169 226 405 467 633 
5 170 223 407 466 633 
6 171 221 409 465 633 
7 171 219 411 465 633 
8 172 217 412 464 633 
9 172 215 414 464 633 
9 173 214 416 463 633 
8 173 212 417 462 633 
8 174 210 419 462 633 
8 175 209 421 462 633 
8 175 207 422 461 634 
8 176 206 423 460 635 
9 176 204 424 460 637 
9 177 203 425 459 640 
10 177 201 426 459 584 605 640 
9 178 200 427 458 583 606 640 
8 179 198 429 457 583 606 640 
6 179 198 430 457 582 605 640 
5 70 85 180 196 430 456 582 604 640 
3 44 98 180 195 431 456 582 603 640 
2 35 110 181 194 433 455 581 602 640 
0 35 113 182 193 434 454 493 496 581 601 640 
0 37 114 182 192 435 454 492 496 581 600 640 
0 38 114 183 191 435 453 491 496 580 599 640 
0 39 115 142 145 183 190 436 452 490 496 580 598 640 
0 40 114 142 146 184 189 438 452 489 497 580 598 640 
0 41 112 142 147 185 189 439 451 488 497 580 597 640 
0 42 111 142 148 185 187 440 450 487 498 580 597 640 
0 43 109 142 149 440 450 486 499 580 597 640 
0 43 107 142 150 441 449 485 500 580 596 640 
0 44 106 141 151 442 448 485 501 579 596 640 
0 45 104 140 152 444 448 484 500 564 566 579 595 640 
0 45 102 139 153 445 447 483 500 564 566 579 595 640 
0 45 101 138 153 482 499 564 566 579 595 640 
0 46 99 138 154 481 498 564 566 579 595 640 
0 46 99 139 155 480 497 564 566 579 594 640 
0 46 98 140 156 480 496 564 566 577 594 640 
0 47 97 141 157 479 496 563 566 577 594 640 
0 47 97 142 158 478 495 563 566 577 593 640 
0 47 97 143 158 477 495 563 566 577 593 640 
0 48 96 143 159 476 495 563 566 573 574 577 593 640 
0 48 96 144 160 476 494 563 566 572 592 640 
0 48 95 144 161 475 494 563 566 572 592 640 
0 49 95 144 162 474 493 563 566 571 592 640 
0 49 94 145 163 473 493 563 566 571 591 640 
0 49 94 145 163 472 493 562 565 570 591 640 
0 50 94 145 164 471 492 562 565 570 591 640 
0 50 93 146 165 471 492 562 565 570 590 640 
0 50 93 146 166 470 492 562 565 569 590 640 
0 51 92 147 167 471 491 562 565 569 590 640 
0 51 92 147 167 473 491 562 565 566 590 640 
0 51 91 147 166 475 490 562 565 566 589 640 
0 52 91 148 166 477 490 562 564 565 589 640 
0 52 91 148 165 478 490 561 564 565 589 640 
0 52 90 148 164 480 490 560 588 640 
0 53 90 149 162 481 489 560 588 640 
0 53 89 149 161 483 489 559 588 640 
0 53 89 149 160 484 488 559 587 640 
0 54 89 150 159 486 488 559 587 640 
0 54 88 150 158 558 586 640 
0 54 88 150 157 556 586 640 
0 55 87 151 156 556 586 640 
0 55 87 151 154 556 586 640 
0 55 86 556 587 640 
0 55 86 556 587 640 
0 55 86 556 587 640 
0 55 85 557 588 640 
0 55 85 557 588 640 
0 55 84 557 588 640 
0 55 84 557 589 640 
0 55 83 557 589 640 
0 55 83 557 589 640 
0 54 83 557 590 640 
0 54 83 557 590 640 
0 54 83 556 590 640 
0 53 83 556 590 640 
0 53 83 556 591 640 
0 53 84 555 591 640 
0 52 84 555 591 640 
0 52 84 555 591 640 
0 52 84 555 592 640 
0 51 84 555 592 640 
0 51 85 554 593 640 
0 51 85 554 593 640 
0 51 85 554 593 640 
0 50 85 554 593 640 
0 50 86 554 594 640 
0 50 86 554 594 640 
0 50 86 553 594 640 
0 49 86 553 595 640 
0 49 86 553 595 640 
0 49 86 553 595 640 
0 48 87 553 595 640 
0 48 87 553 596 640 
0 48 87 552 596 640 
0 48 87 552 596 640 
0 47 87 552 596 640 
0 47 87 552 597 640 
0 47 88 552 597 640 
0 46 88 551 597 640 
0 46 88 551 598 640 
0 46 88 551 598 640 
0 46 88 551 598 640 
0 45 89 550 599 640 
0 45 89 550 599 640 
0 45 89 550 599 640 
0 44 89 550 599 640 
0 44 90 550 600 640 
0 44 90 550 600 640 
0 43 90 549 600 640 
0 43 90 549 601 640 
0 43 90 549 601 640 
0 43 90 549 601 640 
0 42 91 549 602 640 
0 42 91 549 602 640 
0 42 91 548 602 640 
0 41 91 548 602 640 
0 41 91 548 603 640 
0 41 92 548 603 640 
0 40 92 548 603 640 
0 40 92 547 604 640 
0 40 92 547 604 640 
0 40 92 547 604 640 
0 39 92 547 604 640 
0 39 93 547 605 640 
0 39 93 546 605 640 
0 39 93 546 605 640 
0 38 93 546 606 640 
0 38 93 546 606 640 
0 38 94 546 606 640 
0 37 94 545 607 640 
0 37 94 545 607 640 
0 37 94 545 607 640 
0 37 95 545 608 640 
0 36 95 545 608 640 
0 36 95 545 608 640 
0 35 95 544 608 640 
0 35 95 544 609 640 
0 35 96 544 609 640 
0 35 96 544 609 640 
0 35 96 544 610 640 
0 34 96 543 610 640 
0 34 96 543 610 640 
0 34 96 543 611 640 
0 33 97 542 611 640 
0 33 97 542 612 640 
0 33 97 368 470 542 613 640 
0 32 97 306 639 640 
0 32 98 270 
0 32 98 238 
0 31 98 215 
0 31 98 184 186 189 
0 30 99 163 
0 30 99 140 
1 30 99 120 
1 29 
1 29 
1 28 
2 28 
2 26 
2 14 
3 5 



























402 500 
334 336 341 510 517 534 
276 510 517 534 
240 511 517 534 
205 511 518 534 
176 512 518 534 
146 512 518 533 
121 513 518 533 
108 513 518 533 
107 513 519 533 
108 514 519 533 
108 514 519 533 
108 514 520 532 
108 515 520 532 
108 515 520 532 
108 515 521 532 
109 516 521 531 
109 516 522 531 
109 516 523 530 
110 517 523 530 
110 517 524 529 
111 518 525 529 
111 518 
112 518 
113 518 
113 519 
112 519 
112 519 
112 520 
111 520 
111 520 
111 521 
110 521 
110 522 
110 522 
109 522 
109 522 
109 523 
108 523 
108 523 
108 524 
107 524 
107 524 
107 524 
106 525 
106 525 
106 525 
106 526 
105 526 
105 526 
105 527 
104 527 
104 527 
104 528 
103 528 
103 528 
103 528 
102 528 
102 529 
102 529 
102 529 
101 530 
101 530 
101 530 
101 530 
100 531 
100 531 
100 531 
100 532 
99 532 
99 532 
99 532 
98 533 
98 533 
98 533 
97 533 
97 180 182 533 
97 180 182 533 
97 179 182 534 
97 179 182 534 
97 179 182 534 
96 178 182 534 
96 178 182 535 
96 178 182 535 
96 177 182 535 
95 177 182 535 
95 177 182 535 
95 176 182 536 
95 176 182 536 
95 175 182 536 
94 175 182 536 
94 175 182 536 
94 174 182 537 
94 174 182 537 
93 174 182 537 
93 173 182 537 
93 173 182 537 
93 173 182 537 
93 172 182 538 
92 172 182 538 
92 172 182 538 
92 171 182 457 458 538 
92 171 182 457 458 538 
92 170 182 457 459 538 
92 170 182 456 459 538 
91 170 182 456 459 538 
91 169 182 456 460 539 
91 169 182 456 460 539 
91 169 182 456 460 539 
91 168 182 456 461 539 
91 168 182 456 461 539 
91 167 182 456 461 539 
90 167 182 455 462 539 
90 167 182 455 462 539 
90 166 182 455 462 539 
90 166 182 455 463 539 
90 166 183 455 463 540 
90 165 183 455 464 540 
89 165 183 455 464 540 
89 164 183 455 464 540 
89 164 183 455 465 540 
87 164 183 455 465 541 
85 163 183 455 465 544 
82 163 183 455 466 546 
80 162 183 455 466 549 
78 162 183 455 467 551 
75 162 183 455 467 554 
73 161 183 455 467 556 
71 161 183 454 468 558 
69 161 183 454 468 561 
67 160 183 454 469 563 
65 160 183 454 469 565 
63 159 183 454 469 567 
61 159 183 454 470 569 
59 159 183 454 470 571 
57 158 183 454 471 573 
56 158 183 454 471 575 
54 157 183 454 471 577 
52 157 183 454 472 579 
50 157 183 454 472 581 
48 156 183 453 473 583 
47 156 183 453 473 585 
45 155 183 453 473 587 
43 155 183 454 474 588 
41 154 183 454 474 590 
39 154 183 454 475 592 
38 153 183 454 475 594 
36 153 183 454 476 596 
34 153 183 454 476 598 
33 152 183 454 476 599 
31 152 183 454 477 601 
29 151 183 454 477 603 
27 151 183 454 478 605 
26 150 183 454 478 607 
24 150 183 454 479 608 
22 149 183 454 479 610 
20 149 183 454 480 612 
19 148 183 455 480 614 
17 148 183 455 481 616 
15 147 183 455 481 618 
14 147 183 455 482 619 
12 146 183 455 482 621 
10 146 183 455 483 623 
9 145 183 455 483 625 
7 145 183 455 484 627 
5 144 183 455 484 628 
3 143 182 455 485 630 
2 143 182 455 485 632 
0 142 182 455 486 634 
0 142 182 455 486 636 
0 141 182 456 487 637 
0 140 182 456 488 639 
0 140 182 456 488 640 
0 139 182 456 489 640 
0 138 182 456 490 640 
0 138 182 456 490 640 
0 137 182 456 491 640 
0 136 182 456 492 640 
0 136 182 456 492 640 
0 135 182 457 493 640 
0 134 182 457 494 640 
0 133 182 457 495 640 
0 132 182 457 495 640 
0 131 182 457 496 640 
0 131 182 457 497 640 
0 130 182 457 498 640 
0 129 182 457 498 640 
0 128 182 457 499 640 
0 127 182 457 500 640 
0 126 182 457 501 640 
0 125 182 458 502 640 
0 124 182 458 503 640 
