0 379 
0 379 
0 378 
0 378 
0 377 
0 376 
0 375 
0 374 
0 374 
0 373 
0 372 
0 371 
0 371 
0 370 
0 370 
0 369 
0 369 
0 367 
0 366 
0 364 
0 320 323 363 
0 306 312 315 325 361 
0 305 336 357 
0 300 303 304 352 356 
0 298 
0 298 
0 296 
0 296 
0 295 
0 294 
0 293 
0 293 
0 5 8 18 19 291 
0 6 10 18 21 290 
0 8 11 19 22 289 
0 9 13 20 24 287 288 289 
0 10 14 20 25 287 
0 12 16 20 26 286 
0 13 18 19 28 286 
0 15 29 286 
0 16 31 284 
0 18 32 60 69 284 
0 19 34 40 42 58 71 284 
0 21 35 40 42 55 72 284 
0 23 36 40 43 54 73 284 
0 24 38 40 44 53 74 284 
0 27 44 51 75 284 
0 29 45 50 75 284 
0 30 47 49 75 284 
0 32 75 284 
0 34 75 284 
0 35 74 284 
0 36 74 284 
0 36 73 284 
0 36 73 284 
0 37 72 84 92 284 
0 38 71 80 99 284 
0 39 71 78 104 284 
0 39 71 75 107 284 
0 38 71 73 110 284 
0 37 113 284 
0 36 114 284 
0 35 111 284 
0 34 111 284 
0 34 112 284 
0 33 113 284 
0 32 114 284 
0 31 115 284 
0 31 116 284 
0 30 117 284 
0 29 117 284 
0 29 117 284 
0 28 116 283 
0 28 116 283 
0 28 117 283 
0 27 117 283 
0 27 117 283 
0 28 118 283 
0 29 118 282 
0 29 115 116 117 282 
0 30 116 282 
0 31 46 49 116 282 
0 33 43 50 116 282 
0 50 117 282 
0 50 122 282 
0 49 122 281 
0 49 122 281 
0 49 122 281 
0 49 122 281 
0 49 122 281 
0 48 123 281 
0 48 123 280 
0 48 124 280 
0 48 125 280 
0 48 125 280 
0 48 125 281 
0 48 125 280 
0 48 125 280 
0 48 125 280 
0 48 126 280 
0 47 126 280 
0 47 126 280 
0 47 127 280 
0 47 127 280 
0 47 127 280 
0 47 126 280 
0 47 125 280 
0 47 124 280 
0 47 123 280 
0 47 122 280 
0 48 121 280 
0 48 120 280 
0 48 120 280 
0 48 119 280 
0 49 119 280 
0 49 120 279 
0 49 120 280 
0 50 120 280 
0 50 121 280 
0 50 121 280 
0 50 122 280 
0 51 123 280 
0 51 124 280 
0 51 125 280 
0 52 126 280 
0 52 127 280 
0 52 128 280 
0 52 129 280 
0 52 131 280 
0 52 133 280 
0 53 135 281 
0 53 136 281 
0 53 138 281 
0 53 139 282 
0 53 141 282 
0 53 142 282 
0 53 144 282 
0 53 145 282 
0 53 146 282 
0 53 146 283 
0 53 147 283 
0 53 148 283 
0 53 148 283 
0 53 149 284 
0 53 149 284 
0 53 150 284 
0 53 150 284 
0 53 151 284 
0 53 152 285 
0 52 153 285 
0 52 154 285 
0 52 156 285 
0 52 157 285 
0 52 158 285 
0 52 159 285 
0 52 160 285 
0 52 161 286 
0 52 162 286 
0 52 164 286 
0 52 165 286 
0 51 167 286 
0 51 168 286 
0 51 170 287 
0 51 171 287 
0 51 172 287 
0 50 173 287 
0 50 174 287 
0 50 175 287 
0 50 175 287 
0 50 176 287 
0 50 176 287 
0 50 177 287 
0 50 177 287 
0 50 177 287 
0 50 177 287 
0 50 177 287 
0 50 177 287 
0 49 177 287 
0 49 177 287 
0 49 177 287 
0 48 176 287 
0 47 176 287 
0 47 176 287 
0 46 175 287 
0 45 175 287 
0 45 174 287 
0 44 174 287 
0 44 173 287 
0 43 173 287 
0 42 173 287 
0 42 172 287 
0 41 172 287 
0 41 172 288 
0 40 172 288 
0 40 172 288 
0 39 172 288 
0 39 172 288 
0 38 172 288 
0 38 172 288 
0 37 172 288 
0 36 103 105 172 289 
0 36 102 105 172 289 
0 35 102 105 172 289 
0 35 102 104 172 290 
0 35 103 104 172 290 
0 34 172 290 
0 34 172 290 
0 34 121 122 172 290 
0 33 121 123 172 290 
0 33 122 123 172 290 
0 33 122 123 172 289 
0 32 122 124 173 289 
0 32 122 125 173 289 
0 32 123 125 173 289 
0 31 123 126 173 288 
0 31 123 126 173 288 
0 30 124 126 173 288 
0 30 125 126 173 288 
0 30 99 101 173 288 
0 30 99 102 173 288 
0 29 100 102 121 122 173 288 
0 29 100 103 121 123 173 288 
0 29 101 103 121 124 174 288 
0 29 100 103 120 126 174 287 
0 29 101 103 120 126 174 286 
0 28 101 103 121 126 174 286 
0 28 120 126 174 285 
0 28 120 125 174 285 
0 28 120 125 174 284 
0 28 120 124 175 283 
0 27 101 103 121 124 175 282 
0 27 102 103 122 123 175 282 
0 27 102 104 175 280 
0 27 119 120 175 278 
0 26 119 122 175 274 
0 26 119 121 176 270 
0 26 119 120 176 269 
0 26 176 263 264 269 
0 27 176 262 
0 27 176 261 
0 27 176 260 
0 28 41 42 177 259 
0 28 41 43 177 256 
0 27 40 43 177 255 
0 27 40 43 177 253 
0 26 40 42 61 62 177 252 
0 26 40 42 61 62 178 250 
0 26 39 42 61 63 178 248 
0 26 39 42 62 64 178 248 
0 26 39 42 63 65 178 247 
0 26 40 41 63 66 178 247 
0 26 40 41 62 66 179 246 
0 27 39 41 48 49 63 67 179 245 
0 26 39 41 48 49 63 67 179 244 
0 27 39 41 48 49 63 68 180 243 
0 27 39 41 49 50 62 68 180 243 
0 27 39 41 49 50 62 69 180 242 
0 27 39 41 49 50 62 70 180 241 
0 27 38 42 49 50 63 70 181 240 
0 27 38 42 50 51 64 70 181 240 
0 27 36 42 50 51 63 69 181 239 
0 27 36 42 50 51 63 69 181 238 
0 27 36 43 57 58 62 69 182 238 
0 27 35 43 51 52 57 59 62 69 182 237 
0 27 35 43 51 52 56 59 62 69 182 234 
0 28 35 44 56 60 62 69 182 234 
0 28 35 44 52 53 56 60 63 68 84 85 183 233 
0 28 34 45 52 54 55 61 63 68 84 87 183 232 
0 28 34 47 53 62 63 68 81 83 84 89 183 232 
0 28 34 48 53 67 81 91 183 232 
0 29 34 49 53 65 81 93 184 232 
0 29 33 50 54 64 82 95 184 232 
0 30 33 52 54 62 82 98 184 229 
0 30 33 53 55 61 82 99 185 229 
0 30 33 59 83 99 185 228 
0 30 32 57 83 98 185 228 
0 31 32 56 83 98 185 228 
0 54 83 97 186 228 
0 53 83 97 186 227 
0 52 84 96 186 227 
0 50 84 96 187 227 
0 50 83 95 187 227 
0 49 83 95 187 226 
0 48 83 94 187 226 
0 48 83 94 188 226 
0 48 83 93 188 226 
0 48 69 74 83 93 188 227 
0 47 68 77 83 92 189 227 
0 47 67 78 83 92 189 226 
0 47 66 79 82 91 189 226 
0 47 65 80 82 91 190 226 
0 47 64 90 190 227 
0 46 63 90 190 227 
0 47 63 89 190 227 
0 47 62 89 191 227 
0 47 62 88 191 227 
0 48 61 88 191 227 
0 48 61 87 191 228 
0 48 60 87 192 228 
0 48 60 86 192 227 
0 48 60 86 192 227 
0 48 59 85 193 227 
0 48 58 85 193 228 
0 48 54 84 193 228 
0 49 54 83 194 228 
0 49 53 83 194 228 
0 50 53 82 194 228 
0 51 52 82 194 229 
0 81 195 229 
0 80 195 229 
0 80 195 229 
0 79 196 229 
0 79 196 230 
0 78 196 230 
0 77 197 231 
0 77 197 231 
0 76 197 232 
0 75 197 233 
0 75 198 233 
0 74 198 234 
0 73 198 234 
0 73 199 234 
0 72 199 234 
0 71 199 235 
0 71 200 236 
0 70 200 236 
0 69 200 237 
0 69 201 237 
0 68 201 237 
0 67 201 238 
0 66 202 239 
0 66 202 240 
0 65 202 241 
0 64 202 242 
0 64 203 242 
0 63 203 242 
0 62 203 243 
0 61 203 243 
0 61 204 244 
0 60 204 245 
0 59 204 246 
0 59 204 246 
0 62 205 247 
0 61 205 247 
0 60 205 248 
0 60 205 248 
0 59 206 249 
0 58 206 250 
0 57 207 250 
0 56 207 251 
0 55 208 251 
0 54 208 251 
0 53 209 252 
0 53 209 252 
0 50 210 253 
0 50 210 253 
0 48 211 254 
0 47 211 254 
0 46 211 254 
0 45 51 52 208 209 211 255 
0 45 50 51 208 210 212 255 
0 44 209 211 212 256 
0 43 209 211 212 256 
0 43 209 211 212 257 
0 45 210 211 213 259 
0 44 210 212 213 259 
0 44 210 212 214 260 
0 44 211 212 214 261 
0 43 214 261 
0 42 214 262 
0 42 215 263 
0 40 215 263 
0 37 215 263 
0 36 215 264 
0 35 215 264 
0 35 216 265 
0 34 216 266 
0 33 216 266 
0 34 36 37 216 267 
0 37 216 267 
0 37 217 268 
0 36 217 268 
0 35 217 269 
0 34 218 270 
0 34 218 271 
0 33 218 272 
0 32 219 273 
0 32 219 274 
0 31 219 275 
0 29 218 276 
0 26 218 277 
0 25 218 277 
0 25 218 278 
0 25 218 279 
0 26 218 280 
0 28 218 280 
0 28 218 281 
0 27 218 281 
0 27 218 281 
0 26 218 281 
0 26 218 282 
0 26 218 282 
0 25 218 283 
0 25 219 284 
0 25 219 285 
0 24 219 285 
0 24 219 286 
0 24 219 286 
0 23 219 287 
0 23 219 288 
0 23 219 288 
0 23 219 288 
0 23 219 289 
0 23 219 290 
0 23 219 291 
0 23 32 35 219 291 
0 23 30 36 219 292 
0 24 28 37 219 293 
0 37 219 294 
0 38 219 294 
0 39 219 294 
0 43 219 295 
0 63 219 295 
0 65 219 296 
0 67 219 297 
0 68 218 297 
0 68 216 297 
0 69 209 298 
0 69 205 298 
0 69 204 299 
0 70 204 299 
0 70 203 300 
0 70 202 301 
0 71 202 301 
0 71 201 301 
0 72 200 301 
0 73 200 301 
0 74 83 96 199 302 
0 99 198 302 
0 101 197 302 
0 104 161 177 196 302 
0 104 158 183 194 303 
0 104 158 303 
0 104 158 304 
0 103 157 304 
0 103 157 304 
0 103 133 137 157 305 
0 103 127 137 157 305 
0 103 125 137 157 305 
0 103 125 138 157 306 
0 103 125 138 157 307 
0 103 124 138 157 306 
0 103 124 138 157 306 
0 103 124 138 157 307 
0 102 123 138 157 307 
0 102 123 138 156 307 
0 102 123 138 156 307 
0 102 123 138 156 308 
0 102 122 138 156 311 
0 102 122 138 156 312 
0 102 122 138 156 312 
0 102 122 138 156 313 
0 102 121 138 156 314 
0 102 121 138 156 316 
0 101 121 138 156 316 
0 101 121 138 156 318 
0 101 120 138 156 319 
0 101 120 138 156 319 320 321 
0 101 120 138 156 322 
0 100 120 138 156 323 
0 100 119 138 155 325 
0 100 119 138 155 328 
0 100 119 138 155 330 
0 100 118 138 155 330 
0 100 118 138 155 331 
0 99 118 138 155 332 
0 99 118 137 155 333 
0 99 117 135 155 334 
0 99 117 134 154 335 
0 99 117 134 154 335 
