0 640 
0 640 
0 640 
0 640 
0 640 
0 640 
0 640 
0 640 
0 640 
0 640 
0 640 
0 640 
0 640 
0 640 
0 640 
0 640 
0 640 
0 640 
0 640 
0 640 
0 640 
0 640 
0 640 
0 640 
0 640 
0 640 
0 640 
0 640 
0 640 
0 640 
0 640 
0 640 
0 640 
0 640 
0 640 
0 640 
0 640 
0 640 
0 640 
0 640 
0 640 
0 640 
0 640 
0 640 
0 640 
0 640 
0 640 
0 640 
0 640 
0 640 
0 640 
0 640 
0 640 
0 640 
0 640 
0 640 
0 640 
0 640 
0 640 
0 640 
0 640 
0 640 
0 640 
0 640 
0 640 
0 640 
0 640 
0 640 
0 640 
0 640 
0 640 
0 640 
0 640 
0 640 
0 640 
0 640 
0 640 
0 640 
0 640 
0 640 
0 640 
0 640 
0 640 
0 640 
0 640 
0 640 
0 640 
0 640 
0 640 
0 640 
0 640 
0 640 
0 640 
0 640 
0 640 
0 640 
0 640 
0 640 
0 640 
0 640 
0 640 
0 640 
0 640 
0 328 342 640 
0 323 347 640 
0 319 350 640 
0 316 353 640 
0 313 355 640 
0 311 356 640 
0 308 358 640 
0 306 360 640 
0 304 361 640 
0 302 362 640 
0 300 364 640 
0 298 365 640 
0 296 366 640 
0 295 368 640 
0 293 369 640 
0 292 370 640 
0 291 370 640 
0 289 372 640 
0 288 372 640 
0 287 373 640 
0 286 374 640 
0 285 375 640 
0 284 375 640 
0 283 376 640 
0 283 376 640 
0 282 377 640 
0 282 377 640 
0 281 378 640 
0 280 378 640 
0 280 379 640 
0 279 380 640 
0 279 380 640 
0 278 381 640 
0 278 381 640 
0 278 381 640 
0 277 382 640 
0 277 382 640 
0 277 383 640 
0 276 383 640 
0 276 383 640 
0 276 384 640 
0 275 384 640 
0 275 385 640 
0 275 385 640 
0 274 385 640 
0 274 386 640 
0 274 386 640 
0 274 386 640 
0 273 386 640 
0 273 387 640 
0 273 387 640 
0 273 387 640 
0 273 387 640 
0 273 387 640 
0 272 388 640 
0 272 388 640 
0 272 388 640 
0 273 275 276 388 640 
0 273 274 276 388 640 
0 273 274 277 389 640 
0 277 389 640 
0 277 389 640 
0 277 389 640 
0 277 389 640 
0 278 390 640 
0 278 279 280 390 640 
0 278 280 281 390 640 
0 279 280 282 390 640 
0 282 390 640 
0 283 286 287 390 640 
0 283 286 288 390 640 
0 284 286 288 390 640 
0 284 286 288 291 293 390 640 
0 289 291 293 390 640 
0 289 291 294 391 640 
0 290 291 295 391 640 
0 296 391 640 
0 296 391 640 
0 296 391 640 
0 296 391 640 
0 295 391 640 
0 294 391 640 
0 293 391 640 
0 293 392 640 
0 293 392 640 
0 293 392 640 
0 295 392 640 
0 298 392 640 
0 298 392 640 
0 299 392 640 
0 299 392 640 
0 299 392 640 
0 300 392 640 
0 301 392 640 
0 302 392 640 
0 303 393 640 
0 303 392 640 
0 305 392 640 
0 306 393 640 
0 307 393 640 
0 308 393 640 
0 309 393 640 
0 309 393 640 
0 310 393 640 
0 311 393 640 
0 311 393 640 
0 312 393 640 
0 312 393 640 
0 312 393 640 
0 312 393 640 
0 312 393 640 
0 312 393 640 
0 312 393 640 
0 312 393 640 
0 312 393 640 
0 312 393 640 
0 312 328 329 393 640 
0 311 328 329 393 640 
0 311 394 640 
0 311 394 640 
0 311 394 640 
0 311 394 640 
0 311 394 640 
0 310 394 640 
0 310 394 640 
0 310 395 640 
0 309 395 640 
0 308 395 640 
0 306 395 640 
0 305 395 640 
0 305 395 640 
0 303 395 640 
0 302 396 640 
0 300 396 640 
0 298 396 640 
0 297 396 640 
0 296 396 640 
0 295 396 640 
0 295 396 640 
0 295 397 640 
0 296 397 640 
0 297 397 640 
0 297 397 640 
0 296 397 640 
0 296 397 640 
0 295 397 640 
0 295 398 640 
0 298 398 640 
0 297 398 640 
0 297 398 640 
0 296 398 640 
0 295 398 640 
0 295 398 640 
0 294 399 640 
0 294 399 640 
0 293 399 640 
0 293 399 640 
0 292 399 640 
0 292 400 640 
0 291 400 640 
0 291 400 640 
0 290 400 640 
0 290 400 640 
0 289 400 640 
0 289 401 640 
0 289 401 640 
0 289 401 640 
0 289 401 640 
0 289 401 640 
0 289 401 640 
0 289 401 640 
0 288 401 640 
0 288 402 640 
0 287 402 640 
0 287 402 640 
0 286 402 640 
0 286 402 640 
0 285 402 640 
0 285 402 640 
0 284 402 640 
0 284 403 640 
0 284 403 640 
0 284 403 640 
0 283 403 640 
0 283 403 640 
0 283 403 640 
0 283 403 640 
0 282 403 640 
0 282 403 640 
0 282 403 640 
0 282 403 640 
0 282 403 640 
0 282 403 640 
0 282 403 640 
0 282 403 640 
0 282 403 640 
0 282 404 640 
0 282 404 640 
0 282 404 640 
0 282 404 640 
0 282 404 640 
0 282 404 640 
0 282 404 640 
0 282 404 640 
0 282 405 640 
0 283 405 640 
0 283 405 640 
0 283 405 640 
0 283 405 640 
0 283 404 640 
0 283 404 640 
0 284 403 640 
0 284 403 640 
0 284 403 640 
0 284 403 640 
0 285 404 640 
0 285 404 640 
0 285 404 640 
0 285 404 640 
0 286 405 640 
0 286 405 640 
0 286 405 640 
0 287 405 640 
0 287 405 640 
0 287 405 640 
0 287 405 640 
0 288 405 640 
0 288 405 640 
0 288 406 640 
0 288 406 640 
0 288 406 640 
0 289 406 640 
0 289 406 640 
0 289 406 640 
0 289 406 640 
0 289 406 640 
0 289 406 640 
0 290 407 640 
0 290 407 640 
0 290 407 640 
0 290 407 640 
0 290 407 640 
0 290 407 640 
0 290 407 640 
0 290 407 640 
0 290 407 640 
0 290 407 640 
0 290 407 640 
0 290 407 640 
0 291 407 640 
0 291 407 640 
0 291 407 640 
0 291 408 640 
0 291 408 640 
0 291 408 640 
0 291 408 640 
0 291 408 640 
0 291 408 640 
0 291 408 640 
0 292 408 640 
0 291 408 640 
0 291 408 640 
0 292 408 640 
0 292 408 640 
0 292 408 640 
0 292 408 640 
0 292 408 640 
0 292 408 640 
0 292 408 640 
0 292 408 640 
0 292 408 640 
0 292 408 640 
0 292 408 640 
0 293 408 640 
0 292 408 640 
0 292 409 640 
0 292 409 640 
0 293 409 640 
0 293 409 640 
0 293 409 640 
0 293 409 640 
0 292 409 640 
0 292 409 640 
0 292 409 640 
0 292 409 640 
0 292 410 640 
0 292 410 640 
0 292 410 640 
0 291 410 640 
0 291 410 640 
0 291 409 640 
0 291 409 640 
0 291 409 640 
0 290 409 640 
0 290 409 640 
0 290 409 640 
0 290 409 640 
0 290 409 640 
0 290 409 640 
0 289 409 640 
0 289 409 640 
0 289 409 640 
0 288 409 640 
0 288 409 640 
0 288 409 640 
0 288 409 640 
0 287 409 640 
0 287 409 640 
0 287 409 640 
0 287 408 640 
0 286 408 640 
0 286 408 640 
0 286 408 640 
0 285 408 640 
0 285 408 640 
0 285 408 640 
0 285 408 640 
0 285 408 640 
0 284 408 640 
0 284 408 640 
0 284 408 640 
0 284 408 640 
0 284 408 640 
0 283 408 640 
0 283 408 640 
0 282 408 640 
0 282 408 640 
0 281 408 640 
0 281 408 640 
0 280 408 640 
0 280 408 640 
0 279 407 640 
0 278 407 640 
0 278 407 640 
0 277 407 640 
0 277 407 640 
0 276 407 640 
0 275 407 640 
0 275 407 640 
0 274 407 640 
0 274 407 640 
0 274 407 640 
0 273 407 640 
0 272 407 640 
0 272 407 640 
0 271 407 640 
0 271 407 640 
0 270 407 640 
0 270 407 640 
0 269 407 640 
0 269 407 640 
0 269 407 640 
0 271 407 640 
0 274 407 640 
0 275 407 640 
0 275 407 640 
0 275 407 640 
0 274 407 640 
0 274 407 640 
0 273 407 640 
0 273 407 640 
0 272 407 640 
0 272 407 640 
0 272 407 640 
0 271 407 640 
0 270 407 640 
0 271 407 640 
0 272 407 640 
0 274 407 640 
0 277 407 640 
0 279 407 640 
0 282 407 640 
0 284 407 640 
0 285 407 640 
0 284 407 640 
0 284 407 640 
0 284 406 640 
