




















349 363 
348 369 
347 373 
346 376 
345 379 
344 383 
342 385 
341 386 
340 387 
339 387 
338 388 
337 388 
336 388 
335 389 
334 389 
333 389 
332 389 
331 390 
330 390 
329 390 
328 390 
327 391 
327 391 
326 392 
326 396 
326 402 
326 409 
326 410 
326 412 
326 414 
327 416 
327 418 
327 420 
328 421 
328 423 
328 424 
329 425 
329 426 
329 427 
329 428 
330 429 
330 430 
330 431 
330 432 
331 433 
331 434 
330 435 
329 436 
327 437 
326 438 
325 439 
324 441 
322 442 
321 443 
320 444 
318 445 
317 446 
316 447 
314 448 
313 449 
313 450 
312 451 
311 451 
310 452 
309 453 
308 453 
307 454 
307 454 
306 455 
305 456 
305 456 
304 457 
304 457 
303 458 
303 458 
303 458 
302 459 
302 459 
301 459 
301 460 
300 460 
300 460 
300 461 
299 461 
299 462 
299 462 
298 462 
298 462 
298 463 
297 463 
297 463 
297 463 
297 464 
296 464 
296 464 
296 464 
296 464 
296 465 
295 465 
295 465 
295 465 
295 466 
295 466 
294 466 
294 466 
294 467 
294 467 
294 467 
294 467 
295 467 
295 468 
295 468 
295 468 
295 469 
295 469 
295 469 
296 469 
296 470 
296 470 
297 471 
297 471 
297 471 
298 472 
298 472 
299 473 
299 473 
299 474 
299 475 
299 476 
300 477 
300 477 
300 478 
301 478 
301 303 305 479 
305 480 
305 480 
306 481 
306 481 
306 482 
307 482 
307 483 
308 483 
308 484 
308 484 
309 485 
310 327 328 485 
310 314 315 327 329 486 
316 327 329 486 
318 328 330 487 523 525 
322 329 331 482 483 487 522 526 
325 330 332 483 484 487 521 527 
327 330 333 483 521 527 
329 330 334 484 521 528 
334 484 520 529 
334 485 520 529 
333 486 520 530 
333 487 520 531 
333 480 481 488 519 531 
332 480 483 488 519 532 
332 480 484 488 518 533 
331 480 517 533 
330 481 517 534 
329 480 516 535 
328 480 515 535 
328 480 513 536 
327 481 512 537 
327 481 511 538 
327 482 511 538 
328 482 510 539 
329 483 509 540 
331 483 509 540 
333 484 508 541 
336 484 507 542 
339 479 481 483 507 543 
340 478 506 544 
340 478 505 545 
340 478 505 545 
341 479 504 546 
341 479 504 547 
341 480 503 548 
342 480 502 549 
343 469 470 481 502 550 
345 469 471 481 501 550 
347 469 471 477 478 482 500 551 
348 469 471 476 479 483 499 552 
348 469 471 476 481 483 498 554 
350 469 471 476 498 554 
351 469 471 475 497 555 
352 469 471 475 496 556 
353 469 471 475 495 557 
354 469 494 558 
355 469 493 560 
356 469 492 560 
356 469 491 561 
357 469 491 562 
358 379 381 469 490 563 
359 379 384 467 489 565 
195 197 360 378 383 467 488 566 
193 204 368 377 384 450 451 455 456 467 487 567 
177 178 179 182 184 205 369 376 384 449 457 467 486 568 
176 206 369 374 384 449 458 467 486 569 
176 206 369 373 384 449 458 466 485 570 
175 207 384 448 458 464 465 466 484 571 
174 207 384 448 459 463 483 572 
173 208 384 436 438 448 459 463 482 574 
172 208 384 435 438 448 459 460 461 462 481 575 
171 209 383 434 438 448 480 576 
170 210 382 434 438 448 479 577 
169 210 381 434 438 447 479 578 
169 211 380 435 438 447 478 580 
170 211 379 435 438 447 477 581 
170 212 377 436 438 447 476 583 
171 213 376 437 438 447 475 584 
171 213 375 447 474 585 
172 214 374 447 473 587 
173 214 373 447 472 588 
173 215 372 447 472 590 
174 215 253 261 371 447 471 591 
174 216 251 263 370 447 470 592 
175 217 249 266 369 447 469 594 
176 217 248 269 368 447 468 596 
176 218 247 271 367 447 467 597 
177 218 244 272 366 447 466 599 
177 219 240 274 365 447 465 600 
178 220 238 275 318 336 364 447 464 602 
179 220 238 276 302 340 363 447 462 604 
179 221 237 278 285 341 362 448 461 606 
180 221 236 340 360 448 460 607 
180 222 236 337 353 450 459 609 
181 223 235 332 351 451 457 611 
182 223 234 328 349 452 456 613 
182 224 230 323 348 453 455 614 
183 225 227 314 347 617 
183 307 347 620 
184 299 346 624 
185 295 345 629 
185 290 345 633 
186 284 344 637 638 640 
186 285 344 640 
187 285 344 640 
188 285 343 640 
188 286 343 640 
189 286 343 640 
189 287 343 640 
190 287 343 640 
191 288 342 640 
191 288 342 640 
192 288 341 640 
192 289 340 640 
193 289 339 640 
194 289 338 640 
194 290 337 640 
195 290 336 640 
195 290 335 640 
196 290 335 640 
197 291 334 640 
197 291 334 640 
198 291 333 640 
198 241 244 292 332 640 
197 240 245 292 332 640 
196 241 245 292 332 640 
196 242 245 293 331 640 
196 242 246 293 331 640 
196 243 246 293 331 640 
196 244 247 293 331 640 
196 244 248 293 330 640 
196 245 249 293 330 640 
197 246 249 294 330 640 
197 246 250 294 330 640 
197 247 251 294 330 640 
197 247 252 294 331 640 
198 248 252 294 331 640 
198 249 253 294 331 640 
199 249 254 295 331 640 
199 250 255 295 332 640 
200 250 256 295 332 640 
200 251 256 295 331 640 
200 252 257 296 330 640 
201 252 258 296 330 640 
201 253 259 296 329 640 
202 254 259 297 329 640 
202 254 260 298 328 640 
202 255 260 298 328 640 
202 257 261 299 328 640 
202 258 261 299 327 640 
202 259 261 300 327 640 
202 260 262 300 327 640 
202 261 262 301 327 640 
202 301 327 640 
202 302 327 640 
203 302 326 640 
203 303 326 640 
203 303 326 640 
203 304 325 640 
204 304 325 640 
204 305 325 640 
204 305 324 640 
205 306 324 640 
205 306 323 640 
205 306 323 640 
205 307 323 640 
206 307 322 508 510 640 
207 308 322 507 510 640 
207 308 321 507 510 640 
208 309 321 506 510 640 
208 309 321 506 510 640 
208 310 320 506 510 640 
209 310 320 505 510 640 
209 311 320 505 510 640 
209 311 320 505 510 640 
210 312 319 504 510 640 
210 312 319 504 510 640 
210 313 319 504 510 640 
211 313 319 504 510 640 
211 314 318 504 510 515 516 640 
212 314 318 505 510 514 516 640 
214 315 317 505 516 640 
215 315 317 500 516 640 
219 487 516 640 
222 486 515 640 
225 486 515 640 
228 487 514 640 
229 488 514 640 
230 488 514 640 
232 471 481 488 513 640 
233 471 513 640 
235 472 513 640 
236 441 442 472 513 640 
238 441 443 473 513 640 
240 440 446 473 512 640 
242 440 449 470 512 640 
244 439 512 640 
246 439 512 640 
248 439 512 640 
250 439 443 446 512 640 
252 447 511 523 524 640 
254 448 511 522 524 640 
256 450 511 521 523 640 
258 450 511 520 523 640 
260 451 511 519 523 640 
261 452 511 519 522 640 
263 452 510 518 522 640 
265 452 510 517 522 640 
266 453 510 516 522 640 
268 453 510 516 522 640 
270 453 510 515 521 640 
270 453 510 515 521 640 
271 453 510 514 521 640 
271 453 511 513 521 640 
272 453 521 640 
272 453 521 640 
272 453 521 640 
272 437 438 453 521 640 
273 436 438 452 520 640 
273 436 438 452 520 640 
273 436 439 452 520 640 
274 436 439 452 520 640 
274 435 439 452 520 640 
275 435 439 451 520 640 
275 435 439 451 520 640 
276 435 439 452 520 640 
277 435 440 452 520 640 
277 435 440 452 520 640 
278 435 440 452 519 640 
279 435 440 452 519 640 
280 434 440 452 519 640 
281 434 440 452 519 640 
282 434 440 452 519 640 
283 434 440 452 519 640 
284 434 440 452 519 640 
285 434 440 452 519 524 525 640 
285 434 441 452 519 523 525 640 
286 434 441 452 519 523 524 640 
287 434 441 452 521 523 524 640 
289 433 441 452 525 640 
290 433 441 452 524 640 
291 433 441 452 524 640 
292 433 441 452 524 640 
293 433 441 452 524 640 
294 433 441 452 524 640 
295 433 441 452 524 640 
296 433 441 452 524 640 
296 433 441 453 524 640 
297 433 441 453 524 640 
298 433 441 453 524 640 
299 434 441 453 524 640 
300 434 441 453 524 640 
301 435 441 453 524 640 
303 435 441 453 524 640 
304 435 441 453 524 534 535 640 
305 436 442 453 524 533 535 640 
306 436 442 453 524 533 535 640 
307 437 442 453 524 532 534 640 
308 437 442 453 524 531 534 640 
309 437 442 453 524 530 534 640 
310 438 442 453 524 530 534 640 
311 438 442 454 524 528 534 640 
312 439 442 454 534 640 
313 439 442 454 533 640 
314 439 442 454 533 640 
315 440 442 454 533 640 
316 440 442 454 533 640 
316 454 533 640 
315 454 533 547 548 640 
315 454 533 546 547 640 
315 455 533 545 547 640 
315 455 532 543 547 640 
315 455 532 542 547 640 
315 455 532 540 547 640 
314 455 532 539 546 640 
314 455 532 537 546 640 
314 455 532 536 546 640 
314 456 546 640 
313 456 546 565 566 640 
313 456 545 564 565 640 
313 456 545 564 565 640 
313 456 545 563 565 640 
312 457 545 563 565 640 
311 457 545 563 564 640 
309 457 544 563 564 640 
308 457 544 562 564 640 
308 457 544 562 564 640 
307 457 544 562 563 640 
306 457 543 549 550 561 563 640 
306 457 544 548 549 561 563 640 
305 458 549 560 562 640 
305 458 549 560 562 640 
305 458 549 560 562 640 
304 459 548 559 562 640 
304 459 548 554 557 559 562 640 
303 458 548 553 562 640 
303 463 549 553 562 640 
303 465 561 640 
303 466 561 640 
303 467 561 640 
303 469 561 640 
303 469 561 640 
303 470 561 640 
303 471 560 640 
303 472 560 640 
303 473 560 640 
304 474 560 640 
304 474 560 640 
304 475 560 640 
305 476 560 640 
305 477 560 640 
306 477 559 640 
307 478 559 640 
308 479 559 640 
308 479 559 640 
308 480 559 640 
308 480 558 640 
308 481 558 640 
308 481 558 640 
308 482 558 640 
308 482 558 640 
308 482 560 640 
308 482 560 640 
308 482 560 640 
