













453 457 
449 458 
444 460 
440 461 
436 463 
432 464 
429 465 
426 467 
423 469 
422 470 
421 471 
420 472 
420 472 
420 473 
420 474 
419 475 
419 476 
418 477 
418 478 
418 479 
418 479 
418 480 
417 481 
417 481 
417 482 
417 482 
416 482 
416 482 
416 482 
415 481 
414 481 
408 481 
401 481 
395 480 
391 480 
389 480 
386 479 
383 479 
381 479 
380 479 
378 480 
377 481 
375 482 
374 483 
372 484 
371 484 
370 486 
369 487 
368 488 
367 489 
366 490 
365 491 
364 492 
363 493 
362 493 
361 494 
360 495 
359 495 
358 496 
357 497 
356 497 
355 498 
355 499 
354 499 
353 500 
352 500 
352 501 
351 501 
351 501 
350 502 
350 502 
349 503 
349 503 
349 503 
348 504 
348 504 
348 504 
348 504 
347 505 
347 505 
347 505 
347 505 
347 506 
347 506 
347 506 
347 507 
347 507 
346 507 
346 508 
345 349 350 508 
345 348 349 508 
345 347 349 509 
344 346 349 509 
344 346 348 509 
344 345 348 510 
347 510 
347 510 
347 510 
347 511 
347 511 
347 511 
347 511 
346 512 
346 512 
346 512 
346 511 
346 349 350 512 
346 349 350 512 
346 348 350 512 
346 348 350 512 
346 348 350 512 
349 512 
349 512 
350 512 
351 512 
351 512 
351 360 361 512 
353 360 362 511 
353 359 362 511 
354 359 362 511 
357 359 362 511 
357 360 362 510 
357 360 362 510 
358 360 362 510 
359 360 362 510 
363 510 
363 510 
363 510 
363 510 
362 509 
361 509 
360 509 
358 509 
355 508 
352 508 
351 508 
350 508 
350 509 
350 509 
351 509 
351 509 
352 509 
352 510 
353 510 
355 510 
356 510 
357 510 
357 510 
357 510 
357 510 
358 511 
358 511 
357 511 
357 511 535 537 
357 511 535 538 
357 512 535 538 
357 512 534 539 
357 512 534 539 
358 512 533 540 
358 503 504 512 533 541 
359 503 504 512 533 541 
360 503 504 512 532 542 
360 502 504 512 532 542 
360 502 504 513 531 543 
360 502 504 513 531 544 
360 502 505 513 530 544 
361 502 505 513 529 545 
361 502 505 513 528 546 
362 502 505 513 526 546 
362 502 505 513 525 547 
362 502 505 513 524 548 
362 503 505 513 523 548 
362 503 506 514 522 549 
363 503 506 514 521 550 
363 503 506 514 521 550 
363 504 506 514 520 551 
363 504 506 514 519 552 
363 504 506 515 518 553 
363 505 506 515 518 554 
364 505 506 515 517 554 
364 505 506 515 516 555 
365 505 506 515 516 556 
367 557 
391 557 
392 558 
392 559 
392 560 
392 561 
393 562 
393 562 
393 563 
393 564 
393 503 504 565 
393 566 
393 504 505 567 
393 504 506 568 
393 505 506 569 
394 570 
393 570 
393 572 
393 573 
393 574 
393 575 
394 576 
394 577 
394 578 
394 579 
394 580 
394 581 
393 582 
392 584 
391 585 
390 486 488 586 
388 486 489 587 
387 486 489 588 
386 486 490 589 
274 281 385 485 489 591 
261 284 384 485 488 592 
233 234 259 286 382 485 487 593 
232 236 258 288 382 485 486 595 
231 240 256 289 380 596 
231 243 253 290 380 598 
232 245 249 292 378 599 
233 293 377 600 
235 294 377 602 
236 295 376 603 
237 296 375 605 
238 296 374 606 
239 297 373 608 
242 298 372 609 
244 298 371 464 466 611 
244 298 370 452 453 464 467 612 
245 299 368 451 453 463 468 614 
245 299 365 451 453 463 467 616 
245 299 362 451 454 463 466 617 
245 300 360 451 454 463 464 619 
245 301 359 452 454 620 
246 304 358 452 455 622 
246 307 357 452 455 624 
246 309 356 453 455 625 
246 312 356 453 456 627 
246 315 355 453 455 629 
247 319 354 631 
247 322 354 633 
247 324 353 634 
247 327 353 636 
247 330 353 640 
248 302 304 333 352 640 
248 302 308 336 352 640 
250 302 313 340 352 640 
254 302 318 342 352 640 
256 302 322 344 352 640 
257 302 326 346 351 640 
258 302 331 348 349 640 
258 302 336 640 
259 302 342 640 
259 302 347 640 
260 302 346 640 
260 302 345 640 
260 302 345 640 
261 302 344 640 
262 302 343 640 
262 302 342 640 
263 302 342 640 
263 302 342 640 
148 151 157 160 264 302 341 640 
143 144 147 155 156 161 264 302 341 640 
141 145 146 162 265 302 341 640 
141 163 265 302 340 640 
140 164 266 302 340 640 
140 165 266 302 340 640 
139 167 266 301 340 640 
139 168 266 301 340 640 
138 169 266 301 339 640 
138 170 267 301 339 640 
137 171 267 301 338 640 
137 172 267 300 338 640 
136 173 267 300 337 640 
135 174 267 301 336 640 
135 175 267 301 336 640 
134 176 267 302 335 640 
133 178 267 303 334 640 
133 179 267 303 334 640 
133 180 268 304 334 640 
134 181 268 304 333 640 
135 182 268 304 333 640 
136 183 268 305 333 640 
137 184 268 305 334 640 
138 185 268 306 334 640 
139 186 268 306 334 640 
141 187 268 306 333 640 
142 188 268 307 334 640 
142 190 269 307 334 640 
144 191 269 308 334 640 
145 192 269 308 335 640 
145 193 269 308 335 640 
147 194 270 309 334 640 
148 195 270 309 333 640 
149 196 270 309 333 640 
151 197 270 310 332 640 
152 198 270 310 332 640 
153 199 271 310 331 640 
154 201 271 310 330 640 
155 202 271 311 329 640 
156 203 271 311 328 640 
157 204 271 312 328 640 
158 205 272 312 327 640 
159 206 272 312 326 640 
161 207 272 313 325 640 
162 208 272 313 325 515 518 640 
163 209 273 313 324 514 518 640 
164 210 273 314 323 515 518 640 
165 212 273 314 322 515 518 640 
166 213 274 314 322 515 518 640 
167 214 274 315 321 515 518 640 
168 215 274 315 320 513 518 640 
170 216 274 315 319 511 518 523 525 640 
171 217 275 316 319 510 518 523 525 640 
172 218 275 316 319 511 518 522 525 640 
173 220 275 317 319 512 518 522 525 640 
174 222 275 317 319 513 518 521 525 640 
175 226 276 318 320 514 519 520 525 640 
174 227 276 318 320 516 525 640 
174 230 276 318 319 516 525 640 
174 232 276 511 524 640 
174 234 277 495 501 505 524 640 
174 235 277 496 523 640 
174 237 277 497 523 640 
174 239 277 497 522 640 
175 241 278 498 522 640 
175 242 278 498 522 640 
176 244 278 498 521 640 
177 246 278 482 521 640 
177 248 279 451 453 482 521 640 
178 250 279 450 454 483 521 640 
179 252 279 451 456 483 521 640 
180 255 279 451 458 483 520 640 
181 257 280 451 460 480 520 640 
181 259 280 450 520 640 
182 260 280 450 520 640 
183 261 280 450 451 457 520 640 
184 263 281 458 520 530 531 640 
184 264 281 459 519 529 531 640 
185 265 281 460 519 528 531 640 
185 266 281 461 519 528 530 640 
186 267 282 461 519 527 530 640 
186 268 282 462 519 526 530 640 
186 269 282 462 518 525 530 640 
186 270 282 462 518 524 529 640 
186 271 282 462 518 523 529 640 
186 272 283 463 518 523 529 640 
187 274 283 463 518 522 529 640 
187 275 283 463 518 521 528 640 
188 278 283 463 517 520 528 640 
189 280 283 463 518 520 528 640 
189 463 528 640 
190 463 528 640 
191 448 449 463 528 640 
191 448 449 462 527 640 
192 447 450 462 527 640 
193 447 450 462 527 640 
193 447 450 462 527 640 
194 447 451 462 527 640 
195 447 451 462 527 640 
196 446 451 462 527 640 
197 446 451 462 527 640 
197 446 451 462 526 640 
198 446 451 462 526 640 
199 446 452 462 526 640 
200 446 452 462 526 640 
201 445 452 462 526 640 
201 445 452 462 526 640 
202 445 452 462 526 531 532 640 
203 445 452 462 526 531 532 640 
205 445 452 462 526 530 532 640 
216 445 452 462 526 530 532 640 
225 445 452 462 526 529 532 640 
229 445 452 462 525 528 532 640 
233 444 453 462 525 528 532 640 
240 444 453 462 525 527 532 640 
249 444 453 462 525 527 532 640 
256 444 453 462 532 640 
261 444 453 463 532 640 
265 444 453 463 532 640 
269 444 453 463 531 640 
270 444 453 463 531 640 
271 444 453 463 531 640 
272 444 453 463 531 640 
272 444 453 463 531 640 
273 444 453 463 531 640 
274 445 454 463 531 640 
274 445 454 463 531 640 
275 446 454 463 531 640 
276 446 454 463 531 640 
277 447 454 464 531 541 542 640 
277 447 454 464 531 540 542 640 
279 447 454 464 531 539 541 640 
280 448 454 464 531 539 541 640 
281 448 454 464 531 538 541 640 
283 448 455 464 531 537 541 640 
284 449 455 464 530 536 541 640 
286 449 455 464 530 536 540 640 
287 450 455 464 530 535 540 640 
289 450 455 465 530 534 540 640 
290 450 455 465 531 533 540 640 
292 451 455 465 539 640 
294 451 455 465 539 640 
296 452 455 465 539 640 
297 452 455 465 539 554 555 640 
299 452 455 465 539 553 555 640 
301 453 454 465 539 552 555 640 
303 453 454 466 538 551 554 640 
304 466 538 550 554 640 
306 466 538 548 554 574 575 640 
308 466 538 547 553 573 574 640 
310 466 538 546 553 573 574 640 
312 467 538 544 553 572 573 640 
313 467 537 543 553 572 573 640 
315 467 537 542 552 571 573 640 
317 467 538 540 552 570 572 640 
319 467 552 570 572 640 
320 467 552 569 572 640 
322 467 551 569 572 640 
323 468 551 568 571 640 
323 468 551 568 571 640 
322 468 551 568 571 640 
321 468 551 567 571 640 
320 468 550 567 570 640 
320 468 550 567 570 640 
319 469 550 555 556 566 570 640 
318 469 550 554 555 566 570 640 
318 469 550 553 555 565 569 640 
317 469 549 552 555 565 569 640 
317 469 549 551 555 561 562 565 569 640 
317 469 554 560 562 564 568 640 
317 470 554 559 562 564 568 640 
317 470 554 558 562 564 568 640 
316 475 554 558 562 563 568 640 
316 476 553 557 568 640 
316 478 554 556 567 625 626 640 
316 479 554 555 567 624 626 640 
316 480 553 554 567 624 626 640 
316 481 567 624 626 640 
316 482 567 624 626 640 
316 482 566 623 626 640 
316 483 566 623 626 640 
317 484 566 623 626 640 
317 485 566 623 625 640 
317 485 566 623 625 640 
318 486 566 623 625 640 
318 487 565 623 625 640 
319 488 565 623 624 640 
319 488 565 622 624 640 
320 489 565 622 624 640 
320 489 565 622 624 640 
321 490 564 622 624 640 
322 490 564 622 623 640 
322 491 564 622 623 640 
322 491 564 622 623 640 
322 492 564 622 623 640 
322 492 563 621 622 640 
322 492 563 621 622 640 
322 492 563 621 622 640 
322 492 563 621 623 640 
322 492 562 621 622 640 
321 492 562 621 622 640 
