146 201 203 204 
147 204 
149 206 
151 207 
152 207 208 209 
154 209 
156 212 
158 211 
148 149 151 156 158 214 
146 214 215 216 
143 217 
141 219 
141 219 
139 221 
139 221 
138 223 
136 226 
133 226 
132 228 
131 229 
130 231 
130 233 
130 234 
131 235 
132 237 
133 238 239 240 
135 240 
138 241 
141 242 
144 244 
148 245 
151 247 
155 249 
157 250 
160 252 
162 254 
164 254 
165 255 
166 257 
162 258 
157 259 
155 261 
153 262 
152 264 
151 265 
150 266 
149 268 
148 269 
147 271 
145 272 
144 273 
143 275 
142 276 
142 277 
142 278 
142 280 
143 281 
144 283 
146 284 
149 285 
153 287 
158 288 
165 290 
173 291 
180 292 
185 293 
186 295 
183 296 
181 298 
180 299 321 324 
177 301 320 326 
176 302 320 327 
174 304 319 329 
173 305 318 330 
172 307 315 333 
171 309 314 335 
170 311 313 336 
170 338 
169 340 
167 341 
166 343 
165 345 
163 347 
163 349 
163 350 
163 198 202 352 
163 192 205 354 
164 183 209 356 
214 358 
217 359 
220 361 
222 364 
223 365 
224 367 
225 368 
226 370 
227 373 
228 374 
229 376 
229 378 
230 379 
231 382 
232 384 
232 385 
233 387 
234 388 
235 391 
236 392 
237 394 
237 396 
239 398 
240 400 
242 402 
243 404 
244 406 
246 408 
247 410 
249 412 
251 414 
254 416 
256 418 
259 421 587 596 
261 423 575 640 
264 425 570 640 
266 427 568 640 
268 429 566 640 
270 432 564 640 
272 434 563 640 
274 435 522 527 562 640 
275 438 519 534 561 640 
277 440 502 513 517 539 561 640 
278 443 499 543 560 640 
279 445 497 547 559 640 
280 446 495 554 559 640 
281 448 494 640 
282 451 492 640 
282 453 491 640 
282 455 490 640 
282 457 489 640 
281 459 488 640 
281 460 488 640 
281 463 487 640 
281 466 487 640 
280 468 486 640 
280 470 486 640 
280 473 485 640 
280 475 485 640 
280 477 485 640 
279 478 484 640 
279 479 483 640 
279 640 
279 640 
279 640 
279 640 
279 640 
279 640 
280 640 
282 640 
285 640 
288 640 
290 640 
293 640 
296 640 
299 640 
301 640 
304 640 
307 640 
309 640 
312 640 
314 640 
317 640 
319 640 
321 640 
325 640 
327 640 
330 640 
332 640 
334 640 
337 640 
339 640 
342 640 
344 640 
346 640 
349 640 
351 640 
354 640 
356 640 
358 640 
360 640 
362 640 
365 640 
367 640 
369 640 
371 640 
373 640 
375 640 
377 640 
379 640 
381 640 
384 640 
386 640 
388 640 
390 640 
392 640 
394 640 
396 640 
398 640 
400 640 
402 640 
404 640 
406 640 
408 640 
410 640 
412 640 
414 640 
416 640 
418 640 
420 640 
422 640 
424 640 
426 640 
427 640 
429 640 
431 640 
433 640 
435 640 
437 640 
439 640 
442 640 
446 640 
452 640 
455 640 
457 640 
459 640 
461 640 
463 640 
465 640 
467 640 
469 640 
470 640 
472 640 
473 640 
474 640 
476 640 
478 640 
479 640 
481 551 564 640 
482 548 567 640 
484 541 567 640 
502 535 567 640 
509 527 567 640 
513 517 523 524 567 640 
567 640 
567 640 
567 640 
567 640 
567 640 
567 640 
567 640 
567 640 
568 640 
568 640 
568 640 
569 640 
570 640 
570 640 
570 640 
571 640 
571 640 
571 640 
571 640 
572 640 
572 640 
572 640 
573 640 
573 640 
575 640 
575 640 
575 640 
576 640 
580 640 
584 640 
590 640 
597 640 
603 640 
610 640 
614 640 
620 640 
626 640 
632 640 
636 640 





























































































































































































