































































































































































335 363 
322 379 
313 388 
307 395 
304 399 
300 403 
296 408 
293 412 
291 415 
289 418 
286 421 
284 424 
282 426 
280 429 
279 431 
277 433 
276 435 
275 437 
274 439 
273 441 
272 442 
271 444 
270 445 
269 447 
268 449 
267 450 
266 451 
265 453 
264 454 
263 455 
263 457 
262 458 
262 459 
261 460 
260 461 
260 462 
259 464 
259 465 
258 466 
258 467 
258 468 
257 469 
257 470 
256 470 
256 471 
256 472 
255 473 
255 474 
254 475 
254 475 
254 476 
253 477 
253 478 
253 479 
252 479 
252 482 
252 488 
251 492 
251 498 
191 198 251 501 
190 203 250 506 
189 207 250 510 
188 210 245 514 
187 213 240 517 
187 215 236 520 
187 218 231 523 
185 220 225 525 
177 526 
170 528 
166 529 
160 530 
154 531 
150 532 
147 533 
144 533 
140 534 
138 534 
134 535 
132 535 
130 536 
129 536 
127 537 
126 538 
125 538 
125 539 
124 539 
124 540 
123 540 
122 540 
121 541 
121 541 
120 541 
120 542 
119 542 
119 542 
119 542 
119 542 
119 542 
119 542 
119 542 
120 543 
120 543 
121 541 
121 541 
122 541 
122 541 
123 540 
123 540 
124 540 
125 540 
126 539 
126 539 
127 538 
128 538 
128 537 
129 537 
130 536 
131 536 
131 535 
132 535 
132 534 
133 534 
134 534 
135 533 
136 532 
137 532 
138 531 
139 530 
140 530 
140 529 
141 529 
142 528 
143 527 
144 527 
145 526 
146 525 
147 524 
147 524 
149 523 
149 523 
150 522 
151 521 
152 521 
153 520 
154 519 
154 517 
156 517 
156 515 
157 515 
158 515 
160 513 
161 513 
162 513 
163 513 
164 512 
165 512 
166 512 
167 512 
168 513 
169 513 
171 512 
172 512 
173 512 
173 512 
174 511 
176 504 506 507 
177 504 
177 505 
177 505 
177 506 
177 506 
177 507 
177 507 
177 508 
177 508 
177 509 
177 509 
177 510 
176 510 
176 510 
176 511 
176 511 
176 512 
176 512 
176 512 
176 512 
176 513 
176 513 
176 513 
176 514 
176 514 
176 499 501 515 
175 498 501 515 
175 498 501 515 
175 498 502 515 
175 498 502 515 
175 498 503 515 
175 498 504 516 
175 498 505 516 
175 498 506 516 
175 498 506 513 
175 498 508 512 
176 498 
176 498 
176 498 
176 498 
176 498 
176 498 
176 498 
177 498 
177 499 
177 499 
177 499 
177 499 
177 499 
177 500 
177 500 
178 500 
178 500 
178 500 
178 500 
178 500 
178 500 
178 501 
177 501 
177 501 
176 501 
176 501 
176 501 
175 501 
175 501 
175 180 181 501 
174 178 182 501 
173 178 182 501 
173 176 182 501 
173 174 183 502 
173 174 183 502 
183 502 
184 502 
184 502 
185 502 
185 502 
185 502 
186 502 
186 211 212 502 
187 210 212 502 
188 209 212 502 
188 209 212 502 
188 209 212 502 
189 209 212 502 
190 209 212 502 
190 209 211 502 
190 209 211 502 
191 209 211 502 
191 205 206 208 211 502 
192 205 210 502 
192 205 210 502 
192 205 210 502 
192 205 210 502 
192 205 210 502 
194 205 210 502 
195 203 205 206 209 502 
195 203 205 206 209 502 
196 203 209 502 
197 203 209 502 
197 202 209 502 
197 202 209 502 
198 201 208 502 
199 201 208 502 
200 201 208 502 
208 502 
208 502 
208 502 
208 502 
208 502 
207 502 
207 502 
207 502 
207 502 
207 502 
207 501 
207 501 
207 501 
207 501 
207 501 
207 501 
207 501 
207 501 
207 501 
207 501 
207 501 
206 500 
206 500 
206 500 
206 500 
206 500 
206 500 
206 500 
206 500 
206 500 
206 500 
206 500 
206 500 
206 499 
206 499 
205 499 
205 499 
205 499 
205 499 
205 499 
205 499 
205 499 
205 498 
205 498 
205 498 
205 498 
205 498 
204 498 
204 498 
204 498 
