




























































































172 177 194 210 
171 177 191 213 
170 177 187 216 
169 178 185 218 
168 178 182 219 
167 220 
166 221 
166 222 
166 223 
167 225 
167 225 
167 226 
168 226 
167 227 
167 228 
167 229 
167 230 
166 231 
166 232 
165 233 
165 234 
165 235 
165 236 
165 236 
165 237 
165 237 
164 237 
164 237 
164 237 
164 237 
164 237 
163 238 
163 238 
163 239 
163 239 
163 240 
165 240 
165 240 
166 241 
166 241 
166 241 
167 242 
168 242 
168 242 
169 242 
170 172 173 243 
171 172 174 243 
177 243 
177 243 
176 243 
175 243 
174 243 
173 243 
172 244 
172 244 
173 244 
174 244 
176 244 
177 242 
177 241 
178 241 
178 241 
179 241 
180 241 
181 240 
182 237 238 240 
182 236 
183 235 
183 235 
184 234 
185 233 
187 229 230 232 
188 228 230 231 
187 222 223 227 
186 221 224 225 
186 220 
185 220 
184 220 
182 220 
180 219 
179 220 
178 221 
177 221 
176 222 
177 222 
177 223 
178 223 
179 223 
180 223 
180 224 
180 224 
179 225 
178 225 
177 225 
176 226 
175 226 
175 226 
173 227 
173 227 
172 228 
171 228 
171 229 
170 229 
169 229 
168 230 
167 230 
167 230 
166 230 
165 230 
165 230 
165 230 
165 230 
165 230 
164 230 
163 230 
162 230 
162 230 
161 229 
161 230 
160 230 
160 230 
160 230 
159 230 
159 230 
158 231 
158 234 
158 235 
158 235 
158 235 
158 234 
158 232 
158 231 
158 231 
158 231 
159 232 
159 232 
160 232 
161 232 
161 233 
162 233 
164 233 
166 234 
169 234 
170 234 
171 235 
171 235 
171 235 
171 235 
171 236 
171 236 
171 236 
171 237 
171 237 
171 237 
171 238 
171 238 
171 238 
171 238 
171 239 
171 239 
171 239 
171 239 
171 239 
170 239 
170 239 
170 239 
169 239 
169 239 
168 239 
167 238 
167 238 
166 238 
166 237 
165 237 
165 236 
164 235 
164 235 
163 234 
162 234 
162 233 
161 233 
162 233 
162 232 
162 232 
162 231 
162 231 
162 230 
162 230 
161 230 
161 229 
161 229 
161 228 
160 228 
160 228 
160 227 
159 227 
159 227 
158 228 
158 228 
157 229 
157 230 
157 231 
156 231 
156 232 
156 233 
156 234 
157 235 
158 235 
158 231 
158 231 
157 231 
157 232 
156 232 
156 233 
156 233 
156 233 
155 234 
155 234 
155 234 
154 235 450 451 459 460 462 463 
154 235 446 465 466 475 
153 235 437 440 443 476 
153 236 433 478 
153 236 431 478 
153 237 430 479 
152 237 429 480 
152 237 428 480 
152 237 428 481 
152 238 427 481 
151 238 427 482 
151 238 427 482 
151 238 427 482 
151 238 427 482 
150 239 427 482 
150 239 427 482 
150 239 427 482 
150 240 427 481 
150 240 427 481 
150 240 428 481 
149 240 428 482 
149 240 429 482 
149 241 429 482 
149 241 429 482 
149 241 429 482 
148 242 429 482 
148 242 429 483 
148 242 429 483 
148 242 429 483 
148 243 429 483 
148 243 428 483 
148 243 428 484 
147 243 428 484 
147 244 428 484 
147 244 428 485 
147 244 428 484 
147 244 428 484 
147 244 428 483 
147 245 428 483 
147 245 427 484 
146 245 427 484 
146 246 427 484 
146 246 427 485 
146 246 427 486 
146 246 427 487 
146 247 427 493 
146 247 426 499 
145 247 426 504 
145 247 425 509 
145 247 423 514 
145 247 420 518 
145 248 416 521 
145 248 414 521 
145 248 411 522 
145 248 407 523 
145 248 404 523 
144 249 401 524 
144 249 398 524 
144 249 396 524 
144 249 395 525 
144 249 394 525 
144 249 393 525 
143 249 392 525 
143 249 392 524 
143 250 392 523 
143 250 392 522 
143 250 391 524 
143 250 391 524 
143 250 391 524 
143 250 391 524 
142 250 391 525 
142 250 392 525 
142 250 394 524 
142 250 395 525 
142 250 394 525 
142 250 393 526 
142 251 393 526 
142 251 393 525 
141 251 393 525 
141 251 393 526 
141 251 393 527 
141 251 393 527 
141 251 393 527 
141 251 393 527 
141 252 393 526 
141 252 393 520 
140 252 394 515 
140 252 394 503 504 505 524 525 527 528 
140 252 394 490 491 495 524 528 
140 252 394 490 518 521 
140 252 394 490 510 512 520 521 
140 252 395 396 399 490 491 493 501 504 
140 252 394 395 403 409 416 422 430 491 492 493 495 496 499 501 
139 252 430 489 491 493 
139 252 430 489 
139 252 418 419 431 489 492 493 
139 252 424 429 431 494 
139 252 431 494 
139 252 432 494 
139 252 432 494 
138 252 432 493 
138 252 432 493 
138 252 432 494 
138 252 432 493 
138 252 431 493 
138 253 430 493 
138 253 430 493 
137 253 430 493 
137 253 430 494 
137 253 431 494 
137 253 431 494 
137 253 432 494 
137 253 429 494 
137 253 429 494 
137 253 429 493 
136 253 427 494 
136 253 427 494 
136 253 427 494 
136 253 426 494 
136 253 427 495 
136 253 426 495 
136 253 425 496 
136 253 425 496 
135 253 425 497 
135 253 425 497 
135 253 425 498 
135 254 426 498 
135 254 426 498 
135 254 426 499 
135 254 426 499 
135 254 426 500 
135 254 426 500 
134 254 425 501 
134 254 425 501 
134 254 425 502 
134 254 424 502 
134 254 424 503 
134 254 423 503 
134 254 423 504 
134 255 423 504 
134 255 422 505 
133 255 422 505 
133 255 421 506 
133 255 421 506 
133 255 421 507 
133 255 420 507 
133 255 420 508 
133 255 419 508 
133 255 419 509 
133 255 418 509 
132 255 418 510 
132 256 418 510 
132 256 417 511 
132 256 417 511 
132 256 417 512 
132 256 417 512 
132 256 416 513 
132 256 416 513 
132 256 416 514 
131 256 416 514 
131 257 416 515 
131 257 416 515 
131 257 416 516 
131 257 416 516 
131 257 416 517 
131 257 415 517 
131 257 415 518 
131 258 415 518 
