0 640 
0 640 
0 640 
0 640 
0 640 
0 640 
0 640 
0 640 
0 640 
0 640 
0 640 
0 640 
0 265 266 640 
0 264 267 640 
0 262 268 640 
0 261 268 640 
0 260 269 640 
0 259 269 640 
0 258 270 640 
0 257 271 640 
0 256 272 640 
0 255 272 640 
0 255 273 640 
0 254 273 640 
0 253 274 640 
0 252 274 640 
0 251 275 640 
0 251 276 640 
0 250 276 640 
0 249 277 640 
0 248 277 640 
0 248 277 640 
0 247 278 640 
0 246 278 640 
0 246 279 640 
0 245 279 640 
0 244 280 640 
0 244 280 640 
0 243 281 640 
0 242 281 640 
0 241 282 640 
0 241 282 640 
0 240 282 640 
0 239 283 640 
0 238 283 640 
0 237 284 640 
0 237 284 640 
0 236 285 640 
0 235 285 640 
0 235 286 640 
0 234 286 640 
0 233 287 640 
0 232 287 640 
0 201 287 640 
0 193 288 640 
0 189 288 640 
0 186 289 640 
0 182 289 640 
0 179 290 640 
0 176 290 640 
0 174 292 640 
0 173 294 640 
0 171 296 640 
0 169 298 640 
0 167 300 640 
0 165 301 640 
0 164 303 640 
0 162 304 640 
0 161 306 640 
0 160 307 640 
0 159 308 640 
0 158 310 640 
0 156 310 640 
0 155 312 640 
0 154 313 640 
0 153 314 640 
0 152 315 640 
0 151 316 640 
0 150 317 640 
0 149 318 640 
0 148 319 640 
0 148 320 640 
0 147 321 640 
0 146 322 640 
0 145 322 640 
0 144 323 640 
0 144 324 640 
0 143 324 640 
0 143 325 640 
0 142 326 640 
0 141 326 640 
0 141 327 640 
0 140 328 640 
0 140 328 640 
0 139 329 640 
0 138 330 640 
0 138 330 640 
0 138 331 640 
0 137 331 640 
0 136 332 640 
0 136 332 640 
0 135 333 640 
0 135 333 640 
0 135 333 640 
0 134 334 640 
0 134 334 640 
0 134 335 640 
0 133 335 640 
0 133 336 640 
0 133 336 640 
0 133 336 640 
0 132 337 640 
0 132 337 640 
0 132 337 640 
0 131 337 640 
0 131 338 640 
0 130 338 640 
0 130 338 640 
0 130 338 640 
0 130 339 640 
0 129 339 640 
0 129 339 640 
0 129 340 640 
0 129 340 579 580 640 
0 129 340 579 581 640 
0 129 340 578 582 640 
0 128 340 579 583 640 
0 128 341 580 583 640 
0 128 341 582 583 640 
0 128 341 640 
0 128 341 640 
0 128 341 640 
0 127 341 640 
0 127 341 640 
0 127 341 640 
0 127 341 640 
0 127 341 640 
0 127 341 640 
0 127 341 640 
0 127 341 640 
0 127 341 640 
0 127 341 640 
0 127 341 640 
0 127 341 640 
0 127 341 640 
0 127 341 640 
0 127 340 640 
0 127 340 640 
0 127 339 640 
0 127 339 640 
0 128 339 640 
0 128 338 640 
0 128 338 640 
0 128 338 640 
0 129 338 640 
0 129 338 640 
0 129 338 640 
0 130 338 640 
0 130 339 640 
0 131 339 640 
0 131 340 640 
0 131 340 640 
0 131 341 640 
0 130 341 640 
0 129 341 640 
0 128 342 640 
0 127 342 640 
0 125 342 640 
0 124 343 640 
0 123 343 640 
0 121 344 422 424 640 
0 120 345 422 425 427 429 640 
0 118 345 423 429 640 
0 116 346 422 429 640 
0 99 102 115 346 422 429 640 
0 95 347 422 428 640 
0 94 347 422 428 640 
0 93 348 421 428 640 
0 92 348 421 428 640 
0 92 349 422 428 640 
0 92 350 422 427 640 
0 92 351 422 427 640 
0 92 351 422 427 640 
0 92 352 422 427 640 
0 92 353 423 427 640 
0 93 353 423 426 640 
0 93 354 423 426 640 
0 93 355 423 426 640 
0 94 354 423 426 640 
0 94 353 423 426 640 
0 95 352 423 425 640 
0 96 351 424 425 640 
0 96 350 424 425 640 
0 97 349 640 
0 96 347 423 424 640 
0 95 346 423 424 640 
0 95 345 422 424 640 
0 94 343 422 423 640 
0 93 343 422 423 640 
0 93 343 422 423 640 
0 94 343 640 
0 95 343 640 
0 96 97 98 100 106 344 640 
0 109 344 640 
0 111 345 640 
0 114 345 640 
0 117 345 640 
0 120 346 640 
0 124 346 640 
0 126 346 640 
0 130 347 640 
0 135 347 640 
0 135 347 640 
0 135 347 640 
0 135 347 640 
0 135 348 640 
0 135 348 640 
0 135 349 640 
0 135 349 640 
0 134 350 640 
0 134 350 640 
0 134 350 640 
0 134 351 640 
0 134 351 640 
0 134 351 640 
0 134 352 640 
0 134 352 640 
0 134 352 640 
0 134 352 640 
0 134 353 640 
0 134 353 640 
0 133 354 640 
0 133 354 640 
0 133 354 640 
0 133 355 640 
0 133 355 640 
0 133 356 640 
0 133 356 640 
0 133 356 640 
0 133 357 640 
0 133 357 640 
0 133 357 640 
0 133 358 640 
0 133 358 640 
0 132 358 640 
0 132 359 640 
0 132 359 640 
0 132 360 640 
0 132 360 640 
0 132 360 640 
0 132 361 640 
0 131 361 640 
0 131 361 640 
0 131 362 640 
0 131 362 640 
0 130 362 640 
0 130 363 640 
0 130 363 640 
0 130 364 640 
0 130 364 640 
0 129 365 640 
0 129 365 640 
0 129 366 640 
0 129 366 640 
0 129 366 640 
0 128 367 640 
0 127 367 640 
0 126 367 640 
0 128 368 640 
0 128 368 640 
0 127 369 640 
0 127 369 640 
0 127 370 640 
0 127 370 640 
0 126 370 640 
0 126 371 640 
0 126 371 640 
0 125 372 640 
0 125 372 640 
0 125 372 640 
0 125 373 640 
0 124 373 640 
0 124 374 640 
0 124 374 640 
0 124 375 640 
0 123 375 640 
0 123 376 640 
0 123 376 640 
0 123 377 640 
0 122 377 640 
0 122 377 640 
0 122 378 640 
0 121 378 640 
0 121 379 640 
0 120 379 640 
0 120 380 640 
0 120 367 370 380 640 
0 119 304 305 365 372 381 640 
0 119 300 313 363 374 381 640 
0 119 296 315 318 322 362 375 382 640 
0 118 293 315 317 326 360 376 382 640 
0 118 290 315 317 328 359 377 383 640 
0 118 286 315 317 330 357 379 384 640 
0 118 285 316 317 331 356 380 385 640 
0 117 283 333 354 381 385 640 
0 117 281 334 353 382 386 640 
0 117 282 336 351 384 386 640 
0 116 286 338 349 385 387 640 
0 116 290 386 387 640 
0 115 293 387 388 640 
0 113 122 126 297 640 
0 112 121 128 299 640 
0 110 120 130 302 640 
0 109 119 132 305 640 
0 108 117 134 308 640 
0 107 116 136 311 640 
0 107 116 139 313 640 
0 106 115 141 316 640 
0 105 114 144 319 640 
0 105 113 146 322 640 
0 104 111 147 327 640 
0 104 110 147 330 640 
0 104 110 145 331 640 
0 104 109 144 333 640 
0 103 108 143 335 640 
0 103 107 142 336 640 
0 104 107 140 337 640 
0 104 105 139 339 640 
0 139 340 640 
0 138 342 640 
0 138 343 640 
0 138 345 640 
0 138 346 640 
0 138 347 640 
0 138 348 640 
0 138 348 640 
0 138 349 640 
0 138 349 640 
0 138 350 640 
0 138 350 640 
0 138 350 358 360 363 387 640 
0 138 352 353 392 640 
0 138 399 640 
0 138 406 640 
0 138 413 640 
0 138 416 640 
0 138 419 640 
0 137 423 640 
0 136 426 640 
0 136 430 640 
0 135 434 640 
0 135 436 640 
0 134 439 640 
0 134 443 640 
0 133 445 640 
0 133 447 640 
0 133 449 640 
0 132 451 640 
0 132 454 640 
0 131 456 640 
0 131 458 640 
0 130 460 640 
0 130 461 640 
0 130 464 640 
0 129 466 640 
0 121 468 640 
0 120 469 640 
0 119 471 640 
0 119 472 640 
0 119 474 640 
0 118 475 640 
0 118 477 640 
0 118 478 640 
0 62 67 118 480 640 
0 61 68 118 482 640 
0 60 68 118 483 640 
0 60 68 118 485 640 
0 60 68 118 486 640 
0 62 68 118 488 640 
0 64 68 118 490 640 
0 66 67 118 491 640 
0 118 492 640 
0 118 494 640 
0 118 495 640 
0 118 496 640 
0 118 497 640 
0 118 498 640 
0 117 499 640 
0 117 500 640 
0 114 501 640 
0 113 502 640 
0 113 504 640 
0 113 505 640 
0 114 506 640 
0 115 507 640 
0 115 508 640 
0 115 509 640 
0 113 510 640 
0 111 512 640 
0 110 513 640 
0 109 514 640 
0 109 515 640 
0 108 516 640 
0 108 517 640 
0 108 518 640 
0 108 518 640 
0 109 520 640 
0 109 520 640 
0 109 522 640 
0 109 522 640 
0 109 523 640 
0 109 524 640 
0 109 525 640 
0 109 526 640 
0 109 527 640 
0 109 528 640 
0 108 529 640 
0 108 529 640 
0 108 530 640 
0 107 531 640 
0 107 532 640 
0 106 533 640 
0 105 534 640 
0 105 535 640 
0 105 536 640 
0 106 536 640 
0 106 537 640 
0 107 537 640 
0 107 538 640 
0 107 539 640 
0 107 539 640 
0 107 540 640 
0 107 540 640 
0 108 541 640 
0 108 542 640 
0 108 543 640 
0 108 543 640 
0 108 544 640 
0 108 545 640 
0 108 546 640 
0 108 546 640 
0 107 547 640 
0 107 547 640 
0 106 548 640 
0 105 549 640 
0 104 549 640 
0 104 550 640 
0 103 551 640 
0 102 551 640 
0 101 552 640 
0 101 552 640 
0 100 553 640 
0 99 554 640 
0 98 554 640 
0 98 555 640 
0 97 555 640 
0 96 555 640 
0 95 556 640 
0 94 556 640 
0 93 557 640 
0 92 558 640 
0 92 558 640 
0 91 559 640 
0 90 559 640 
0 89 560 640 
0 88 560 640 
0 87 561 640 
0 87 561 640 
0 86 561 640 
0 85 562 640 
0 84 562 640 
0 83 563 640 
0 82 563 640 
0 82 564 640 
0 81 564 640 
0 80 565 640 
0 79 565 640 
0 79 566 640 
0 77 566 640 
0 77 566 640 
