0 640 
0 640 
0 640 
0 640 
0 640 
0 9 10 640 
0 640 
0 584 585 640 
0 580 585 640 
0 578 584 640 
0 577 583 640 
0 576 582 640 
0 574 581 640 
0 573 579 640 
0 572 578 640 
0 571 576 640 
0 570 573 640 
0 640 
0 640 
0 640 
0 640 
0 640 
0 640 
0 640 
0 640 
0 76 79 640 
0 77 80 640 
0 77 80 640 
0 640 
0 640 
0 2 4 640 
0 1 6 640 
7 640 
0 1 8 640 
0 2 6 640 
0 640 
0 640 
0 640 
0 640 
0 640 
0 640 
0 640 
0 640 
0 640 
0 640 
0 640 
0 640 
0 640 
0 640 
0 640 
0 640 
0 640 
0 640 
0 640 
0 640 
0 640 
0 640 
0 640 
0 640 
0 640 
0 640 
0 640 
0 640 
0 640 
0 640 
0 640 
0 640 
0 640 
0 131 132 640 
0 129 131 640 
0 128 131 640 
0 127 130 640 
0 126 129 640 
0 125 128 640 
0 124 128 640 
0 123 127 640 
0 122 126 640 
0 122 125 640 
0 121 124 640 
0 121 124 640 
0 120 123 640 
0 119 121 640 
0 640 
0 640 
0 640 
0 640 
0 640 
0 640 
0 640 
0 640 
0 640 
0 640 
0 640 
0 640 
0 640 
0 640 
0 326 330 331 332 640 
0 320 339 640 
0 317 342 640 
0 315 345 640 
0 313 347 640 
0 312 349 640 
0 311 351 640 
0 309 353 640 
0 308 354 640 
0 307 355 640 
0 306 356 640 
0 305 357 640 
0 304 358 640 
0 303 360 640 
0 302 361 421 424 640 
0 301 362 420 424 640 
0 300 363 420 424 640 
0 300 364 640 
0 299 365 640 
0 298 366 640 
0 297 367 640 
0 297 367 640 
0 296 368 640 
0 296 368 640 
0 295 369 640 
0 295 369 640 
0 295 370 640 
0 294 370 640 
0 294 370 640 
0 52 56 293 370 640 
0 51 58 292 371 640 
0 50 58 291 371 640 
0 49 58 290 371 640 
0 49 58 290 371 640 
0 48 57 289 372 640 
0 48 57 288 372 640 
0 48 56 287 372 640 
0 50 55 287 372 640 
0 286 372 640 
0 285 371 573 574 640 
0 67 74 285 370 570 576 640 
0 65 76 284 370 567 576 640 
0 63 74 282 370 565 576 640 
0 61 72 281 370 563 575 640 
0 60 71 279 370 562 575 640 
0 59 69 278 370 561 574 640 
0 60 66 276 369 560 574 640 
0 62 64 274 369 559 573 640 
0 270 368 558 573 640 
0 268 366 558 572 640 
0 267 365 557 571 640 
0 266 360 362 364 557 570 640 
0 265 359 557 568 640 
0 264 268 272 358 556 566 640 
0 263 266 272 355 556 563 640 
0 263 264 271 353 556 560 640 
0 262 263 270 352 556 558 584 586 640 
0 268 351 584 588 640 
0 267 350 585 590 640 
0 266 350 586 591 640 
0 266 350 587 592 640 
0 144 146 265 351 559 560 589 593 640 
0 143 147 265 352 559 560 591 594 640 
0 142 147 264 352 558 560 640 
0 141 147 263 353 559 561 640 
0 141 147 263 352 559 561 640 
0 141 147 266 350 559 561 640 
0 141 147 266 348 558 562 640 
0 141 146 265 348 559 562 640 
0 142 145 268 347 559 563 640 
0 267 347 559 563 640 
0 267 345 560 563 640 
0 266 344 560 564 640 
0 268 343 560 564 640 
0 268 342 561 565 640 
0 268 342 561 565 640 
0 271 330 333 342 562 564 640 
0 271 329 335 340 563 564 640 
0 272 329 336 339 640 
0 274 330 640 
0 276 296 297 331 640 
0 277 278 282 294 297 305 306 332 640 
0 282 293 296 304 307 333 640 
0 282 291 295 303 306 334 640 
0 282 290 295 335 640 
0 282 287 294 337 640 
0 281 283 293 339 640 
0 292 341 640 
0 291 343 640 
0 290 345 640 
0 289 346 640 
0 288 348 640 
0 287 349 640 
0 288 350 640 
0 287 351 640 
0 287 352 640 
0 286 352 640 
0 285 353 640 
0 285 353 640 
0 285 354 640 
0 285 355 640 
0 285 355 640 
0 285 355 640 
0 285 356 640 
0 285 356 640 
0 285 356 640 
0 285 357 640 
0 286 357 640 
0 286 357 640 
0 286 357 640 
0 287 357 640 
0 287 358 640 
0 287 358 640 
0 288 359 640 
0 288 360 640 
0 288 361 640 
0 288 361 640 
0 288 362 640 
0 288 363 640 
0 289 363 640 
0 289 364 640 
0 289 364 640 
0 289 365 640 
0 289 365 640 
0 289 366 640 
0 289 366 640 
0 289 366 640 
0 289 367 640 
0 289 367 640 
0 289 367 640 
0 290 367 640 
0 290 367 640 
0 290 367 640 
0 290 367 640 
0 290 366 640 
0 290 366 640 
0 290 367 640 
0 290 367 640 
0 290 368 640 
0 290 368 640 
0 290 369 640 
0 290 369 640 
0 290 370 640 
0 290 370 640 
0 95 96 97 98 290 371 640 
0 93 102 290 371 640 
0 93 104 290 372 640 
0 95 105 290 373 640 
0 97 101 290 373 640 
0 290 374 640 
0 290 374 640 
0 290 375 640 
0 290 375 640 
0 290 376 640 
0 290 376 640 
0 290 377 640 
0 290 377 640 
0 290 378 640 
0 290 378 640 
0 290 379 640 
0 290 379 640 
0 290 356 358 380 640 
0 290 356 358 380 640 
0 290 356 359 381 640 
0 289 356 359 382 640 
0 288 356 360 382 640 
0 286 356 361 383 640 
0 284 355 361 384 411 416 423 424 640 
0 282 355 362 385 409 419 423 426 640 
0 279 355 362 386 409 429 640 
0 277 355 363 386 410 431 640 
0 275 355 364 387 411 433 640 
0 274 355 364 388 412 435 640 
0 274 355 365 390 400 405 412 437 640 
0 275 356 365 390 398 438 640 
0 277 356 366 391 397 439 640 
0 101 102 279 356 367 392 399 441 640 
0 100 103 281 289 291 356 367 393 399 443 640 
0 100 104 291 356 368 394 400 444 640 
0 100 105 292 356 369 395 400 446 640 
0 99 105 292 356 370 395 400 447 640 
0 99 105 292 356 371 396 401 449 640 
0 99 105 292 356 371 397 402 451 492 494 640 
0 99 105 292 356 372 397 402 453 492 494 640 
0 100 106 293 356 373 398 402 456 493 494 640 
0 101 105 293 356 374 461 493 494 640 
0 102 105 293 356 374 467 640 
0 294 357 375 472 640 
0 294 358 376 476 640 
0 295 359 377 480 640 
0 296 360 377 483 640 
0 297 361 378 486 640 
0 298 363 379 489 640 
0 299 363 380 491 640 
0 301 363 380 494 640 
0 302 363 381 497 640 
0 303 364 382 499 640 
0 303 365 382 501 640 
0 303 367 383 504 640 
0 302 370 383 506 640 
0 301 372 384 508 640 
0 301 375 384 510 640 
0 300 377 384 512 640 
0 299 379 384 514 640 
0 298 381 383 516 640 
0 298 518 640 
0 297 520 640 
0 296 521 640 
0 295 523 640 
0 294 525 640 
0 270 275 294 527 640 
0 268 275 293 529 640 
0 271 275 292 531 640 
0 291 533 640 
0 290 535 640 
0 289 537 640 
0 288 540 640 
0 287 542 640 
0 287 363 365 545 640 
0 286 547 640 
0 285 548 640 
0 284 549 640 
0 283 547 640 
0 282 546 640 
0 281 543 640 
0 280 541 640 
0 279 539 640 
0 278 536 640 
0 277 534 640 
0 276 532 640 
0 275 528 640 
0 275 365 371 388 392 526 640 
0 274 365 377 385 393 524 640 
0 273 365 380 382 394 522 640 
0 272 366 394 520 640 
0 271 366 393 518 640 
0 270 366 392 515 640 
0 269 366 390 514 640 
0 268 366 388 512 640 
0 267 366 387 509 640 
0 266 367 386 506 640 
0 266 367 386 504 640 
0 265 367 386 502 640 
0 264 367 387 499 640 
0 263 367 388 496 640 
0 262 367 390 493 640 
0 261 367 394 490 640 
0 260 367 398 487 640 
0 259 368 399 483 640 
0 257 368 400 479 640 
0 256 368 400 476 640 
0 255 368 398 470 640 
0 254 368 397 462 640 
0 253 368 395 456 640 
0 252 368 394 447 640 
0 251 368 393 445 640 
0 250 368 394 442 640 
0 248 369 395 440 640 
0 247 369 399 438 640 
0 246 369 408 436 640 
0 244 369 409 434 640 
0 243 369 409 432 640 
0 242 369 408 430 640 
0 240 369 407 428 640 
0 239 369 405 411 413 419 421 427 640 
0 237 369 406 410 421 426 640 
0 236 370 421 426 640 
0 234 370 421 426 640 
0 232 370 421 426 640 
0 231 370 421 425 640 
0 229 370 421 425 640 
0 227 370 640 
0 225 370 640 
0 224 370 640 
0 222 370 640 
0 220 370 640 
0 218 370 640 
0 216 370 640 
0 215 370 640 
0 213 370 640 
0 212 371 640 
0 210 371 476 479 640 
0 209 371 640 
0 207 371 640 
0 206 371 640 
0 204 371 640 
0 203 371 640 
0 202 371 640 
0 200 371 640 
0 199 371 640 
0 199 371 640 
0 198 371 640 
0 196 371 640 
0 195 371 640 
0 194 372 640 
0 193 372 640 
0 192 372 640 
0 191 372 640 
0 190 372 640 
0 189 372 640 
0 188 372 640 
0 188 372 640 
0 186 372 640 
0 185 372 640 
0 184 372 640 
0 183 372 640 
0 182 372 640 
0 181 373 640 
0 180 373 640 
0 179 373 640 
0 178 373 640 
0 178 373 640 
0 177 373 640 
0 176 373 640 
0 175 373 640 
0 174 373 640 
0 173 373 640 
0 172 373 640 
0 171 374 640 
0 171 374 640 
0 170 374 640 
0 170 374 640 
0 169 374 640 
0 169 374 640 
0 169 374 640 
0 170 374 640 
0 170 374 640 
0 170 374 640 
0 170 374 640 
0 170 374 640 
0 170 374 640 
0 171 375 640 
0 171 375 640 
0 171 375 640 
0 171 375 640 
0 170 375 640 
0 169 375 640 
0 169 375 640 
0 168 375 640 
0 168 375 640 
0 168 375 640 
0 167 375 640 
0 166 375 640 
0 166 376 640 
0 165 376 640 
0 165 376 640 
0 167 376 640 
0 168 376 640 
0 170 376 640 
0 171 376 640 
0 172 376 640 
0 173 376 640 
0 175 376 640 
0 175 377 640 
0 175 377 640 
0 175 377 640 
0 176 377 640 
0 176 377 640 
0 176 377 640 
0 176 377 640 
0 176 377 640 
0 176 378 640 
0 177 378 640 
0 177 378 640 
0 177 378 640 
0 177 378 640 
0 177 378 640 
0 177 378 640 
0 177 378 640 
0 177 378 640 
0 177 378 640 
0 178 378 640 
0 178 378 640 
0 179 378 640 
0 181 378 640 
0 183 378 640 
0 186 378 640 
0 190 378 640 
0 193 378 640 
0 197 377 640 
0 200 377 640 
0 202 377 640 
0 205 377 640 
0 205 377 640 
