0 640 
0 640 
0 640 
0 640 
0 640 
0 640 
0 640 
0 640 
0 640 
0 640 
0 640 
0 640 
0 640 
0 640 
0 640 
0 640 
0 640 
0 640 
0 640 
0 640 
0 324 325 640 
0 323 326 640 
0 321 327 640 
0 320 328 640 
0 319 329 640 
0 317 330 640 
0 306 308 316 330 640 
0 305 309 315 332 640 
0 304 310 314 332 640 
0 303 310 313 333 640 
0 303 334 640 
0 302 334 640 
0 301 335 640 
0 301 336 640 
0 300 336 640 
0 299 337 640 
0 299 338 640 
0 298 338 640 
0 298 339 640 
0 297 340 640 
0 297 340 640 
0 297 341 640 
0 296 341 640 
0 296 342 640 
0 295 342 640 
0 295 343 640 
0 294 343 640 
0 294 344 640 
0 293 345 640 
0 293 345 640 
0 292 346 640 
0 292 346 640 
0 267 280 291 346 640 
0 262 282 287 347 640 
0 262 347 640 
0 262 348 640 
0 262 348 640 
0 262 349 640 
0 262 349 640 
0 262 349 640 
0 262 350 640 
0 262 350 640 
0 262 350 640 
0 262 350 640 
0 262 351 640 
0 263 351 640 
0 263 351 640 
0 263 351 640 
0 263 351 640 
0 263 350 640 
0 264 350 640 
0 264 349 640 
0 264 349 640 
0 263 348 640 
0 262 347 640 
0 260 346 640 
0 259 346 640 
0 257 348 640 
0 256 349 640 
0 255 351 640 
0 254 352 640 
0 253 353 640 
0 253 354 640 
0 252 355 640 
0 251 355 640 
0 251 356 640 
0 250 356 640 
0 250 357 640 
0 250 358 640 
0 249 358 640 
0 249 359 640 
0 248 360 640 
0 248 360 640 
0 247 361 640 
0 247 361 640 
0 247 362 640 
0 246 362 640 
0 246 362 640 
0 245 363 640 
0 245 363 640 
0 245 364 640 
0 244 364 640 
0 244 364 640 
0 244 365 640 
0 243 365 640 
0 243 366 640 
0 243 366 640 
0 243 366 640 
0 242 367 640 
0 242 367 640 
0 242 367 640 
0 241 368 640 
0 241 368 640 
0 241 368 640 
0 241 369 640 
0 240 369 640 
0 240 369 640 
0 240 370 640 
0 239 241 242 370 640 
0 239 240 243 370 640 
0 243 370 640 
0 243 370 640 
0 243 371 640 
0 243 371 640 
0 243 371 640 
0 244 371 640 
0 244 372 640 
0 244 372 640 
0 245 372 640 
0 245 372 640 
0 246 372 640 
0 247 373 640 
0 248 373 640 
0 249 373 640 
0 250 373 640 
0 251 252 254 373 640 
0 257 374 640 
0 259 263 265 374 640 
0 260 262 265 374 640 
0 261 263 266 374 640 
0 262 263 266 374 640 
0 263 264 267 374 640 
0 267 375 640 
0 268 375 640 
0 268 375 640 
0 267 375 640 
0 266 375 640 
0 265 375 640 
0 264 375 640 
0 263 375 640 
0 263 376 640 
0 263 376 640 
0 265 376 640 
0 267 376 640 
0 269 376 640 
0 270 376 640 
0 270 376 640 
0 271 376 640 
0 271 377 640 
0 271 377 640 
0 272 377 640 
0 273 377 640 
0 274 377 640 
0 275 377 640 
0 276 377 640 
0 277 377 640 
0 278 377 640 
0 278 377 640 
0 279 378 640 
0 279 378 640 
0 280 378 640 
0 281 291 294 378 640 
0 283 288 295 378 640 
0 295 378 640 
0 295 378 640 
0 295 378 640 
0 295 378 640 
0 295 378 640 
0 293 378 640 
0 292 379 640 
0 290 379 640 
0 289 379 640 
0 287 379 640 
0 286 379 640 
0 285 380 640 
0 284 380 640 
0 283 380 640 
0 282 380 640 
0 281 380 640 
0 281 380 640 
0 280 380 640 
0 279 380 640 
0 279 381 640 
0 278 381 640 
0 277 381 640 
0 277 381 640 
0 276 381 640 
0 275 381 640 
0 275 381 640 
0 274 381 640 
0 273 381 640 
0 272 382 640 
0 271 382 640 
0 270 382 640 
0 269 382 640 
0 268 382 640 
0 267 382 640 
0 266 383 640 
0 266 383 640 
0 265 383 640 
0 264 384 640 
0 264 384 640 
0 263 384 640 
0 263 385 640 
0 263 385 640 
0 262 386 640 
0 262 386 640 
0 261 386 640 
0 259 387 640 
0 258 387 640 
0 257 387 640 
0 256 387 640 
0 255 388 640 
0 255 388 640 
0 253 388 640 
0 252 389 640 
0 251 389 640 
0 250 390 640 
0 249 390 640 
0 249 390 640 
0 248 391 640 
0 247 391 640 
0 246 392 640 
0 245 392 640 
0 139 141 245 392 640 
0 132 149 244 392 640 
0 132 150 243 393 640 
0 132 152 242 393 640 
0 132 153 242 393 640 
0 131 154 242 394 640 
0 130 155 241 394 640 
0 129 156 241 395 640 
0 129 156 240 395 640 
0 128 157 240 395 640 
0 129 157 241 396 640 
0 129 158 241 396 640 
0 130 158 241 396 640 
0 131 158 242 396 640 
0 132 158 242 397 640 
0 133 157 242 397 640 
0 137 156 242 397 640 
0 139 156 242 397 640 
0 140 155 242 398 640 
0 142 154 241 398 640 
0 143 144 240 398 640 
0 240 399 640 
0 239 400 640 
0 239 400 640 
0 239 401 640 
0 238 401 640 
0 238 401 640 
0 238 402 640 
0 237 402 640 
0 166 169 237 403 640 
0 99 102 140 146 166 171 177 182 236 403 640 
0 99 103 109 111 135 150 165 173 176 184 236 404 640 
0 99 104 109 113 124 152 164 186 236 404 640 
0 99 105 108 114 122 155 163 188 235 404 640 
0 99 105 109 114 117 158 163 190 235 405 640 
0 100 105 109 160 162 191 234 405 640 
0 100 106 109 193 234 405 640 
0 94 97 100 107 110 195 233 406 640 
0 94 99 100 108 110 197 233 406 640 
0 93 199 233 406 640 
0 94 201 232 406 640 
0 94 203 232 407 640 
0 95 123 125 205 231 407 640 
0 96 208 231 407 640 
0 97 211 230 407 640 
0 99 213 230 408 640 
0 100 216 230 408 640 
0 102 218 229 408 640 
0 104 221 229 408 640 
0 106 224 229 408 640 
0 107 401 403 408 640 
0 110 401 403 408 640 
0 114 401 404 408 640 
0 123 152 155 401 404 408 640 
0 130 134 139 143 155 402 405 408 640 
0 155 402 405 408 640 
0 155 261 264 403 406 408 640 
0 155 261 264 404 407 408 640 
0 156 260 264 404 407 408 640 
0 158 260 264 405 640 
0 161 259 264 405 640 
0 162 258 264 406 640 
0 163 258 264 406 640 
0 163 257 265 407 640 
0 163 257 265 268 269 407 640 
0 164 256 265 268 270 408 640 
0 164 255 265 268 271 408 640 
0 165 255 265 267 271 409 640 
0 167 254 265 267 272 409 640 
0 173 253 265 267 272 410 640 
0 178 253 265 267 273 410 640 
0 184 252 265 267 273 410 640 
0 188 251 265 268 274 411 640 
0 193 250 265 268 274 411 640 
0 196 250 265 268 275 412 640 
0 199 249 265 268 275 412 640 
0 202 248 266 268 276 412 640 
0 205 247 266 268 276 413 640 
0 208 246 266 268 276 413 640 
0 211 245 266 268 277 413 640 
0 213 243 266 268 277 413 640 
0 216 242 266 268 277 414 640 
0 218 241 266 268 277 414 640 
0 221 239 265 268 277 414 640 
0 224 237 265 268 278 414 640 
0 226 235 265 268 278 414 640 
0 265 268 278 414 640 
0 265 268 278 413 640 
0 265 268 278 413 640 
0 265 268 278 413 640 
0 265 268 278 412 640 
0 265 268 278 412 640 
0 265 268 278 412 640 
0 265 268 278 412 640 
0 265 268 278 411 640 
0 265 268 278 411 640 
0 265 268 278 411 640 
0 265 268 278 411 640 
0 266 268 278 410 640 
0 266 268 278 410 640 
0 266 268 278 410 640 
0 266 268 278 410 640 
0 267 269 277 409 640 
0 267 269 275 409 640 
0 267 269 273 409 640 
0 267 269 272 408 640 
0 267 408 640 
0 268 408 640 
0 268 408 640 
0 268 407 640 
0 268 407 640 
0 269 407 640 
0 269 407 640 
0 270 407 640 
0 270 406 640 
0 270 406 640 
0 270 406 640 
0 270 406 640 
0 270 405 640 
0 270 405 640 
0 270 405 640 
0 270 405 640 
0 270 405 640 
0 270 404 640 
0 271 404 640 
0 271 404 640 
0 271 404 640 
0 271 403 640 
0 271 403 640 
0 271 403 640 
0 271 403 640 
0 271 403 640 
0 270 403 640 
0 270 403 640 
0 269 403 640 
0 269 403 640 
0 269 402 640 
0 269 402 640 
0 268 402 640 
0 268 402 640 
0 268 402 640 
0 268 402 640 
0 268 402 640 
0 268 402 640 
0 267 402 640 
0 267 402 640 
0 267 402 640 
0 267 402 640 
0 267 402 640 
0 267 402 640 
0 266 402 640 
0 266 401 640 
0 266 401 640 
0 266 401 640 
0 266 401 640 
0 266 401 640 
0 265 400 640 
0 265 399 640 
0 265 397 640 
0 265 395 640 
0 265 394 640 
0 265 394 640 
0 265 393 640 
0 265 393 640 
0 265 393 640 
0 265 392 640 
0 265 392 640 
0 265 391 640 
0 265 391 640 
0 265 391 640 
0 265 391 640 
0 265 391 640 
0 265 391 640 
0 265 391 640 
0 265 391 640 
0 265 391 640 
0 265 391 640 
0 265 391 640 
0 265 391 640 
0 265 390 640 
0 265 390 640 
0 265 390 640 
0 265 390 640 
0 264 390 640 
0 264 390 640 
0 264 390 640 
0 264 390 640 
0 264 390 640 
0 264 389 640 
0 264 389 640 
0 264 389 640 
0 264 389 640 
0 264 388 640 
0 264 388 640 
0 263 388 640 
0 263 388 640 
0 263 388 640 
0 263 387 640 
0 263 387 640 
0 263 387 640 
0 263 386 640 
0 263 386 640 
0 262 386 640 
0 262 385 640 
0 262 385 640 
0 262 384 640 
0 262 384 640 
0 262 384 640 
0 262 384 640 
0 262 384 640 
0 262 385 640 
0 262 385 640 
0 262 385 640 
0 262 385 640 
0 262 385 640 
0 262 385 640 
0 262 385 640 
0 262 386 640 
0 262 386 640 
0 262 386 640 
0 262 386 640 
0 262 386 640 
0 262 386 640 
0 262 387 640 
0 262 387 640 
0 262 387 640 
0 262 387 640 
0 262 387 640 
0 262 387 640 
0 263 387 640 
0 263 388 640 
0 263 388 640 
0 263 388 640 
0 263 388 640 
0 263 388 640 
0 263 389 640 
0 263 389 640 
0 263 389 640 
0 264 390 640 
0 264 390 640 
0 264 390 640 
0 264 390 640 
0 264 390 640 
0 264 390 640 
0 264 391 640 
0 264 391 640 
