0 240 
0 240 
0 240 
0 240 
0 240 
0 240 
0 240 
0 240 
0 240 
0 240 
0 240 
0 240 
0 240 
0 240 
0 240 
0 240 
0 240 
0 240 
0 240 
0 240 
0 240 
0 240 
0 240 
0 240 
0 240 
0 240 
0 240 
0 240 
0 240 
0 240 
0 240 
0 240 
0 240 
0 240 
0 240 
0 240 
0 240 
0 240 
0 240 
0 240 
0 240 
0 240 
0 240 
0 240 
0 240 
0 240 
0 240 
0 240 
0 240 
0 240 
0 240 
0 240 
0 240 
0 240 
0 227 230 240 
0 227 232 240 
0 227 234 240 
0 226 237 240 
0 226 239 241 
0 226 240 242 
0 226 240 244 
0 227 240 245 
0 227 240 247 
0 228 240 248 
0 227 240 250 
0 227 240 251 
0 227 240 252 
0 228 240 254 
0 228 240 255 
0 228 240 255 
0 228 240 256 
0 229 240 257 
0 229 240 257 
0 229 240 258 
0 229 240 258 
0 230 240 259 
0 230 240 260 
0 229 240 260 
0 229 240 261 
0 229 240 261 
0 229 240 262 
0 231 240 263 
0 231 240 263 
0 231 240 264 
0 231 240 264 
0 232 240 265 
0 232 240 266 
0 233 240 266 
0 233 240 267 
0 233 240 267 
0 234 240 268 
0 234 240 269 
0 235 240 269 
0 236 240 270 
0 236 240 270 
0 237 240 271 
0 238 240 272 
0 238 239 272 
0 238 239 273 
0 273 
0 274 
0 275 
0 275 
0 276 
0 276 
0 277 
0 278 
0 278 
0 240 242 279 
0 240 242 279 
0 240 242 280 
0 240 244 281 
0 240 244 281 
0 240 245 282 
0 240 246 282 
0 240 246 283 
0 240 247 284 
0 240 248 284 
0 240 248 285 
0 240 249 285 
0 240 249 286 
0 240 250 286 
0 240 251 287 
0 240 252 288 
0 240 252 288 
0 240 253 289 
0 240 254 289 
0 240 254 290 
0 240 255 290 
0 240 256 291 
0 240 256 292 
0 240 257 293 
0 240 257 293 
0 240 258 294 
0 240 259 294 
0 240 260 295 
0 240 260 295 
0 240 261 296 
0 240 261 297 
0 240 262 297 
0 240 263 298 
0 240 264 299 
0 240 264 299 
0 240 265 300 
0 240 266 300 
0 240 266 301 
0 240 267 301 
0 240 267 302 
0 240 268 303 
0 240 269 303 
0 240 270 304 
0 240 270 304 
0 240 271 305 
0 240 271 305 
0 240 272 306 
0 240 273 307 
0 240 273 307 
0 240 274 308 
0 240 275 308 
0 240 276 309 
0 240 276 310 
0 240 277 310 
0 240 277 311 
0 240 278 312 
0 240 279 312 
0 240 279 313 
0 240 280 313 
0 240 280 314 
0 240 281 314 
0 240 281 315 
0 240 283 317 
0 240 283 323 
0 240 284 325 
0 240 284 326 
0 240 285 326 
0 240 285 326 
0 240 286 325 
0 240 287 324 
0 240 287 321 
0 240 289 321 
0 240 290 323 
0 240 290 328 
0 240 290 329 
0 240 291 330 
0 240 291 331 
0 240 292 331 
0 240 292 293 294 332 
0 240 292 293 294 333 
0 240 292 293 294 334 
0 240 294 335 
0 240 293 336 
0 240 293 337 
0 240 293 337 
0 240 291 338 
0 240 278 287 291 338 
0 240 277 289 291 338 
0 240 275 290 292 338 
0 240 275 291 292 339 
0 240 274 339 
0 240 273 340 
0 240 272 340 
0 240 272 340 
0 240 271 340 
0 240 270 340 
0 240 269 340 
0 240 268 340 
0 240 268 340 
0 240 267 340 
0 240 266 339 
0 240 265 340 
0 240 265 341 
0 240 263 341 
0 240 260 342 
0 240 258 343 
0 235 236 240 257 343 
0 233 238 240 255 344 
0 232 239 242 254 344 
0 232 239 244 253 345 
0 231 239 246 252 346 
0 231 239 247 251 347 
0 230 239 249 250 347 
0 230 239 348 
0 230 239 349 
0 230 239 349 
0 230 239 350 
0 230 239 350 
0 230 239 351 
0 230 239 352 
0 230 239 352 
0 230 239 353 
0 231 239 354 
0 231 239 354 
0 231 239 355 
0 231 239 355 
0 231 239 356 
0 231 239 357 
0 231 239 357 
0 232 239 357 
0 232 239 357 
0 232 239 357 
0 232 239 356 
0 233 239 355 
0 233 239 355 
0 233 239 354 
0 233 239 353 
0 224 226 232 239 352 
0 223 227 232 239 351 
0 223 239 347 348 350 
0 222 239 347 
0 222 239 348 
0 222 239 349 
0 222 239 350 
0 222 239 350 
0 221 239 351 
0 221 239 353 
0 220 239 354 
0 220 239 355 
0 220 239 356 
0 221 239 356 
0 221 239 357 
0 223 239 356 
0 224 239 356 
0 224 239 356 
0 224 239 355 
0 224 239 347 349 354 
0 223 239 345 350 354 
0 223 239 345 352 353 
0 223 239 345 
0 223 239 346 
0 223 239 347 
0 222 239 348 
0 222 239 348 
0 221 239 349 
0 220 239 350 
0 221 239 351 
0 221 239 351 
0 222 239 352 
0 223 238 352 
0 224 238 352 
0 224 238 352 
0 226 238 343 344 351 
0 227 238 343 345 351 
0 228 238 342 346 350 
0 229 238 341 347 350 
0 230 238 340 347 350 
0 229 238 340 
0 229 238 340 
0 228 238 341 
0 226 238 342 
0 225 239 342 
0 224 238 343 
0 222 238 344 
0 222 235 344 
0 221 234 343 
0 220 232 342 
0 219 230 342 
0 218 228 237 238 342 
0 218 227 237 238 342 
0 218 225 236 238 342 
0 217 224 235 238 342 
0 217 223 236 238 343 
0 216 222 343 
0 216 222 343 
0 216 221 342 
0 215 221 340 
0 215 220 340 
0 215 220 337 338 340 
0 215 220 337 339 341 
0 215 220 336 340 341 
0 215 221 241 243 336 
0 215 221 240 243 335 
0 215 221 240 244 335 
0 216 222 239 245 335 
0 216 222 239 245 334 
0 216 223 239 245 333 
0 217 223 239 246 333 
0 218 224 239 247 323 324 333 
0 219 225 239 247 322 324 327 328 333 
0 220 226 239 247 322 324 326 328 333 
0 220 227 239 246 321 324 326 328 333 
0 220 228 239 246 321 324 325 327 333 
0 221 229 239 245 320 324 325 327 332 
0 222 230 239 245 320 327 332 
0 222 231 239 244 315 316 320 327 332 
0 223 232 239 243 314 316 319 326 332 
0 224 233 239 241 313 315 319 326 331 
0 224 234 313 315 318 325 331 
0 225 234 313 315 318 325 331 
0 226 236 318 324 330 
0 227 238 242 243 319 323 330 
0 228 238 241 243 330 
0 229 238 241 242 329 
0 230 238 330 
0 229 239 331 
0 228 239 332 
0 228 239 333 
0 227 239 333 
0 225 233 235 239 334 
0 224 231 235 238 335 
0 224 230 235 238 335 
0 222 228 233 238 335 
0 221 227 232 238 336 
0 220 226 231 238 336 
0 220 226 230 236 336 
0 219 225 229 236 336 
0 218 223 228 234 337 
0 216 223 226 232 337 
0 216 221 225 231 337 
0 215 221 224 231 337 
0 214 220 223 230 337 
0 213 219 222 228 337 
0 212 218 220 227 337 
0 211 217 219 226 336 
0 210 216 218 225 337 
0 210 216 217 225 337 
0 209 215 216 223 337 
0 208 223 337 
0 208 221 337 
0 207 220 337 
0 206 220 337 
0 206 219 337 
0 205 218 337 
0 205 217 338 
0 204 216 338 
0 204 216 338 
0 203 215 338 
0 203 214 339 
0 202 214 339 
0 202 213 340 
0 201 212 340 
0 201 212 239 240 341 
0 200 211 239 240 341 
0 200 210 239 240 342 
0 200 210 239 241 343 
0 199 209 239 241 343 
0 199 209 239 242 344 
0 198 208 239 242 345 
0 198 207 239 242 345 
0 198 207 239 242 346 
0 197 206 239 242 346 
0 197 206 239 242 347 
0 197 206 239 241 347 
0 196 205 239 241 348 
0 196 205 239 240 348 
0 196 204 239 240 348 
0 195 204 349 
0 195 204 349 
0 195 203 349 
0 194 203 350 
0 194 202 350 
0 194 202 354 
0 194 202 359 
0 193 201 362 
0 193 201 362 
0 193 201 362 
0 193 200 362 
0 193 200 237 238 249 250 362 
0 192 200 236 238 248 250 362 
0 192 199 236 237 248 250 362 
0 192 199 235 237 247 250 361 
0 192 199 235 237 247 250 361 
0 191 198 235 237 247 250 361 
0 191 198 234 237 246 249 360 
0 191 198 234 238 246 249 360 
0 191 197 234 238 246 249 359 
0 190 197 233 238 245 249 342 344 359 
0 190 197 233 238 245 248 341 345 358 
0 190 197 233 238 245 248 340 346 358 
0 189 196 232 238 245 248 339 347 357 
0 189 196 232 238 245 248 338 348 357 
0 189 196 232 238 244 248 338 349 357 
0 188 195 232 238 244 247 338 350 356 
0 188 195 231 238 244 247 338 351 356 
0 188 195 231 238 244 247 338 351 355 
0 188 195 231 238 243 247 338 352 355 
0 188 195 230 238 243 247 338 353 354 
0 187 195 230 238 243 246 337 
0 187 195 230 238 243 246 337 
0 187 194 229 238 242 246 337 
0 187 194 229 238 242 246 337 
0 187 194 229 238 242 246 337 
0 186 194 229 238 242 246 337 
0 186 194 228 238 241 246 337 
0 186 194 228 238 241 245 337 
0 186 194 228 238 241 245 337 
0 185 194 228 238 241 245 337 
0 185 194 227 238 241 245 336 
0 185 194 227 237 240 245 336 
0 185 194 227 237 240 245 336 
0 185 194 227 238 240 245 335 
0 184 194 226 238 240 244 336 
0 184 194 226 238 240 244 337 
0 184 194 226 238 240 244 338 
0 184 194 225 238 240 244 339 
0 184 194 225 238 240 244 341 
0 184 194 225 238 239 244 342 
0 183 194 225 237 239 243 342 
0 183 194 225 237 239 243 343 
0 183 194 224 237 239 243 344 
0 183 194 224 237 239 243 345 
0 183 194 224 237 239 243 346 
0 183 193 224 236 238 243 347 
0 182 193 223 236 238 243 348 
0 182 193 223 236 238 242 350 
0 182 193 223 236 238 242 351 
0 182 193 223 236 238 242 352 
0 182 189 190 193 223 236 238 242 352 
0 182 189 191 193 222 236 238 242 353 
0 181 189 191 193 222 236 238 242 355 
0 181 189 192 193 222 235 238 242 356 
0 181 189 222 235 238 242 357 
0 181 188 222 235 238 242 358 
0 181 188 221 235 238 241 359 
0 180 188 221 235 238 241 360 
0 180 188 221 235 238 241 361 
0 180 182 183 188 221 234 238 241 363 
0 183 187 220 234 238 241 363 
0 184 187 220 234 238 241 365 
0 184 187 220 234 238 241 366 
0 185 187 220 234 238 241 367 
0 220 234 238 241 368 
0 219 233 238 240 369 
0 219 233 238 240 370 
0 219 233 238 240 371 
0 219 233 238 240 372 
0 219 233 238 240 373 
0 219 233 238 240 374 
0 219 233 238 240 376 
0 218 233 238 240 377 
0 218 232 238 240 378 
0 218 232 238 240 379 
0 218 232 238 240 379 
0 218 232 238 239 378 
0 218 232 377 
0 217 232 336 337 378 
0 217 232 336 339 379 
0 217 232 336 339 380 
0 217 232 337 340 381 
0 217 232 337 341 382 
0 217 231 338 342 382 
