0 3 
0 3 
0 3 
0 3 
0 3 
0 3 
0 3 
0 3 
0 2 
0 2 
0 2 
0 2 
0 2 
0 2 
0 2 
0 2 
0 2 
0 2 
0 2 
0 2 
0 2 
0 2 
0 2 
0 2 
0 2 
0 2 
0 2 
0 2 
0 2 
0 2 
0 2 
0 2 
0 2 
0 2 
0 2 
0 2 
0 2 
0 2 
0 2 
0 2 
0 2 
0 2 
0 1 
0 1 
0 1 
0 1 
0 1 

0 1 



































































































































































































639 640 
638 640 
637 640 
637 640 
634 640 
634 640 
634 640 
632 640 
631 640 
631 640 
630 640 
630 640 
629 639 
629 639 
629 638 
628 638 
627 638 
626 638 
626 638 
625 638 
625 638 
625 637 
624 637 
624 637 
624 636 
624 636 
624 636 
623 636 
623 636 
623 636 
623 636 
622 635 
622 635 
622 635 
621 635 
621 635 
621 636 
621 636 
620 636 
620 637 
620 637 
620 637 
620 637 
620 638 
620 640 
620 640 
621 640 
621 640 
621 640 
621 640 
622 640 
622 640 
622 637 
623 635 
624 635 



































0 1 
0 2 
0 3 
0 4 
0 5 
0 5 
0 6 
0 6 
0 7 
0 8 
0 8 
0 9 
0 10 
0 12 
0 14 
0 15 
0 15 
0 16 
0 17 
0 18 
0 18 
0 19 
0 20 
0 21 
0 22 
0 23 
0 24 
0 24 
0 24 
0 24 
0 25 
0 25 
0 26 
0 26 
0 26 
0 26 
0 27 
0 27 
0 27 
0 27 
0 27 
0 28 
0 28 
0 28 
0 28 
0 28 
0 29 
0 29 
0 32 
0 32 
0 33 
0 34 
0 35 
0 35 
0 35 
0 36 
0 36 
0 36 
0 37 
0 37 
0 37 
0 38 
0 40 
0 40 
0 41 
0 41 
0 41 
0 40 
0 35 39 40 
0 33 
0 32 333 341 
0 32 330 342 
0 32 328 343 
0 32 327 344 
0 32 326 344 
0 32 326 344 
0 32 325 344 
0 32 325 344 
0 32 324 345 
0 34 323 345 639 640 
0 35 323 345 638 640 
0 35 322 345 637 640 
0 36 320 346 636 640 
0 36 319 347 635 640 
0 36 317 349 634 640 
0 37 315 350 633 640 
0 37 314 350 632 640 
0 37 312 350 631 640 
0 37 311 350 631 640 
0 37 310 350 630 640 
0 36 309 348 630 640 
0 35 305 347 629 640 
0 35 303 348 628 640 
0 34 303 348 627 640 
0 34 302 348 627 640 
0 33 300 349 626 640 
0 32 299 350 625 640 
0 32 297 349 625 640 
0 30 296 348 625 640 
0 30 295 345 625 640 
0 30 294 343 624 640 
0 29 294 341 624 640 
0 29 295 309 326 340 624 640 
0 29 296 308 328 338 623 640 
0 29 297 302 330 336 622 640 
0 29 298 302 331 332 333 334 622 640 
0 29 620 640 
0 29 619 640 
0 29 617 640 
0 30 616 640 
0 30 614 640 
0 30 613 640 
0 31 612 640 
0 32 611 640 
0 32 610 640 
0 33 610 640 
0 34 608 640 
0 35 608 640 
0 35 607 640 
0 37 606 640 
0 38 605 640 
0 38 605 640 
0 40 604 640 
0 41 603 640 
0 43 603 640 
0 45 603 640 
0 47 602 640 
0 50 602 640 
0 52 602 640 
0 53 602 640 
0 60 600 640 
0 61 600 640 
0 64 600 640 
0 66 599 640 
0 69 598 640 
0 70 597 640 
0 72 597 640 
0 72 597 640 
0 74 595 640 
0 75 203 204 595 640 
0 76 203 205 595 640 
0 78 196 205 595 640 
0 80 195 205 595 640 
0 81 193 205 595 640 
0 83 191 205 596 640 
0 83 190 205 595 640 
