0 141 223 640 
0 141 223 640 
0 141 224 640 
0 141 225 640 
0 141 226 640 
0 141 227 640 
0 141 227 640 
0 141 228 640 
0 141 229 640 
0 141 229 640 
0 141 230 640 
0 141 231 640 
0 141 232 640 
0 141 232 640 
0 141 233 640 
0 141 233 640 
0 141 234 640 
0 141 235 640 
0 142 235 640 
0 142 236 640 
0 142 236 640 
0 142 237 640 
0 142 237 640 
0 142 238 640 
0 143 238 640 
0 143 239 640 
0 143 239 640 
0 143 240 640 
0 143 240 640 
0 143 241 640 
0 143 241 640 
0 143 242 640 
0 144 242 640 
0 144 243 640 
0 144 243 640 
0 144 244 640 
0 144 244 640 
0 144 244 640 
0 145 245 640 
0 145 245 640 
0 145 246 640 
0 145 246 640 
0 146 246 640 
0 146 247 640 
0 146 247 640 
0 147 248 640 
0 147 248 640 
0 147 248 640 
0 147 249 640 
0 147 249 640 
0 147 249 640 
0 148 250 640 
0 148 250 640 
0 149 250 640 
0 149 251 640 
0 149 251 640 
0 150 251 640 
0 150 251 640 
0 150 252 640 
0 151 252 640 
0 151 252 640 
0 151 253 640 
0 152 253 640 
0 153 253 640 
0 153 254 640 
0 153 254 640 
0 154 254 640 
0 154 254 640 
0 154 255 640 
0 155 255 640 
0 156 255 640 
0 156 256 640 
0 157 256 640 
0 157 256 640 
0 157 257 640 
0 158 257 640 
0 158 257 640 
0 159 257 640 
0 159 258 542 563 640 
0 160 258 537 568 640 
0 160 258 531 573 640 
0 161 258 526 577 640 
0 162 259 521 580 640 
0 162 259 517 582 640 
0 163 259 514 584 640 
0 163 260 510 587 640 
0 164 260 507 589 640 
0 164 260 504 591 640 
0 165 261 501 592 640 
0 166 261 498 594 640 
0 167 261 495 596 640 
0 167 261 493 597 640 
0 167 262 490 598 640 
0 168 262 487 600 640 
0 168 262 485 601 640 
0 169 262 482 602 640 
0 170 263 480 602 640 
0 170 263 478 603 640 
0 171 263 476 604 640 
0 171 264 474 604 640 
0 172 264 471 605 640 
0 173 264 470 605 640 
0 173 265 467 606 640 
0 174 265 465 606 640 
0 174 265 463 607 640 
0 175 265 461 607 640 
0 175 266 460 607 640 
0 176 266 458 606 640 
0 176 266 456 606 640 
0 177 266 454 606 640 
0 178 267 452 605 640 
0 179 267 450 605 640 
0 179 267 449 604 640 
0 179 267 447 604 640 
0 180 268 445 603 640 
0 181 268 443 602 640 
0 181 268 442 602 640 
0 182 268 440 601 640 
0 182 269 439 600 640 
0 183 269 438 599 640 
0 184 269 436 599 640 
0 184 270 435 597 640 
0 185 270 433 596 640 
0 185 270 432 595 640 
0 186 270 430 595 640 
0 186 271 429 594 640 
0 186 271 428 592 640 
0 187 271 426 591 640 
0 188 271 425 590 640 
0 188 271 424 589 640 
0 188 272 422 587 640 
0 189 272 421 586 640 
0 190 272 420 585 640 
0 190 272 419 584 640 
0 191 272 418 582 640 
0 191 273 416 581 640 
0 192 273 415 579 640 
0 193 273 414 578 640 
0 193 273 413 577 640 
0 194 274 412 575 640 
0 194 274 411 573 640 
0 195 274 410 572 640 
0 195 274 409 570 640 
0 196 275 408 568 640 
0 196 275 407 567 640 
0 197 275 406 565 640 
0 197 275 405 563 640 
0 198 275 404 561 640 
0 198 276 403 560 640 
0 199 276 402 558 640 
0 199 276 402 555 640 
0 200 276 401 553 640 
0 200 276 400 551 640 
0 200 276 399 549 640 
0 200 277 398 547 640 
0 201 277 398 544 640 
0 201 277 397 542 640 
0 202 277 396 539 640 
0 202 277 396 536 640 
0 203 278 395 534 640 
0 203 278 394 530 640 
0 204 278 394 528 640 
0 204 278 393 524 640 
0 204 278 392 522 640 
0 205 278 392 518 640 
0 205 278 391 515 640 
0 206 279 391 511 640 
0 206 279 390 508 640 
0 206 279 390 504 640 
0 207 279 389 500 640 
0 207 280 389 496 640 
0 208 280 388 492 640 
0 208 280 388 488 640 
0 209 280 387 485 640 
0 209 280 387 481 640 
0 209 280 386 478 640 
0 210 280 386 474 640 
0 210 280 386 471 640 
0 210 281 385 468 640 
0 210 281 385 466 640 
0 211 281 385 463 640 
0 211 281 384 461 640 
0 211 281 384 459 640 
0 211 281 384 457 640 
0 212 281 383 455 640 
0 212 281 383 453 640 
0 213 282 382 452 640 
0 213 282 382 450 640 
0 213 282 382 449 640 
0 213 282 381 448 640 
0 214 282 381 446 640 
0 214 282 381 445 640 
0 214 282 381 444 640 
0 214 282 380 443 640 
0 215 282 380 442 640 
0 215 282 380 441 640 
0 215 283 380 441 640 
0 215 283 380 440 640 
0 215 283 379 439 640 
0 216 283 379 438 640 
0 216 283 379 438 640 
0 216 283 378 437 640 
0 217 283 378 436 640 
0 217 283 378 436 640 
0 217 283 378 435 640 
0 218 283 378 435 640 
0 218 283 378 434 640 
0 218 283 378 434 640 
0 218 284 377 433 640 
0 218 284 377 433 640 
0 219 284 377 433 640 
0 219 284 377 432 640 
0 219 284 376 432 640 
0 219 284 376 432 640 
0 219 284 376 431 640 
0 220 285 376 431 640 
0 220 285 376 431 640 
0 220 285 375 430 640 
0 220 285 375 430 640 
0 220 285 375 430 640 
0 221 285 375 430 640 
0 221 285 375 429 640 
0 221 285 375 429 640 
0 221 285 375 429 640 
0 221 285 374 428 640 
0 222 285 374 428 640 
0 222 285 374 428 640 
0 222 285 374 428 640 
0 222 286 374 427 640 
0 222 286 374 427 640 
0 223 286 374 427 640 
0 223 286 374 427 640 
0 223 286 373 427 640 
0 223 286 373 426 640 
0 223 286 373 426 640 
0 223 286 373 426 640 
0 224 286 373 426 640 
0 224 286 373 426 640 
0 224 286 373 426 640 
0 224 286 373 426 640 
0 224 286 373 425 640 
0 225 286 372 425 640 
0 225 286 372 425 640 
0 225 287 372 425 640 
0 225 287 372 425 640 
0 225 287 372 425 640 
0 226 287 372 424 640 
0 226 287 372 424 640 
0 226 287 372 424 640 
0 226 287 372 424 640 
0 226 287 371 424 640 
0 226 287 371 423 640 
0 226 287 371 423 640 
0 226 287 371 423 640 
0 226 287 371 423 640 
0 227 287 371 423 640 
0 227 287 371 423 640 
0 227 287 371 423 640 
0 227 287 370 422 640 
0 228 288 370 422 640 
0 228 288 370 422 640 
0 228 288 370 422 640 
0 228 288 370 422 640 
0 228 288 370 422 640 
0 228 288 370 422 640 
0 229 288 370 422 640 
0 229 288 370 422 640 
0 229 288 370 421 640 
0 229 288 370 421 640 
0 229 288 369 421 640 
0 229 288 369 421 640 
0 230 288 369 421 640 
0 230 288 369 421 640 
0 230 288 369 421 640 
0 230 288 369 421 640 
0 230 288 369 420 640 
0 230 288 369 420 640 
0 230 289 369 420 640 
0 230 289 369 420 640 
0 230 289 368 420 640 
0 231 289 368 419 640 
0 231 289 368 419 640 
0 231 289 368 419 640 
0 231 289 368 419 640 
0 232 289 368 419 640 
0 232 290 368 418 640 
0 232 290 368 418 640 
0 232 290 321 323 368 418 640 
0 232 290 311 332 368 418 640 
0 232 290 301 344 367 418 640 
0 233 290 295 351 368 418 640 
0 233 354 367 418 640 
0 233 359 367 418 640 
0 233 363 366 417 640 
0 233 417 640 
0 233 417 640 
0 233 417 640 
0 234 417 640 
0 234 417 640 
0 234 417 640 
0 234 416 640 
0 234 416 640 
0 235 416 640 
0 235 416 640 
0 235 416 640 
0 235 416 640 
0 235 416 640 
0 235 415 640 
0 235 415 640 
0 235 415 640 
0 236 415 640 
0 236 415 640 
0 236 415 640 
0 236 414 640 
0 237 414 640 
0 237 414 640 
0 236 414 640 
0 235 414 640 
0 234 414 640 
0 233 414 640 
0 232 414 640 
0 232 414 640 
0 231 415 640 
0 230 416 640 
0 228 417 640 
0 227 418 640 
0 226 418 640 
0 225 419 640 
0 224 420 640 
0 224 420 640 
0 222 421 640 
0 221 422 640 
0 220 423 640 
0 219 423 640 
0 219 424 640 
0 218 424 640 
0 217 425 640 
0 216 426 640 
0 215 426 640 
0 214 427 640 
0 213 428 640 
0 212 429 640 
0 211 430 640 
0 210 430 640 
0 209 431 640 
0 208 432 640 
0 207 433 640 
0 206 433 640 
0 205 434 640 
0 205 435 640 
0 204 437 640 
0 203 438 640 
0 203 439 640 
0 202 440 640 
0 201 442 640 
0 201 443 640 
0 200 444 640 
0 199 444 640 
0 199 445 640 
0 198 446 640 
0 197 447 640 
0 197 447 640 
0 196 448 640 
0 195 449 640 
0 195 449 640 
0 194 450 640 
0 194 451 640 
0 193 451 640 
0 193 452 640 
0 192 453 640 
0 192 453 640 
0 192 454 640 
0 192 455 640 
0 191 456 640 
0 191 456 640 
0 190 457 640 
0 190 457 640 
0 190 457 640 
0 190 458 640 
0 189 458 640 
0 189 458 640 
0 189 458 640 
0 189 459 640 
0 188 459 640 
0 188 459 640 
0 188 460 640 
0 187 460 640 
0 187 460 640 
0 187 460 640 
0 187 461 640 
0 187 461 640 
0 186 461 640 
0 186 462 640 
0 186 462 640 
0 186 462 640 
0 185 462 640 
0 185 463 640 
0 185 463 640 
0 185 463 640 
0 185 463 640 
0 185 463 640 
0 185 464 640 
0 185 464 640 
0 185 464 640 
0 185 465 640 
0 184 465 640 
0 184 465 640 
0 184 465 640 
0 184 466 640 
0 184 466 640 
0 184 466 640 
0 184 467 640 
0 184 467 640 
0 183 468 640 
0 183 468 640 
0 183 468 640 
0 183 469 640 
0 182 469 640 
0 182 470 640 
0 181 470 640 
0 181 470 640 
0 181 470 640 
0 180 470 640 
0 180 470 640 
0 180 471 640 
0 180 471 640 
0 180 471 640 
0 180 471 640 
0 179 471 640 
0 179 471 640 
0 179 471 640 
0 179 471 640 
0 179 471 640 
0 179 471 640 
0 178 471 640 
0 178 472 640 
0 178 472 640 
0 178 472 640 
0 178 472 640 
0 178 472 640 
0 178 472 640 
0 177 472 640 
0 177 472 640 
0 177 472 640 
0 177 472 640 
0 177 472 640 
0 177 472 640 
0 177 472 640 
0 176 471 640 
0 176 471 640 
0 176 471 640 
0 176 471 640 
0 176 471 640 
0 176 471 640 
0 177 471 640 
0 177 471 640 
0 177 471 640 
0 177 471 640 
0 177 471 640 
0 177 471 640 
0 177 470 640 
0 177 470 640 
0 177 470 640 
0 177 470 640 
0 177 470 640 
0 177 470 640 
0 177 470 640 
0 177 470 640 
0 177 470 640 
0 177 470 640 
0 177 470 640 
0 177 470 640 
0 177 470 640 
0 177 470 640 
0 177 469 640 
0 177 469 640 
0 177 469 640 
0 177 468 640 
0 178 468 640 
0 178 468 640 
