










































































































































































































































































































521 523 
342 343 520 524 
341 344 520 525 
341 344 345 348 520 525 
336 338 341 343 345 347 520 525 
336 338 340 343 344 347 520 526 
337 347 521 526 
337 348 521 526 
337 348 522 527 
336 349 522 527 
334 348 522 527 
333 348 522 528 
334 348 522 528 
336 347 522 530 
336 346 522 533 
118 121 335 346 522 535 
118 121 333 347 521 537 
117 121 333 347 521 539 
117 122 332 348 520 541 
112 122 330 350 520 543 
112 122 329 350 519 545 
112 122 328 351 519 548 558 561 
112 124 327 352 518 553 557 562 
112 125 319 324 325 353 518 562 
112 125 317 353 517 562 
113 127 316 354 517 561 
113 128 315 357 517 561 
112 130 314 358 516 560 
112 130 314 358 360 362 516 560 
112 131 314 358 359 363 515 559 
112 132 315 363 515 559 
112 132 315 364 515 559 
111 133 315 365 514 559 
110 133 316 366 514 559 
109 132 317 366 514 559 
108 132 317 366 513 559 
107 132 318 367 512 559 
106 132 318 367 508 560 
105 131 318 367 508 560 
103 131 318 366 507 561 
102 131 318 365 506 562 
101 132 317 363 504 563 
100 132 317 363 504 563 
99 133 317 362 505 564 
98 134 316 361 505 564 
97 134 316 361 505 564 
86 90 96 135 316 362 507 564 
86 92 95 137 316 362 509 564 
86 138 316 362 510 565 
86 139 143 144 316 362 511 565 
85 141 142 145 316 362 512 565 588 590 
85 147 316 362 513 565 587 591 
86 147 316 362 513 565 586 592 
86 146 315 362 514 565 585 592 
86 146 315 362 514 564 584 592 
86 145 315 362 514 564 584 592 
88 145 315 361 514 563 583 591 
88 144 314 360 514 563 582 590 
89 143 314 360 514 563 581 589 
89 142 314 359 515 563 580 588 
90 141 314 357 515 563 580 587 
90 141 314 355 515 563 578 586 
91 140 313 354 515 562 577 585 
91 140 313 354 515 560 576 584 
90 141 313 354 515 560 575 583 
90 142 314 354 515 560 575 583 
90 142 315 354 516 560 574 582 
89 142 316 354 516 560 573 581 
89 143 315 354 516 559 572 580 
89 143 315 353 517 559 571 579 
88 143 315 353 517 559 570 578 
88 144 315 353 517 560 564 565 568 578 630 632 
88 144 315 353 518 583 600 609 628 635 638 640 
88 144 314 357 518 616 624 640 
88 144 314 361 518 640 
88 145 312 363 519 640 
88 145 310 365 519 640 
88 145 308 365 520 640 
89 145 304 365 520 640 
90 145 303 365 520 640 
91 145 302 365 520 640 
92 146 302 364 516 519 520 640 
93 146 302 363 514 640 
95 146 302 363 514 640 
96 146 302 364 514 640 
96 146 303 364 514 640 
96 146 303 365 515 640 
96 145 304 365 515 640 
97 145 305 366 515 640 
97 145 306 367 370 373 515 638 
97 145 307 368 369 374 515 637 
97 144 307 375 515 636 
98 144 308 376 515 635 
98 143 308 377 515 632 
98 143 308 377 515 630 
99 142 309 377 515 627 
100 142 309 378 515 625 
100 102 103 141 309 379 515 624 
103 137 138 141 310 379 515 622 
101 137 310 379 515 621 
100 136 310 379 515 581 586 619 
98 136 310 380 515 575 591 618 
96 137 311 380 515 574 595 616 
95 137 312 380 516 575 600 615 
94 138 312 380 516 575 605 613 
93 139 312 381 517 576 
93 139 312 381 517 576 
92 140 312 382 517 577 
92 141 312 382 517 577 
91 142 312 384 517 578 
90 142 311 384 517 578 
90 143 311 386 517 578 
90 144 311 387 518 579 
90 145 311 389 518 579 
89 145 310 391 518 579 
89 146 310 394 519 579 
90 147 309 400 520 579 
90 147 309 403 521 579 
90 147 309 379 380 403 522 579 
91 147 308 379 380 404 523 579 
90 147 308 361 364 379 381 404 530 579 
90 147 307 360 366 378 381 404 531 579 
90 147 307 359 367 378 382 404 531 579 
90 147 307 358 368 378 382 404 531 579 
90 147 307 353 369 376 382 403 532 579 
90 146 307 348 370 376 382 403 532 579 
90 146 308 347 382 402 532 579 
90 145 308 346 382 401 532 578 
89 145 309 345 382 400 533 578 
88 145 310 346 382 400 533 578 
86 145 311 347 382 398 533 578 
9 20 84 145 311 348 382 397 533 578 
5 21 81 145 311 348 382 396 532 578 
0 22 79 145 311 349 381 395 532 577 
0 23 76 145 310 350 381 394 531 577 
0 23 73 145 309 350 381 392 531 577 
0 23 69 144 309 351 382 390 530 577 
0 24 67 144 309 351 382 389 530 577 
0 24 66 144 308 352 383 386 530 577 
0 25 65 144 308 352 530 576 
0 26 64 144 308 353 530 576 
0 28 60 144 307 353 530 576 
0 30 59 144 307 353 530 576 
0 32 55 145 307 354 531 576 
0 34 44 95 96 145 307 354 532 575 
0 36 40 92 97 145 307 355 533 575 
0 89 97 145 307 355 533 575 
0 87 98 145 307 356 533 575 
0 85 98 145 307 356 532 575 
0 82 99 146 306 357 532 575 
0 80 99 146 306 357 531 574 
0 78 100 146 306 357 530 573 
0 76 101 146 306 358 529 573 
0 75 102 146 306 358 528 573 
0 73 102 147 306 358 527 573 
0 66 103 146 306 359 526 574 
0 65 104 146 306 359 526 574 
0 64 104 146 306 360 525 575 
0 65 103 146 306 360 524 575 
0 66 97 100 101 146 306 361 524 576 
0 68 97 146 306 361 524 576 
0 70 96 146 305 361 523 576 
0 72 96 146 305 362 523 577 
0 75 90 146 305 362 522 577 
0 83 84 147 305 363 522 577 
0 148 305 363 522 578 
0 149 305 363 521 578 
0 149 305 364 521 578 
0 150 305 364 521 578 
0 151 305 365 521 578 
0 152 305 365 520 579 
0 153 305 365 520 579 
0 154 304 366 520 579 
0 154 304 366 519 579 
0 155 304 367 519 580 
0 155 304 367 518 580 
0 156 303 368 518 580 
0 156 303 368 518 580 
0 157 303 368 517 580 
0 157 303 369 517 580 
0 158 303 369 516 580 
