205 640 
205 640 
205 640 
205 640 
205 640 
205 640 
205 640 
205 640 
205 640 
205 640 
205 640 
206 640 
206 640 
206 640 
206 640 
206 640 
206 640 
206 640 
206 640 
206 640 
206 640 
206 640 
206 640 
206 640 
206 640 
206 640 
206 640 
206 640 
206 640 
206 640 
206 640 
206 640 
206 640 
206 640 
206 640 
206 640 
206 640 
206 640 
206 640 
206 640 
206 640 
206 640 
206 640 
206 640 
205 640 
205 640 
205 640 
205 640 
205 640 
205 640 
205 640 
205 640 
205 640 
204 640 
204 640 
204 640 
204 640 
204 640 
203 640 
203 640 
203 640 
203 640 
203 640 
202 640 
202 640 
202 640 
202 640 
201 640 
201 640 
201 640 
200 640 
200 640 
200 640 
200 640 
200 640 
199 640 
199 640 
199 640 
199 640 
198 640 
198 640 
197 640 
197 640 
196 640 
196 640 
196 640 
195 640 
195 640 
195 640 
194 640 
194 373 380 640 
194 372 382 640 
193 372 385 640 
193 371 388 640 
192 371 391 640 
192 371 393 640 
191 371 395 640 
191 371 398 640 
190 372 401 640 
190 372 404 640 
190 372 407 640 
189 372 409 640 
188 373 411 640 
188 373 413 640 
188 373 414 640 
187 374 415 640 
186 374 416 640 
186 374 418 640 
185 375 422 640 
185 375 425 640 
184 376 428 640 
183 376 430 640 
183 377 432 640 
182 377 433 640 
182 378 435 640 
181 378 436 640 
180 378 437 640 
180 378 438 640 
179 378 439 640 
179 377 440 640 
178 376 441 640 
177 375 442 640 
176 374 443 640 
175 374 444 640 
175 373 445 640 
174 372 445 640 
173 371 446 640 
172 371 447 640 
172 370 447 640 
171 370 448 640 
170 369 448 640 
170 369 448 640 
169 369 449 640 
168 370 449 640 
167 369 449 640 
167 369 450 640 
166 369 450 640 
165 370 450 640 
163 370 451 640 
162 370 451 640 
161 370 451 640 
160 370 451 640 
160 370 451 640 
159 370 452 640 
158 371 452 640 
157 371 452 640 
156 372 452 640 
155 373 452 640 
154 374 452 640 
153 374 375 377 380 381 452 640 
151 378 452 640 
150 379 453 640 
149 380 453 640 
149 383 453 640 
147 383 453 640 
146 382 453 640 
144 381 453 640 
143 380 453 640 
142 379 453 640 
141 378 453 640 
139 378 453 640 
138 378 453 640 
136 379 453 640 
135 380 453 640 
133 381 454 640 
131 381 454 640 
130 382 454 640 
129 382 454 640 
128 383 454 640 
126 384 454 640 
124 384 454 640 
122 385 455 640 
120 385 455 640 
119 386 455 640 
117 386 455 640 
115 387 456 640 
112 387 456 640 
110 388 457 640 
109 389 395 398 457 640 
106 398 458 640 
103 399 458 640 
100 399 459 640 
98 398 459 640 
94 396 459 640 
92 394 460 640 
89 394 460 640 
86 394 460 640 
0 1 82 395 461 640 
0 6 79 238 248 396 461 640 
0 12 73 235 251 397 461 640 
0 17 66 233 253 398 461 640 
0 25 61 231 255 396 462 640 
0 34 51 230 256 393 462 640 
0 230 259 343 352 388 462 640 
0 229 261 342 359 375 462 640 
0 228 262 341 462 640 
0 228 265 341 462 640 
0 227 267 340 462 640 
0 227 271 340 462 640 
0 226 276 331 333 340 462 640 
0 226 281 330 334 340 462 640 
0 226 242 245 285 330 462 640 
0 226 239 246 291 330 462 640 
0 226 238 248 296 330 462 640 
0 227 237 249 301 330 462 640 
0 227 237 250 306 329 463 640 
0 228 232 234 236 252 310 327 463 640 
0 229 232 235 237 255 314 324 463 640 
0 230 232 235 237 259 316 320 463 640 
0 264 463 640 
0 266 465 640 
0 268 466 640 
0 271 467 640 
0 273 469 640 
0 276 470 640 
0 279 471 640 
0 282 473 640 
0 285 474 640 
0 288 476 640 
0 290 477 640 
0 294 478 640 
0 296 479 640 
0 299 379 382 480 640 
0 302 377 382 481 640 
0 305 375 381 481 640 
0 309 326 332 373 381 482 640 
0 333 371 380 482 640 
0 333 341 343 369 379 482 640 
0 334 340 343 366 379 482 640 
0 335 339 344 365 378 482 640 
0 335 337 344 363 378 482 640 
0 345 361 377 481 640 
0 345 359 376 481 640 
0 346 357 376 481 640 
0 347 355 375 482 640 
0 349 353 375 483 640 
0 374 482 640 
0 374 482 640 
0 374 482 640 
0 373 483 640 
0 373 484 640 
0 373 484 640 
0 373 484 640 
0 373 483 640 
0 373 482 640 
0 373 482 640 
0 373 482 640 
0 373 483 640 
0 373 484 640 
0 373 484 640 
0 374 485 640 
0 374 485 640 
0 375 486 640 
0 376 487 640 
0 377 487 640 
0 377 488 640 
0 379 488 640 
0 380 489 640 
0 381 489 640 
0 382 490 640 
0 384 490 640 
0 387 491 640 
0 390 491 640 
0 390 491 640 
0 390 492 640 
0 390 492 640 
0 390 492 640 
0 391 492 640 
0 391 492 640 
0 391 492 640 
0 391 492 640 
0 391 492 640 
0 392 492 640 
0 392 492 640 
0 392 492 640 
0 392 492 640 
0 392 492 640 
0 392 492 640 
0 392 492 640 
0 392 492 640 
0 392 491 640 
0 393 491 640 
0 393 491 640 
0 393 491 640 
0 393 491 640 
0 393 491 640 
0 394 491 640 
0 394 491 640 
0 395 491 640 
0 395 491 640 
0 395 491 640 
0 395 491 640 
0 395 490 640 
0 395 490 640 
0 395 490 640 
0 395 490 640 
0 394 490 640 
0 394 490 640 
0 394 490 640 
0 394 490 640 
0 394 490 640 
0 393 490 640 
0 393 490 640 
0 393 490 640 
0 393 490 640 
0 393 490 640 
0 393 490 640 
0 392 489 640 
0 392 489 640 
0 392 489 640 
0 392 489 640 
0 392 489 640 
0 392 489 640 
0 391 489 640 
0 391 489 640 
0 391 489 640 
0 390 489 640 
0 390 489 640 
0 390 489 640 
0 390 489 640 
0 390 490 640 
0 390 490 640 
0 389 490 640 
0 389 491 640 
0 389 491 640 
0 389 491 640 
0 389 491 640 
0 388 491 640 
0 388 492 640 
0 388 492 640 
0 388 492 640 
0 388 492 640 
0 388 492 640 
0 388 492 640 
0 387 492 640 
0 387 492 640 
0 387 493 640 
0 387 493 640 
0 387 493 640 
0 387 493 640 
0 386 493 640 
0 386 493 640 
0 386 493 640 
0 386 493 640 
0 386 493 640 
0 385 493 640 
0 385 493 640 
0 385 493 640 
0 385 494 640 
0 385 494 640 
0 385 494 640 
0 384 488 490 494 640 
0 384 482 483 488 491 495 640 
0 384 482 484 489 491 495 640 
0 384 483 484 489 492 497 640 
0 384 476 477 482 484 489 492 498 640 
0 384 476 477 482 484 490 493 498 640 
0 383 476 478 482 484 490 640 
0 383 476 478 483 485 491 640 
0 383 477 478 483 486 491 640 
0 383 484 486 491 640 
0 383 484 486 492 640 
0 383 484 487 492 640 
0 382 485 488 493 640 
0 382 485 489 494 640 
0 382 485 491 493 640 
0 382 486 640 
0 382 486 640 
0 381 487 640 
0 381 481 483 487 640 
0 381 480 484 487 640 
0 380 479 486 487 640 
0 380 479 640 
0 380 479 640 
0 380 479 640 
0 380 480 640 
0 379 480 640 
0 379 481 640 
0 379 481 640 
0 379 482 640 
0 378 482 640 
0 378 482 640 
0 378 482 640 
0 378 483 640 
0 377 483 640 
0 377 484 640 
0 377 484 640 
0 377 485 640 
0 376 485 640 
0 376 486 640 
0 376 486 640 
0 375 486 640 
0 375 487 640 
0 375 487 640 
0 374 487 640 
0 374 488 640 
0 374 488 640 
0 373 489 640 
0 373 489 640 
0 373 490 640 
0 373 490 640 
0 372 491 640 
0 372 491 640 
0 371 492 640 
0 371 492 640 
0 371 493 640 
0 370 493 640 
0 370 494 640 
0 370 494 640 
0 369 495 640 
0 369 495 640 
0 369 495 640 
0 368 496 640 
0 368 496 640 
0 368 497 640 
0 367 497 640 
0 367 498 640 
0 367 498 640 
0 366 499 640 
0 366 499 640 
0 365 500 640 
0 365 500 640 
0 365 501 640 
0 364 501 640 
0 364 502 640 
0 364 502 640 
0 364 503 640 
0 363 503 640 
0 363 504 640 
0 363 504 640 
0 363 505 640 
0 362 505 640 
0 362 506 640 
0 362 506 640 
0 362 507 640 
0 361 507 640 
0 361 507 640 
0 361 508 640 
0 360 508 640 
0 360 509 640 
0 360 509 640 
0 360 510 640 
0 360 510 640 
0 359 511 640 
0 359 511 640 
0 359 511 640 
0 359 512 640 
0 359 512 640 
0 358 513 640 
0 358 513 640 
0 358 513 640 
0 358 514 640 
0 358 514 640 
0 358 515 640 
0 358 515 640 
0 358 515 640 
0 357 516 640 
0 357 516 640 
0 357 517 640 
0 357 517 640 
0 357 517 640 
0 357 518 640 
0 357 518 640 
0 357 518 640 
0 356 518 640 
0 356 519 640 
0 356 519 640 
0 356 520 640 
0 355 520 640 
0 355 520 640 
0 355 520 640 
0 355 521 640 
0 355 521 640 
0 354 521 640 
0 354 522 640 
0 354 522 640 
0 354 522 640 
0 354 522 640 
0 354 523 640 
0 354 523 640 
