0 640 
0 640 
0 640 
0 640 
0 640 
0 640 
0 640 
0 640 
0 640 
0 640 
0 640 
0 640 
0 640 
0 640 
0 640 
0 640 
0 640 
0 640 
0 640 
0 640 
0 640 
0 640 
0 640 
0 640 
0 640 
0 640 
0 640 
0 640 
0 640 
0 640 
0 640 
0 640 
0 640 
0 640 
0 640 
0 640 
0 640 
0 640 
0 640 
0 640 
0 640 
0 640 
0 640 
0 640 
0 640 
0 640 
0 640 
0 640 
0 640 
0 640 
0 640 
0 640 
0 640 
0 640 
0 378 393 640 
0 372 395 640 
0 369 398 640 
0 366 400 640 
0 363 403 640 
0 360 405 640 
0 358 407 640 
0 356 409 640 
0 354 411 640 
0 353 413 640 
0 351 414 640 
0 350 416 640 
0 348 418 640 
0 347 420 640 
0 346 422 640 
0 345 423 640 
0 342 424 640 
0 338 425 640 
0 330 426 640 
0 328 427 640 
0 327 428 640 
0 326 430 640 
0 325 431 640 
0 324 432 640 
0 323 430 432 434 640 
0 322 430 640 
0 321 431 640 
0 320 430 640 
0 319 431 640 
0 318 431 640 
0 318 432 640 
0 317 432 640 
0 316 433 640 
0 315 432 640 
0 314 432 640 
0 313 432 640 
0 312 432 640 
0 311 433 640 
0 310 433 640 
0 70 79 310 433 640 
0 68 83 308 433 640 
0 65 87 307 433 640 
0 63 90 306 433 640 
0 63 94 305 433 640 
0 62 98 304 433 640 
0 62 102 303 432 640 
0 62 105 302 431 640 
0 62 108 301 430 640 
0 62 112 300 429 640 
0 62 115 300 429 640 
0 63 118 299 428 640 
0 64 121 298 423 425 428 640 
0 65 124 297 423 425 427 640 
0 66 127 296 422 425 427 640 
0 67 130 295 422 424 426 640 
0 68 133 295 422 424 426 640 
0 69 136 294 422 640 
0 70 138 293 422 640 
0 72 141 292 423 640 
0 72 144 291 424 640 
0 71 147 290 425 640 
0 71 149 289 427 640 
0 71 151 289 429 640 
0 70 153 288 432 640 
0 70 155 287 432 640 
0 70 157 286 432 640 
0 70 159 285 432 640 
0 69 160 284 432 640 
0 69 161 283 431 640 
0 69 162 282 431 640 
0 68 163 281 431 640 
0 68 166 280 431 640 
0 68 169 279 431 640 
0 67 173 278 431 640 
0 67 176 276 431 640 
0 67 180 275 432 640 
0 66 184 274 432 640 
0 66 187 272 431 640 
0 66 190 271 431 640 
0 66 194 270 430 640 
0 66 198 269 430 640 
0 65 202 267 275 276 431 640 
0 65 205 264 272 273 431 640 
0 65 145 149 157 163 208 262 430 640 
0 65 144 166 213 260 430 640 
0 64 144 170 216 258 430 640 
0 64 143 173 220 259 430 640 
0 64 143 176 223 264 430 640 
0 63 143 181 227 264 430 640 
0 63 142 184 231 256 259 261 430 640 
0 63 142 187 235 256 430 640 
0 63 142 191 239 256 431 640 
0 62 141 194 243 255 432 640 
0 62 141 198 246 253 430 640 
0 62 141 202 256 261 430 640 
0 62 140 205 255 264 429 640 
0 61 140 209 259 271 429 640 
0 61 139 212 262 271 428 640 
0 61 139 216 426 640 
0 61 139 220 276 280 423 640 
0 60 138 223 275 289 415 422 423 640 
0 60 138 227 278 289 415 640 
0 60 138 230 281 289 415 640 
0 60 137 234 414 415 416 640 
0 60 137 238 414 640 
0 60 137 241 416 640 
0 59 136 245 415 640 
0 59 136 249 414 640 
0 59 136 253 414 640 
0 58 135 257 414 640 
0 58 135 260 324 327 415 640 
0 58 135 264 323 326 415 640 
0 58 134 268 324 325 416 640 
0 58 134 272 418 640 
0 57 134 275 421 640 
0 57 134 279 423 640 
0 57 133 282 425 640 
0 57 133 283 426 640 
0 56 133 283 427 640 
0 56 132 285 429 640 
0 56 132 286 430 640 
0 56 132 285 433 640 
0 56 131 286 297 300 304 308 438 640 
0 56 131 287 295 300 302 312 446 640 
0 56 131 286 290 315 449 640 
0 55 130 286 289 317 452 640 
0 55 130 285 287 317 454 640 
0 55 130 316 455 640 
0 55 130 315 457 640 
0 55 129 315 458 640 
0 55 129 314 460 640 
0 54 129 313 461 640 
0 54 128 312 462 640 
0 54 128 311 462 640 
0 54 128 310 463 640 
0 54 127 310 464 640 
0 54 127 309 311 315 464 640 
0 53 127 314 465 640 
0 53 127 314 466 640 
0 53 126 313 466 640 
0 53 126 312 467 640 
0 53 126 312 468 640 
0 53 126 311 468 640 
0 52 125 310 471 640 
0 52 125 310 478 640 
0 52 125 309 483 640 
0 52 125 309 318 319 489 640 
0 52 124 308 318 319 493 640 
0 52 124 308 310 312 317 318 499 640 
0 52 124 307 310 311 316 318 505 640 
0 52 123 306 309 311 315 318 511 640 
0 52 123 306 307 310 315 317 517 640 
0 51 123 310 314 317 522 640 
0 51 123 310 313 317 528 584 586 640 
0 51 122 310 312 317 534 581 588 640 
0 51 122 309 312 317 541 580 590 594 597 640 
0 51 122 309 311 317 547 566 569 570 572 579 591 593 598 640 
0 51 122 308 309 316 357 358 469 470 551 565 574 578 599 640 
0 51 122 317 356 358 468 475 560 563 576 578 600 603 605 640 
0 51 122 317 356 358 467 481 607 640 
0 51 121 316 355 358 467 485 608 613 616 640 
0 51 121 317 320 322 352 354 355 357 467 491 609 610 617 640 
0 51 121 316 318 322 351 358 467 496 618 640 
0 51 121 316 317 322 352 359 467 502 619 640 
0 51 121 322 352 359 468 508 620 640 
0 51 121 322 340 341 347 349 351 358 469 512 620 640 
0 50 120 322 325 327 339 345 346 349 351 357 470 518 620 640 
0 50 120 322 324 327 331 332 338 356 470 524 621 640 
0 50 120 327 330 335 338 356 471 530 624 640 
0 50 120 327 329 335 337 355 472 536 631 640 
0 50 120 335 337 354 473 542 
0 50 119 335 336 353 473 547 
0 50 119 335 336 353 474 552 
0 50 119 353 474 559 
0 50 119 352 475 563 
0 50 119 352 475 566 
0 50 119 351 475 568 
0 50 119 351 475 568 
0 50 118 351 475 568 
0 50 118 351 475 568 
0 50 118 351 475 568 
0 50 118 352 476 568 
0 50 118 352 477 568 
0 50 118 352 477 568 
0 50 118 353 478 568 620 624 
0 50 118 353 479 568 619 628 
0 50 118 354 479 569 618 634 
0 50 118 353 480 569 618 640 
0 50 118 353 480 570 617 640 
0 50 118 352 481 570 617 640 
0 50 118 351 481 569 616 640 
0 50 118 350 482 569 616 640 
0 50 118 350 482 570 615 640 
0 50 117 349 483 570 615 640 
0 50 117 348 483 569 614 640 
0 50 117 348 483 569 613 640 
0 50 117 347 484 567 613 640 
0 50 117 346 484 565 612 640 
0 50 117 346 484 563 611 640 
0 50 117 345 484 560 611 640 
0 50 117 344 484 556 610 640 
0 50 117 343 484 553 609 640 
0 50 117 343 485 549 609 640 
0 50 117 342 485 546 608 640 
0 50 117 341 485 543 607 640 
0 50 117 340 485 540 606 640 
0 50 117 340 485 537 605 640 
0 50 117 339 485 533 605 640 
0 50 117 339 486 530 604 640 
0 50 117 338 486 526 602 640 
0 50 117 337 487 524 601 640 
0 50 117 337 488 520 600 640 
0 50 116 336 488 517 599 640 
0 50 116 336 373 375 489 514 598 640 
0 50 116 335 372 375 490 511 596 640 
0 50 116 334 371 375 490 508 595 640 
0 50 116 334 370 376 491 505 594 640 
0 50 116 334 370 376 491 502 593 640 
0 51 116 333 369 376 491 500 591 640 
0 51 116 333 368 376 492 497 589 640 
0 51 116 332 367 376 493 495 588 640 
0 51 116 332 366 376 586 640 
0 51 116 332 365 377 584 640 
0 51 116 332 364 377 581 640 
0 51 116 331 363 377 579 640 
0 51 116 331 362 377 578 640 
0 51 116 331 361 378 575 640 
0 51 116 331 360 378 573 640 
0 51 116 330 359 378 570 640 
0 51 116 330 359 378 568 640 
0 51 116 330 360 379 566 640 
0 51 116 330 361 379 564 640 
0 51 116 330 362 379 561 640 
0 51 116 330 363 379 558 640 
0 52 116 330 364 380 556 640 
0 52 116 330 365 380 554 640 
0 52 116 331 366 380 551 640 
0 52 116 331 367 380 549 640 
0 52 116 331 368 380 546 640 
0 52 116 332 369 380 544 640 
0 52 116 332 371 380 465 466 542 640 
0 52 116 332 372 380 465 467 540 640 
0 52 116 333 373 379 466 468 537 640 
0 53 116 334 374 379 467 469 534 640 
0 53 116 334 375 379 467 469 532 640 
0 53 116 335 376 379 468 471 529 640 
0 53 116 336 377 379 468 472 527 640 
0 53 116 337 378 379 468 473 524 640 
0 53 117 338 469 475 522 640 
0 53 117 339 470 476 519 640 
0 53 117 340 470 478 516 640 
0 54 117 341 470 480 513 640 
0 54 117 342 470 483 511 640 
0 54 117 343 470 486 507 640 
0 54 117 344 470 491 503 640 
0 54 117 346 470 495 499 640 
0 55 117 347 470 640 
0 55 117 348 470 640 
0 55 117 349 470 640 
0 55 117 350 469 640 
0 55 117 351 468 640 
0 55 117 353 467 640 
0 55 117 354 467 640 
0 56 117 355 466 640 
0 56 118 356 466 640 
0 56 118 357 467 640 
0 56 118 359 467 640 
0 56 118 360 467 640 
0 56 118 361 467 640 
0 56 118 362 467 640 
0 57 118 363 467 640 
0 57 118 365 467 640 
0 57 118 366 467 640 
0 57 118 367 467 640 
0 57 119 368 467 640 
0 58 119 370 467 640 
0 58 119 371 467 640 
0 58 119 372 467 640 
0 58 119 373 467 640 
0 58 119 374 467 640 
0 59 120 376 467 640 
0 59 120 377 466 640 
0 59 120 378 466 640 
0 59 120 379 467 640 
0 60 120 380 468 640 
0 60 121 381 469 640 
0 60 121 382 470 640 
0 60 121 383 471 640 
0 61 121 384 472 640 
0 61 121 385 473 640 
0 61 122 385 474 640 
0 61 122 384 475 640 
0 61 122 383 476 640 
0 62 122 382 477 640 
0 62 122 381 477 640 
0 62 123 380 478 640 
0 63 123 379 479 640 
0 63 123 378 479 640 
0 63 123 378 479 640 
0 64 123 377 479 640 
0 64 124 376 480 640 
0 64 124 375 480 640 
0 64 125 374 480 640 
0 65 125 373 479 640 
0 65 125 373 479 640 
0 65 126 372 478 640 
0 66 126 371 478 640 
0 66 126 370 478 640 
0 66 127 369 478 640 
0 67 127 368 478 640 
0 67 127 367 479 640 
0 67 128 366 479 640 
0 68 128 366 480 640 
0 68 128 365 480 640 
0 68 129 364 481 640 
0 69 129 363 481 640 
0 69 129 362 481 640 
0 69 130 361 482 640 
0 70 130 360 482 640 
0 70 130 359 483 640 
0 71 131 358 483 640 
0 71 131 357 484 640 
0 71 132 355 485 640 
0 72 132 354 485 640 
0 72 132 353 485 640 
0 73 133 352 486 640 
0 73 133 351 486 640 
0 74 133 350 487 640 
0 74 134 348 487 640 
0 74 134 347 488 640 
0 75 135 345 489 640 
0 75 135 344 489 640 
0 76 135 343 490 640 
0 76 136 341 491 640 
0 76 136 340 492 640 
0 77 136 338 492 640 
0 78 137 336 493 640 
0 78 137 335 494 640 
0 78 138 333 495 640 
0 79 138 331 495 640 
0 80 138 330 496 640 
0 80 139 328 497 640 
0 80 139 326 498 640 
0 81 140 325 499 640 
0 81 140 323 500 640 
0 82 140 320 501 640 
0 82 141 319 501 640 
0 83 141 317 502 640 
0 83 142 315 503 640 
0 84 142 313 503 640 
0 85 142 311 504 640 
0 85 143 309 505 640 
0 86 143 307 505 640 
0 86 144 305 506 640 
0 87 144 303 507 640 
0 87 145 302 507 640 
0 88 145 299 508 640 
0 88 145 298 509 640 
0 89 146 296 509 640 
0 89 146 294 510 640 
0 90 147 292 510 640 
0 90 147 290 511 640 
0 91 147 288 512 640 
0 91 148 286 512 640 
0 92 148 284 513 640 
0 93 149 282 513 640 
0 93 149 280 514 640 
0 94 150 278 514 640 
0 94 150 276 515 640 
0 95 150 274 515 640 
0 95 151 272 516 640 
0 96 151 270 516 640 
0 96 152 268 517 640 
0 97 152 266 517 640 
0 97 152 264 518 640 
0 98 153 263 518 640 
0 99 153 259 508 510 512 513 516 640 
0 99 154 258 508 640 
0 100 154 255 508 640 
0 100 155 254 509 640 
0 100 155 252 509 640 
0 101 155 250 509 640 
0 102 156 248 510 640 
0 102 156 246 510 640 
0 103 157 244 510 640 
0 103 157 242 511 640 
0 104 157 240 511 640 
0 104 158 238 511 640 
0 105 158 236 512 640 
0 105 158 234 512 640 
0 105 158 232 512 640 
0 106 158 230 513 640 
0 106 158 228 513 640 
0 106 158 226 513 640 
0 107 158 224 514 640 
0 107 158 222 514 640 
0 107 158 220 514 640 
0 108 158 218 515 640 
0 108 158 217 515 640 
0 108 158 214 515 640 
0 108 158 212 515 640 
0 109 158 210 516 640 
0 109 158 209 516 640 
0 109 157 208 516 640 
0 110 157 206 517 640 
0 110 157 205 517 640 
0 110 156 203 517 640 
0 110 156 202 517 640 
0 110 156 201 518 640 
0 110 155 200 518 640 
0 110 155 200 518 640 
0 111 155 198 518 640 
0 111 154 197 519 640 
0 111 154 195 519 640 
0 111 154 194 519 640 
0 111 153 193 520 640 
0 111 153 191 520 640 
0 111 153 190 520 640 
0 111 152 189 520 640 
0 111 152 187 521 640 
0 111 152 186 521 640 
0 111 151 185 521 640 
0 111 151 184 522 640 
0 111 151 184 522 640 
0 111 150 184 522 640 
0 111 150 184 521 640 
