0 548 561 640 
0 548 562 640 
0 548 564 640 
0 549 565 640 
0 549 565 640 
0 549 566 640 
0 550 567 640 
0 550 567 640 
0 550 568 640 
0 550 568 640 
0 551 568 640 
0 551 569 640 
0 551 570 640 
0 552 570 640 
0 552 571 640 
0 552 571 640 
0 553 572 640 
0 553 572 640 
0 554 572 640 
0 554 573 640 
0 555 574 640 
0 555 574 640 
0 555 574 640 
0 555 575 640 
0 556 576 640 
0 556 576 640 
0 557 576 640 
0 557 577 640 
0 558 577 640 
0 558 578 640 
0 559 578 640 
0 559 579 640 
0 559 579 640 
0 560 579 640 
0 560 580 640 
0 560 580 640 
0 561 581 640 
0 561 581 640 
0 562 581 640 
0 562 582 640 
0 563 582 640 
0 563 582 640 
0 564 583 640 
0 564 583 640 
0 564 584 640 
0 565 584 640 
0 565 585 640 
0 566 585 640 
0 566 586 640 
0 567 586 640 
0 567 586 640 
0 568 586 640 
0 568 587 640 
0 569 588 640 
0 569 588 640 
0 569 589 640 
0 570 589 640 
0 570 590 640 
0 571 590 640 
0 571 591 640 
0 572 591 640 
0 572 592 640 
0 573 593 640 
0 573 593 640 
0 574 594 640 
0 574 595 640 
0 575 596 640 
0 575 597 640 
0 576 598 640 
0 576 599 640 
0 577 600 640 
0 578 601 640 
0 578 602 640 
0 579 604 640 
0 579 605 640 
0 580 606 640 
0 580 608 640 
0 581 609 640 
0 582 612 640 
0 582 614 640 
0 583 617 640 
0 584 619 640 
0 584 624 640 
0 585 628 640 
0 585 
0 586 
0 587 
0 587 
0 588 
0 589 
0 590 
0 590 
0 591 
0 592 
0 592 
0 594 
0 594 
0 595 
0 596 
0 597 
0 598 
0 599 
0 600 
0 498 500 601 
0 497 501 602 
0 496 501 603 
0 604 
0 605 
0 606 
0 608 
0 609 
0 610 
0 612 
0 614 
0 616 
0 618 
0 620 
0 622 
0 625 
0 628 
0 632 
0 636 638 640 
0 640 
0 640 
0 640 
0 640 
0 640 
0 640 
0 640 
0 640 
0 640 
0 640 
0 640 
0 640 
0 640 
0 640 
0 640 
0 640 
0 640 
0 640 
0 640 
0 640 
0 640 
0 640 
0 640 
0 640 
0 640 
0 640 
0 640 
0 640 
0 640 
0 640 
0 640 
0 640 
0 640 
0 640 
0 640 
0 640 
0 640 
0 640 
0 640 
0 640 
0 640 
0 640 
0 640 
0 640 
0 517 537 640 
0 514 538 640 
0 509 540 640 
0 506 540 640 
0 503 541 640 
0 501 541 640 
0 499 539 540 541 640 
0 497 539 540 541 640 
0 496 540 640 
0 490 540 640 
0 487 540 640 
0 483 539 640 
0 480 538 640 
0 477 538 640 
0 475 538 640 
0 473 538 640 
0 471 538 640 
0 469 538 640 
0 467 538 640 
0 466 538 640 
0 464 538 640 
0 462 539 640 
0 461 539 640 
0 459 539 640 
0 458 539 640 
0 456 539 640 
0 455 539 640 
0 454 540 640 
0 453 541 640 
0 452 544 640 
0 451 547 640 
0 362 366 450 549 640 
0 362 366 448 551 640 
0 362 366 447 552 640 
0 361 366 447 554 640 
0 361 367 446 555 640 
0 361 367 396 400 445 555 640 
0 361 367 394 401 444 556 640 
0 361 367 388 391 393 402 444 556 640 
0 360 367 386 403 443 556 640 
0 360 367 379 383 385 403 442 555 640 
0 360 367 372 404 441 555 640 
0 360 367 370 405 441 556 640 
0 360 367 369 405 440 555 640 
0 186 290 361 406 439 555 640 
0 156 407 439 554 640 
0 133 408 439 553 640 
0 115 410 438 552 640 
0 101 425 438 551 640 
0 89 550 640 
0 81 550 640 
0 75 549 640 
0 69 549 640 
0 64 549 640 
0 60 549 640 
0 57 549 640 
0 54 549 640 
0 51 550 640 
0 50 176 311 368 373 550 640 
0 48 148 346 368 373 413 426 551 640 
0 47 123 361 367 374 414 434 551 640 
0 45 101 361 367 375 416 434 551 640 
0 44 83 361 367 376 419 434 552 640 
0 43 70 361 367 377 421 434 553 640 
0 42 59 361 367 377 424 434 553 640 
0 41 53 361 367 378 426 434 554 640 
0 40 46 360 367 379 429 433 555 640 
0 360 367 380 555 640 
0 360 366 382 556 640 
0 360 366 383 557 640 
0 361 366 384 558 640 
0 362 366 385 559 640 
0 362 366 387 560 640 
0 363 364 389 561 640 
0 392 563 640 
0 394 564 640 
0 397 566 640 
0 400 559 560 566 640 
0 403 559 640 
0 407 560 640 
0 412 560 640 
0 416 561 640 
0 420 561 640 
0 422 562 640 
0 426 562 640 
0 429 563 640 
0 431 563 640 
0 434 564 640 
0 436 564 640 
0 438 565 640 
0 440 564 640 
0 443 565 640 
0 446 560 562 565 640 
0 447 560 564 565 640 
0 450 559 640 
0 452 559 640 
0 455 555 557 559 640 
0 458 556 640 
0 460 557 640 
0 461 557 640 
0 462 557 640 
0 464 558 640 
0 467 559 640 
0 469 560 640 
0 469 562 640 
0 469 563 640 
0 469 565 640 
0 470 565 640 
0 470 566 640 
0 470 567 640 
0 469 567 640 
0 467 568 640 
0 466 568 640 
0 464 568 640 
0 463 568 640 
0 463 569 640 
0 462 568 640 
0 461 568 640 
0 461 568 640 
0 460 569 640 
0 460 570 640 
0 459 570 640 
0 459 570 640 
0 458 570 640 
0 458 569 640 
0 458 570 640 
0 457 570 640 
0 457 570 640 
0 458 570 640 
0 457 570 640 
0 457 570 640 
0 457 570 640 
0 457 570 640 
0 458 569 640 
0 458 568 640 
0 458 568 640 
0 459 568 640 
0 459 567 640 
0 460 567 640 
0 460 566 640 
0 461 565 640 
0 462 565 640 
0 462 564 640 
0 463 564 640 
0 464 563 640 
0 466 562 640 
0 467 562 640 
0 469 561 640 
0 470 560 640 
0 472 560 640 
0 474 560 640 
0 478 559 640 
0 481 560 640 
0 482 560 640 
0 482 560 640 
0 482 560 640 
0 482 560 640 
0 482 560 640 
0 482 560 640 
0 482 560 640 
0 481 560 640 
0 481 560 640 
0 481 560 640 
0 480 560 640 
0 480 560 640 
0 479 560 640 
0 479 560 640 
0 479 560 640 
0 478 560 640 
0 477 560 640 
0 477 560 640 
0 476 560 640 
0 476 561 640 
0 475 561 640 
0 474 561 640 
0 474 561 640 
0 474 561 640 
0 474 561 640 
0 474 561 640 
0 474 561 640 
0 475 562 640 
0 475 562 640 
0 475 562 640 
0 476 562 640 
0 476 562 640 
0 476 562 640 
0 476 563 640 
0 477 563 640 
0 477 563 640 
0 477 563 640 
0 477 563 640 
0 477 564 640 
0 478 564 640 
0 478 564 640 
0 478 565 640 
0 478 565 640 
0 478 565 640 
0 478 565 640 
0 479 565 640 
0 479 565 640 
0 479 565 640 
0 479 566 640 
0 479 566 640 
0 479 566 640 
0 479 566 640 
0 480 566 640 
0 480 567 640 
0 480 567 640 
0 480 567 640 
0 480 568 640 
0 480 568 640 
0 480 568 640 
0 480 568 640 
0 480 568 640 
0 480 569 640 
0 331 336 480 569 640 
0 330 337 480 570 640 
0 329 339 480 570 640 
0 328 340 479 570 640 
0 328 342 479 570 640 
0 327 343 479 571 640 
0 327 345 479 571 640 
0 327 347 479 571 640 
0 327 348 478 571 640 
0 328 351 478 572 640 
0 328 352 478 572 640 
0 329 354 478 572 640 
0 330 356 477 573 640 
0 331 357 477 573 640 
0 333 359 477 573 640 
0 335 361 478 574 640 
0 337 363 479 574 640 
0 339 365 480 574 640 
0 341 367 481 575 640 
0 343 369 482 575 640 
0 345 371 482 575 640 
0 346 373 482 575 640 
0 348 374 482 576 640 
0 350 376 482 576 640 
0 352 378 482 576 640 
0 354 380 482 577 640 
0 355 382 482 577 640 
0 357 384 482 577 640 
0 359 386 482 577 640 
0 361 388 482 578 640 
0 363 390 482 578 640 
0 364 392 482 578 640 
0 366 395 482 579 640 
0 368 397 430 432 482 579 640 
0 370 399 428 433 482 579 640 
0 372 401 426 434 481 580 640 
0 374 403 424 435 481 580 640 
0 375 405 423 436 480 580 640 
0 377 407 423 436 480 581 640 
0 379 410 422 437 480 581 640 
0 381 412 422 437 480 581 640 
0 383 414 422 438 479 581 637 
0 385 416 421 438 478 580 634 
0 387 438 476 580 631 
0 389 438 475 578 628 
0 391 437 473 578 625 
0 393 437 472 579 622 
0 395 437 471 575 577 578 619 
0 397 437 469 571 616 
0 399 439 468 566 568 569 613 
0 401 440 467 564 565 566 610 
0 403 441 466 564 607 
0 405 443 465 564 603 
0 407 445 464 564 565 566 600 
0 410 448 464 566 597 
0 411 450 463 566 594 
0 414 452 462 566 591 
0 415 454 461 567 587 
0 414 456 459 568 584 
0 414 569 581 
0 414 570 578 
0 413 570 573 
0 413 
0 412 
0 412 
0 412 
0 413 
0 413 
0 413 428 431 
0 414 427 433 
0 414 427 435 
0 415 426 437 637 640 
0 416 424 439 635 640 
0 417 424 442 632 633 635 640 
0 420 422 444 627 631 632 640 
0 446 624 640 
0 447 621 623 624 640 
0 446 618 640 
0 446 613 615 618 640 
0 445 615 640 
0 444 608 640 
0 444 605 640 
0 443 604 640 
0 442 602 640 
0 442 594 595 598 640 
0 441 593 640 
0 440 590 640 
0 440 588 640 
0 439 586 640 
0 438 576 578 581 640 
0 438 576 640 
0 437 577 640 
0 436 577 640 
0 436 578 640 
0 435 578 640 
0 434 578 640 
0 434 578 640 
0 433 579 640 
0 433 579 640 
