2 137 320 640 
3 137 320 640 
3 137 320 640 
3 138 320 640 
4 138 320 640 
4 139 320 640 
4 139 320 640 
5 139 320 640 
5 139 320 640 
5 139 320 640 
6 139 320 640 
6 139 320 640 
6 139 320 640 
7 139 320 640 
7 138 320 640 
7 137 320 640 
8 137 320 640 
8 136 320 640 
8 135 320 640 
8 135 320 640 
9 134 320 640 
9 133 320 640 
10 131 320 640 
10 130 320 640 
10 129 320 640 
11 128 320 640 
11 127 320 640 
11 126 320 640 
12 125 320 640 
12 124 320 640 
12 123 320 640 
12 121 320 640 
13 120 320 640 
13 119 320 640 
14 118 320 640 
14 116 320 640 
14 116 320 640 
15 114 320 640 
15 113 320 640 
15 112 320 640 
15 110 320 640 
16 110 320 640 
16 109 320 640 
16 108 320 640 
17 107 320 640 
17 106 320 640 
17 105 320 640 
17 104 320 640 
18 103 320 640 
18 102 320 640 
18 101 320 640 
18 100 320 640 
19 99 320 640 
19 98 320 640 
19 97 320 640 
20 96 320 640 
20 96 320 640 
20 95 320 640 
21 94 320 640 
21 94 320 640 
21 93 320 640 
22 92 320 640 
22 92 320 640 
21 91 320 640 
20 90 320 640 
19 90 320 640 
18 89 320 640 
15 89 320 640 
14 88 320 640 
14 88 320 640 
14 87 320 640 
13 87 320 640 
13 86 320 640 
13 86 320 640 
13 85 320 640 
13 85 320 640 
13 84 320 640 
13 84 320 640 
13 83 320 640 
13 83 320 640 
13 84 87 88 320 640 
14 85 86 89 320 640 
14 89 320 640 
15 89 320 640 
14 90 320 640 
13 89 320 640 
12 88 320 640 
11 88 320 640 
11 88 320 640 
11 89 320 640 
12 90 320 640 
13 90 320 640 
13 90 320 640 
14 90 320 640 
15 89 320 640 
15 89 320 640 
16 89 320 640 
17 89 320 640 
17 88 320 640 
18 87 320 640 
18 87 320 640 
19 86 320 640 
19 86 320 640 
20 85 320 640 
20 85 320 640 
21 85 320 640 
21 84 320 640 
22 84 320 640 
22 84 320 640 
23 85 320 640 
23 84 320 640 
24 84 320 640 
24 84 320 640 
25 85 320 640 
25 85 320 640 
26 84 320 640 
26 83 320 640 
27 82 320 640 
28 82 320 640 
28 81 320 640 
28 81 320 640 
29 80 320 640 
29 80 320 640 
29 80 320 640 
30 79 320 640 
30 80 320 640 
30 80 320 640 
30 80 320 640 
30 80 320 640 
30 79 320 640 
31 79 320 640 
31 80 320 640 
31 81 320 640 
32 82 320 640 
32 83 89 101 320 640 
32 84 86 115 320 640 
32 124 320 640 
33 126 320 640 
33 127 320 640 
33 128 320 640 
34 129 320 640 
34 130 320 640 
34 132 320 640 
35 133 320 640 
35 134 320 640 
35 135 320 640 
35 137 320 640 
36 138 320 640 
36 140 320 640 
36 141 320 640 
37 143 320 640 
37 113 118 145 320 640 
38 105 119 147 320 640 
39 82 121 148 320 640 
39 80 122 150 320 640 
40 77 123 151 320 640 
40 75 125 152 157 161 320 640 
39 74 126 153 156 162 320 640 
39 73 128 155 156 163 320 640 
32 36 37 73 77 80 129 163 320 640 
31 74 76 80 131 164 320 640 
25 81 132 163 320 640 
19 86 133 163 320 640 
17 88 134 163 320 640 
16 89 135 163 320 640 
15 95 136 163 320 640 
14 96 137 162 320 640 
13 97 139 162 320 640 
12 99 140 144 147 161 320 640 
11 103 150 160 320 640 
10 105 153 156 320 640 
9 107 320 640 
9 108 320 640 
9 109 320 640 
8 110 320 640 
7 112 320 640 
7 113 320 640 
6 113 320 640 
6 114 320 640 
6 115 320 640 
6 116 320 640 
6 117 320 640 
6 117 320 640 
7 118 320 640 
7 119 320 640 
8 119 320 640 
8 120 320 640 
9 120 320 640 
10 120 320 640 
11 121 320 640 
13 121 320 640 
14 121 320 640 
16 121 320 640 
17 121 320 640 
19 121 320 640 
22 121 320 640 
25 121 320 640 
28 120 320 640 
32 120 320 640 
36 120 320 640 
40 119 320 640 
43 118 320 640 
21 37 43 117 320 640 
22 40 43 116 320 640 
24 114 320 640 
26 112 320 640 
28 102 104 105 320 640 
29 91 320 640 
30 87 320 640 
31 85 320 640 
32 84 320 640 
34 83 320 640 
35 83 320 640 
36 82 320 640 
36 82 320 640 
37 81 320 640 
38 80 320 640 
38 80 320 640 
39 79 320 640 
40 78 320 640 
40 78 320 640 
41 77 320 640 
42 76 320 640 
43 75 320 640 
43 73 320 640 
44 72 320 640 
45 70 320 640 
47 68 320 640 
48 65 320 640 
50 60 320 640 
320 640 
320 640 
320 640 
320 640 
320 640 
320 640 
320 640 
320 640 
320 640 
320 640 
320 640 
320 640 
320 640 
320 640 
320 640 
320 640 
320 640 
320 640 
320 640 
320 640 
320 640 
320 640 
320 640 
320 640 
320 640 
320 640 
320 640 
320 640 
320 640 
320 640 
320 640 
320 640 
320 640 
320 640 
320 640 
320 640 
320 640 
320 640 
320 640 
320 640 
320 590 595 640 
320 589 597 640 
320 588 599 640 
320 587 601 640 
320 586 602 640 
320 585 603 640 
320 584 605 640 
320 581 606 640 
320 576 607 640 
320 574 608 640 
320 573 609 640 
320 571 610 640 
320 566 611 640 
320 560 612 640 
320 557 612 640 
320 555 611 640 
320 554 610 640 
320 552 607 640 
320 550 600 640 
320 549 598 640 
320 548 598 640 
320 547 598 640 
320 547 599 640 
320 548 600 640 
320 548 600 640 
320 549 600 640 
320 550 601 640 
320 551 601 640 
320 552 601 640 
320 553 602 640 
320 554 602 640 
320 556 602 640 
320 557 603 640 
320 558 603 640 
320 558 603 640 
320 558 604 640 
320 558 604 640 
320 558 604 640 
320 558 605 640 
320 558 605 640 
320 557 605 640 
320 556 606 640 
320 556 606 640 
320 555 606 640 
320 554 604 640 
320 554 603 640 
320 553 603 640 
320 552 603 640 
320 551 605 640 
320 549 605 640 
320 547 605 640 
320 546 604 640 
320 544 604 640 
320 542 604 640 
320 540 604 640 
320 538 604 640 
320 536 606 640 
320 535 606 640 
320 533 606 640 
320 530 606 640 
320 528 606 640 
320 526 540 541 606 640 
320 524 606 640 
320 522 606 640 
320 520 534 535 606 640 
320 518 521 524 532 534 606 640 
320 523 530 532 607 640 
320 522 607 640 
320 522 607 640 
320 521 608 640 
320 520 608 640 
320 519 609 640 
320 519 610 640 
320 518 610 640 
320 518 611 640 
320 517 519 520 611 640 
320 517 518 519 612 640 
320 519 612 640 
320 518 612 640 
320 517 613 640 
320 516 613 640 
320 515 613 640 
320 515 614 640 
320 514 614 640 
320 513 614 640 
320 512 614 640 
320 511 614 640 
320 511 614 640 
320 509 614 640 
320 508 614 640 
320 507 615 640 
320 507 615 640 
320 509 510 513 615 640 
320 513 615 640 
320 511 616 640 
320 510 617 640 
320 509 618 640 
320 508 617 640 
320 507 511 514 618 640 
320 507 509 513 551 553 618 640 
320 511 548 553 618 640 
320 511 523 526 545 552 618 640 
320 514 520 526 542 551 618 640 
320 521 524 527 529 530 540 550 618 640 
320 520 521 523 524 528 538 550 618 640 
320 527 535 549 617 640 
320 549 617 640 
320 548 617 640 
320 548 617 640 
320 547 617 640 
320 547 617 640 
320 546 550 551 617 640 
320 546 549 551 617 640 
320 546 548 550 617 640 
320 545 547 550 618 640 
320 545 546 550 618 640 
320 545 546 549 618 640 
320 549 618 640 
320 549 618 640 
320 549 618 640 
320 548 618 640 
320 548 618 640 
320 548 618 640 
320 548 619 640 
320 548 619 640 
320 547 619 640 
320 547 619 640 
320 547 619 640 
320 547 620 640 
320 546 620 640 
320 546 620 640 
320 546 620 640 
320 546 620 640 
320 545 620 640 
320 545 620 640 
320 545 621 640 
320 546 562 565 621 640 
320 546 560 566 621 640 
320 547 557 566 621 640 
320 548 555 566 621 640 
320 566 621 640 
320 566 621 640 
320 566 568 569 622 640 
320 569 622 640 
320 569 622 640 
320 568 622 640 
320 568 622 640 
320 568 622 640 
320 568 622 640 
320 567 622 640 
320 567 622 640 
320 567 623 640 
320 566 623 640 
320 566 623 640 
320 566 623 640 
320 565 623 640 
320 565 624 640 
320 565 624 640 
320 564 624 640 
320 564 625 640 
320 564 625 640 
320 564 625 640 
320 563 625 640 
320 563 625 640 
320 563 626 640 
320 563 626 640 
320 562 626 640 
320 562 626 640 
320 562 626 640 
320 562 627 640 
320 561 627 640 
320 561 627 640 
320 561 627 640 
320 561 627 640 
320 561 627 640 
320 560 628 640 
320 560 628 640 
320 560 628 640 
320 560 628 640 
320 560 628 640 
320 559 628 640 
320 559 629 640 
320 559 629 640 
320 559 629 640 
320 559 629 640 
320 559 630 640 
320 558 630 640 
320 558 630 640 
320 558 630 640 
320 558 630 640 
320 558 630 640 
320 558 630 640 
320 558 630 640 
320 558 631 640 
320 558 631 640 
320 557 631 640 
320 557 631 640 
320 557 631 640 
320 557 631 640 
320 557 631 640 
320 557 631 640 
320 557 631 640 
320 557 631 640 
320 557 631 640 
320 557 632 640 
320 557 632 640 
320 556 632 640 
320 556 632 640 
320 556 632 640 
320 556 631 640 
