























190 195 
182 197 
180 198 
179 198 231 236 
177 199 224 243 
177 199 219 248 
175 199 214 253 
174 199 211 255 
173 200 208 257 
170 200 205 259 
169 200 202 261 
168 263 
168 265 
167 267 
167 268 
166 269 
161 164 166 271 
160 272 
160 274 
160 277 
159 280 
159 283 
159 286 
159 289 
158 291 
158 292 
158 294 
158 295 
158 169 170 296 
157 168 170 298 
157 168 169 298 
157 300 
157 300 
157 301 
156 302 
156 303 
156 303 
156 304 
156 304 
156 305 
156 305 
156 305 
156 306 
156 306 
155 306 
155 306 
154 306 
154 307 
153 307 
152 307 
152 307 
151 307 
150 307 
150 308 
149 308 
149 310 
148 311 
147 311 
147 312 
147 313 
147 314 
147 315 
148 316 
149 316 
150 317 
150 318 
150 318 
150 319 
149 320 
149 320 
148 321 
148 322 
148 323 
148 324 
148 324 
150 325 
152 325 
152 326 383 392 
152 326 378 396 
152 327 376 398 
152 327 374 400 
152 328 372 402 
153 329 371 408 
153 329 370 414 
153 329 369 420 
153 330 368 424 
153 330 367 429 
154 331 366 432 
154 331 365 435 
154 331 365 437 
154 332 364 440 
154 332 363 443 
155 333 363 445 
155 333 362 447 
155 334 362 448 
155 334 361 449 
156 335 361 451 453 460 
156 335 361 463 
156 336 361 465 
156 336 361 467 
157 337 360 468 
157 337 360 469 
157 338 360 470 
158 338 360 471 
158 338 360 472 
158 339 360 473 
159 339 360 474 
159 339 360 474 
160 339 360 475 
160 340 360 475 
160 340 360 476 
161 340 361 477 
161 340 361 477 
161 340 361 478 
160 341 361 478 
160 341 361 478 
160 341 361 479 
160 341 361 479 
159 341 361 479 
159 340 361 479 
159 340 360 480 
159 340 360 480 
158 340 360 480 
158 340 359 480 
158 340 359 480 
157 340 358 479 
157 339 357 479 
157 339 356 479 
157 339 356 479 
156 339 356 479 
156 339 355 479 
156 338 355 479 
155 338 354 479 
155 338 354 478 
155 338 353 478 
155 337 353 478 
155 337 353 477 
154 337 352 477 
154 336 352 477 
154 336 351 476 
153 335 351 475 
153 335 350 475 
153 335 350 474 
153 335 350 473 
152 334 349 472 
152 334 349 471 
152 333 349 470 
152 333 348 468 
152 333 348 464 
151 332 347 462 
151 332 347 462 
151 331 346 462 
151 331 346 462 
151 331 345 462 
151 330 345 462 
151 330 345 462 
150 330 344 462 
150 329 344 462 
150 329 343 462 
150 323 324 329 343 462 
150 322 324 328 342 462 
150 322 325 328 342 462 
150 322 325 328 342 462 
150 321 325 327 341 462 
150 315 316 321 325 327 341 462 
149 314 316 320 324 326 340 462 
149 302 304 313 316 320 324 326 340 462 
149 302 304 313 316 319 324 325 340 462 
149 300 304 311 316 319 339 462 
149 153 154 162 163 293 294 300 303 311 339 462 
149 151 155 162 164 291 294 299 303 310 338 462 
155 162 165 171 173 289 294 298 303 309 338 462 
155 162 165 171 174 288 293 298 304 309 337 462 
156 163 166 171 175 286 293 297 304 307 337 463 
156 163 166 171 176 286 293 297 303 307 336 463 
157 163 167 172 176 285 292 297 302 307 319 463 
158 163 167 172 177 463 
158 164 168 172 179 463 
159 164 169 172 180 463 
159 164 169 171 181 463 
160 165 182 463 
160 165 184 463 
161 165 187 463 
162 165 188 463 
163 166 189 463 
190 463 
190 463 
191 463 
191 463 
190 463 
190 463 
190 464 
189 464 
187 464 
186 464 
185 464 
185 464 
186 464 
186 464 
186 464 
187 465 
187 466 
188 468 
188 469 
189 471 
190 473 
190 476 
191 478 
191 480 
192 482 
193 484 
193 486 
194 488 
194 490 
194 492 
193 495 
193 497 
192 499 
192 501 
191 503 
190 505 
187 507 
185 509 
184 511 
182 513 
181 515 
180 517 
179 518 
177 520 
177 522 
176 523 
175 525 
174 526 
173 527 
172 323 325 529 
171 322 327 530 
170 323 327 531 
169 323 327 532 
168 324 327 533 
167 324 326 534 
166 534 
165 535 
165 535 
164 536 
163 536 
162 536 
162 536 
161 536 
160 536 
160 537 
159 537 
158 537 
158 537 
157 537 
156 537 
156 537 
155 538 
155 538 
154 538 
154 538 
154 538 
154 538 
153 450 456 538 
153 449 460 538 
153 449 466 537 
152 449 472 537 
151 449 480 536 
150 449 486 535 
150 449 494 535 
149 449 503 533 
147 449 
146 449 
146 448 
145 448 
144 448 
143 448 
142 448 
142 448 
141 448 
140 448 
140 448 
139 441 443 448 
139 440 443 448 
138 439 443 448 
137 439 443 448 
137 439 444 448 
136 438 444 448 
136 438 444 448 
136 438 445 448 
135 438 445 449 
135 437 446 449 
135 437 
135 437 
135 437 
134 438 
134 439 
134 439 
134 440 
134 441 
134 434 435 441 
134 434 437 441 
134 434 
134 434 
134 434 
134 434 
134 435 
134 435 
134 435 
135 435 
135 435 
135 436 
135 436 
136 436 
136 436 
136 436 
137 436 
138 436 
139 435 
139 435 
140 435 
140 434 
141 434 
142 429 
143 429 
144 429 
146 429 
148 429 
151 429 
153 429 
155 429 
157 429 
158 429 
158 429 
159 429 
159 429 
160 429 
160 429 
161 429 
161 270 272 430 
161 269 273 430 
161 269 274 430 
161 269 274 430 
161 268 275 430 
161 268 275 430 
161 268 276 430 
161 268 278 430 
161 267 280 430 
161 267 281 430 
161 266 281 430 
161 266 282 430 
161 266 282 430 
161 266 283 430 
161 265 283 430 
161 265 282 431 
161 265 282 431 
161 264 281 432 
161 264 281 432 
161 264 280 433 
161 264 280 434 
161 263 279 435 
161 263 279 435 
160 263 278 436 
160 262 277 437 
160 262 277 438 
160 262 276 438 
160 261 276 439 
160 261 275 440 
160 261 275 441 
160 260 274 441 
160 260 274 442 
160 260 273 443 
160 260 273 444 
160 259 272 444 
159 259 272 445 
159 259 271 445 
159 259 271 446 
159 258 270 447 
159 258 270 447 
159 258 269 448 
159 258 269 449 
159 257 268 449 
159 257 268 449 
158 257 267 450 
158 256 266 450 
158 256 266 450 
158 256 265 451 
158 256 265 451 
158 255 264 452 
158 255 264 452 
157 255 263 452 
157 255 263 452 
157 255 262 453 
156 254 261 453 
156 254 261 453 
156 254 260 453 
155 254 260 454 
155 254 259 454 
154 253 259 454 
154 253 258 454 
154 253 258 454 
153 253 257 454 
152 253 256 454 
151 253 256 454 
151 253 255 454 
150 253 255 454 
149 253 254 454 
149 454 
148 454 
147 454 
147 454 
146 454 
146 455 
145 455 
145 455 
144 455 
144 455 
144 455 
143 455 
143 455 
143 455 
142 455 
141 455 
140 455 
139 316 317 455 
138 315 318 455 
137 315 318 455 
136 314 318 455 
136 314 317 455 
135 313 317 455 
135 312 317 455 
134 312 317 455 
134 311 317 455 
134 310 317 455 
134 310 317 455 
134 310 317 455 
134 309 316 455 
134 308 316 455 
134 308 316 455 
134 307 316 456 
135 306 316 456 
135 306 316 456 
135 305 316 456 
136 305 316 362 363 456 
136 304 316 362 364 456 
136 304 315 362 365 456 
136 303 315 362 365 456 
137 303 315 362 366 456 
137 302 315 361 366 456 
136 301 315 361 367 456 
136 301 315 361 367 456 
136 300 315 361 368 456 
135 300 314 361 369 456 
135 299 314 361 370 456 
135 299 314 362 370 456 
134 298 314 362 370 456 
134 298 314 362 371 457 
