0 102 105 106 115 640 
0 101 116 640 
0 103 117 640 
0 105 117 640 
0 107 117 640 
0 109 117 640 
0 111 116 640 
0 113 116 640 
0 640 
0 640 
0 640 
0 640 
0 640 
0 640 
0 640 
0 640 
0 640 
0 640 
0 640 
0 640 
0 640 
0 640 
0 640 
0 640 
0 640 
0 640 
0 640 
0 640 
0 640 
0 640 
0 640 
0 110 112 640 
0 108 111 640 
0 106 110 640 
0 103 108 640 
0 102 105 640 
0 640 
0 640 
0 640 
0 640 
0 640 
0 141 147 640 
0 136 146 640 
0 133 143 640 
0 137 140 640 
0 640 
0 640 
0 640 
0 640 
0 640 
0 640 
0 640 
0 640 
0 293 300 640 
0 288 300 640 
0 284 298 640 
0 281 296 640 
0 279 294 640 
0 279 289 509 512 640 
0 507 512 640 
0 506 512 640 
0 505 512 640 
0 503 511 640 
0 502 511 640 
0 501 510 640 
0 500 509 640 
0 500 509 640 
0 499 508 640 
0 498 508 640 
0 498 507 640 
0 500 506 640 
0 501 505 640 
0 503 504 640 
0 640 
0 640 
0 640 
0 640 
0 640 
0 640 
0 640 
0 640 
0 640 
0 640 
0 640 
0 640 
0 640 
0 640 
0 640 
0 640 
0 640 
0 640 
0 640 
0 640 
0 640 
0 640 
0 640 
0 640 
0 640 
0 640 
0 640 
0 640 
0 640 
0 640 
0 640 
0 640 
0 640 
0 640 
0 640 
0 640 
0 640 
0 293 304 640 
0 152 153 291 306 640 
0 150 160 290 307 640 
0 290 309 640 
0 291 311 640 
0 293 313 640 
0 294 313 640 
0 296 311 640 
0 298 309 640 
0 640 
0 640 
0 640 
0 640 
0 640 
0 640 
0 640 
0 640 
0 640 
0 640 
0 640 
0 640 
0 640 
0 640 
0 640 
0 640 
0 640 
0 640 
0 29 30 640 
0 28 33 640 
0 28 35 640 
0 28 36 640 
0 28 38 640 
0 29 39 640 
0 29 40 640 
0 29 41 640 
0 29 41 640 
0 30 41 640 
0 30 42 640 
0 30 42 640 
0 31 42 640 
0 32 43 640 
0 32 42 640 
0 33 43 640 
0 35 43 640 
0 36 43 640 
0 37 43 640 
0 39 42 640 
0 640 
0 640 
0 640 
0 640 
0 640 
0 640 
0 640 
0 640 
0 640 
0 640 
0 640 
0 640 
0 640 
0 640 
0 640 
0 640 
0 640 
0 640 
0 640 
0 640 
0 640 
0 640 
0 640 
0 640 
0 640 
0 640 
0 640 
0 640 
0 640 
0 640 
0 640 
0 640 
0 640 
0 640 
0 640 
0 640 
0 640 
0 640 
0 552 559 640 
0 551 560 640 
0 551 559 640 
0 552 557 640 
0 553 555 640 
0 640 
0 640 
0 640 
0 640 
0 640 
0 640 
0 640 
0 640 
0 640 
0 640 
0 640 
0 640 
0 640 
0 640 
0 640 
0 640 
0 640 
0 640 
0 640 
0 640 
0 640 
0 640 
0 640 
0 640 
0 640 
0 640 
0 640 
0 640 
0 640 
0 640 
0 640 
0 640 
0 640 
0 640 
0 640 
0 311 315 640 
0 311 315 640 
0 311 316 640 
0 310 315 640 
0 310 315 640 
0 310 315 640 
0 310 314 640 
0 310 313 640 
0 310 312 640 
0 310 311 640 
0 640 
0 640 
0 640 
0 640 
0 640 
0 640 
0 640 
0 274 281 640 
0 274 285 640 
0 5 8 274 288 640 
0 4 9 274 291 640 
0 3 10 274 293 640 
0 4 10 275 294 640 
0 4 11 275 295 298 299 640 
0 5 11 275 295 298 299 640 
0 6 11 276 296 298 299 636 639 640 
0 8 11 277 296 299 300 636 
0 277 297 299 300 635 
0 277 297 299 300 634 
0 278 298 299 300 633 
0 278 300 632 
0 279 301 465 467 631 638 640 
0 280 301 464 466 630 636 640 
0 282 301 463 466 631 633 640 
0 284 300 462 465 640 
0 289 295 461 464 640 
0 460 464 640 
0 458 463 640 
0 457 463 640 
0 457 462 640 
0 80 81 455 462 640 
0 78 81 455 461 640 
0 77 82 454 461 640 
0 76 82 453 460 640 
0 75 83 453 460 640 
0 75 83 452 459 640 
0 74 83 451 459 640 
0 74 83 451 458 640 
0 74 83 450 458 640 
0 74 83 449 457 640 
0 74 82 449 457 640 
0 74 82 448 456 640 
0 74 81 448 456 640 
0 75 81 447 455 640 
0 75 80 447 455 640 
0 77 80 446 454 640 
0 445 454 640 
0 445 453 640 
0 445 452 640 
0 444 452 640 
0 444 451 640 
0 443 451 640 
0 443 450 640 
0 443 449 640 
0 442 449 640 
0 442 448 640 
0 351 352 442 448 640 
0 350 352 441 447 640 
0 349 351 441 446 640 
0 348 351 441 446 640 
0 346 351 441 445 640 
0 345 350 440 445 640 
0 344 350 440 444 640 
0 287 288 290 292 343 350 440 444 640 
0 284 296 342 349 440 443 640 
0 284 307 341 349 440 442 640 
0 285 306 340 348 440 442 640 
0 258 260 287 300 340 347 439 441 640 
0 257 260 339 347 439 441 640 
0 255 260 338 346 439 440 640 
0 254 259 338 345 640 
0 253 259 337 344 640 
0 253 259 337 344 640 
0 252 258 337 343 640 
0 252 258 337 342 640 
0 251 257 336 342 640 
0 251 257 336 341 640 
0 251 256 336 340 640 
0 251 255 336 340 640 
0 173 174 251 254 337 339 640 
0 169 178 251 253 640 
0 170 179 251 252 640 
0 170 180 640 
0 171 181 640 
0 172 182 640 
0 172 183 640 
0 173 183 640 
0 174 183 640 
0 175 184 640 
0 178 184 640 
0 640 
0 640 
0 421 422 640 
0 421 423 640 
0 421 423 640 
0 421 424 640 
0 422 425 640 
0 422 425 640 
0 422 426 640 
0 422 426 640 
0 423 426 640 
0 423 427 640 
0 423 427 640 
0 424 427 640 
0 424 428 640 
0 425 428 640 
0 176 177 425 428 640 
0 176 181 426 429 640 
0 178 184 427 429 640 
0 180 187 427 429 640 
0 183 188 640 
0 185 190 640 
0 188 191 640 
0 190 192 640 
0 640 
0 640 
0 640 
0 640 
0 640 
0 640 
0 640 
0 640 
0 640 
0 640 
0 640 
0 640 
0 640 
0 640 
0 640 
0 640 
0 640 
0 640 
0 640 
0 640 
0 640 
0 640 
0 640 
0 226 235 640 
0 225 234 554 563 640 
0 224 233 555 566 640 
0 223 231 557 569 640 
0 223 228 558 570 640 
0 559 572 640 
0 560 573 640 
0 562 574 640 
0 563 575 640 
0 564 576 640 
0 284 291 565 578 640 
0 285 295 566 579 640 
0 287 296 568 580 640 
0 571 581 640 
0 415 417 640 
0 19 21 415 417 640 
0 16 23 414 418 640 
0 5 6 13 24 413 418 640 
0 2 24 347 354 413 418 640 
0 2 25 344 351 412 419 640 
0 1 25 412 419 640 
0 1 24 412 419 640 
24 411 419 640 
23 411 419 640 
23 411 419 640 
22 411 418 640 
22 411 418 640 
21 411 418 640 
21 411 417 640 
20 411 417 640 
19 411 417 640 
18 411 416 640 
18 412 416 640 
17 413 415 640 
16 412 415 640 
15 412 414 640 
15 640 
14 640 
13 640 
12 640 
11 640 
11 640 
10 640 
9 640 
8 640 
7 640 
6 640 
5 640 
4 640 
3 640 
0 1 2 640 
0 640 
0 640 
0 640 
0 640 
0 520 531 640 
0 518 534 640 
0 518 536 640 
0 518 538 640 
0 519 539 640 
0 520 540 640 
0 521 540 640 
0 522 541 640 
0 523 542 640 
0 524 543 640 
0 525 544 640 
0 79 80 526 545 640 
0 79 80 527 545 640 
0 79 80 528 546 640 
0 79 80 167 175 530 547 640 
0 79 80 164 165 166 177 532 546 640 
0 79 81 165 178 535 544 640 
0 79 81 164 180 640 
0 80 81 163 180 640 
0 80 81 163 181 588 592 640 
0 160 182 585 596 640 
0 160 182 583 598 640 
0 158 182 263 266 582 600 640 
0 157 182 258 267 579 603 640 
0 157 181 256 268 578 605 640 
0 156 180 255 268 576 606 640 
0 155 178 253 268 575 607 640 
0 154 177 253 268 573 609 640 
0 152 176 253 268 573 609 640 
0 151 175 207 209 253 268 573 610 640 
0 151 174 207 210 253 268 574 608 640 
0 150 173 207 210 253 268 575 605 640 
0 150 172 206 210 253 268 576 602 640 
0 151 171 206 211 255 267 579 600 640 
0 154 170 206 211 257 267 582 598 640 
0 157 169 206 212 259 266 586 595 640 
0 160 166 206 212 589 593 640 
0 206 213 640 
0 206 213 640 
0 206 213 640 
0 206 213 640 
0 207 212 640 
0 209 211 640 
