



















350 365 
343 373 
339 379 
336 383 
333 385 
245 268 330 386 
240 274 328 387 
234 278 326 387 
231 281 325 387 
228 283 324 388 
224 285 306 308 323 389 
223 286 296 318 323 390 
222 287 294 319 322 390 
221 288 292 320 322 390 
221 288 291 391 
221 289 290 391 
220 391 
220 390 
219 390 
219 390 
219 390 
218 390 
218 390 
219 390 
220 389 
220 388 
220 388 
220 388 
221 388 
221 388 
221 388 
222 388 
223 388 
223 388 
223 388 
223 387 
224 387 
224 387 
224 387 
225 387 
225 388 
226 387 
226 387 
226 386 
226 386 
226 386 
226 386 
227 386 
228 386 
228 386 
229 386 
229 385 
229 384 
229 383 
229 384 
230 384 
230 384 
231 382 
232 382 
233 382 
233 382 
233 382 
233 381 
234 363 369 380 
234 363 372 379 
235 363 
235 363 
236 363 
237 247 250 364 
238 243 249 364 
249 365 
249 366 
248 366 
248 367 
248 368 
248 368 
248 369 
247 369 
247 370 
248 371 
248 371 
248 372 
248 372 
248 373 
248 373 
247 374 
247 374 
247 374 
247 374 
247 374 
246 374 
246 374 
246 374 
246 373 
246 372 
246 372 
246 369 
245 362 364 366 
245 361 
245 360 
244 360 
244 359 
244 359 
243 359 
243 359 
242 358 
242 358 
241 358 
241 357 
241 357 
240 356 
240 356 
239 356 
239 355 
238 355 
238 354 
237 354 
237 241 242 354 
236 240 242 353 
236 239 241 352 
235 238 241 352 
235 238 241 351 
234 237 241 351 
234 236 240 350 
240 350 
240 349 
239 349 
239 348 
239 348 
238 347 
238 345 
238 346 
237 344 345 346 
237 344 
237 343 
236 343 
236 342 
236 342 
235 342 
235 341 
235 340 
235 341 
234 346 
234 356 
233 357 
233 235 237 357 
233 235 237 356 
233 234 237 356 
232 234 237 355 
232 234 237 354 
232 233 237 354 
231 233 237 242 243 353 
231 233 237 241 243 353 
237 241 243 353 
237 241 243 354 
231 233 237 240 243 356 
237 240 243 358 
237 240 243 359 
237 239 243 361 
237 239 243 362 
237 239 243 364 
236 239 243 365 
236 239 243 366 
236 238 243 367 
236 238 242 368 
236 238 242 369 
236 238 241 370 
236 237 241 371 
241 372 
240 372 
239 373 
239 374 
238 374 
238 374 
238 375 
237 375 
236 375 
236 376 
236 376 
235 376 
235 376 
234 376 
234 377 
233 377 
233 377 
233 377 
232 377 
232 377 
232 377 
232 377 
231 377 
230 377 
230 377 
230 377 
229 378 
229 378 
228 378 
228 378 
229 378 
228 378 
228 268 269 378 
227 268 270 378 
227 268 270 378 
226 267 270 378 
226 267 270 378 
226 267 270 379 
225 267 270 379 
225 267 270 379 
225 266 270 382 
225 266 270 386 
225 266 270 391 
224 266 270 392 
224 265 270 393 
224 265 270 394 
223 265 270 395 
222 265 270 395 
221 265 270 395 
220 267 270 395 
220 269 270 394 
220 269 270 394 
221 268 270 393 
221 267 270 393 
222 267 270 392 
222 268 270 391 
222 269 270 391 
222 390 
221 390 
221 389 
221 389 
221 388 
221 388 
222 387 
221 269 271 387 
221 268 271 388 
220 267 272 388 
220 266 272 388 
220 265 272 388 
220 265 273 389 
220 264 273 389 
220 264 273 389 
220 264 274 390 
220 264 274 390 
220 264 274 390 
220 264 275 390 
220 264 275 390 
220 264 275 391 
220 264 276 391 
220 264 276 391 
220 264 276 392 
220 264 276 392 
220 264 277 392 
220 264 277 392 
220 264 277 393 
220 263 277 393 
219 263 278 393 
220 263 278 393 
219 263 278 393 
219 263 278 394 
219 263 278 394 
219 263 279 394 
219 263 279 394 
220 263 279 394 
220 263 279 395 
219 263 279 395 
219 263 279 396 
219 263 279 396 
219 263 279 397 
220 263 279 397 
220 263 279 397 
220 263 279 398 
220 263 279 398 
219 263 279 398 
219 263 279 399 
219 263 279 399 
218 263 279 400 
218 263 279 400 
217 263 279 400 
217 263 278 401 
217 263 278 401 
216 263 278 402 
216 263 278 402 
215 263 278 402 
215 263 278 403 
214 263 278 403 
214 263 278 404 
213 262 278 404 
213 262 278 404 
213 262 278 405 
212 262 277 405 
212 262 277 406 
211 262 277 406 
211 262 277 406 
210 262 277 407 
210 262 277 407 
209 262 277 408 
209 262 277 408 
209 262 277 409 
208 262 277 409 
208 262 277 409 
208 261 277 410 
207 261 277 410 
206 261 278 411 
206 261 278 411 
205 261 278 412 
205 261 277 412 
205 261 277 412 
204 260 276 413 
204 260 276 413 
203 260 276 414 
203 260 277 414 
202 260 279 415 
202 260 279 415 
202 260 278 416 
201 260 277 416 
201 259 277 417 
200 259 276 417 
200 259 275 417 
200 259 275 418 
199 259 274 418 
198 259 274 419 
198 259 273 419 
198 258 273 420 
197 258 272 420 
197 258 272 420 
196 258 271 420 
196 258 271 420 
195 258 270 420 
195 258 270 419 
195 257 269 419 
194 257 269 419 
193 257 268 419 
193 257 268 418 
193 257 268 418 
192 257 267 417 
192 257 267 417 
191 256 266 417 
191 256 266 416 
191 256 266 416 
192 256 265 416 
192 255 265 415 
193 255 265 415 
194 255 264 414 
195 255 264 414 
195 254 264 413 
196 254 263 413 
197 254 263 414 
198 254 263 414 
198 253 263 414 
198 253 262 414 
198 253 262 415 
198 253 262 415 
198 253 262 415 
198 252 261 415 
197 252 261 415 
197 252 261 415 
197 251 261 416 
196 251 260 416 
196 251 260 416 
195 250 260 417 
195 250 260 416 
195 250 259 416 
195 250 259 415 
194 249 259 415 
194 249 259 415 
194 249 258 415 
194 248 258 415 
194 248 257 414 
193 248 257 414 
193 247 257 414 
193 247 257 413 
193 247 256 413 
193 246 256 413 
193 246 256 413 
193 246 255 412 
192 245 255 411 
192 245 255 410 
192 244 254 407 
192 244 254 405 
192 244 254 404 
192 243 253 404 
192 243 253 404 
192 242 253 404 
192 242 252 404 
192 242 252 403 
192 241 252 403 
192 241 251 403 
192 240 251 403 
193 240 250 402 
194 239 250 402 
195 239 250 403 
196 238 249 403 
196 238 249 403 
196 237 249 404 
196 237 248 404 
195 236 248 404 
195 236 247 404 
195 235 247 405 
195 235 246 405 
194 234 246 405 
194 234 246 406 
194 233 245 406 
194 233 245 406 
193 232 244 407 
193 232 244 407 
193 231 244 407 
192 230 243 408 
192 230 243 408 
192 229 242 408 
192 229 242 408 
191 228 242 409 
191 227 241 409 
191 227 241 409 
191 226 241 409 
190 226 240 410 
190 225 240 410 
190 224 239 410 
190 224 239 411 
190 223 239 411 
189 223 238 411 
189 222 238 412 
189 221 237 412 
189 221 237 412 
189 220 237 413 
188 219 236 413 
188 219 236 413 
188 218 235 413 
188 218 235 414 
188 217 235 414 
188 216 234 414 
188 215 234 414 
188 215 234 415 
188 214 233 415 
188 213 233 415 
188 213 232 416 
188 212 232 416 
188 211 232 416 
188 211 231 417 
188 210 231 417 
189 209 230 417 
189 209 230 417 
190 208 230 418 
190 207 229 418 
191 206 229 418 
191 205 229 418 
192 204 228 419 
194 203 228 419 
196 202 227 419 
196 203 227 420 
196 198 200 202 227 420 
196 198 200 203 226 420 
195 197 200 203 226 421 
194 197 200 203 225 421 
194 196 200 203 225 421 
193 196 200 203 225 422 
193 195 200 203 224 422 
200 203 224 422 
192 194 200 203 223 422 
200 203 223 423 
200 203 222 423 
200 204 222 424 
