0 640 
0 640 
0 640 
0 640 
0 640 
0 640 
0 640 
0 640 
0 640 
0 640 
0 640 
0 640 
0 640 
0 640 
0 640 
0 640 
0 640 
0 640 
0 640 
0 640 
0 640 
0 640 
0 640 
0 640 
0 640 
0 640 
0 640 
0 640 
0 640 
0 640 
0 640 
0 640 
0 640 
0 640 
0 640 
0 640 
0 640 
0 640 
0 640 
0 640 
0 640 
0 640 
0 640 
0 640 
0 640 
0 640 
0 640 
0 640 
0 640 
0 640 
0 640 
0 640 
0 640 
0 640 
0 640 
0 640 
0 640 
0 640 
0 316 322 640 
0 312 326 640 
0 308 329 640 
0 306 330 640 
0 303 331 640 
0 300 332 640 
0 298 334 640 
0 295 335 640 
0 294 336 640 
0 292 338 640 
0 290 339 640 
0 289 340 640 
0 286 341 372 381 640 
0 284 343 369 382 640 
0 282 344 366 383 640 
0 280 345 361 383 640 
0 279 347 358 383 640 
0 277 348 355 382 640 
0 276 349 353 382 640 
0 274 381 640 
0 273 381 640 
0 271 380 640 
0 270 379 640 
0 269 378 640 
0 268 377 640 
0 267 376 640 
0 265 375 640 
0 265 374 640 
0 264 372 640 
0 263 371 640 
0 262 370 640 
0 262 369 640 
0 261 367 640 
0 261 366 640 
0 260 365 640 
0 260 364 640 
0 260 362 640 
0 260 361 640 
0 259 361 640 
0 259 362 640 
0 260 362 640 
0 260 363 640 
0 260 364 640 
0 260 365 640 
0 260 366 640 
0 260 367 640 
0 260 368 640 
0 260 368 640 
0 260 369 640 
0 260 370 640 
0 260 371 640 
0 260 372 640 
0 260 373 640 
0 260 373 640 
0 260 374 640 
0 260 375 640 
0 260 376 640 
0 260 375 640 
0 260 372 640 
0 260 372 640 
0 260 372 640 
0 260 373 640 
0 260 373 640 
0 260 373 640 
0 260 374 640 
0 260 374 640 
0 260 373 640 
0 260 370 372 373 640 
0 260 370 372 373 640 
0 259 370 372 373 640 
0 257 369 640 
0 256 369 640 
0 255 369 640 
0 254 366 367 368 640 
0 253 366 640 
0 251 365 640 
0 250 365 640 
0 249 363 640 
0 248 362 640 
0 247 362 640 
0 246 361 640 
0 245 360 640 
0 244 361 640 
0 244 361 640 
0 243 362 640 
0 242 362 640 
0 242 363 640 
0 241 364 640 
0 241 366 640 
0 241 367 640 
0 242 255 260 368 640 
0 243 252 260 368 640 
0 260 367 640 
0 260 366 640 
0 260 365 640 
0 260 364 640 
0 261 363 640 
0 261 362 640 
0 261 362 640 
0 260 362 640 
0 258 362 640 
0 256 362 640 
0 255 362 640 
0 253 361 640 
0 252 361 640 
0 251 360 640 
0 250 360 640 
0 249 359 640 
0 249 359 640 
0 248 358 640 
0 247 357 640 
0 247 357 640 
0 182 226 247 356 640 
0 174 236 246 356 640 
0 167 244 246 356 640 
0 160 355 640 
0 155 355 640 
0 150 355 640 
0 2 10 147 355 640 
11 143 354 640 
11 140 354 640 
11 138 354 640 
11 135 353 640 
11 133 353 640 
11 131 353 640 
10 128 352 640 
10 126 352 640 
9 124 352 640 
8 123 351 640 
8 121 351 640 
7 119 350 640 
6 116 350 640 
5 114 349 640 
4 111 182 214 215 216 348 640 
3 107 170 229 348 640 
3 102 165 236 347 640 
3 95 160 246 347 640 
9 83 154 249 346 640 
19 58 151 251 346 640 
147 252 345 640 
144 253 345 640 
142 254 346 640 
140 255 350 640 
138 255 352 640 
135 257 354 640 
134 258 357 640 
132 259 359 640 
131 260 362 640 
129 262 364 640 
127 263 367 640 
126 264 370 640 
124 266 372 640 
123 268 374 382 388 640 
121 270 377 380 389 640 
120 274 391 640 
118 277 278 280 281 282 283 286 392 640 
117 286 395 640 
115 286 398 640 
113 285 400 640 
110 285 401 640 
108 285 402 640 
0 2 106 285 405 640 
0 3 102 285 409 640 
0 3 98 285 411 640 
0 3 92 285 412 640 
0 3 85 285 414 640 
0 3 81 285 417 640 
0 3 80 285 419 640 
0 3 79 285 420 640 
0 3 79 285 420 640 
0 3 79 285 420 640 
0 3 79 285 420 640 
0 3 78 285 362 365 420 640 
0 3 78 285 363 368 421 640 
0 3 78 284 364 370 421 640 
0 3 78 284 364 371 423 640 
0 3 78 284 364 371 424 640 
0 3 78 284 365 372 427 640 
0 3 78 284 365 372 428 640 
0 3 78 284 366 372 430 640 
0 3 78 284 366 373 432 640 
0 3 77 284 287 288 367 373 433 640 
0 3 77 284 287 289 367 373 435 640 
0 3 77 285 287 289 368 373 437 640 
0 2 77 285 287 289 369 373 438 640 
0 2 77 285 286 289 369 374 440 640 
0 2 77 285 286 289 370 374 442 640 
0 2 77 290 370 374 444 640 
0 2 77 290 371 374 445 640 
0 2 77 290 369 371 372 374 447 640 
0 2 77 290 370 372 448 640 
0 2 76 290 370 372 450 640 
0 2 76 290 370 372 452 640 
0 2 76 290 370 371 453 640 
0 2 76 290 455 640 
0 2 76 290 456 464 469 640 
0 2 76 290 414 417 458 462 470 640 
0 2 76 290 413 418 470 640 
0 2 76 291 412 420 470 640 
0 2 76 291 412 422 470 640 
0 2 76 291 411 424 471 472 478 640 
0 2 76 291 411 425 479 640 
0 2 76 291 410 427 479 640 
0 2 76 291 410 429 479 640 
0 2 76 292 411 431 479 640 
0 2 76 292 412 432 479 640 
0 2 76 292 413 434 479 640 
0 2 76 292 414 436 480 481 485 640 
0 2 76 292 415 437 486 640 
0 2 76 292 416 439 487 640 
0 2 76 292 417 440 486 640 
0 2 76 292 418 442 486 640 
0 2 76 292 418 444 486 640 
0 2 76 293 419 445 486 640 
0 2 76 293 418 447 487 640 
0 2 76 293 418 447 489 640 
0 2 76 293 417 447 491 640 
0 2 76 293 416 446 491 640 
0 2 76 293 416 446 491 640 
0 2 76 293 415 445 491 640 
0 2 76 293 414 445 491 640 
0 2 76 294 413 444 491 640 
0 2 76 294 412 443 492 640 
0 2 76 294 411 443 493 640 
0 2 76 294 410 443 494 640 
0 2 76 294 409 442 495 640 
0 2 76 294 408 439 496 640 
0 2 76 294 407 436 497 640 
0 2 76 294 406 433 498 640 
0 2 76 295 405 431 499 640 
0 2 76 295 404 429 501 640 
0 2 76 295 402 426 502 640 
0 2 76 295 401 423 503 640 
0 2 76 295 400 420 504 640 
0 2 76 295 399 416 505 640 
0 2 76 296 398 411 506 640 
0 2 76 296 397 406 507 640 
0 2 76 296 396 400 508 640 
0 2 76 296 509 640 
0 2 76 296 478 480 510 640 
0 2 76 297 477 481 511 640 
0 2 76 297 476 482 512 640 
0 2 76 297 475 483 513 640 
0 2 76 297 475 485 514 640 
0 2 76 297 474 486 515 640 
0 2 76 297 473 487 516 640 
0 2 76 297 472 488 516 640 
0 2 76 297 470 489 517 640 
0 2 76 297 469 490 518 640 
0 2 76 297 468 491 519 640 
0 2 76 297 467 492 520 640 
0 2 76 297 467 493 521 640 
0 2 76 298 467 494 522 640 
0 2 77 298 467 495 523 640 
0 3 77 298 467 496 524 640 
0 3 77 298 467 497 525 640 
0 3 77 298 466 498 526 640 
0 3 77 298 466 499 526 640 
0 3 77 298 466 500 527 640 
0 3 77 298 466 501 528 640 
0 3 77 298 466 502 529 640 
0 3 77 298 466 503 530 640 
0 3 77 298 466 504 531 640 
0 3 77 298 465 505 531 640 
0 3 77 298 465 506 532 640 
0 3 77 298 465 507 533 640 
0 3 77 298 464 508 534 640 
0 4 77 299 463 509 535 640 
0 4 77 299 372 374 417 437 462 510 535 640 
0 4 77 299 371 375 408 444 459 460 461 511 536 640 
0 4 77 299 370 377 401 512 537 640 
0 4 77 299 370 378 397 513 538 640 
0 4 77 299 369 381 391 514 539 640 
0 4 77 299 368 514 539 640 
0 4 77 299 368 515 540 640 
0 4 77 299 367 516 541 640 
0 4 77 299 367 517 542 640 
0 4 77 299 366 518 542 640 
0 5 77 299 365 519 543 640 
0 5 77 299 364 520 544 640 
0 5 77 299 364 520 545 640 
0 5 78 299 364 521 545 640 
0 5 78 299 364 522 546 640 
0 5 78 299 364 523 547 640 
0 5 78 299 364 523 547 640 
0 5 78 299 364 524 548 640 
0 5 78 299 364 525 549 640 
0 6 78 298 364 526 549 640 
0 6 78 298 365 527 550 640 
0 6 78 298 365 527 551 640 
0 6 78 298 365 528 551 640 
0 6 78 297 365 529 552 640 
0 7 78 297 365 530 553 640 
0 7 78 297 365 530 553 640 
0 7 78 296 365 531 554 640 
0 7 78 296 365 532 555 640 
0 7 78 295 365 532 555 640 
0 7 78 295 365 533 556 640 
0 7 78 294 366 534 557 640 
0 8 78 294 366 534 557 640 
0 8 78 293 366 535 558 640 
0 8 78 293 366 536 558 640 
0 8 78 292 366 536 559 640 
0 8 78 291 366 537 560 640 
0 8 79 291 366 538 560 640 
0 8 79 290 366 538 561 640 
0 8 79 289 367 539 562 640 
0 9 79 289 367 540 562 640 
0 9 79 288 367 540 563 640 
0 9 79 287 367 541 563 640 
0 9 79 287 367 542 564 640 
0 9 79 286 367 542 565 640 
0 9 79 285 368 543 565 640 
0 10 79 285 368 543 566 640 
0 10 79 284 368 544 566 640 
0 10 79 283 368 544 567 640 
0 10 79 283 368 545 568 640 
0 10 79 282 368 546 568 640 
0 10 79 281 369 546 569 640 
0 11 79 281 369 547 570 640 
0 11 80 280 369 548 570 640 
0 11 80 279 369 548 571 640 
0 11 80 278 370 549 571 640 
0 12 80 278 370 549 572 640 
0 12 80 277 370 550 573 640 
0 12 80 277 370 550 573 640 
0 12 80 276 370 551 574 640 
0 12 80 275 370 552 574 640 
0 13 80 275 370 552 575 640 
0 13 80 274 371 553 576 640 
0 13 80 273 371 553 576 640 
0 13 80 273 371 554 577 640 
0 13 81 272 371 554 577 640 
0 13 81 272 371 555 578 640 
0 14 81 271 371 555 579 640 
0 14 81 270 372 556 579 640 
0 14 81 270 372 557 580 640 
0 14 81 269 372 557 581 640 
0 14 81 269 372 558 582 640 
0 15 81 268 372 559 582 640 
0 15 81 267 372 559 583 640 
0 15 81 267 372 559 584 640 
0 15 82 266 372 560 585 640 
0 15 82 266 373 561 586 640 
0 16 82 265 373 561 586 640 
0 16 82 265 373 562 588 640 
0 16 82 264 373 562 589 640 
0 17 82 264 373 563 590 640 
0 17 82 264 373 564 594 640 
0 17 82 263 373 564 605 640 
0 17 83 263 373 565 607 640 
0 18 83 262 373 566 608 640 
0 18 83 262 373 566 609 640 
0 18 83 262 374 567 609 640 
0 18 83 261 374 568 610 640 
0 18 83 261 374 568 610 640 
0 19 83 260 374 569 611 640 
0 19 83 260 374 570 612 640 
0 19 84 259 374 570 612 640 
0 19 84 259 374 571 612 640 
0 20 84 259 375 572 613 640 
0 20 84 258 375 572 613 640 
0 20 85 258 375 573 614 640 
0 20 85 258 375 574 614 640 
0 21 85 258 375 574 614 640 
0 21 85 257 375 575 615 640 
0 21 85 257 375 576 615 640 
0 22 85 257 375 577 615 640 
0 22 86 256 375 577 615 640 
0 22 86 256 375 578 616 640 
0 22 86 255 375 579 616 640 
0 23 86 255 375 580 616 640 
0 23 86 255 375 581 616 640 
0 23 87 254 375 582 617 640 
0 24 87 254 375 583 617 640 
0 24 87 254 375 583 617 640 
0 24 87 254 375 584 617 640 
0 24 87 253 375 585 617 640 
0 25 88 253 375 586 617 640 
0 25 88 253 375 587 617 640 
0 25 88 253 376 589 617 640 
0 25 88 252 376 590 617 640 
0 26 89 252 376 591 617 640 
0 26 89 252 376 592 617 640 
0 27 89 252 376 593 617 640 
0 27 89 251 376 595 617 640 
0 27 89 251 376 596 617 640 
0 28 90 250 376 598 616 640 
0 28 90 250 376 599 616 640 
0 28 90 250 376 601 615 640 
0 29 90 249 376 603 615 640 
0 29 91 249 376 605 613 640 
0 29 91 249 376 607 612 640 
0 30 91 249 376 640 
0 30 91 248 376 640 
0 30 92 248 376 640 
0 31 92 248 376 640 
0 31 92 248 376 640 
0 32 93 247 376 640 
0 32 93 247 376 640 
0 32 93 247 376 640 
0 33 93 246 376 640 
0 33 94 246 376 640 
0 33 94 246 376 640 
0 34 94 245 376 640 
0 34 95 245 377 640 
0 35 95 245 377 640 
0 35 95 244 377 640 
0 35 95 244 377 640 
0 36 96 244 377 640 
0 36 96 244 377 640 
0 37 96 243 377 640 
0 37 97 243 377 640 
0 38 97 243 377 640 
0 38 98 242 377 640 
0 38 98 242 377 640 
0 39 98 242 377 640 
0 40 99 242 377 640 
0 40 99 241 377 640 
0 41 99 241 377 640 
0 41 100 240 377 640 
0 42 100 240 377 640 
