






































562 564 
560 564 
557 564 
556 563 
554 562 
552 562 
551 561 
549 560 
547 559 
546 558 
544 557 
542 556 
541 555 
539 554 
538 553 
536 553 
535 552 
534 551 
532 550 
531 549 
529 548 
528 547 
179 195 526 546 
174 202 525 545 
171 206 524 545 
169 208 523 544 
166 211 521 543 
164 213 520 542 
162 216 519 541 
161 218 517 540 
159 220 516 539 
157 222 515 538 
156 223 514 538 
154 225 512 537 
153 226 511 536 
152 228 510 535 
151 229 509 534 
150 230 507 533 
149 231 506 532 
147 233 505 531 
146 234 504 530 
145 235 502 530 
144 236 501 529 
143 237 500 528 
143 238 499 529 
142 239 497 531 
141 240 496 533 
140 241 495 535 
139 241 493 536 
138 242 492 536 
137 243 490 536 
137 244 489 536 
136 244 487 534 
135 245 486 533 
135 246 484 531 
134 246 483 529 
133 247 482 526 
133 247 481 524 
132 248 480 522 
132 248 479 523 
131 249 478 525 
130 249 476 527 
130 250 475 529 
129 250 474 530 
129 250 472 532 
128 251 471 533 
127 251 470 534 
127 252 468 535 
127 252 466 536 
126 252 465 537 
126 252 463 538 
125 253 461 538 
125 253 460 539 
125 253 458 539 
124 253 457 538 
124 254 455 538 
123 254 453 536 
123 254 451 534 
123 254 450 530 
122 255 448 526 
122 255 446 523 
122 255 444 521 
122 256 403 412 442 520 
121 256 401 413 441 518 
121 258 401 414 439 516 
121 259 402 415 438 515 
121 260 404 416 436 488 491 514 
121 261 404 417 434 487 493 512 
120 262 403 417 433 485 495 510 
120 278 403 417 431 484 499 506 
120 282 402 418 430 483 
120 285 361 378 401 418 428 482 
120 288 357 384 400 418 427 481 
120 290 352 388 400 418 425 480 
119 292 349 391 399 418 424 479 
119 294 346 394 397 418 422 478 
119 295 344 418 421 477 
119 296 341 417 420 476 
119 298 336 417 418 475 
119 299 334 474 
119 300 331 472 
119 302 329 471 
119 302 330 333 335 470 
119 303 334 469 
119 304 333 468 
119 305 331 467 
119 305 330 466 
119 306 328 465 
120 307 328 463 
120 308 327 462 
120 308 325 461 
120 309 324 459 
120 310 322 327 328 458 
120 310 320 325 328 457 
121 311 320 322 327 456 
121 311 326 455 
121 312 326 454 
122 312 325 453 
122 313 324 452 474 483 
122 313 323 450 470 487 
123 313 323 449 468 489 
123 314 322 448 466 492 
123 314 322 447 464 495 
124 314 321 446 462 496 
124 315 321 445 460 498 
125 315 321 444 459 499 
125 315 321 443 457 500 
126 316 320 442 455 501 
126 316 320 449 454 501 
127 316 320 451 453 502 
127 317 320 502 
128 317 320 503 
129 317 320 503 
130 317 320 503 
130 317 320 503 
131 317 320 503 
132 317 319 503 
133 317 319 503 
133 317 320 503 
134 317 320 324 325 503 
135 317 320 323 325 503 
136 317 320 322 326 503 
137 317 320 322 326 503 
138 317 320 321 326 503 
139 317 326 503 
140 317 326 503 
142 316 326 503 
143 316 326 503 
144 316 325 502 
145 319 321 502 
147 502 
148 502 
150 502 
151 502 
153 502 
155 501 
158 501 
160 501 
162 207 209 500 
165 203 210 500 
169 199 211 499 
173 193 215 498 
179 188 216 498 
206 212 217 498 
204 214 217 498 
202 215 217 497 
201 497 
200 496 
199 496 
198 496 
197 496 
196 495 
195 495 
194 494 
193 493 
192 492 
191 492 
190 491 
188 300 304 491 
186 299 305 491 
185 298 306 490 
183 297 307 490 
182 296 307 490 
180 295 307 489 
179 293 307 488 
177 232 233 292 307 488 
176 232 234 291 306 487 
175 232 235 289 306 486 
174 232 237 288 306 485 
174 231 239 286 306 485 
174 230 241 284 306 484 
174 230 243 282 306 484 
175 230 245 280 306 483 
175 230 248 277 306 482 
176 229 254 272 306 482 
176 229 306 481 
177 229 307 481 
177 229 308 480 
177 229 309 479 
176 229 311 478 
175 228 312 477 
174 227 314 476 
173 227 316 475 
172 226 317 474 
172 226 317 474 
171 226 317 452 453 474 
170 226 317 452 453 470 471 473 
170 226 316 451 454 470 
169 226 316 451 457 469 
169 226 315 450 457 469 
168 226 315 450 457 468 
168 226 315 450 458 468 
167 178 180 227 314 449 458 466 
167 177 183 227 314 449 459 465 
166 177 185 227 313 449 460 464 
166 176 187 227 313 449 
166 175 188 227 313 448 
167 175 189 227 312 448 
167 174 189 228 312 448 
168 174 190 228 312 448 
191 228 311 447 
190 229 311 447 
189 229 310 447 
188 229 310 446 
188 230 310 446 
187 231 309 446 
186 232 309 446 
185 233 308 445 
183 234 308 445 
182 235 308 445 
182 235 307 445 
182 233 307 444 
184 232 307 444 
184 230 306 444 
185 228 306 444 
185 227 306 443 
185 227 305 443 
185 227 305 443 
186 227 305 443 
190 227 304 442 
192 227 304 442 
192 228 303 442 
192 228 303 442 
192 228 303 441 
192 228 302 441 
192 228 302 441 
192 228 302 441 
192 228 301 440 
192 228 301 440 
192 228 301 440 
192 229 301 440 
192 229 300 440 
192 229 300 440 
192 229 299 439 
192 229 295 439 
192 229 292 439 
192 229 290 439 
192 229 286 439 
192 229 281 439 
192 229 275 439 
192 229 271 438 
192 230 267 438 
193 230 261 438 
193 230 256 438 
193 230 252 438 
193 230 249 438 
193 231 245 438 
193 231 241 438 
193 230 237 438 
193 230 234 437 
193 230 232 437 
193 437 
193 437 
193 437 
193 437 
193 437 
193 437 
193 437 
193 436 
193 436 
194 436 
194 436 
194 436 
194 436 
194 436 
194 435 
194 435 
195 435 
195 435 
195 435 
195 435 
196 435 
196 435 
197 435 
197 435 
198 435 
199 434 
200 434 
201 434 
201 264 265 434 
201 260 265 434 
202 255 265 434 
202 252 264 434 
202 246 264 434 
202 240 263 434 
202 233 263 434 
202 223 262 434 
203 220 262 433 
203 219 261 433 
205 217 261 433 
207 215 261 433 
208 214 260 433 
209 214 260 433 
209 214 259 433 
209 214 259 433 
209 214 259 433 
209 214 258 432 
209 214 258 432 
209 214 258 432 
209 214 258 433 
209 214 257 433 
209 214 257 434 
209 214 257 435 
208 215 257 436 
207 216 257 437 
206 219 257 438 
204 220 257 439 
203 221 257 440 
203 221 257 441 
203 221 256 442 
202 215 216 222 256 443 
202 208 210 215 216 222 256 445 
202 207 210 215 217 222 256 446 
202 207 211 214 217 222 256 447 
202 207 217 222 256 448 
202 207 217 222 256 449 
202 207 217 222 256 373 375 450 
202 207 218 223 256 373 375 451 
202 207 218 222 256 372 375 452 
202 207 218 222 256 371 376 453 
202 207 218 222 256 371 376 454 
202 207 218 222 256 370 376 455 
202 207 218 222 256 370 376 456 
202 207 218 222 256 370 377 457 
202 207 218 222 256 369 377 458 
202 208 218 222 256 369 377 459 
202 207 217 222 256 369 377 460 
202 207 217 222 256 368 378 461 
202 208 210 215 217 222 256 368 378 462 
202 208 210 215 217 222 256 368 378 462 
203 208 210 215 216 222 256 367 378 463 
203 222 257 367 379 464 
203 221 257 367 379 465 
203 221 257 366 379 466 
204 220 257 364 380 467 
205 218 257 364 380 467 
208 216 257 363 380 468 
209 215 257 363 380 469 
210 215 257 362 381 470 
210 215 257 362 381 470 
210 215 257 361 381 471 
210 215 257 361 382 472 
210 215 257 360 381 472 
210 215 257 360 381 473 
210 215 257 360 382 474 
210 215 257 359 382 474 
210 215 257 359 383 475 
210 215 258 359 383 475 
210 215 258 359 383 476 
210 215 258 358 383 476 
209 216 258 358 383 477 
208 218 258 358 384 477 
206 220 258 358 384 477 
205 221 258 358 385 478 
204 221 258 357 385 478 
203 222 258 357 385 478 
203 222 258 357 385 478 
203 222 258 357 386 479 
203 209 210 215 217 222 258 357 386 479 
202 208 210 215 217 223 258 357 386 479 
202 208 217 223 258 357 386 479 
202 208 217 223 258 357 387 479 
202 208 218 223 258 357 387 479 
202 208 218 223 258 357 387 479 
202 207 218 223 259 357 387 480 
202 207 218 223 259 357 387 480 
202 207 218 223 259 357 388 480 
202 207 218 223 259 357 388 480 
202 207 218 223 259 357 388 480 
202 208 218 223 259 357 388 480 
202 208 218 223 259 357 389 480 
202 208 218 223 259 357 389 480 
202 208 218 223 259 357 389 479 
202 208 218 223 259 357 389 479 
202 208 212 213 218 223 259 357 390 479 
203 208 211 215 217 223 259 357 390 479 
203 208 210 216 217 223 260 357 390 479 
203 209 210 216 217 223 260 357 390 478 
203 222 260 357 390 478 
203 222 260 357 390 477 
204 222 260 357 391 477 
204 221 260 357 391 476 
205 220 260 357 391 476 
207 218 260 357 391 475 
209 216 260 357 391 474 
210 215 260 357 391 473 
210 215 260 357 392 473 
210 215 260 357 392 472 
210 215 260 357 392 471 
210 215 260 357 392 470 
210 215 260 357 392 469 
210 215 260 358 392 468 
210 215 261 358 392 467 
210 215 261 358 392 466 
210 215 261 358 390 465 
210 215 261 358 390 465 
210 215 261 358 390 463 
210 215 261 358 390 462 
209 217 261 358 390 462 
207 219 261 359 389 461 
205 221 261 360 389 460 
204 222 261 361 389 459 
204 222 261 362 389 458 
203 222 260 362 389 457 
203 223 260 363 388 456 
203 215 217 223 259 364 388 455 
203 209 210 215 217 223 258 364 387 454 
203 208 211 215 218 223 258 364 387 453 
203 208 211 214 218 223 258 364 386 452 
203 208 218 223 258 365 386 451 
203 208 218 223 258 365 385 450 
203 208 218 223 257 365 384 449 
203 208 218 223 257 365 384 448 
203 208 218 223 257 366 383 447 
203 208 218 223 256 367 382 446 
203 208 218 223 255 369 381 445 
203 208 218 223 254 371 381 443 
203 208 218 223 253 373 380 442 
203 208 218 223 253 374 379 441 
203 208 218 223 252 376 378 440 
202 208 218 223 251 440 
