0 640 
0 640 
0 640 
0 640 
0 640 
0 640 
0 640 
0 640 
0 640 
0 640 
0 640 
0 640 
0 640 
0 640 
0 640 
0 640 
0 640 
0 640 
0 640 
0 640 
0 640 
0 640 
0 640 
0 640 
0 640 
0 640 
0 640 
0 640 
0 640 
0 640 
0 640 
0 596 597 640 
0 595 596 640 
0 594 596 640 
0 593 595 640 
0 592 595 640 
0 591 594 640 
0 590 594 640 
0 589 593 640 
0 588 593 640 
0 587 592 640 
0 586 591 640 
0 571 572 583 591 640 
0 570 571 582 591 640 
0 569 571 582 591 640 
0 568 570 581 595 640 
0 566 569 581 597 640 
0 565 569 580 598 640 
0 565 568 580 599 640 
0 563 567 579 599 640 
0 18 20 562 567 578 600 640 
0 19 22 561 566 577 600 640 
0 20 25 560 565 576 585 586 600 640 
0 22 29 559 565 575 584 586 601 640 
0 24 33 558 564 572 583 586 600 640 
0 26 37 557 563 571 582 587 595 640 
0 28 40 556 563 571 582 589 591 640 
0 30 43 555 562 570 581 640 
0 31 46 76 83 554 561 569 580 640 
0 33 49 73 85 522 535 553 561 569 579 640 
0 35 53 71 86 519 538 552 560 568 579 640 
0 37 56 70 87 517 541 551 559 567 578 640 
0 39 59 68 88 514 544 550 559 566 577 640 
0 41 60 67 88 511 546 550 558 565 576 640 
0 44 62 65 88 509 547 549 557 564 576 640 
0 46 62 64 88 507 557 563 575 640 
0 48 88 507 556 562 574 640 
0 50 88 506 555 561 573 640 
0 50 88 507 555 560 572 640 
0 50 87 507 556 558 571 640 
0 51 86 506 570 640 
0 52 86 505 570 640 
0 52 85 504 569 640 
0 53 84 99 102 503 568 640 
0 53 84 95 108 503 567 640 
0 52 84 91 112 502 566 640 
0 51 84 89 116 502 565 640 
0 50 85 87 119 502 565 640 
0 49 122 502 565 640 
0 48 124 501 566 640 
0 47 126 501 567 640 
0 46 127 501 568 640 
0 45 123 501 568 640 
0 44 124 501 569 640 
0 44 125 502 569 640 
0 43 127 503 570 640 
0 42 127 503 570 640 
0 41 128 503 571 640 
0 41 128 504 571 640 
0 40 129 505 571 640 
0 40 129 503 571 640 
0 40 128 500 572 640 
0 41 128 498 572 640 
0 41 128 497 572 640 
0 42 129 498 572 640 
0 43 58 59 129 498 572 640 
0 45 55 60 130 498 572 640 
0 48 52 61 130 498 572 640 
0 62 130 497 573 640 
0 62 129 497 573 640 
0 62 127 497 573 640 
0 61 127 497 574 640 
0 61 127 497 574 640 
0 60 128 496 574 640 
0 60 129 132 133 496 574 640 
0 60 134 496 575 640 
0 60 134 496 575 640 
0 60 133 495 575 640 
0 59 133 495 575 640 
0 59 133 495 575 640 
0 59 133 494 574 640 
0 59 134 494 574 640 
0 59 134 495 574 640 
0 59 135 496 574 640 
0 59 135 498 574 640 
0 58 135 499 573 640 
0 58 135 501 573 640 
0 58 135 502 573 640 
0 58 135 503 573 640 
0 58 135 504 573 640 
0 57 136 504 573 640 
0 57 137 504 573 640 
0 57 137 503 573 640 
0 57 137 503 573 640 
0 57 137 503 573 640 
0 58 136 502 573 640 
0 58 135 502 573 640 
0 58 134 501 573 640 
0 58 132 500 573 640 
0 58 131 500 573 640 
0 58 130 499 500 502 573 640 
0 59 129 501 573 640 
0 59 128 500 573 640 
0 59 128 498 573 640 
0 59 128 497 574 640 
0 59 128 495 574 640 
0 60 129 494 575 640 
0 60 129 492 575 640 
0 60 130 491 576 640 
0 60 131 490 576 640 
0 60 132 488 577 640 
0 60 132 487 577 640 
0 60 133 486 577 640 
0 60 131 132 133 485 578 640 
0 60 130 483 578 640 
0 60 132 482 579 640 
0 60 133 481 579 640 
0 60 135 480 580 640 
0 60 136 480 580 640 
0 60 138 479 581 640 
0 60 139 478 581 640 
0 60 141 478 582 640 
0 60 142 477 582 640 
0 60 143 477 530 531 583 640 
0 60 145 476 530 532 583 640 
0 60 146 476 530 533 584 640 
0 60 147 475 531 533 584 640 
0 59 148 474 532 534 585 640 
0 59 150 473 532 535 585 640 
0 59 151 473 533 536 586 640 
0 59 152 472 533 537 586 640 
0 59 152 471 534 538 587 640 
0 58 153 470 535 539 587 640 
0 58 153 469 535 540 588 640 
0 58 154 467 536 541 588 640 
0 57 155 466 536 542 589 640 
0 57 155 465 537 543 590 640 
0 56 156 464 537 544 591 640 
0 56 156 462 538 545 593 640 
0 55 157 461 538 545 594 640 
0 55 157 460 538 546 596 640 
0 54 158 458 538 547 597 640 
0 54 159 457 538 547 598 640 
0 53 160 456 538 548 600 640 
0 53 161 455 538 549 601 640 
0 52 162 454 538 549 602 640 
0 52 163 454 537 550 604 640 
0 51 165 453 537 550 605 640 
0 51 166 453 536 550 606 640 
0 50 167 452 535 551 608 640 
0 49 168 452 535 551 609 640 
0 49 169 452 535 552 610 640 
0 48 170 452 536 552 611 640 
0 48 172 452 536 552 613 640 
0 47 173 452 537 553 614 640 
0 46 174 452 538 553 615 640 
0 46 175 452 538 553 616 640 
0 45 176 452 539 553 617 640 
0 44 177 452 540 554 618 640 
0 44 178 452 540 554 618 640 
0 43 179 453 541 555 619 640 
0 42 179 453 542 555 621 640 
0 42 179 454 542 555 622 640 
0 41 180 454 543 555 624 640 
0 41 180 455 543 555 625 640 
0 40 181 455 543 555 626 640 
0 39 181 456 544 555 628 640 
0 39 181 457 544 555 629 640 
0 38 181 457 544 556 630 640 
0 37 181 457 544 556 631 640 
0 37 44 45 180 457 544 556 632 640 
0 36 43 45 180 458 543 556 633 640 
0 36 180 458 543 555 634 640 
0 35 179 458 543 555 635 640 
0 34 42 43 179 458 544 555 636 640 
0 34 178 458 544 556 637 640 
0 33 178 458 545 556 637 640 
0 33 177 458 545 555 638 640 
0 32 177 458 545 555 638 640 
0 31 176 458 546 555 
0 31 176 458 523 524 546 556 
0 30 175 458 523 525 546 556 
0 29 175 458 523 525 547 556 634 635 
0 29 175 458 523 526 547 556 635 636 
0 29 174 458 524 526 547 555 635 637 
0 28 174 458 524 527 548 555 636 637 
0 28 174 458 525 527 548 555 636 638 
0 27 174 458 525 528 548 555 637 640 
0 27 174 458 525 528 549 555 559 560 637 640 
0 26 174 458 525 529 550 554 559 560 638 640 
0 26 174 458 525 529 550 554 559 560 639 640 
0 25 174 458 525 530 550 554 558 560 
0 25 108 110 174 458 505 506 525 530 550 553 558 560 
0 25 107 110 174 458 505 506 525 531 551 553 557 560 
0 24 107 110 174 458 505 507 525 531 551 553 557 559 607 608 
0 24 107 109 174 458 505 507 525 532 556 559 607 608 
0 23 106 109 174 458 505 507 525 532 555 559 607 608 
0 23 106 109 174 458 505 507 525 532 555 559 608 609 
0 23 105 108 174 458 505 507 525 532 554 558 604 610 619 621 
0 22 105 108 174 458 505 507 525 532 554 558 560 561 604 610 620 621 
0 22 104 108 174 458 505 507 525 532 553 561 603 611 620 622 
0 22 104 108 174 458 505 507 525 532 553 557 558 561 603 612 620 623 630 632 
0 22 104 108 174 458 505 507 524 533 553 560 603 613 620 623 
0 22 103 108 174 457 505 507 524 533 553 556 557 560 602 614 621 624 631 632 
0 22 103 108 174 457 505 508 524 533 553 556 557 559 602 614 621 624 631 633 
0 22 103 108 174 457 506 508 524 533 553 559 602 615 621 624 631 633 634 636 
0 22 103 108 174 457 506 507 524 533 553 558 601 616 621 625 632 634 635 637 
0 22 102 108 174 457 524 534 553 557 601 616 621 625 632 638 
0 21 102 108 174 457 523 534 554 557 601 617 621 625 632 640 
0 21 102 108 174 457 523 534 554 557 601 617 621 625 632 640 
0 21 102 108 174 457 523 534 554 557 600 618 621 626 632 640 
0 21 101 108 174 457 523 535 554 557 600 619 621 626 632 640 
0 21 101 109 174 456 523 535 554 557 600 619 621 626 632 640 
0 21 101 109 174 456 523 535 554 557 600 620 621 626 631 640 
0 21 100 109 174 456 523 536 599 620 621 626 631 640 
0 21 100 109 174 456 523 536 599 628 630 640 
0 20 78 79 100 109 174 456 523 536 599 628 630 640 
0 20 77 79 100 109 174 455 523 537 599 628 629 640 
0 20 77 79 99 109 175 455 523 537 598 627 629 640 
0 20 76 78 99 110 175 455 523 537 598 640 
0 21 76 78 99 110 175 455 524 538 598 640 
0 21 76 78 98 110 175 455 526 538 597 640 
0 21 73 75 76 78 98 110 175 454 529 538 596 640 
0 21 30 31 73 78 98 110 175 454 532 539 556 559 595 640 
0 21 30 31 72 78 97 110 176 454 534 539 556 559 595 640 
0 20 72 78 97 110 176 454 537 539 556 558 594 640 
0 20 72 78 97 111 176 454 593 640 
0 20 29 30 71 78 97 111 176 454 588 589 592 640 
0 20 29 30 71 77 96 111 176 453 587 589 591 640 
0 19 71 77 96 111 177 453 586 588 591 640 
0 19 71 77 96 111 177 453 585 588 590 640 
0 19 70 77 95 111 177 453 584 587 588 640 
0 20 70 77 95 112 177 453 582 640 
0 20 70 77 95 112 177 453 581 640 
0 20 70 77 95 112 178 453 580 640 
0 20 70 77 94 112 178 453 578 640 
0 19 70 77 94 112 178 452 577 640 
0 19 69 76 94 111 178 452 575 640 
0 19 69 76 93 112 178 452 573 640 
0 19 69 76 92 112 179 452 572 640 
0 19 69 76 92 111 179 452 571 640 
0 19 69 76 92 111 180 452 570 640 
0 19 68 75 91 111 180 452 568 640 
0 19 24 25 68 75 91 111 180 451 566 640 
0 19 24 26 68 75 91 110 180 451 565 640 
0 19 24 26 57 58 68 75 90 110 181 451 564 640 
0 19 24 26 57 58 68 75 90 110 181 451 565 640 
0 19 24 26 57 59 68 75 90 109 181 451 566 640 
0 19 24 26 57 59 67 75 89 109 181 451 567 640 
0 19 24 26 57 59 67 74 89 108 182 451 568 640 
0 19 23 25 57 59 62 65 67 74 88 108 182 451 569 640 
0 19 23 25 57 59 62 65 67 74 88 107 182 450 570 640 
0 19 23 25 47 48 57 59 62 65 67 74 88 107 182 450 570 640 
0 20 24 25 47 48 57 59 61 65 67 74 88 106 183 450 571 640 
0 20 46 49 57 60 61 65 67 74 87 106 183 450 572 640 
0 20 46 49 58 65 67 74 87 105 183 450 572 640 
0 20 46 49 58 65 66 73 87 105 184 450 573 640 
0 21 45 49 51 53 58 73 87 104 184 450 574 640 
0 21 45 49 51 53 58 73 86 104 184 450 574 640 
0 21 44 49 51 54 58 73 86 104 184 450 575 640 
0 22 34 35 43 55 58 73 86 103 185 450 576 640 
0 22 23 24 33 35 43 55 58 73 87 103 185 450 576 640 
0 22 33 35 43 56 58 73 87 102 185 450 577 640 
0 22 33 35 42 73 88 102 186 450 578 640 
0 23 33 35 42 72 88 102 186 449 578 640 
0 23 27 28 33 36 38 40 42 72 89 101 186 449 579 640 
0 23 24 25 26 29 33 36 38 41 42 72 90 101 187 449 580 640 
0 25 26 29 33 37 38 72 90 100 187 449 580 640 
0 25 26 30 33 71 91 100 187 449 581 640 
0 31 34 71 91 99 187 449 581 640 
0 31 34 71 91 99 188 449 582 640 
0 32 34 70 91 98 188 449 583 640 
0 32 34 70 91 98 188 449 584 640 
0 33 34 70 91 98 188 449 585 640 
0 33 34 69 91 97 189 448 586 640 
0 69 91 97 189 448 587 640 
0 69 91 96 189 448 588 640 
0 69 91 96 190 448 589 640 
0 68 91 95 190 448 590 640 
0 68 81 85 91 95 190 448 591 640 
0 68 80 85 90 94 191 448 592 640 
0 68 80 86 90 94 191 448 593 640 
0 67 79 87 89 93 191 448 594 640 
0 67 79 93 191 448 595 640 
0 67 79 92 192 447 596 640 
0 67 78 92 192 447 597 640 
0 66 78 91 192 447 598 640 
0 67 78 91 193 447 598 640 
0 67 77 90 193 447 599 640 
0 67 77 90 193 447 600 640 
0 67 77 89 194 447 601 640 
0 67 76 89 194 446 602 640 
0 67 76 88 194 446 603 640 
0 67 76 88 194 446 604 640 
0 67 76 87 195 446 605 640 
0 68 76 87 195 446 606 640 
0 68 83 86 195 445 607 640 
0 68 82 86 196 445 608 640 
0 68 80 85 196 445 608 640 
0 68 76 85 196 445 609 640 
0 68 75 84 196 445 610 640 
0 68 75 83 197 444 611 640 
0 68 74 83 197 444 611 640 
0 68 74 82 197 444 612 640 
0 68 74 82 198 444 613 640 
0 68 74 81 198 444 613 640 
0 68 74 81 198 443 614 640 
0 69 74 80 198 443 615 640 
0 69 74 79 199 443 616 640 
0 69 74 79 199 443 616 640 
0 69 74 78 199 443 617 640 
0 69 73 77 200 443 618 640 
0 70 72 77 200 442 618 640 
0 70 71 76 200 442 619 640 
0 75 201 442 619 640 
0 75 201 442 619 640 
0 74 201 442 620 640 
0 74 202 441 620 640 
0 73 202 441 620 640 
0 72 202 441 620 640 
0 72 202 441 620 640 
0 71 203 440 621 640 
0 70 203 440 621 640 
0 70 203 440 621 640 
0 69 203 440 621 640 
0 68 203 440 622 640 
0 68 204 439 622 640 
0 67 204 439 622 640 
0 67 204 439 622 640 
0 66 204 439 623 640 
0 65 205 439 623 640 
0 65 205 439 623 640 
0 64 205 439 624 640 
0 64 205 439 624 640 
0 63 206 439 625 640 
0 65 206 439 625 640 
0 64 206 439 625 640 
0 63 207 439 626 640 
0 62 207 439 626 640 
0 62 208 439 626 640 
0 61 208 440 626 640 
0 60 209 440 441 442 627 640 
0 59 209 440 441 442 627 640 
0 59 209 442 627 640 
0 58 210 442 627 640 
0 57 210 441 627 640 
0 57 210 441 628 640 
0 55 208 209 211 441 628 640 
0 55 208 441 628 640 
0 54 56 58 209 441 628 640 
0 53 56 58 208 441 628 640 
0 52 55 57 208 210 212 442 629 640 
0 51 55 57 209 442 629 640 
0 50 54 56 210 442 629 640 
0 50 54 55 210 442 630 640 
0 49 53 54 210 442 630 640 
0 49 52 54 210 212 213 442 630 640 
0 49 212 442 608 610 630 640 
0 49 50 52 212 442 608 610 631 640 
0 49 51 52 211 443 631 640 
0 50 211 212 213 443 631 640 
0 48 213 443 631 640 
0 48 213 442 631 640 
0 48 214 441 631 640 
0 49 214 440 631 640 
0 46 47 48 214 438 631 640 
0 44 214 438 631 640 
0 43 215 439 612 614 631 640 
0 43 215 439 612 615 631 640 
0 42 215 439 613 615 631 640 
0 41 215 439 613 615 625 626 631 640 
0 41 215 439 614 616 625 626 631 640 
0 40 215 439 614 617 622 623 631 640 
0 40 216 440 615 617 622 623 631 640 
0 41 216 440 615 618 622 624 626 628 631 640 
0 42 216 441 616 618 622 624 626 628 631 640 
0 41 216 442 616 618 622 624 626 628 631 640 
0 41 216 443 616 619 622 624 626 628 631 640 
0 40 216 443 617 619 622 624 626 628 631 640 
0 39 216 444 617 619 622 624 625 629 631 640 
0 39 216 444 618 620 622 624 625 640 
0 38 216 444 618 620 622 640 
0 38 216 441 618 621 622 640 
0 37 216 440 618 640 
0 36 216 441 618 640 
0 36 216 442 618 640 
0 35 216 443 617 640 
0 34 216 444 615 640 
0 34 216 444 614 640 
0 33 216 443 612 640 
0 35 216 443 607 640 
0 35 216 443 601 640 
0 35 216 443 595 640 
0 35 216 443 591 640 
0 35 216 443 589 640 
0 35 216 443 587 640 
0 34 216 443 586 640 
0 34 216 443 584 640 
0 34 216 443 583 640 
0 34 216 443 582 640 
0 33 216 443 581 640 
0 33 216 444 580 640 
0 33 216 444 579 640 
0 33 216 444 578 640 
0 33 216 445 577 640 
0 32 216 446 576 640 
0 32 216 453 576 640 
0 33 216 456 575 640 
0 33 216 457 574 640 
0 33 216 458 573 640 
0 33 216 459 572 640 
0 33 40 43 216 460 571 640 
0 34 39 43 216 462 570 640 
0 34 38 45 47 65 215 463 569 640 
0 35 36 66 214 464 541 551 564 565 567 640 
0 67 213 465 537 640 
0 68 206 467 535 640 
0 69 203 468 494 496 534 640 
0 69 201 469 493 500 532 640 
0 69 200 471 493 502 530 640 
0 70 199 472 493 503 528 640 
0 70 199 472 493 503 527 640 
0 70 198 473 493 504 527 640 
0 70 197 473 493 504 527 640 
0 71 197 473 492 504 527 640 
0 71 196 473 492 505 527 640 
0 71 196 473 492 505 527 640 
0 72 195 473 492 505 527 640 
0 73 194 473 492 506 527 640 
0 74 84 93 193 474 492 506 528 640 
0 96 164 167 192 474 492 506 528 640 
0 99 162 177 190 474 492 507 528 640 
0 101 161 474 492 507 528 640 
0 104 161 474 492 507 528 640 
0 105 161 474 492 507 528 640 
0 107 140 141 161 474 492 508 528 640 
0 107 136 141 161 474 492 508 528 640 
0 107 131 141 161 474 492 508 529 640 
0 106 129 141 161 474 492 509 529 640 
0 106 128 142 160 474 492 509 529 640 
0 106 128 142 160 475 492 509 529 640 
0 106 128 142 160 475 492 509 529 640 
0 106 127 142 160 475 492 510 529 640 
0 106 127 142 160 475 492 510 530 640 
0 105 127 142 160 475 492 510 530 640 
0 105 126 142 160 475 492 511 530 640 
0 105 126 142 160 475 492 511 530 640 
0 105 126 142 159 475 492 511 530 640 
0 105 125 142 159 475 492 511 530 640 
0 105 125 142 159 475 492 512 530 640 
