










































































134 154 
133 163 
133 170 
134 177 
135 182 
136 188 
138 193 230 240 
140 198 225 244 
142 202 222 247 
144 205 220 248 
147 209 217 250 
149 212 215 252 
152 253 
154 255 
157 256 
160 258 
162 259 
164 260 
167 261 
169 262 
172 263 
174 264 
176 265 
179 265 
181 266 
183 267 
185 267 
187 268 
189 268 
190 269 
192 269 
194 269 
195 270 
197 270 
199 270 
200 271 
202 271 
203 271 
205 271 
206 272 
207 272 
209 272 
210 273 
211 273 
212 273 
213 273 
215 274 
216 274 
217 274 
218 274 
219 275 
220 276 
222 277 
223 278 
223 279 
225 280 
225 281 
226 282 
227 283 
228 284 
228 285 
229 286 
230 287 
231 288 
232 289 
233 290 
234 291 
235 292 
236 293 
236 294 
237 295 
238 295 
239 296 
239 297 
240 298 
241 299 
242 300 
242 301 
243 302 
244 303 
244 304 
245 305 
246 306 
247 307 
247 308 
248 309 
249 310 
249 311 
250 311 
251 312 
251 313 
252 314 
252 315 
252 316 
252 317 
252 318 
253 319 
253 320 
253 321 
253 322 
253 323 
253 343 
253 348 
254 350 
254 352 
254 354 
254 355 
255 357 
255 358 
255 359 
256 360 
256 362 
256 363 
257 365 
257 366 
258 368 
259 369 
260 370 
261 371 
262 372 
262 373 
263 374 
264 375 
265 375 
266 376 
268 377 
269 377 
270 378 
271 378 
273 379 
275 379 
276 379 
279 379 380 381 
280 380 
281 380 
281 380 
282 382 
283 382 
284 381 
284 381 
285 381 
286 381 
286 382 
287 382 
287 382 
288 383 
289 385 
290 387 
290 389 
291 391 
292 393 
293 396 
293 398 
294 400 
295 403 
296 405 
296 408 
297 410 
298 413 
299 415 
300 418 
300 421 
301 424 
302 427 
303 429 
304 432 
305 435 
305 438 
306 441 470 477 
307 443 468 479 
308 446 465 481 
309 449 463 483 
310 452 461 484 
311 454 459 485 
312 456 458 486 
313 487 
314 488 
314 490 
315 491 
316 493 502 512 
317 531 
318 541 
319 547 
320 554 
321 559 
322 563 
323 569 619 640 
324 574 612 640 
325 578 607 640 
326 581 604 640 
327 584 601 640 
328 588 599 640 
329 591 597 640 
330 594 595 640 
331 640 
332 640 
333 640 
334 640 
335 640 
336 640 
338 640 
339 640 
340 640 
341 640 
342 640 
344 640 
345 640 
346 640 
347 640 
348 640 
350 640 
351 640 
352 640 
354 640 
355 640 
356 640 
357 640 
357 640 
358 640 
358 640 
358 640 
359 640 
359 640 
359 640 
360 640 
360 640 
361 640 
362 640 
362 640 
363 640 
364 640 
365 640 
366 640 
366 640 
367 640 
368 640 
369 640 
370 640 
371 640 
372 640 
373 640 
374 640 
375 640 
376 640 
377 640 
378 640 
380 640 
381 640 
382 640 
384 640 
386 640 
388 390 394 396 397 640 
389 390 397 640 
396 397 398 640 
398 640 
399 640 
399 640 
400 640 
401 640 
401 640 
401 640 
400 640 
400 640 
400 640 
401 640 
401 640 
402 640 
402 640 
403 640 
405 640 
406 640 
406 640 
407 640 
408 640 
408 640 
408 640 
408 640 
408 640 
409 640 
409 640 
408 640 
408 640 
408 640 
409 640 
409 640 
409 640 
410 640 
410 640 
411 640 
411 640 
412 640 
412 640 
413 640 
414 640 
415 640 
415 640 
417 640 
417 640 
418 640 
419 640 
419 640 
418 640 
417 640 
417 640 
418 640 
418 640 
419 640 
420 640 
421 640 
422 640 
421 640 
421 640 
421 640 
422 640 
422 640 
423 640 
423 640 
424 640 
425 640 
426 640 
427 640 
427 640 
428 640 
429 640 
429 640 
430 640 
431 640 
431 640 
432 640 
432 640 
433 640 
433 640 
433 640 
434 640 
434 640 
435 640 
436 640 
438 640 
438 640 
438 640 
439 640 
440 640 
440 640 
440 640 
441 640 
442 640 
442 640 
443 640 
444 640 
445 640 
446 640 
446 640 
447 640 
447 640 
448 640 
448 640 
449 640 
450 640 
451 640 
452 640 
452 640 
453 640 
453 640 
455 640 
456 640 
456 640 
457 640 
458 640 
459 640 
459 640 
460 640 
460 640 
463 640 
463 640 
463 640 
465 640 
467 640 
470 640 
467 468 470 640 
470 640 
470 640 
469 640 
469 640 
469 640 
468 640 
468 640 
468 640 
467 640 
467 640 
467 640 
466 640 
466 640 
466 640 
465 640 
465 640 
465 640 
465 640 
465 640 
465 640 
465 640 
464 640 
464 640 
464 640 
464 640 
464 640 
