0 211 223 640 
0 211 224 640 
0 212 224 640 
0 212 224 640 
0 212 224 640 
0 212 225 640 
0 213 225 640 
0 213 225 640 
0 213 225 640 
0 213 226 640 
0 214 226 640 
0 214 226 640 
0 214 226 640 
0 214 227 640 
0 215 227 640 
0 215 227 640 
0 215 228 640 
0 215 228 640 
0 216 228 640 
0 216 229 640 
0 216 229 640 
0 216 230 640 
0 216 230 640 
0 217 231 640 
0 217 231 640 
0 217 232 640 
0 217 232 640 
0 218 232 640 
0 218 233 640 
0 218 233 640 
0 218 233 640 
0 218 233 640 
0 218 234 640 
0 218 234 640 
0 218 234 640 
0 219 234 640 
0 219 235 640 
0 219 235 640 
0 220 235 640 
0 220 236 640 
0 220 237 640 
0 221 238 640 
0 221 240 640 
0 221 241 640 
0 221 240 640 
0 220 240 640 
0 219 239 640 
0 217 239 640 
0 215 239 640 
0 214 239 640 
0 213 239 640 
0 214 238 640 
0 214 238 262 265 640 
0 215 238 260 267 640 
0 220 239 259 270 640 
0 222 239 256 272 640 
0 223 239 255 272 640 
0 223 240 254 273 640 
0 224 240 253 274 640 
0 224 240 252 275 283 285 640 
0 222 241 252 275 281 286 640 
0 221 241 252 276 280 288 640 
0 220 241 252 276 280 289 640 
0 220 242 252 278 280 290 640 
0 220 243 252 279 280 291 640 
0 220 243 252 292 640 
0 219 244 252 292 640 
0 212 245 251 293 640 
0 211 246 251 293 640 
0 211 294 640 
0 211 294 640 
0 211 295 640 
0 211 295 640 
0 211 295 640 
0 212 296 640 
0 212 296 640 
0 212 296 640 
0 212 296 640 
0 213 297 640 
0 213 297 640 
0 213 297 640 
0 213 297 640 
0 214 296 640 
0 214 296 640 
0 214 296 640 
0 214 296 640 
0 214 297 640 
0 214 297 640 
0 214 297 640 
0 215 298 640 
0 215 298 640 
0 215 298 640 
0 215 298 640 
0 215 298 640 
0 214 299 640 
0 213 299 640 
0 212 299 640 
0 211 299 640 
0 210 299 640 
0 210 299 640 
0 209 300 640 
0 209 300 640 
0 208 300 640 
0 208 300 640 
0 209 301 640 
0 210 301 640 
0 211 301 640 
0 213 302 640 
0 214 298 301 302 640 
0 215 298 640 
0 216 299 640 
0 217 299 640 
0 217 299 640 
0 217 299 640 
0 217 299 640 
0 217 300 640 
0 217 300 640 
0 218 301 640 
0 218 302 640 
0 218 297 299 303 640 
0 218 297 303 304 640 
0 218 298 640 
0 218 299 640 
0 217 296 298 300 640 
0 217 296 640 
0 216 296 640 
0 216 297 640 
0 215 298 640 
0 214 299 640 
0 213 300 640 
0 213 301 640 
0 213 302 640 
0 213 303 640 
0 213 304 640 
0 213 304 640 
0 213 305 640 
0 213 305 640 
0 213 305 640 
0 214 305 640 
0 214 306 640 
0 215 306 640 
0 216 306 640 
0 217 307 640 
0 217 307 640 
0 218 307 640 
0 218 307 640 
0 218 308 640 
0 218 308 640 
0 218 309 640 
0 218 309 640 
0 218 309 640 
0 217 309 640 
0 217 310 640 
0 217 310 640 
0 217 310 640 
0 216 311 640 
0 216 312 332 335 640 
0 216 312 331 336 640 
0 216 313 330 337 640 
0 216 314 329 338 640 
0 217 315 329 340 640 
0 217 316 328 340 640 
0 217 317 328 342 640 
0 217 318 327 342 640 
0 218 320 327 343 640 
0 218 321 327 344 640 
0 219 322 326 345 640 
0 220 324 326 346 640 
0 220 347 640 
0 221 348 640 
0 222 349 640 
0 223 349 640 
0 223 287 290 350 640 
0 223 287 293 351 640 
0 223 287 295 352 640 
0 224 287 296 353 640 
0 224 287 298 354 640 
0 224 287 299 355 640 
0 224 286 301 355 640 
0 224 286 302 356 640 
0 224 286 303 357 640 
0 224 286 304 358 640 
0 225 286 305 358 640 
0 225 286 306 359 640 
0 225 286 307 360 640 
0 225 286 308 361 640 
0 225 286 309 361 640 
0 225 286 310 362 640 
0 225 285 310 363 640 
0 225 285 311 363 640 
0 225 285 312 364 640 
0 225 285 313 365 640 
0 225 284 314 366 640 
0 226 284 315 366 640 
0 226 284 316 367 640 
0 226 284 317 368 640 
0 226 285 318 368 640 
0 226 286 319 369 640 
0 226 287 320 369 640 
0 227 288 321 370 640 
0 227 289 322 371 640 
0 227 290 323 371 640 
0 227 291 323 372 640 
0 227 293 324 372 640 
0 227 293 324 373 640 
0 226 294 325 373 640 
0 226 295 325 374 640 
0 226 296 325 374 640 
0 226 297 326 375 640 
0 225 297 326 375 640 
0 225 298 327 376 640 
0 225 299 328 376 640 
0 224 300 328 376 640 
0 224 301 329 377 640 
0 223 303 329 377 640 
0 222 305 330 377 640 
0 221 307 330 378 640 
0 2 638 640 








639 640 
0 218 319 330 381 640 
0 219 319 331 381 640 
0 219 319 331 381 640 
0 218 320 331 382 640 
0 218 320 332 382 640 
0 218 321 332 382 640 
0 217 321 332 382 640 
0 217 322 331 382 640 
0 217 322 331 383 640 
0 216 322 332 355 360 383 640 
0 216 322 333 355 360 383 640 
0 216 322 334 353 362 383 640 
0 216 323 334 353 362 383 640 
0 215 315 316 323 333 352 364 384 640 
0 215 315 317 323 333 352 365 384 640 
0 215 315 318 323 334 351 366 383 640 
0 214 316 319 324 334 351 367 383 640 
0 214 316 320 324 335 350 368 383 640 
0 214 316 321 324 336 350 370 383 640 
0 214 316 321 324 337 348 371 382 640 
0 213 316 322 324 372 381 640 
0 213 316 373 381 640 
0 213 317 374 380 640 
0 212 317 376 378 640 
0 212 313 640 
0 212 313 640 
0 211 314 640 
0 211 314 640 
0 210 314 640 
0 210 315 640 
0 210 315 640 
0 209 315 640 
0 209 314 640 
0 208 314 640 
0 208 314 640 
0 207 315 640 
0 207 315 640 
0 206 316 640 
0 205 317 640 
0 205 318 640 
0 204 318 640 
0 203 319 640 
0 203 320 640 
0 201 321 640 
0 200 322 640 
0 198 322 640 
0 195 323 640 
0 193 324 640 
0 191 325 640 
0 189 326 640 
0 188 326 640 
0 186 328 640 
0 184 329 640 
0 182 330 640 
0 180 331 640 
0 179 333 640 
0 178 334 640 
0 177 335 640 
0 175 336 640 
0 174 337 640 
0 173 338 640 
0 172 339 640 
0 171 340 640 
0 170 341 640 
0 169 341 640 
0 168 342 640 
0 167 342 640 
0 166 343 640 
0 165 344 640 
0 165 344 640 
0 164 344 640 
0 164 345 640 
0 163 345 640 
0 162 345 640 
0 162 346 640 
0 162 346 640 
0 161 346 640 
0 161 346 640 
0 160 346 640 
0 160 346 640 
0 159 346 640 
0 159 346 640 
0 158 346 640 
0 158 346 640 
0 158 346 640 
0 158 346 640 
0 158 346 640 
0 157 346 640 
0 157 346 640 
0 157 345 640 
0 157 345 640 
0 157 345 640 
0 156 344 640 
0 156 344 640 
0 156 344 640 
0 156 344 640 
0 156 343 640 
0 156 343 640 
0 156 343 640 
0 156 342 640 
0 156 342 640 
0 156 341 640 
0 156 341 640 
0 156 340 640 
0 156 340 640 
0 156 339 640 
0 156 339 640 
0 156 339 640 
0 156 338 640 
0 156 337 640 
0 157 337 640 
0 157 336 640 
0 157 336 640 
0 157 335 640 
0 157 335 640 
0 157 334 640 
0 158 333 640 
0 158 333 640 
0 158 332 640 
0 159 331 640 
0 159 330 640 
0 159 329 640 
0 159 329 640 
0 160 328 640 
0 160 327 640 
0 161 326 640 
0 161 325 640 
0 162 324 640 
0 162 323 640 
0 163 321 640 
0 164 320 640 
0 164 319 640 
0 165 318 640 
0 166 316 640 
0 167 315 640 
0 168 314 640 
0 168 314 640 
0 169 314 640 
0 171 315 640 
0 172 315 640 
0 173 315 640 
0 174 316 640 
0 176 316 640 
0 177 316 640 
0 179 316 640 
0 181 317 640 
0 183 317 640 
0 185 283 284 317 640 
0 188 280 286 317 640 
0 191 275 287 317 640 
0 194 271 289 317 640 
0 198 266 289 317 640 
0 202 260 290 317 640 
0 209 255 290 316 640 
0 219 255 290 316 640 
0 231 255 290 315 640 
0 233 255 290 315 640 
0 234 255 290 315 640 
0 235 255 291 315 640 
0 236 255 291 315 640 
0 237 256 291 315 640 
0 238 256 292 315 640 
0 238 256 292 315 640 
0 239 257 293 314 640 
0 239 257 294 309 640 
0 240 258 295 304 640 
0 240 259 296 300 640 
0 241 259 640 
0 242 260 640 
0 242 260 640 
0 243 261 640 
0 243 261 640 
0 243 262 640 
0 243 262 640 
0 243 262 640 
0 243 262 640 
0 243 262 640 
0 243 262 640 
0 243 262 640 
0 243 262 640 
0 243 262 640 
0 244 263 640 
0 244 263 640 
0 245 264 640 
0 245 264 640 
0 245 264 640 
0 245 265 640 
0 246 265 640 
0 246 265 640 
0 246 265 640 
0 246 265 640 
0 245 265 640 
0 245 265 640 
0 245 265 640 
0 245 265 640 
0 245 265 640 
0 245 265 640 
0 245 265 640 
0 245 265 640 
0 244 265 640 
0 244 265 640 
0 244 266 640 
0 244 266 640 
0 244 266 640 
0 244 266 640 
0 244 266 640 
0 244 266 640 
0 243 266 640 
0 243 267 640 
0 243 267 640 
0 243 267 640 
0 243 267 640 
0 243 267 640 
0 243 268 640 
0 243 268 640 
0 242 268 640 
0 242 269 640 
0 242 269 640 
0 242 269 640 
0 242 269 640 
0 242 269 640 
0 243 269 640 
0 243 269 640 
0 243 269 640 
0 243 269 640 
0 243 269 640 
0 243 269 640 
0 244 269 640 
0 244 268 640 
0 244 268 640 
0 245 268 640 
0 245 268 640 
0 245 268 640 
0 246 267 640 
0 247 266 640 
0 248 266 640 
0 248 265 640 
0 249 264 640 
0 250 263 640 
0 254 260 640 
0 640 
0 640 
0 640 
0 640 
0 640 
0 640 
0 640 
0 640 
0 640 
0 640 
0 640 
0 640 
0 640 
