0 640 
0 640 
0 640 
0 640 
0 640 
0 640 
0 640 
0 640 
0 640 
0 640 
0 640 
0 640 
0 640 
0 640 
0 640 
0 640 
0 640 
0 640 
0 640 
0 640 
0 640 
0 640 
0 640 
0 640 
0 640 
0 640 
0 640 
0 640 
0 640 
0 640 
0 640 
0 640 
0 640 
0 640 
0 640 
0 640 
0 640 
0 640 
0 640 
0 640 
0 640 
0 640 
0 640 
0 640 
0 640 
0 640 
0 640 
0 640 
0 640 
0 640 
0 640 
0 640 
0 640 
0 640 
0 640 
0 640 
0 640 
0 640 
0 640 
0 640 
0 640 
0 640 
0 640 
0 640 
0 640 
0 640 
0 640 
0 640 
0 640 
0 640 
0 640 
0 640 
0 640 
0 640 
0 640 
0 640 
0 640 
0 640 
0 640 
0 640 
0 640 
0 640 
0 640 
0 640 
0 640 
0 322 334 640 
0 319 336 640 
0 315 341 640 
0 310 343 640 
0 307 345 640 
0 305 347 640 
0 303 349 640 
0 301 350 640 
0 299 352 640 
0 298 352 640 
0 296 354 640 
0 295 354 640 
0 277 283 294 356 640 
0 274 285 293 357 640 
0 274 287 293 357 640 
0 274 289 292 359 640 
0 275 360 640 
0 276 361 640 
0 276 362 640 
0 277 362 640 
0 277 363 640 
0 278 364 640 
0 279 365 640 
0 280 365 640 
0 280 366 640 
0 281 366 640 
0 282 367 640 
0 283 368 640 
0 283 368 640 
0 282 369 640 
0 282 369 640 
0 281 370 640 
0 280 370 640 
0 279 371 640 
0 278 371 640 
0 277 372 640 
0 276 372 640 
0 276 372 640 
0 275 372 640 
0 274 373 640 
0 273 373 640 
0 272 373 640 
0 271 373 640 
0 271 373 640 
0 270 373 640 
0 270 374 640 
0 269 374 640 
0 269 374 640 
0 268 374 640 
0 268 374 640 
0 268 374 640 
0 267 374 640 
0 267 374 640 
0 267 374 640 
0 266 374 640 
0 266 374 640 
0 267 374 640 
0 267 374 640 
0 267 374 640 
0 89 91 268 374 640 
0 78 83 88 94 115 116 268 374 640 
0 77 86 88 96 115 116 268 374 640 
0 70 71 77 99 268 374 640 
0 69 78 79 102 268 374 640 
0 69 105 152 153 247 250 268 374 640 
0 70 107 147 150 151 154 243 253 268 374 640 
0 72 109 150 154 241 256 268 374 640 
0 73 75 76 111 239 259 268 374 640 
0 69 75 76 113 184 198 237 262 268 373 640 
0 68 115 175 203 236 265 268 373 640 
0 68 117 148 149 176 177 179 215 227 230 231 233 234 266 268 373 640 
0 70 119 143 150 162 165 182 198 209 218 224 373 640 
0 72 120 132 133 142 150 179 212 218 220 222 373 640 
0 75 121 131 134 141 151 175 373 640 
0 78 123 130 134 141 151 170 373 640 
0 81 124 130 134 140 151 164 373 640 
0 84 126 129 134 140 152 158 374 640 
0 87 127 129 134 139 373 640 
0 89 134 138 372 640 
0 91 135 136 371 640 
0 93 372 640 
0 95 372 640 
0 98 372 640 
0 99 373 392 402 640 
0 100 373 388 404 640 
0 101 374 383 406 640 
0 102 378 380 407 640 
0 102 407 640 
0 102 408 640 
0 89 91 101 409 640 
0 88 410 640 
0 87 410 640 
0 88 418 640 
0 89 422 566 571 640 
0 90 186 199 424 564 570 580 583 640 
0 93 152 203 428 561 568 577 583 640 
0 99 131 140 152 208 435 559 566 573 583 640 
0 105 110 118 126 143 152 214 450 462 464 557 565 570 582 640 
0 145 152 219 470 507 508 555 564 567 580 590 591 640 
0 146 152 220 475 506 509 552 562 563 579 585 593 640 
0 149 152 220 480 505 512 549 578 581 592 640 
0 150 151 221 484 505 513 524 525 546 575 577 579 580 591 640 
0 222 487 504 514 524 526 542 572 573 575 577 589 640 
0 226 493 505 514 524 527 540 587 640 
0 230 497 505 514 525 527 537 586 590 591 640 
0 231 502 505 515 525 528 535 583 585 592 640 
0 232 516 524 528 533 583 585 593 640 
0 232 517 523 528 531 592 640 
0 233 518 522 591 640 
0 234 260 266 589 640 
0 236 255 267 585 640 
0 238 250 268 583 640 
0 269 579 640 
0 270 575 640 
0 270 572 640 
0 270 570 640 
0 271 567 640 
0 271 563 640 
0 272 561 640 
0 272 558 640 
0 272 448 456 557 640 
0 273 446 458 555 640 
0 273 431 432 436 440 461 462 554 640 
0 273 425 428 463 470 472 485 554 640 
0 273 428 429 458 459 463 466 480 499 554 640 
0 273 372 375 420 438 443 458 460 461 484 501 555 640 
0 273 370 372 374 377 414 417 418 463 486 501 514 521 558 640 
0 273 368 374 421 472 489 501 513 522 560 640 
0 273 369 378 383 384 408 411 412 417 420 485 492 501 510 523 566 640 
0 274 372 382 407 502 510 523 525 529 568 640 
0 274 378 384 407 510 511 522 523 524 525 532 537 539 568 640 
0 274 382 387 391 394 406 501 502 503 512 522 526 533 536 540 568 640 
0 274 384 390 395 402 405 501 512 522 525 534 539 544 567 640 
0 274 386 394 404 501 502 503 510 524 525 531 554 640 
0 274 389 399 403 503 509 529 548 549 552 640 
0 273 390 506 507 529 533 534 535 536 551 640 
0 259 262 271 390 531 532 534 535 538 550 640 
0 253 261 264 391 541 550 640 
0 249 392 544 550 640 
0 246 395 549 550 640 
0 243 397 640 
0 239 398 640 
0 236 386 390 398 640 
0 235 385 393 398 640 
0 233 384 640 
0 230 383 640 
0 229 382 640 
0 227 382 640 
0 226 381 640 
0 225 381 640 
0 224 380 640 
0 223 380 640 
0 222 379 640 
0 221 379 640 
0 220 380 640 
0 219 382 640 
0 218 383 640 
0 217 385 640 
0 217 386 640 
0 216 388 640 
0 215 389 640 
0 214 391 640 
0 214 392 640 
0 213 393 640 
0 213 395 640 
0 212 396 640 
0 212 398 640 
0 212 399 640 
0 211 400 640 
0 211 401 640 
0 210 403 640 
0 210 404 640 
0 210 405 640 
0 209 406 640 
0 208 406 640 
0 208 407 640 
0 208 408 640 
0 207 410 640 
0 207 411 640 
0 207 412 640 
0 206 413 640 
0 206 414 640 
0 205 415 640 
0 205 416 640 
0 205 418 640 
0 205 419 640 
0 205 420 640 
0 205 421 640 
0 205 421 640 
0 205 422 640 
0 205 423 640 
0 205 424 640 
0 205 424 640 
0 205 422 640 
0 205 403 404 416 640 
0 205 415 640 
0 206 404 405 413 640 
0 206 404 406 411 640 
0 206 404 407 409 640 
0 207 404 640 
0 207 405 640 
0 207 405 640 
0 207 405 640 
0 207 405 640 
0 207 406 640 
0 208 406 640 
0 208 406 640 
0 208 406 640 
0 208 407 640 
0 208 407 640 
0 209 407 640 
0 209 407 640 
0 209 407 640 
0 210 407 640 
0 210 408 640 
0 211 408 640 
0 211 408 640 
0 211 408 640 
0 212 408 640 
0 213 408 640 
0 213 408 640 
0 214 408 640 
0 214 409 640 
0 214 409 640 
0 215 409 640 
0 215 409 640 
0 216 410 640 
0 216 410 640 
0 217 410 640 
0 218 409 640 
0 218 409 640 
0 219 409 640 
0 219 409 640 
0 220 409 640 
0 220 409 640 
0 221 408 640 
0 222 408 640 
0 223 408 640 
0 223 408 640 
0 223 408 640 
0 224 408 640 
0 224 408 640 
0 225 407 640 
0 226 407 640 
0 226 407 640 
0 227 406 640 
0 228 406 640 
0 228 405 640 
0 229 405 640 
0 230 404 640 
0 231 403 640 
0 231 402 640 
0 232 401 640 
0 233 401 640 
0 234 400 640 
0 234 399 640 
0 236 399 640 
0 237 398 640 
0 238 398 640 
0 239 397 640 
0 240 397 640 
0 240 396 640 
0 241 394 640 
0 242 393 640 
0 242 391 640 
0 243 390 640 
0 245 388 640 
0 246 386 640 
0 247 384 640 
0 248 382 640 
0 249 380 640 
0 250 378 640 
0 251 375 640 
0 254 371 640 
0 256 369 640 
0 256 367 640 
0 256 364 640 
0 256 357 640 
0 257 352 640 
0 259 349 640 
0 261 347 640 
0 263 345 640 
0 266 340 640 
0 269 336 640 
0 271 333 640 
0 273 328 640 
0 275 283 285 321 640 
0 277 281 290 317 640 
0 298 315 640 
0 301 314 640 
0 303 313 640 
0 305 311 640 
0 640 
0 640 
0 640 
0 640 
0 640 
0 640 
0 640 
0 640 
0 640 
0 640 
0 640 
0 640 
0 640 
0 640 
0 640 
0 640 
0 640 
0 640 
0 640 
0 640 
0 640 
0 640 
0 640 
0 640 
0 640 
0 640 
0 640 
0 640 
0 640 
0 640 
0 640 
0 640 
0 640 
0 640 
0 640 
0 640 
0 640 
0 640 
0 640 
0 640 
0 640 
0 640 
0 640 
0 640 
0 640 
0 640 
0 640 
0 640 
0 640 
0 640 
0 640 
0 640 
0 640 
0 640 
0 640 
0 640 
0 640 
0 640 
0 640 
0 640 
0 640 
0 640 
0 640 
0 640 
0 640 
0 640 
0 640 
0 640 
0 640 
0 640 
0 640 
0 640 
0 640 
0 640 
0 640 
0 640 
0 640 
0 640 
0 640 
0 640 
0 640 
0 640 
0 640 
0 640 
0 640 
0 640 
0 640 
0 640 
0 640 
0 640 
0 640 
0 640 
0 640 
0 640 
0 640 
0 640 
0 640 
0 640 
0 640 
0 640 
0 640 
0 640 
0 640 
