22 142 417 499 
22 142 417 500 
18 140 418 501 
17 139 419 502 
14 137 420 503 
12 136 421 505 
11 135 421 506 
9 134 421 507 
7 132 422 509 
4 131 423 510 
3 130 424 511 
2 128 424 512 
0 127 425 514 
0 126 426 515 
0 125 426 516 
0 124 427 517 
0 123 427 518 
0 122 428 519 
0 120 429 520 
0 119 430 521 
0 118 430 522 
0 117 431 523 
0 116 431 524 
0 115 431 525 
0 114 432 526 
0 113 433 528 
0 112 433 529 
0 111 434 530 
0 110 434 530 
0 109 435 531 
0 107 435 533 
0 107 436 533 
0 106 436 534 
0 105 436 535 
0 104 436 536 
0 103 437 537 
0 102 437 538 
0 101 438 539 
0 100 438 540 
0 99 439 541 
0 98 439 542 
0 97 439 543 
0 96 440 544 
0 95 440 544 
0 95 441 545 
0 94 441 546 
0 93 441 547 
0 92 442 548 
0 91 442 548 
0 90 442 549 
0 89 443 550 
0 89 443 551 
0 88 306 314 443 552 
0 87 298 321 443 553 
0 86 294 324 444 553 
0 85 289 327 444 554 
0 85 286 329 444 555 
0 84 285 331 445 556 
0 83 283 332 445 556 
0 82 281 334 445 557 
0 81 279 336 445 558 
0 81 278 337 445 559 
0 80 277 338 446 560 
0 79 275 339 446 560 
0 79 274 340 446 561 
0 78 273 342 446 562 
0 77 272 342 446 562 
0 76 272 343 446 563 
0 76 271 344 447 564 
0 75 270 344 447 564 
0 74 269 345 447 565 
0 74 268 346 447 566 
0 73 268 346 447 566 
0 72 268 347 448 567 
0 72 267 347 448 568 
0 71 266 348 448 569 
0 70 266 348 448 569 
0 70 266 349 448 570 
0 69 265 349 448 570 
0 69 265 350 449 571 
0 68 264 350 449 572 
0 67 264 350 449 572 
0 67 264 350 449 573 
0 66 264 350 449 573 
0 65 263 350 449 574 
0 65 263 351 449 575 
0 64 263 351 449 575 
0 64 263 351 449 576 
0 63 263 351 449 577 
0 63 263 351 449 577 
0 62 263 351 449 578 
0 61 263 351 449 578 
0 61 263 351 449 579 
0 60 263 351 449 579 
0 60 263 351 449 580 
0 59 263 351 449 580 
0 59 263 351 449 581 
0 58 263 351 449 582 
0 57 263 351 449 582 
0 57 263 351 449 583 
0 56 264 350 449 583 
0 56 264 350 449 584 
0 55 264 350 449 584 
0 55 264 350 449 585 
0 54 265 350 449 585 
0 54 265 349 449 586 
0 53 266 349 449 586 
0 53 266 348 449 587 
0 52 266 348 448 587 
0 52 267 347 448 588 
0 51 267 347 448 588 
0 51 268 346 448 589 
0 50 268 346 448 589 
0 50 269 345 448 590 
0 50 270 344 447 590 
0 49 270 344 447 590 
0 49 271 343 447 591 
0 48 272 342 447 591 
0 48 273 341 447 592 
0 47 274 340 447 592 
0 47 275 339 446 593 
0 46 276 338 446 593 
0 46 277 336 446 594 
0 45 278 335 446 594 
0 45 280 334 446 594 
0 45 281 332 445 595 
0 44 283 330 445 595 
0 44 285 327 445 596 
0 43 287 325 445 596 
0 43 290 322 444 596 
0 43 294 316 444 597 
0 42 300 306 444 597 
0 42 444 598 
0 42 443 598 
0 41 443 598 
0 41 443 599 
0 40 442 599 
0 40 442 599 
0 40 442 600 
0 39 441 600 
0 39 441 601 
0 39 441 601 
0 38 440 601 
0 38 440 601 
0 38 439 602 
0 37 439 602 
0 37 439 603 
0 37 438 603 
0 36 438 603 
0 36 438 604 
0 36 437 604 
0 35 437 604 
0 35 437 605 
0 35 436 605 
0 34 435 605 
0 34 435 605 
0 34 435 606 
0 34 434 606 
0 33 434 606 
0 33 433 606 
0 33 432 607 
0 32 432 607 
0 32 431 607 
0 32 431 608 
0 32 430 608 
0 31 430 608 
0 31 429 609 
0 31 429 609 
0 31 428 609 
0 30 427 609 
0 30 427 609 
0 30 426 610 
0 30 426 610 
0 29 425 610 
0 29 424 610 
0 29 424 611 
0 29 423 611 
0 29 422 611 
0 28 421 611 
0 28 421 611 
0 28 420 612 
0 28 419 612 
0 28 418 612 
0 27 418 612 
0 27 417 612 
0 27 416 613 
0 27 415 613 
0 27 414 613 
0 26 414 613 
0 26 413 613 
0 26 412 614 
0 26 411 614 
0 26 410 614 
0 26 409 614 
0 25 408 614 
0 25 407 614 
0 25 406 614 
0 25 405 615 
0 25 404 615 
0 25 403 615 
0 24 402 615 
0 24 400 615 
0 24 399 615 
0 24 398 615 
0 24 397 615 
0 24 396 616 
0 24 395 616 
0 24 394 616 
0 24 392 616 
0 24 391 616 
0 23 389 616 
0 23 388 616 
0 23 387 616 
0 23 386 616 
0 23 384 617 
0 23 383 617 
0 23 381 617 
0 23 380 617 
0 23 378 617 
0 23 376 617 
0 23 374 617 
0 23 373 617 
0 22 371 617 
0 22 369 617 
0 22 367 617 
0 22 364 617 
0 22 363 617 
0 22 360 617 
0 22 359 617 
0 22 356 617 
0 22 353 617 
0 22 351 617 
0 22 348 618 
0 22 345 618 
0 22 341 618 
0 22 338 618 
0 22 334 618 
0 22 328 618 
0 22 320 618 
0 22 310 618 
0 22 303 618 
0 22 296 618 
0 22 291 618 
0 22 289 617 
0 22 285 617 
0 23 282 617 
0 23 278 617 
0 23 275 617 
0 23 273 617 
0 23 270 617 
0 23 268 617 
0 23 266 617 
0 23 264 617 
0 23 261 617 
0 23 259 617 
0 23 257 617 
0 23 256 617 
0 23 254 617 
0 23 252 617 
0 24 251 617 
0 24 249 617 
0 24 247 617 
0 24 245 617 
0 24 244 616 
0 24 242 616 
0 24 241 616 
0 24 240 616 
0 24 238 616 
0 24 237 616 
0 24 236 616 
0 25 234 616 
0 25 233 616 
0 25 232 616 
0 25 231 616 
0 25 229 615 
0 25 228 615 
0 25 227 615 
0 25 226 615 
0 25 225 615 
0 25 224 615 
0 25 222 615 
0 25 221 614 
0 26 220 614 
0 26 220 614 
0 26 219 614 
0 26 217 614 
0 26 216 614 
0 26 215 614 
0 26 215 614 
0 26 214 613 
0 27 213 613 
0 27 212 613 
0 27 211 613 
0 27 211 613 
0 27 210 612 
0 27 209 612 
0 28 208 612 
0 28 207 612 
0 28 206 612 
0 28 206 611 
0 28 205 611 
0 29 204 611 
0 29 203 611 
0 29 203 610 
0 29 202 610 
0 30 201 610 
0 30 201 610 
0 30 200 610 
0 30 199 609 
0 30 199 609 
0 31 198 609 
0 31 198 609 
0 31 197 608 
0 31 196 608 
0 32 196 608 
0 32 195 608 
0 32 194 607 
0 32 194 607 
0 33 194 607 
0 33 193 607 
0 33 192 606 
0 34 192 606 
0 34 191 606 
0 34 191 605 
0 34 191 605 
0 35 190 605 
0 35 190 605 
0 35 189 604 
0 36 188 604 
0 36 188 604 
0 36 188 603 
0 37 187 603 
0 37 187 603 
0 37 186 602 
0 38 186 602 
0 38 186 602 
0 38 185 601 
0 39 185 601 
0 39 185 601 
0 39 184 600 
0 40 184 600 
0 40 183 600 
0 40 183 599 
0 41 183 599 
0 41 183 598 
0 42 182 598 
0 42 182 598 
0 42 182 597 
0 43 181 597 
0 43 181 596 
0 44 181 596 
0 44 181 596 
0 44 180 324 336 595 
0 45 180 320 339 595 
0 45 180 319 341 595 
0 46 180 317 343 594 
0 46 180 315 345 594 
0 46 179 314 346 593 
0 47 179 313 347 593 
0 47 179 312 348 592 
0 48 178 311 350 592 
0 48 178 310 350 591 
0 49 178 309 351 591 
0 49 178 308 352 591 
0 50 178 307 353 590 
0 50 178 307 354 590 
0 51 178 306 354 589 
0 51 178 305 355 589 
0 51 178 305 356 588 
0 52 177 304 356 588 
0 52 177 304 357 587 
0 53 177 303 358 587 
0 54 177 303 358 586 
0 54 177 303 358 586 
0 54 177 302 359 585 
0 55 177 302 359 585 
0 55 176 302 359 584 
0 56 176 302 360 584 
0 57 176 301 360 583 
0 57 176 301 360 583 
0 58 176 300 360 582 
0 58 176 300 360 582 
0 59 176 300 361 581 
0 59 176 300 361 580 
0 60 176 300 361 580 
0 60 176 300 361 580 
0 61 176 300 361 579 
0 61 176 300 361 578 
0 62 176 300 360 578 
0 63 176 300 360 577 
0 63 176 300 360 577 
0 64 176 300 360 576 
0 64 176 301 360 575 
0 65 176 301 360 575 
0 66 176 301 360 574 
0 66 176 302 360 574 
0 67 176 302 359 573 
0 67 176 302 359 573 
0 68 176 303 359 572 
0 69 176 303 358 571 
0 70 176 303 358 570 
0 70 176 304 358 570 
0 71 176 305 357 569 
0 71 177 305 356 569 
0 72 177 306 356 568 
0 73 177 307 355 567 
0 73 177 307 355 567 
0 74 178 308 354 566 
0 75 178 309 353 565 
0 75 178 310 353 565 
0 76 178 311 352 564 
0 77 178 312 351 563 
0 78 178 313 350 563 
0 78 178 314 348 562 
0 79 178 315 347 561 
0 80 178 317 346 560 
0 80 179 318 344 560 
0 81 179 321 343 559 
0 82 179 323 341 558 
0 83 180 325 339 557 
0 83 180 557 
0 84 180 556 
0 85 180 555 
0 86 180 554 
0 86 181 554 
0 87 181 553 
0 88 181 552 
0 89 181 551 
0 90 181 550 
0 90 182 550 
0 91 182 549 
0 92 183 548 
0 93 183 547 
0 94 183 546 
0 95 184 545 
0 96 184 545 
0 96 184 544 
0 97 185 543 
0 98 185 542 
0 99 185 541 
0 100 186 540 
0 101 186 539 
0 102 186 538 
0 103 187 537 
0 104 187 537 
0 105 188 535 
0 106 189 534 
0 107 189 534 
0 107 189 533 
0 109 189 532 
0 110 190 530 
0 111 190 529 
0 111 191 528 637 640 
0 113 191 527 636 640 
0 114 192 526 634 640 
0 115 192 525 632 640 
0 116 193 524 630 640 
0 117 193 523 629 640 
0 118 194 522 627 640 
0 119 194 521 625 640 
0 120 195 520 623 640 
0 121 196 519 622 640 
0 122 196 518 619 640 
0 123 197 516 616 617 618 640 
0 124 197 515 616 640 
0 126 197 514 614 640 
0 127 198 513 613 640 
0 128 199 512 610 640 
0 129 200 511 608 640 
0 131 200 510 606 640 
0 132 201 508 604 640 
0 133 202 507 603 640 
0 134 202 506 601 640 
0 135 203 505 598 640 
0 137 204 503 597 640 
0 138 204 502 594 640 
0 140 205 501 592 640 
0 141 206 499 590 640 
0 143 207 498 587 640 
0 144 207 497 586 640 
