0 640 
0 640 
0 640 
0 640 
0 640 
0 640 
0 640 
0 640 
0 640 
0 640 
0 640 
0 640 
0 640 
0 640 
0 640 
0 640 
0 640 
0 640 
0 640 
0 640 
0 640 
0 640 
0 640 
0 640 
0 640 
0 640 
0 640 
0 640 
0 640 
0 640 
0 640 
0 640 
0 640 
0 640 
0 640 
0 640 
0 640 
0 640 
0 640 
0 640 
0 640 
0 640 
0 640 
0 640 
0 640 
0 640 
0 640 
0 640 
0 640 
0 640 
0 640 
0 640 
0 640 
0 640 
0 640 
0 640 
0 640 
0 640 
0 640 
0 640 
0 640 
0 640 
0 640 
0 640 
0 640 
0 640 
0 640 
0 640 
0 640 
0 640 
0 640 
0 640 
0 640 
0 640 
0 640 
0 640 
0 640 
0 640 
0 640 
0 640 
0 640 
0 640 
0 640 
0 640 
0 640 
0 640 
0 640 
0 640 
0 640 
0 640 
0 640 
0 640 
0 640 
0 640 
0 640 
0 640 
0 640 
0 640 
0 640 
0 640 
0 640 
0 640 
0 640 
0 640 
0 640 
0 640 
0 640 
0 640 
0 640 
0 640 
0 640 
0 640 
0 640 
0 640 
0 640 
0 640 
0 640 
0 640 
0 640 
0 640 
0 640 
0 640 
0 640 
0 640 
0 640 
0 640 
0 640 
0 640 
0 640 
0 640 
0 640 
0 640 
0 640 
0 640 
0 640 
0 640 
0 640 
0 640 
0 640 
0 640 
0 640 
0 640 
0 640 
0 640 
0 640 
0 640 
0 640 
0 640 
0 353 358 640 
0 352 366 640 
0 350 370 640 
0 348 375 640 
0 347 377 640 
0 345 380 640 
0 345 382 640 
0 344 384 640 
0 343 386 640 
0 342 388 640 
0 342 390 640 
0 342 392 640 
0 342 394 640 
0 342 395 640 
0 342 397 640 
0 343 398 640 
0 343 400 640 
0 343 402 640 
0 343 403 640 
0 343 405 640 
0 342 406 640 
0 340 407 640 
0 339 409 640 
0 338 410 640 
0 338 412 640 
0 338 413 640 
0 338 414 640 
0 338 416 640 
0 338 417 640 
0 338 418 640 
0 339 419 640 
0 339 421 640 
0 339 422 640 
0 339 424 640 
0 339 425 640 
0 339 426 640 
0 339 428 640 
0 339 429 640 
0 338 430 640 
0 338 431 640 
0 338 432 640 
0 337 433 640 
0 337 434 640 
0 338 435 640 
0 338 436 640 
0 338 437 640 
0 338 438 640 
0 338 440 640 
0 338 441 640 
0 338 442 640 
0 338 443 640 
0 338 444 640 
0 338 445 640 
0 338 446 640 
0 338 447 640 
0 338 448 640 
0 337 449 640 
0 337 450 640 
0 337 451 640 
0 337 452 640 
0 336 453 640 
0 336 454 640 
0 336 455 640 
0 336 456 640 
0 336 456 640 
0 336 457 640 
0 336 458 640 
0 336 459 640 
0 336 459 640 
0 336 460 640 
0 337 460 640 
0 337 461 640 
0 337 462 640 
0 337 463 640 
0 337 463 640 
0 337 464 640 
0 338 465 640 
0 338 465 640 
0 338 466 640 
0 339 466 640 
0 340 467 640 
0 340 467 640 
0 341 468 640 
0 341 469 640 
0 342 469 640 
0 342 470 640 
0 343 470 640 
0 344 471 640 
0 344 471 640 
0 345 472 640 
0 345 472 640 
0 345 473 640 
0 345 474 640 
0 346 474 640 
0 346 475 640 
0 346 475 640 
0 346 476 640 
0 346 477 640 
0 346 477 640 
0 346 478 640 
0 347 478 640 
0 347 479 640 
0 348 479 640 
0 349 479 640 
0 349 480 640 
0 350 480 640 
0 350 480 640 
0 351 481 640 
0 352 481 640 
0 352 481 640 
0 353 481 640 
0 353 482 640 
0 353 482 640 
0 353 483 640 
0 354 483 640 
0 354 484 640 
0 354 484 640 
0 354 485 640 
0 355 485 640 
0 355 486 640 
0 355 486 640 
0 356 487 640 
0 356 487 640 
0 356 488 640 
0 356 488 640 
0 357 488 640 
0 357 489 640 
0 357 489 640 
0 358 489 640 
0 358 490 640 
0 358 490 640 
0 358 490 640 
0 358 490 640 
0 358 490 640 
0 359 490 640 
0 359 490 640 
0 359 490 640 
0 359 491 640 
0 359 491 640 
0 360 491 640 
0 360 491 640 
0 360 491 640 
0 361 492 640 
0 361 492 640 
0 361 493 640 
0 362 493 640 
0 362 494 640 
0 363 494 640 
0 363 494 640 
0 364 494 640 
0 364 495 640 
0 365 495 640 
0 365 495 640 
0 365 495 640 
0 366 495 640 
0 366 496 640 
0 366 496 640 
0 367 496 640 
0 367 496 640 
0 368 497 640 
0 368 497 640 
0 369 497 640 
0 369 498 640 
0 370 498 640 
0 370 498 640 
0 371 498 640 
0 371 498 640 
0 372 498 640 
0 372 498 640 
0 373 499 640 
0 373 499 640 
0 374 499 640 
0 375 499 640 
0 376 500 640 
0 376 500 640 
0 376 500 640 
0 377 500 640 
0 378 500 640 
0 379 499 640 
0 380 499 640 
0 380 500 640 
0 381 499 640 
0 381 498 640 
0 382 498 640 
0 383 498 640 
0 383 498 640 
0 384 387 389 498 640 
0 384 388 390 499 640 
0 385 389 392 499 640 
0 385 390 393 500 640 
0 386 389 394 500 640 
0 388 389 395 501 640 
0 388 390 396 502 640 
0 388 390 396 502 640 
0 388 390 396 502 640 
0 389 391 397 502 640 
0 390 393 397 503 640 
0 390 392 397 503 640 
0 390 392 397 503 640 
0 391 394 397 503 640 
0 391 396 397 504 640 
0 392 396 398 504 640 
0 392 505 640 
0 393 506 640 
0 393 506 640 
0 394 507 640 
0 394 508 640 
0 394 508 640 
0 395 509 640 
0 395 509 640 
0 395 510 640 
0 396 510 640 
0 397 511 640 
0 397 511 640 
0 398 512 640 
0 399 512 640 
0 399 512 640 
0 400 513 640 
0 400 513 640 
0 401 513 640 
0 401 514 640 
0 402 515 640 
0 403 515 640 
0 403 516 640 
0 404 516 640 
0 404 516 640 
0 405 517 640 
0 405 517 640 
0 406 518 640 
0 406 518 640 
0 407 519 640 
0 407 519 640 
0 408 519 640 
0 408 520 640 
0 408 520 640 
0 409 521 640 
0 409 521 640 
0 410 521 640 
0 410 521 640 
0 411 522 640 
0 411 522 640 
0 412 522 640 
0 412 523 640 
0 413 524 640 
0 413 524 640 
0 414 524 640 
0 414 525 640 
0 415 525 640 
0 415 526 640 
0 416 526 640 
0 416 527 640 
0 417 527 640 
0 417 527 640 
0 418 527 640 
0 418 528 640 
0 419 528 640 
0 419 529 640 
0 420 529 640 
0 420 530 640 
0 420 530 640 
0 421 530 640 
0 421 531 640 
0 422 531 640 
0 422 531 640 
0 423 532 640 
0 423 532 640 
0 424 533 640 
0 424 533 640 
0 424 534 640 
0 425 534 640 
0 425 535 640 
0 425 535 640 
0 426 535 640 
0 426 535 640 
0 427 536 640 
0 427 536 640 
0 427 537 640 
0 428 537 640 
0 428 538 640 
0 429 538 640 
0 429 538 640 
0 430 539 640 
0 430 539 640 
0 431 539 640 
0 431 540 640 
0 432 540 640 
0 432 540 640 
0 432 541 640 
0 433 541 640 
0 433 541 640 
0 434 542 640 
0 434 542 640 
0 435 543 640 
0 435 543 640 
0 436 543 640 
0 436 544 640 
0 437 544 640 
0 437 545 640 
0 438 545 640 
0 438 546 640 
0 438 546 640 
0 439 546 640 
0 439 547 640 
0 440 547 640 
0 440 548 640 
0 441 548 640 
0 441 548 640 
0 441 549 640 
0 442 549 640 
0 442 549 640 
0 443 550 640 
0 443 550 640 
0 444 551 640 
0 444 551 640 
0 445 552 640 
0 445 552 640 
0 446 552 640 
0 446 553 640 
0 447 553 640 
0 447 553 640 
0 448 554 640 
0 448 554 640 
0 449 555 640 
0 449 555 640 
0 449 555 640 
0 450 556 640 
0 450 556 640 
0 451 556 640 
0 451 557 640 
0 452 557 640 
0 453 558 640 
0 453 558 640 
