

























347 348 
346 349 
342 344 346 349 
342 344 346 352 
342 352 
342 352 
339 340 341 351 
338 351 
339 350 
339 350 
339 351 
336 351 
333 350 
331 348 
328 347 
314 316 326 347 
129 132 313 318 323 347 
129 133 312 319 322 348 
128 133 312 348 
125 133 312 349 
125 133 312 349 
125 134 313 349 
126 134 313 350 547 548 
126 135 313 350 546 549 
127 136 314 351 546 550 
127 137 314 351 547 551 
127 137 314 351 547 552 
126 137 314 352 547 552 
126 138 313 352 547 552 
126 139 313 353 547 552 
127 140 312 353 547 552 
127 140 311 353 547 552 
125 141 310 354 547 552 
124 141 310 355 546 552 
123 142 309 355 546 552 
122 142 309 356 543 552 
121 142 308 358 543 551 
121 142 308 359 544 551 
120 143 308 359 543 552 
118 143 255 259 307 360 542 553 
117 144 253 260 307 359 541 555 
117 145 252 261 308 357 540 556 
116 147 251 261 277 280 281 285 308 356 539 557 
115 148 250 262 276 286 309 354 538 558 
113 151 249 263 275 290 309 353 537 559 
106 111 112 157 249 264 275 290 310 353 536 561 
105 158 249 264 275 291 310 352 535 562 
105 159 248 266 275 290 311 352 534 563 
105 160 248 267 276 290 311 352 533 564 
104 161 248 270 276 291 312 352 532 565 
102 162 248 273 275 292 312 352 532 566 
102 162 248 298 312 352 531 567 
102 162 248 303 311 352 531 568 
103 162 248 304 310 352 530 569 571 573 
104 161 248 305 307 351 529 579 
105 160 248 351 529 581 
105 159 248 351 528 582 
106 159 248 351 525 582 
107 159 249 294 303 350 520 580 
108 158 249 266 270 293 303 350 519 579 
108 158 249 265 270 293 303 311 312 350 518 578 
109 158 250 264 270 292 297 300 303 310 312 350 518 578 
109 158 250 263 270 291 295 308 312 350 519 578 
109 159 250 262 270 291 294 309 314 350 520 577 
108 159 251 261 269 290 293 311 314 350 521 576 
108 160 252 260 270 289 291 312 314 350 521 576 
108 160 253 259 271 289 290 350 522 575 
108 161 254 258 271 350 522 575 
108 161 272 350 523 575 
109 162 271 350 524 575 
109 162 271 350 525 576 614 615 
109 162 270 287 289 350 525 576 613 616 
109 163 270 287 291 346 347 350 524 576 612 617 
109 163 270 287 290 346 347 351 524 577 611 618 
108 163 270 286 288 352 523 577 610 618 
110 163 270 286 287 353 523 577 609 618 
111 164 269 354 523 577 607 618 
112 164 269 354 523 577 606 618 
113 164 268 354 522 577 605 617 
114 165 268 354 522 577 604 616 
115 165 268 354 522 577 603 614 
118 165 267 355 522 577 601 613 
121 165 267 355 522 577 600 611 
121 165 267 354 522 576 599 610 
121 165 266 354 522 575 597 608 
120 165 266 353 522 575 596 607 
120 165 265 353 522 574 594 605 
120 165 265 352 522 574 593 603 
121 165 265 352 522 573 592 601 
122 165 265 352 522 572 590 600 
123 165 265 352 522 571 589 599 
124 164 265 300 301 351 522 570 587 597 
123 164 265 289 301 350 522 570 586 596 
122 163 266 285 300 350 523 569 584 595 
121 162 267 282 300 349 523 568 583 593 
121 162 268 279 299 348 523 568 581 592 
121 158 160 161 270 275 298 348 523 567 579 591 
120 157 298 347 523 567 577 589 
120 154 298 346 523 567 576 588 
120 153 298 345 522 566 574 587 
120 150 298 344 522 565 573 585 
120 150 298 340 522 564 571 584 
120 151 298 338 522 562 570 583 
121 151 298 338 523 560 569 581 
121 152 298 337 524 560 567 580 
120 152 297 337 524 561 566 579 
119 152 297 337 524 577 
118 155 298 336 523 577 
117 156 298 336 522 577 
117 156 298 336 520 579 
117 157 298 335 519 579 
116 157 298 336 517 579 
116 158 298 336 515 578 
116 158 298 337 513 577 
116 158 298 337 511 578 
116 158 298 337 510 579 580 583 
115 158 298 338 510 585 
115 158 298 338 510 589 
114 158 299 338 510 593 
114 158 299 338 511 597 
114 157 299 339 505 599 
113 156 300 339 502 602 
113 156 300 339 501 603 
112 156 300 338 501 605 
112 157 300 337 500 606 
111 157 301 336 499 606 
111 157 301 335 499 607 
110 157 302 335 498 608 
110 157 302 335 497 610 
109 157 302 335 497 615 616 623 
108 157 302 336 497 625 
106 157 301 336 497 626 
105 157 300 337 496 627 
104 156 300 338 496 562 565 629 
102 156 299 338 496 561 567 631 
101 155 299 339 496 561 570 634 
99 155 298 339 496 562 571 636 
98 155 298 340 495 561 573 638 
97 154 297 340 495 561 573 640 
95 154 297 340 495 561 574 640 
93 154 297 341 494 562 576 640 
91 154 296 341 494 562 577 640 
89 154 296 341 494 562 578 638 
33 45 88 154 296 342 493 562 579 640 
28 46 86 154 295 342 493 562 581 640 
24 47 85 114 116 154 295 342 493 562 582 640 
19 48 85 112 117 154 295 342 492 562 583 640 
15 48 85 111 117 154 294 342 492 561 584 625 630 640 
12 49 84 109 117 154 294 343 492 561 585 622 629 640 
8 49 81 107 118 154 294 343 492 561 586 614 629 640 
4 49 78 106 118 154 293 343 493 560 588 607 631 640 
0 50 69 105 118 154 293 343 493 560 589 604 634 640 
0 52 62 104 119 154 293 343 494 560 592 600 637 640 
0 53 61 103 119 154 292 343 495 559 
0 55 60 101 120 154 292 343 496 558 
0 57 58 100 120 154 292 343 497 557 
0 99 120 155 291 344 500 556 
0 98 121 156 291 344 503 555 
0 96 121 157 291 344 504 554 
0 68 71 91 121 158 290 344 504 553 
0 68 75 91 121 159 290 344 505 552 
0 70 77 86 88 90 118 160 290 344 506 551 
0 72 77 86 115 160 289 344 506 551 
0 73 76 84 113 161 289 344 508 550 
0 84 112 162 288 345 508 549 
0 83 111 162 288 345 507 549 
0 81 107 109 110 163 288 345 507 548 
0 82 106 164 287 345 506 548 
0 84 106 164 287 345 506 548 
0 86 105 165 287 345 505 549 
0 89 100 165 286 346 505 550 
0 165 286 346 504 550 
0 166 285 346 503 551 
0 166 284 346 502 551 
0 166 283 346 502 552 
0 167 282 347 502 553 
3 167 281 347 501 553 
4 168 280 347 501 553 
6 168 279 347 501 554 
8 109 110 169 277 348 501 554 
9 108 111 116 119 169 277 348 500 555 
11 115 122 169 276 348 500 555 
13 113 121 170 275 348 500 555 
15 114 121 170 274 349 500 556 
16 116 121 170 273 349 499 556 
18 118 121 171 273 349 499 557 
20 171 272 349 499 557 
21 172 271 349 499 558 
23 172 271 350 499 558 
25 173 271 350 498 559 
26 173 271 350 498 559 
28 173 271 350 498 559 
30 174 271 350 498 560 
32 174 271 351 498 560 
33 175 271 351 498 561 
35 175 271 351 497 561 
37 175 271 351 497 562 
38 176 271 351 497 562 
40 176 271 351 497 563 
42 177 271 351 497 563 
43 177 272 351 496 564 
45 178 272 351 496 564 
47 178 273 351 496 565 
49 178 274 351 496 565 
50 179 274 351 496 566 
52 179 275 350 495 566 
54 179 276 350 495 567 
56 180 277 350 495 567 
57 180 279 350 494 567 
59 181 280 350 494 568 
60 181 282 349 494 568 
62 181 283 349 493 569 
64 182 286 349 493 569 
66 182 288 349 492 569 
67 183 290 349 492 569 
69 183 292 349 492 570 
71 183 294 350 491 570 
73 184 296 350 491 570 
74 184 300 350 490 570 
76 184 301 314 334 351 490 571 
78 185 300 314 335 351 489 571 
79 185 300 314 336 352 489 571 
81 185 300 314 336 352 488 572 
83 184 300 314 337 353 487 572 
85 184 300 314 337 353 487 572 
86 183 300 314 338 354 487 572 
88 182 300 314 338 354 487 572 
90 180 300 314 338 354 486 572 
91 177 300 315 338 355 486 572 
93 175 300 315 339 355 486 572 
95 173 300 315 339 355 485 573 
97 171 300 315 340 355 485 572 
98 170 300 315 340 355 485 572 
100 168 301 315 340 355 485 572 
102 165 301 315 341 355 485 571 
103 162 301 315 341 355 485 571 
105 123 125 156 301 315 341 355 486 570 
107 119 124 153 301 315 341 355 486 569 
110 114 124 150 301 315 342 355 487 568 
123 148 302 315 342 354 488 567 
123 148 302 314 342 354 489 565 
123 147 302 314 343 354 490 564 
123 147 302 314 343 354 490 562 
122 146 303 314 343 355 491 561 
122 146 303 314 343 355 492 559 
122 146 303 314 343 356 493 558 
121 147 303 314 343 357 494 556 
121 148 303 314 343 357 496 555 
121 149 303 314 343 357 497 555 
121 149 303 314 343 357 501 555 
120 150 303 315 343 357 503 555 
120 151 302 315 343 356 504 555 
120 151 303 315 344 356 505 528 530 555 
120 152 303 316 345 356 505 526 536 555 
120 152 303 316 345 357 505 525 537 555 
120 153 303 316 344 357 506 525 537 555 
120 153 303 316 344 357 506 525 537 555 
120 154 303 315 344 357 506 525 537 555 
120 154 304 315 344 357 506 525 537 555 
120 155 305 314 343 358 506 525 538 555 
120 155 305 315 343 358 506 525 538 555 
120 156 305 314 343 358 506 525 538 555 
121 156 305 314 343 358 505 525 538 555 
121 156 305 315 343 358 504 525 538 555 
122 157 305 316 343 358 503 524 538 555 
122 157 304 316 343 359 502 524 538 555 
123 157 287 296 304 317 343 359 501 524 538 556 
124 158 284 302 303 317 342 359 501 524 538 556 
125 158 280 324 342 359 500 523 538 556 
126 158 277 331 342 359 499 522 538 556 
128 158 276 334 342 360 499 521 538 556 
129 159 275 339 341 360 498 521 538 556 
130 159 275 360 498 520 538 556 
131 160 274 360 498 519 539 556 
132 161 274 360 497 518 538 555 
133 162 274 360 497 517 538 555 
135 163 274 360 497 516 538 555 
136 163 274 359 497 515 538 555 
137 164 274 359 496 515 538 554 
139 164 274 359 496 514 538 554 
140 164 274 360 495 513 538 554 
141 165 274 360 495 512 538 554 
142 166 275 359 494 511 538 553 
143 169 275 359 493 510 538 553 
145 170 276 358 492 509 537 552 
146 171 277 357 492 509 537 552 
147 172 278 356 491 508 537 552 
149 173 279 356 491 508 537 551 
150 173 280 356 491 507 537 551 
151 173 282 356 491 507 537 550 
151 173 283 356 490 507 537 550 
152 173 285 356 490 507 537 550 
152 174 287 356 490 506 536 550 
152 174 289 356 489 505 536 550 
151 175 292 356 488 504 535 550 
149 176 296 357 488 504 535 550 
146 177 299 358 488 503 535 550 
143 178 302 359 488 503 535 550 
142 179 302 360 487 503 535 550 
141 181 302 361 487 503 536 550 
140 182 299 363 487 503 536 550 
138 183 296 364 487 504 537 549 
137 184 294 364 487 504 536 548 
136 184 293 365 487 504 536 548 
134 185 290 365 487 505 535 547 
133 185 286 365 487 505 534 547 
132 185 282 365 487 506 533 547 
131 185 280 365 487 506 533 548 
130 185 277 365 487 507 532 548 
128 185 276 364 487 507 532 548 
127 185 274 364 487 507 515 548 
126 185 273 363 487 549 
126 185 273 296 298 304 314 362 487 552 
125 186 273 292 315 362 487 554 
125 187 273 291 314 361 486 557 
126 188 274 292 311 360 486 559 
126 188 275 293 308 356 486 560 
127 189 276 294 306 355 485 562 
127 189 277 295 304 354 484 563 
127 189 277 296 301 352 485 565 
52 58 127 189 278 332 334 349 485 566 
49 60 127 189 278 330 485 567 
47 61 127 189 279 329 485 568 
44 62 126 189 280 327 486 568 
42 64 126 189 281 324 486 569 
40 65 123 189 282 321 487 569 
37 66 119 189 282 320 488 570 
35 67 116 189 281 319 489 570 
32 69 113 188 279 293 298 319 490 571 
30 70 108 188 277 291 307 319 491 571 
28 71 104 187 273 290 308 317 492 571 
25 72 101 186 262 287 310 315 493 571 
22 74 99 185 261 285 494 571 
20 75 96 184 261 283 495 571 
17 76 93 124 126 182 262 281 496 570 
15 78 88 120 126 181 263 280 496 570 
13 79 86 117 126 179 264 279 497 570 
10 80 82 114 126 177 265 278 497 569 
8 110 126 176 266 277 497 568 
6 108 126 176 267 276 498 566 
4 105 126 177 269 276 498 565 
4 101 126 177 270 275 499 564 
3 99 126 178 271 274 500 563 
2 98 125 178 501 562 
2 96 125 179 501 561 
2 95 125 179 502 558 
3 94 126 179 503 555 
4 94 126 179 504 553 
5 94 126 179 505 553 
6 95 126 179 507 554 
7 96 125 179 509 556 
8 98 125 179 510 558 
9 99 125 179 512 560 
10 100 124 179 513 561 
11 102 124 179 514 563 
13 103 123 178 514 564 
14 105 123 178 513 566 
15 106 122 177 512 568 
16 107 122 176 510 570 
17 109 121 175 506 571 
18 110 121 174 504 571 
19 113 120 173 502 572 615 619 
20 171 500 573 613 619 
21 170 497 574 610 619 
22 169 492 575 607 618 
24 168 488 576 605 616 
25 162 165 166 485 577 602 614 
26 161 484 578 599 611 
27 160 483 578 596 608 
28 160 483 579 592 604 
29 159 483 580 589 602 
30 126 130 156 483 582 586 598 
31 126 132 151 483 596 
32 126 136 139 484 507 512 593 
34 128 485 504 523 590 
35 129 486 504 524 590 
36 130 487 504 524 589 
37 131 488 505 525 589 
38 133 488 506 525 591 
39 134 489 507 526 593 
40 135 490 509 527 594 
41 136 491 510 528 595 
42 138 492 510 529 596 
43 139 492 511 531 598 
45 140 493 512 534 598 
46 142 494 513 537 600 
47 143 494 514 539 601 
48 144 495 515 539 602 
49 145 496 516 538 603 
50 147 498 517 534 547 554 605 
51 148 499 519 531 544 556 606 
52 149 500 521 529 541 557 607 
53 151 501 522 525 538 557 609 
54 152 502 535 558 610 
56 153 503 533 559 611 
57 155 504 530 561 613 
58 156 505 527 563 614 
59 157 506 527 565 615 
60 158 507 526 566 615 
61 160 507 525 567 616 
62 161 508 524 568 617 
63 162 509 522 569 618 
64 163 516 518 571 618 
65 165 574 587 592 619 
67 166 578 584 595 619 
68 167 596 620 
69 169 598 621 
70 170 600 622 
71 171 601 623 
72 172 601 623 
73 174 602 625 
74 175 602 627 
75 176 604 628 
76 178 605 629 
78 179 607 629 
79 179 608 630 
80 180 610 632 
81 180 613 633 
82 179 616 634 
83 179 620 635 
84 178 628 635 
85 177 629 633 
86 176 
87 175 
89 173 
90 171 
91 170 
92 168 
93 166 
94 164 
95 163 
96 161 
97 160 
98 158 
100 156 
101 154 
102 152 
103 151 
104 149 
105 147 
106 146 
107 144 
108 142 
109 140 
110 138 
112 136 
113 135 
114 133 
115 131 
116 129 
117 127 
120 122 


