573 640 
572 640 
570 640 
568 640 
565 640 
563 640 
559 640 
558 640 
557 640 
556 640 
555 640 
554 640 
553 640 
552 640 
552 640 
551 640 
550 640 
549 640 
549 640 
548 640 
548 640 
547 640 
546 640 
546 640 
546 640 
545 640 
545 640 
544 640 
544 640 
543 640 
543 640 
543 640 
543 640 
543 640 
542 640 
542 640 
542 640 
542 640 
541 640 
541 640 
541 640 
541 640 
541 640 
540 640 
540 640 
540 640 
540 640 
540 640 
539 640 
539 640 
539 640 
539 640 
539 640 
538 640 
539 640 
539 640 
539 640 
539 640 
539 640 
538 640 
539 640 
539 640 
539 640 
539 640 
540 640 
541 640 
544 640 
546 640 
546 640 
547 640 
547 640 
547 640 
547 640 
548 560 565 640 
548 557 566 640 
567 640 
567 640 
568 640 
569 640 
569 640 
570 640 
570 640 
571 640 
571 640 
572 640 
572 640 
572 640 
573 640 
573 640 
573 640 
574 640 
574 640 
574 640 
575 640 
576 594 600 640 
577 585 588 592 603 640 
578 584 606 640 
580 581 608 640 
610 640 
611 640 
611 640 
611 640 
611 640 
611 640 
610 640 
610 640 
610 640 
610 616 617 640 
610 615 618 640 
610 614 619 640 
609 614 620 640 
609 613 618 620 621 640 
609 612 622 640 
608 611 623 640 
608 610 624 640 
624 640 
625 640 
626 640 
626 640 
627 640 
628 640 
630 640 
631 640 
632 640 
632 640 
632 640 
633 640 
633 640 
633 640 
634 635 638 640 



















































































198 204 
197 207 
196 208 
195 210 
195 211 
194 212 
194 213 
194 214 
194 215 
194 216 
194 217 
194 218 
194 219 
194 219 
194 220 
194 220 
194 221 
195 222 
195 222 
195 222 
195 223 330 331 
195 223 324 334 
196 224 320 335 
196 224 316 336 
196 225 315 337 
197 225 314 338 
197 226 313 338 
197 227 312 340 
198 228 311 340 
198 229 311 340 
198 230 310 340 
198 231 310 341 
199 232 310 342 
199 233 310 342 502 505 
200 234 310 342 501 506 
200 235 310 343 500 507 513 514 
200 235 310 343 499 508 512 516 
200 236 310 344 498 508 511 517 524 525 
201 237 310 344 497 508 509 518 521 526 
201 238 310 344 497 519 520 527 533 536 
201 247 310 345 496 528 532 537 
202 251 310 345 495 528 530 538 545 547 
202 255 310 345 495 538 543 548 
203 258 311 346 494 539 543 549 
203 261 311 346 493 539 541 550 
203 263 311 346 493 539 540 550 
204 265 312 347 492 550 
204 267 312 347 491 550 
205 268 313 347 491 550 
205 269 313 348 490 551 
205 270 314 348 490 551 
206 271 314 348 489 551 
206 273 314 349 489 551 
207 274 315 349 488 551 
207 274 315 350 487 551 
208 275 316 350 487 551 
208 275 316 351 486 551 
208 276 316 351 486 551 
209 276 317 351 485 551 
209 276 317 352 484 551 
210 276 317 352 484 552 
210 276 317 353 483 552 
210 275 317 353 482 552 
211 274 317 354 482 552 
211 273 317 354 481 552 
212 273 318 354 481 552 
212 273 318 355 480 552 
212 276 318 355 480 552 635 640 
212 277 318 356 479 553 630 640 
211 279 318 356 478 554 626 640 
211 281 318 356 478 555 622 640 
211 282 318 357 477 556 620 640 
211 284 318 357 477 558 616 640 
211 286 318 358 476 560 613 640 
211 287 318 358 475 561 610 640 
211 289 318 359 475 562 608 640 
211 290 318 359 474 564 605 640 
211 293 318 359 473 565 603 640 
211 295 318 360 473 567 601 640 
211 296 318 360 472 568 599 640 
211 298 318 361 471 569 597 640 
212 300 319 361 471 571 596 640 
212 301 319 361 470 572 594 640 
212 303 318 362 470 574 593 640 
213 304 318 362 469 574 592 640 
213 305 318 363 468 576 590 640 
214 306 318 363 467 577 589 640 
215 307 318 363 466 578 587 640 
214 309 317 364 466 579 587 640 
213 310 317 365 465 581 586 640 
212 312 317 365 465 582 585 640 
211 313 317 365 464 583 584 640 
210 315 316 366 463 640 
209 366 462 640 
208 366 462 640 
207 367 461 640 
207 367 460 640 
206 368 460 640 
205 368 459 640 
205 368 458 640 
205 369 457 640 
205 369 457 640 
204 370 456 640 
204 370 455 640 
203 370 454 640 
203 371 453 640 
203 371 453 640 
204 372 451 640 
204 372 451 640 
204 372 450 640 
204 372 449 640 
205 373 448 640 
205 373 448 640 
205 374 447 640 
205 374 446 640 
205 374 445 640 
206 375 444 640 
206 375 443 640 
206 375 442 640 
206 375 441 640 
207 376 440 640 
207 376 439 640 
207 376 438 640 
208 377 438 640 
208 377 437 640 
207 377 436 640 
206 377 435 640 
205 378 434 640 
204 378 433 640 
203 379 432 640 
202 379 431 640 
201 379 430 640 
200 379 428 640 
199 379 427 640 
198 380 426 640 
198 380 426 640 
197 380 425 640 
197 381 424 640 
197 381 423 640 
197 381 422 640 
197 382 421 640 
197 382 420 640 
197 382 418 640 
197 383 417 640 
197 383 416 640 
197 383 414 640 
197 383 413 640 
197 384 412 640 
197 384 412 640 
197 384 411 640 
197 384 409 640 
198 384 409 640 
198 385 407 640 
198 385 406 640 
198 385 405 640 
198 385 404 640 
198 385 402 640 
199 385 401 640 
199 385 400 640 
199 385 400 640 
200 385 398 640 
200 385 397 640 
200 385 396 640 
200 386 395 640 
200 388 394 640 
201 640 
201 640 
201 640 
201 640 
201 640 
202 640 
202 640 
202 640 
202 640 
203 640 
203 640 
203 640 
204 640 
204 640 
204 640 
205 640 
205 640 
205 640 
206 640 
206 640 
207 640 
207 640 
208 640 
209 640 
210 640 
211 640 
212 640 
213 640 
214 640 
215 640 
216 640 
217 640 
218 640 
220 640 
221 640 
223 640 
224 640 
226 640 
227 640 
228 640 
230 640 
231 640 
233 640 
234 640 
236 640 
238 640 
239 640 
241 640 
243 640 
244 640 
246 640 
247 640 
249 640 
251 640 
252 640 
254 640 
256 640 
257 640 
259 640 
261 640 
262 640 
264 640 
266 640 
268 640 
270 640 
271 640 
273 640 
275 640 
277 640 
279 640 
281 640 
283 640 
285 640 
287 640 
289 640 
291 640 
293 640 
295 640 
297 640 
299 640 
301 640 
303 640 
305 640 
307 640 
309 640 
311 640 
313 640 
315 640 
317 640 
319 640 
321 640 
323 640 
325 640 
328 640 
330 640 
332 640 
335 640 
338 640 
341 640 
345 640 
350 640 
351 640 
