0 208 217 235 421 457 620 640 
0 208 217 235 422 456 620 640 
0 208 218 237 425 454 622 640 
0 208 218 237 428 451 623 640 
0 208 218 238 430 449 624 640 
0 208 218 238 432 446 625 640 
0 208 219 239 434 443 626 640 
0 208 219 239 626 640 
0 208 219 239 627 640 
0 209 219 239 628 640 
0 209 220 239 629 640 
0 209 220 239 630 640 
0 209 220 239 631 640 
0 209 221 239 632 640 
0 209 221 238 632 640 
0 210 221 238 633 640 
0 210 221 237 633 640 
0 210 222 237 634 640 
0 210 222 236 635 640 
0 211 222 235 635 640 
0 211 223 235 636 640 
0 211 223 234 636 640 
0 212 224 234 636 640 
0 212 224 233 637 640 
0 212 225 233 637 640 
0 213 225 232 637 640 
0 213 226 232 638 640 
0 214 226 231 638 640 
0 214 226 230 241 242 638 640 
0 215 227 230 241 244 638 640 
0 215 228 230 235 237 241 245 638 640 
0 216 235 237 242 248 639 640 
0 216 234 237 242 250 
0 217 234 238 242 251 
0 217 234 238 243 253 
0 218 233 238 243 255 
0 219 234 238 243 257 
0 220 234 238 243 259 
0 221 234 239 243 261 
0 222 235 239 244 262 
0 223 236 239 244 264 
0 224 237 239 244 266 
0 225 238 240 245 267 
0 226 238 240 245 267 
0 227 245 267 
0 228 246 266 
0 229 246 266 
0 230 246 266 275 276 
0 231 247 265 274 277 
0 233 248 265 273 279 
0 234 250 264 273 280 
0 235 252 264 272 282 
0 237 255 263 272 283 
0 238 272 284 
0 239 272 285 
0 241 271 287 
0 242 271 288 
0 244 270 289 
0 244 269 290 
0 245 268 291 
0 245 267 292 
0 246 252 255 266 293 
0 246 252 294 
0 247 253 295 
0 247 253 296 
0 248 254 297 
0 248 254 298 
0 249 255 299 
0 249 255 300 
0 250 256 301 
0 251 257 301 
0 251 258 302 
0 252 258 303 
0 253 259 304 
0 253 260 304 
0 254 261 305 
0 255 262 306 
0 256 262 306 
0 257 263 307 
0 257 264 307 
0 258 265 308 
0 259 266 309 
0 260 268 309 
0 261 269 310 
0 262 270 307 308 310 
0 263 272 304 
0 264 273 300 
0 266 275 298 
0 267 277 296 
0 268 279 295 
0 270 282 293 304 310 
0 271 285 292 302 312 
0 273 299 314 
0 275 298 315 
0 277 297 315 
0 279 296 315 
0 282 294 316 
0 287 291 316 
0 317 
0 317 
0 318 
0 318 639 640 
0 316 638 640 
0 307 638 640 
0 301 638 640 
0 297 638 640 
0 295 638 640 
0 292 637 640 
0 290 309 316 637 640 
0 288 305 317 637 640 
0 286 300 316 637 640 
0 285 296 315 637 640 
0 283 293 312 636 640 
0 282 290 309 636 640 
0 281 289 306 315 318 636 640 
0 280 287 303 313 318 635 640 
0 279 285 300 310 318 635 640 
0 278 284 297 308 318 635 640 
0 277 282 294 305 318 635 640 
0 276 281 292 303 317 635 640 
0 275 280 289 301 316 634 640 
0 274 279 287 298 315 634 640 
0 273 278 285 296 314 633 640 
0 272 277 283 294 313 633 640 
0 271 277 281 292 311 633 640 
0 270 276 279 290 309 633 640 
0 270 275 278 287 308 633 640 
0 269 273 276 286 305 632 640 
0 268 273 275 284 303 632 640 
0 267 283 301 632 640 
0 267 286 299 632 640 
0 266 277 280 288 297 631 640 
0 265 276 279 290 295 631 640 
0 265 275 278 631 640 
0 264 274 278 631 640 
0 264 272 277 631 640 
0 263 271 277 630 640 
0 263 270 276 630 640 
0 262 268 276 630 640 
0 263 267 276 630 640 
0 264 265 275 630 640 
0 275 630 640 
0 275 629 640 
0 275 629 640 
0 275 629 640 
0 275 630 640 
0 275 630 640 
0 275 631 640 
0 275 633 640 
0 275 634 640 
0 275 635 640 
0 277 635 640 
0 283 636 640 
0 284 637 640 
0 284 638 640 
0 284 
0 284 
0 284 
0 284 
0 283 
0 282 
0 283 
0 290 
0 290 
0 291 
0 292 
0 293 
0 293 
0 294 
0 294 
0 295 
0 295 
0 296 
0 296 
0 297 
0 297 
0 297 
0 298 
0 298 
0 300 
0 308 
0 310 
0 312 
0 312 
0 313 314 315 
0 313 315 316 
0 314 315 317 
0 314 315 317 
0 317 
0 317 
0 317 
0 318 
0 317 
0 317 
0 317 457 459 
0 318 457 460 
0 317 458 462 
0 317 458 464 
0 317 458 466 
0 317 459 467 
0 317 459 469 
0 317 459 470 
0 318 459 472 
0 318 459 473 
0 318 459 475 
0 318 459 476 
0 319 459 478 
0 320 459 479 
0 320 459 480 
0 320 459 482 
0 320 460 483 
0 321 460 484 
0 321 461 486 
0 321 462 487 
0 321 462 488 
0 320 461 489 
0 320 461 490 
0 320 460 492 
0 320 460 493 
0 320 460 494 
0 320 460 495 
0 320 460 496 
0 320 460 497 
0 320 460 498 
0 320 334 335 460 499 
0 320 333 335 460 500 
0 320 334 336 460 502 
0 320 334 337 460 503 
0 320 334 338 460 504 
0 320 334 338 461 505 
0 320 334 339 461 506 
0 320 334 340 461 507 
0 320 334 341 461 508 
0 320 334 342 461 509 
0 320 334 342 461 510 
0 320 334 343 462 511 
0 320 334 342 463 512 
0 320 334 342 466 512 
0 320 334 342 470 493 
0 320 334 342 474 475 
0 320 333 342 
0 196 201 213 216 319 333 342 462 464 
0 184 185 193 228 319 333 342 462 466 
0 181 187 190 233 319 333 342 462 471 492 514 
0 179 238 319 333 342 462 476 487 517 
0 170 171 177 244 319 333 342 462 520 
0 168 172 176 248 319 333 342 462 521 
0 167 173 174 251 319 333 342 462 522 
0 166 254 319 333 342 462 523 
0 164 257 319 333 341 462 524 
0 163 261 319 333 341 462 525 
0 162 264 319 333 340 462 526 
0 161 267 319 333 338 462 527 
0 160 270 319 333 336 462 528 
0 159 273 319 333 335 462 529 
0 158 275 319 333 334 462 530 
0 159 276 319 462 530 
0 159 278 319 462 530 
0 160 283 319 462 530 534 535 
0 161 285 319 462 530 534 535 
0 162 286 319 462 531 
0 162 288 319 462 531 535 536 
0 163 290 319 462 531 535 536 546 549 
0 164 291 319 462 532 546 552 
0 164 293 319 462 532 536 537 546 554 
0 165 294 319 462 532 536 538 547 557 
0 166 295 319 462 532 536 538 547 559 
0 167 301 319 462 532 536 538 548 562 
0 167 302 319 462 532 537 539 548 564 
0 168 303 318 462 533 537 539 549 566 
0 169 305 318 462 533 537 539 549 568 
0 169 306 318 462 533 538 540 550 570 
0 170 307 318 462 534 538 540 550 572 
0 171 309 318 462 534 538 541 551 574 
0 172 310 318 462 534 539 541 551 576 
0 172 311 318 462 535 540 542 552 577 
0 173 312 318 463 535 540 542 553 579 
0 174 313 316 463 535 540 543 553 581 
0 175 463 536 541 543 554 582 
0 175 463 536 541 544 554 584 
0 176 463 537 542 544 555 585 
0 177 463 537 542 545 556 587 
0 177 463 538 543 546 556 588 
0 178 463 538 543 546 557 590 
0 179 463 539 544 547 558 591 
0 180 463 539 544 548 558 592 
0 180 463 540 545 548 559 594 
0 181 463 540 546 549 560 595 
0 182 463 541 546 550 561 596 
0 182 463 542 547 550 561 597 
0 183 463 542 548 551 562 598 
0 184 463 543 549 552 563 600 
0 185 463 543 549 552 564 601 
0 185 463 544 550 553 565 602 
0 186 463 545 551 554 566 603 
0 187 463 546 552 555 567 604 
0 188 463 546 553 555 568 605 
0 188 463 547 553 556 569 607 
0 189 463 548 555 557 570 608 
0 190 463 549 556 558 571 609 
0 190 463 550 557 559 572 610 
0 191 463 551 558 560 573 611 
0 192 463 552 559 561 574 612 
0 193 463 553 560 562 575 613 
0 193 463 554 562 563 576 614 
0 194 463 555 563 564 578 615 
0 195 463 556 579 616 
0 195 463 557 580 617 
0 196 464 558 582 618 
0 197 464 560 583 619 
0 198 464 561 585 620 
0 198 464 562 587 621 
0 199 464 564 589 622 
0 200 464 565 591 623 
0 201 464 567 593 624 
0 201 464 569 595 625 
0 202 464 570 597 626 
0 203 464 572 600 626 
0 203 464 575 605 607 
0 204 464 577 
0 205 464 579 
0 206 464 582 
0 206 464 586 
0 207 464 589 
0 208 464 591 
0 209 464 594 
0 209 464 597 
0 210 464 599 
0 211 464 603 
0 211 464 606 
0 212 464 612 632 638 
0 213 464 638 
0 214 464 638 
0 214 464 638 
0 215 465 638 
0 216 465 638 
0 217 465 638 
0 217 465 639 
0 218 465 639 
0 219 465 639 
0 219 465 640 
0 220 465 640 
0 221 465 640 
0 222 465 640 
0 222 465 640 
0 223 465 640 
0 224 465 640 
0 225 465 640 
0 225 465 640 
0 226 465 640 
0 227 465 640 
0 227 465 640 
0 228 465 640 
0 229 466 640 
0 230 466 640 
0 230 466 640 
0 231 466 640 
0 232 466 640 
0 233 466 640 
0 233 466 640 
0 233 466 640 
0 232 466 640 
0 232 466 640 
0 231 466 640 
0 230 466 640 
0 230 466 640 
0 230 466 640 
0 229 466 640 
0 229 467 640 
0 228 467 640 
0 228 467 640 
0 227 467 640 
0 227 467 640 
0 226 467 640 
0 225 467 640 
0 224 467 640 
0 223 467 640 
0 222 467 640 
0 222 467 640 
0 221 468 640 
0 220 468 640 
0 220 468 640 
0 220 468 640 
0 220 468 640 
0 220 469 640 
0 220 469 640 
0 220 469 640 
0 220 469 640 
0 220 470 640 
0 220 470 640 
0 220 470 640 
0 221 470 640 
0 221 470 640 
0 221 471 640 
0 221 471 640 
0 221 471 640 
0 222 471 640 
0 222 472 640 
0 223 472 640 
0 224 472 640 
0 224 472 640 
0 225 472 640 
0 225 473 640 
0 226 473 640 
0 226 473 640 
0 227 473 640 
0 227 474 640 
0 228 474 640 
0 228 474 640 
0 229 474 640 
0 229 475 640 
0 230 288 289 475 640 
0 231 287 290 475 640 
0 231 475 640 
0 232 476 640 
0 232 476 640 
0 233 476 640 
0 234 476 640 
0 234 477 640 
0 235 477 640 
0 235 477 640 
0 236 477 640 
0 237 478 640 
0 237 478 640 
0 238 478 640 
0 238 478 640 
0 238 479 640 
0 238 479 640 
0 237 479 640 
0 236 480 640 
0 235 480 640 
0 235 480 640 
0 234 481 640 
0 234 481 640 
0 233 482 640 
0 232 482 640 
0 232 482 640 
0 231 483 640 
0 231 483 640 
0 230 483 640 
0 230 484 640 
0 229 484 640 
0 229 484 640 
0 229 485 640 
0 228 485 640 
0 228 485 640 
0 228 259 264 486 640 
0 228 258 269 486 640 
0 228 257 276 486 640 
0 228 256 282 487 640 
0 229 255 285 487 640 
0 229 253 285 488 640 
0 230 252 285 488 640 
0 230 250 285 488 640 
0 231 249 285 489 640 
0 232 248 284 489 640 
0 233 247 284 490 640 
0 235 245 284 490 640 
0 237 238 284 490 640 
0 284 490 640 
0 284 491 640 
0 283 491 640 
0 283 492 640 
0 283 492 640 
0 283 492 640 
0 283 493 640 
0 283 493 640 
0 282 494 640 
0 282 494 640 
0 282 479 480 494 640 
0 282 479 480 495 640 
0 282 479 481 495 640 
0 282 480 481 495 640 
0 282 480 482 495 640 
0 282 480 482 496 640 
0 281 480 482 496 640 
0 281 480 483 497 640 
0 281 481 483 497 640 
0 281 481 484 497 640 
0 281 481 484 497 640 
