



















108 113 
106 117 
104 122 
102 127 
100 131 
99 136 
97 139 
95 141 
94 142 
93 143 
92 144 
91 144 
91 145 
90 145 
90 145 
90 145 
89 146 
89 146 
89 146 
88 147 
88 147 
87 147 
87 147 
87 148 
87 150 
87 153 
88 157 
88 159 
88 162 
88 164 
89 166 
89 168 
89 169 
90 170 
90 172 
90 173 
89 174 
87 176 
86 177 
84 178 
83 179 
82 180 
81 181 
80 182 
78 183 
77 184 
76 185 
75 185 
74 186 
73 187 
72 188 
71 188 
70 189 
70 190 
69 191 
68 192 
67 192 
67 193 
66 194 
66 194 
65 195 
64 196 
63 197 
63 198 
62 198 
61 199 
61 200 
60 201 
60 201 
59 202 
59 202 
58 203 
58 204 
58 204 
57 205 
57 205 
56 206 
56 206 
56 207 
55 207 
55 208 
54 208 
54 208 
54 209 
54 209 
53 210 
53 210 
53 210 
53 211 
52 211 
52 211 
52 212 
52 212 
52 212 
52 213 
51 213 
51 214 
51 214 
51 214 
51 215 
51 215 
51 216 
52 216 
52 216 
52 217 
52 217 
52 218 
53 218 
53 218 
53 219 
54 219 
54 219 
55 220 
56 220 
56 220 
58 221 
59 221 
59 222 
60 222 
60 222 
61 222 
62 223 
63 223 
64 223 
65 224 
65 224 
66 225 
66 225 
66 226 
67 226 
67 227 
67 73 75 227 
68 73 77 228 
68 74 78 228 
70 74 79 228 
70 74 80 229 
71 73 81 229 
82 230 
83 87 88 230 
85 88 89 230 244 245 
86 226 227 231 243 247 
89 226 228 231 244 250 
90 226 229 232 244 252 
90 227 230 232 244 254 
90 227 244 255 
89 227 244 257 260 261 
88 227 244 262 
88 227 244 265 
87 228 244 266 
86 228 244 267 
85 228 244 268 
84 229 244 269 
84 229 243 270 
85 230 243 271 
86 230 242 273 
87 231 242 275 
88 231 242 277 
89 232 241 279 
91 232 241 281 
94 233 240 283 
95 234 240 285 
95 234 239 288 
95 227 229 235 238 291 
95 227 232 235 238 293 
95 213 215 227 237 295 
96 213 215 227 237 298 
96 213 216 227 236 301 
96 213 217 227 235 304 
96 213 218 227 235 307 
97 213 218 227 234 310 
97 213 219 227 233 315 400 426 
97 213 219 227 233 320 390 432 
98 104 105 213 220 227 232 326 379 437 
98 104 106 213 220 228 231 336 365 441 
100 104 106 213 220 228 230 443 
101 103 106 213 220 228 230 445 
101 103 107 214 221 228 229 447 
107 214 221 448 
107 214 221 450 
107 214 221 451 
108 129 132 214 223 453 
110 128 133 214 224 454 
110 126 133 214 224 456 
111 114 116 123 134 214 224 457 
9 18 134 214 223 458 
7 21 132 213 222 459 
6 23 130 213 221 460 
3 26 130 209 210 213 221 462 
2 28 129 198 200 208 210 213 220 463 
0 30 127 198 202 206 210 213 219 464 
0 32 126 198 203 206 210 212 218 465 
0 33 125 198 205 206 211 212 217 466 
0 35 123 198 211 212 217 468 
0 37 122 198 216 469 
0 59 121 198 215 470 
0 85 120 182 184 198 214 471 
0 96 119 183 184 198 213 472 
0 98 118 183 185 198 213 474 
0 100 117 184 187 198 212 475 
0 102 116 184 188 198 211 476 
0 103 115 185 189 198 209 478 
0 102 114 185 190 198 208 479 
0 93 113 185 190 198 207 480 
0 75 112 186 190 198 206 481 
0 53 110 186 190 198 204 482 
0 46 108 186 190 198 203 483 
0 46 106 187 190 198 202 484 
0 47 105 187 190 198 201 485 
0 47 103 187 190 199 200 486 
0 47 101 187 190 487 
0 48 100 188 190 488 
0 48 99 490 
0 48 98 491 
0 49 97 492 
0 49 95 493 
0 49 94 494 
0 50 93 495 
0 50 92 496 
0 50 91 498 
0 50 91 499 
0 51 90 500 
0 51 89 502 
0 13 14 51 88 502 
0 2 14 52 88 504 
0 2 14 52 87 504 
0 2 15 52 86 505 
0 3 15 52 86 507 
0 3 15 53 85 508 
0 4 16 53 84 509 
0 4 16 53 83 510 
0 5 17 53 82 511 
0 5 18 54 81 512 
0 6 18 54 80 513 
0 7 19 54 80 514 
0 7 20 54 79 516 
0 8 20 55 78 517 
0 8 21 55 77 518 
0 9 22 55 77 519 
0 9 23 56 77 520 
0 10 24 56 76 521 
0 10 24 57 76 522 
0 11 25 57 76 523 
0 11 26 57 75 524 
0 12 27 58 75 526 
0 12 27 58 75 526 
0 13 28 59 75 527 
0 14 28 59 75 528 
0 14 28 60 75 529 
0 15 28 61 75 530 
0 15 28 61 75 531 
0 16 29 62 75 533 
0 16 29 62 75 533 
0 17 29 63 76 535 
0 17 29 64 76 535 
0 18 29 64 76 536 
0 18 29 65 76 538 
0 19 29 65 76 538 
0 19 29 66 75 539 
0 20 29 66 75 540 
0 21 29 67 74 541 
0 21 30 67 73 543 
0 22 30 68 73 543 
0 22 30 68 72 545 
0 23 30 69 71 545 
0 23 30 69 71 546 
0 24 31 547 
0 24 31 548 
0 25 31 549 
0 26 32 551 
0 26 32 552 
0 26 32 552 
0 26 33 554 
0 26 33 555 
0 25 33 555 
0 24 34 556 
0 21 34 558 
0 18 34 558 
0 15 35 241 245 560 
0 11 35 241 245 560 
0 9 35 240 245 561 
0 9 36 237 245 563 
0 10 36 236 245 564 
0 11 37 237 245 565 
0 11 37 238 246 566 
0 12 37 240 246 567 
0 13 38 240 246 568 
0 13 38 239 246 569 
0 14 38 237 246 570 
0 14 39 227 233 236 246 572 
0 15 39 227 246 573 
0 15 40 227 246 574 
0 16 40 227 246 575 
0 17 40 218 222 227 247 576 
0 17 41 218 247 577 
0 18 41 218 247 578 
0 19 41 219 247 579 
0 20 42 219 247 581 
0 21 42 220 247 254 255 582 
0 23 42 221 247 253 255 583 
0 25 43 221 247 253 255 584 
0 27 43 201 205 223 249 252 255 265 266 586 
0 29 43 201 209 223 250 252 256 265 266 587 
0 30 44 202 221 222 256 264 266 588 
0 32 44 202 256 264 266 590 
0 33 44 203 257 264 266 591 
0 35 45 203 257 264 267 274 275 593 
0 36 45 204 257 264 267 274 275 594 
0 38 45 196 200 204 257 263 267 273 275 596 
0 39 46 196 258 263 267 273 275 577 579 597 
0 40 46 183 190 196 258 263 268 273 275 578 580 599 
0 42 46 183 260 263 270 273 275 579 582 601 
0 43 47 182 260 263 270 272 274 580 583 602 
0 45 47 182 274 580 585 604 
0 46 47 182 205 209 274 581 587 605 
0 47 48 182 203 211 274 582 589 607 
0 182 202 213 274 583 591 608 
2 181 202 215 273 584 593 609 
3 181 202 216 273 585 596 611 
4 181 201 217 273 586 600 612 
5 181 201 218 273 587 604 614 
5 181 201 218 273 587 608 615 
5 180 201 219 273 588 612 616 
5 180 200 219 273 589 614 615 
6 180 200 219 273 590 
6 180 200 219 273 591 
6 180 200 219 273 578 580 591 
7 179 200 219 273 579 581 592 
7 179 200 219 273 518 519 579 582 593 
8 179 200 218 273 518 520 579 583 593 
8 179 199 218 273 518 520 579 585 594 
9 179 199 218 273 518 520 580 586 595 
9 179 199 217 273 518 521 562 564 580 588 595 
10 178 199 217 273 518 521 553 554 563 565 580 589 596 
10 178 199 216 273 518 522 553 554 563 566 580 591 597 
11 178 198 216 273 504 506 518 522 535 537 553 555 563 567 581 593 597 
12 178 198 215 273 504 506 518 523 534 537 552 556 563 568 570 572 581 595 598 
13 178 198 215 272 504 507 518 523 534 538 552 557 563 574 582 
14 178 198 215 272 504 507 518 524 533 538 544 545 552 558 564 576 583 
14 178 197 214 275 278 279 504 508 519 525 528 530 533 539 544 546 552 559 564 578 583 
15 178 197 214 275 278 279 504 508 519 526 528 530 533 539 544 547 552 560 564 580 584 
16 177 197 213 276 277 279 504 509 519 530 532 540 544 547 552 561 564 582 584 
17 177 197 213 279 504 510 519 541 544 548 552 562 564 
18 177 197 213 279 505 510 513 514 519 541 544 549 552 562 564 
19 177 196 212 279 505 511 513 515 519 542 544 550 553 
20 177 196 212 279 506 516 519 551 552 
21 177 196 212 279 506 543 545 
22 177 195 211 279 507 
23 177 195 211 279 507 
24 177 195 211 279 508 
25 177 195 210 280 508 
26 177 194 210 280 509 
27 176 194 210 280 509 
28 176 194 209 280 510 
29 176 193 209 280 510 
30 176 193 209 280 511 
31 176 193 208 280 512 
32 175 193 208 280 512 
33 175 192 208 280 513 
34 175 192 208 280 286 287 513 
35 175 192 207 280 286 287 514 
36 175 191 207 280 285 288 514 
37 175 191 207 280 285 288 515 
38 175 191 206 282 285 288 515 
39 175 190 206 282 284 288 516 
40 176 190 206 283 284 288 516 
41 176 190 205 288 517 
42 177 190 205 288 517 
43 177 189 205 288 518 
44 177 189 205 289 518 
45 177 189 204 289 519 
46 178 188 204 289 519 
47 178 188 204 289 520 
47 179 187 204 289 520 
48 179 187 203 289 521 
49 179 187 203 290 521 
50 180 186 203 290 522 
51 180 186 203 290 522 
52 180 185 202 290 523 
53 181 185 202 290 523 
54 181 184 202 290 524 
55 182 183 202 291 524 
56 182 183 202 292 295 296 525 
57 201 292 295 296 525 
57 201 293 294 296 526 
57 201 296 526 
57 201 296 527 
56 200 296 309 310 527 
56 200 296 308 310 528 
56 200 296 307 310 528 
55 200 296 307 310 529 
55 200 296 306 310 529 
53 199 295 305 310 530 
52 199 295 305 310 530 
50 199 295 304 310 531 
49 199 296 303 309 531 
48 199 297 301 309 532 
47 199 298 301 309 532 
46 199 309 533 
45 199 309 533 
45 199 309 534 
45 199 309 534 
44 200 309 535 
44 209 311 535 
44 213 311 536 
44 216 311 320 321 536 
44 218 311 319 321 537 
44 219 311 318 321 537 
45 222 311 318 322 538 
45 223 311 317 322 538 
46 224 311 317 323 539 
47 226 313 316 323 539 
47 227 313 316 323 539 
48 229 313 315 323 540 
48 230 323 540 
48 231 323 541 
48 232 323 541 
48 233 323 542 
48 234 323 542 
47 235 323 543 
47 237 323 543 
47 238 323 544 
47 239 323 544 
47 240 323 545 
47 240 323 545 
46 241 323 546 
46 242 323 546 
46 242 322 547 
46 243 322 354 355 547 
46 242 322 354 355 547 
46 242 322 354 355 548 
46 242 322 353 355 548 
46 242 322 353 356 549 
46 242 321 352 356 549 
46 241 321 352 356 550 
46 240 321 352 356 550 
46 239 320 351 356 363 364 551 
46 238 320 351 356 363 364 551 
46 237 320 351 357 362 364 551 
45 236 320 350 358 362 365 552 
45 235 319 350 358 362 365 552 
45 234 319 350 359 361 365 553 
45 233 318 349 359 361 365 553 
45 232 318 349 365 554 
45 231 318 328 330 349 365 554 
45 205 207 230 318 327 330 348 365 555 
45 206 210 228 318 326 330 348 365 555 
45 207 213 226 318 325 330 348 365 555 
44 207 223 224 320 324 330 347 365 556 
44 208 320 323 330 347 366 556 
44 209 320 322 330 347 366 557 
44 209 330 346 366 557 
44 210 330 346 366 558 
44 211 330 346 366 558 
44 212 330 345 366 559 
44 213 330 345 366 559 
43 214 330 345 366 559 
43 214 332 344 367 560 
43 215 332 335 336 344 368 560 
43 216 332 334 336 343 369 561 
43 216 332 334 336 343 368 561 
