

































































284 313 
280 324 
278 338 
275 344 
273 351 
272 354 
270 357 
269 360 
267 362 
266 364 
265 365 
264 367 
263 368 
262 369 
261 371 
260 372 
259 374 415 417 418 420 
258 375 413 422 
258 375 410 423 
257 376 408 423 
256 377 404 423 
256 378 403 423 
255 379 401 422 
254 379 400 422 
254 380 399 422 
253 381 396 422 
253 381 394 422 
252 382 393 422 
252 383 392 422 
251 383 391 422 
251 384 387 422 
251 384 386 422 
250 422 
250 422 
250 422 
249 422 
249 423 
248 423 
248 423 
248 423 
247 423 
247 424 
247 424 
247 424 
247 425 
247 425 
246 425 
246 425 
246 426 
246 426 
246 427 
246 427 
246 428 
246 428 
245 428 
245 429 
245 429 
245 429 
245 430 
245 430 
245 431 
246 431 
246 432 
246 432 
246 433 
246 435 
247 436 
247 437 
247 438 
247 438 
246 439 
246 439 
245 439 
244 415 417 439 
243 414 423 439 
242 414 432 438 
241 414 
240 414 
239 414 
238 414 
236 414 
232 414 
228 414 
227 414 
227 414 
227 414 
227 414 
226 414 
226 414 
226 390 391 414 
224 391 392 414 
223 391 394 414 
222 392 395 414 
221 392 398 414 
220 393 399 414 
220 393 400 413 
220 394 402 413 
221 394 402 413 
222 395 403 412 
223 395 405 412 
224 396 406 412 
225 397 407 411 
226 397 408 411 
227 398 409 410 
229 399 
230 400 
231 401 
232 401 
233 402 
234 402 
235 243 245 402 
236 243 245 402 
238 242 246 402 
247 402 
248 390 391 402 
248 389 391 402 
248 388 392 402 
248 387 392 402 
248 386 393 401 
248 385 394 401 
248 385 394 400 
248 385 396 398 
248 385 
248 385 
248 386 
247 386 
247 380 381 386 
247 379 382 387 
246 379 383 387 
246 378 384 387 
245 377 385 387 
244 377 
243 378 
243 378 
242 379 
242 379 
241 380 
240 380 
239 381 
238 382 
237 382 
236 383 
236 384 
243 384 
243 385 
243 386 
243 388 
243 389 
242 390 
242 249 250 391 
242 248 251 378 384 390 
242 247 251 378 
241 246 252 259 260 379 
241 245 252 258 260 379 
240 244 252 258 261 379 
240 243 253 258 261 380 
239 242 253 257 262 372 373 380 
239 241 254 257 263 371 374 381 
254 257 263 371 375 381 
255 256 264 370 376 382 
264 364 365 370 377 382 
265 364 366 369 378 383 
265 339 340 364 366 369 380 384 
266 338 340 364 367 369 381 384 
267 278 279 290 291 338 340 363 
267 278 279 290 291 337 340 349 350 359 360 363 
268 278 280 282 283 336 339 348 351 359 360 363 
52 55 269 272 273 278 280 282 284 335 339 348 351 358 360 363 
51 55 269 272 274 278 280 283 287 335 339 347 351 357 361 363 
50 55 270 273 274 278 281 282 287 334 339 346 351 357 361 363 
49 55 271 273 275 277 288 334 338 345 352 356 361 363 
48 55 288 333 339 345 352 355 
47 55 288 333 341 344 352 355 
47 55 289 290 291 332 341 343 352 354 
46 56 291 332 
45 56 290 332 
44 56 289 332 
43 56 286 333 
43 56 284 335 
42 57 280 337 
41 58 272 339 
40 59 264 341 
39 61 256 344 
38 63 252 347 
38 65 248 350 
37 67 245 354 
37 70 242 358 
36 72 240 363 
35 75 239 367 
34 77 237 370 
33 79 237 373 
33 82 236 375 
32 83 235 378 
31 85 234 379 
31 87 234 381 
30 89 233 382 
29 91 233 384 526 528 
28 93 232 385 526 529 
28 94 232 385 525 530 
27 95 231 387 525 531 
26 96 231 387 525 532 
25 98 230 388 525 533 
24 99 230 389 525 534 
23 101 229 390 524 534 
22 102 229 390 524 535 
21 104 228 392 524 536 
21 105 228 392 523 536 
20 106 227 393 522 537 
19 108 227 394 521 537 
18 109 227 394 519 538 
17 110 226 395 516 539 
17 111 226 396 513 539 
16 113 226 397 509 540 
15 114 225 397 506 540 
14 115 225 398 503 541 
13 117 225 399 500 542 
12 118 224 399 497 542 
11 120 224 400 495 543 
10 121 223 401 493 543 
9 123 223 401 491 544 
8 124 223 402 489 544 
8 126 222 402 487 545 
7 128 222 403 485 546 
6 129 222 403 484 546 
5 131 222 404 482 547 
4 133 221 404 480 548 
3 135 221 405 478 548 
2 138 221 405 477 549 
0 140 221 406 475 549 
0 143 221 406 473 550 
0 146 220 407 472 551 
0 152 181 198 220 407 470 552 
0 170 171 173 174 199 220 408 468 552 
0 200 219 408 467 553 
0 200 218 408 465 554 
0 200 215 408 463 554 
0 201 211 408 461 555 
0 201 207 409 459 556 
0 202 205 409 457 556 
0 409 455 557 
0 409 453 558 
0 409 451 559 
0 409 448 559 
0 409 446 560 
0 412 442 561 
0 417 438 562 
0 562 
0 563 
0 564 
0 565 
0 565 
0 566 
0 567 
0 568 
0 225 228 569 
0 221 229 570 
0 218 230 570 
0 215 231 571 
0 212 230 572 
0 210 229 573 
0 207 228 574 
0 205 228 575 
0 203 227 576 
0 56 61 201 227 577 
0 31 37 54 65 199 226 577 
0 30 39 53 67 197 226 578 
0 29 40 53 69 195 226 579 
0 28 41 52 71 193 229 580 
0 27 42 52 73 191 232 581 
0 26 42 52 74 190 233 582 
0 25 43 52 76 188 232 583 
0 24 44 52 77 187 232 584 
0 24 44 52 79 185 232 585 
0 23 45 51 80 183 232 586 
0 22 46 51 81 120 124 181 232 587 
0 22 46 51 82 116 128 180 232 588 
0 21 47 51 83 113 130 178 233 589 
0 21 47 51 84 110 132 177 235 590 
0 20 48 51 85 108 134 175 236 591 
0 20 48 51 85 106 136 174 238 592 
0 19 86 104 137 172 238 593 
0 18 86 102 139 171 238 594 
0 18 87 100 140 170 238 595 
0 17 87 99 141 168 238 596 
0 17 87 97 142 166 238 597 
0 16 87 95 143 165 238 598 
0 16 88 94 144 164 239 402 403 599 
0 15 88 92 145 162 239 402 404 535 539 600 
0 14 88 91 146 161 239 361 363 402 405 508 521 533 541 601 
0 14 148 159 239 360 364 402 406 449 457 504 521 532 542 602 
0 13 149 158 239 360 364 403 407 447 460 501 521 530 543 603 
0 13 150 156 239 360 364 403 409 444 462 498 521 530 543 604 
0 12 239 361 365 403 410 441 464 496 521 529 544 605 
0 12 240 361 365 403 411 439 466 494 521 528 545 606 
0 11 240 361 365 403 412 438 468 492 521 527 545 608 
0 10 240 361 365 403 413 436 470 490 521 527 546 609 
0 10 240 361 365 404 414 434 471 489 521 526 546 610 
0 9 240 362 366 404 415 433 472 488 520 525 547 611 
0 9 240 362 366 404 416 432 474 487 520 525 547 612 
0 7 240 362 366 404 417 431 475 487 520 524 548 613 
0 6 240 362 366 404 418 429 476 486 520 524 548 614 
240 362 366 404 419 428 477 486 521 523 548 615 
240 362 366 404 421 426 479 485 521 522 549 616 
240 362 367 405 480 485 549 617 
240 362 367 405 481 485 550 619 
240 362 367 405 482 484 550 620 
240 362 367 405 551 621 
240 362 367 405 551 622 
240 362 367 405 551 623 
240 362 368 405 552 624 
239 362 368 405 552 625 
239 362 368 405 553 626 
238 362 368 405 553 628 
238 362 368 405 554 629 
238 362 369 405 554 630 
238 361 369 405 554 631 
238 361 369 405 555 586 596 632 
238 361 370 405 555 581 601 633 
239 361 370 405 556 577 605 634 
239 361 370 405 557 574 609 635 
239 361 370 405 558 571 611 636 
240 360 370 405 558 567 614 637 
240 360 370 405 617 638 
241 360 371 405 620 640 
242 360 371 405 623 640 
243 360 371 404 625 640 
244 360 371 404 629 640 
245 360 372 404 632 640 
247 360 372 403 635 640 
249 360 372 403 
250 359 373 402 
250 359 373 401 
250 359 374 399 
250 359 375 398 
250 359 376 396 
249 359 377 394 
249 359 379 391 
249 359 
248 359 
248 359 
248 359 
248 359 
248 359 
248 359 
247 359 
247 359 
247 359 
247 359 
247 359 
247 359 
247 359 
246 360 
246 360 
246 360 
245 360 
243 360 
237 238 241 360 
235 360 
233 360 
232 360 
230 360 
228 361 
227 361 
227 361 
228 361 
229 362 
230 362 
232 363 
233 364 
234 365 
235 366 
235 367 
235 368 
236 369 
236 369 
236 370 
237 370 
237 370 
237 370 
237 370 
237 370 
237 369 
235 369 
235 369 
236 368 
237 368 
237 368 
236 367 
236 366 
235 366 
234 365 
234 365 
233 364 
232 364 
232 364 
231 364 
230 364 
230 364 
229 364 
229 364 
228 365 
227 365 
227 366 
226 366 
226 367 
225 367 
225 367 
224 368 
223 368 
223 369 
222 369 
222 369 
221 370 
221 370 
