





























































































































































372 390 
368 393 
363 397 
358 400 
354 403 
350 405 
348 407 
345 410 
342 411 
340 413 
338 414 
336 415 
334 417 
332 417 
330 419 
329 420 
328 420 
326 421 
325 422 
323 423 
322 424 
321 425 
320 425 
318 427 
317 430 
316 433 
315 436 
314 439 
313 441 
312 442 
311 444 
310 445 
308 446 
307 447 
306 448 
305 449 
304 450 
303 452 
302 452 
301 453 
300 454 
300 455 
299 456 
298 456 
297 457 
296 458 
295 458 
295 458 
294 459 
293 459 
292 460 
291 460 
290 461 
290 461 
289 461 
288 462 
288 462 
287 463 
286 463 
286 463 
285 463 
285 464 
284 464 
284 464 
283 464 
283 464 
282 465 
281 465 
281 465 
280 465 
280 465 
279 465 
279 465 
279 465 
278 465 
278 465 
278 465 
277 465 
277 465 
277 465 
276 465 
276 466 
276 466 
275 466 
275 466 
275 466 
275 466 
274 466 
274 466 
274 466 
273 466 
273 465 
273 465 
273 465 
273 465 
273 465 
272 465 
272 465 
272 465 
272 465 
272 465 
272 465 
272 465 
272 465 
272 465 
272 465 
273 464 
273 464 
273 464 
273 464 
273 464 
273 464 
273 464 
273 463 
274 463 
274 463 
274 463 
274 463 
274 463 
275 463 
275 462 
275 462 
275 462 
276 462 
276 461 
276 461 
276 460 
277 460 
277 460 
277 459 
277 459 
278 459 
278 458 
279 458 
279 458 
279 458 
280 457 
280 457 
281 457 
281 456 
282 456 
282 455 
282 455 
283 454 
283 453 
284 453 
284 452 
284 452 
285 451 
285 451 
286 450 
286 450 
287 449 
287 449 
288 448 
289 448 
290 447 
291 447 
291 446 
292 446 
293 445 
294 444 
295 443 
296 442 
297 441 
298 440 
299 440 
300 439 
302 438 
303 437 
305 436 
306 435 
307 434 
309 433 
310 432 
312 431 
314 430 
316 429 
318 428 
320 427 
322 425 
324 424 
326 423 
329 421 
331 420 
333 418 
336 417 
338 415 
340 414 
342 412 
345 411 
347 409 
349 408 
351 406 
353 403 
355 401 
358 398 
361 395 
363 393 
367 388 


























































































































