0 317 
0 317 
0 317 
0 317 
0 317 
0 317 
0 317 
0 317 
0 317 
0 317 
0 317 
0 317 
0 317 
0 317 
0 317 
0 317 
0 317 
0 317 
0 317 
0 317 
0 317 
0 317 
0 317 
0 317 
0 317 
0 317 
0 317 
0 317 
0 317 
0 317 
0 317 
0 317 
0 317 
0 317 
0 317 
0 317 
0 317 
0 317 
0 317 
0 317 
0 317 
0 317 
0 317 
0 317 
0 317 
0 317 
0 317 
0 317 
0 266 267 317 
0 265 269 317 
0 264 270 317 
0 264 271 317 
0 264 272 317 
0 264 273 317 
0 263 273 317 
0 263 274 317 
0 263 275 317 
0 263 275 317 
0 262 276 317 
0 262 277 317 
0 262 277 317 
0 262 278 317 
0 262 279 317 
0 261 279 317 
0 261 280 317 
0 261 281 317 
0 261 281 317 
0 261 282 317 
0 260 282 317 
0 260 282 317 
0 260 283 317 
0 260 283 317 
0 260 283 317 
0 260 283 317 
0 260 284 317 
0 259 284 317 
0 259 284 317 
0 259 284 317 
0 259 284 317 
0 259 284 317 
0 259 285 317 
0 259 285 317 
0 259 285 317 
0 259 285 317 
0 259 285 317 
0 259 285 317 
0 260 285 317 
0 260 285 317 
0 260 286 317 
0 260 286 317 
0 260 286 317 
0 260 286 317 
0 261 286 317 
0 261 286 317 
0 261 286 317 
0 261 286 317 
0 262 287 317 
0 262 287 317 
0 262 287 317 
0 262 287 317 
0 262 287 317 
0 262 287 317 
0 263 287 317 
0 263 287 317 
0 263 288 317 
0 263 288 317 
0 263 288 317 
0 263 288 317 
0 264 288 317 
0 264 288 317 
0 264 288 317 
0 264 288 317 
0 264 288 317 
0 264 289 317 
0 265 289 317 
0 265 289 317 
0 265 289 317 
0 265 289 317 
0 265 289 317 
0 266 290 317 
0 266 290 317 
0 266 290 317 
0 266 290 317 
0 267 290 317 
0 267 290 317 
0 267 290 317 
0 267 290 317 
0 267 291 317 
0 267 291 317 
0 268 291 317 
0 268 291 317 
0 268 291 317 
0 268 291 317 
0 268 291 317 
0 269 291 317 
0 269 291 317 
0 269 292 317 
0 269 292 317 
0 269 292 317 
0 269 292 317 
0 270 292 317 
0 270 292 317 
0 270 292 317 
0 270 292 317 
0 270 292 317 
0 270 293 317 
0 271 293 317 
0 271 293 317 
0 271 293 317 
0 271 293 317 
0 272 293 317 
0 272 293 317 
0 272 293 317 
0 272 294 317 
0 272 294 317 
0 273 294 317 
0 273 294 317 
0 273 294 317 
0 273 294 317 
0 273 295 317 
0 273 295 317 
0 274 295 317 
0 274 295 317 
0 274 295 317 
0 274 295 317 
0 274 295 317 
0 274 295 317 
0 275 295 317 
0 275 296 317 
0 275 296 317 
0 275 296 317 
0 275 296 317 
0 275 296 317 
0 276 296 317 
0 276 296 317 
0 276 296 317 
0 277 296 317 
0 277 297 317 
0 277 297 317 
0 277 297 317 
0 277 297 317 
0 277 297 317 
0 277 297 317 
0 278 297 317 
0 278 297 317 
0 278 298 317 
0 278 298 317 
0 278 298 317 
0 279 298 317 
0 279 298 317 
0 279 298 317 
0 279 298 317 
0 279 299 317 
0 279 299 317 
0 280 299 317 
0 280 299 317 
0 280 299 317 
0 280 299 317 
0 280 299 300 303 317 
0 280 305 317 
0 281 307 317 
0 281 307 317 
0 281 308 317 
0 282 307 317 
0 282 306 317 
0 282 301 317 
0 282 300 317 
0 282 300 317 
0 282 301 317 
0 282 304 317 
0 282 305 317 
0 282 306 317 
0 281 307 317 
0 280 307 317 
0 280 308 317 
0 279 308 317 
0 279 309 317 
0 278 309 317 
0 278 309 317 
0 277 309 317 
0 277 309 317 
0 276 310 317 
0 276 310 317 
0 275 311 317 
0 275 311 317 
0 275 311 317 
0 274 311 317 
0 274 311 317 
0 274 311 317 
0 274 310 317 
0 274 310 317 
0 273 310 317 
0 273 310 317 
0 273 309 317 
0 273 309 317 
0 273 309 317 
0 273 308 317 
0 273 308 317 
0 272 308 317 
0 272 307 317 
0 272 306 317 
0 272 306 317 
0 272 305 317 
0 272 306 317 
0 271 306 317 
0 271 306 317 
0 271 306 317 
0 270 306 317 
0 270 306 317 
0 270 307 317 
0 270 307 317 
0 269 307 317 
0 267 307 317 
0 264 307 317 
0 264 307 317 
0 264 307 317 
0 264 308 317 
0 264 308 317 
0 264 308 317 
0 264 308 317 
0 264 308 317 
0 264 308 317 
0 264 309 317 
0 264 309 317 
0 264 309 317 
0 263 309 317 
0 263 309 317 
0 263 309 317 
0 263 310 317 
0 263 310 317 
0 263 310 317 
0 263 310 317 
0 263 310 317 
0 263 310 317 
0 263 310 317 
0 263 310 317 
0 263 310 317 
0 263 310 317 
0 263 309 317 
0 263 308 317 
0 263 293 295 306 317 
0 263 293 297 304 317 
0 263 293 300 301 317 
0 263 293 317 
0 263 293 317 
0 263 293 317 
0 263 293 317 
0 263 293 317 
0 263 292 317 
0 263 292 317 
0 263 292 317 
0 263 292 317 
0 263 292 303 311 317 
0 263 292 301 313 317 
0 263 292 300 315 317 
0 263 292 299 316 318 
0 263 292 298 316 319 
0 263 292 296 316 320 
0 263 292 295 316 321 
0 263 292 294 316 322 
0 263 292 294 316 324 
0 263 316 325 
0 262 316 326 
0 262 316 327 
0 262 316 328 333 335 
0 262 316 329 331 339 
0 262 316 341 
0 262 316 343 
0 262 316 344 
0 262 316 346 
0 261 316 348 
0 259 316 349 
0 256 316 351 
0 255 316 354 
0 254 316 355 
0 253 316 356 
0 252 316 357 
0 252 316 358 
0 251 316 358 
0 251 316 359 
0 251 316 359 
0 250 316 359 
0 250 316 360 
0 250 316 360 
0 250 316 360 
0 250 316 360 
0 250 316 360 
0 250 316 361 
0 250 316 361 
0 250 316 362 
0 250 316 362 
0 250 316 363 
0 249 316 364 
0 247 316 365 
0 242 244 246 316 367 
0 241 316 367 
0 240 316 368 
0 239 316 368 
0 239 316 369 
0 239 316 369 
0 239 316 369 
0 238 316 370 
0 238 316 370 
0 238 316 370 
0 238 316 371 
0 238 316 371 
0 238 316 372 
0 238 316 372 
0 238 316 372 
0 237 316 373 
0 237 316 374 
0 236 316 374 
0 235 316 374 
0 235 316 374 
0 234 316 372 
0 233 316 371 
0 233 316 371 
0 234 316 372 
0 235 316 372 
0 236 316 372 
0 237 316 373 
0 237 316 373 
0 238 316 373 
0 239 316 374 
0 239 316 374 
0 238 316 375 
0 238 316 375 
0 237 316 375 
0 237 316 375 
0 236 316 372 
0 237 316 370 
0 237 316 368 
0 238 316 368 
0 238 316 367 
0 239 316 366 
0 240 316 366 
0 240 316 365 
0 241 316 364 
0 241 316 364 
0 242 316 363 
0 242 316 363 
0 243 316 362 
0 244 316 362 
0 246 316 361 
0 246 316 361 
0 247 316 361 
0 248 316 362 
0 249 316 364 
0 248 316 365 
0 247 316 366 
0 246 316 366 
0 245 316 367 
0 244 316 363 
0 244 316 361 
0 243 316 362 
0 243 316 362 
0 242 316 362 
0 242 316 363 
0 242 316 363 
0 242 316 363 
0 242 316 364 
0 242 316 364 
0 242 316 364 
0 242 316 359 361 365 
0 242 316 359 362 365 
0 243 316 359 363 365 
0 243 316 358 
0 243 316 358 
0 244 316 358 
0 244 316 352 353 358 
0 244 316 352 354 358 
0 243 316 352 355 358 
0 241 316 353 355 357 
0 240 316 353 
0 239 316 354 
0 238 316 355 
0 238 316 355 
0 237 246 248 316 343 345 356 
0 236 245 248 316 343 346 356 
0 235 244 249 316 342 347 357 
0 234 242 250 316 342 348 357 
0 234 242 250 316 342 349 358 
0 233 240 251 316 342 350 358 
0 233 240 252 316 348 350 358 
0 233 239 252 316 359 
0 232 238 253 316 359 
0 232 237 254 316 359 
0 231 237 255 316 360 
0 231 236 256 316 360 
0 230 236 257 316 361 
0 230 235 258 316 361 
0 230 235 259 316 362 
0 230 234 259 316 363 
0 230 234 260 316 363 
0 229 234 260 316 363 
0 229 234 260 316 364 
0 229 234 260 316 364 
0 229 234 260 316 364 
0 229 234 261 316 364 
0 230 234 261 316 365 
0 230 235 261 316 365 
0 230 235 262 316 365 
0 230 235 262 316 365 
0 231 236 262 316 365 
0 231 237 262 316 365 
0 231 237 262 316 365 
0 232 238 263 316 365 
0 232 239 263 316 365 
0 233 240 263 316 365 
0 233 241 264 316 365 
0 234 242 264 316 365 
0 234 244 264 316 365 
0 235 245 264 316 365 
0 235 247 264 316 365 
0 236 248 264 316 365 
0 237 250 263 316 365 
0 238 252 262 316 365 
0 239 254 260 316 365 
0 240 255 258 316 366 
0 241 316 366 
0 242 316 367 
0 243 316 369 
0 245 316 371 
0 246 316 372 
0 247 316 374 
0 248 316 375 
0 250 316 376 
0 252 316 378 
0 254 316 379 
0 256 316 380 
0 264 316 381 
0 264 316 382 
0 264 316 383 
0 265 316 384 
0 265 316 385 
0 265 316 386 
0 265 316 386 
0 265 316 386 
0 265 316 387 
0 265 316 387 
