





























553 556 
551 557 
549 557 
548 556 
546 555 
544 554 
542 553 
541 552 
539 551 
538 550 
536 549 
534 548 
533 548 
531 547 
530 546 
529 545 
527 545 
525 543 
525 542 
523 542 
522 541 
520 540 
519 539 
518 538 
516 538 
515 536 
514 536 
513 535 
511 534 
510 533 
509 532 
508 531 
507 530 
505 530 
504 529 
503 528 
502 527 
501 526 
500 526 
499 525 
497 524 
496 523 
495 523 
168 182 494 524 
161 188 493 525 
157 192 491 526 
154 196 490 527 
152 199 488 527 
150 202 487 527 
148 204 485 526 
146 206 483 525 
144 208 482 523 
143 210 481 521 
141 211 480 519 
140 213 478 516 
139 214 477 513 
137 216 476 512 
136 217 475 514 
135 218 474 516 
134 220 473 518 
133 221 472 521 
132 222 471 522 
131 224 470 524 
130 225 469 525 
129 225 468 526 
128 226 466 528 
127 227 465 529 
126 228 463 530 
126 229 462 530 
125 229 460 530 
124 230 459 530 
123 231 457 530 
123 232 456 530 
122 232 454 528 
121 233 453 526 
121 234 451 523 
120 234 449 521 
120 235 448 518 
119 236 446 515 
118 236 445 514 
118 237 443 512 
117 237 441 511 
117 238 439 509 
116 238 438 507 
116 239 393 401 436 506 
115 239 391 403 434 504 
115 239 390 404 433 483 485 503 
114 240 390 405 431 481 487 501 
114 240 391 406 429 480 
113 240 392 406 428 480 
113 241 392 407 426 478 
112 241 392 407 425 477 
112 242 392 408 424 476 
112 242 362 366 391 408 422 475 
111 242 357 373 390 408 421 474 
111 243 353 379 390 408 419 473 
110 243 349 383 389 408 418 472 
110 243 345 408 417 471 
110 244 342 408 415 470 
110 246 340 407 414 469 
109 248 338 407 413 468 
109 248 335 407 412 467 
108 249 254 273 331 407 410 466 
108 277 329 406 409 465 
108 280 326 406 408 464 
108 282 324 462 
108 284 325 328 331 461 
107 285 330 460 
107 287 328 459 
107 288 326 458 
107 289 325 456 
107 290 324 455 
107 292 323 454 
107 293 321 453 
106 293 320 452 
106 294 319 451 
106 295 317 322 323 450 
106 296 316 320 323 449 470 476 
106 297 316 317 322 448 466 480 
106 298 321 446 463 483 
106 299 320 445 461 487 
106 300 320 445 459 489 
106 300 319 443 457 491 
106 301 318 443 455 492 
106 302 318 442 454 493 
106 303 317 441 452 494 
106 303 317 440 451 495 
106 304 317 439 449 495 
106 304 317 438 448 496 
106 305 316 443 447 496 
106 305 316 496 
106 306 316 496 
106 306 316 497 
106 307 316 497 
107 307 315 497 
107 307 315 497 
107 308 315 497 
107 308 315 497 
107 308 315 497 
107 308 315 497 
108 309 315 497 
108 309 315 497 
108 309 315 497 
108 309 315 497 
109 309 315 319 321 497 
109 309 315 318 321 497 
110 309 315 317 321 497 
110 309 321 497 
111 309 321 497 
111 310 321 497 
112 310 321 496 
112 310 321 496 
113 311 321 496 
113 496 
114 495 
115 495 
115 495 
116 495 
117 493 
117 493 
118 493 
119 493 
120 309 310 493 
121 309 310 492 
122 308 310 492 
123 308 310 492 
124 308 309 492 
125 491 
126 491 
127 491 
129 490 
130 489 
131 488 
133 488 
134 487 
136 487 
137 487 
139 486 
141 486 
143 203 204 486 
145 200 205 485 
147 204 207 485 
149 196 197 206 210 484 
152 192 196 207 211 484 
156 188 195 208 209 483 
160 183 193 482 
164 179 193 481 
192 298 301 481 
190 297 303 480 
190 296 305 480 
189 295 305 479 
188 295 304 479 
187 294 304 478 
186 293 304 478 
185 292 303 477 
184 291 303 476 
183 290 303 475 
182 288 304 474 
181 287 304 473 
180 286 305 472 
179 225 227 284 306 471 
178 225 228 283 307 470 
176 225 230 281 308 470 
175 226 231 280 310 448 450 470 
174 226 233 278 312 448 451 466 467 469 
172 225 235 275 313 448 451 466 
171 224 237 273 314 447 451 466 
170 224 240 270 314 447 453 466 
169 224 245 265 313 447 454 465 
168 223 313 446 454 464 
168 223 312 446 455 463 
169 223 312 445 455 462 
169 223 312 445 456 462 
170 223 311 445 
171 222 311 445 
172 222 311 444 
171 221 310 444 
171 221 310 444 
170 221 310 443 
169 221 309 443 
168 221 309 443 
167 221 309 442 
166 221 308 442 
165 222 308 442 
165 222 307 442 
164 222 307 441 
163 222 307 441 
163 173 177 223 306 441 
162 173 180 223 306 440 
161 172 182 223 306 440 
161 171 183 224 305 440 
161 170 184 224 305 439 
160 170 184 224 305 439 
161 169 185 225 305 439 
161 169 185 225 304 439 
162 168 185 226 304 438 
164 166 185 227 303 438 
184 228 303 438 
183 229 303 437 
182 231 302 437 
181 231 302 437 
180 230 302 437 
178 229 301 436 
178 228 301 436 
178 227 301 436 
179 225 301 435 
181 224 300 435 
181 223 300 435 
182 224 300 435 
182 224 300 434 
182 224 299 434 
183 224 299 434 
183 224 298 434 
188 225 298 433 
189 225 298 433 
189 225 298 433 
189 225 297 433 
189 225 297 433 
189 225 294 433 
189 225 291 432 
190 226 289 432 
190 226 288 432 
190 226 287 432 
190 226 285 431 
190 226 282 431 
190 227 278 431 
190 227 274 431 
190 227 270 430 
190 227 266 430 
190 227 262 430 
190 227 259 430 
190 228 255 429 
190 228 251 429 
190 228 248 429 
191 228 245 429 
191 228 242 429 
191 228 239 429 
191 228 236 428 
191 229 234 428 
191 229 232 428 
191 428 
191 428 
191 427 
191 427 
192 427 
192 427 
192 427 
192 427 
192 426 
192 426 
192 426 
192 426 
192 425 
193 425 
193 425 
193 425 
193 425 
193 424 
194 424 
194 424 
194 424 
195 424 
195 423 
195 423 
196 423 
196 423 
196 265 266 423 
196 261 266 423 
196 257 265 422 
196 254 265 422 
196 250 265 422 
196 202 203 248 264 422 
196 202 205 243 263 422 
196 202 205 239 263 422 
197 202 204 234 263 423 
197 202 203 209 210 227 262 424 
197 221 262 425 
197 216 262 426 
197 215 262 427 
197 215 261 428 
198 214 261 429 
199 213 261 430 
200 211 261 431 
202 210 261 432 
202 210 260 433 
202 210 260 434 
202 210 260 435 
203 210 260 436 
203 210 260 437 
203 210 260 438 
203 210 260 439 
203 210 260 440 
203 210 260 441 
203 210 260 442 
203 210 259 443 
203 211 259 444 
203 211 259 445 
202 213 259 446 
200 214 260 447 
199 216 260 448 
198 216 260 449 
198 216 260 450 
198 217 260 451 
197 217 260 452 
197 203 204 210 211 217 260 453 
197 203 205 209 212 217 260 454 
197 203 207 208 212 218 260 455 
197 203 212 218 260 456 
197 203 213 217 260 457 
197 203 213 218 260 458 
197 203 213 218 260 459 
197 203 213 218 260 460 
197 203 213 218 260 461 
197 203 213 218 260 461 
197 203 213 218 260 462 
197 203 213 218 260 463 
197 203 213 218 260 464 
197 203 213 218 260 465 
197 203 213 218 261 466 
198 203 213 218 261 466 
198 203 206 210 212 218 261 467 
198 203 205 210 212 217 261 468 
198 204 205 211 212 217 261 469 
198 217 261 469 
198 217 261 364 365 470 
198 216 261 363 365 470 
199 216 261 363 365 471 
200 214 261 363 365 472 
201 213 261 363 366 472 
204 212 262 362 366 412 415 473 
205 212 262 362 366 412 416 473 
205 211 262 362 366 412 417 474 
205 211 262 362 366 411 419 474 
205 211 262 361 367 411 420 474 
205 212 262 361 367 411 421 475 
205 212 262 361 367 411 422 475 
205 212 262 361 367 411 424 476 
205 212 262 361 367 410 425 476 
205 212 262 361 367 410 427 476 
205 212 262 360 367 410 428 477 
205 212 262 360 367 410 430 477 
205 212 263 360 368 410 431 477 
205 212 263 360 368 410 432 477 
204 214 263 360 368 409 434 477 
203 216 263 360 368 409 434 478 
201 217 263 360 368 409 433 478 
200 218 263 360 368 409 432 478 
200 218 263 360 368 409 431 478 
200 218 263 360 368 408 430 478 
200 219 263 360 368 408 430 478 
199 212 213 219 263 359 368 408 429 478 
199 204 206 211 214 219 263 359 369 408 428 478 
199 205 206 210 214 219 263 359 369 407 427 478 
199 205 214 219 263 359 369 407 427 478 
199 205 215 219 263 359 369 407 426 478 
199 204 215 219 263 360 369 407 425 478 
199 204 215 219 263 360 370 406 424 478 
199 204 215 219 263 360 370 406 424 478 
199 204 215 220 263 360 370 406 423 477 
199 204 215 220 263 360 370 405 422 477 
199 204 215 220 264 360 370 405 422 477 
199 204 215 220 264 360 370 405 421 476 
199 204 215 220 264 360 369 405 420 476 
199 204 215 220 264 360 369 405 420 475 
200 204 215 220 264 360 369 405 419 475 
200 205 215 220 264 360 369 405 418 474 
200 205 215 220 264 360 368 405 417 474 
200 205 208 213 215 220 264 360 368 405 417 473 
200 205 207 213 215 220 264 360 368 405 416 472 
200 206 207 219 264 360 368 405 415 472 
200 219 264 360 368 405 415 471 
201 219 264 360 367 405 414 470 
201 219 265 361 367 405 413 470 
201 218 265 361 367 405 412 469 
202 217 265 361 367 405 412 468 
204 215 265 361 367 405 411 467 
205 214 265 361 366 405 410 467 
206 214 265 361 366 405 410 466 
206 214 265 361 366 405 409 465 
206 214 265 361 366 405 408 464 
207 214 265 362 365 369 370 405 407 463 
207 214 265 362 365 368 370 405 407 463 
207 214 265 363 364 368 370 405 406 462 
207 214 265 368 370 461 
207 214 264 367 370 460 
207 214 263 366 370 459 
207 214 262 366 370 459 
207 214 262 367 370 458 
207 215 261 367 370 457 
207 215 261 367 370 457 
207 216 261 368 370 456 
206 218 261 368 369 455 
204 219 261 368 369 454 
203 220 261 453 
202 221 260 452 
202 221 260 451 
202 221 259 451 
202 214 215 221 258 450 
202 214 216 222 257 449 
202 207 208 214 216 222 256 448 
201 207 210 212 216 222 256 447 
202 207 217 222 255 446 
202 207 217 222 254 260 261 446 
202 207 217 222 254 259 261 445 
202 207 217 222 253 258 260 444 
202 207 217 222 253 258 260 443 
202 207 217 222 253 257 259 442 
202 207 217 222 252 257 259 441 
202 207 217 223 251 440 
201 208 217 223 250 440 
