531 640 
531 640 
530 640 
530 640 
530 640 
530 640 
530 640 
530 640 
530 640 
529 640 
529 640 
529 640 
529 640 
529 640 
529 640 
529 640 
529 640 
529 640 
528 640 
528 640 
528 640 
528 640 
528 640 
528 640 
528 640 
528 640 
528 640 
528 640 
528 640 
528 640 
528 640 
528 640 
528 640 
528 640 
528 640 
528 640 
528 640 
528 640 
528 640 
528 640 
528 640 
528 640 
528 640 
528 640 
528 640 
528 640 
528 640 
528 640 
528 640 
529 640 
529 640 
528 640 
530 640 
529 640 
528 640 
527 640 
525 640 
524 640 
523 640 
521 640 
520 640 
519 640 
517 640 
516 640 
515 640 
513 640 
511 640 
510 640 
509 640 
507 640 
506 640 
505 640 
503 640 
501 640 
500 640 
499 640 
497 640 
496 640 
494 640 
493 640 
492 640 
490 640 
489 640 
488 640 
486 640 
485 640 
483 640 
482 640 
481 640 
480 640 
478 640 
477 640 
450 471 476 640 
449 640 
447 640 
447 640 
446 640 
445 640 
443 640 
442 640 
441 640 
440 640 
438 640 
438 640 
438 640 
437 640 
437 640 
436 640 
436 640 
436 640 
435 640 
435 640 
435 640 
435 640 
434 640 
434 640 
434 640 
434 640 
434 640 
434 640 
433 640 
433 640 
433 640 
433 640 
433 640 
433 640 
433 640 
433 640 
433 640 
312 315 433 640 
311 317 433 640 
309 318 433 640 
303 306 308 319 433 640 
300 320 433 640 
293 320 433 640 
286 320 433 640 
285 321 433 640 
283 321 433 640 
283 322 433 640 
283 322 433 640 
282 322 433 640 
282 322 433 640 
282 322 434 640 
282 323 434 640 
282 323 434 640 
282 323 434 640 
282 323 435 640 
281 323 434 640 
281 323 435 640 
281 323 435 640 
281 323 435 640 
281 323 435 640 
281 324 436 640 
281 324 436 640 
281 324 436 640 
281 324 436 463 465 640 
281 324 437 461 466 640 
281 324 438 459 467 640 
281 324 438 456 467 640 
281 324 439 454 469 640 
281 324 440 451 470 640 
281 324 442 447 470 640 
281 324 470 640 
281 324 471 640 
281 324 471 640 
281 324 471 640 
281 324 472 640 
282 324 472 640 
282 324 472 640 
282 324 472 640 
282 324 473 640 
282 324 473 640 
282 324 473 640 
282 324 473 640 
283 324 473 640 
283 324 473 640 
283 324 472 640 
283 324 472 640 
283 324 471 481 484 640 
283 324 471 478 486 640 
283 324 471 476 488 640 
283 324 490 640 
283 324 491 640 
283 324 492 640 
284 325 494 640 
284 325 495 640 
284 325 496 640 
284 325 496 640 
284 325 498 640 
284 325 499 640 
285 325 500 640 
285 325 501 640 
285 325 502 640 
285 325 502 640 
285 325 503 640 
285 325 504 640 
285 325 505 640 
285 325 505 640 
285 325 506 640 
285 325 506 640 
285 325 507 640 
285 325 507 640 
285 325 509 640 
286 325 509 640 
285 325 510 640 
285 325 510 640 
285 325 511 640 
285 325 511 640 
285 325 512 640 
285 325 513 640 
285 325 514 533 535 640 
285 325 515 531 539 640 
285 325 516 526 542 640 
285 325 517 523 543 640 
285 326 518 520 544 640 
285 326 544 640 
285 326 546 640 
285 326 546 640 
285 326 546 640 
285 326 546 640 
285 326 546 640 
285 326 546 640 
285 326 547 640 
285 326 547 640 
285 326 547 640 
285 327 546 640 
285 327 546 640 
285 327 547 640 
285 327 547 640 
285 327 548 640 
285 327 548 640 
285 327 548 640 
285 327 548 640 
285 327 548 640 
285 327 548 640 
270 277 285 327 548 640 
265 283 285 327 549 640 
262 328 549 640 
259 328 549 640 
255 328 549 640 
253 328 549 640 
251 328 549 640 
250 328 549 640 
249 328 549 640 
248 328 550 640 
247 328 550 640 
244 328 550 640 
241 329 550 640 
240 329 550 640 
238 329 550 640 
235 329 550 640 
233 329 550 640 
231 329 550 640 
229 329 550 640 
228 330 551 640 
227 330 551 640 
218 332 551 640 
216 333 551 640 
215 334 551 640 
214 335 551 640 
212 336 551 640 
211 336 551 640 
209 337 552 640 
208 337 552 640 
207 338 552 640 
207 338 552 640 
206 338 552 640 
206 338 552 640 
206 339 552 640 
205 339 552 640 
205 339 552 640 
204 339 552 640 
204 339 553 640 
204 339 553 640 
203 339 553 640 
203 339 553 640 
202 339 553 640 
202 339 553 640 
202 339 553 640 
202 339 554 640 
201 339 554 640 
201 340 554 640 
201 340 554 640 
201 340 554 640 
200 340 554 640 
200 340 554 640 
200 340 554 640 
199 340 554 640 
199 340 554 640 
199 340 554 640 
199 340 554 640 
199 340 555 640 
198 340 555 640 
198 340 555 640 
198 340 555 640 
198 340 555 640 
198 340 555 640 
199 340 555 640 
199 339 555 640 
200 339 555 640 
200 339 555 640 
202 339 555 640 
203 339 555 640 
205 339 555 640 
215 339 555 640 
215 339 555 634 635 640 
215 339 555 634 636 640 
216 339 555 634 638 640 
216 339 556 634 638 640 
216 339 556 634 
216 339 556 634 
216 339 556 634 
216 339 556 634 
216 339 556 634 
217 339 556 635 
217 338 556 635 
217 338 556 635 
217 338 556 635 
217 338 556 635 
217 338 556 635 
218 338 556 635 
218 338 556 635 
218 337 556 636 
219 337 556 636 
219 337 557 636 
219 337 555 556 557 636 
219 336 555 556 557 636 
220 336 555 556 557 637 
220 336 557 637 
220 335 557 637 
220 335 558 637 
221 335 558 637 
221 334 558 637 
221 334 558 637 
221 333 558 637 
221 333 558 637 
222 332 558 638 
222 332 558 638 
222 331 558 638 
223 331 558 638 
223 330 558 638 
223 330 558 638 
224 329 558 638 
224 329 558 638 
224 328 557 639 
225 328 557 639 
225 327 557 639 
225 327 557 639 
225 326 557 639 
226 326 557 639 
226 325 557 640 
226 326 557 640 
227 326 556 640 
227 327 556 640 
227 328 556 640 
227 329 556 640 
228 330 556 640 
228 331 556 640 
228 332 556 640 
229 333 556 640 
229 333 556 640 
229 334 556 640 
230 335 556 640 
230 336 556 640 
230 337 556 640 
231 338 556 640 
231 339 556 640 
231 340 556 640 
232 341 556 640 
232 342 556 640 
232 342 556 640 
233 343 556 640 
233 344 556 640 
234 345 556 640 
234 346 556 640 
234 346 556 640 
235 347 556 640 
235 348 556 640 
236 350 556 640 
236 350 556 640 
237 351 556 640 
237 352 556 640 
237 353 555 640 
238 353 556 640 
239 354 555 640 
239 355 555 640 
240 356 555 640 
240 357 554 640 
241 358 553 640 
241 359 551 640 
242 360 548 640 
242 360 547 640 
243 361 545 640 
244 362 543 640 
244 363 541 640 
245 364 539 640 
246 365 537 640 
247 366 535 640 
248 367 533 640 
249 367 531 640 
250 368 530 640 
250 369 528 640 
251 370 528 640 
252 371 529 640 
253 372 530 640 
254 373 529 640 
255 374 528 640 
256 375 526 640 
256 376 525 640 
257 377 523 640 
258 377 521 640 
259 378 520 640 
260 379 519 640 
261 380 519 640 
262 381 518 640 
263 381 516 640 
264 382 515 640 
265 383 514 640 
266 385 514 640 
267 385 513 640 
268 386 510 640 
268 387 508 640 
269 388 506 640 
270 388 504 640 
271 389 502 640 
272 390 499 640 
273 391 497 640 
274 392 495 640 
275 393 492 640 
275 394 491 640 
277 395 488 640 
277 396 486 640 
278 396 484 640 
279 397 482 640 
280 398 480 640 
281 399 477 640 
282 400 475 640 
282 401 437 441 473 640 
283 402 431 447 472 640 
284 402 426 450 470 640 
285 403 422 453 467 640 
286 404 418 456 466 640 
287 405 415 458 463 640 
288 406 411 640 
288 407 409 640 
289 640 
290 640 
291 640 
292 640 
293 640 
294 640 
295 640 
295 640 
296 640 
297 640 
298 640 
298 640 
299 640 
300 640 
301 640 
302 640 
302 640 
303 640 
304 640 
305 640 
306 640 
306 640 
307 640 
308 640 
309 640 
310 640 
310 640 
311 640 
312 640 
313 640 
314 640 
314 640 
315 640 
316 640 
316 640 
