




















































































186 193 
176 178 184 196 
175 178 182 198 
174 178 180 215 
174 178 180 219 
174 222 
173 224 
173 225 
172 227 
172 228 
172 229 
171 230 
171 231 
171 232 
171 233 
170 234 
169 235 
167 236 
165 237 
165 238 
164 239 
163 241 
164 243 
164 244 
166 246 
165 247 
165 248 
164 248 
164 249 
164 249 
166 249 
165 249 
165 249 
165 249 
165 249 
165 249 
165 249 
165 249 
165 249 
165 250 
165 251 
165 251 
164 252 
164 252 
164 253 
164 253 
163 254 
163 254 
163 255 
162 255 
162 255 
161 256 
160 256 
159 256 
158 257 
158 257 
157 257 
156 257 
156 257 
155 258 
154 258 
154 258 
153 258 
153 258 
152 259 
152 259 
151 259 
151 259 
150 259 
150 259 
150 259 
149 259 
149 258 
149 258 
152 258 
152 258 
152 155 156 159 160 257 
152 155 156 159 160 257 
152 159 161 256 
153 159 161 256 
153 156 157 159 162 255 
153 156 163 255 
153 156 163 254 
154 156 164 253 456 458 460 461 
165 252 454 465 
166 252 452 475 
167 251 451 479 
167 250 450 482 
168 250 449 486 
169 170 171 249 448 491 
173 182 184 248 448 493 
174 177 180 182 186 247 447 494 
174 176 187 246 446 495 
187 242 243 245 446 496 
187 241 243 244 446 497 
187 235 242 244 446 498 
178 230 231 234 446 498 
176 227 446 498 
175 226 446 499 
174 225 446 499 
173 225 446 500 
173 225 446 500 
173 226 447 501 
174 227 446 502 
174 228 445 502 
175 229 445 503 
175 230 444 503 
176 232 443 503 
177 233 442 503 
177 235 441 503 
177 236 440 503 
177 238 440 503 
176 239 438 503 
175 241 405 408 409 411 438 503 
174 242 402 415 437 503 
172 243 398 423 436 502 
170 243 397 428 435 502 
169 244 396 432 434 502 
168 245 395 502 
167 246 394 501 
166 247 394 501 
165 248 393 500 
164 248 392 500 
163 248 391 500 
162 249 391 500 
161 249 390 499 
160 249 390 499 
160 249 390 499 
159 250 391 499 
158 250 391 499 
158 250 392 498 
157 250 392 498 
157 250 393 498 
156 251 394 498 
156 251 395 498 
156 251 396 497 
156 252 397 497 
155 257 398 497 
154 257 399 497 
152 257 401 496 
151 257 402 496 
150 257 403 496 
150 257 404 495 
149 258 406 495 
148 259 407 495 
147 260 409 495 
147 260 410 497 
146 260 412 498 
146 260 413 500 
145 259 415 501 
145 259 416 503 
145 260 418 504 
145 261 419 506 
145 262 419 507 
145 263 418 508 
145 264 418 509 
145 265 418 510 
145 266 419 511 
145 266 420 513 
145 267 421 514 
145 268 421 515 
145 269 420 516 
146 269 420 517 
146 270 422 518 
147 271 422 518 
148 222 224 271 422 519 
149 221 224 272 422 520 
150 221 225 273 422 521 
151 221 225 273 421 521 
152 221 225 274 421 522 
155 220 226 275 421 522 
157 220 226 231 236 275 420 522 
158 219 237 276 420 523 
159 218 238 276 420 523 
160 218 239 277 419 522 
160 218 240 277 419 522 
160 218 241 278 418 422 423 522 
160 218 242 278 417 421 423 522 
160 218 244 278 417 419 422 522 
160 218 245 279 422 479 481 521 
160 218 246 279 422 424 425 479 485 521 
160 218 246 279 425 478 487 521 
160 218 245 279 425 478 490 520 
160 219 245 279 425 478 494 520 
160 219 244 279 424 479 498 519 
160 219 243 279 424 479 504 517 
160 219 243 279 424 479 508 512 513 514 
159 219 242 279 423 479 
159 219 242 279 424 480 
159 219 242 279 424 480 
159 219 241 278 427 480 
159 219 240 278 427 480 
159 219 240 277 427 480 
158 219 239 276 427 480 
158 219 239 276 428 479 
158 219 238 275 428 479 
158 219 238 275 428 478 
158 219 237 274 424 478 
158 219 237 273 419 479 
158 219 236 273 416 479 
157 219 235 272 415 479 
157 219 235 272 414 479 
157 219 234 271 413 478 
156 219 234 270 413 478 
156 219 233 270 412 478 
155 219 232 269 412 478 
155 219 232 269 411 478 
154 218 231 268 411 478 
153 218 231 268 411 479 
153 218 230 267 410 479 
152 217 229 267 410 479 
151 216 229 266 409 480 
151 216 228 266 409 480 
151 215 227 265 409 480 
150 214 226 265 408 480 
150 213 226 264 408 481 
149 213 225 264 408 481 
147 212 224 263 407 482 
147 212 224 263 407 482 
146 213 223 262 406 482 
146 214 222 262 406 482 
146 214 221 261 405 483 
146 214 220 261 405 483 
146 215 220 260 404 484 
146 215 219 260 404 484 
146 215 219 260 403 484 
146 215 219 259 403 485 
147 215 218 259 402 485 
147 214 218 258 402 486 
147 214 218 258 401 486 
146 213 217 258 401 486 
146 214 217 257 400 487 
146 215 217 257 400 487 
145 215 217 257 399 488 
145 257 399 488 
145 256 398 488 
144 256 398 419 420 489 
144 255 397 418 420 489 
144 255 397 418 420 490 
143 255 396 417 419 490 
143 254 396 417 419 491 
142 254 395 416 419 491 
142 253 395 416 419 492 
142 252 394 415 419 492 
141 251 394 415 419 472 473 492 
141 250 393 414 419 472 473 493 
140 249 393 414 419 472 473 493 
140 247 392 414 419 472 473 494 
140 246 392 414 419 471 474 494 
139 245 391 413 418 471 474 495 
139 245 391 413 418 471 474 495 
138 244 390 413 418 471 474 496 
138 244 390 415 418 471 474 496 
137 244 390 416 418 471 473 497 
137 244 390 417 418 470 472 497 
136 240 242 244 390 497 
136 239 390 497 
136 238 390 497 
136 237 390 497 
135 237 390 497 
135 236 390 498 
134 235 390 498 
134 235 390 498 
133 234 390 498 
133 233 390 498 
132 233 390 498 
132 232 390 498 
133 232 390 498 
133 232 390 498 
132 232 390 499 
133 232 390 499 
133 233 390 499 
134 233 390 499 
135 233 390 499 
135 233 390 499 
135 234 390 499 
135 234 390 500 
135 234 390 500 
135 235 390 500 
134 235 390 500 
134 235 390 500 
134 236 390 500 
133 236 390 501 
133 236 390 501 
133 236 390 501 
133 237 390 501 
132 237 390 502 
132 237 390 502 
132 237 390 502 
132 238 390 502 
132 238 390 502 
131 238 391 502 
131 238 391 502 
131 238 391 501 
131 239 392 501 
131 239 393 500 
130 239 394 499 
130 239 396 498 
130 240 398 497 
130 240 399 496 
130 240 399 496 
130 240 399 495 
129 241 399 477 479 495 
129 241 400 477 482 495 
129 241 400 477 483 494 
128 241 400 478 483 494 
128 242 400 478 483 494 
128 242 400 478 483 494 
128 242 401 479 482 493 
128 242 402 479 482 493 
128 243 402 492 
127 243 403 492 
127 243 404 491 
127 243 405 490 
127 243 406 489 
127 244 407 488 
127 244 407 486 
126 244 407 484 
126 244 407 482 
126 244 407 482 
126 245 407 482 
126 245 407 482 
126 245 407 483 
125 245 407 483 
125 245 407 483 
125 245 407 483 
125 246 407 484 
125 246 407 484 
125 246 407 484 
124 246 407 484 
124 246 407 485 
124 247 407 485 
124 247 407 485 
123 247 407 486 
123 247 408 486 
123 247 408 486 
123 247 408 487 
123 248 408 487 
122 248 408 487 
122 248 408 488 
122 248 408 488 
122 249 408 488 
122 249 408 489 
122 249 408 489 
121 249 408 489 
121 249 408 490 
121 249 408 490 
121 249 408 490 
121 249 408 490 
120 249 408 491 
120 249 408 491 
120 249 408 492 
120 249 408 492 
120 249 408 493 
119 249 408 493 
119 249 409 493 
119 249 409 494 
119 249 409 494 
118 249 409 494 
118 249 409 495 
118 249 409 495 
118 249 409 495 
118 250 409 496 
117 250 409 496 
117 250 409 497 
117 250 409 497 
117 250 408 498 
117 250 408 498 
116 250 408 499 
116 250 408 499 
116 250 407 499 
116 250 407 500 
116 250 407 500 
115 250 407 501 
115 250 407 501 
115 250 406 502 
115 250 406 502 
115 250 406 502 
115 250 405 503 
114 250 405 503 
114 250 406 503 
114 250 407 504 
114 250 407 504 
114 250 408 504 
113 250 408 505 
113 250 408 505 
113 250 408 505 
113 250 408 505 
112 250 408 505 
112 250 408 505 
112 250 408 505 
112 250 408 505 
112 250 408 504 
112 250 408 503 
111 250 408 503 
