

















616 617 635 636 
621 622 625 626 634 637 
618 620 625 626 632 637 
617 621 622 626 632 638 
617 625 627 629 631 638 
614 615 616 625 627 639 
616 639 
616 640 
616 640 
615 640 
615 640 
615 640 
615 640 
614 640 
611 612 614 640 
613 640 
613 640 
613 640 
612 640 
607 640 
593 640 
590 640 
590 640 
589 640 
586 640 
588 640 
590 640 
591 640 
593 640 
595 640 
597 640 
599 640 
600 640 
602 640 
603 640 
605 640 
607 640 
607 640 
604 605 607 640 
604 605 607 640 
604 605 607 640 
607 640 
607 640 
603 604 606 640 
603 604 606 640 
606 640 
602 603 605 640 
605 640 
605 640 
605 640 
604 640 
604 640 
604 612 614 640 
601 602 603 606 608 611 614 640 
601 602 603 604 614 640 
600 601 610 611 614 640 
609 610 613 640 
613 640 
613 640 
613 640 
614 640 
610 611 612 640 
612 640 
612 640 
608 609 611 640 
610 640 
609 640 
606 607 609 640 
608 640 
605 606 607 640 
607 640 
606 640 
605 640 
602 603 604 640 
604 640 
601 602 604 640 
600 601 603 640 
600 601 602 640 
599 600 602 640 
599 600 601 640 
598 599 601 640 
600 640 
599 640 
599 640 
598 640 
597 640 
597 640 
594 595 596 640 
595 640 
595 640 
594 640 
593 640 
590 591 593 640 
592 640 
588 589 591 640 
591 640 
590 640 
589 640 
586 587 589 640 
588 640 
587 640 
587 640 
583 584 586 640 
583 584 585 640 
582 583 585 640 
584 640 
583 640 
583 640 
581 640 
578 579 581 640 
578 579 581 640 
578 580 581 640 
566 571 576 578 579 640 
566 640 
565 640 
565 640 
565 640 
562 563 564 640 
564 640 
564 640 
563 640 
561 640 
561 563 564 640 
561 562 564 640 
564 640 
560 561 563 640 
560 562 563 640 
563 640 
559 560 562 640 
561 640 
559 640 
556 640 
544 640 
540 640 
540 640 
541 542 544 640 
544 640 
542 543 545 640 
545 640 
546 640 
536 537 547 640 
535 542 548 640 
536 544 546 640 
538 640 
539 640 
540 640 
542 640 
543 640 
545 640 
545 640 
546 640 
548 640 
550 640 
551 640 
553 640 
554 640 
555 640 
556 640 
559 640 
560 640 
561 640 
563 640 
563 640 
565 640 
566 640 
568 640 
568 640 
571 640 
572 640 
573 640 
573 640 
574 640 
576 640 
577 640 
575 576 577 640 
575 576 578 640 
578 640 
577 640 
574 575 576 640 
574 575 576 640 
576 640 
575 640 
575 640 
575 640 
575 640 
574 640 
574 640 
574 640 
574 640 
574 640 
573 640 
570 571 573 640 
570 571 573 640 
570 571 573 640 
572 640 
572 640 
569 570 572 640 
569 570 572 640 
569 570 572 640 
569 570 572 640 
569 640 
569 640 
569 570 571 640 
569 570 571 640 
568 570 571 640 
568 640 
568 570 571 640 
568 570 571 640 
568 569 570 640 
568 569 570 640 
568 569 570 640 
570 640 
570 640 
569 570 571 640 
568 570 571 640 
568 569 571 640 
568 569 571 640 
568 569 571 640 
568 569 571 640 
568 569 571 640 
568 569 571 640 
568 569 571 640 
568 569 571 640 
568 569 571 640 
571 640 
571 640 
569 570 571 640 
569 570 571 640 
569 570 572 640 
569 570 572 640 
572 640 
572 640 
572 640 
572 640 
573 640 
573 640 
357 362 573 640 
356 365 574 640 
352 353 355 370 574 640 
352 353 355 379 572 573 574 640 
352 353 355 382 574 640 
352 353 355 385 575 640 
352 353 354 387 575 640 
354 389 576 640 
354 391 576 640 
355 393 577 640 
355 395 577 640 
357 397 575 576 577 640 
358 399 578 640 
360 401 576 577 578 640 
361 403 578 640 
363 405 577 640 
365 407 577 579 580 640 
366 409 581 640 
368 413 579 580 581 640 
370 416 581 640 
371 419 582 640 
372 421 580 581 583 640 
373 423 581 582 583 640 
375 424 581 582 584 640 
375 426 434 441 582 583 584 640 
371 372 374 428 434 445 582 584 585 640 
370 371 372 431 433 449 585 640 
371 458 584 585 586 640 
368 460 585 640 
365 461 465 466 585 586 587 640 
364 462 463 467 585 586 587 640 
364 467 586 587 588 640 
359 467 586 587 589 640 
349 467 589 640 
341 466 589 640 
332 466 590 640 
316 466 591 640 
304 465 591 640 
298 465 594 640 
294 465 595 640 
293 294 295 465 596 640 
292 465 597 640 
292 293 294 465 597 640 
292 293 295 465 598 640 
295 465 600 640 
295 466 601 640 
292 293 295 466 602 640 
292 293 295 467 605 640 
295 468 606 640 
295 470 606 640 
297 471 607 640 
300 473 608 640 
302 474 609 610 611 640 
306 475 612 640 
310 475 614 615 616 640 
314 476 616 640 
318 477 618 640 
321 477 619 640 
327 477 620 622 623 640 
332 478 624 640 
335 478 625 640 
338 478 626 640 
341 478 621 640 
345 479 616 640 
349 479 609 640 
353 479 599 600 601 605 606 640 
356 479 597 640 
360 479 594 640 
363 479 591 640 
366 479 587 640 
370 479 584 640 
374 480 580 640 
378 480 568 640 
381 480 552 640 
387 480 553 640 
392 480 554 640 
396 480 552 640 
396 480 550 640 
396 480 547 548 549 640 
396 480 546 548 549 640 
396 481 546 547 548 640 
397 481 548 640 
395 481 547 640 
395 396 397 481 541 640 
398 481 535 640 
398 482 533 640 
399 482 530 640 
399 482 526 640 
399 482 524 525 526 640 
401 482 522 523 525 640 
399 482 524 640 
400 482 520 521 523 640 
402 483 520 521 522 640 
402 483 519 520 521 640 
403 483 518 519 521 640 
404 483 520 640 
403 483 517 518 520 640 
405 484 520 640 
406 484 516 517 519 640 
406 484 516 517 519 640 
407 484 515 516 518 640 
405 406 407 484 515 516 518 640 
405 407 408 485 517 640 
408 485 515 640 
409 485 512 640 
409 485 511 640 
408 486 508 640 
409 486 506 640 
411 486 505 640 
411 487 503 640 
412 487 502 640 
412 487 499 640 
412 487 498 640 
413 488 496 640 
413 488 493 494 495 640 
413 488 491 492 493 640 
414 489 490 640 
412 413 414 640 
415 640 
414 640 
414 640 
414 415 416 640 
416 640 
416 640 
414 640 
415 640 
415 640 
415 417 418 640 
416 417 418 640 
418 640 
419 640 
419 640 
419 640 
420 640 
418 419 420 640 
421 640 
421 640 
421 640 
419 420 421 640 
419 420 422 640 
422 640 
420 421 422 640 
420 640 
420 640 
421 640 
421 422 423 640 
423 640 
424 640 
424 640 
424 640 
422 423 425 640 
425 640 
423 424 425 640 
423 424 426 640 
424 425 426 640 
424 425 426 640 
426 640 
427 640 
427 640 
425 426 427 640 
425 640 
425 640 
425 427 428 587 592 640 
426 427 428 558 567 582 593 640 
426 427 428 556 595 640 
426 428 429 553 597 640 
427 428 429 551 599 640 
427 428 430 549 601 640 
430 547 603 640 
428 429 430 545 603 640 
428 429 430 542 604 640 
430 540 604 640 
430 538 605 640 
430 536 605 640 
431 533 603 604 605 640 
432 531 606 640 
433 529 604 605 607 640 
434 526 604 605 607 640 
435 524 604 605 607 640 
436 521 607 640 
438 519 607 640 
440 516 607 640 
442 514 608 640 
444 511 608 640 
446 508 605 606 608 640 
449 506 605 606 608 640 
452 503 608 640 
455 501 608 640 
458 497 608 640 
461 493 608 640 
464 489 609 640 
469 484 606 607 609 640 
609 640 
609 640 
609 640 
609 640 
610 640 
610 640 
607 608 610 640 
607 608 610 640 
607 608 610 640 
258 270 608 640 
249 276 608 640 
242 279 608 640 
236 282 608 609 610 640 
231 285 608 609 611 640 
222 288 608 609 611 640 
218 291 611 640 
212 295 612 640 
206 298 612 640 
200 300 612 640 
194 301 612 640 
187 303 612 640 
181 303 612 640 
175 304 613 640 
170 305 610 611 613 640 
165 305 610 611 613 640 
158 305 610 611 613 640 
153 306 614 640 
147 306 614 640 
141 306 611 612 614 640 
134 307 611 612 614 640 
130 307 615 640 
123 307 612 613 615 640 
116 308 615 640 
112 114 116 308 614 640 
