205 640 
205 640 
205 640 
205 640 
205 640 
205 640 
205 640 
205 640 
205 640 
205 640 
205 640 
206 640 
206 640 
206 640 
206 640 
206 640 
206 640 
206 640 
206 640 
206 640 
206 640 
206 640 
206 640 
206 640 
206 640 
206 640 
206 640 
206 640 
206 640 
206 640 
206 640 
206 640 
206 640 
206 640 
206 640 
206 640 
206 640 
206 640 
206 640 
206 640 
206 640 
206 640 
206 640 
206 640 
205 640 
205 640 
205 640 
205 640 
205 640 
205 640 
205 640 
205 640 
205 640 
204 640 
204 640 
204 640 
204 640 
204 640 
203 640 
203 640 
203 640 
203 640 
203 640 
202 640 
202 640 
202 640 
202 640 
201 640 
201 640 
201 640 
200 640 
200 640 
200 640 
200 640 
200 640 
199 640 
199 640 
199 640 
199 640 
198 640 
198 640 
197 640 
197 640 
196 640 
196 640 
196 640 
195 640 
195 640 
195 640 
194 640 
194 370 375 640 
194 368 377 640 
193 368 380 640 
193 367 383 640 
192 367 386 640 
192 367 388 640 
191 367 390 640 
191 367 393 640 
190 367 396 640 
190 368 399 640 
190 368 401 640 
189 368 403 640 
188 368 406 640 
188 369 407 640 
188 369 409 640 
187 369 410 640 
186 370 411 640 
186 370 412 640 
185 371 415 640 
185 371 419 640 
184 372 422 640 
183 372 424 640 
183 372 426 640 
182 373 428 640 
182 373 430 640 
181 374 431 640 
180 374 432 640 
180 374 433 640 
179 373 434 640 
179 372 435 640 
178 371 435 640 
177 370 437 640 
176 370 438 640 
175 369 439 640 
175 368 440 640 
174 368 440 640 
173 367 441 640 
172 367 442 640 
172 366 442 640 
171 365 443 640 
170 365 443 640 
170 364 444 640 
169 364 365 366 444 640 
168 365 444 640 
167 365 444 640 
167 364 445 640 
166 364 445 640 
165 366 445 640 
163 366 445 640 
162 366 446 640 
161 366 446 640 
160 366 446 640 
160 366 446 640 
159 366 447 640 
158 367 447 640 
157 367 447 640 
156 368 447 640 
155 369 447 640 
154 369 370 371 447 640 
153 372 447 640 
151 373 447 640 
150 375 447 640 
149 376 448 640 
149 379 448 640 
147 378 448 640 
146 378 448 640 
144 377 448 640 
143 376 448 640 
142 374 448 640 
141 373 448 640 
139 373 448 640 
138 374 448 640 
136 375 448 640 
135 376 448 640 
133 376 448 640 
131 377 448 640 
130 377 448 640 
129 377 448 640 
128 378 448 640 
126 379 448 640 
124 380 448 640 
122 380 449 640 
120 380 449 640 
119 381 449 640 
117 381 450 640 
115 382 450 640 
112 382 451 640 
110 219 229 383 451 640 
109 216 234 384 392 393 451 640 
106 214 239 385 388 394 452 640 
103 214 242 394 452 640 
100 213 244 394 453 640 
98 212 246 394 453 640 
94 212 217 220 248 392 453 640 
92 221 250 390 454 640 
89 218 251 389 454 640 
86 217 253 390 454 640 
0 1 82 215 255 390 455 640 
0 6 79 215 221 223 257 391 455 640 
0 12 73 223 259 338 345 392 455 640 
0 17 66 222 262 337 350 393 455 640 
0 25 61 222 228 232 265 336 353 393 456 640 
0 34 51 221 224 235 270 335 359 374 375 391 456 640 
0 221 222 238 274 335 379 387 456 640 
0 239 279 325 327 334 456 640 
0 240 283 325 329 334 456 640 
0 242 286 325 331 334 456 640 
0 243 291 324 456 640 
0 245 297 324 456 640 
0 248 301 324 456 640 
0 253 305 323 456 640 
0 257 307 321 456 640 
0 259 309 316 456 640 
0 261 456 640 
0 263 456 640 
0 265 457 640 
0 268 457 640 
0 270 458 640 
0 274 459 640 
0 276 460 640 
0 279 461 640 
0 281 463 640 
0 284 464 640 
0 287 465 640 
0 289 467 640 
0 292 468 640 
0 295 470 640 
0 298 471 640 
0 301 472 640 
0 305 321 324 473 640 
0 325 374 379 475 640 
0 325 371 379 476 640 
0 326 334 335 367 379 476 640 
0 326 332 336 364 379 477 640 
0 327 331 336 362 378 478 640 
0 328 329 337 359 378 478 640 
0 337 357 377 478 640 
0 337 355 376 478 640 
0 337 353 376 478 640 
0 338 350 375 478 640 
0 339 348 375 478 640 
0 340 345 374 477 640 
0 374 477 640 
0 373 477 640 
0 373 477 640 
0 372 478 640 
0 372 478 640 
0 371 478 640 
0 371 478 640 
0 370 479 640 
0 370 480 640 
0 370 480 640 
0 370 480 640 
0 370 479 640 
0 370 478 640 
0 370 477 640 
0 370 477 640 
0 370 478 640 
0 370 479 640 
0 370 480 640 
0 371 480 640 
0 371 481 640 
0 372 481 640 
0 372 482 640 
0 373 482 640 
0 374 483 640 
0 375 484 640 
0 376 484 640 
0 377 485 640 
0 378 485 640 
0 380 486 640 
0 383 461 463 486 640 
0 386 461 464 486 640 
0 387 461 465 487 640 
0 388 461 465 487 640 
0 388 460 466 487 640 
0 388 460 466 487 640 
0 388 460 466 487 640 
0 388 460 466 488 640 
0 388 460 466 488 640 
0 388 459 466 488 640 
0 389 459 466 488 640 
0 389 459 466 488 640 
0 389 459 466 488 640 
0 389 459 466 488 640 
0 389 458 466 488 640 
0 389 458 467 488 640 
0 389 458 467 488 640 
0 389 458 467 488 640 
0 390 458 467 488 640 
0 390 457 467 488 640 
0 390 457 467 488 640 
0 390 457 467 488 640 
0 390 457 467 488 640 
0 390 457 468 488 640 
0 391 457 468 488 640 
0 391 457 468 488 640 
0 392 457 468 488 640 
0 393 457 468 488 640 
0 393 457 468 488 640 
0 393 457 468 488 640 
0 393 456 468 488 640 
0 393 452 453 456 468 488 640 
0 393 452 453 456 468 488 640 
0 393 456 469 488 640 
0 393 456 469 488 640 
0 392 456 469 488 640 
0 392 455 469 488 640 
0 392 455 469 488 640 
0 392 455 469 488 640 
0 392 455 469 488 640 
0 392 455 469 488 640 
0 391 456 469 488 640 
0 391 456 469 488 640 
0 391 456 470 488 640 
0 390 457 470 488 640 
0 390 457 470 488 640 
0 390 457 470 488 640 
0 390 457 470 488 640 
0 390 458 470 488 640 
0 390 458 470 488 640 
0 389 458 470 488 640 
0 389 458 470 488 640 
0 389 458 470 488 640 
0 389 458 470 488 640 
0 389 459 470 489 640 
0 388 459 470 489 640 
0 388 459 470 489 640 
0 388 459 470 489 640 
0 388 459 470 489 640 
0 388 459 470 489 640 
0 388 460 470 489 640 
0 387 460 470 490 640 
0 387 461 470 490 640 
0 387 461 470 490 640 
0 387 461 470 491 640 
0 387 462 469 491 640 
0 387 462 469 491 640 
0 386 463 469 492 640 
0 386 463 469 492 640 
0 386 463 469 492 640 
0 386 464 468 492 640 
0 385 464 468 492 640 
0 385 465 468 492 640 
0 385 465 468 493 640 
0 385 465 468 493 640 
0 385 466 468 493 640 
0 385 466 467 493 640 
0 384 493 640 
0 384 493 640 
0 384 493 640 
0 384 493 640 
0 384 493 640 
0 384 493 640 
0 383 493 640 
0 383 493 640 
0 383 493 640 
0 383 469 470 493 640 
0 383 469 470 494 640 
0 383 494 640 
0 383 489 490 494 640 
0 382 482 484 489 490 495 640 
0 382 482 484 489 491 495 640 
0 382 482 484 489 491 496 640 
0 382 482 485 490 492 497 640 
0 382 483 485 490 493 498 640 
0 382 483 485 490 493 499 640 
0 382 476 478 483 486 490 495 496 640 
0 381 477 479 483 486 491 640 
0 381 477 479 484 486 491 640 
0 381 477 479 484 487 492 640 
0 381 478 480 485 487 493 640 
0 380 478 480 485 488 493 640 
0 380 479 480 485 489 494 640 
0 380 480 481 486 489 495 640 
0 380 480 481 486 491 495 640 
0 380 480 481 486 640 
0 379 481 482 487 640 
0 379 481 483 487 640 
0 379 476 477 481 483 488 640 
0 379 476 479 481 484 488 640 
0 379 476 486 488 640 
0 378 477 640 
0 378 477 640 
0 378 478 640 
0 378 478 640 
0 378 478 640 
0 377 479 640 
0 377 479 640 
0 377 480 640 
0 377 480 640 
0 376 480 640 
0 376 481 640 
0 376 481 640 
0 375 481 640 
0 375 482 640 
0 375 482 640 
0 374 483 640 
0 374 483 640 
0 374 484 640 
0 374 484 640 
0 373 484 640 
0 373 485 640 
0 373 485 640 
0 373 486 640 
0 372 486 640 
0 372 487 640 
0 372 487 640 
0 371 487 640 
0 371 488 640 
0 370 488 640 
0 370 489 640 
0 370 489 640 
0 369 490 640 
0 369 490 640 
0 369 491 640 
0 368 491 640 
0 368 492 640 
0 368 492 640 
0 368 493 640 
0 367 493 640 
0 367 494 640 
0 367 494 640 
0 366 495 640 
0 366 495 640 
0 365 496 640 
0 365 496 640 
0 365 497 640 
0 364 497 640 
0 364 498 640 
0 364 498 640 
0 363 498 640 
0 363 499 640 
0 363 499 640 
0 363 500 640 
0 362 500 640 
0 362 501 640 
0 362 501 640 
0 361 502 640 
0 361 502 640 
0 361 503 640 
0 360 503 640 
0 360 504 640 
0 360 504 640 
0 360 505 640 
0 359 505 640 
0 359 506 640 
0 359 506 640 
0 359 507 640 
0 358 507 640 
0 358 507 640 
0 358 508 640 
0 358 508 640 
0 358 509 640 
0 358 509 640 
0 357 510 640 
0 357 510 640 
0 357 511 640 
0 357 511 640 
0 357 511 640 
0 357 512 640 
0 356 512 640 
0 356 512 640 
0 356 513 640 
0 356 513 640 
0 356 513 640 
0 356 514 640 
0 355 514 640 
0 355 515 640 
0 355 515 640 
0 355 515 640 
0 355 516 640 
0 355 516 640 
0 354 516 640 
0 354 517 640 
0 354 517 640 
0 354 517 640 
0 354 517 640 
0 354 518 640 
0 354 518 640 
0 353 518 640 
0 353 519 640 
0 353 519 640 
0 353 519 640 
0 353 520 640 
0 353 520 640 
0 353 520 640 
0 352 521 640 
0 353 521 640 
0 353 521 640 
