0 640 
0 640 
0 640 
0 545 547 640 
0 545 548 640 
0 545 547 640 
0 545 546 640 
0 640 
0 640 
0 640 
0 640 
0 640 
0 640 
0 640 
0 640 
0 640 
0 640 
0 640 
0 640 
0 640 
0 168 169 640 
0 168 170 640 
0 167 171 640 
0 167 171 640 
0 167 172 640 
0 167 173 640 
0 167 174 640 
0 167 174 640 
0 167 175 640 
0 166 176 640 
0 166 177 640 
0 166 177 640 
0 166 178 640 
0 166 179 640 
0 166 179 640 
0 166 180 640 
0 166 181 640 
0 166 181 640 
0 166 182 640 
0 166 183 640 
0 166 183 640 
0 166 184 640 
0 166 185 640 
0 166 185 640 
0 166 186 640 
0 166 186 640 
0 165 187 640 
0 165 188 640 
0 145 162 165 188 640 
0 126 189 640 
0 114 190 640 
0 110 190 640 
0 104 191 640 
0 99 192 640 
0 95 192 640 
0 92 193 640 
0 90 193 640 
0 87 194 640 
0 84 195 640 
0 82 196 640 
0 79 196 640 
0 78 197 640 
0 76 198 640 
0 74 198 640 
0 72 200 640 
0 70 201 640 
0 69 202 640 
0 67 203 640 
0 65 204 640 
0 64 205 640 
0 62 206 640 
0 60 206 640 
0 59 207 640 
0 57 208 640 
0 55 209 640 
0 53 209 640 
0 52 210 640 
0 51 211 640 
0 49 211 640 
0 47 212 640 
0 46 213 640 
0 44 213 640 
0 43 214 640 
0 42 215 640 
0 40 215 640 
0 39 216 640 
0 37 217 640 
0 36 217 640 
0 35 217 640 
0 34 218 640 
0 32 219 640 
0 31 219 640 
0 30 220 640 
0 30 220 640 
0 28 220 640 
0 27 221 640 
0 26 221 640 
0 25 221 640 
0 25 222 640 
0 24 222 640 
0 23 222 640 
0 22 223 640 
0 22 223 640 
0 21 223 640 
0 20 224 640 
0 20 224 640 
0 19 224 640 
0 19 225 640 
0 18 225 640 
0 18 225 640 
0 17 225 640 
0 17 226 640 
0 16 226 640 
0 16 227 640 
0 16 227 640 
0 15 228 640 
0 15 228 640 
0 14 229 640 
0 14 229 640 
0 14 230 640 
0 14 230 640 
0 13 231 640 
0 13 231 640 
0 13 232 640 
0 13 232 640 
0 13 233 640 
0 13 234 640 
0 13 236 640 
0 12 238 640 
0 12 240 640 
0 12 243 640 
0 12 245 640 
0 12 247 263 266 640 
0 11 250 258 268 640 
0 11 269 640 
0 12 270 640 
0 11 271 640 
0 11 272 640 
0 11 273 277 280 640 
0 11 281 640 
0 11 281 640 
0 11 281 640 
0 11 281 640 
0 11 280 640 
0 11 280 640 
0 12 280 640 
0 12 279 640 
0 12 279 640 
0 11 279 640 
0 12 278 640 
0 12 278 640 
0 12 278 640 
0 12 277 640 
0 12 277 640 
0 12 277 640 
0 12 276 640 
0 13 259 261 276 640 
0 13 257 262 276 640 
0 13 257 263 275 640 
0 13 256 264 275 640 
0 13 255 265 274 640 
0 13 253 266 273 640 
0 13 253 268 272 640 
0 14 255 640 
0 14 255 640 
0 14 256 640 
0 14 256 640 
0 14 256 640 
0 15 256 640 
0 15 256 640 
0 15 257 640 
0 16 257 640 
0 16 257 640 
0 17 257 640 
0 17 257 399 400 640 
0 17 258 398 402 640 
0 18 258 397 402 640 
0 18 258 396 403 640 
0 18 259 395 404 640 
0 18 259 394 405 640 
0 19 256 394 405 640 
0 19 256 393 406 640 
0 20 256 393 406 640 
0 20 256 392 406 640 
0 21 256 391 407 640 
0 21 256 391 407 640 
0 22 255 390 407 640 
0 23 255 390 407 640 
0 23 255 390 407 640 
0 24 255 389 407 640 
0 25 254 389 408 640 
0 25 254 389 407 640 
0 26 254 389 407 640 
0 27 245 247 253 388 407 640 
0 28 245 247 252 388 407 640 
0 29 245 247 251 388 407 640 
0 29 251 388 406 640 
0 13 17 30 251 387 406 640 
0 14 22 31 251 387 406 640 
0 15 26 32 246 248 250 387 406 640 
0 16 28 33 246 248 250 387 405 640 
0 17 27 33 245 249 250 388 405 640 
0 19 26 33 245 388 404 640 
0 20 26 33 245 388 404 640 
0 33 245 388 403 640 
0 33 245 388 403 640 
0 33 240 242 245 388 402 640 
0 33 236 238 240 242 245 389 394 397 401 640 
0 33 236 238 240 243 245 389 393 398 401 640 
0 33 235 238 240 243 244 390 392 398 400 640 
0 32 235 390 391 640 
0 32 234 640 
0 32 233 640 
0 32 232 640 
0 31 228 230 231 640 
0 31 227 230 231 640 
0 30 226 640 
0 30 226 640 
0 30 225 640 
0 29 225 640 
0 29 225 640 
0 29 225 640 
0 28 225 640 
0 28 225 640 
0 27 225 640 
0 27 225 640 
0 26 226 640 
0 25 226 640 
0 25 226 640 
0 24 226 640 
0 24 226 640 
0 24 226 640 
0 24 226 640 
0 24 226 640 
0 24 226 640 
0 25 226 640 
0 25 226 640 
0 25 226 640 
0 24 226 640 
0 23 227 640 
0 22 227 640 
0 21 228 640 
0 23 227 640 
0 24 227 640 
0 26 226 640 
0 28 226 640 
0 31 36 39 225 640 
0 34 35 39 225 640 
0 39 225 640 
0 39 225 640 
0 39 225 640 
0 40 225 640 
0 40 226 640 
0 40 226 640 
0 40 226 640 
0 40 227 640 
0 40 227 640 
0 40 220 222 227 640 
0 40 220 222 227 640 
0 40 219 223 228 640 
0 41 219 224 228 640 
0 41 218 225 229 640 
0 41 218 226 230 640 
0 41 217 227 230 640 
0 41 217 228 231 640 
0 42 217 229 231 640 
0 42 216 230 231 640 
0 42 216 640 
0 42 215 640 
0 42 214 640 
0 42 214 640 
0 42 214 640 
0 42 214 640 
0 42 215 640 
0 42 215 640 
0 42 215 640 
0 42 216 640 
0 42 216 640 
0 42 216 640 
0 42 216 640 
0 42 216 640 
0 42 208 209 216 640 
0 42 207 211 216 640 
0 42 207 213 215 640 
0 42 205 640 
0 42 205 640 
0 42 179 181 203 640 
0 42 179 190 194 198 201 640 
0 42 176 640 
0 42 175 640 
0 42 174 640 
0 42 173 640 
0 42 172 640 
0 42 172 640 
0 42 173 640 
0 41 173 640 
0 41 173 640 
0 41 173 640 
0 40 174 640 
0 40 176 640 
0 40 179 640 
0 40 182 640 
0 39 186 640 
0 39 190 640 
0 39 195 640 
0 39 199 640 
0 38 202 640 
0 38 206 640 
0 38 210 640 
0 37 215 640 
0 37 42 44 219 640 
0 36 41 44 221 640 
0 36 40 44 226 640 
0 35 39 44 230 640 
0 35 37 44 234 640 
0 35 36 44 239 640 
0 44 243 640 
0 44 248 640 
0 43 249 640 
0 43 251 640 
0 43 252 640 
0 43 253 640 
0 43 254 640 
0 43 255 640 
0 42 255 640 
0 40 256 640 
0 38 257 640 
0 37 257 335 357 640 
0 34 258 324 369 640 
0 33 259 316 375 640 
0 31 259 308 382 640 
0 30 259 305 385 640 
0 28 259 301 391 640 
0 27 258 298 396 640 
0 27 257 293 400 640 
0 26 256 290 403 640 
0 25 255 288 405 640 
0 25 254 284 408 640 
0 25 253 280 412 640 
0 24 253 278 415 640 
0 24 253 275 417 640 
0 24 254 274 420 640 
0 24 255 271 422 640 
0 23 255 269 425 640 
0 23 256 266 427 640 
0 23 257 264 429 640 
0 28 257 262 432 640 
0 29 258 261 434 640 
0 29 435 640 
0 30 438 640 
0 30 440 640 
0 31 441 640 
0 31 443 640 
0 31 445 640 
0 30 447 640 
0 30 449 640 
0 29 450 640 
0 29 452 640 
0 29 453 640 
0 28 455 640 
0 27 456 640 
0 27 458 640 
0 27 459 640 
0 26 461 640 
0 26 462 640 
0 25 464 640 
0 25 465 640 
0 25 467 640 
0 24 468 640 
0 24 469 640 
0 24 471 640 
0 23 472 640 
0 23 473 640 
0 23 475 640 
0 23 476 640 
0 23 478 640 
0 22 479 640 
0 22 480 640 
0 22 481 640 
0 22 482 640 
0 22 483 640 
0 22 484 640 
0 21 485 640 
0 21 486 640 
0 21 487 640 
0 20 489 640 
0 20 490 640 
0 20 490 640 
0 20 491 640 
0 19 492 640 
0 15 494 640 
0 14 495 640 
0 14 496 640 
0 13 497 640 
0 13 498 640 
0 13 499 640 
0 13 500 640 
0 13 501 640 
0 13 501 640 
0 13 502 640 
0 13 503 640 
0 13 503 640 
0 13 505 640 
0 8 10 12 506 640 
0 8 506 640 
0 9 507 640 
0 10 508 640 
0 10 509 640 
0 10 510 640 
0 11 511 640 
0 12 512 640 
0 12 512 640 
0 13 513 640 
0 13 514 640 
0 13 515 640 
0 13 515 640 
0 13 516 640 
0 13 517 640 
0 13 517 640 
0 12 518 640 
0 12 519 640 
0 12 519 640 
0 12 520 640 
0 12 521 640 
0 12 521 640 
0 12 522 640 
0 12 523 640 
0 12 523 640 
0 12 524 640 
0 11 525 640 
0 11 526 640 
0 10 526 640 
0 10 527 640 
0 10 527 640 
0 9 528 640 
0 9 528 640 
0 8 529 640 
0 7 530 640 
0 7 530 640 
0 6 531 640 
0 5 532 640 
0 4 532 640 
0 2 533 640 
0 2 533 640 
0 2 534 640 
0 3 534 640 
0 3 535 640 
0 3 535 640 
0 2 536 640 
0 2 536 640 
0 1 537 640 
537 640 
538 640 
538 640 
538 640 
539 640 
539 640 
540 640 
0 1 235 237 540 640 
0 2 235 238 541 640 
0 2 234 238 541 640 
0 3 234 238 542 640 
0 8 234 238 542 640 
0 8 234 238 543 640 
0 8 234 238 543 640 
0 8 234 238 544 640 
0 8 234 238 544 640 
0 7 234 238 545 640 
0 7 234 238 545 640 
0 7 234 238 546 640 
0 7 234 237 546 640 
0 6 233 237 546 640 
0 6 233 237 547 640 
0 6 233 237 547 640 
0 5 233 237 547 640 
0 5 233 237 546 640 
0 5 233 237 545 640 
0 5 232 237 542 640 
0 4 232 238 539 640 
0 4 232 238 538 640 
