






















































































































































































































































































234 238 
233 240 
233 241 
232 242 
232 244 
231 245 
231 246 
231 247 319 325 
231 247 317 326 
231 248 315 327 
231 249 314 327 
231 250 313 327 
231 250 313 319 323 325 
231 251 312 318 
231 252 312 318 
231 253 311 318 
231 253 311 318 
231 254 310 317 
232 255 310 317 
231 257 309 317 
230 258 308 317 
229 260 305 316 
228 261 304 316 
227 262 303 315 
219 262 303 315 
205 262 302 314 
205 262 301 315 
205 262 300 315 
206 253 254 261 299 315 
207 251 298 315 
209 252 297 315 
210 254 296 313 
211 256 295 312 
212 257 294 310 
213 258 293 310 344 346 
214 259 292 308 341 345 
214 260 291 307 338 344 
213 260 290 306 336 343 
213 261 289 305 334 342 
213 261 289 304 332 341 
212 262 288 303 330 339 
212 264 286 303 326 338 
212 266 285 302 323 336 
211 269 284 301 319 335 
211 272 282 301 315 334 
211 275 281 300 306 307 308 332 
211 330 
211 329 
211 328 415 421 
211 328 330 331 414 423 
211 331 412 428 
210 331 410 429 
210 330 408 430 
210 330 335 339 406 430 
211 330 332 339 405 437 
211 339 402 439 
211 344 400 440 
211 343 396 440 
211 342 394 440 
212 340 391 441 
212 340 389 442 
212 339 386 444 
212 339 383 445 
213 339 381 446 
213 341 379 447 
213 340 377 448 
214 339 374 448 
214 339 372 449 
215 338 370 449 
215 337 368 449 
215 337 366 449 
216 336 340 341 364 449 
217 335 339 341 361 449 
217 333 337 341 358 449 
218 332 334 340 355 449 
219 331 333 340 351 449 
220 339 347 450 
220 338 344 450 
221 337 341 450 
222 335 339 450 
223 335 337 450 
225 451 
226 452 
227 452 
229 452 
230 452 
232 452 
234 452 
236 452 
238 452 
240 452 
242 451 
244 451 
246 451 
247 450 
247 450 
248 450 
248 450 
249 260 262 450 
250 260 265 450 
252 260 266 450 
254 260 268 450 
258 260 269 450 
269 450 
270 451 
271 451 
272 451 454 462 
273 463 
274 463 
275 463 
276 463 
277 463 
278 463 
280 462 
281 462 
283 461 
285 460 
287 459 
289 458 
289 457 
290 456 
290 455 
291 295 297 454 
298 453 
299 452 
299 451 
300 450 
301 449 
301 448 
302 447 
302 447 
303 447 
304 447 
305 447 
306 447 
307 446 
309 446 
310 446 
310 446 453 463 
312 464 
314 465 
317 465 
319 465 
323 465 
325 465 
333 464 
338 464 
343 463 
347 462 
353 461 
356 460 
361 458 
365 456 
370 454 
375 449 
378 444 
383 436 
388 435 
391 434 
394 434 
398 433 
401 423 429 430 
405 421 
408 420 
411 418 




































