0 640 
0 640 
0 640 
0 640 
0 640 
0 640 
0 640 
0 640 
0 640 
0 640 
0 640 
0 640 
0 640 
0 640 
0 640 
0 640 
0 640 
0 640 
0 640 
0 640 
0 640 
0 640 
0 640 
0 640 
0 640 
0 640 
0 640 
0 640 
0 640 
0 640 
0 640 
0 640 
0 309 312 640 
0 308 312 640 
0 307 312 640 
0 306 312 640 
0 305 312 640 
0 304 312 640 
0 303 312 640 
0 303 312 640 
0 301 312 640 
0 300 312 640 
0 300 312 640 
0 299 311 640 
0 298 311 640 
0 297 311 640 
0 296 311 640 
0 295 311 640 
0 236 237 294 311 640 
0 235 240 293 311 640 
0 236 242 292 311 640 
0 236 245 291 310 640 
0 237 247 290 310 640 
0 237 250 289 310 640 
0 237 253 288 310 640 
0 238 257 288 310 640 
0 238 260 287 310 640 
0 239 263 286 310 640 
0 240 266 285 310 640 
0 240 269 284 310 640 
0 240 272 283 309 640 
0 241 275 283 309 640 
0 242 277 282 309 640 
0 242 280 281 309 640 
0 243 309 640 
0 243 309 640 
0 244 309 640 
0 245 309 640 
0 245 314 640 
0 245 321 640 
0 246 326 640 
0 247 331 640 
0 248 335 640 
0 248 338 640 
0 249 341 640 
0 250 345 640 
0 250 348 640 
0 251 351 640 
0 252 354 640 
0 253 357 640 
0 254 360 640 
0 255 362 640 
0 254 365 640 
0 251 368 640 
0 248 371 640 
0 246 373 640 
0 244 375 640 
0 241 378 640 
0 239 380 640 
0 237 382 640 
0 235 385 640 
0 232 386 640 
0 230 388 640 
0 228 390 640 
0 225 392 640 
0 224 394 640 
0 222 395 640 
0 220 397 442 445 640 
0 218 398 439 445 640 
0 215 399 436 444 640 
0 214 400 432 443 640 
0 212 401 428 443 640 
0 210 402 405 413 425 442 640 
0 210 416 421 441 640 
0 212 441 640 
0 213 440 640 
0 217 440 640 
0 223 439 640 
0 226 439 640 
0 227 438 640 
0 228 437 640 
0 229 437 640 
0 230 437 640 
0 233 436 640 
0 234 436 640 
0 236 435 640 
0 238 435 640 
0 240 435 640 
0 243 435 640 
0 244 436 640 
0 247 437 640 
0 249 438 640 
0 253 438 640 
0 255 439 640 
0 258 439 640 
0 260 439 640 
0 263 439 640 
0 265 439 640 
0 266 439 640 
0 266 439 640 
0 266 439 640 
0 265 439 640 
0 264 439 640 
0 264 439 640 
0 263 439 640 
0 262 438 640 
0 261 438 640 
0 260 437 640 
0 259 437 640 
0 258 437 640 
0 257 437 640 
0 256 436 640 
0 255 436 640 
0 254 436 640 
0 252 435 640 
0 251 435 640 
0 251 435 640 
0 250 435 640 
0 250 435 640 
0 249 436 640 
0 248 437 640 
0 248 438 640 
0 247 439 640 
0 247 440 640 
0 246 441 640 
0 246 442 640 
0 245 443 640 
0 245 444 640 
0 244 445 640 
0 243 446 640 
0 243 448 640 
0 243 449 640 
0 242 449 640 
0 242 450 640 
0 242 451 640 
0 242 453 640 
0 242 453 640 
0 242 454 640 
0 242 394 399 455 640 
0 242 394 401 436 439 455 640 
0 242 394 405 436 447 453 640 
0 242 394 410 436 640 
0 242 394 413 437 640 
0 242 394 417 438 640 
0 242 394 422 438 640 
0 242 394 428 437 640 
0 242 394 640 
0 242 394 640 
0 241 394 640 
0 241 394 640 
0 241 394 640 
0 241 394 640 
0 241 394 640 
0 242 394 640 
0 242 394 640 
0 242 393 640 
0 242 393 640 
0 243 393 640 
0 243 392 640 
0 243 392 640 
0 243 392 640 
0 199 200 212 213 244 392 640 
0 192 218 244 391 640 
0 187 222 244 391 640 
0 182 226 244 390 640 
0 178 229 245 390 640 
0 175 231 245 389 640 
0 171 236 245 389 640 
0 166 237 246 389 640 
0 163 239 246 389 640 
0 159 240 246 389 640 
0 157 241 246 389 640 
0 153 242 246 389 640 
0 149 243 246 389 640 
0 146 244 246 389 640 
0 143 389 640 
0 140 389 640 
0 138 389 640 
0 135 390 640 
0 133 390 640 
0 132 390 640 
0 130 390 640 
0 129 390 640 
0 127 390 640 
0 125 390 640 
0 124 390 640 
0 123 390 640 
0 122 390 640 
0 121 390 640 
0 120 390 640 
0 119 390 640 
0 118 390 640 
0 118 391 640 
0 117 391 640 
0 116 391 640 
0 115 391 640 
0 114 391 640 
0 113 391 640 
0 112 391 640 
0 112 391 640 
0 111 391 640 
0 110 170 174 391 640 
0 109 169 181 391 640 
0 108 168 186 391 640 
0 107 167 190 200 201 392 640 
0 107 166 201 392 640 
0 106 166 200 214 216 392 640 
0 105 165 200 213 215 392 640 
0 104 164 199 211 213 392 640 
0 104 164 199 209 211 392 640 
0 103 163 200 206 210 392 640 
0 102 162 209 392 640 
0 101 162 209 392 640 
0 101 161 212 392 640 
0 100 160 212 392 640 
0 99 160 213 393 640 
0 98 159 216 393 640 
0 98 158 216 393 640 
0 97 158 218 393 640 
0 96 157 220 222 223 393 640 
0 95 156 227 393 640 
0 95 155 229 393 640 
0 94 155 230 393 640 
0 93 154 230 393 640 
0 93 154 230 393 640 
0 92 153 230 393 640 
0 91 152 231 393 640 
0 90 151 232 394 640 
0 89 150 232 394 640 
0 89 150 182 187 232 394 640 
0 88 149 176 190 232 394 640 
0 87 149 174 194 235 394 640 
0 86 148 172 197 236 394 640 
0 86 147 171 199 237 394 640 
0 85 146 170 202 237 394 640 
0 84 146 168 205 237 394 640 
0 83 145 167 207 237 395 640 
0 83 144 167 210 237 395 640 
0 82 144 166 213 234 395 640 
0 82 143 165 395 640 
0 80 142 164 395 640 
0 80 141 163 395 640 
0 79 141 158 395 640 
0 79 141 145 395 640 
0 78 395 640 
0 77 396 640 
0 76 396 640 
0 75 396 640 
0 74 396 640 
0 74 396 640 
0 73 396 640 
0 72 396 640 
0 71 396 640 
0 70 396 640 
0 70 397 640 
0 69 397 640 
0 68 397 640 
0 67 397 640 
0 67 397 640 
0 66 397 640 
0 65 397 640 
0 65 398 640 
0 64 398 640 
0 64 398 640 
0 63 398 640 
0 63 399 640 
0 62 400 640 
0 62 400 640 
0 61 401 640 
0 61 401 640 
0 61 402 640 
0 60 402 640 
0 60 403 640 
0 59 403 640 
0 59 404 640 
0 58 405 640 
0 58 405 640 
0 58 406 640 
0 58 406 640 
0 58 407 640 
0 58 407 640 
0 57 408 640 
0 57 409 640 
0 58 409 640 
0 58 410 640 
0 58 410 640 
0 58 411 640 
0 59 411 640 
0 59 412 640 
0 59 412 640 
0 60 413 640 
0 60 413 640 
0 61 414 640 
0 62 414 640 
0 62 415 640 
0 63 415 640 
0 64 415 640 
0 65 416 640 
0 66 416 640 
0 67 417 640 
0 68 417 640 
0 70 127 134 235 239 417 640 
0 72 120 134 231 240 417 640 
0 74 111 135 165 167 228 240 418 640 
0 78 102 135 162 168 225 240 418 640 
0 136 158 169 221 240 418 640 
0 137 154 170 218 240 418 640 
0 137 150 171 215 240 418 640 
0 138 145 172 211 240 418 640 
0 140 142 174 208 240 419 640 
0 175 204 240 419 640 
0 178 189 192 200 240 419 640 
0 181 187 240 419 640 
0 240 419 640 
0 240 419 640 
0 240 418 640 
0 241 418 640 
0 241 418 640 
0 241 418 640 
0 241 417 640 
0 241 417 640 
0 241 416 640 
0 241 416 640 
0 242 415 640 
0 242 415 640 
0 242 414 640 
0 242 413 640 
0 242 413 640 
0 242 412 640 
0 242 411 640 
0 242 410 640 
0 242 410 640 
0 242 410 640 
0 242 410 640 
0 243 410 640 
0 243 411 640 
0 243 411 640 
0 243 411 640 
0 243 412 640 
0 243 412 640 
0 243 412 640 
0 243 412 640 
0 243 413 640 
0 243 413 640 
0 244 413 640 
0 244 413 640 
0 244 414 640 
0 244 414 640 
0 244 414 640 
0 244 413 640 
0 244 413 640 
0 244 413 640 
0 244 414 640 
0 244 414 640 
0 244 414 640 
0 244 414 640 
0 244 414 640 
0 245 414 640 
0 245 415 640 
0 245 415 640 
0 245 415 640 
0 245 415 640 
0 245 415 640 
0 245 416 640 
0 245 416 640 
0 245 416 640 
0 245 416 640 
0 245 416 640 
0 246 416 640 
0 246 417 640 
0 246 417 640 
0 246 417 640 
0 246 417 640 
0 246 417 640 
0 246 417 640 
0 247 417 640 
0 247 418 640 
0 247 418 640 
0 247 418 640 
0 247 418 640 
0 247 418 640 
0 247 418 640 
0 247 419 640 
0 247 419 640 
0 247 379 380 419 640 
0 247 379 380 419 640 
0 247 379 380 419 640 
0 247 379 381 419 640 
0 247 379 381 419 640 
0 247 379 381 420 640 
0 247 379 382 420 640 
0 247 379 382 420 640 
0 247 379 382 420 640 
0 247 379 383 420 640 
0 247 379 383 420 640 
0 247 249 250 379 383 420 640 
0 247 249 250 379 384 421 640 
0 247 248 250 379 384 421 640 
0 250 379 384 421 640 
0 251 379 385 421 640 
0 251 379 385 422 640 
0 251 380 385 422 640 
0 251 380 385 422 640 
0 252 380 385 423 640 
0 252 380 385 424 640 
0 252 380 383 427 640 
0 252 427 640 
0 253 428 640 
0 253 428 640 
0 253 428 640 
0 253 428 640 
0 254 428 640 
0 254 428 640 
0 254 427 640 
0 255 427 640 
0 255 427 640 
0 255 427 640 
0 256 426 640 
0 256 426 640 
0 256 427 640 
0 256 427 640 
0 256 427 640 
0 256 427 640 
0 256 428 640 
0 257 428 640 
0 257 428 640 
0 256 428 640 
0 256 428 640 
0 231 429 640 
0 222 429 640 
0 216 429 640 
0 212 429 640 
0 208 429 640 
0 204 430 640 
0 200 430 640 
0 198 430 640 
0 196 430 640 
0 194 430 640 
0 190 431 640 
0 188 431 640 
0 186 431 640 
0 184 431 640 
0 183 431 640 
0 182 431 640 
0 182 432 640 
0 182 432 640 
0 182 432 640 
0 182 432 640 
0 182 432 640 
0 183 432 640 
