0 3 
0 3 
0 2 
0 2 
0 2 
0 2 
0 2 
0 3 
0 5 
0 6 
0 7 
0 8 
0 10 
0 12 
0 13 
0 14 
0 15 
0 16 
0 17 
0 17 
0 17 
0 17 
0 17 
0 17 
0 16 
0 16 
0 15 
0 15 
0 14 
0 14 
0 13 
0 13 
0 13 
0 12 
0 12 
0 11 
0 11 
0 10 
0 10 
0 9 
0 5 
0 5 
0 6 
0 7 
0 7 
0 8 
0 9 
0 10 
0 11 
0 11 
0 12 
0 13 
0 14 
0 14 
0 15 
0 16 
0 17 
0 17 
0 18 
0 19 
0 19 
0 20 26 27 
0 22 24 27 
0 27 
0 26 
0 26 393 395 
0 26 393 396 
0 26 385 386 388 391 394 397 
0 26 386 387 388 392 394 397 
0 27 382 385 386 393 394 398 
0 27 378 379 382 385 386 394 395 398 
0 27 383 394 395 398 
0 28 383 399 
0 28 384 399 403 404 
0 28 381 383 384 400 401 404 
0 29 382 383 385 405 
0 29 385 406 
0 30 386 407 
0 31 36 37 38 41 383 408 
0 43 380 408 
0 44 380 408 
0 45 383 409 
0 45 383 409 
0 45 383 411 
0 45 383 413 436 442 448 449 
0 44 383 417 435 452 
0 47 384 420 434 452 
0 50 384 424 433 453 
0 53 385 426 432 454 
0 53 386 429 431 455 
0 53 387 458 
0 53 387 459 
0 52 386 460 462 465 
0 53 386 466 
0 53 385 466 
0 53 384 467 
0 52 384 467 
0 51 383 467 
0 50 383 467 
0 49 383 467 
0 47 382 467 
0 46 381 467 
0 45 381 466 
0 43 380 464 
0 43 380 464 
0 42 379 464 
0 41 378 464 
0 40 378 463 
0 39 378 463 
0 38 377 463 
0 37 371 373 375 463 
0 36 371 463 
0 36 371 462 
0 35 371 462 
0 34 371 462 
0 34 371 462 
0 34 370 462 
0 35 372 463 
0 35 371 464 
0 35 365 464 
0 36 364 465 
0 36 363 466 
0 36 362 467 
0 37 362 468 
0 37 362 468 
0 37 363 469 
0 37 363 470 
0 37 363 472 
0 38 362 472 
0 38 360 470 
0 38 359 470 
0 39 358 471 
0 39 357 471 
0 39 357 472 
0 39 357 472 603 607 
0 39 357 472 602 608 
0 39 356 472 599 609 
0 40 356 472 598 599 600 610 
0 40 356 472 598 599 600 611 
0 40 358 472 599 613 
0 40 360 471 598 614 
0 40 362 471 595 596 597 617 
0 40 363 471 595 618 
0 40 364 470 525 527 595 619 
0 41 366 470 524 529 592 593 594 620 
0 41 367 470 524 531 536 540 591 621 
0 41 369 470 523 532 536 541 592 621 
0 41 370 470 523 543 589 590 591 622 
0 42 370 470 520 543 588 589 590 622 
0 42 371 468 517 545 589 622 
0 42 373 468 516 549 588 623 
0 42 373 467 514 550 585 623 
0 42 374 467 514 551 585 623 
0 42 374 467 514 551 583 623 
0 42 374 466 513 551 582 624 
0 42 374 466 513 553 580 624 
0 42 374 465 513 553 578 624 
0 43 374 465 513 553 576 624 
0 43 374 465 513 552 574 624 
0 43 374 465 513 552 570 624 
0 43 374 466 513 551 566 625 
0 43 374 461 463 466 513 551 562 625 
0 43 374 461 464 466 513 551 557 625 
0 43 374 460 513 554 555 625 
0 43 374 460 513 625 
0 43 374 460 513 625 
0 43 374 460 510 625 
0 43 374 460 504 625 
0 43 374 460 498 625 
0 42 374 460 493 625 
0 42 374 460 489 625 
0 42 374 460 487 625 
0 42 374 461 485 625 
0 42 374 461 483 625 
0 42 374 461 482 625 
0 41 374 462 477 625 
0 41 373 462 467 625 
0 41 373 625 
0 41 373 625 
0 40 373 625 
0 40 373 625 
0 40 373 625 
0 39 372 568 577 625 
0 39 40 41 372 495 509 569 581 625 
0 39 40 41 372 468 471 472 476 493 510 552 555 570 585 625 
0 38 372 461 462 466 476 492 510 552 557 570 587 624 
0 38 372 460 463 466 476 492 510 552 558 571 589 624 
0 38 371 457 465 467 476 491 510 552 557 571 591 624 
0 37 371 457 476 490 510 552 557 572 593 624 
0 37 371 453 454 458 476 490 510 552 557 572 595 624 
0 32 33 36 371 453 455 458 476 490 510 552 557 572 596 623 
0 32 33 36 370 453 456 458 476 490 504 552 557 572 598 623 
0 31 34 35 370 449 450 453 477 490 502 552 557 572 599 623 
0 31 370 450 477 490 500 552 556 572 600 623 
0 27 29 31 370 451 477 490 499 553 555 572 601 622 
0 19 23 27 369 452 478 490 497 553 554 573 603 622 
0 19 24 27 369 454 478 491 495 573 604 621 
0 19 368 456 479 492 494 572 605 621 
0 18 368 457 480 572 606 621 
0 18 368 459 480 572 606 620 
0 18 368 460 481 571 608 619 
0 18 368 466 482 570 609 619 
0 18 367 474 483 570 610 618 
0 18 367 569 611 616 
0 19 367 568 
0 19 367 567 
0 20 367 565 
0 21 367 374 375 564 
0 22 367 374 376 562 
0 23 366 374 376 559 
0 24 366 555 
0 24 366 555 
0 25 366 555 
0 26 366 556 
0 26 366 556 
0 27 367 557 
0 27 366 557 
0 28 366 557 
0 28 365 557 
0 29 366 557 
0 29 366 557 
0 30 367 558 
0 30 368 558 
0 30 369 558 
0 30 369 558 
0 31 370 557 
0 31 371 557 
0 31 372 557 
0 31 372 558 
0 31 372 558 
0 31 372 559 
0 31 372 559 
0 32 372 560 
0 31 373 561 
0 31 373 561 
0 31 374 562 
0 31 375 562 
0 31 375 563 
0 30 376 564 
0 30 377 564 
0 30 378 565 
0 29 379 566 
0 28 379 567 
0 28 380 567 
0 27 380 567 
0 27 381 567 
0 27 381 567 
0 26 381 567 
0 26 382 488 491 507 509 567 
0 26 382 488 512 567 
0 25 383 489 516 567 
0 25 384 489 518 567 
0 24 384 490 521 566 
0 24 386 490 525 565 
0 24 387 491 529 564 
0 23 388 491 532 563 
0 23 389 491 535 562 
0 22 390 492 539 561 
0 22 393 492 544 560 
0 22 396 492 549 558 
0 21 398 493 
0 21 399 492 
0 20 398 492 
0 20 399 492 
0 20 399 492 
0 19 399 492 
0 19 400 492 
0 19 400 492 
0 18 400 492 
0 18 400 492 
0 18 400 492 
0 18 401 492 
0 17 401 492 
0 17 401 492 
0 17 401 492 
0 17 401 492 
0 17 401 492 
0 16 402 492 
0 16 402 492 
0 16 402 492 
0 15 402 491 
0 15 402 491 
0 15 402 491 
0 15 403 491 
0 15 402 490 
0 15 402 490 
0 15 403 490 
0 15 403 490 
0 14 403 490 
0 14 403 490 
0 14 403 489 
0 14 403 489 
0 14 403 489 
0 14 402 489 
0 13 402 489 
0 13 401 488 
0 13 401 488 
0 13 401 488 
0 13 400 488 
0 13 400 487 
0 13 399 487 
0 13 399 487 
0 13 399 487 
0 13 398 486 
0 13 398 486 
0 13 397 486 
0 13 396 485 
0 13 396 485 
0 13 395 485 
0 13 395 485 
0 13 394 484 
0 13 394 484 
0 14 395 484 
0 14 397 483 
0 14 400 483 
0 15 402 483 
0 15 405 482 
0 15 407 482 
0 16 408 482 
0 16 408 481 
0 16 407 480 
0 16 406 479 
0 17 404 478 
0 17 403 477 
0 18 402 477 
0 18 402 477 
0 18 401 477 
0 18 402 477 
0 19 402 477 
0 19 403 478 
0 20 403 478 
0 20 402 478 
0 20 401 478 
0 21 400 479 
0 21 400 479 
0 22 399 480 
0 22 398 480 
0 22 398 480 
0 23 397 481 
0 23 396 482 
0 23 396 482 
0 23 395 483 
0 23 395 483 
0 22 394 484 
0 21 393 484 
0 17 393 485 
0 13 393 485 
0 8 392 486 
0 7 391 486 
0 6 391 487 
0 6 391 487 
0 6 391 488 
0 6 390 488 
0 7 390 489 
0 8 389 489 
0 10 389 489 
0 12 389 490 
0 13 388 490 
0 14 388 490 
0 14 388 491 
0 14 387 491 
0 14 387 491 
0 14 387 492 
0 14 387 492 
0 14 387 492 
0 14 386 493 
0 15 386 493 
0 17 386 493 
0 18 386 493 
0 19 385 494 
0 21 385 494 
0 22 385 494 
0 23 385 495 
0 25 385 495 
0 26 385 495 
0 27 384 495 
0 28 384 495 
0 29 384 496 
0 30 384 496 
0 31 384 496 
0 33 383 497 
0 33 383 497 
0 34 383 497 
0 35 383 497 
0 35 383 497 
0 36 383 498 
0 37 382 498 
0 38 382 498 
0 38 382 498 
0 39 382 498 
0 40 382 499 
0 40 382 499 
0 41 381 499 
0 41 381 499 
0 42 381 499 
0 42 381 500 
0 43 381 500 
0 43 381 500 
0 44 380 500 
0 44 380 501 
0 45 380 501 
0 45 380 501 
0 45 380 502 
0 46 380 502 
0 46 380 502 
0 47 380 502 
0 47 379 502 
0 47 379 503 
0 48 379 503 
0 48 379 503 
0 48 378 503 
0 49 378 503 
0 49 378 504 
0 50 378 504 
0 50 378 504 
0 50 377 504 
0 51 377 505 
0 51 377 505 
0 51 377 505 
0 52 376 505 
0 52 376 506 
0 52 376 506 
0 53 376 506 
0 53 376 507 
0 53 375 507 
0 54 375 507 
0 54 375 507 
0 55 375 507 
0 55 375 508 
0 55 374 508 
0 56 374 508 
0 56 374 509 
0 56 374 509 
0 57 373 509 
0 57 373 509 
0 58 373 509 
0 58 373 510 
0 58 372 510 
0 59 372 510 
0 59 372 510 
0 60 372 511 
0 60 371 511 
0 60 371 511 
0 61 371 512 
0 61 371 512 
0 62 370 512 
0 62 370 512 
0 62 370 513 
0 63 370 513 
0 63 370 513 
0 64 369 513 
0 64 369 513 
0 65 369 514 
0 65 369 514 
0 66 368 514 
0 66 368 515 
0 67 368 515 
0 67 368 515 
0 67 367 515 
0 68 367 516 
0 68 367 516 
0 69 367 517 
0 69 367 517 
0 70 366 517 
0 70 366 517 
0 71 366 518 
0 71 366 518 
0 72 366 518 
0 72 366 519 
0 73 365 519 
0 73 365 519 
0 74 365 520 
0 74 365 520 
0 75 365 521 
0 75 365 521 
0 76 365 522 
0 76 364 522 
0 77 364 523 
0 77 364 524 
0 78 364 524 
