


















































































































































































































































574 602 603 608 609 610 
569 616 
15 63 561 626 
7 72 554 634 
2 82 549 640 
1 89 545 640 
2 91 541 640 
5 96 537 637 
8 101 533 634 
13 105 529 629 
20 109 526 620 
27 112 524 612 
34 116 520 602 
40 120 517 596 
46 124 514 582 
54 128 511 570 
61 132 509 560 
68 135 506 552 
74 139 504 546 
80 144 501 540 
86 148 498 535 
92 151 495 531 
97 155 493 526 
102 159 490 522 
107 163 487 519 
112 166 484 515 
117 169 482 512 
123 174 480 508 
128 177 476 504 
133 182 473 501 
137 185 471 498 
142 188 469 495 
148 191 465 491 
152 195 462 488 
158 199 459 485 
163 202 456 482 
166 205 454 479 
173 208 450 475 
177 212 447 471 
181 216 444 468 
186 219 441 464 
189 222 438 462 
194 226 434 458 
198 230 431 453 
203 234 428 449 
207 237 424 446 
210 241 421 442 
215 245 417 437 
220 249 413 433 
224 254 409 430 
229 258 405 425 
233 261 401 420 
241 266 396 416 
246 271 391 410 
252 276 387 406 
257 281 380 399 
265 287 374 394 
274 295 366 385 
284 304 356 376 
296 366 
308 353 
















































































































































































