0 640 
0 640 
0 640 
0 640 
0 640 
0 640 
0 640 
0 640 
0 640 
0 640 
0 640 
0 640 
0 640 
0 640 
0 640 
0 640 
0 640 
0 640 
0 640 
0 640 
0 640 
0 640 
0 640 
0 640 
0 640 
0 640 
0 640 
0 640 
0 640 
0 640 
0 640 
0 640 
0 640 
0 640 
0 640 
0 640 
0 640 
0 463 483 640 
0 461 485 640 
0 460 486 640 
0 458 488 640 
0 457 489 640 
0 456 490 640 
0 455 490 640 
0 454 491 640 
0 453 492 640 
0 452 492 640 
0 452 493 640 
0 451 494 640 
0 450 494 640 
0 449 495 640 
0 449 495 640 
0 448 495 640 
0 447 495 640 
0 447 495 640 
0 446 494 640 
0 445 494 640 
0 445 493 640 
0 445 490 640 
0 444 490 640 
0 443 491 640 
0 443 491 640 
0 442 491 640 
0 442 491 640 
0 441 492 640 
0 441 492 640 
0 440 492 640 
0 440 492 640 
0 440 493 640 
0 439 493 640 
0 439 493 640 
0 438 494 640 
0 438 494 640 
0 437 494 640 
0 437 495 640 
0 437 495 640 
0 436 495 640 
0 436 496 640 
0 436 496 640 
0 436 496 640 
0 435 497 640 
0 434 497 640 
0 434 497 640 
0 431 498 640 
0 429 498 640 
0 427 498 640 
0 426 499 640 
0 424 499 640 
0 423 500 640 
0 404 405 422 500 640 
0 404 408 421 504 640 
0 405 410 420 508 640 
0 405 413 420 514 640 
0 406 416 419 520 640 
0 408 527 640 
0 409 533 640 
0 409 537 640 
0 408 545 640 
0 405 550 640 
0 403 553 640 
0 400 554 640 
0 398 555 640 
0 396 555 640 
0 394 555 640 
0 393 555 640 
0 391 555 640 
0 389 555 640 
0 388 554 640 
0 386 553 640 
0 385 552 640 
0 384 552 640 
0 383 551 640 
0 382 549 640 
0 382 548 640 
0 382 547 640 
0 386 547 640 
0 387 546 640 
0 387 545 640 
0 391 545 640 
0 390 540 542 544 640 
0 390 414 416 539 640 
0 390 411 417 420 426 539 640 
0 389 409 427 539 640 
0 392 396 428 538 640 
0 428 537 640 
0 430 537 640 
0 430 538 640 
0 430 539 640 
0 431 540 640 
0 432 542 640 
0 432 543 640 
0 432 545 640 
0 432 546 640 
0 432 547 640 
0 432 549 640 
0 433 550 640 
0 433 538 540 551 640 
0 433 539 550 552 640 
0 433 530 640 
0 433 530 640 
0 433 530 640 
0 433 528 640 
0 433 528 640 
0 433 529 640 
0 433 532 640 
0 433 534 640 
0 433 533 640 
0 433 517 519 528 640 
0 433 518 523 524 640 
0 433 520 640 
0 433 521 640 
0 431 522 640 
0 427 524 640 
0 420 519 521 524 640 
0 416 519 640 
0 414 519 640 
0 413 521 640 
0 412 509 510 514 517 522 640 
0 411 509 511 514 519 524 640 
0 411 509 511 515 522 526 640 
0 401 509 512 515 640 
0 400 509 513 515 640 
0 399 509 640 
0 397 509 640 
0 396 508 640 
0 395 505 506 508 640 
0 394 505 507 508 640 
0 393 506 507 508 640 
0 391 506 640 
0 390 506 640 
0 390 506 640 
0 389 506 640 
0 389 506 640 
0 388 506 640 
0 388 506 640 
0 388 506 560 562 640 
0 387 506 554 563 640 
0 387 506 550 562 640 
0 386 506 547 562 640 
0 385 506 544 562 640 
0 385 506 542 562 640 
0 384 506 539 562 640 
0 383 506 537 562 640 
0 382 506 535 562 640 
0 381 506 533 562 640 
0 381 506 530 561 640 
0 381 506 528 561 640 
0 381 421 424 432 435 506 526 561 640 
0 381 419 436 506 525 561 640 
0 381 418 436 506 523 561 640 
0 382 403 405 417 436 505 521 561 640 
0 382 401 405 417 436 505 519 560 640 
0 383 399 405 416 437 504 517 560 640 
0 383 397 405 416 437 503 515 560 640 
0 384 396 405 416 437 503 514 560 640 
0 386 393 405 416 437 502 512 560 599 615 640 
0 388 391 405 415 438 502 511 563 581 617 640 
0 405 415 438 502 509 566 568 623 640 
0 405 414 439 503 508 630 634 
0 406 414 439 503 507 
0 406 414 439 
0 406 414 440 
0 406 414 440 638 640 
0 406 414 440 638 640 
0 406 414 440 
0 406 414 441 
0 406 414 441 
0 405 415 441 
0 405 415 442 
0 404 416 442 
0 405 416 443 
0 406 415 443 
0 443 
0 444 
0 444 
0 444 
0 445 
0 445 
0 445 
0 445 
0 445 
0 446 
0 446 
0 446 
0 446 
0 446 
0 447 
0 447 
0 447 
0 447 
0 448 
0 449 
0 449 
0 450 
0 451 
0 450 
0 450 
0 449 
0 449 
0 448 
0 447 
0 447 
0 446 
0 446 
0 445 
0 445 
0 445 
0 445 
0 445 
0 444 
0 444 
0 444 
0 444 
0 444 
0 443 
0 443 
0 443 
0 443 
0 443 
0 442 
0 440 
0 438 
0 435 
0 434 
0 431 
0 429 
0 427 
0 426 
0 424 
0 422 
0 421 
0 420 
0 419 
0 417 
0 416 
0 415 
0 414 
0 413 
0 412 
0 411 
0 410 434 436 
0 410 432 436 
0 410 431 435 
0 409 429 435 
0 408 427 434 
0 408 425 433 
0 407 424 433 
0 407 423 431 
0 406 422 430 
0 406 421 429 
0 406 419 429 
0 405 419 428 
0 405 418 427 
0 404 418 426 
0 399 418 425 
0 395 
0 394 
0 393 
0 393 
0 393 
0 393 
0 393 
0 394 
0 394 
0 394 
0 394 
0 395 
0 395 
0 396 
0 397 
0 398 
0 399 
0 401 
0 403 
0 403 
0 403 
0 402 409 410 
0 402 409 410 
0 402 
0 401 
0 401 487 491 
0 401 486 493 
0 401 486 494 
0 401 486 495 
0 402 409 410 486 496 
0 403 408 410 485 497 
0 404 408 410 485 498 
0 406 407 411 485 500 
0 413 484 501 
0 415 484 502 
0 417 484 505 
0 419 431 436 483 506 
0 422 430 440 483 506 
0 423 429 442 483 507 
0 424 429 453 482 507 
0 425 430 452 482 508 
0 425 430 449 482 508 
0 426 431 448 482 508 
0 426 431 448 481 508 
0 427 432 447 481 509 
0 427 432 447 481 509 
0 428 432 447 480 510 
0 429 431 448 480 510 541 545 
0 429 431 448 480 510 542 546 
0 429 431 448 479 510 543 546 
0 430 431 449 479 510 543 547 
0 449 479 511 544 547 
0 450 478 511 543 547 552 554 
0 449 478 511 543 547 553 555 587 588 
0 449 478 511 544 548 553 555 588 589 604 607 
0 449 478 512 545 548 553 555 561 563 589 591 604 610 
0 449 477 512 545 548 554 555 561 567 605 612 
0 448 477 512 545 548 554 556 561 572 608 612 620 622 
0 448 477 512 545 549 554 556 562 574 610 612 620 623 
0 448 477 512 546 549 554 556 562 575 620 625 
0 448 477 512 546 549 554 556 562 577 620 626 
0 448 476 512 546 550 554 556 563 578 621 628 
0 448 476 513 547 550 555 556 563 579 621 630 
0 448 476 513 547 550 555 557 563 581 621 631 
0 448 475 513 547 550 555 557 564 582 623 633 
0 448 475 513 547 550 555 557 564 583 589 590 625 635 
0 448 475 513 547 551 555 558 565 584 591 595 627 636 
0 448 474 513 547 551 555 558 564 586 592 596 628 638 
0 449 474 514 547 551 556 558 565 587 593 598 626 640 
0 449 474 514 547 551 556 558 565 589 595 599 622 624 625 640 
0 450 474 514 547 552 556 559 562 590 596 600 622 640 
0 450 473 514 547 552 556 559 562 592 598 602 621 640 
0 450 473 514 547 552 556 559 562 594 599 603 621 640 
0 451 473 514 547 553 557 560 563 596 601 604 622 640 
0 451 473 514 547 553 557 561 563 598 602 605 622 640 
0 452 472 514 547 553 557 600 602 606 623 640 
0 453 472 514 546 553 557 608 624 640 
0 453 472 515 546 553 557 610 624 640 
0 454 472 515 545 554 557 611 624 640 
0 454 471 516 545 554 558 612 625 640 
0 455 471 517 544 554 558 612 625 640 
0 456 470 517 544 554 558 612 621 623 625 640 
0 457 469 518 543 554 558 612 621 623 626 640 
0 459 469 519 542 555 558 612 621 623 627 640 
0 460 468 519 542 555 559 612 621 624 627 640 
0 462 466 520 540 555 559 611 620 625 628 640 
0 522 539 555 559 611 615 616 620 626 629 640 
0 524 537 555 558 612 615 616 620 627 630 640 
0 556 558 613 615 617 620 628 630 640 
0 556 558 613 615 617 620 640 
0 557 558 613 614 616 620 640 
0 557 558 612 614 616 619 640 
0 612 614 615 619 640 
0 612 613 615 619 640 
0 615 619 640 
0 615 619 640 
0 615 618 640 
0 615 618 640 
0 615 618 640 
0 615 618 640 
0 615 618 640 
0 615 617 640 
0 615 617 640 
0 615 617 640 
0 615 617 640 
0 615 617 640 
0 640 
0 640 
0 640 
0 640 
0 640 
0 640 
0 640 
0 640 
0 640 
0 640 
0 640 
0 640 
0 640 
0 640 
0 640 
0 640 
0 640 
0 640 
0 640 
0 640 
0 640 
0 640 
0 640 
0 640 
0 640 
0 640 
0 640 
0 640 
0 640 
0 640 
0 640 
0 640 
0 640 
0 640 
0 640 
0 640 
0 640 
0 640 
0 640 
0 640 
0 640 
0 640 
0 640 
0 640 
0 640 
0 640 
0 640 
0 640 
0 640 
0 640 
0 640 
0 640 
0 640 
0 640 
0 640 
0 640 
0 640 
0 640 
0 640 
0 640 
0 640 
0 640 
0 640 
0 640 
0 640 
0 640 
0 640 
0 640 
0 640 
0 640 
0 640 
0 640 
0 640 
0 640 
0 640 
0 640 
0 640 
0 640 
0 640 
