0 640 
0 640 
0 640 
0 640 
0 640 
0 640 
0 640 
0 640 
0 640 
0 640 
0 640 
0 640 
0 640 
0 640 
0 640 
0 640 
0 640 
0 640 
0 640 
0 640 
0 640 
0 640 
0 640 
0 640 
0 390 416 640 
0 384 426 640 
0 380 431 640 
0 377 435 640 
0 374 440 640 
0 371 443 640 
0 369 446 640 
0 367 448 640 
0 365 451 640 
0 363 453 640 
0 361 455 640 
0 360 457 640 
0 358 459 640 
0 357 460 640 
0 355 462 640 
0 354 464 640 
0 352 465 640 
0 351 466 640 
0 350 468 640 
0 348 469 640 
0 347 471 640 
0 346 472 640 
0 345 473 640 
0 344 474 640 
0 343 476 640 
0 342 477 640 
0 341 478 640 
0 339 479 640 
0 338 480 640 
0 338 481 640 
0 337 482 640 
0 336 483 640 
0 335 484 640 
0 334 485 640 
0 333 486 640 
0 332 486 640 
0 331 487 640 
0 331 488 640 
0 330 489 640 
0 329 490 640 
0 329 490 640 
0 328 491 640 
0 327 492 640 
0 327 492 640 
0 326 493 640 
0 325 493 640 
0 325 494 640 
0 324 495 640 
0 324 495 640 
0 323 495 640 
0 323 496 640 
0 322 496 640 
0 322 497 640 
0 321 497 640 
0 321 497 640 
0 321 497 640 
0 320 498 640 
0 320 498 640 
0 320 498 640 
0 319 498 640 
0 319 498 640 
0 319 498 640 
0 319 498 640 
0 318 498 640 
0 318 498 640 
0 318 498 640 
0 318 498 640 
0 318 498 640 
0 317 498 640 
0 317 498 640 
0 317 498 640 
0 315 498 640 
0 312 498 640 
0 309 498 640 
0 307 498 640 
0 305 498 640 
0 302 499 640 
0 300 498 640 
0 298 498 640 
0 296 498 640 
0 294 498 640 
0 293 498 640 
0 292 497 640 
0 290 497 640 
0 290 497 640 
0 290 497 640 
0 290 497 640 
0 291 497 640 
0 292 496 640 
0 293 496 640 
0 294 496 640 
0 294 496 640 
0 296 496 640 
0 296 496 640 
0 297 496 640 
0 298 496 640 
0 298 497 640 
0 299 497 640 
0 300 498 640 
0 301 499 640 
0 301 499 640 
0 302 500 640 
0 302 501 640 
0 301 502 640 
0 300 503 640 
0 299 503 640 
0 298 504 640 
0 298 505 640 
0 296 506 640 
0 295 507 640 
0 294 508 640 
0 292 509 640 
0 291 510 640 
0 289 511 640 
0 288 512 640 
0 287 513 640 
0 286 514 640 
0 284 515 640 
0 283 517 640 
0 282 519 640 
0 281 521 640 
0 280 525 640 
0 280 527 640 
0 280 528 640 
0 279 528 640 
0 278 529 640 
0 278 529 640 
0 278 529 640 
0 278 530 640 
0 279 505 520 529 640 
0 279 503 521 529 640 
0 279 504 522 528 640 
0 279 505 523 528 640 
0 279 286 288 505 525 527 640 
0 280 285 289 506 640 
0 280 284 290 312 314 507 640 
0 290 311 313 508 640 
0 291 310 313 316 317 501 504 509 640 
0 293 307 313 315 318 501 508 509 640 
0 294 305 313 315 318 502 640 
0 295 304 313 314 318 502 640 
0 298 301 319 503 640 
0 319 504 640 
0 319 505 640 
0 320 506 640 
0 320 507 640 
0 321 509 640 
0 321 494 496 509 640 
0 322 325 327 495 501 509 640 
0 323 326 328 495 502 508 640 
0 324 326 328 496 505 509 640 
0 324 326 329 497 508 509 640 
0 325 327 329 498 640 
0 325 327 329 499 640 
0 326 500 640 
0 327 500 640 
0 328 496 500 501 640 
0 159 160 328 496 640 
0 154 162 328 491 494 495 640 
0 151 163 327 491 640 
0 148 165 327 481 484 492 640 
0 146 166 327 481 488 493 640 
0 144 166 327 482 491 493 640 
0 142 167 326 482 640 
0 140 168 326 482 640 
0 138 169 326 483 640 
0 136 170 326 483 640 
0 134 171 325 483 640 
0 132 171 325 483 640 
0 130 173 325 484 640 
0 128 174 325 484 640 
0 126 175 324 469 470 484 640 
0 124 176 324 470 472 485 640 
0 122 177 323 470 474 485 640 
0 120 178 323 470 477 485 640 
0 117 179 323 442 443 470 479 485 640 
0 115 180 323 328 329 442 444 453 455 470 480 486 640 
0 113 181 322 328 329 442 444 453 456 470 482 486 640 
0 111 151 155 182 322 327 329 442 445 453 458 470 484 486 640 
0 108 150 157 183 322 327 328 442 445 449 450 453 460 471 640 
0 105 148 158 183 321 326 328 442 446 449 451 454 461 471 640 
0 103 146 159 185 321 325 327 442 446 449 452 454 462 471 640 
0 101 144 159 186 321 325 327 443 447 449 463 471 640 
0 98 142 160 188 320 324 325 442 447 450 464 472 640 
0 95 141 161 189 320 324 325 408 410 443 448 450 465 472 640 
0 92 139 162 190 319 407 410 443 449 450 466 472 640 
0 89 137 163 191 319 366 369 405 410 443 467 472 640 
0 86 136 164 192 318 365 368 404 409 443 468 473 640 
0 83 134 164 193 317 364 367 403 409 443 471 473 640 
0 79 132 165 194 316 363 367 401 409 443 472 473 640 
0 76 131 166 195 316 362 367 371 373 400 409 444 640 
0 72 130 167 196 316 361 366 371 373 399 402 406 409 447 451 452 640 
0 69 130 168 197 315 360 366 370 373 376 379 398 400 407 408 452 640 
0 65 131 169 198 315 319 322 359 366 369 372 375 380 398 400 452 640 
0 61 132 170 199 315 317 321 358 365 368 372 374 381 398 400 452 640 
0 56 133 171 200 314 316 320 325 328 357 365 367 372 374 382 398 401 451 640 
0 51 133 172 201 314 315 319 324 328 356 365 366 371 373 383 392 393 398 401 451 640 
0 48 134 173 202 313 315 318 319 327 356 365 366 383 390 393 397 401 451 640 
0 42 133 174 203 314 315 326 355 394 397 402 450 640 
0 36 133 175 204 325 354 394 397 402 450 640 
0 27 113 116 133 176 205 324 353 394 396 402 449 640 
0 20 110 117 132 177 206 323 352 395 396 402 449 640 
0 14 109 117 131 178 206 322 351 403 449 640 
0 1 3 9 107 117 131 179 208 321 350 403 449 640 
104 115 132 180 209 320 336 338 349 403 450 640 
102 114 132 181 210 320 335 337 348 402 451 640 
99 112 133 182 211 320 323 325 332 336 347 402 453 640 
97 111 134 184 212 320 322 325 329 335 338 339 346 400 454 640 
93 110 135 184 213 325 328 334 337 338 345 399 456 640 
91 109 136 184 214 325 327 333 336 337 343 397 458 640 
88 108 137 183 215 332 334 336 342 394 460 640 
85 108 137 182 216 331 333 334 341 392 463 640 
82 107 137 182 216 330 340 390 465 640 
78 106 138 181 217 329 339 387 468 640 
74 106 138 181 218 327 338 385 470 640 
70 105 138 181 219 325 336 382 473 640 
65 105 138 181 220 324 327 330 332 380 475 640 
32 44 63 104 139 180 221 324 325 330 333 378 477 640 
24 44 63 103 139 179 222 328 329 376 479 640 
15 44 62 103 139 177 198 201 223 374 481 640 
9 45 62 102 139 175 198 202 223 373 482 640 
0 45 62 101 140 174 199 203 224 371 484 640 
0 45 61 101 140 173 200 204 225 370 485 640 
0 44 60 100 140 172 200 206 226 368 486 640 
0 43 60 99 140 172 201 207 227 366 488 640 
0 40 60 99 140 171 202 208 228 365 489 640 
0 39 61 98 141 171 202 209 229 364 490 640 
0 38 62 97 141 170 202 210 229 363 491 640 
0 37 62 97 141 170 202 211 230 361 491 640 
0 36 64 97 141 169 203 212 231 360 492 640 
0 35 64 97 141 169 203 213 232 359 492 640 
0 35 65 97 142 168 203 214 233 358 493 640 
0 34 65 97 142 167 203 215 234 357 493 640 
0 33 66 97 142 167 203 216 234 356 494 640 
0 32 66 97 142 166 204 217 235 355 494 640 
0 32 66 96 142 166 204 218 236 354 495 640 
0 31 66 97 143 165 204 219 237 354 495 640 
0 30 67 97 142 165 204 219 238 353 496 640 
0 30 67 97 142 164 204 220 239 352 496 640 
0 29 67 97 142 164 205 221 240 351 497 640 
0 28 67 97 141 163 205 222 240 350 497 640 
0 28 67 97 141 162 205 222 241 350 498 640 
0 27 67 97 140 162 205 223 242 349 498 640 
0 26 67 97 140 161 205 224 243 349 499 640 
0 26 68 97 139 161 205 225 244 348 499 640 
0 25 68 97 139 161 206 225 245 348 500 640 
0 24 68 97 138 161 206 226 246 347 500 640 
0 24 68 97 138 161 206 227 247 346 501 640 
0 23 68 97 137 161 206 228 248 346 501 640 
0 23 68 97 137 161 207 228 249 345 502 640 
0 23 68 97 137 161 206 229 250 344 502 637 
0 23 69 97 136 162 206 230 251 344 503 635 
0 23 69 97 136 162 206 230 252 343 503 634 
0 23 69 97 135 162 205 231 253 343 504 632 
0 23 70 97 135 162 205 232 254 342 504 630 
0 23 70 97 135 162 204 232 255 342 505 627 
0 23 70 97 134 162 204 233 256 341 505 624 
0 23 69 97 133 162 203 234 257 340 505 622 
0 23 69 97 133 162 203 234 258 340 506 619 
0 23 68 97 133 162 203 235 259 339 506 615 
0 23 68 97 132 162 202 236 261 339 507 566 571 610 
0 23 67 97 132 162 202 237 262 338 507 562 579 601 
0 23 67 98 131 162 201 237 263 338 508 559 
0 23 67 97 131 162 201 238 265 337 508 556 
0 23 66 98 131 162 201 238 266 336 508 550 
0 23 65 98 130 162 200 237 268 336 509 541 
0 23 65 98 130 162 200 237 270 335 514 519 
0 23 64 98 129 163 199 237 271 335 
0 23 64 98 129 163 199 237 273 334 630 637 
0 23 63 98 128 163 199 237 275 334 624 637 
0 23 63 98 128 163 198 237 278 334 619 636 
0 23 62 98 127 163 198 236 280 333 614 635 
0 23 62 98 127 163 197 236 283 333 609 635 
0 23 61 98 126 163 197 234 286 332 605 634 
0 23 61 98 126 163 197 232 290 332 601 634 
0 23 61 98 125 163 196 230 295 331 600 633 
0 23 60 98 125 163 196 229 302 330 599 633 
0 23 60 98 124 163 195 228 254 255 310 326 598 632 
0 23 59 98 124 163 195 227 254 259 598 632 
0 23 58 98 123 163 195 227 254 264 576 583 597 631 
0 23 58 98 123 163 194 226 256 267 568 583 596 630 
0 23 57 98 123 163 194 226 256 271 511 513 529 534 549 582 597 630 
0 23 57 98 122 163 193 225 257 275 510 513 530 581 598 630 
0 23 56 98 122 164 193 225 257 280 509 513 530 579 599 629 
0 23 56 98 121 164 192 224 257 282 508 513 530 578 600 629 
0 23 55 98 121 164 192 224 257 285 506 513 530 577 601 628 
0 23 55 98 120 164 192 223 257 288 504 513 530 576 602 628 
0 23 54 98 120 164 191 223 257 291 503 513 530 575 602 627 
0 23 54 98 120 164 191 222 258 293 503 512 530 575 603 626 
0 23 53 98 119 164 190 222 258 294 503 510 530 575 603 626 
0 23 53 98 119 164 190 221 258 294 504 509 531 574 604 625 
0 23 52 99 118 164 190 220 258 294 504 508 532 574 604 626 
0 23 52 99 118 164 189 220 259 295 505 507 533 573 605 626 
0 23 52 99 117 164 189 219 259 295 505 506 533 573 605 626 
0 23 51 99 117 164 188 219 259 295 534 572 605 626 
0 23 50 99 117 164 188 218 259 295 310 313 336 339 534 571 606 626 
0 23 50 99 116 164 187 218 260 293 310 316 324 339 535 571 606 626 
0 23 50 99 115 164 187 217 260 291 310 338 535 570 606 627 
0 23 49 99 115 165 187 217 260 290 311 338 535 570 607 627 
0 23 48 99 115 165 186 217 260 289 313 337 536 569 607 627 
0 23 48 99 114 165 186 217 261 288 313 337 536 569 607 627 
0 23 47 99 114 165 186 217 261 288 314 336 536 568 607 627 
0 23 47 99 113 165 185 217 261 287 315 335 537 568 608 628 
0 23 47 99 113 165 185 217 261 287 316 335 537 567 608 628 
0 23 46 99 112 165 184 217 261 286 316 334 537 567 608 628 
0 23 46 99 112 165 184 217 261 285 316 333 537 567 609 628 
0 23 45 99 111 165 183 217 261 285 317 332 538 566 609 628 
0 23 44 99 111 165 183 217 261 284 317 331 538 566 610 628 
0 23 44 99 110 165 183 217 261 284 317 330 538 566 610 629 
0 23 43 100 110 165 182 217 260 283 317 328 539 566 611 629 
0 23 43 100 110 165 182 217 259 283 317 328 539 566 611 629 
0 23 42 100 109 165 181 217 259 282 318 329 332 335 540 567 611 629 
0 23 42 100 109 165 181 217 259 281 318 338 540 567 611 629 
0 23 42 100 108 165 181 217 258 281 318 339 540 567 610 629 
0 23 41 100 108 166 180 217 258 280 318 339 541 567 610 629 
0 23 41 100 108 166 180 218 257 280 318 339 541 567 610 630 
0 23 40 100 107 166 179 218 257 279 319 339 541 567 610 630 
0 23 39 100 106 166 179 218 257 279 319 338 541 568 609 630 
0 23 39 100 106 166 178 218 256 278 319 338 541 568 609 630 
0 23 38 100 105 166 178 218 256 278 319 338 541 568 609 630 
0 23 38 101 104 166 178 218 256 277 320 338 541 568 608 630 
0 23 37 101 103 166 177 218 255 277 320 338 540 568 608 631 
0 23 37 166 177 218 255 277 320 337 540 568 607 631 
0 23 36 166 177 218 255 277 321 337 540 568 607 631 
0 23 36 166 176 218 254 277 321 337 539 569 607 631 
0 23 35 166 176 218 254 277 321 337 539 569 607 632 
0 23 35 166 175 219 253 277 321 337 538 569 606 632 
0 23 35 166 175 219 253 277 321 337 538 569 606 632 
0 23 34 167 175 219 252 277 321 336 538 569 606 632 
0 23 33 167 174 219 252 277 321 336 538 569 605 632 
0 23 33 167 174 219 252 277 321 336 537 570 605 632 
0 23 32 167 173 219 251 277 321 336 537 570 605 633 
0 23 32 167 172 219 251 278 320 336 537 570 604 633 
0 23 31 167 172 219 251 278 320 335 536 570 604 633 
0 23 31 168 171 219 250 278 319 335 536 570 604 633 
0 23 30 168 171 219 250 278 319 335 536 570 603 633 
0 23 30 220 250 278 318 335 535 571 603 633 
0 23 29 220 249 278 318 335 535 571 603 634 
0 23 28 220 249 278 317 334 535 571 602 634 
0 24 27 220 248 278 317 334 535 571 602 634 
0 24 27 220 248 278 317 334 534 572 602 634 
0 220 247 278 316 334 534 572 602 634 
0 220 247 279 316 334 533 572 601 634 
0 220 247 279 316 334 533 572 601 635 
0 220 246 279 315 334 533 572 601 635 
0 220 246 279 315 333 533 572 600 635 
0 220 246 279 315 333 532 573 600 635 
0 220 245 279 314 333 532 573 600 635 
0 221 245 279 314 333 532 573 599 636 
0 221 245 279 313 333 531 573 599 636 
0 221 244 279 313 333 531 573 598 636 
0 221 244 279 312 332 531 573 598 636 
0 221 243 280 312 332 530 573 598 636 
0 221 243 280 312 332 530 574 598 637 
0 221 242 280 311 332 530 574 597 637 
0 221 242 280 311 332 529 574 597 637 
0 221 242 280 311 332 529 574 597 637 
0 221 241 280 310 332 528 574 596 637 
0 222 241 280 310 332 528 574 596 637 
0 222 241 280 310 331 528 575 596 637 
0 222 240 280 309 331 528 575 596 638 
0 222 240 280 309 331 527 575 595 638 
0 222 239 281 308 331 527 575 595 638 
0 222 239 281 308 330 527 575 595 638 
0 222 239 281 307 330 527 575 594 638 
0 222 238 281 307 330 526 576 594 638 
0 222 238 281 307 330 526 576 594 639 
0 222 238 281 306 330 526 576 593 639 
0 222 237 281 306 330 525 576 593 639 
0 223 237 281 306 330 525 577 593 639 
0 223 236 281 305 330 525 577 592 639 
0 223 236 282 305 330 524 577 592 640 
0 223 236 282 305 329 524 577 592 640 
0 223 235 282 304 329 523 577 591 640 
0 223 235 282 304 329 506 507 523 577 591 640 
0 223 235 282 303 329 506 507 523 577 591 640 
0 223 234 282 303 329 506 507 523 578 590 640 
0 223 234 282 302 329 506 508 522 578 590 640 
0 223 233 282 302 329 506 508 522 578 590 640 
0 224 233 282 302 329 506 508 522 578 589 640 
0 224 232 282 301 328 506 508 521 578 589 640 
0 224 232 283 301 328 506 508 521 578 589 640 
0 224 232 283 301 328 506 508 521 579 588 640 
0 224 231 283 300 328 507 508 521 579 588 640 
0 224 231 283 300 328 507 509 520 579 588 640 
0 224 231 283 299 328 507 509 520 579 587 640 
0 224 230 283 299 328 507 509 519 579 587 640 
0 225 229 283 299 328 507 509 519 579 587 640 
0 225 229 283 298 327 507 509 519 580 586 640 
0 225 228 283 298 327 507 509 518 580 586 640 
0 226 227 284 297 327 507 510 518 580 586 640 
0 284 297 327 507 510 518 580 585 640 
0 284 297 327 507 510 517 581 585 640 
0 284 296 327 508 510 517 581 584 640 
0 284 296 326 508 510 517 582 583 640 
0 284 296 326 508 510 517 640 
0 284 295 326 508 510 516 640 
0 284 295 326 508 511 516 640 
0 284 294 325 508 511 515 640 
0 284 294 325 509 512 515 640 
0 285 294 325 509 512 514 640 
0 285 293 325 509 640 
0 285 293 324 509 640 
0 285 292 324 509 640 
0 285 292 324 509 640 
0 285 292 323 509 640 
0 285 291 323 509 640 
0 285 291 323 509 640 
0 286 290 322 509 640 
0 286 289 322 509 640 
0 287 288 321 509 640 
0 321 509 640 
0 320 509 640 
0 320 509 640 
0 320 509 640 
0 319 509 640 
0 319 509 640 
0 319 359 360 509 640 
0 318 358 360 509 640 
0 318 358 360 509 640 
0 318 358 359 509 640 
0 318 509 640 
0 317 509 640 
0 317 509 640 
0 317 509 640 
0 316 509 640 
0 316 509 640 
0 316 509 640 
0 316 509 640 
0 315 509 640 
0 315 509 640 
0 315 509 640 
0 315 509 640 
0 314 509 640 
0 314 508 640 
0 314 508 640 
0 314 508 640 
0 313 508 640 
0 313 508 640 
0 313 508 640 
0 313 508 640 
0 313 508 640 
0 313 508 640 
0 312 508 640 
0 312 508 640 
0 312 508 640 
0 312 507 640 
0 312 507 640 
0 311 507 640 
0 311 507 640 
0 311 507 640 
0 310 507 640 
0 310 507 640 
0 310 507 640 
0 310 507 640 
0 310 507 640 
