0 271 365 640 
0 271 365 640 
0 271 365 640 
0 271 366 640 
0 271 366 640 
0 271 366 640 
0 271 366 640 
0 270 366 640 
0 270 366 640 
0 270 366 640 
0 270 366 640 
0 270 366 640 
0 270 366 640 
0 270 366 640 
0 270 366 640 
0 270 366 640 
0 270 366 640 
0 270 366 640 
0 270 366 640 
0 270 366 640 
0 270 366 640 
0 270 366 640 
0 271 366 640 
0 271 365 640 
0 271 365 640 
0 271 365 640 
0 271 365 640 
0 271 365 640 
0 272 365 640 
0 272 365 640 
0 272 364 640 
0 272 364 640 
0 272 364 640 
0 273 364 640 
0 273 364 640 
0 273 363 640 
0 274 363 640 
0 274 363 640 
0 274 363 640 
0 275 362 640 
0 275 362 640 
0 276 361 640 
0 276 361 640 
0 277 361 640 
0 277 360 640 
0 278 360 640 
0 278 359 640 
0 279 359 640 
0 279 359 640 
0 280 358 640 
0 281 358 640 
0 281 357 640 
0 282 356 640 
0 283 356 640 
0 284 355 640 
0 284 354 640 
0 285 354 640 
0 286 353 640 
0 286 352 640 
0 287 352 640 
0 288 351 640 
0 289 350 640 
0 289 349 640 
0 290 349 640 
0 291 348 640 
0 291 347 640 
0 292 346 640 
0 293 346 640 
0 294 345 640 
0 295 344 640 
0 295 343 640 
0 296 342 640 
0 297 341 640 
0 298 341 640 
0 298 340 640 
0 299 339 640 
0 300 338 640 
0 300 337 640 
0 301 336 640 
0 302 335 640 
0 303 334 640 
0 304 333 640 
0 304 333 640 
0 305 332 640 
0 306 331 640 
0 307 330 640 
0 308 329 640 
0 308 328 640 
0 309 328 640 
0 310 327 640 
0 311 326 640 
0 311 325 640 
0 312 325 640 
0 313 324 640 
0 314 324 640 
0 314 323 640 
0 315 323 640 
0 316 323 640 
0 316 322 640 
0 317 322 640 
0 317 322 640 
0 318 322 640 
0 318 321 640 
0 318 321 640 
0 319 321 640 
0 319 321 640 
0 319 321 640 
0 320 321 640 
0 640 
0 640 
0 640 
0 640 
0 640 
0 640 
0 640 
0 640 
0 640 
0 640 
0 640 
0 640 
0 640 
0 315 316 640 
0 315 316 640 
0 315 317 640 
0 315 317 640 
0 315 318 640 
0 315 318 640 
0 315 319 640 
0 314 320 640 
0 314 321 640 
0 314 321 640 
0 315 321 640 
0 315 322 640 
0 315 322 640 
0 314 323 640 
0 313 324 640 
0 315 325 640 
0 313 314 315 326 640 
0 313 326 640 
0 313 322 640 
0 315 317 318 333 640 
0 315 316 317 336 640 
0 314 339 640 
0 312 342 640 
0 310 344 640 
0 308 345 640 
0 307 346 640 
0 306 347 640 
0 305 348 640 
0 304 349 640 
0 303 350 640 
0 302 350 640 
0 301 351 640 
0 300 352 640 
0 300 353 640 
0 299 353 640 
0 298 354 640 
0 298 355 640 
0 298 355 640 
0 297 356 640 
0 297 357 640 
0 297 358 640 
0 297 359 640 
0 296 366 640 
0 296 378 640 
0 296 382 640 
0 296 385 640 
0 296 388 640 
0 295 392 640 
0 295 394 640 
0 295 397 640 
0 295 399 640 
0 295 401 640 
0 294 404 640 
0 294 406 640 
0 294 409 640 
0 294 410 640 
0 293 412 640 
0 293 414 640 
0 291 415 640 
0 289 417 640 
0 287 418 640 
0 285 419 640 
0 283 420 640 
0 281 421 640 
0 279 421 640 
0 278 422 640 
0 276 421 640 
0 275 421 640 
0 274 417 419 421 640 
0 272 416 419 421 640 
0 271 415 419 421 640 
0 271 415 419 421 640 
0 270 414 419 421 640 
0 269 414 419 421 640 
0 268 414 419 421 640 
0 267 414 419 421 640 
0 266 414 419 420 640 
0 265 414 418 420 640 
0 264 415 418 420 640 
0 263 416 418 420 640 
0 262 417 418 420 640 
0 261 420 640 
0 261 420 640 
0 260 419 640 
0 259 419 640 
0 258 418 640 
0 257 407 413 417 640 
0 257 403 413 415 640 
0 256 399 412 414 640 
0 255 396 412 413 640 
0 254 393 411 413 640 
0 253 391 411 413 640 
0 253 389 411 412 640 
0 252 388 410 412 640 
0 251 387 410 412 640 
0 250 385 409 411 640 
0 250 384 409 411 640 
0 249 382 408 410 640 
0 249 382 408 410 640 
0 248 382 407 409 640 
0 248 384 406 408 640 
0 247 385 405 408 640 
0 247 378 382 387 404 407 640 
0 247 377 385 389 403 406 640 
0 247 376 387 391 401 404 640 
0 247 375 388 393 400 403 640 
0 247 363 369 374 389 401 640 
0 247 249 256 347 372 373 390 399 640 
0 248 250 257 344 393 396 640 
0 248 250 259 342 370 371 640 
0 249 250 260 342 370 371 640 
0 249 250 260 342 369 370 640 
0 249 250 260 342 640 
0 261 342 368 369 640 
0 261 343 367 368 640 
0 262 285 294 343 640 
0 248 250 262 278 295 343 640 
0 248 250 263 274 294 344 364 365 640 
0 247 249 263 271 294 344 362 364 640 
0 247 249 263 272 294 345 360 363 640 
0 247 249 262 264 270 273 294 345 359 362 640 
0 247 250 260 263 271 274 294 345 357 360 640 
0 248 251 259 262 272 275 294 345 354 358 640 
0 249 261 273 276 294 346 352 357 640 
0 252 258 274 277 294 354 640 
0 276 278 294 350 640 
0 277 279 295 347 640 
0 277 280 294 346 640 
0 277 281 291 347 640 
0 278 283 289 348 640 
0 280 285 288 349 640 
0 284 350 640 
0 288 350 640 
0 289 347 349 351 640 
0 289 347 349 351 640 
0 290 292 295 347 349 350 640 
0 295 347 640 
0 294 348 640 
0 294 348 640 
0 293 348 640 
0 292 348 640 
0 292 348 640 
0 291 336 338 349 640 
0 290 336 338 349 640 
0 290 336 338 349 640 
0 289 336 338 350 640 
0 289 336 339 350 640 
0 288 336 339 350 640 
0 288 337 340 351 640 
0 287 337 341 351 640 
0 287 337 341 352 640 
0 286 337 342 352 640 
0 286 338 343 353 359 361 640 
0 285 338 343 353 358 362 640 
0 284 338 344 354 358 363 640 
0 284 339 344 355 358 363 640 
0 283 340 345 355 358 363 640 
0 283 340 345 356 359 364 640 
0 282 341 345 356 359 365 640 
0 282 341 345 357 359 365 640 
0 281 342 346 357 359 365 640 
0 281 342 348 357 359 365 640 
0 281 342 349 357 359 365 640 
0 280 343 349 357 359 365 640 
0 280 343 349 357 359 365 640 
0 279 344 349 356 359 364 640 
0 279 344 350 356 359 364 640 
0 281 345 350 356 358 364 640 
0 281 345 350 356 358 363 640 
0 280 346 351 363 640 
0 280 346 351 362 640 
0 279 346 351 362 640 
0 279 346 352 361 640 
0 278 347 353 361 640 
0 278 347 354 359 640 
0 278 347 640 
0 277 348 640 
0 277 348 640 
0 276 348 640 
0 276 348 640 
0 275 349 640 
0 275 349 640 
0 274 349 640 
0 273 280 281 350 640 
0 272 280 281 350 640 
0 271 279 281 350 640 
0 271 279 280 350 640 
0 271 350 640 
0 271 351 640 
0 270 351 640 
0 270 351 640 
0 270 352 640 
0 273 275 278 352 640 
0 273 275 278 352 640 
0 272 274 278 352 640 
0 272 273 277 352 640 
0 271 273 277 353 640 
0 271 272 276 353 640 
0 270 272 276 278 280 353 640 
0 276 278 280 354 640 
0 275 278 280 354 640 
0 275 277 279 355 640 
0 275 276 279 355 640 
0 274 275 279 355 640 
0 278 355 640 
0 278 356 640 
0 278 356 640 
0 277 280 281 356 640 
0 277 279 281 357 640 
0 280 357 640 
0 280 357 640 
0 279 358 640 
0 279 291 292 358 640 
0 279 289 292 358 640 
0 278 281 282 288 291 359 640 
0 278 280 282 287 291 359 640 
0 281 286 290 360 640 
0 283 284 290 360 640 
0 289 360 640 
0 289 361 640 
0 288 361 640 
0 288 361 640 
0 287 362 640 
0 287 362 640 
0 286 362 640 
0 286 363 640 
0 285 363 640 
0 285 363 640 
0 284 364 640 
0 284 364 640 
0 283 365 640 
0 283 365 640 
0 282 366 640 
0 282 366 640 
0 281 366 640 
0 280 367 640 
0 280 367 640 
0 279 367 640 
0 278 367 640 
0 278 368 640 
0 277 368 640 
0 276 368 640 
0 276 369 640 
0 275 369 640 
0 274 369 640 
0 274 370 640 
0 273 370 640 
0 272 370 640 
0 272 370 640 
0 270 370 640 
0 270 370 640 
0 269 370 640 
0 269 371 640 
0 268 371 640 
0 267 371 640 
0 267 371 640 
0 266 371 640 
0 266 371 640 
0 266 371 640 
0 267 371 640 
0 268 371 640 
0 269 371 640 
0 270 371 640 
0 270 371 640 
0 269 368 640 
0 268 367 640 
0 268 367 640 
0 268 367 640 
0 267 367 640 
0 267 367 640 
0 267 367 640 
0 268 367 640 
0 270 367 640 
0 275 368 640 
0 278 364 640 
0 280 354 640 
0 280 347 640 
0 281 343 344 345 640 
0 282 342 640 
0 283 342 640 
0 286 287 295 342 640 
0 297 342 640 
0 299 342 640 
0 300 343 640 
0 302 322 331 343 640 
0 302 320 331 343 640 
0 302 316 331 343 640 
0 302 315 331 343 640 
0 302 314 332 343 640 
0 303 314 333 342 640 
0 304 313 333 341 640 
0 304 313 333 341 640 
0 304 313 333 341 640 
0 304 313 333 341 640 
0 304 312 333 341 640 
0 304 312 333 341 640 
0 304 312 333 342 640 
0 304 312 333 342 640 
0 304 313 332 342 640 
0 304 314 331 342 640 
0 303 315 330 343 640 
0 303 316 329 343 640 
0 303 318 328 343 640 
0 303 318 328 343 640 
0 303 319 328 344 640 
0 303 319 328 344 640 
0 303 319 328 344 640 
0 303 319 329 343 640 
0 303 318 331 343 640 
0 303 316 332 342 640 
0 303 314 334 341 640 
0 304 312 640 
0 306 309 640 
0 640 
0 640 
0 640 
0 640 
0 640 
0 640 
0 640 
0 640 
0 640 
0 640 
0 640 
0 640 
0 640 
0 640 
0 640 
0 640 
0 640 
0 640 
0 640 
0 640 
0 640 
0 640 
0 640 
0 640 
0 640 
0 640 
0 640 
0 640 
0 640 
0 640 
0 640 
0 640 
0 640 
0 640 
0 640 
0 640 
0 640 
0 640 
0 640 
0 640 
0 640 
0 640 
0 640 
0 640 
0 640 
0 640 
