0 302 338 640 
0 302 338 640 
0 302 338 640 
0 302 338 640 
0 302 338 640 
0 302 338 640 
0 302 338 640 
0 302 338 640 
0 302 338 640 
0 302 338 640 
0 302 338 640 
0 302 338 640 
0 302 318 325 338 640 
0 302 315 327 338 640 
0 302 313 329 338 640 
0 302 311 332 338 640 
0 307 308 640 
0 640 
0 640 
0 640 
0 640 
0 640 
0 640 
0 640 
0 640 
0 640 
0 640 
0 640 
0 640 
0 640 
0 640 
0 640 
0 640 
0 640 
0 640 
0 640 
0 640 
0 640 
0 640 
0 640 
0 640 
0 640 
0 640 
0 640 
0 640 
0 640 
0 640 
0 640 
0 640 
0 640 
0 640 
0 640 
0 640 
0 640 
0 640 
0 640 
0 640 
0 640 
0 640 
0 640 
0 640 
0 640 
0 640 
0 640 
0 640 
0 640 
0 640 
0 640 
0 640 
0 640 
0 640 
0 640 
0 640 
0 640 
0 640 
0 640 
0 640 
0 640 
0 640 
0 640 
0 640 
0 640 
0 640 
0 640 
0 640 
0 640 
0 640 
0 640 
0 640 
0 640 
0 640 
0 640 
0 338 360 640 
0 334 365 640 
0 239 243 329 369 640 
0 236 246 326 373 640 
0 235 249 323 375 640 
0 235 251 320 377 640 
0 235 252 318 379 640 
0 234 253 317 382 640 
0 234 254 314 385 640 
0 234 255 312 388 640 
0 234 256 311 391 640 
0 233 257 309 393 640 
0 233 259 308 397 640 
0 233 260 306 397 640 
0 233 261 305 394 640 
0 233 261 304 394 640 
0 233 262 303 396 640 
0 234 262 302 397 640 
0 234 263 301 398 640 
0 234 264 300 399 640 
0 235 266 300 400 640 
0 235 267 299 402 640 
0 235 269 298 403 640 
0 235 270 297 404 640 
0 235 272 295 405 640 
0 236 273 289 406 640 
0 236 275 285 407 640 
0 236 276 282 407 640 
0 237 404 640 
0 237 404 640 
0 237 405 640 
0 237 405 640 
0 238 405 640 
0 238 405 640 
0 239 406 640 
0 239 406 640 
0 240 406 640 
0 240 406 640 
0 240 406 640 
0 241 406 640 
0 242 406 640 
0 242 406 640 
0 242 407 640 
0 243 407 640 
0 243 407 640 
0 244 408 640 
0 244 408 640 
0 245 408 640 
0 245 399 400 408 640 
0 245 400 402 407 640 
0 246 400 403 407 640 
0 246 400 640 
0 247 401 640 
0 248 401 640 
0 248 402 640 
0 249 402 640 
0 249 403 640 
0 250 403 640 
0 250 403 640 
0 251 404 405 406 640 
0 251 406 640 
0 252 406 640 
0 253 406 640 
0 253 406 640 
0 254 406 640 
0 255 406 640 
0 255 405 640 
0 255 405 640 
0 256 404 640 
0 257 404 640 
0 258 404 640 
0 258 404 640 
0 259 404 640 
0 260 404 640 
0 260 404 640 
0 261 405 640 
0 262 405 640 
0 262 405 640 
0 263 405 640 
0 264 405 640 
0 264 405 640 
0 265 406 640 
0 265 406 640 
0 267 406 640 
0 268 406 640 
0 269 406 640 
0 270 407 640 
0 270 407 640 
0 271 407 640 
0 271 407 640 
0 271 407 640 
0 270 407 640 
0 270 407 640 
0 270 407 640 
0 270 407 640 
0 269 407 640 
0 269 407 640 
0 268 406 640 
0 268 406 640 
0 268 405 640 
0 267 405 640 
0 267 405 640 
0 267 404 640 
0 266 402 640 
0 266 401 640 
0 266 400 640 
0 265 398 640 
0 265 396 640 
0 265 394 640 
0 264 394 640 
0 264 390 391 394 640 
0 264 389 640 
0 263 389 640 
0 263 388 640 
0 263 388 640 
0 262 388 640 
0 262 388 640 
0 262 388 640 
0 261 388 640 
0 261 388 640 
0 261 388 640 
0 260 388 640 
0 260 389 640 
0 260 389 640 
0 259 389 640 
0 259 389 640 
0 259 389 640 
0 258 389 640 
0 258 390 640 
0 258 390 640 
0 258 390 640 
0 257 390 640 
0 257 390 640 
0 256 390 640 
0 256 390 640 
0 256 390 640 
0 256 390 640 
0 255 391 640 
0 255 391 640 
0 255 391 640 
0 254 391 640 
0 254 392 640 
0 254 394 640 
0 253 397 640 
0 253 399 640 
0 253 262 265 266 269 400 640 
0 253 261 270 402 640 
0 252 261 271 404 640 
0 252 253 271 406 640 
0 271 408 640 
0 270 409 640 
0 270 411 640 
0 271 412 640 
0 271 414 640 
0 271 414 640 
0 270 415 640 
0 271 416 640 
0 271 417 640 
0 271 418 640 
0 271 419 640 
0 271 420 640 
0 271 421 640 
0 271 422 640 
0 271 423 640 
0 271 424 640 
0 271 424 640 
0 271 425 640 
0 270 426 640 
0 270 427 640 
0 270 427 640 
0 270 428 640 
0 270 429 640 
0 270 430 640 
0 270 431 640 
0 270 431 640 
0 270 432 640 
0 270 433 640 
0 270 434 640 
0 270 435 640 
0 270 436 640 
0 270 437 640 
0 270 438 640 
0 270 439 640 
0 270 440 640 
0 270 440 640 
0 270 441 640 
0 270 442 640 
0 270 443 640 
0 270 444 640 
0 269 445 640 
0 269 446 640 
0 269 447 640 
0 269 448 640 
0 269 448 640 
0 269 449 640 
0 269 450 640 
0 269 451 640 
0 269 451 640 
0 269 452 640 
0 269 453 640 
0 268 453 640 
0 268 454 640 
0 268 455 640 
0 268 455 640 
0 268 456 640 
0 268 456 640 
0 268 457 640 
0 268 457 640 
0 268 458 640 
0 268 458 640 
0 267 459 640 
0 267 459 640 
0 267 459 640 
0 267 460 640 
0 267 460 640 
0 266 460 640 
0 266 460 640 
0 265 461 640 
0 265 461 640 
0 264 461 640 
0 264 461 640 
0 263 462 640 
0 262 462 640 
0 262 462 640 
0 261 462 640 
0 261 462 640 
0 260 462 640 
0 260 462 640 
0 259 462 640 
0 258 462 640 
0 258 462 640 
0 257 462 640 
0 257 462 640 
0 256 462 640 
0 256 462 640 
0 255 462 640 
0 255 462 640 
0 254 462 640 
0 253 462 640 
0 253 462 640 
0 252 462 640 
0 251 462 640 
0 251 462 640 
0 250 462 640 
0 250 462 640 
0 249 461 640 
0 248 461 640 
0 248 461 640 
0 247 461 640 
0 246 460 640 
0 246 460 640 
0 245 460 640 
0 245 460 640 
0 244 460 640 
0 243 460 640 
0 243 460 640 
0 242 460 640 
0 242 460 640 
0 241 460 640 
0 240 460 640 
0 240 460 640 
0 239 462 640 
0 239 465 640 
0 238 468 640 
0 237 471 640 
0 237 473 640 
0 236 476 640 
0 235 478 640 
0 235 480 640 
0 234 482 640 
0 234 483 640 
0 233 484 640 
0 233 485 640 
0 232 485 640 
0 232 485 640 
0 231 485 640 
0 231 485 640 
0 230 485 640 
0 230 485 640 
0 230 485 640 
0 229 485 640 
0 229 485 640 
0 228 485 640 
0 228 485 640 
0 227 485 640 
0 227 485 640 
0 226 485 640 
0 226 485 640 
0 225 485 640 
0 225 484 640 
0 225 484 640 
0 224 484 640 
0 224 484 640 
0 223 484 640 
0 222 484 640 
0 222 484 640 
0 221 484 640 
0 220 484 640 
0 219 484 640 
0 219 484 640 
0 218 484 640 
0 217 484 640 
0 216 483 640 
0 215 483 640 
0 215 483 640 
0 214 483 640 
0 214 483 640 
0 213 483 640 
0 212 483 640 
0 212 483 640 
0 211 483 640 
0 210 483 640 
0 210 483 640 
0 209 483 640 
0 209 482 640 
0 208 482 640 
0 207 482 640 
0 207 217 218 482 640 
0 206 215 219 482 640 
0 206 215 219 481 640 
0 206 214 218 481 640 
0 205 213 218 480 640 
0 205 212 218 479 640 
0 205 211 218 479 640 
0 205 210 218 479 640 
0 204 209 218 479 640 
0 204 208 218 479 640 
0 203 207 218 479 640 
0 203 207 218 479 640 
0 203 206 218 479 640 
0 202 205 218 479 640 
0 202 204 218 479 640 
0 202 203 218 479 640 
0 218 479 640 
0 218 479 640 
0 219 479 640 
0 219 479 640 
0 219 479 640 
0 219 479 640 
0 220 479 640 
0 220 479 640 
0 220 479 640 
0 220 479 640 
0 219 479 640 
0 219 479 640 
0 219 479 640 
0 218 479 640 
0 218 479 640 
0 218 479 640 
0 218 479 640 
0 218 479 640 
0 218 479 640 
0 218 479 640 
0 218 479 640 
0 218 479 640 
0 218 479 640 
0 217 478 640 
0 217 478 640 
0 217 478 640 
0 217 478 640 
0 217 478 640 
0 217 478 640 
0 217 478 640 
0 217 478 640 
0 217 478 640 
0 217 478 640 
0 216 478 640 
0 216 478 640 
0 216 300 301 478 640 
0 216 300 301 478 640 
0 216 299 301 478 640 
0 216 299 301 478 640 
0 216 299 301 478 640 
0 216 298 301 478 640 
0 216 298 301 478 640 
0 216 298 301 478 640 
0 216 297 301 478 640 
0 216 297 301 477 640 
0 215 297 301 477 640 
0 215 297 301 339 341 477 640 
0 215 296 301 339 342 477 640 
0 215 296 301 339 344 477 640 
0 215 296 301 339 344 477 640 
0 215 295 301 339 344 477 640 
0 215 295 301 339 344 477 640 
0 215 295 301 339 344 477 640 
0 216 295 302 339 343 477 640 
0 216 295 302 339 343 477 640 
