133 150 155 421 611 640 
136 147 156 422 611 640 
156 424 612 640 
156 426 612 640 
156 428 612 640 
156 430 612 640 
156 432 612 640 
156 433 612 640 
156 435 612 640 
156 437 613 640 
156 439 613 640 
156 440 613 640 
155 441 614 640 
155 442 614 640 
155 444 614 640 
155 445 615 640 
155 447 615 640 
155 448 615 640 
155 450 615 640 
155 451 615 640 
155 453 615 640 
155 455 615 640 
155 456 616 640 
155 457 616 640 
155 458 616 640 
155 460 616 640 
155 461 616 640 
155 462 616 640 
154 463 616 640 
154 465 617 640 
154 466 617 640 
154 468 617 640 
154 469 617 640 
154 470 618 640 
154 471 618 640 
154 472 618 640 
154 473 618 640 
154 474 618 640 
153 476 618 640 
153 477 618 640 
153 478 618 640 
153 479 619 640 
153 480 619 640 
153 481 619 640 
153 482 619 640 
153 484 619 640 
153 485 619 640 
153 486 620 640 
153 487 620 640 
153 488 620 640 
152 489 620 640 
152 490 620 640 
152 491 620 640 
153 492 620 640 
154 493 620 640 
155 494 620 640 
155 495 620 640 
155 496 621 640 
155 497 621 640 
156 498 621 640 
156 499 621 640 
156 500 621 640 
156 501 621 640 
156 501 621 640 
157 502 621 640 
157 503 621 640 
157 504 621 640 
158 505 621 640 
158 505 621 640 
158 506 621 640 
158 507 621 640 
158 508 621 640 
158 509 621 640 
158 510 621 640 
158 511 621 640 
158 512 621 640 
158 513 622 640 
159 513 622 640 
159 514 622 640 
159 514 622 640 
159 515 622 640 
159 516 622 640 
159 517 622 640 
160 517 622 640 
160 518 622 640 
160 519 622 640 
160 519 622 640 
160 520 622 640 
161 520 622 640 
161 521 622 640 
161 522 622 640 
161 522 622 640 
161 523 622 640 
161 523 622 640 
162 524 622 640 
162 524 622 640 
162 525 622 640 
163 525 622 640 
163 526 622 640 
163 526 621 640 
164 527 621 640 
164 527 621 640 
164 528 621 640 
165 528 621 640 
165 529 621 640 
166 529 621 640 
166 530 621 640 
166 530 621 640 
167 530 621 640 
167 530 621 640 
168 531 621 640 
168 531 621 640 
169 532 621 640 
169 532 621 640 
170 532 621 640 
170 533 621 640 
170 533 620 640 
171 534 620 640 
171 534 620 640 
171 534 620 640 
172 534 620 640 
172 534 620 640 
173 535 620 640 
173 535 620 640 
174 535 620 640 
174 535 620 640 
174 535 620 640 
175 536 620 640 
175 219 237 536 619 640 
176 214 242 536 619 640 
176 210 247 536 619 640 
177 205 251 537 619 640 
177 202 254 537 619 640 
177 200 257 537 619 640 
177 199 260 537 619 640 
174 197 261 537 619 640 
169 197 264 538 618 640 
166 196 265 538 618 640 
164 195 268 538 618 640 
162 195 270 538 618 640 
160 195 271 538 618 640 
159 195 273 539 618 640 
158 194 274 539 618 640 
156 194 276 539 617 640 
155 193 277 539 617 640 
154 192 279 539 617 640 
152 191 280 539 617 640 
151 190 282 539 616 640 
150 188 283 539 616 640 
150 185 285 539 616 640 
149 181 286 540 616 640 
147 179 287 540 616 640 
145 178 288 540 616 640 
143 176 289 540 616 640 
141 175 290 540 616 640 
140 173 291 540 615 640 
137 172 292 540 615 640 
134 171 294 540 615 640 
131 170 295 540 615 640 
129 169 296 540 615 640 
126 168 297 541 615 640 
125 167 297 541 615 640 
123 166 298 541 614 640 
123 165 299 541 614 640 
121 164 300 541 614 640 
120 163 301 541 614 640 
119 162 302 541 613 640 
118 162 302 541 613 640 
117 161 303 541 613 640 
117 161 304 541 612 640 
117 160 305 541 612 640 
116 160 306 541 612 640 
116 159 306 541 612 640 
116 159 307 541 611 640 
116 158 308 541 611 640 
116 156 309 541 611 640 
116 155 309 541 611 640 
116 155 310 541 610 640 
116 153 310 541 610 640 
117 150 311 541 610 640 
118 138 142 145 311 541 610 640 
118 137 312 541 609 640 
118 136 313 542 609 640 
119 135 313 542 609 640 
118 134 314 542 609 640 
116 133 315 542 608 640 
115 132 315 542 608 640 
114 131 316 542 608 640 
112 130 316 542 607 640 
111 129 317 542 607 640 
110 128 317 542 607 640 
108 127 318 542 606 640 
107 126 319 542 606 640 
105 125 319 542 606 640 
104 124 320 542 606 640 
103 123 320 542 605 640 
101 122 320 542 605 640 
99 121 321 398 400 542 605 640 
96 120 321 393 404 541 604 640 
89 119 322 385 411 541 604 640 
88 118 322 378 414 541 604 640 
87 118 322 376 416 541 603 640 
85 117 323 375 419 541 603 640 
84 116 323 374 422 541 603 640 
83 115 323 371 424 541 602 640 
82 114 324 369 425 541 602 640 
81 113 324 368 425 541 601 640 
81 112 324 366 426 541 601 640 
80 112 325 365 426 541 601 640 
80 111 325 364 426 541 601 640 
79 110 325 363 426 541 600 640 
78 110 326 362 426 541 600 640 
77 109 326 361 426 541 600 640 
77 109 326 360 426 541 599 640 
76 108 326 360 426 541 599 640 
76 108 326 360 426 541 599 640 
75 107 326 360 426 541 598 640 
75 107 327 360 426 540 598 640 
74 106 327 361 426 540 597 640 
74 105 327 361 426 540 597 640 
73 105 327 362 426 540 596 640 
73 104 328 362 426 540 596 640 
73 104 328 362 426 540 596 640 
72 104 328 362 426 540 596 640 
71 103 328 363 426 540 595 640 
71 103 328 364 426 540 594 640 
70 102 328 364 426 539 594 640 
70 102 328 364 425 539 594 640 
69 101 328 365 425 539 593 640 
68 101 328 365 425 539 593 640 
67 100 328 366 425 539 592 640 
66 100 328 367 425 539 591 640 
66 100 328 367 425 539 591 640 
65 100 328 368 425 539 591 640 
64 99 328 369 425 539 590 640 
64 99 328 369 424 539 589 640 
63 99 329 370 424 538 589 640 
62 99 329 370 424 538 589 640 
61 99 328 371 424 538 588 640 
61 99 328 372 424 538 588 640 
60 99 328 373 424 538 587 640 
60 99 203 218 328 374 423 538 586 640 
59 99 200 220 327 374 423 538 586 640 
59 99 196 221 328 375 423 537 585 640 
58 99 195 222 328 376 423 537 585 640 
58 99 194 224 327 377 422 537 584 640 
57 99 194 224 327 379 422 537 584 640 
56 98 193 226 327 380 421 537 583 640 
55 98 193 227 327 381 421 537 582 640 
55 98 193 227 326 382 421 537 581 640 
54 98 193 229 326 383 421 536 581 640 
53 98 192 230 326 384 421 536 580 640 
52 98 192 231 326 385 421 536 579 640 
52 98 192 231 326 387 420 536 579 640 
51 98 192 233 325 388 420 535 578 640 
51 98 192 234 325 389 420 535 577 640 
50 98 191 235 324 390 420 535 576 640 
50 98 191 236 324 392 419 535 576 640 
49 98 191 237 323 394 419 534 575 640 
48 98 191 238 323 395 419 534 575 640 
48 98 191 240 322 399 418 534 574 640 
47 98 191 240 322 414 418 533 573 640 
47 97 191 242 321 533 573 640 
46 97 191 243 321 533 572 640 
46 97 191 244 320 532 571 640 
45 97 191 245 320 532 571 640 
45 98 191 246 320 532 570 640 
44 98 191 247 320 531 570 640 
43 97 191 249 320 531 570 640 
43 97 191 250 320 530 569 640 
42 97 192 251 320 530 568 640 
42 97 192 252 320 530 568 640 
41 97 192 253 320 529 566 640 
41 97 192 254 320 528 566 640 
40 97 192 258 320 528 565 640 
40 96 192 261 320 527 564 640 
40 96 192 263 320 527 563 640 
39 96 192 263 320 526 562 640 
39 96 192 263 320 526 562 640 
38 96 192 264 320 525 561 640 
38 96 193 264 320 525 560 640 
37 96 193 264 320 525 560 640 
37 96 193 264 320 524 559 640 
36 96 193 264 320 524 558 640 
36 96 194 263 320 523 557 640 
35 96 194 263 321 523 556 640 
35 96 194 262 321 522 555 640 
35 96 194 262 321 522 554 640 
34 96 194 261 321 521 554 640 
34 96 194 260 321 521 552 640 
34 96 195 258 322 520 551 640 
33 96 195 257 322 520 550 640 
33 96 195 256 322 519 549 640 
33 96 196 254 322 519 548 640 
32 96 196 253 322 518 547 640 
32 96 197 251 323 517 546 640 
32 96 197 250 323 517 545 640 
31 96 197 248 324 516 544 640 
30 96 198 246 324 515 542 640 
30 96 199 245 324 515 541 640 
30 97 199 243 325 514 540 640 
30 97 200 242 325 513 539 640 
29 97 201 239 325 513 537 640 
29 97 202 237 326 512 536 640 
29 97 202 235 326 511 536 640 
29 97 204 232 326 510 534 640 
28 97 205 229 327 509 533 640 
28 97 206 226 327 509 532 640 
28 97 207 222 328 508 531 640 
27 98 328 507 530 640 
27 97 328 507 528 640 
26 97 329 506 527 640 
26 97 329 505 526 640 
26 97 329 505 525 640 
25 97 330 504 524 640 
25 97 331 504 522 640 
25 97 331 503 521 640 
25 97 332 502 520 640 
24 97 332 501 519 640 
24 97 333 500 518 640 
24 97 333 500 516 640 
24 97 334 499 515 640 
24 97 334 499 514 640 
23 97 335 498 513 640 
23 97 336 498 511 640 
23 97 336 497 510 640 
23 97 337 496 509 640 
23 97 337 496 507 640 
22 97 338 495 505 640 
22 98 339 495 504 640 
22 98 339 494 502 640 
22 98 340 494 500 640 
22 98 340 494 499 640 
22 98 341 493 498 640 
21 98 341 640 
21 98 342 640 
21 98 343 640 
21 98 344 640 
21 98 344 640 
20 98 345 640 
20 99 346 640 
20 99 347 640 
20 99 347 640 
20 98 348 640 
20 99 349 640 
20 98 350 640 
20 99 351 640 
19 99 352 640 
19 99 352 640 
19 99 353 640 
19 99 354 640 
19 99 355 640 
18 99 356 640 
18 99 356 640 
18 99 358 640 
18 99 359 640 
18 99 360 640 
18 100 360 640 
18 100 361 640 
18 100 363 640 
18 100 364 640 
18 100 365 640 
18 100 366 640 
17 100 368 640 
17 100 369 640 
17 101 371 640 
17 101 372 640 
17 101 374 640 
17 101 376 640 
17 101 377 640 
17 102 379 640 
17 102 381 640 
17 102 382 640 
17 102 384 640 
17 102 385 640 
17 103 387 640 
17 103 389 640 
17 103 391 640 
16 103 394 640 
16 103 399 471 476 640 
16 103 404 469 477 640 
16 103 406 467 478 640 
16 104 409 464 479 640 
16 104 413 462 479 640 
16 104 416 459 480 640 
16 104 423 455 480 640 
16 105 434 448 481 640 
16 105 481 640 
16 105 482 640 
16 105 483 640 
16 105 483 640 
16 105 483 640 
16 106 484 640 
16 106 484 640 
16 106 484 640 
16 106 485 640 
16 107 486 640 
16 107 486 640 
16 107 486 640 
16 108 487 640 
16 108 487 640 
16 109 488 640 
16 109 488 640 
16 109 489 640 
16 110 489 640 
16 110 490 640 
16 110 490 640 
16 110 490 640 
16 111 491 640 
16 111 491 640 
16 111 491 640 
16 112 492 640 
16 112 492 640 
16 113 492 640 
16 113 493 640 
16 113 493 640 
16 114 493 640 
16 114 493 640 
17 115 494 640 
17 115 494 640 
17 115 494 640 
17 116 495 640 
17 116 495 640 
17 117 495 640 
17 117 496 640 
17 118 496 640 
17 119 496 640 
17 119 496 640 
17 119 496 640 
17 120 497 640 
17 121 497 640 
17 121 498 640 
18 122 498 640 
18 123 498 640 
18 123 498 640 
18 124 499 640 
18 124 499 640 
19 125 500 640 
19 126 500 640 
19 126 500 640 
19 127 501 640 
19 128 501 640 
19 129 502 640 
19 130 502 640 
19 130 502 640 
20 131 503 640 
20 132 504 640 
20 133 504 640 
20 134 505 640 
20 134 505 640 
21 135 506 640 
21 136 507 640 
21 138 508 640 
21 138 510 640 
21 139 512 640 
21 140 515 640 
21 141 517 640 
21 143 518 640 
22 144 519 640 
22 145 520 640 
22 146 521 640 
22 148 521 640 
23 149 522 640 
23 150 523 640 
23 152 523 640 
23 153 524 640 
23 154 525 640 
23 156 526 640 
24 157 526 640 
24 158 527 640 
24 160 528 640 
25 161 529 640 
25 163 529 640 
25 164 530 640 
25 165 531 640 
25 167 531 640 
26 168 532 640 
27 170 534 547 563 640 
27 173 568 640 
27 174 570 640 
