0 640 
0 640 
0 640 
0 640 
0 640 
0 640 
0 640 
0 640 
0 640 
0 640 
0 640 
0 640 
0 640 
0 640 
0 640 
0 640 
0 640 
0 640 
0 640 
0 640 
0 640 
0 640 
0 640 
0 640 
0 640 
0 640 
0 640 
0 640 
0 640 
0 640 
0 640 
0 640 
0 640 
0 640 
0 640 
0 640 
0 640 
0 640 
0 640 
0 640 
0 640 
0 640 
0 640 
0 640 
0 640 
0 640 
0 640 
0 640 
0 640 
0 640 
0 640 
0 640 
0 640 
0 640 
0 640 
0 640 
0 640 
0 640 
0 640 
0 640 
0 387 388 640 
0 385 390 640 
0 383 391 640 
0 381 391 640 
0 379 391 640 
0 378 391 640 
0 375 390 640 
0 343 344 374 390 640 
0 339 348 354 356 372 390 640 
0 338 359 370 390 640 
0 337 361 368 390 640 
0 336 363 366 389 640 
0 335 364 365 389 640 
0 334 389 640 
0 333 389 640 
0 296 320 332 388 640 
0 291 324 331 388 640 
0 285 388 640 
0 280 387 640 
0 278 387 640 
0 277 387 640 
0 273 386 640 
0 268 386 640 
0 266 386 640 
0 264 385 640 
0 214 217 263 385 640 
0 213 219 261 385 640 
0 212 220 260 385 640 
0 212 223 258 384 640 
0 212 224 257 384 640 
0 212 226 256 383 640 
0 213 228 255 383 640 
0 213 230 254 382 640 
0 213 231 254 382 640 
0 214 233 253 381 640 
0 214 235 252 381 640 
0 215 236 251 380 640 
0 216 238 250 380 640 
0 216 240 249 379 640 
0 217 241 249 378 640 
0 217 243 248 378 640 
0 218 244 248 377 640 
0 218 246 247 376 640 
0 219 375 392 420 640 
0 219 375 384 436 640 
0 220 374 379 437 640 
0 220 373 376 437 640 
0 221 437 640 
0 222 436 640 
0 222 435 640 
0 223 432 640 
0 224 430 640 
0 224 426 640 
0 225 423 640 
0 226 419 640 
0 226 416 640 
0 226 413 640 
0 224 409 640 
0 222 405 640 
0 220 402 640 
0 218 398 640 
0 216 399 640 
0 215 401 640 
0 213 402 640 
0 211 403 640 
0 210 404 640 
0 208 405 640 
0 207 405 640 
0 206 406 640 
0 205 406 640 
0 204 407 640 
0 203 407 640 
0 202 407 640 
0 201 407 640 
0 200 407 640 
0 200 407 640 
0 199 407 640 
0 199 407 640 
0 198 406 640 
0 199 406 640 
0 201 406 640 
0 203 405 640 
0 204 405 640 
0 204 404 640 
0 204 402 640 
0 198 398 640 
0 197 396 640 
0 197 396 640 
0 198 397 640 
0 198 397 640 
0 32 38 198 397 640 
0 31 39 199 396 640 
0 30 39 200 395 640 
0 28 39 200 394 640 
0 27 39 201 392 640 
0 26 40 202 391 640 
0 25 44 203 389 640 
0 24 48 204 387 640 
0 23 51 205 385 640 
0 22 52 206 383 640 
0 22 53 207 382 640 
0 22 53 209 380 640 
0 21 53 210 378 640 
0 20 52 212 377 640 
0 20 51 214 377 640 
0 20 49 216 377 640 
0 19 46 218 377 640 
0 19 46 220 377 640 
0 18 47 220 377 640 
0 18 47 220 378 640 
0 17 46 220 378 640 
0 16 45 219 378 640 
0 15 44 219 379 640 
0 14 41 219 379 640 
0 13 33 218 379 640 
0 13 32 218 380 640 
0 12 31 217 380 640 
0 12 30 216 380 640 
0 12 30 215 380 640 
0 11 30 214 381 640 
0 11 32 213 381 640 
0 11 34 212 381 640 
0 11 35 211 381 640 
0 10 35 210 382 640 
0 9 37 41 45 209 382 640 
0 8 37 39 48 208 382 640 
0 8 50 207 382 640 
0 8 51 206 382 640 
0 7 53 205 241 243 383 640 
0 7 54 204 242 243 383 640 
0 7 56 203 238 241 383 640 
0 7 35 37 57 202 237 242 383 640 
0 6 35 37 58 200 236 242 383 640 
0 6 35 38 59 200 236 243 384 640 
0 6 36 38 60 199 235 244 384 640 
0 6 36 39 61 198 234 244 384 640 
0 6 37 40 62 197 233 245 384 640 
0 5 37 41 63 196 232 245 385 640 
0 5 38 43 64 195 230 245 385 640 
0 5 38 44 65 194 230 246 385 640 
0 5 39 45 66 192 229 246 385 640 
0 5 39 46 66 192 228 246 385 640 
0 4 40 47 67 191 227 246 385 640 
0 4 40 48 68 190 226 247 385 640 
0 4 42 49 69 189 225 247 385 640 
0 4 43 49 70 187 224 247 254 255 386 640 
0 4 45 50 70 186 223 247 253 255 386 640 
0 4 71 185 222 248 253 256 386 640 
0 4 72 185 222 248 253 256 386 640 
0 4 73 183 221 248 253 257 386 640 
0 4 74 182 220 249 253 258 386 640 
0 4 74 181 219 249 253 258 386 640 
0 5 75 180 218 249 253 259 386 640 
0 5 76 179 217 250 254 259 387 640 
0 6 76 178 216 250 254 260 387 640 
0 7 77 176 215 250 254 260 387 640 
0 7 77 176 214 251 255 261 387 640 
0 8 78 175 213 251 255 261 387 640 
0 9 78 173 212 252 255 262 387 640 
0 9 79 172 211 252 255 262 387 640 
0 10 79 171 210 253 256 262 387 640 
0 11 79 170 209 253 256 263 387 640 
0 12 79 169 208 254 256 263 387 640 
0 13 80 168 207 254 256 263 387 640 
0 14 80 167 206 255 257 263 387 640 
0 15 80 165 205 255 257 263 387 640 
0 16 80 164 204 256 257 263 387 640 
0 17 80 163 203 256 258 263 387 640 
0 18 80 162 202 257 258 263 387 640 
0 19 81 161 201 263 387 640 
0 20 81 160 200 263 387 640 
0 21 81 158 199 263 387 640 
0 22 81 157 198 263 387 640 
0 24 81 156 197 263 387 640 
0 25 81 155 196 264 387 640 
0 26 81 153 195 264 387 640 
0 27 81 152 194 264 387 640 
0 28 82 151 193 264 387 640 
0 30 82 150 192 264 387 640 
0 30 82 149 191 264 387 640 
0 32 82 147 190 264 387 640 
0 33 83 146 189 264 387 640 
0 34 83 145 188 264 387 640 
0 35 84 144 187 264 387 640 
0 36 84 143 186 263 386 640 
0 37 84 141 185 263 386 640 
0 38 85 140 183 262 386 640 
0 39 85 139 182 262 386 640 
0 40 86 138 181 261 386 640 
0 40 86 136 180 261 386 640 
0 41 86 135 179 260 386 640 
0 42 87 134 178 260 386 640 
0 43 87 133 177 260 386 640 
0 43 87 131 176 259 386 640 
0 43 88 130 175 259 385 640 
0 44 88 129 174 258 385 640 
0 44 88 128 173 258 385 640 
0 44 89 126 172 257 385 640 
0 44 89 125 170 257 385 640 
0 45 89 124 170 256 384 640 
0 45 90 122 169 256 384 640 
0 45 90 121 168 255 383 640 
0 45 90 119 167 255 383 640 
0 45 91 118 166 255 384 640 
0 46 91 117 165 254 383 640 
0 46 92 115 163 254 383 640 
0 46 92 114 162 253 383 640 
0 46 92 113 161 252 383 640 
0 46 93 112 160 249 383 640 
0 46 93 110 159 241 382 640 
0 46 93 109 158 229 382 640 
0 47 94 108 157 223 382 640 
0 47 94 106 156 218 382 640 
0 47 94 104 155 213 382 640 
0 47 95 102 154 206 384 640 
0 47 95 100 153 196 385 640 
0 48 95 98 151 188 386 640 
0 48 150 182 387 640 
0 48 149 177 389 640 
0 48 148 174 390 640 
0 48 146 171 391 640 
0 49 145 169 392 640 
0 49 145 167 393 640 
0 49 144 166 394 640 
0 49 143 165 395 640 
0 50 142 165 396 640 
0 50 150 164 397 640 
0 50 152 163 397 640 
0 50 161 162 398 640 
0 50 399 640 
0 51 400 640 
0 51 400 640 
0 51 401 640 
0 51 402 640 
0 52 402 640 
0 52 403 640 
0 52 404 640 
0 53 404 640 
0 53 405 640 
0 53 405 640 
0 53 149 151 406 640 
0 53 144 150 407 640 
0 54 136 137 144 149 407 640 
0 54 135 148 408 640 
0 54 135 147 408 640 
0 54 129 145 409 640 
0 55 127 144 409 640 
0 55 124 142 410 640 
0 55 122 140 411 640 
0 55 119 138 411 640 
0 56 117 137 412 640 
0 56 117 136 412 640 
0 56 115 136 413 640 
0 56 113 136 414 640 
0 57 111 136 414 640 
0 57 111 120 130 135 415 640 
0 57 111 113 415 640 
0 57 416 640 
0 58 416 640 
0 58 417 640 
0 58 417 640 
0 58 418 640 
0 59 418 640 
0 59 419 640 
0 59 115 116 419 640 
0 59 114 120 420 640 
0 60 113 120 420 640 
0 60 114 120 420 640 
0 60 114 118 241 244 421 640 
0 61 114 118 240 244 421 640 
0 61 114 117 236 244 422 640 
0 61 235 244 422 640 
0 61 234 244 422 640 
0 62 233 244 422 640 
0 62 232 243 422 640 
0 62 231 243 422 640 
0 62 230 242 422 640 
0 63 229 242 422 640 
0 63 227 241 423 640 
0 63 226 241 423 640 
0 64 225 241 423 640 
0 64 223 240 423 640 
0 64 222 240 422 640 
0 64 221 239 422 640 
0 65 220 239 422 640 
0 65 214 239 422 640 
0 65 215 238 421 640 
0 65 215 237 421 640 
0 66 190 192 213 237 421 640 
0 66 188 194 211 237 420 640 
0 67 187 197 208 236 420 640 
0 67 186 235 419 640 
0 67 184 235 418 640 
0 67 183 235 418 640 
0 68 181 234 417 640 
0 68 180 234 416 640 
0 68 178 233 415 640 
0 69 177 233 414 640 
0 69 157 160 176 233 414 640 
0 69 156 161 174 232 415 640 
0 70 154 162 173 232 415 640 
0 70 152 163 171 231 415 640 
0 70 150 164 169 231 416 640 
0 71 149 166 167 230 416 640 
0 71 147 230 416 640 
0 72 145 229 416 640 
0 72 143 229 417 640 
0 72 141 228 417 640 
0 73 139 228 417 640 
0 73 137 227 417 640 
0 74 135 227 418 640 
0 75 133 226 418 640 
0 75 131 226 418 640 
0 76 129 226 419 640 
0 77 127 225 419 640 
0 78 125 225 419 640 
0 79 122 224 420 640 
0 80 119 224 420 640 
0 81 116 223 420 640 
0 83 113 223 419 640 
0 85 110 222 419 640 
0 88 106 222 418 640 
0 95 97 221 418 640 
0 221 418 640 
0 221 418 640 
0 220 418 640 
0 220 418 640 
0 219 418 640 
0 219 418 640 
0 218 419 640 
0 218 419 640 
0 217 419 640 
0 217 223 225 420 640 
0 216 223 225 420 640 
0 216 222 225 420 640 
0 215 222 224 420 640 
0 215 221 224 420 640 
0 214 220 223 421 640 
0 214 219 223 421 640 
0 214 219 223 421 640 
0 213 218 223 421 640 
0 213 217 223 421 640 
0 212 216 222 422 640 
0 212 216 222 422 640 
0 211 215 222 422 640 
0 211 214 221 422 640 
0 210 213 221 422 640 
0 210 213 220 422 640 
0 209 212 220 423 640 
0 209 211 220 423 640 
0 208 210 219 423 640 
0 208 209 219 423 640 
0 219 423 640 
0 219 224 225 424 640 
0 218 223 225 424 640 
0 218 223 225 424 640 
0 218 223 225 425 640 
0 217 222 225 425 640 
0 217 221 225 425 640 
0 218 221 225 425 640 
0 217 218 225 426 640 
0 217 218 225 426 640 
0 225 426 640 
0 225 427 640 
0 225 427 640 
0 225 427 640 
0 225 428 640 
0 225 428 640 
0 224 428 640 
0 224 429 640 
0 224 429 640 
0 224 430 640 
0 224 430 640 
0 224 431 640 
0 224 431 640 
0 224 431 640 
0 224 432 640 
0 224 432 640 
0 224 433 640 
0 224 433 640 
0 224 436 640 
0 224 436 640 
0 223 437 640 
0 223 437 640 
0 223 436 640 
0 223 436 640 
0 223 436 640 
0 222 436 640 
0 222 436 640 
0 222 436 640 
0 222 436 640 
0 222 436 640 
0 222 437 640 
0 222 437 640 
0 221 437 640 
0 221 437 640 
0 221 438 640 
0 221 438 640 
0 219 438 640 
0 214 438 640 
0 210 438 640 
0 207 439 640 
0 204 439 640 
0 201 439 640 
0 198 440 640 
0 195 440 640 
0 193 440 640 
0 191 440 640 
0 189 441 640 
0 189 441 640 
0 189 441 640 
0 189 441 640 
0 189 442 640 
0 189 442 640 
0 190 442 640 
0 190 442 640 
0 190 442 640 
0 191 443 640 
0 192 443 640 
0 192 443 640 
