572 588 591 613 
572 613 
573 611 
574 610 
575 609 
576 608 
578 607 
578 608 
577 613 
575 617 
574 620 
572 622 
571 623 
547 549 570 631 
545 631 
543 632 
541 633 
540 635 
539 636 
538 637 
537 638 
535 640 
535 640 
535 640 
533 640 
533 640 
532 640 
531 640 
530 640 
529 640 
528 640 
527 640 
525 640 
524 640 
523 640 
522 640 
521 640 
514 640 
514 640 
514 640 
515 640 
515 640 
515 640 
515 640 
516 640 
172 174 516 640 
172 175 517 640 
172 175 517 640 
172 175 517 640 
172 175 516 640 
169 170 172 175 185 187 516 640 
169 170 171 175 184 187 515 640 
161 162 169 175 182 186 515 640 
157 159 160 164 168 176 180 181 182 186 513 640 
157 159 160 165 166 167 168 176 179 180 181 185 512 640 
157 166 167 176 178 179 180 184 513 640 
147 148 157 176 178 184 513 640 
148 149 156 176 178 183 514 640 
156 177 178 182 514 640 
156 181 515 640 
151 152 155 181 516 640 
155 181 516 640 
154 182 517 640 
153 183 185 188 189 192 518 640 
152 193 519 640 
152 192 520 640 
151 188 520 640 
149 184 521 640 
144 183 522 640 
144 182 523 640 
151 152 153 182 524 640 
154 181 525 640 
152 180 525 640 
154 180 526 640 
153 181 526 640 
152 182 526 640 
151 183 525 640 
150 185 525 640 
149 186 524 640 
148 187 524 640 
146 188 525 640 
145 189 525 640 
144 190 524 640 
144 190 524 640 
143 191 523 640 
142 192 523 640 
140 193 523 640 
139 195 523 640 
138 196 523 640 
137 197 523 640 
136 198 523 640 
135 200 523 640 
134 200 525 640 
133 201 525 640 
132 202 525 640 
131 203 524 640 
129 204 524 640 
129 205 525 640 
129 206 525 640 
128 207 525 640 
125 207 526 640 
120 121 123 208 216 217 526 640 
118 209 215 218 526 640 
114 210 213 217 526 640 
112 211 212 218 223 225 526 640 
111 217 222 225 526 640 
110 217 221 224 526 640 
107 217 221 224 526 640 
103 217 220 224 526 640 
102 216 220 223 526 640 
101 215 217 218 219 223 526 640 
101 102 103 216 218 223 225 227 526 640 
102 103 104 216 217 223 224 227 527 640 
103 226 527 640 
104 106 107 226 527 640 
108 225 527 640 
107 108 109 224 528 640 
107 108 110 223 528 640 
110 222 528 640 
109 110 111 221 528 640 
110 111 112 221 528 640 
111 112 113 220 528 640 
111 112 114 219 528 640 
114 219 528 640 
114 218 528 640 
116 218 528 640 
116 218 528 640 
117 218 528 640 
117 219 528 640 
116 219 508 509 511 512 525 640 
116 117 119 220 507 508 509 517 518 640 
119 220 505 506 508 640 
120 220 503 640 
120 221 497 640 
118 221 492 640 
118 221 484 640 
118 222 478 640 
118 222 349 362 472 640 
117 222 347 369 465 528 531 640 
117 222 343 373 458 640 
116 223 337 373 451 640 
116 223 335 374 444 640 
115 223 331 374 438 640 
116 223 329 375 431 487 494 640 
116 223 328 376 424 480 493 640 
116 223 326 377 416 472 488 640 
116 223 325 377 411 466 480 640 
114 115 116 223 324 378 382 383 404 459 473 640 
114 115 116 223 323 385 397 451 466 640 
114 115 116 223 323 386 391 443 460 640 
114 115 116 223 322 436 453 640 
114 115 116 223 322 430 446 487 496 640 
116 223 321 423 437 480 495 640 
114 116 117 223 321 416 431 472 490 640 
117 223 320 408 425 464 487 640 
118 223 320 400 418 457 480 639 
118 222 320 395 412 451 479 639 
118 222 320 393 404 443 479 638 
119 222 319 394 396 435 479 640 
119 222 319 427 480 640 
120 222 317 420 480 640 
120 222 316 414 481 640 
118 221 316 407 481 640 
119 222 320 398 402 404 481 640 
122 222 325 399 481 640 
123 222 330 399 481 640 
124 222 330 400 480 640 
125 222 330 401 477 640 
126 223 331 402 473 640 
126 223 331 402 471 640 
125 222 331 404 469 640 
125 222 335 405 467 640 
123 222 340 343 350 406 466 640 
122 222 350 406 465 640 
121 222 349 407 465 640 
119 222 349 409 465 640 
118 222 349 410 465 640 
121 222 349 410 464 640 
121 222 349 411 464 640 
120 222 350 412 463 640 
119 221 351 414 459 640 
119 221 352 415 458 640 
118 221 353 415 455 640 
117 220 354 416 453 640 
117 122 124 220 355 417 451 640 
116 119 123 220 357 418 448 640 
116 117 122 214 215 219 358 420 445 640 
113 116 121 214 216 219 359 421 443 640 
112 117 120 213 215 218 361 422 441 640 
111 117 120 212 214 218 362 423 439 640 
99 105 109 119 120 121 125 211 215 217 363 424 436 640 
98 120 124 210 215 217 365 425 435 640 
97 120 123 209 214 216 366 426 432 640 
96 122 124 208 213 216 367 428 430 640 
91 123 125 207 214 215 368 640 
85 88 90 114 115 123 125 205 369 640 
83 124 125 205 370 640 
78 204 372 640 
76 78 80 205 373 640 
75 79 81 206 374 640 
71 73 74 206 376 640 
74 210 376 640 
72 216 377 640 
70 219 378 640 
69 225 379 640 
68 226 380 640 
66 67 68 228 381 640 
68 229 382 640 
68 231 383 640 
67 234 384 640 
63 64 67 236 385 640 
66 239 386 640 
60 65 67 242 387 640 
57 246 388 640 
54 249 389 640 
52 250 390 640 
51 250 391 640 
49 251 391 480 484 507 508 640 
47 251 392 476 491 502 509 640 
44 251 393 473 510 640 
40 251 394 469 510 640 
38 250 395 466 510 640 
34 249 396 464 510 640 
30 249 397 459 512 640 
29 249 398 456 514 640 
28 248 400 452 514 640 
20 248 400 448 515 640 
19 248 400 444 516 640 
18 247 401 440 515 640 
18 245 403 434 514 640 
17 243 409 424 514 640 
13 14 17 241 514 640 
16 240 514 640 
16 240 513 640 
11 12 15 241 513 640 
11 12 15 241 513 640 
11 12 15 242 513 640 
10 11 15 242 513 640 
10 11 15 242 513 640 
9 10 15 242 513 640 
9 10 15 242 512 639 
9 10 15 242 512 639 
9 10 15 242 512 639 
9 10 15 242 512 638 
9 10 15 241 512 638 
9 10 15 241 512 638 
9 10 15 241 512 638 
9 10 15 241 511 638 
10 11 15 240 512 638 
9 11 15 240 511 638 
9 11 16 240 511 638 
9 10 16 239 510 638 
16 238 510 638 
10 12 17 237 510 638 
10 12 17 237 510 637 
10 12 17 235 510 511 512 637 
11 14 17 234 510 637 
12 13 18 232 510 637 
12 13 18 232 510 511 512 637 
15 18 19 232 510 511 512 637 
15 16 19 232 512 637 
15 16 19 233 512 637 
15 16 18 19 21 233 512 637 
14 15 20 21 22 233 512 637 
18 19 22 233 512 636 
22 234 512 636 
17 18 22 133 137 234 512 636 
24 132 137 234 512 636 
21 22 24 130 136 234 512 636 
19 20 21 24 26 130 136 235 512 636 
21 22 27 129 137 235 512 635 
21 22 23 24 28 128 137 235 512 635 
21 22 29 127 137 235 512 635 
22 23 30 126 138 235 512 635 
30 125 138 235 512 635 
32 125 138 236 512 634 
33 124 139 236 512 634 
34 123 139 236 512 634 
36 122 137 138 139 236 513 634 
37 122 137 138 139 237 513 634 
31 32 39 67 69 121 139 237 513 634 
41 66 70 120 139 237 513 634 
43 64 72 120 140 237 513 634 
45 60 71 119 140 237 513 635 
48 58 71 118 140 237 513 635 
40 41 50 53 71 117 139 238 513 635 
71 117 140 238 513 635 
69 116 140 238 513 636 
70 115 141 238 513 636 
68 69 70 115 141 238 513 636 
68 69 70 114 142 238 513 637 
68 69 70 113 142 239 513 637 
68 69 71 112 142 239 515 637 
68 69 71 111 144 239 515 637 
68 69 71 110 144 239 515 638 
68 69 71 109 144 239 515 638 
72 108 146 240 515 638 
72 107 146 240 514 638 
70 71 73 106 146 240 514 639 
74 104 147 240 514 639 
75 98 146 241 514 515 516 639 
76 95 148 241 516 640 
77 90 148 241 516 640 
76 87 148 242 515 640 
149 242 516 640 
149 242 517 640 
149 242 519 640 
149 243 520 640 
150 243 519 640 
151 243 521 640 
151 243 521 640 
151 244 523 640 
151 244 522 640 
152 244 523 640 
153 245 524 640 
154 245 524 640 
155 245 525 637 
155 245 525 635 
155 244 525 634 
156 244 525 632 
155 241 526 630 
156 241 524 628 
156 239 523 524 525 626 
157 237 525 627 
157 235 525 628 
157 235 525 629 
156 236 525 630 
156 237 524 631 
157 237 523 631 
157 238 522 632 
156 237 522 632 
155 237 521 632 
155 237 520 632 
154 237 519 632 
153 237 518 631 
152 237 517 630 
151 237 517 630 
150 237 516 631 
150 238 515 632 
149 238 515 632 
148 238 514 633 
147 239 514 634 
147 239 513 634 
146 240 512 635 
145 240 512 636 
145 240 511 636 
144 241 511 637 
143 241 510 638 
143 241 510 638 
142 242 509 639 
142 242 509 639 
141 242 509 640 
141 243 508 640 
141 243 507 640 
140 243 507 640 
140 243 507 640 
139 243 506 640 
138 244 506 640 
138 244 505 640 
137 244 505 640 
137 244 505 640 
136 244 504 640 
136 244 504 640 
135 244 504 640 
135 244 504 640 
135 244 503 640 
134 244 503 640 
134 244 502 640 
133 244 502 640 
132 245 501 640 
132 245 501 640 
131 245 500 640 
131 245 500 640 
130 245 500 640 
130 245 499 640 
130 245 499 640 
129 245 499 640 
128 245 499 640 
128 245 499 640 
127 245 498 640 
127 245 498 640 
126 245 497 640 
126 245 497 640 
125 245 497 640 
125 245 496 640 
124 245 496 640 
124 245 496 640 
124 245 495 640 
123 245 495 640 
123 245 494 640 
122 245 494 640 
121 245 494 640 
120 245 494 640 
120 245 493 640 
119 245 493 640 
119 245 493 640 
118 245 492 640 
118 245 492 640 
117 245 492 640 
117 244 491 640 
116 244 491 640 
115 244 491 640 
115 244 490 640 
114 244 490 640 
114 244 489 640 
114 244 489 640 
113 244 489 640 
112 244 488 640 
112 244 488 640 
111 244 488 640 
110 244 487 640 
110 244 487 640 
109 244 486 640 
109 244 486 640 
108 244 486 640 
107 244 486 640 
107 244 485 640 
107 244 485 640 
106 244 485 640 
105 244 484 640 
105 244 483 640 
104 244 483 640 
104 244 483 640 
103 243 482 640 
103 243 482 640 
102 243 482 640 
101 243 481 640 
101 243 481 640 
100 243 480 640 
100 243 480 640 
99 243 480 640 
98 243 479 640 
98 243 479 640 
97 243 479 640 
96 243 478 640 
96 242 478 640 
96 242 477 640 
95 242 477 640 
94 242 476 640 
94 242 476 640 
93 242 475 640 
93 242 475 640 
92 242 475 640 
92 242 475 640 
91 242 474 640 
91 242 473 640 
90 242 473 640 
90 242 472 640 
89 242 472 640 
89 242 471 640 
88 242 471 640 
88 242 470 640 
87 242 470 640 
87 242 470 640 
86 242 469 640 
86 242 469 640 
86 242 468 640 
85 242 468 640 
85 242 468 640 
84 242 467 640 
84 242 466 640 
83 242 465 640 
83 242 465 640 
83 242 465 640 
82 242 464 640 
82 243 464 640 
82 243 463 640 
81 243 463 640 
81 243 463 640 
81 243 462 640 
80 243 462 640 
80 244 461 640 
80 244 461 640 
79 244 461 640 
78 244 460 640 
78 244 460 640 
78 244 459 640 
77 244 459 640 
76 244 458 640 
76 244 458 640 
