0 640 
0 640 
0 640 
0 640 
0 640 
0 640 
0 640 
0 640 
0 640 
0 640 
0 640 
0 640 
0 640 
0 640 
0 295 297 640 
0 293 296 640 
0 292 295 640 
0 291 295 640 
0 290 294 640 
0 289 293 297 298 640 
0 287 292 295 297 640 
0 286 292 294 296 640 
0 285 291 294 295 640 
0 284 291 293 295 640 
0 283 294 640 
0 282 293 640 
0 281 293 640 
0 280 292 640 
0 280 291 640 
0 280 290 640 
0 279 289 640 
0 278 289 640 
0 277 288 640 
0 277 287 640 
0 276 287 640 
0 276 286 640 
0 275 285 640 
0 275 285 357 358 640 
0 275 284 358 359 640 
0 274 284 358 360 640 
0 273 283 358 361 640 
0 273 283 359 362 640 
0 273 282 359 363 640 
0 272 282 360 364 640 
0 272 281 360 365 640 
0 271 281 352 353 360 366 640 
0 271 280 352 354 361 367 640 
0 271 280 353 354 361 367 640 
0 271 279 293 297 353 355 362 368 640 
0 270 279 289 296 353 356 362 369 640 
0 270 278 286 294 354 357 363 370 640 
0 270 278 283 293 354 358 363 370 640 
0 269 278 280 291 355 358 364 371 640 
0 269 278 279 290 298 300 355 360 364 372 640 
0 269 289 292 299 355 360 365 373 640 
0 268 297 356 361 365 374 640 
0 268 295 356 362 365 374 640 
0 267 292 357 363 366 375 640 
0 264 290 357 363 366 376 640 
0 263 288 357 364 366 377 640 
0 261 286 358 365 367 378 640 
0 260 285 358 365 368 379 640 
0 218 221 260 283 358 366 368 380 640 
0 217 223 259 281 359 366 368 380 640 
0 216 226 259 280 359 381 640 
0 216 228 258 279 360 382 640 
0 216 230 258 279 360 382 640 
0 216 231 258 280 361 383 640 
0 217 233 257 279 361 383 640 
0 218 235 243 279 361 384 640 
0 219 237 241 278 361 384 640 
0 220 278 360 385 640 
0 221 277 359 385 640 
0 222 277 358 386 640 
0 223 276 357 387 640 
0 224 275 356 387 640 
0 225 274 355 388 640 
0 225 273 355 389 640 
0 226 273 354 389 640 
0 226 274 354 390 640 
0 227 274 353 391 640 
0 227 275 353 391 640 
0 228 276 353 392 640 
0 228 276 355 392 640 
0 228 277 355 393 640 
0 228 278 356 394 640 
0 228 278 357 394 640 
0 227 279 358 395 640 
0 227 279 360 395 640 
0 227 280 360 396 640 
0 226 280 362 396 640 
0 226 280 362 397 640 
0 225 280 363 398 640 
0 225 281 364 398 640 
0 210 220 224 281 365 399 416 433 640 
0 202 282 366 371 373 399 411 443 640 
0 195 283 367 369 374 400 408 449 640 
0 191 285 374 400 405 450 640 
0 189 287 375 401 402 453 640 
0 187 289 375 455 640 
0 185 290 376 457 640 
0 183 292 376 459 640 
0 181 294 377 460 640 
0 180 295 377 462 640 
0 179 296 378 463 640 
0 178 298 378 464 640 
0 177 298 378 465 640 
0 176 298 379 466 640 
0 175 277 279 280 287 297 380 466 640 
0 174 275 289 297 380 468 640 
0 173 274 293 296 380 469 640 
0 172 273 380 470 640 
0 171 272 379 471 640 
0 170 271 378 472 640 
0 169 270 377 473 640 
0 168 270 376 474 640 
0 167 269 375 475 640 
0 166 268 374 476 640 
0 165 268 372 477 640 
0 164 269 372 478 640 
0 163 270 370 480 640 
0 162 271 370 481 640 
0 160 272 368 482 640 
0 160 273 367 483 640 
0 159 274 366 484 640 
0 158 275 365 485 640 
0 156 275 365 486 640 
0 156 276 364 487 640 
0 155 277 363 488 640 
0 154 278 363 489 640 
0 153 279 362 490 640 
0 152 279 361 491 640 
0 151 280 360 492 640 
0 150 281 359 493 640 
0 150 282 359 494 640 
0 148 282 358 495 640 
0 147 283 357 496 640 
0 147 283 357 496 640 
0 146 284 356 497 640 
0 145 285 356 498 640 
0 144 285 355 499 640 
0 143 286 355 500 640 
0 143 286 355 501 640 
0 142 286 354 502 640 
0 141 287 354 503 640 
0 140 287 354 504 640 
0 139 287 354 506 640 
0 138 288 354 507 640 
0 138 288 354 508 640 
0 137 288 353 510 640 
0 136 288 353 511 640 
0 135 288 353 512 640 
0 133 289 353 514 640 
0 132 289 353 515 640 
0 131 289 353 516 640 
0 130 290 353 518 640 
0 129 290 352 520 640 
0 128 290 352 522 640 
0 127 290 352 525 640 
0 126 290 352 527 640 
0 125 290 352 531 640 
0 124 290 352 539 640 
0 122 290 352 549 640 
0 120 290 352 564 640 
0 119 290 352 586 640 
0 117 290 352 597 640 
0 115 290 352 606 640 
0 113 290 352 613 640 
0 111 290 352 620 640 
0 110 290 352 622 640 
0 108 290 352 625 640 
0 106 290 352 629 640 
0 104 290 352 636 640 
0 102 290 351 639 640 
0 100 290 352 
0 96 290 352 
0 93 290 352 
0 90 290 352 355 356 
0 87 290 352 355 357 
0 83 287 289 290 353 355 357 
0 79 283 285 286 353 355 358 
0 76 282 285 287 353 354 358 
0 73 282 285 287 359 
0 69 281 285 287 359 
0 66 281 286 287 359 
0 62 280 360 
0 58 280 361 
0 55 279 361 375 377 381 383 
0 53 278 362 375 378 382 384 
0 50 277 363 376 378 382 385 
0 47 273 274 276 365 366 368 378 379 382 385 
0 44 256 262 265 267 272 370 372 375 381 385 
0 41 254 261 264 267 270 377 381 386 
0 39 254 266 270 380 381 387 
0 36 254 265 267 387 
0 33 254 387 
0 31 254 387 
0 28 254 387 
0 25 254 387 
0 23 254 387 
0 20 254 386 
0 18 255 385 
0 16 255 385 
0 13 256 384 
0 11 256 384 
0 9 256 384 
0 8 256 385 
0 6 252 390 
0 5 247 393 
0 4 246 394 
0 2 245 395 
0 2 245 396 
244 397 
242 400 
239 402 
236 405 
235 406 
233 407 
232 408 
231 410 460 461 
223 225 230 411 415 417 461 463 
222 418 462 464 
222 419 463 465 
222 419 464 466 
222 418 465 467 
224 416 466 468 
225 415 466 469 
226 414 467 471 
227 413 469 472 
228 412 470 474 
229 411 470 475 
230 411 471 476 
230 410 471 478 
231 410 472 479 
232 409 472 480 
232 408 473 482 
234 407 473 484 
166 167 235 406 474 485 
165 167 236 405 474 486 
164 166 236 404 475 487 
162 166 237 403 475 490 
161 165 238 315 317 403 476 492 
160 165 238 309 323 402 477 493 
158 165 239 307 330 402 482 496 
157 164 239 307 333 401 483 497 
156 164 240 308 334 401 
154 164 240 312 334 400 
153 163 241 311 333 400 
151 163 241 310 330 399 
150 162 242 310 331 399 
149 160 242 311 331 398 
148 158 243 310 332 398 
147 155 243 310 333 397 
146 150 243 309 333 397 
144 147 244 309 321 323 334 396 480 486 
245 308 319 324 335 396 480 513 
245 307 317 325 335 395 481 514 
245 306 316 325 336 395 481 516 
246 306 315 326 336 395 482 517 
246 305 315 326 337 394 485 518 
247 304 314 327 338 394 492 520 
247 304 314 328 338 393 499 521 
247 303 313 328 339 393 
156 158 248 303 313 327 339 393 
153 157 248 302 313 325 340 392 
148 155 248 302 313 325 340 392 594 599 
145 152 249 301 314 325 340 392 597 611 
141 149 249 301 315 324 340 392 599 622 
135 146 250 301 316 324 341 392 603 634 
129 142 250 301 317 324 341 391 605 640 
127 137 250 300 317 324 341 391 483 487 608 640 
125 133 250 300 317 324 341 390 483 494 610 640 
124 129 250 300 317 324 341 391 483 504 531 537 613 640 
124 125 250 300 317 323 341 391 483 538 567 572 617 640 
249 300 317 323 341 391 483 540 567 578 621 640 
249 300 319 322 341 391 484 541 569 585 625 640 
249 300 342 391 484 543 571 591 628 640 
154 156 249 300 342 391 484 544 572 600 632 640 
151 157 250 300 342 390 484 546 574 606 635 640 
148 156 250 300 342 390 485 548 565 567 575 610 
145 156 251 299 342 389 485 550 565 569 577 614 
141 156 251 299 342 389 485 551 566 572 578 620 
137 156 252 299 342 388 395 396 485 553 567 575 579 626 
134 155 252 299 342 388 485 555 567 578 581 633 
130 155 252 299 342 388 486 557 568 580 583 637 
125 155 249 250 252 299 342 388 390 391 486 559 569 640 
120 155 249 251 253 299 342 387 389 392 486 561 569 640 
115 154 248 251 253 299 342 387 389 392 486 562 570 640 
109 154 247 252 253 299 342 387 388 393 486 564 571 640 
48 50 105 154 247 252 253 299 342 387 388 393 486 566 572 640 
45 48 104 154 247 299 342 394 487 568 574 640 
42 47 80 87 103 154 247 298 342 394 487 570 574 640 
39 45 76 87 102 154 247 297 348 394 487 572 575 640 
37 44 74 86 101 153 247 290 351 394 487 574 576 640 
35 42 72 85 100 153 247 287 354 393 487 576 577 640 
33 40 69 84 98 153 247 285 319 322 357 393 488 640 
31 39 67 83 97 153 247 282 318 323 359 393 488 640 
29 38 65 83 86 89 96 153 247 280 317 324 361 393 488 640 
26 37 63 82 85 90 95 153 248 277 317 324 364 393 488 640 
25 35 61 81 83 90 94 152 248 275 317 324 366 393 488 640 
23 33 58 80 82 89 92 152 248 272 317 324 369 392 489 640 
20 32 56 79 81 89 91 152 249 270 317 324 371 392 489 640 
18 31 54 88 90 152 249 267 317 324 374 392 489 640 
16 31 32 33 52 88 89 152 249 265 317 324 376 391 489 640 
15 33 49 87 88 152 248 263 317 324 379 391 490 640 
12 30 47 151 249 260 317 324 382 389 490 640 
10 29 45 151 250 258 317 323 384 390 490 640 
8 28 42 151 250 255 317 323 386 390 490 640 
7 26 40 150 250 253 317 323 389 391 490 640 
5 24 38 150 250 251 317 323 490 640 
3 23 35 150 317 323 491 640 
2 21 33 150 317 323 491 640 
0 20 31 150 317 323 491 640 
0 18 29 150 317 323 491 640 
0 17 27 149 317 323 491 640 
0 15 25 149 317 323 491 640 
0 14 23 149 294 295 317 323 345 347 491 640 
0 12 21 149 291 296 317 323 345 350 492 640 
0 11 20 149 289 295 317 323 345 352 492 640 
0 9 18 149 287 295 317 323 345 353 492 640 
0 8 16 149 285 295 317 323 345 355 492 640 
0 7 14 149 283 295 317 323 345 358 492 640 
0 5 12 148 281 295 317 323 346 360 492 640 
0 4 10 148 280 295 318 322 346 362 492 640 
0 3 9 148 278 295 318 322 346 363 492 640 
6 148 276 295 319 322 346 365 492 640 
4 148 274 295 319 322 346 367 492 640 
2 148 272 295 319 322 346 369 492 640 
0 148 270 295 318 322 346 371 493 640 
0 148 269 295 318 322 346 372 493 640 
0 147 267 295 318 322 346 374 493 640 
0 147 265 294 318 323 346 376 493 640 
0 147 263 294 317 323 346 378 493 640 
0 147 262 294 317 324 346 380 493 640 
0 147 260 294 316 324 347 381 493 640 
0 147 258 294 316 324 347 383 493 640 
0 147 256 294 316 325 347 385 493 640 
0 147 254 294 315 325 347 387 493 640 
0 147 252 291 315 325 353 389 493 640 
0 147 250 285 315 326 357 391 493 640 
0 147 249 281 314 327 361 393 493 640 
0 147 246 278 314 327 364 396 493 640 
0 147 242 274 313 327 367 400 493 640 
0 147 240 271 313 328 371 401 493 640 
0 148 239 269 312 328 374 402 493 640 
0 148 238 266 312 329 377 403 493 640 
0 148 237 262 311 329 380 403 493 640 
0 148 238 258 311 330 384 403 493 640 
0 148 238 256 310 330 387 403 493 640 
0 148 238 252 310 331 390 402 493 640 
0 148 238 248 309 331 394 402 493 640 
0 148 238 245 309 332 397 402 493 640 
0 148 238 242 308 332 493 640 
0 148 308 333 493 640 
0 148 308 333 493 640 
0 148 307 334 493 640 
0 148 307 334 493 640 
0 148 306 334 493 640 
0 148 306 335 493 640 
0 148 306 335 493 640 
0 148 305 336 493 640 
0 148 305 336 493 640 
0 148 304 337 493 640 
0 147 303 338 493 640 
0 147 302 339 493 640 
0 147 301 341 494 640 
0 147 299 343 494 640 
0 147 297 345 494 640 
0 146 294 347 494 640 
0 146 292 350 495 640 
0 146 289 353 495 640 
0 145 286 356 495 640 
0 145 283 359 496 640 
0 144 280 362 496 640 
0 144 278 364 497 640 
0 143 275 367 497 640 
0 143 272 370 498 640 
0 142 269 372 498 640 
0 142 267 375 499 640 
0 141 264 376 500 640 
0 140 262 379 500 640 
0 139 260 382 501 640 
0 139 257 384 502 640 
0 138 255 386 503 640 
0 137 253 389 503 640 
0 136 250 391 504 640 
0 135 248 394 505 640 
0 135 245 396 505 640 
0 134 243 399 506 640 
0 133 240 401 420 423 508 640 
0 131 219 222 238 404 418 422 510 640 
0 130 219 223 235 406 416 422 514 640 
0 130 219 225 232 410 414 423 519 640 
0 129 219 422 522 640 
0 129 219 422 524 640 
0 127 219 422 528 640 
0 126 219 422 530 640 
0 125 219 422 536 640 
0 125 219 422 541 640 
0 124 219 422 544 640 
0 123 219 422 548 640 
0 122 219 422 552 640 
0 121 219 422 555 640 
0 120 219 422 558 640 
0 119 219 422 560 640 
0 118 219 422 562 640 
0 117 219 422 564 640 
0 117 220 422 566 640 
0 116 220 422 569 640 
0 115 220 422 571 640 
0 114 220 422 573 640 
0 113 220 421 574 640 
0 112 220 421 575 640 
0 112 220 421 577 640 
0 111 220 421 578 640 
0 110 220 421 579 640 
0 109 221 421 580 640 
0 109 221 421 582 640 
0 108 221 421 584 640 
0 107 221 421 585 640 
0 106 221 421 587 640 
0 105 221 421 588 640 
0 105 221 420 589 640 
0 104 221 420 590 640 
0 104 222 420 592 640 
0 103 222 420 593 640 
0 102 222 420 594 640 
0 101 222 420 595 640 
0 101 222 420 597 640 
0 100 222 420 598 640 
0 99 222 420 599 640 
0 99 223 420 600 640 
0 98 223 420 601 640 
0 97 223 420 603 640 
0 96 223 420 604 640 
0 95 223 420 605 640 
0 95 223 420 606 640 
0 94 223 420 607 640 
0 94 224 420 608 640 
0 93 224 420 609 640 
0 92 224 420 610 640 
0 91 224 420 610 640 
0 90 224 420 611 640 
0 90 224 420 612 640 
0 89 225 420 613 640 
0 88 225 420 614 640 
0 88 225 420 615 640 
0 87 225 420 616 640 
0 86 225 420 617 640 
0 86 226 420 618 640 
0 85 226 420 619 640 
0 84 226 420 620 640 
0 83 226 420 621 640 
0 83 226 420 621 640 
0 82 226 420 623 640 
0 81 227 420 624 640 
0 80 227 420 626 640 
0 80 227 420 628 640 
0 79 227 420 629 640 
0 78 227 420 631 640 
0 77 227 420 633 640 
0 76 228 420 635 640 
0 75 228 420 636 640 
0 74 228 420 638 640 
0 74 228 420 639 640 
0 73 228 420 
0 72 228 420 
0 71 229 420 
0 70 229 420 
0 69 229 420 
0 68 229 420 
0 67 230 420 
0 66 230 420 
0 66 230 420 
0 65 230 420 
0 64 230 420 
0 63 230 420 
0 62 231 420 
0 61 231 420 
0 61 231 420 
