0 307 334 640 
0 307 334 640 
0 307 334 640 
0 306 334 640 
0 306 334 640 
0 306 334 640 
0 306 334 640 
0 306 334 640 
0 306 334 640 
0 306 334 640 
0 306 334 640 
0 306 334 640 
0 306 334 640 
0 306 334 640 
0 306 334 640 
0 306 334 640 
0 306 334 640 
0 306 334 640 
0 306 334 640 
0 306 334 640 
0 306 334 640 
0 306 334 640 
0 306 334 640 
0 306 334 640 
0 306 334 640 
0 306 334 640 
0 306 334 640 
0 306 334 640 
0 306 334 640 
0 306 334 640 
0 307 334 640 
0 307 334 640 
0 307 333 640 
0 307 333 640 
0 307 333 640 
0 307 333 640 
0 307 333 640 
0 307 333 640 
0 307 333 640 
0 307 333 640 
0 308 333 640 
0 308 333 640 
0 308 332 640 
0 308 332 640 
0 308 332 640 
0 308 332 640 
0 309 332 640 
0 309 332 640 
0 309 332 640 
0 309 331 640 
0 309 331 640 
0 309 331 640 
0 310 331 640 
0 310 331 640 
0 310 330 640 
0 310 330 640 
0 310 330 640 
0 311 330 640 
0 311 330 640 
0 311 329 640 
0 311 329 640 
0 312 329 640 
0 312 329 640 
0 312 329 640 
0 312 328 640 
0 313 328 640 
0 313 328 640 
0 313 328 640 
0 313 327 640 
0 313 327 640 
0 314 327 640 
0 314 327 640 
0 314 326 640 
0 314 326 640 
0 315 326 640 
0 315 325 640 
0 315 325 640 
0 315 325 640 
0 315 325 640 
0 316 325 640 
0 316 324 640 
0 316 324 640 
0 317 324 640 
0 317 323 640 
0 317 323 640 
0 317 323 640 
0 318 322 640 
0 318 322 640 
0 318 322 640 
0 318 322 640 
0 319 322 640 
0 319 322 640 
0 319 321 640 
0 319 321 640 
0 319 321 640 
0 319 321 640 
0 320 321 640 
0 320 321 640 
0 320 321 640 
0 640 
0 640 
0 640 
0 640 
0 640 
0 640 
0 640 
0 640 
0 640 
0 640 
0 640 
0 640 
0 640 
0 640 
0 640 
0 640 
0 640 
0 640 
0 330 331 640 
0 330 332 640 
0 330 332 640 
0 330 332 640 
0 330 333 640 
0 330 333 640 
0 330 335 640 
0 330 336 640 
0 329 336 640 
0 329 336 640 
0 329 335 640 
0 330 336 640 
0 330 338 640 
0 330 340 640 
0 330 337 338 340 640 
0 329 337 338 341 640 
0 328 329 330 340 640 
0 328 329 330 338 640 
0 328 332 333 339 640 
0 328 330 333 343 640 
0 328 329 332 350 640 
0 328 353 640 
0 326 355 640 
0 324 356 640 
0 323 357 640 
0 322 359 640 
0 320 360 640 
0 319 361 640 
0 318 362 640 
0 316 362 640 
0 316 363 640 
0 315 364 640 
0 314 365 640 
0 313 366 640 
0 313 366 640 
0 312 367 640 
0 312 367 640 
0 312 368 640 
0 312 369 640 
0 311 369 640 
0 311 370 640 
0 310 371 640 
0 310 372 640 
0 310 375 640 
0 310 383 640 
0 309 392 640 
0 309 399 640 
0 309 402 640 
0 309 405 640 
0 309 407 640 
0 308 409 640 
0 308 410 640 
0 308 412 640 
0 308 413 640 
0 307 415 640 
0 307 416 640 
0 306 417 640 
0 304 418 640 
0 302 420 640 
0 300 421 640 
0 298 423 640 
0 296 425 640 
0 294 426 640 
0 293 427 640 
0 291 429 640 
0 290 430 640 
0 288 431 640 
0 287 432 640 
0 286 434 640 
0 285 435 640 
0 283 435 640 
0 282 436 640 
0 281 437 640 
0 279 437 640 
0 278 434 435 437 640 
0 277 432 435 437 640 
0 276 430 435 437 640 
0 275 429 435 436 640 
0 274 428 435 436 640 
0 273 425 435 436 640 
0 272 424 435 436 640 
0 271 424 435 436 640 
0 270 423 434 436 640 
0 269 422 434 436 640 
0 268 422 434 436 640 
0 267 422 434 436 640 
0 266 421 434 436 640 
0 266 421 434 435 640 
0 265 421 433 435 640 
0 264 422 433 435 640 
0 263 424 433 435 640 
0 263 425 432 434 640 
0 262 421 423 427 432 434 640 
0 262 421 425 428 431 433 640 
0 261 415 417 420 426 432 640 
0 261 407 418 419 429 431 640 
0 260 402 417 419 640 
0 260 398 417 418 640 
0 260 395 416 418 640 
0 260 392 416 417 640 
0 260 262 264 390 415 417 640 
0 261 262 265 388 415 417 640 
0 261 262 266 386 414 416 640 
0 261 262 267 384 414 416 640 
0 261 262 267 382 413 415 640 
0 261 263 268 381 413 414 640 
0 261 263 268 380 412 414 640 
0 261 263 268 378 411 412 640 
0 261 263 268 377 410 411 640 
0 262 263 268 378 409 410 640 
0 262 263 268 380 408 410 640 
0 262 263 268 373 377 385 406 408 640 
0 262 263 268 355 360 372 380 388 404 407 640 
0 262 263 268 283 285 355 368 370 384 392 402 406 640 
0 262 263 268 276 294 355 368 369 387 404 640 
0 262 263 268 271 297 355 367 368 391 401 640 
0 262 263 267 271 299 355 366 367 640 
0 262 268 270 272 302 355 365 366 640 
0 263 267 272 274 304 355 364 366 640 
0 264 265 273 274 305 356 363 365 640 
0 273 275 307 356 362 364 640 
0 274 276 307 356 360 363 640 
0 275 277 307 356 359 362 640 
0 276 277 305 360 640 
0 277 278 304 307 309 359 640 
0 278 279 302 306 309 358 640 
0 279 280 300 304 309 357 640 
0 280 282 298 303 308 357 640 
0 281 284 295 301 309 357 640 
0 282 299 309 357 640 
0 285 294 309 357 640 
0 307 358 640 
0 305 358 640 
0 304 360 640 
0 304 360 640 
0 304 361 640 
0 304 362 640 
0 304 359 360 362 640 
0 305 307 308 358 361 362 640 
0 309 358 361 362 640 
0 309 359 640 
0 309 359 640 
0 309 359 640 
0 308 359 640 
0 308 359 640 
0 307 360 640 
0 307 360 640 
0 307 360 640 
0 307 361 640 
0 308 361 640 
0 309 361 640 
0 309 362 640 
0 310 362 640 
0 312 314 315 363 640 
0 314 364 640 
0 314 365 640 
0 314 365 640 
0 314 366 640 
0 313 366 640 
0 313 366 640 
0 312 367 640 
0 312 367 640 
0 312 367 640 
0 311 367 640 
0 311 367 640 
0 310 367 640 
0 310 366 640 
0 310 366 640 
0 309 365 640 
0 309 365 640 
0 309 365 640 
0 308 365 640 
0 308 365 640 
0 308 366 640 
0 308 366 640 
0 308 366 640 
0 307 362 365 366 640 
0 307 361 365 366 640 
0 307 360 640 
0 307 360 640 
0 307 360 640 
0 306 360 640 
0 306 360 640 
0 306 360 640 
0 306 360 640 
0 306 360 640 
0 305 360 640 
0 305 360 640 
0 305 359 640 
0 305 359 640 
0 305 359 640 
0 305 358 640 
0 305 359 360 361 640 
0 305 362 640 
0 305 362 640 
0 304 362 640 
0 304 362 640 
0 304 362 640 
0 304 362 640 
0 304 361 640 
0 304 361 640 
0 304 360 640 
0 303 360 640 
0 303 361 640 
0 303 361 640 
0 303 362 640 
0 303 362 640 
0 303 362 640 
0 303 363 640 
0 302 363 640 
0 302 364 640 
0 302 364 640 
0 302 365 640 
0 302 365 640 
0 301 366 640 
0 301 366 640 
0 301 367 640 
0 300 367 640 
0 300 368 640 
0 300 368 640 
0 300 369 640 
0 299 369 640 
0 299 370 640 
0 299 371 640 
0 299 371 640 
0 298 372 640 
0 298 372 640 
0 298 373 640 
0 298 373 640 
0 297 374 640 
0 297 374 640 
0 297 375 640 
0 296 376 640 
0 296 376 640 
0 295 377 640 
0 295 377 640 
0 295 378 640 
0 294 378 640 
0 294 379 640 
0 294 379 640 
0 293 380 640 
0 293 381 640 
0 293 381 640 
0 292 382 640 
0 292 382 640 
0 291 382 640 
0 291 382 640 
0 290 383 640 
0 290 383 640 
0 290 384 640 
0 289 384 640 
0 289 385 640 
0 288 385 640 
0 288 385 640 
0 288 386 640 
0 287 386 640 
0 287 386 640 
0 286 386 640 
0 286 387 640 
0 285 387 640 
0 285 387 640 
0 285 387 640 
0 284 387 640 
0 284 386 640 
0 283 385 640 
0 283 384 640 
0 283 384 640 
0 283 384 640 
0 282 384 640 
0 282 385 640 
0 283 385 640 
0 285 385 640 
0 287 385 640 
0 287 385 640 
0 286 384 640 
0 286 380 640 
0 286 376 640 
0 285 374 640 
0 285 373 640 
0 285 372 640 
0 285 372 640 
0 284 286 288 371 640 
0 289 371 640 
0 293 370 640 
0 307 369 640 
0 310 367 640 
0 312 361 640 
0 314 359 640 
0 315 357 640 
0 317 330 332 356 640 
0 318 329 333 355 640 
0 318 329 334 353 640 
0 319 329 334 352 640 
0 320 329 334 350 640 
0 320 329 334 343 640 
0 320 329 335 343 640 
0 321 329 335 343 640 
0 321 329 335 343 640 
0 321 329 335 343 640 
0 320 329 334 343 640 
0 319 330 333 343 640 
0 317 344 640 
0 315 344 640 
0 315 345 640 
0 315 345 640 
0 314 345 640 
0 314 345 640 
0 314 345 640 
0 315 345 640 
0 316 345 640 
0 317 330 332 344 640 
0 319 329 334 344 640 
0 320 328 335 343 640 
0 640 
0 640 
0 640 
0 640 
0 640 
0 640 
0 640 
0 640 
0 640 
0 640 
0 640 
0 640 
0 640 
0 640 
0 640 
0 640 
0 640 
0 640 
0 640 
0 640 
0 640 
0 640 
0 640 
0 640 
0 640 
0 640 
0 640 
0 640 
0 640 
0 640 
0 640 
0 640 
0 640 
0 640 
0 640 
0 640 
0 640 
0 640 
0 640 
0 640 
0 640 
0 640 
0 640 
0 640 
0 640 
0 640 
0 640 
0 640 
0 640 
0 640 
