






















382 383 
376 385 
370 386 
365 388 
361 388 
358 390 
355 391 
352 392 
350 393 
348 393 
346 394 
344 395 
342 395 
340 394 
339 395 
337 395 
336 396 
335 396 
333 397 
333 397 
264 283 332 397 
259 288 332 397 
254 292 314 329 332 396 
250 295 310 395 
247 297 308 396 
244 298 306 397 
241 299 305 397 
238 300 304 398 
235 300 303 398 
234 301 302 398 
234 398 
233 398 
233 398 
233 397 
233 397 
232 397 
232 398 
232 399 
232 399 
232 399 
232 399 
233 399 
233 399 
234 399 
235 399 
235 398 
235 399 
236 399 
236 399 
237 399 
237 399 
238 399 
238 399 
239 399 
240 399 
240 398 
240 398 
240 398 
241 398 
241 398 
242 398 
242 397 
243 397 
244 397 
245 398 
246 397 
245 397 
245 376 378 396 
246 377 381 396 
246 378 387 395 
247 378 
248 379 
249 380 
249 380 
250 381 
251 382 
251 383 
251 384 
251 385 
252 386 
253 386 
254 387 
255 388 
256 389 
257 390 
259 390 
261 391 
262 392 
262 392 
262 393 
262 394 
262 394 
262 395 
262 395 
262 395 
262 395 
262 395 
262 395 
262 395 
262 394 
263 393 
263 393 
264 383 385 388 
264 379 
264 380 
265 380 
265 380 
266 380 
266 380 
267 380 
267 380 
267 381 
268 381 
269 381 
269 382 
270 382 
270 382 
270 382 
270 382 
270 382 
270 381 
270 382 
270 382 
270 382 
270 382 
270 382 
270 382 
268 382 
267 382 
267 382 
267 382 
267 382 
267 382 
267 382 
267 382 
267 382 
267 382 
267 381 
267 381 
267 381 
267 381 
266 381 
266 381 
266 374 375 381 
266 373 375 380 
266 373 375 380 
266 373 375 380 
266 373 375 380 
266 373 375 380 
266 373 375 380 
266 373 375 380 
266 305 306 373 375 380 
266 304 306 373 375 380 
265 304 306 373 375 380 
265 304 305 373 375 380 
265 303 305 373 376 380 
265 303 305 373 376 380 
264 372 376 380 
264 372 376 380 
265 372 376 380 
267 372 378 380 
267 372 379 380 
267 372 
266 372 
266 373 
266 375 
265 377 
265 378 
265 380 
265 381 
264 382 
263 384 
262 385 
262 386 
261 387 
260 387 
259 388 
259 389 
259 390 
258 391 
257 391 
256 392 
255 392 
254 393 
254 393 
253 393 
253 393 
252 394 
251 394 
250 394 
250 394 
249 394 
248 394 
248 395 
247 395 
247 395 
247 395 
246 395 
245 395 
244 396 
243 396 
243 396 
242 396 
241 397 
241 397 
241 397 
241 397 
239 398 
239 398 
238 398 
237 398 
237 398 
236 399 
236 399 
235 399 
235 399 
234 258 259 400 
234 257 259 400 
233 257 259 400 412 415 
233 257 258 401 407 416 
232 402 404 416 
232 416 
231 415 
231 415 
230 415 
230 414 
229 414 
229 414 
229 413 
229 413 
228 413 
227 413 
227 412 
226 412 
226 412 
226 412 
227 412 
226 412 
225 248 250 412 
224 246 250 412 
224 246 251 412 
223 246 252 412 
223 246 252 413 
223 246 252 413 
223 245 252 413 
222 245 253 414 
222 244 252 414 
222 244 252 415 
222 244 252 415 
222 243 252 415 
221 242 252 416 
220 242 252 416 
220 242 251 417 
220 243 251 417 
220 242 251 417 
220 242 251 418 
220 241 251 289 290 418 
219 241 251 289 290 419 
219 241 251 289 290 419 
219 240 250 289 291 419 
219 240 250 289 291 420 
219 240 250 289 291 420 
219 240 250 289 292 420 
218 239 250 289 292 421 
218 239 250 289 292 421 
217 239 250 289 292 422 
217 239 250 288 293 422 
217 238 250 288 293 422 
217 238 250 288 293 423 
217 238 249 288 293 423 
216 238 249 288 293 423 
216 238 249 288 294 424 
216 238 249 288 294 424 
216 237 248 288 294 424 
216 237 248 288 294 425 
216 237 247 288 294 425 
216 237 246 288 294 426 
216 237 246 288 295 426 
215 237 246 288 295 427 
215 236 245 288 295 427 
215 236 245 288 295 428 
215 236 244 288 295 428 
215 236 243 288 295 428 
215 237 243 288 295 429 
215 236 242 288 295 429 
215 236 242 288 295 430 
216 236 241 288 295 430 
215 235 241 288 295 431 
215 236 240 288 295 431 
215 236 240 288 295 432 
215 237 239 288 295 432 
215 236 239 288 294 432 
215 236 238 288 294 433 
214 236 238 288 294 433 
214 288 294 434 
214 287 294 434 
215 287 294 435 
215 287 294 435 
215 287 294 435 
215 287 294 436 
214 287 293 436 
214 287 293 437 
214 287 293 437 
214 287 293 438 
214 287 293 438 
214 287 293 439 
213 287 293 439 
213 286 292 440 
213 286 292 440 
213 286 292 441 
213 286 292 441 
213 286 292 442 
213 286 292 442 
213 286 292 443 
213 286 292 443 
213 285 292 444 
213 285 292 444 
213 285 292 445 
213 285 292 445 
213 285 292 446 
213 285 292 446 
213 285 292 447 
213 285 292 447 
212 284 292 448 
213 284 293 448 
214 284 294 449 
213 284 293 449 
213 284 293 450 
212 284 292 450 
213 284 292 451 
213 283 291 451 
213 283 291 451 
213 283 290 451 
213 283 290 451 
213 283 290 451 
213 283 289 451 
213 283 289 451 
213 282 288 451 
213 282 288 451 
213 282 288 451 
213 282 287 452 
213 223 224 282 287 452 
214 222 223 282 286 451 
216 221 222 281 286 451 
216 220 222 281 286 450 
216 219 221 281 285 450 
216 219 221 281 285 450 
220 281 285 450 
219 280 285 450 
219 280 284 450 
219 280 284 449 
218 280 284 449 
218 279 283 449 
217 279 283 449 
217 279 283 449 
217 279 283 448 
217 279 282 448 
217 278 282 448 
217 278 282 448 
217 278 282 448 
217 278 281 447 
217 277 281 447 
217 277 281 447 
218 277 281 447 
218 276 280 447 
218 276 280 447 
218 276 280 447 
219 275 280 447 
219 275 280 447 
219 275 280 447 
219 274 279 447 
219 274 279 446 
219 274 279 446 
220 273 279 446 
220 273 278 446 
220 273 278 446 
220 272 278 446 
221 272 278 446 
222 271 277 446 
224 271 277 446 
225 271 277 446 
226 270 276 446 
226 270 276 445 
225 269 276 445 
225 269 275 444 
225 268 275 443 
225 268 275 442 
225 267 274 442 
224 267 274 442 
224 267 274 442 
224 266 273 441 
224 265 273 441 
224 265 272 441 
223 264 272 441 
223 264 271 441 
223 263 271 440 
223 263 270 440 
223 262 270 440 
223 262 270 440 
222 261 269 439 
222 261 269 439 
222 260 268 439 
222 259 267 439 
222 259 267 439 
222 258 267 438 
221 258 266 438 
221 257 266 438 
221 256 265 438 
221 256 265 437 
221 255 264 437 
220 255 264 437 
220 254 263 437 
220 254 263 436 
220 253 262 436 
220 252 262 436 
220 252 261 435 
220 251 261 435 
220 250 260 435 
220 250 260 434 
220 249 259 434 
220 249 259 433 
220 248 258 433 
220 248 257 433 
220 247 257 432 
220 246 257 432 
220 246 256 431 
220 245 255 431 
221 244 255 430 
221 244 255 430 
222 243 254 430 
222 242 254 430 
222 242 253 431 
223 241 253 431 
224 240 252 431 
224 240 252 432 
225 238 251 432 
226 238 251 432 
228 237 250 433 
229 237 250 433 
229 237 249 433 
228 238 249 433 
228 232 233 238 248 433 
227 232 233 238 248 433 
227 231 233 238 247 434 
227 231 233 238 247 434 
226 230 234 238 246 434 
228 229 234 238 246 434 
227 229 234 238 245 435 
236 238 245 435 
237 238 244 435 
244 435 
243 435 
243 436 
242 436 
242 437 
241 437 
241 437 
