0 640 
0 640 
0 640 
0 640 
0 640 
0 640 
0 640 
0 640 
0 640 
0 640 
0 640 
0 640 
0 640 
0 640 
0 640 
0 640 
0 640 
0 640 
0 640 
0 640 
0 640 
0 640 
0 640 
0 640 
0 640 
0 640 
0 640 
0 640 
0 640 
0 640 
0 640 
0 640 
0 640 
0 640 
0 640 
0 640 
0 640 
0 640 
0 640 
0 640 
0 640 
0 640 
0 640 
0 640 
0 640 
0 640 
0 640 
0 640 
0 640 
0 640 
0 640 
0 640 
0 640 
0 640 
0 640 
0 640 
0 640 
0 640 
0 640 
0 640 
0 640 
0 640 
0 640 
0 640 
0 640 
0 640 
0 640 
0 640 
0 640 
0 640 
0 640 
0 640 
0 640 
0 640 
0 640 
0 640 
0 640 
0 640 
0 640 
0 640 
0 640 
0 640 
0 640 
0 382 396 640 
0 378 397 640 
0 376 399 640 
0 374 397 398 400 640 
0 372 396 397 399 640 
0 370 399 640 
0 368 398 640 
0 366 398 640 
0 365 399 640 
0 364 399 640 
0 362 399 640 
0 361 398 640 
0 360 396 640 
0 359 395 640 
0 358 393 640 
0 357 392 640 
0 356 391 640 
0 355 389 640 
0 354 388 640 
0 353 386 640 
0 352 385 640 
0 351 385 640 
0 350 382 383 385 640 
0 349 381 640 
0 349 380 640 
0 348 380 640 
0 347 379 640 
0 347 376 640 
0 346 375 640 
0 346 374 640 
0 345 373 640 
0 345 371 640 
0 345 370 640 
0 344 368 640 
0 344 366 640 
0 344 365 640 
0 343 365 640 
0 343 363 640 
0 343 361 640 
0 343 360 640 
0 343 360 640 
0 342 359 640 
0 342 358 640 
0 342 357 640 
0 342 357 640 
0 342 356 640 
0 342 356 640 
0 342 356 640 
0 342 356 640 
0 341 356 640 
0 341 356 640 
0 341 356 640 
0 341 356 640 
0 341 356 640 
0 341 356 640 
0 341 357 640 
0 340 357 640 
0 340 357 640 
0 340 357 640 
0 340 357 640 
0 340 357 640 
0 340 357 640 
0 340 358 640 
0 340 358 640 
0 340 358 640 
0 340 361 640 
0 340 369 640 
0 339 373 640 
0 339 376 640 
0 337 379 640 
0 336 381 640 
0 334 382 640 
0 332 384 640 
0 330 385 640 
0 329 386 640 
0 328 387 640 
0 327 388 640 
0 326 389 640 
0 325 390 640 
0 324 391 640 
0 323 392 640 
0 322 392 640 
0 322 393 640 
0 321 394 640 
0 321 395 640 
0 320 395 415 422 640 
0 320 396 413 425 640 
0 319 397 411 427 640 
0 318 395 410 429 640 
0 317 395 410 417 419 430 640 
0 316 395 410 431 640 
0 316 396 410 432 640 
0 315 396 409 433 640 
0 315 396 408 434 640 
0 314 396 407 434 640 
0 313 396 409 413 416 435 640 
0 313 396 409 412 414 435 640 
0 312 396 410 411 413 436 640 
0 312 396 412 436 640 
0 312 395 411 437 640 
0 312 395 410 437 640 
0 312 394 409 438 640 
0 311 393 412 445 640 
0 311 392 413 447 640 
0 311 392 414 448 640 
0 311 391 415 450 640 
0 311 391 414 415 416 451 640 
0 311 385 386 390 414 451 640 
0 311 385 386 390 415 416 417 452 640 
0 311 386 388 390 418 453 640 
0 311 386 389 390 422 454 640 
0 311 387 389 390 423 454 640 
0 311 387 390 391 423 455 640 
0 311 388 425 456 640 
0 311 389 425 456 640 
0 311 389 424 457 640 
0 310 388 424 458 640 
0 311 388 424 459 640 
0 311 388 424 459 640 
0 311 388 426 460 640 
0 311 387 426 461 640 
0 311 387 426 462 640 
0 311 387 427 462 640 
0 311 387 428 463 640 
0 311 387 428 464 640 
0 311 387 429 465 640 
0 312 386 430 465 640 
0 312 386 430 466 640 
0 312 386 431 467 640 
0 312 386 432 467 640 
0 312 385 433 468 640 
0 312 385 433 469 640 
0 312 385 434 470 640 
0 312 384 434 470 640 
0 312 384 435 471 640 
0 313 384 436 471 640 
0 313 384 436 472 640 
0 313 384 434 472 640 
0 313 384 432 472 640 
0 313 385 430 472 640 
0 313 385 427 472 640 
0 313 385 425 472 640 
0 313 386 422 472 640 
0 313 386 419 471 640 
0 313 387 417 471 640 
0 314 387 414 471 640 
0 314 389 411 470 640 
0 314 391 408 470 640 
0 314 393 405 469 640 
0 314 394 403 469 640 
0 314 395 400 468 640 
0 314 395 398 467 640 
0 314 467 640 
0 314 466 640 
0 315 465 640 
0 315 463 640 
0 315 462 640 
0 315 461 640 
0 315 459 640 
0 315 457 640 
0 315 456 640 
0 315 454 640 
0 315 452 640 
0 315 450 640 
0 315 448 640 
0 315 446 640 
0 315 443 640 
0 315 441 640 
0 315 439 640 
0 315 437 640 
0 315 434 640 
0 315 432 640 
0 315 429 640 
0 315 427 640 
0 314 424 640 
0 313 421 640 
0 312 419 640 
0 311 416 640 
0 310 414 640 
0 309 412 640 
0 308 412 640 
0 306 413 640 
0 305 400 404 414 640 
0 304 400 405 414 640 
0 303 400 405 415 640 
0 302 401 406 416 640 
0 301 402 407 417 640 
0 299 402 408 418 640 
0 298 403 408 418 640 
0 297 403 409 419 640 
0 296 404 410 420 640 
0 295 404 410 421 640 
0 294 404 411 421 640 
0 292 405 412 422 640 
0 292 405 413 423 640 
0 290 406 413 423 640 
0 289 406 414 424 640 
0 288 406 414 425 640 
0 287 406 415 426 640 
0 286 406 415 426 640 
0 285 406 416 427 640 
0 284 406 416 428 640 
0 283 406 419 428 640 
0 282 406 419 429 640 
0 281 406 420 429 640 
0 280 405 421 430 640 
0 279 405 421 431 640 
0 278 405 422 431 640 
0 278 404 423 432 640 
0 277 404 424 432 640 
0 276 404 424 433 640 
0 276 403 425 434 640 
0 275 403 426 434 640 
0 275 402 426 435 640 
0 274 402 427 435 640 
0 274 401 428 436 640 
0 274 401 428 436 640 
0 274 400 429 436 640 
0 273 400 430 437 640 
0 273 400 431 437 640 
0 273 400 432 437 640 
0 273 399 433 438 640 
0 273 399 434 438 640 
0 275 399 434 438 640 
0 275 398 435 439 640 
0 274 398 437 439 640 
0 274 398 438 439 640 
0 274 398 640 
0 275 397 640 
0 275 397 640 
0 275 397 640 
0 276 396 640 
0 276 396 640 
0 276 277 278 396 640 
0 277 278 279 395 640 
0 277 278 279 395 640 
0 279 395 640 
0 278 395 640 
0 278 394 640 
0 279 394 640 
0 279 280 281 394 640 
0 279 280 281 394 640 
0 280 281 282 394 640 
0 280 393 640 
0 280 393 640 
0 280 282 283 393 640 
0 281 282 283 393 640 
0 281 283 284 393 640 
0 281 392 640 
0 282 284 285 393 640 
0 282 284 285 393 640 
0 282 393 640 
0 283 393 640 
0 283 286 287 394 640 
0 284 285 286 394 640 
0 284 287 288 394 640 
0 285 288 289 394 640 
0 286 288 290 395 640 
0 288 289 290 395 640 
0 287 395 640 
0 287 289 291 396 640 
0 287 289 290 396 640 
0 287 396 640 
0 287 288 289 396 640 
0 287 397 640 
0 287 397 640 
0 287 398 640 
0 287 398 640 
0 287 398 640 
0 287 399 640 
0 287 399 640 
0 287 400 640 
0 287 400 640 
0 286 401 640 
0 286 401 640 
0 286 402 640 
0 286 402 640 
0 285 403 640 
0 285 404 640 
0 285 405 640 
0 284 406 640 
0 284 406 640 
0 284 407 640 
0 283 408 640 
0 283 409 640 
0 283 410 640 
0 283 411 640 
0 283 412 640 
0 282 413 640 
0 282 414 640 
0 282 416 640 
0 281 417 640 
0 281 418 640 
0 281 419 640 
0 280 420 640 
0 280 421 640 
0 280 422 640 
0 280 423 640 
0 279 424 640 
0 279 426 640 
0 279 427 640 
0 278 428 640 
0 278 430 640 
0 278 431 640 
0 278 433 640 
0 278 435 640 
0 277 437 640 
0 277 440 640 
0 277 441 640 
0 277 442 640 
0 276 443 640 
0 276 440 441 443 640 
0 276 439 640 
0 275 435 640 
0 275 431 640 
0 275 428 640 
0 275 426 640 
0 274 423 640 
0 274 420 640 
0 274 418 640 
0 273 417 640 
0 273 414 640 
0 273 413 640 
0 273 412 640 
0 273 412 640 
0 274 275 276 412 640 
0 276 412 640 
0 275 412 640 
0 275 412 640 
0 275 412 640 
0 275 412 640 
0 274 412 640 
0 274 412 640 
0 274 412 640 
0 273 412 640 
0 273 412 640 
0 273 412 640 
0 272 285 286 370 372 412 640 
0 272 370 372 412 640 
0 272 370 372 413 640 
0 271 370 372 413 640 
0 271 277 278 370 372 413 640 
0 271 276 278 283 284 370 372 413 640 
0 270 276 277 282 284 323 324 370 372 413 640 
0 270 275 277 282 283 370 373 413 640 
0 269 274 277 281 283 322 323 370 373 413 640 
0 270 273 276 281 283 322 323 370 373 413 640 
0 276 281 282 321 323 370 373 413 640 
0 275 280 282 321 323 370 374 413 640 
0 275 280 281 320 322 370 374 413 640 
0 275 279 281 320 322 370 374 413 640 
0 274 278 281 319 323 370 374 413 640 
0 274 278 280 310 311 319 324 370 375 414 640 
0 274 277 280 310 311 318 325 330 331 370 375 414 640 
0 273 277 280 291 292 309 310 318 325 330 331 370 375 414 640 
0 273 276 279 290 292 309 310 317 325 329 332 370 375 414 640 
0 273 276 279 290 291 305 306 308 310 317 324 328 332 370 375 414 640 
0 272 275 279 284 285 289 291 308 310 317 324 328 332 370 375 414 640 
0 272 274 278 284 285 288 291 304 305 307 310 316 324 327 332 370 376 414 640 
0 271 273 278 283 285 288 290 303 305 307 310 316 323 327 332 370 376 414 640 
0 278 279 280 282 285 287 290 303 305 307 311 315 324 326 332 370 376 414 640 
0 277 279 280 281 284 286 290 297 299 303 305 306 311 315 324 326 332 370 376 414 640 
0 277 278 279 281 290 297 298 302 305 306 311 314 324 325 333 370 376 414 640 
0 290 296 298 301 304 305 311 314 333 370 377 414 640 
0 290 296 298 300 304 305 311 313 333 370 377 414 640 
0 290 295 333 370 377 414 640 
0 291 294 333 370 377 414 640 
0 334 370 377 414 640 
0 334 370 378 414 640 
0 334 370 378 414 640 
0 334 370 378 414 640 
0 334 370 378 414 640 
0 335 370 378 414 640 
0 335 370 378 414 640 
0 335 370 379 414 640 
0 335 370 379 414 640 
0 335 370 379 414 640 
0 335 370 379 414 640 
0 335 370 379 414 640 
0 335 370 380 414 640 
0 335 370 380 414 640 
0 336 370 380 414 640 
0 336 371 380 414 640 
0 337 371 380 414 640 
0 337 371 380 414 640 
0 337 371 380 414 640 
0 337 371 381 414 640 
0 338 371 381 414 640 
0 338 371 381 414 640 
0 338 371 381 414 640 
0 338 371 381 414 640 
0 338 371 382 414 640 
0 339 371 382 414 640 
0 339 371 382 414 640 
0 339 371 382 414 640 
0 339 371 382 414 640 
0 339 371 383 414 640 
