604 640 
604 640 
603 640 
602 640 
602 640 
602 640 
602 640 
601 640 
601 640 
601 640 
601 640 
601 640 
600 640 
600 640 
600 640 
600 640 
600 640 
600 640 
600 640 
599 640 
599 640 
599 640 
599 640 
599 640 
599 640 
599 640 
599 640 
599 640 
599 640 
599 640 
599 640 
599 640 
599 640 
599 640 
599 640 
599 640 
599 640 
599 640 
599 640 
600 640 
600 640 
600 640 
600 640 
600 640 
600 640 
600 640 
600 640 
599 640 
599 640 
599 640 
599 640 
599 640 
599 640 
599 640 
598 640 
598 640 
597 640 
596 640 
596 640 
595 640 
595 640 
595 640 
594 640 
594 640 
594 640 
593 640 
593 640 
593 640 
592 640 
592 640 
592 640 
591 640 
591 640 
591 640 
590 640 
590 640 
590 640 
589 640 
589 640 
588 640 
588 640 
588 640 
587 640 
587 640 
586 640 
586 640 
585 640 
585 640 
585 640 
585 640 
584 640 
584 640 
584 640 
584 640 
584 640 
583 640 
583 640 
582 640 
581 640 
581 640 
580 640 
580 640 
580 621 623 640 
580 620 624 640 
580 620 625 640 
580 619 625 640 
579 619 626 640 
579 618 626 640 
578 618 627 640 
578 618 627 640 
577 617 628 640 
576 616 629 640 
576 616 629 640 
575 616 630 640 
575 615 631 640 
575 615 631 640 
575 614 632 640 
574 614 632 640 
574 613 633 640 
574 613 634 640 
573 612 634 640 
573 612 635 640 
572 612 636 640 
572 612 637 640 
571 611 638 640 
571 611 638 640 
570 610 639 640 
570 610 
570 610 
569 609 
569 609 
569 609 
568 608 
568 608 
567 608 
566 607 
566 606 
565 606 
565 605 
564 605 
564 605 
563 604 
563 604 
563 603 639 640 
562 603 638 640 
562 603 638 640 
561 602 637 640 
561 601 636 640 
560 601 636 640 
560 600 635 640 
560 600 634 640 
560 599 634 640 
559 599 633 640 
318 326 558 599 632 640 
315 329 558 598 632 640 
308 330 557 598 631 640 
307 331 556 597 631 640 
307 332 556 597 630 640 
307 333 556 596 630 640 
306 334 555 596 629 640 
306 335 555 595 629 640 
306 336 554 595 629 640 
306 336 554 594 628 640 
306 337 554 593 628 640 
306 338 553 593 628 640 
306 338 553 593 627 640 
305 339 552 592 627 640 
305 339 551 592 627 640 
305 339 551 592 627 640 
306 340 550 592 627 640 
306 340 550 591 627 640 
306 340 549 590 627 640 
307 340 549 590 627 640 
308 340 548 589 626 640 
309 340 548 589 626 640 
310 340 547 588 626 640 
310 340 546 588 627 640 
310 340 546 587 626 640 
311 339 545 587 626 640 
311 339 544 586 626 640 
312 338 544 586 625 640 
313 337 544 586 624 640 
313 336 543 585 623 640 
314 335 542 584 621 640 
313 334 542 584 620 640 
312 333 542 583 620 640 
312 332 542 583 619 640 
311 332 541 582 618 640 
311 332 541 582 618 640 
311 333 540 581 618 640 
311 333 539 581 617 640 
310 333 539 580 618 640 
310 334 539 580 618 640 
309 334 538 579 618 640 
308 335 538 578 619 640 
307 335 538 578 620 640 
307 335 537 577 620 640 
306 335 536 577 621 640 
306 335 535 576 622 640 
305 335 535 576 623 640 
305 335 534 575 624 640 
304 335 533 574 624 640 
304 335 533 574 624 640 
303 335 532 573 623 640 
303 335 532 572 623 640 
303 335 532 572 622 640 
303 335 531 571 621 640 
303 335 531 571 620 640 
304 335 531 571 619 640 
304 335 530 570 618 640 
305 335 529 569 617 640 
306 335 529 569 615 640 
307 335 528 568 614 640 
308 335 528 568 613 640 
309 335 527 567 613 640 
309 336 526 566 611 640 
309 336 526 566 610 640 
309 336 526 565 609 640 
309 336 525 565 607 640 
308 337 524 565 606 640 
308 336 524 564 604 640 
307 336 523 563 603 640 
307 336 522 562 602 640 
306 336 522 562 601 640 
305 336 521 561 599 640 
305 336 521 561 598 640 
305 335 520 560 597 640 
304 335 519 560 596 640 
304 335 519 559 595 640 
304 334 518 558 595 640 
304 334 518 558 594 640 
304 334 517 557 593 640 
304 333 517 557 592 640 
303 333 516 556 591 640 
303 333 516 556 590 640 
302 333 515 555 589 640 
302 334 515 554 589 640 
302 334 514 554 588 640 
302 334 514 553 588 639 
302 334 513 553 587 638 
302 334 513 552 586 636 
302 335 512 551 586 636 
302 335 512 551 585 635 
302 335 511 550 585 634 
302 336 510 550 585 633 
301 336 510 549 585 632 
301 336 509 548 584 631 
301 337 509 548 584 630 
301 337 508 547 584 630 
301 337 508 547 583 630 
301 338 507 547 582 629 
301 338 507 546 581 629 
301 338 506 546 580 629 
300 339 505 545 579 629 
300 339 505 545 579 628 
300 339 504 544 577 628 
300 339 503 544 576 628 
300 340 503 543 576 628 
300 340 503 543 574 628 
300 340 502 542 573 628 
300 340 501 541 570 628 
300 341 501 541 568 628 
300 341 500 541 567 627 
300 341 500 540 565 628 
300 341 499 540 563 627 
300 342 498 539 562 627 
299 342 497 538 560 627 
299 342 497 538 558 627 
299 342 496 538 557 627 
299 342 496 537 555 627 
299 343 495 536 553 626 
299 343 495 536 552 626 
299 343 494 536 551 626 
299 343 494 535 549 626 
299 343 493 535 549 626 
299 343 492 534 550 626 
298 343 491 534 550 625 
298 344 491 533 550 625 
298 344 490 533 550 625 
298 344 490 532 550 624 
298 344 490 532 549 624 
298 344 490 531 549 624 
298 344 489 531 548 624 
298 344 489 530 547 623 
298 345 489 530 548 623 
298 345 489 529 548 622 
298 345 490 528 549 621 
298 345 490 526 549 621 
298 345 491 504 509 525 549 621 
298 345 493 501 511 523 549 572 574 621 
298 345 512 520 549 569 576 620 
298 346 550 569 576 619 
297 346 550 569 575 619 
297 346 550 569 574 619 
297 346 550 569 574 618 
297 346 551 617 
297 347 552 617 
297 347 552 616 
297 347 553 616 
297 347 554 615 
297 347 554 614 
297 347 411 418 555 613 
297 348 410 426 556 613 
296 348 409 431 558 612 
296 348 408 436 562 611 
296 348 408 441 565 611 
296 348 407 446 565 610 
296 349 407 453 564 609 
296 349 406 458 562 608 
296 349 405 464 559 607 
295 349 404 473 555 606 
295 349 404 477 552 605 
295 350 404 481 549 604 
295 350 403 488 544 603 
295 350 402 499 538 602 
295 350 401 515 526 601 
295 350 401 600 
295 350 401 599 
295 350 401 598 
295 350 401 596 
295 350 402 595 
295 350 402 594 
296 350 402 592 
296 350 402 590 
297 350 401 589 
299 329 340 350 401 587 
307 329 344 349 400 586 
311 329 399 585 
312 329 399 584 
313 329 399 583 
313 330 400 582 
314 330 400 581 
314 330 402 581 
314 330 403 580 
314 331 405 579 
312 331 410 578 
310 332 418 577 
305 332 425 577 
302 332 432 575 
300 332 446 574 
299 333 455 574 
298 333 465 573 
297 335 471 572 
297 340 479 571 
297 346 493 570 639 640 
297 348 507 568 638 640 
297 349 510 567 637 640 
298 350 510 566 636 640 
298 350 509 565 635 640 
299 349 506 563 634 640 
301 349 500 562 634 640 
303 346 497 561 633 640 
306 341 493 560 632 640 
310 338 480 558 632 640 
319 321 472 557 632 640 
453 556 632 640 
429 554 631 640 
408 553 631 640 
404 552 631 640 
403 550 631 640 
403 548 633 640 
402 546 634 640 
402 545 636 640 
403 543 636 640 
403 540 635 640 
403 539 635 640 
403 536 634 640 
404 535 634 640 
404 533 633 640 
404 530 633 640 
403 528 632 640 
404 525 631 640 
401 522 630 640 
399 520 630 640 
397 516 629 640 
396 512 629 640 
397 507 628 640 
397 501 627 640 
397 495 626 640 
400 487 626 640 
403 477 625 640 
406 468 624 640 
407 461 624 640 
408 454 624 640 
410 448 623 640 
412 441 622 640 
415 432 621 640 
621 640 
620 640 
619 640 
619 640 
618 640 
617 640 
617 640 
616 640 
615 640 
615 640 
615 640 
614 640 
613 640 
612 640 
612 640 
612 640 
611 640 
610 640 
609 640 
609 640 
608 640 
608 640 
607 640 
606 640 
606 640 
605 640 
605 640 
604 640 
603 640 
603 640 
602 640 
602 640 
601 640 
600 640 
600 640 
599 640 
599 640 
598 640 
598 640 
597 640 
596 640 
596 640 
595 640 
595 640 
594 640 
594 640 
593 640 
592 640 
592 640 
592 640 
591 640 
590 640 
590 640 
589 640 
589 640 
588 640 
588 640 
587 640 
587 640 
586 640 
586 640 
585 640 
585 640 
584 640 
584 640 
583 640 
582 640 
582 640 
582 640 
581 640 
580 640 
580 640 
580 640 
579 640 
579 640 
578 640 
578 640 
577 640 
577 640 
577 640 
576 640 
575 640 
575 640 
574 640 
574 640 
573 640 
573 640 
572 640 
572 640 
571 640 
572 640 
572 640 
572 640 
