













































































264 266 
262 270 
258 273 
256 276 
255 277 
253 278 
252 279 
246 249 251 280 
245 282 
245 289 
244 298 
244 301 
243 304 324 354 
243 305 318 363 
242 306 316 366 
242 307 314 370 
241 308 312 372 
240 308 311 374 
239 309 310 375 
238 376 
237 376 
237 376 
236 376 
235 376 
234 377 
234 377 
233 376 
232 375 
232 375 
231 375 
230 375 
230 375 
229 375 
228 374 
228 374 
227 374 
227 373 
226 373 
225 373 
224 372 
224 371 
223 371 
223 370 
222 369 
221 369 
221 368 
220 368 
220 367 
219 367 
219 366 
218 365 
218 364 
217 363 
217 362 
217 361 
216 360 
216 360 
215 359 
215 222 223 358 
214 220 223 357 
214 218 222 355 
214 215 221 355 
221 355 
220 356 
219 356 
218 356 
217 357 
216 357 
214 357 
213 358 
212 358 
211 358 
209 359 
208 359 
207 359 
206 359 
205 359 
204 360 
203 360 
202 360 
201 360 
201 360 
200 360 
200 360 
201 359 
201 359 
202 359 
203 359 
204 359 
205 359 
209 359 
211 214 215 359 
214 359 
214 359 
214 358 
214 358 
213 358 
213 358 
213 358 
213 357 
212 357 
212 356 
212 356 
212 356 
211 355 
211 354 
211 354 
210 353 
210 352 
210 351 
210 350 
210 349 
210 348 
209 347 
209 346 
209 338 340 345 
209 338 340 343 
208 337 
208 337 
208 337 
208 337 
208 336 
207 337 
207 337 
207 337 
207 337 
207 337 
207 338 
206 340 
206 340 
206 340 
206 339 
206 339 
206 339 
206 338 
206 338 
206 338 
206 338 
206 338 
206 338 
206 338 
206 319 320 338 
206 318 320 338 
206 316 320 338 
206 315 320 338 
206 314 320 338 
206 312 320 338 
207 311 320 338 
207 309 320 338 
207 308 320 338 
207 306 320 338 
207 305 320 338 
207 305 320 338 
207 305 320 338 
208 213 214 304 320 338 
208 213 215 304 320 338 
208 213 215 304 319 338 
208 212 215 306 319 338 
208 212 215 233 235 308 320 339 
208 212 216 232 236 309 320 339 
209 212 216 232 236 311 321 339 
209 212 216 222 223 231 237 312 322 336 337 338 
210 211 216 221 223 228 237 313 322 335 
216 221 223 228 237 314 322 334 
216 221 223 227 237 315 323 334 
216 220 223 227 237 316 323 334 
216 220 222 227 238 317 323 334 
216 220 222 226 238 318 323 334 
216 220 222 226 238 319 323 333 
215 219 222 225 238 320 323 333 
215 219 222 225 239 321 323 333 
215 219 222 224 239 322 323 332 
215 218 222 224 239 332 
215 218 222 224 240 332 
215 218 240 331 
215 218 240 331 
215 217 240 331 
216 217 240 331 410 414 
241 330 409 414 
241 330 392 404 409 414 
242 329 388 406 408 413 
242 329 385 413 
243 329 384 412 
243 330 382 413 
244 331 382 416 
244 331 381 418 
245 332 380 419 
247 333 380 421 
248 333 379 422 
248 334 379 423 
248 335 378 423 
248 335 378 424 
247 336 378 425 
247 336 377 425 
247 337 377 426 
247 338 377 426 
247 338 377 426 
246 339 376 427 
246 338 376 427 
246 338 376 427 
245 338 376 428 
245 339 376 428 
245 339 376 428 
244 340 376 428 
244 340 376 428 
245 341 376 428 
246 342 376 428 
250 342 376 428 
250 343 376 427 
250 343 376 427 
250 344 376 427 
250 344 376 427 
250 344 376 427 
250 345 377 427 
250 345 377 426 
250 346 377 426 
250 346 378 426 
250 347 378 426 
250 347 379 425 
250 347 379 425 
234 246 249 348 378 424 
231 348 377 424 
230 349 376 423 
230 349 375 423 
233 349 373 423 
235 350 370 422 
241 350 366 422 
248 350 363 421 
249 350 361 420 
249 351 360 420 
249 351 359 419 
249 351 358 419 
249 352 357 418 
249 352 357 417 
249 353 355 416 
249 353 354 415 
249 414 
249 412 
249 410 
249 407 
249 403 
249 400 
249 397 
249 394 
248 395 
248 395 
248 396 
248 397 
247 398 
247 398 
247 399 
247 399 
246 400 
246 400 
246 401 
246 401 
245 402 
245 403 
245 403 
245 404 
245 404 
244 405 
244 405 
244 406 
244 406 
243 407 
243 407 
243 408 
243 408 
243 409 
242 409 
242 410 
242 410 
242 410 
242 411 
241 411 
241 412 
241 412 
241 413 
241 413 
241 414 
240 414 
240 414 
240 415 
240 415 
240 416 
240 416 
240 417 
239 417 
239 417 
239 418 
239 418 
239 419 
239 419 
238 419 
238 420 
238 420 
238 420 
238 421 
238 421 
238 422 
237 422 
237 422 
237 423 
237 423 
237 423 
237 424 
237 424 
237 424 
237 425 
236 425 
236 425 
236 426 
236 426 
236 426 
236 427 
236 427 
236 427 
236 428 
236 428 
236 428 
236 429 
235 429 
235 429 
235 429 
235 430 
235 430 
235 430 
235 431 
235 431 
235 431 
235 431 
235 432 
235 432 
235 432 
235 432 
235 433 
235 433 
235 433 
235 434 
235 434 
235 434 
235 434 
235 435 
235 435 
235 435 
236 435 
236 435 
236 436 
236 436 
236 436 
236 436 
236 437 
236 437 
237 437 
237 437 
237 437 
237 437 
237 438 
237 438 
237 438 
237 438 
236 438 
236 438 
235 438 
235 438 
235 438 
235 438 
234 438 
234 438 
234 438 
234 437 
233 437 
233 436 
233 435 
233 435 
233 435 
232 436 
232 437 
232 437 
232 430 432 438 
232 430 432 438 
232 430 433 439 
231 431 433 439 
231 431 434 439 
231 431 435 439 
231 431 437 439 
231 431 
230 431 
230 422 424 431 
230 421 424 430 
230 420 425 430 
230 418 425 430 
230 418 426 430 
229 417 426 429 
229 416 427 429 
229 415 
229 414 
228 413 
228 412 
228 411 
228 411 
