





















































































































































173 193 
172 203 
172 211 
173 218 
174 224 
174 230 
174 236 
174 242 
174 248 
174 251 
175 256 305 319 
175 261 301 322 
176 265 297 325 
177 269 295 326 
180 272 293 328 
181 275 290 329 
184 278 289 330 
187 282 287 331 
188 332 
192 333 
195 334 
198 335 
200 335 
201 336 
206 337 
206 207 208 337 
210 338 
213 338 
215 339 
216 339 
219 339 
222 340 
223 340 
227 340 
229 341 
232 341 
233 342 
235 342 
236 342 
240 343 
241 343 
244 343 
244 343 
246 343 
249 344 
251 344 
252 344 
253 344 
255 345 
256 345 
259 345 
260 345 
262 345 
263 345 
264 346 
266 347 
268 348 
269 349 
270 350 
271 351 
273 353 
274 354 
275 355 
276 356 
278 357 
280 358 
281 359 
281 360 
282 361 
283 362 
285 363 
286 365 
287 366 
288 366 
290 368 
290 369 
291 370 
292 370 
293 371 
294 372 
295 374 
296 375 
297 375 
298 376 
299 377 
301 378 
301 379 
302 380 
303 381 
304 382 
305 383 
306 383 
307 385 
308 385 
308 386 
309 388 
310 389 
311 390 
312 390 
313 392 
313 393 
314 394 
315 395 
316 395 
317 397 
318 397 
318 398 
319 400 
320 401 
320 402 
321 402 
322 403 
322 404 
323 405 
324 406 
325 406 
326 407 
326 408 
327 409 
327 410 
327 411 
327 413 
327 414 
327 414 
328 415 
328 416 
328 417 
328 418 
328 419 
329 420 
329 422 
329 422 
330 424 
330 425 
330 426 
330 427 
331 428 444 455 
331 429 435 461 
331 465 
331 466 
332 469 
332 470 
332 471 
333 472 
333 474 
333 475 
334 476 
334 476 
334 477 
335 478 
335 479 
336 480 
336 480 
337 481 
337 481 
338 482 
338 482 
339 482 
340 483 
340 483 
341 484 
341 484 
342 484 
343 485 
344 485 
345 485 
345 486 
346 486 
347 486 
348 487 
350 487 
351 487 
352 487 
354 488 
356 488 
358 488 
359 488 
362 488 
364 489 
368 489 
369 489 
370 489 
370 489 
371 489 
372 489 
373 490 
373 492 
374 494 
375 495 
375 497 
376 499 
377 501 
378 503 
378 505 
379 506 
380 508 
381 510 
381 512 
382 515 
383 517 
383 519 
384 521 
385 524 
385 526 
386 528 
387 530 
387 533 
388 536 
389 538 
390 540 
391 542 546 611 
391 624 
392 634 
393 640 
394 640 
395 640 
395 640 
396 640 
397 640 
397 640 
398 640 
399 640 
400 640 
400 640 
401 640 
402 640 
403 640 
404 640 
404 640 
405 640 
406 640 
407 640 
408 640 
409 640 
410 640 
410 640 
411 640 
412 640 
413 640 
414 640 
415 640 
416 640 
416 640 
417 640 
418 640 
419 640 
420 640 
421 640 
422 640 
423 640 
424 640 
424 640 
425 640 
426 640 
427 640 
428 640 
429 640 
430 640 
431 640 
433 640 
434 640 
435 640 
435 640 
436 640 
437 640 
439 640 
440 640 
440 640 
441 640 
443 640 
444 640 
445 640 
446 640 
448 640 
449 640 
450 640 
451 640 
452 640 
453 640 
455 640 
456 640 
457 640 
459 640 
460 640 
461 640 
463 640 
464 640 
465 640 
466 640 
467 468 469 640 
469 640 
470 640 
470 640 
471 640 
472 640 
472 640 
472 640 
473 640 
473 640 
474 640 
474 640 
475 640 
475 640 
476 640 
476 640 
477 640 
477 640 
478 640 
478 640 
479 640 
479 640 
480 640 
480 640 
481 640 
481 640 
481 640 
481 640 
482 640 
482 640 
482 640 
483 640 
483 640 
483 640 
483 640 
483 640 
484 640 
484 640 
485 640 
485 640 
484 640 
