0 640 
0 640 
0 640 
0 640 
0 640 
0 640 
0 640 
0 640 
0 640 
0 640 
0 640 
0 640 
0 640 
0 640 
0 640 
0 640 
0 640 
0 640 
0 640 
0 640 
0 640 
0 640 
0 640 
0 640 
0 640 
0 640 
0 640 
0 640 
0 640 
0 640 
0 640 
0 640 
0 640 
0 640 
0 640 
0 640 
0 640 
0 640 
0 640 
0 640 
0 640 
0 640 
0 640 
0 640 
0 640 
0 640 
0 640 
0 640 
0 640 
0 640 
0 640 
0 640 
0 640 
0 640 
0 640 
0 640 
0 640 
0 640 
0 640 
0 640 
0 640 
0 640 
0 640 
0 640 
0 640 
0 640 
0 640 
0 640 
0 640 
0 640 
0 640 
0 640 
0 640 
0 315 316 640 
0 313 316 640 
0 312 316 640 
0 311 315 640 
0 310 315 640 
0 308 314 640 
0 307 314 640 
0 305 314 640 
0 304 314 640 
0 303 313 640 
0 302 313 640 
0 300 313 640 
0 299 312 640 
0 230 231 298 312 640 
0 230 233 297 312 640 
0 230 234 296 311 640 
0 231 235 295 311 640 
0 232 236 293 311 640 
0 232 237 287 310 640 
0 233 239 277 310 640 
0 233 240 269 310 640 
0 234 241 264 309 640 
0 234 242 258 309 640 
0 235 244 255 308 640 
0 235 245 250 308 640 
0 236 307 640 
0 237 307 640 
0 237 307 640 
0 238 306 640 
0 238 305 312 322 640 
0 239 305 308 327 640 
0 240 332 640 
0 240 336 640 
0 240 338 640 
0 240 337 640 
0 240 335 640 
0 240 333 640 
0 239 331 640 
0 239 328 640 
0 239 325 640 
0 239 322 640 
0 238 321 640 
0 238 328 640 
0 238 329 640 
0 237 328 640 
0 237 325 640 
0 237 322 640 
0 236 319 640 
0 236 314 640 
0 236 314 640 
0 235 315 640 
0 235 315 640 
0 235 315 640 
0 234 315 640 
0 232 316 640 
0 229 316 640 
0 225 317 640 
0 222 317 640 
0 219 318 640 
0 218 318 640 
0 218 319 640 
0 219 225 236 319 640 
0 236 320 640 
0 236 320 640 
0 235 320 640 
0 235 320 640 
0 235 320 640 
0 235 321 640 
0 234 321 640 
0 234 321 640 
0 234 321 640 
0 234 322 640 
0 234 322 640 
0 235 322 640 
0 235 322 640 
0 236 322 640 
0 237 323 640 
0 238 323 640 
0 239 323 640 
0 240 323 640 
0 241 323 640 
0 242 323 640 
0 244 323 640 
0 244 323 640 
0 245 323 640 
0 245 323 640 
0 245 323 640 
0 245 323 640 
0 245 323 640 
0 245 324 640 
0 245 324 640 
0 245 324 640 
0 245 324 640 
0 245 324 640 
0 245 324 640 
0 245 324 640 
0 245 324 640 
0 245 323 640 
0 245 323 640 
0 245 323 640 
0 245 323 640 
0 245 323 640 
0 245 323 640 
0 245 323 640 
0 245 323 640 
0 245 262 263 323 640 
0 245 261 264 323 640 
0 245 261 265 323 640 
0 245 261 265 323 640 
0 245 261 265 323 640 
0 245 261 265 323 640 
0 245 261 265 323 640 
0 245 261 265 323 640 
0 245 261 265 323 640 
0 245 261 264 323 640 
0 245 323 640 
0 245 323 640 
0 244 324 640 
0 244 326 640 
0 244 327 640 
0 244 328 640 
0 244 330 640 
0 244 331 640 
0 244 332 640 
0 244 333 640 
0 244 334 640 
0 244 335 640 
0 243 336 640 
0 243 337 640 
0 243 337 640 
0 243 338 640 
0 242 339 640 
0 242 340 640 
0 241 340 640 
0 241 341 640 
0 241 341 640 
0 241 342 640 
0 240 342 640 
0 240 343 640 
0 240 343 640 
0 240 344 640 
0 240 344 640 
0 239 345 640 
0 239 345 640 
0 239 345 640 
0 238 346 640 
0 238 346 640 
0 238 346 640 
0 238 346 640 
0 238 346 640 
0 237 346 640 
0 237 346 640 
0 237 346 640 
0 237 346 640 
0 237 346 640 
0 237 345 640 
0 237 345 640 
0 237 344 640 
0 238 344 640 
0 238 344 640 
0 238 344 640 
0 238 345 640 
0 238 345 640 
0 238 345 640 
0 238 345 640 
0 238 345 640 
0 237 345 640 
0 237 345 640 
0 237 345 640 
0 237 345 640 
0 236 344 640 
0 236 344 640 
0 236 343 640 
0 235 343 640 
0 233 343 640 
0 234 343 640 
0 230 232 234 314 315 343 640 
0 230 313 315 343 640 
0 232 313 315 344 640 
0 233 313 315 344 640 
0 234 313 315 344 640 
0 233 312 315 344 640 
0 233 312 316 344 640 
0 232 312 316 344 640 
0 231 312 316 345 640 
0 230 311 316 345 640 
0 229 311 317 345 640 
0 229 311 317 345 640 
0 230 311 317 320 321 345 640 
0 230 311 317 319 322 345 640 
0 230 310 318 319 322 345 640 
0 230 310 321 345 640 
0 230 310 319 345 640 
0 230 310 318 345 640 
0 229 309 317 345 640 
0 229 309 315 345 640 
0 229 309 314 345 640 
0 229 309 312 344 640 
0 228 309 311 344 640 
0 228 309 310 344 640 
0 228 344 640 
0 227 343 640 
0 226 343 640 
0 226 342 640 
0 225 341 640 
0 225 341 640 
0 225 340 640 
0 224 339 640 
0 224 338 640 
0 223 337 640 
0 222 337 640 
0 222 340 640 
0 221 347 640 
0 221 350 640 
0 221 353 640 
0 223 355 640 
0 223 356 640 
0 223 357 640 
0 222 357 640 
0 222 357 640 
0 221 357 640 
0 220 224 225 357 640 
0 219 222 225 356 640 
0 219 220 225 356 640 
0 225 355 640 
0 226 355 640 
0 226 355 640 
0 227 355 640 
0 227 354 640 
0 227 354 640 
0 227 354 640 
0 226 353 640 
0 226 353 640 
0 225 353 640 
0 225 353 640 
0 224 352 640 
0 223 352 640 
0 223 352 640 
0 222 352 640 
0 221 352 640 
0 221 352 640 
0 220 351 640 
0 219 351 640 
0 218 351 640 
0 218 351 640 
0 217 350 640 
0 217 322 323 350 640 
0 216 322 325 350 640 
0 216 323 326 350 640 
0 215 323 328 349 640 
0 215 324 329 349 640 
0 214 324 330 348 640 
0 214 325 332 348 640 
0 213 326 333 347 640 
0 213 326 335 347 640 
0 212 327 336 346 640 
0 211 327 337 344 640 
0 211 327 640 
0 210 328 640 
0 210 329 640 
0 211 329 640 
0 211 330 640 
0 211 330 640 
0 212 330 640 
0 212 331 640 
0 212 331 640 
0 212 332 640 
0 212 332 640 
0 211 332 640 
0 211 333 640 
0 211 333 640 
0 212 334 640 
0 213 334 640 
0 213 334 640 
0 214 335 640 
0 213 335 640 
0 213 336 640 
0 213 336 640 
0 212 336 640 
0 212 337 640 
0 211 337 640 
0 211 337 640 
0 210 338 640 
0 210 338 640 
0 210 338 640 
0 209 339 640 
0 209 339 640 
0 208 339 640 
0 208 339 640 
0 208 340 640 
0 207 340 640 
0 207 341 640 
0 207 341 640 
0 206 341 640 
0 206 341 640 
0 205 342 640 
0 205 342 640 
0 205 342 640 
0 204 343 640 
0 204 343 640 
0 204 343 640 
0 204 344 640 
0 203 344 640 
0 203 345 640 
0 203 345 640 
0 203 345 640 
0 203 346 640 
0 199 200 203 346 640 
0 198 200 202 347 640 
0 198 200 202 347 640 
0 197 200 202 347 640 
0 197 200 202 344 345 348 640 
0 196 200 202 344 345 348 640 
0 196 200 202 344 345 349 640 
0 195 200 202 344 345 349 640 
0 195 200 202 344 346 350 640 
0 194 200 201 344 346 350 640 
0 194 200 201 344 346 350 640 
0 193 344 346 351 640 
0 193 344 346 351 640 
0 193 344 346 351 640 
0 193 345 346 352 640 
0 192 352 640 
0 192 352 640 
0 192 353 640 
0 192 352 640 
0 192 200 201 353 640 
0 192 200 202 353 640 
0 192 200 202 349 350 354 640 
0 192 199 202 349 351 354 640 
0 192 199 201 349 352 354 640 
0 192 199 201 349 352 354 640 
0 192 198 200 350 640 
0 192 198 200 350 640 
0 192 198 200 350 640 
0 192 198 199 350 640 
0 192 198 199 350 640 
0 193 350 640 
0 193 350 640 
0 194 350 640 
0 194 350 640 
0 194 350 640 
0 195 350 640 
0 195 350 640 
0 195 350 640 
0 195 350 640 
0 195 350 640 
0 194 350 640 
0 194 350 640 
0 194 350 640 
0 194 350 640 
0 193 350 640 
0 193 350 640 
0 193 350 640 
0 192 350 640 
0 192 350 640 
0 192 350 640 
0 191 349 640 
0 191 349 640 
0 191 349 640 
0 190 349 640 
0 190 349 640 
0 190 349 640 
0 189 349 640 
0 189 349 640 
0 189 350 640 
0 188 350 640 
0 188 351 640 
0 188 351 640 
0 188 351 640 
0 187 351 640 
0 187 352 640 
0 187 352 640 
0 186 352 640 
0 186 352 640 
0 186 353 640 
0 186 353 640 
0 185 353 640 
0 185 354 640 
0 185 354 640 
0 185 354 640 
0 184 355 640 
0 184 355 640 
0 184 355 640 
0 184 355 640 
0 183 356 640 
0 183 356 640 
0 183 356 640 
0 183 356 640 
0 183 357 640 
0 183 357 640 
0 183 357 640 
0 182 357 640 
0 182 358 640 
0 182 358 640 
0 182 358 640 
0 182 358 640 
0 182 359 640 
0 182 359 640 
0 182 359 640 
0 182 359 640 
0 182 360 640 
0 182 360 640 
0 182 360 640 
0 181 360 640 
0 182 360 640 
0 181 360 640 
