0 640 
0 640 
0 640 
0 640 
0 640 
0 640 
0 640 
0 640 
0 640 
0 298 313 640 
0 294 319 640 
0 291 323 640 
0 288 328 640 
0 285 334 640 
0 282 339 640 
0 281 345 640 
0 279 351 640 
0 277 359 640 
0 276 365 640 
0 275 369 640 
0 273 372 640 
0 272 374 640 
0 271 377 640 
0 270 380 640 
0 269 381 640 
0 268 384 640 
0 267 385 640 
0 266 387 640 
0 266 388 640 
0 265 390 640 
0 264 391 640 
0 263 393 640 
0 263 394 640 
0 262 395 640 
0 261 396 640 
0 261 397 640 
0 260 398 640 
0 260 399 640 
0 259 400 640 
0 259 400 640 
0 258 401 640 
0 258 402 640 
0 257 402 640 
0 257 403 640 
0 256 404 640 
0 256 404 640 
0 255 405 640 
0 255 405 640 
0 255 406 640 
0 254 406 640 
0 254 407 640 
0 254 408 640 
0 253 408 640 
0 253 408 640 
0 253 409 640 
0 253 409 640 
0 252 410 640 
0 252 410 640 
0 252 410 640 
0 251 410 640 
0 251 411 640 
0 251 411 640 
0 251 411 422 432 640 
0 251 411 420 434 640 
0 250 412 418 435 640 
0 250 412 417 437 640 
0 250 412 416 439 640 
0 250 412 415 441 640 
0 250 413 414 443 640 
0 250 445 640 
0 250 446 640 
0 250 448 640 
0 250 449 640 
0 250 449 640 
0 250 450 640 
0 250 450 640 
0 250 451 640 
0 250 451 640 
0 250 452 640 
0 251 452 640 
0 251 453 640 
0 251 454 640 
0 251 455 640 
0 250 455 640 
0 250 456 640 
0 250 457 640 
0 249 457 640 
0 248 458 640 
0 247 458 640 
0 247 459 640 
0 245 459 640 
0 244 460 640 
0 243 460 640 
0 242 460 640 
0 241 461 640 
0 232 237 239 461 640 
0 231 461 640 
0 230 461 640 
0 230 462 640 
0 230 462 640 
0 230 462 640 
0 230 462 640 
0 229 462 640 
0 229 462 640 
0 227 462 640 
0 226 462 640 
0 224 462 640 
0 223 463 640 
0 222 463 640 
0 221 463 640 
0 220 463 640 
0 221 463 640 
0 221 463 640 
0 221 463 640 
0 221 463 640 
0 223 463 640 
0 223 463 640 
0 224 464 640 
0 225 464 640 
0 226 464 640 
0 227 465 640 
0 228 465 640 
0 229 465 640 
0 229 465 640 
0 230 466 640 
0 231 466 640 
0 232 466 640 
0 233 410 412 466 640 
0 234 410 412 466 640 
0 235 409 412 466 640 
0 236 409 412 465 640 
0 237 244 245 408 412 463 640 
0 238 243 246 408 412 461 640 
0 240 242 247 407 412 459 640 
0 247 407 412 456 640 
0 247 407 412 452 640 
0 246 406 412 449 640 
0 246 406 412 448 640 
0 245 405 412 448 640 
0 244 405 412 449 640 
0 243 405 412 449 640 
0 242 404 412 450 640 
0 241 403 411 450 640 
0 239 403 411 451 640 
0 238 402 411 451 640 
0 237 402 411 451 555 558 640 
0 236 401 411 452 554 560 640 
0 235 401 410 452 552 563 640 
0 235 241 247 400 410 452 551 565 640 
0 247 400 410 453 550 567 640 
0 247 399 410 453 549 569 640 
0 247 399 410 453 547 571 640 
0 246 398 410 454 546 573 640 
0 246 398 410 454 545 574 640 
0 246 397 410 454 543 576 640 
0 246 397 409 455 541 578 640 
0 245 397 409 455 540 580 640 
0 245 250 252 397 409 455 538 582 640 
0 75 81 245 250 252 397 409 455 537 584 640 
0 73 82 245 249 253 397 409 456 535 586 640 
0 71 84 245 248 253 398 409 456 533 589 640 
0 69 85 245 247 253 399 408 456 532 590 640 
0 67 87 245 246 254 401 408 456 530 560 563 592 640 
0 66 88 245 246 254 402 408 457 528 558 565 595 640 
0 64 90 254 404 408 457 527 557 566 597 640 
0 62 91 254 293 294 393 394 406 408 457 525 556 568 600 640 
0 60 93 255 293 295 393 395 398 404 457 523 555 570 602 640 
0 59 95 255 259 261 294 296 393 396 398 407 457 522 554 572 604 640 
0 57 96 255 259 261 294 297 393 408 458 520 553 573 607 640 
0 55 98 255 259 261 295 299 393 407 458 519 551 574 610 640 
0 53 100 256 259 261 296 300 393 407 458 517 550 576 614 640 
0 51 102 256 258 261 297 302 393 407 458 516 548 578 616 640 
0 49 103 257 258 262 270 271 298 303 393 407 458 514 547 579 619 640 
0 47 105 257 258 262 270 272 298 305 394 407 458 513 545 579 623 640 
0 45 107 262 270 272 298 306 394 407 459 511 544 578 626 640 
0 43 72 77 109 262 270 272 300 308 386 389 394 407 459 510 542 578 630 640 
0 41 70 79 111 263 270 272 301 310 386 389 394 407 459 508 540 578 634 640 
0 39 69 80 112 263 270 272 302 314 386 390 394 407 460 507 539 578 638 640 
0 36 67 81 114 263 270 272 304 316 385 390 394 407 460 506 539 578 
0 34 66 82 116 263 270 272 306 319 385 391 395 407 460 504 540 579 
0 31 64 84 118 263 270 272 309 319 378 379 384 392 395 407 460 503 540 580 
0 29 63 85 119 263 270 272 282 284 311 332 378 380 384 393 395 407 411 413 460 502 541 580 
0 26 61 87 121 263 265 268 270 272 282 285 315 330 378 380 383 394 395 407 411 413 460 500 542 580 
0 23 60 88 122 263 265 268 270 272 282 285 377 380 382 407 411 413 460 499 522 526 545 579 
0 20 59 90 124 263 264 268 270 272 279 280 282 285 377 380 382 407 411 413 461 498 521 526 546 578 602 604 
0 16 59 91 125 269 270 273 279 280 282 285 356 357 376 407 411 413 461 497 518 526 547 577 603 606 
0 13 59 93 127 273 279 280 282 285 292 293 355 357 376 408 411 413 461 495 516 526 548 577 604 609 
0 9 59 95 128 274 278 280 281 285 292 294 355 357 376 408 411 413 461 494 515 525 549 576 605 612 
0 5 60 97 130 275 278 285 292 294 354 357 375 408 412 413 461 493 513 525 549 575 606 616 
0 2 60 97 131 275 278 285 292 295 354 357 368 369 375 408 412 413 461 491 511 524 550 575 607 619 
60 96 132 276 278 285 289 290 293 297 342 344 353 357 368 370 374 408 461 490 510 524 551 575 608 623 
59 95 134 276 278 285 289 292 293 298 341 344 353 357 367 370 373 409 461 488 509 524 552 575 609 626 
58 95 135 277 278 285 289 298 336 339 341 344 352 357 367 370 372 409 462 487 507 524 553 575 609 627 
58 94 110 112 137 285 288 298 334 339 341 344 352 357 367 409 462 485 506 524 553 575 610 627 
59 91 110 115 138 285 288 298 333 340 341 344 352 357 366 409 462 484 505 524 554 575 611 628 
59 90 110 117 139 286 288 298 333 344 351 357 366 410 462 482 503 524 555 575 611 628 
60 89 109 119 141 286 287 298 333 344 351 357 366 410 462 481 502 523 556 575 612 628 
33 35 60 88 109 121 142 298 333 336 338 344 350 357 365 410 417 418 462 479 501 523 556 575 612 628 
30 35 61 87 110 123 144 293 296 297 334 335 339 344 349 357 365 410 417 418 462 477 500 523 557 575 612 628 
27 33 61 87 111 124 145 292 340 344 346 357 360 363 365 411 417 419 462 475 499 523 558 575 612 628 
25 32 61 86 112 126 147 292 340 344 346 357 360 363 364 411 417 419 461 473 498 523 558 575 612 627 
21 31 62 85 112 128 149 292 339 344 345 357 360 362 364 412 417 419 461 471 497 523 559 575 612 627 
17 30 62 84 112 129 150 292 339 357 360 362 364 412 417 420 461 469 496 523 559 575 612 626 
14 30 62 84 112 130 152 292 338 358 359 362 363 413 417 420 461 466 495 523 559 575 613 626 
14 29 62 83 112 131 154 293 338 357 359 362 363 413 418 420 461 463 494 523 559 575 613 626 
14 28 62 82 112 133 155 293 338 357 359 362 363 413 418 420 493 522 559 575 613 626 
13 28 62 81 112 134 157 293 338 357 359 414 418 420 492 522 559 575 613 626 
12 27 63 81 113 135 159 293 338 357 359 414 419 420 491 522 559 576 613 626 
12 26 63 80 113 136 162 294 338 357 359 407 492 522 559 576 613 627 
12 26 63 79 113 137 164 294 337 358 359 403 492 522 559 577 613 627 
13 26 63 79 113 139 168 294 338 402 492 522 560 578 613 626 
13 26 63 78 113 140 170 293 338 402 492 523 560 578 613 626 
13 26 63 78 113 141 174 226 227 292 340 401 493 523 560 579 614 627 
14 26 63 78 113 142 181 219 229 291 342 400 494 524 560 580 614 627 
15 26 63 77 114 143 230 289 344 400 496 524 560 580 614 627 
15 26 63 77 114 144 232 286 346 399 474 479 497 525 560 581 614 627 
15 25 62 77 114 144 232 284 349 399 463 478 498 525 560 582 614 627 
15 25 63 77 115 144 233 281 352 398 459 478 499 526 560 582 614 628 
15 25 62 77 115 144 234 278 355 398 459 477 500 527 560 583 614 628 
15 25 62 77 115 144 235 276 357 397 458 476 500 527 560 584 614 628 
14 25 61 77 114 143 235 273 360 397 458 476 501 528 560 584 614 628 
14 25 60 77 114 142 236 271 361 396 449 450 458 475 502 528 560 585 615 629 
14 25 60 77 113 141 236 269 364 395 448 450 457 475 502 529 560 586 615 630 
14 25 59 77 113 139 157 167 168 172 237 266 366 395 448 450 457 475 503 529 560 586 615 630 
14 25 58 77 112 138 157 182 238 264 367 394 448 450 457 475 504 530 560 587 615 631 
14 25 58 77 112 137 158 191 238 262 369 393 448 451 456 475 504 530 560 588 615 632 
13 25 57 77 111 136 159 197 239 261 370 393 414 418 448 451 456 474 505 531 560 588 615 633 
13 25 56 77 111 136 160 202 240 259 372 392 413 418 448 451 455 474 506 532 560 589 615 634 
13 24 56 77 110 135 160 202 240 258 373 391 412 419 448 451 455 474 506 532 560 590 615 635 
13 24 55 77 110 134 160 202 241 256 375 391 411 420 447 452 455 474 507 533 560 590 615 636 
13 24 55 77 109 134 160 202 217 219 242 255 376 390 410 419 447 452 454 474 507 534 560 591 615 637 
13 24 54 77 108 133 161 201 217 221 243 253 377 389 410 418 447 452 454 473 508 534 560 592 615 637 
12 24 53 77 108 133 161 200 216 222 243 252 378 388 408 418 447 452 453 473 509 535 560 592 616 638 
11 24 53 77 107 132 161 198 215 223 244 251 379 388 408 418 447 451 453 473 509 535 561 593 616 640 
11 24 52 77 107 131 161 197 214 224 245 250 380 387 407 417 447 451 453 473 510 536 561 594 616 640 
10 24 51 77 106 131 161 196 215 225 246 250 381 386 406 417 447 451 453 473 510 536 561 594 616 640 
9 24 50 77 106 130 162 195 215 226 247 249 382 386 405 417 447 451 452 472 510 537 561 595 616 640 
8 24 50 77 105 130 162 194 216 227 383 384 404 416 445 451 452 472 510 537 561 596 616 640 
7 24 49 77 105 129 162 194 217 228 403 416 445 450 451 472 510 538 561 596 616 640 
6 24 49 77 104 129 162 193 218 229 402 416 447 472 510 538 561 597 616 640 
5 23 48 77 104 128 162 192 218 230 401 416 447 472 510 539 561 598 616 640 
4 23 47 77 103 128 163 192 218 231 400 416 447 473 510 540 561 598 617 640 
3 23 47 77 103 127 163 191 218 231 399 415 447 473 510 540 561 599 617 640 
2 23 46 77 102 127 163 191 219 233 398 415 447 473 510 541 561 600 617 640 
1 23 45 77 101 126 163 190 219 234 397 415 448 474 510 541 561 601 617 640 
0 23 45 77 101 126 163 189 219 235 396 415 449 474 510 542 561 601 617 640 
0 23 44 77 100 126 163 189 219 236 395 415 450 474 510 542 561 602 617 640 
0 23 43 77 100 127 163 188 220 237 396 414 450 475 510 543 561 603 617 640 
0 23 43 77 99 127 163 188 220 238 396 414 451 475 510 543 561 603 617 640 
0 23 42 77 99 127 163 187 220 238 398 414 451 476 510 544 561 604 617 640 
0 23 41 77 98 127 163 187 220 237 399 414 451 476 510 545 561 605 617 640 
0 23 41 77 98 127 163 186 220 237 400 414 452 477 510 545 561 606 618 640 
0 23 40 77 97 127 162 185 221 236 401 413 451 477 509 546 561 606 618 640 
0 22 40 77 97 127 162 185 221 235 402 413 451 478 509 546 561 607 618 640 
0 22 39 77 96 127 162 184 221 234 403 413 451 478 509 547 561 607 618 640 
0 22 38 77 96 127 161 184 222 233 405 413 451 478 509 547 562 608 618 640 
0 22 37 77 95 127 161 184 222 232 405 414 451 479 509 548 562 609 618 640 
0 22 37 77 95 127 160 184 222 231 407 414 451 479 509 549 562 610 618 640 
0 22 36 77 94 127 160 184 222 230 408 415 451 480 509 549 562 611 618 640 
0 22 35 77 94 127 160 184 222 229 409 415 451 480 509 550 562 611 618 640 
0 22 35 77 93 127 159 184 222 228 410 415 451 481 509 550 562 612 618 640 
0 22 34 77 92 127 159 184 221 227 410 416 451 481 509 551 562 613 618 640 
0 22 33 77 92 127 158 184 221 226 411 417 451 482 509 551 562 613 618 640 
0 22 33 77 91 127 158 184 221 225 412 417 451 482 509 552 562 614 618 640 
0 22 32 77 91 128 158 185 220 224 413 417 451 483 509 552 562 615 618 640 
0 21 32 77 90 128 157 185 220 223 414 418 450 483 509 553 562 616 617 640 
0 21 31 77 90 128 157 185 220 222 414 418 450 483 509 554 562 640 
0 21 30 77 89 128 156 185 219 222 415 418 450 484 509 554 562 640 
0 21 30 77 89 128 156 185 219 221 415 419 450 484 509 555 562 640 
0 21 29 77 88 128 155 185 218 220 415 419 450 485 509 555 562 640 
0 20 28 77 88 128 155 185 217 219 416 420 450 485 509 556 562 640 
0 20 27 77 87 128 155 185 416 420 450 485 509 557 562 640 
0 20 27 77 87 128 154 185 417 420 450 486 509 558 561 640 
0 21 26 77 86 128 154 185 417 421 450 486 508 559 561 640 
0 21 25 77 85 128 153 185 418 421 450 487 508 559 561 640 
0 22 24 77 85 128 153 185 418 422 450 487 508 640 
0 22 23 77 84 128 152 185 417 422 450 488 508 640 
0 77 84 129 152 185 417 423 450 488 508 640 
0 77 83 129 152 186 416 423 450 489 508 640 
0 77 83 129 151 186 415 423 450 489 508 640 
0 77 82 129 151 186 214 216 414 424 450 490 508 640 
0 77 82 129 150 186 214 217 413 424 449 490 508 640 
0 77 81 129 150 186 213 219 411 425 449 490 508 640 
0 77 80 129 150 186 213 220 409 425 449 491 508 640 
0 78 79 129 149 186 212 222 408 425 449 491 508 640 
0 129 149 186 212 224 407 426 449 492 508 640 
0 129 148 186 212 226 407 426 449 492 508 640 
0 129 148 186 211 226 408 427 449 493 508 640 
0 129 148 186 211 225 409 427 449 493 508 640 
0 129 147 187 211 225 409 427 449 494 508 640 
0 129 147 187 210 224 410 428 449 494 508 640 
0 129 146 187 210 223 411 428 449 494 508 640 
0 129 146 187 209 223 412 429 449 495 508 640 
0 130 145 187 209 222 413 429 449 495 508 640 
0 130 145 187 208 221 414 429 449 496 508 640 
0 130 145 187 208 220 415 430 449 496 507 640 
0 130 144 187 208 220 417 430 449 497 507 640 
0 130 144 187 207 218 418 431 448 497 507 640 
0 130 143 187 207 217 420 431 448 497 507 640 
0 130 143 187 207 216 421 432 448 498 507 640 
0 130 143 187 206 214 420 432 448 498 507 640 
0 130 142 187 206 213 419 433 448 499 507 640 
0 130 142 188 205 212 417 433 448 499 507 640 
0 130 141 188 205 213 413 433 448 500 507 640 
0 130 141 188 205 214 411 434 448 500 507 640 
0 130 140 188 204 220 409 434 448 500 507 640 
0 130 140 188 204 222 409 434 448 501 507 640 
0 130 140 188 203 224 409 435 448 501 507 640 
0 130 139 188 203 224 410 435 448 502 506 640 
0 131 139 188 203 223 410 435 448 503 506 640 
0 131 138 188 202 223 410 436 448 504 506 640 
0 131 138 188 202 223 411 436 448 640 
0 131 138 188 201 222 411 437 447 640 
0 131 137 188 201 222 411 437 447 640 
0 131 137 189 201 221 412 438 447 640 
0 132 136 189 200 221 412 438 447 640 
0 132 136 189 200 221 412 438 447 640 
0 132 135 189 200 220 413 439 447 640 
0 132 134 189 199 220 413 439 447 640 
0 189 199 220 413 440 447 640 
0 189 198 219 414 440 447 640 
0 189 198 219 414 440 447 640 
0 189 198 219 414 441 447 640 
0 189 197 218 415 441 447 640 
0 189 197 218 415 442 446 640 
0 189 196 218 415 442 446 640 
0 190 196 218 416 443 446 640 
0 190 195 217 416 444 445 640 
0 190 195 217 416 640 
0 190 195 217 417 640 
0 190 194 216 417 640 
0 191 193 216 417 640 
0 191 193 216 418 640 
0 215 418 640 
0 215 418 640 
0 215 418 640 
0 214 419 640 
0 214 419 640 
0 214 419 640 
0 214 420 640 
0 213 420 640 
0 213 420 640 
0 213 420 640 
0 213 421 640 
0 212 421 640 
0 212 421 640 
0 212 422 640 
0 212 422 640 
0 211 422 640 
0 211 422 640 
0 210 422 640 
0 210 423 640 
0 210 423 640 
0 210 423 640 
0 210 423 640 
0 210 423 640 
0 209 252 254 424 640 
0 209 252 254 424 640 
0 209 252 254 424 640 
0 209 251 254 424 640 
0 208 251 254 425 640 
0 208 251 254 425 640 
0 208 251 254 425 640 
0 208 250 254 425 640 
0 208 250 254 425 640 
0 208 250 254 386 387 426 640 
0 208 249 254 385 388 426 640 
0 208 248 254 385 388 426 640 
0 207 248 254 385 388 426 640 
0 207 244 254 385 388 426 640 
0 207 244 254 385 389 426 640 
0 207 244 254 385 389 427 640 
0 207 243 254 385 389 427 640 
0 207 243 254 385 390 427 640 
0 206 243 254 385 390 427 640 
0 206 242 254 385 390 427 640 
0 206 242 255 385 391 427 640 
0 206 242 255 385 391 427 640 
0 205 241 255 385 391 428 640 
0 205 241 255 384 392 430 640 
0 205 241 255 384 392 432 640 
0 203 240 255 384 393 434 640 
0 201 240 255 384 393 436 541 548 640 
0 199 240 255 384 393 439 538 549 640 
0 197 239 255 384 394 441 536 550 640 
0 194 239 255 383 394 443 534 550 640 
0 89 95 193 238 255 383 394 444 532 550 640 
0 88 98 191 238 255 383 395 446 531 550 596 601 640 
0 88 101 189 238 255 384 395 448 531 550 595 602 640 
0 87 103 187 237 255 384 395 450 530 549 594 602 640 
0 86 104 186 237 255 384 396 452 529 548 594 602 640 
0 37 41 86 105 184 237 255 384 396 454 528 547 594 603 640 
0 36 42 87 106 182 236 255 385 397 455 528 545 594 603 640 
0 35 42 87 107 181 236 255 385 397 457 527 543 594 603 640 
0 35 43 88 108 179 236 255 385 398 459 527 541 593 603 640 
0 35 43 88 109 178 235 254 385 398 461 526 540 593 603 640 
0 34 44 90 110 176 235 254 385 399 462 525 540 593 603 640 
0 34 44 92 111 174 234 254 385 399 464 524 540 592 603 640 
0 34 44 94 111 173 234 254 385 400 466 524 540 592 603 640 
0 34 44 96 112 171 233 254 385 400 468 523 541 591 603 640 
0 34 44 97 113 169 233 254 385 401 470 522 541 590 603 640 
0 34 45 97 114 167 232 254 385 401 471 522 541 589 603 640 
0 34 45 97 115 166 232 254 385 402 473 521 541 588 604 640 
0 34 46 97 116 164 231 254 386 402 475 519 541 587 604 640 
0 34 47 97 118 163 231 254 386 403 476 518 542 586 605 640 
0 33 48 97 119 161 230 254 386 404 478 517 542 585 605 640 
0 33 49 96 121 159 229 254 386 404 480 515 543 584 606 640 
0 33 50 96 122 158 229 254 386 405 482 514 545 583 606 640 
0 32 51 95 123 156 228 254 386 406 483 513 547 557 606 640 
0 32 53 93 124 154 227 253 386 406 485 512 607 640 
0 32 53 64 71 72 82 91 125 152 227 253 386 408 487 511 607 640 
0 31 54 58 126 151 226 253 387 408 489 510 607 640 
0 32 127 149 225 253 387 409 491 510 606 640 
0 32 128 148 224 253 387 410 493 509 606 640 
0 32 129 146 223 253 387 412 495 509 605 640 
0 33 130 144 222 253 387 413 497 508 605 640 
0 33 131 142 221 252 387 414 499 508 604 640 
0 34 131 140 219 252 387 416 501 507 603 640 
0 35 132 138 217 252 387 417 503 506 602 640 
0 36 133 136 216 252 387 419 602 640 
0 36 215 253 385 386 387 421 601 640 
0 37 213 254 385 422 600 640 
0 38 211 254 385 425 599 640 
0 39 210 254 385 426 599 640 
0 39 208 253 385 428 598 640 
0 40 206 253 385 430 598 640 
0 41 204 253 385 432 598 640 
0 42 202 253 386 435 598 640 
0 42 200 253 386 436 598 640 
0 42 199 253 386 438 598 640 
0 43 197 253 387 440 598 640 
0 43 195 253 387 442 578 584 598 640 
0 43 193 252 388 444 580 584 598 640 
0 43 191 252 388 446 598 640 
0 44 189 251 389 448 597 640 
0 45 187 251 389 450 597 640 
0 45 185 250 390 452 596 640 
0 46 183 250 390 455 596 640 
0 47 181 249 391 456 595 640 
0 47 180 249 391 459 595 640 
0 48 178 248 392 460 594 640 
0 49 175 248 392 462 593 640 
0 50 173 248 392 465 593 640 
0 51 171 247 393 467 592 640 
0 54 60 64 170 247 393 468 590 640 
0 64 168 246 393 470 587 640 
0 65 166 246 394 472 580 640 
0 65 164 245 395 475 579 640 
0 66 83 89 162 245 395 477 579 640 
0 66 80 91 160 244 396 479 578 640 
0 67 76 95 158 243 396 480 578 640 
0 69 73 98 156 243 397 482 553 556 578 640 
0 101 154 243 397 485 550 559 578 640 
0 106 152 242 397 487 548 562 577 640 
0 110 151 242 398 489 543 565 576 640 
0 115 148 241 398 491 540 567 576 640 
0 121 145 241 399 494 535 569 574 640 
0 127 143 241 399 496 529 640 
0 240 400 500 519 640 
0 240 400 502 513 640 
0 239 401 640 
0 239 401 640 
0 239 401 640 
0 238 402 640 
0 238 402 640 
0 237 402 640 
0 237 403 640 
0 237 403 640 
0 236 404 640 
0 236 404 640 
0 236 405 640 
0 235 405 640 
0 235 405 640 
0 234 405 640 
0 234 406 640 
0 234 406 640 
0 233 406 640 
0 233 407 640 
0 233 407 640 
0 233 407 640 
