0 640 
0 640 
0 640 
0 640 
0 640 
0 640 
0 640 
0 640 
0 640 
0 640 
0 640 
0 640 
0 640 
0 640 
0 640 
0 640 
0 640 
0 640 
0 640 
0 640 
0 640 
0 640 
0 640 
0 640 
0 640 
0 640 
0 640 
0 640 
0 640 
0 640 
0 640 
0 640 
0 640 
0 640 
0 640 
0 640 
0 640 
0 640 
0 640 
0 640 
0 640 
0 640 
0 640 
0 640 
0 640 
0 640 
0 640 
0 640 
0 640 
0 640 
0 640 
0 640 
0 640 
0 640 
0 640 
0 640 
0 640 
0 640 
0 640 
0 640 
0 640 
0 640 
0 640 
0 640 
0 640 
0 640 
0 640 
0 640 
0 640 
0 640 
0 640 
0 640 
0 640 
0 640 
0 640 
0 640 
0 640 
0 640 
0 640 
0 640 
0 640 
0 640 
0 640 
0 640 
0 640 
0 640 
0 640 
0 640 
0 640 
0 640 
0 640 
0 640 
0 640 
0 640 
0 640 
0 640 
0 640 
0 640 
0 640 
0 640 
0 640 
0 640 
0 640 
0 640 
0 640 
0 300 302 640 
0 300 303 640 
0 298 304 640 
0 298 313 640 
0 297 314 336 349 640 
0 296 314 333 353 640 
0 297 313 332 355 640 
0 297 313 330 358 640 
0 298 312 329 360 640 
0 298 312 328 361 640 
0 299 312 327 362 640 
0 300 311 326 364 640 
0 294 296 301 311 325 365 640 
0 293 299 302 312 324 366 640 
0 292 301 303 312 323 368 640 
0 293 369 640 
0 293 371 640 
0 293 373 640 
0 293 357 361 375 640 
0 294 355 363 377 640 
0 295 355 365 379 640 
0 296 355 367 380 640 
0 297 355 370 379 640 
0 298 355 640 
0 299 354 640 
0 300 354 640 
0 301 354 640 
0 303 354 640 
0 305 353 640 
0 307 353 640 
0 308 354 640 
0 309 355 640 
0 311 358 640 
0 313 361 640 
0 314 363 640 
0 315 366 640 
0 317 368 640 
0 320 369 640 
0 321 371 640 
0 320 372 640 
0 320 374 640 
0 320 375 640 
0 321 376 640 
0 321 377 640 
0 313 316 322 377 640 
0 311 317 323 378 640 
0 310 318 323 378 640 
0 309 319 324 379 640 
0 306 319 325 326 331 382 640 
0 305 320 331 384 640 
0 305 320 332 386 640 
0 305 320 332 386 640 
0 305 320 333 386 389 392 640 
0 305 320 333 392 640 
0 305 319 333 391 640 
0 306 319 333 386 387 393 640 
0 307 320 332 388 391 394 395 398 640 
0 308 321 332 389 640 
0 310 321 331 390 640 
0 312 322 330 392 640 
0 315 322 329 393 640 
0 316 323 329 394 640 
0 317 323 328 389 640 
0 317 324 328 373 378 389 640 
0 318 324 328 375 383 388 640 
0 318 325 328 376 640 
0 318 325 327 366 368 376 640 
0 319 359 360 366 370 375 640 
0 319 359 364 366 640 
0 319 359 378 382 640 
0 319 359 375 382 640 
0 320 359 373 383 640 
0 320 360 372 383 640 
0 320 360 371 383 640 
0 320 361 370 383 640 
0 320 361 369 383 640 
0 321 361 368 383 640 
0 321 361 368 383 640 
0 321 362 367 384 640 
0 322 362 367 384 640 
0 322 364 366 384 640 
0 323 334 335 384 640 
0 325 333 336 384 640 
0 324 333 337 384 640 
0 324 332 337 384 640 
0 324 332 338 384 640 
0 323 331 338 384 640 
0 323 331 339 384 640 
0 322 331 340 384 640 
0 322 330 340 385 640 
0 321 330 341 388 640 
0 320 329 341 393 640 
0 320 329 342 405 640 
0 319 328 343 416 640 
0 319 328 343 419 640 
0 318 327 342 419 640 
0 318 326 342 397 405 419 640 
0 318 326 341 381 386 397 417 419 640 
0 317 325 341 380 389 401 640 
0 317 325 340 380 391 403 640 
0 316 324 339 381 393 405 443 465 640 
0 316 323 338 383 396 407 439 469 640 
0 315 323 337 385 398 409 433 474 640 
0 315 322 336 388 400 411 426 475 640 
0 314 322 335 390 402 413 421 475 640 
0 199 206 314 321 333 394 403 475 640 
0 198 213 313 321 332 478 640 
0 198 224 312 320 331 478 640 
0 198 232 311 320 329 478 640 
0 198 242 310 319 328 478 640 
0 199 252 309 319 327 479 640 
0 200 259 308 319 325 479 640 
0 200 271 307 319 324 480 640 
0 201 288 307 481 640 
0 202 301 306 483 640 
0 203 484 640 
0 207 484 640 
0 216 484 486 488 640 
0 221 488 640 
0 222 487 640 
0 222 247 251 486 488 491 640 
0 222 248 264 493 640 
0 222 232 238 250 282 495 640 
0 222 231 241 254 300 489 490 496 640 
0 223 226 228 231 243 258 306 313 314 494 640 
0 224 227 246 262 316 494 640 
0 226 227 248 265 318 493 640 
0 251 267 319 493 640 
0 253 267 319 493 640 
0 255 267 318 495 640 
0 258 268 318 495 640 
0 260 270 318 495 640 
0 262 272 318 377 381 495 640 
0 264 274 319 349 350 377 394 492 640 
0 266 276 319 343 352 378 397 493 640 
0 268 277 320 336 353 355 358 378 399 494 640 
0 269 278 359 378 401 493 494 495 640 
0 271 278 360 379 404 491 640 
0 273 277 360 379 407 484 485 492 640 
0 274 277 359 379 410 487 489 495 640 
0 359 380 414 488 491 493 494 495 640 
0 359 380 420 480 481 489 490 491 640 
0 359 380 427 479 481 482 484 491 640 
0 359 380 435 482 485 491 640 
0 359 381 439 482 488 491 640 
0 359 368 369 381 444 478 480 481 640 
0 359 368 370 381 449 473 475 478 640 
0 359 368 370 381 452 473 475 478 640 
0 359 368 371 381 454 458 459 473 475 476 640 
0 359 368 371 380 456 458 461 472 640 
0 359 367 372 380 457 458 463 470 640 
0 360 367 373 379 458 459 465 470 640 
0 361 366 374 377 466 469 640 
0 361 365 640 
0 363 364 462 463 640 
0 640 
0 640 
0 640 
0 640 
0 640 
0 640 
0 640 
0 640 
0 640 
0 640 
0 640 
0 640 
0 640 
0 640 
0 640 
0 640 
0 640 
0 640 
0 640 
0 640 
0 640 
0 640 
0 640 
0 640 
0 640 
0 640 
0 640 
0 640 
0 640 
0 640 
0 640 
0 640 
0 640 
0 640 
0 640 
0 640 
0 640 
0 640 
0 640 
0 640 
0 640 
0 640 
0 640 
0 640 
0 640 
0 640 
0 640 
0 640 
0 640 
0 640 
0 640 
0 640 
0 640 
0 640 
0 640 
0 640 
0 640 
0 640 
0 640 
0 640 
0 640 
0 640 
0 640 
0 640 
0 640 
0 640 
0 640 
0 640 
0 640 
0 640 
0 640 
0 640 
0 640 
0 640 
0 640 
0 640 
0 640 
0 640 
0 640 
0 640 
0 640 
0 640 
0 640 
0 640 
0 640 
0 640 
0 640 
0 640 
0 640 
0 640 
0 640 
0 640 
0 640 
0 640 
0 640 
0 640 
0 640 
0 640 
0 640 
0 640 
0 640 
0 640 
0 640 
0 640 
0 640 
0 640 
0 640 
0 640 
0 640 
0 640 
0 640 
0 640 
0 640 
0 640 
0 640 
0 640 
0 640 
0 640 
0 640 
0 640 
0 640 
0 640 
0 640 
0 640 
0 640 
0 640 
0 640 
0 640 
0 640 
0 640 
0 640 
0 640 
0 640 
0 640 
0 640 
0 640 
0 640 
0 640 
0 640 
0 640 
0 640 
0 640 
0 640 
0 640 
0 640 
0 640 
0 640 
0 640 
0 640 
0 640 
0 640 
0 640 
0 640 
0 640 
0 640 
0 640 
0 640 
0 640 
0 640 
0 640 
0 640 
0 640 
0 640 
0 640 
0 640 
0 640 
0 640 
0 640 
0 640 
0 640 
0 640 
0 640 
0 640 
0 640 
0 640 
0 640 
0 640 
0 640 
0 640 
0 640 
0 640 
0 640 
0 640 
0 640 
0 640 
0 640 
0 640 
0 640 
0 640 
0 640 
0 640 
0 640 
0 640 
0 640 
0 640 
0 640 
0 640 
0 640 
0 640 
0 640 
0 640 
0 640 
0 640 
0 640 
0 640 
0 640 
0 640 
0 640 
0 640 
0 640 
0 640 
0 640 
0 640 
0 640 
0 640 
0 640 
0 640 
0 640 
0 640 
0 640 
