0 640 
0 640 
0 640 
0 640 
0 640 
0 640 
0 640 
0 640 
0 640 
0 640 
0 640 
0 640 
0 640 
0 640 
0 640 
0 640 
0 640 
0 640 
0 640 
0 640 
0 640 
0 640 
0 640 
0 640 
0 640 
0 640 
0 640 
0 640 
0 640 
0 640 
0 640 
0 640 
0 640 
0 640 
0 640 
0 640 
0 640 
0 640 
0 640 
0 640 
0 640 
0 640 
0 640 
0 640 
0 640 
0 640 
0 640 
0 640 
0 640 
0 640 
0 640 
0 640 
0 640 
0 640 
0 640 
0 640 
0 640 
0 640 
0 640 
0 640 
0 640 
0 640 
0 640 
0 640 
0 640 
0 640 
0 640 
0 640 
0 640 
0 640 
0 640 
0 640 
0 640 
0 640 
0 640 
0 640 
0 640 
0 640 
0 640 
0 640 
0 640 
0 640 
0 640 
0 640 
0 640 
0 640 
0 640 
0 640 
0 640 
0 640 
0 640 
0 640 
0 640 
0 640 
0 640 
0 640 
0 640 
0 640 
0 640 
0 640 
0 640 
0 640 
0 640 
0 303 308 640 
0 301 308 640 
0 301 308 640 
0 300 309 640 
0 300 315 640 
0 300 317 640 
0 300 318 336 350 640 
0 301 317 333 355 640 
0 301 317 332 357 640 
0 301 316 330 359 640 
0 302 315 329 360 640 
0 302 314 328 362 640 
0 303 314 326 364 640 
0 293 295 303 313 325 365 640 
0 293 298 304 313 325 366 640 
0 292 301 305 312 324 367 640 
0 293 303 306 313 323 369 640 
0 293 371 640 
0 293 372 640 
0 293 374 640 
0 294 356 363 376 640 
0 295 355 365 378 640 
0 296 355 367 380 640 
0 297 355 369 380 640 
0 297 355 376 378 640 
0 299 354 640 
0 300 354 640 
0 301 354 640 
0 303 354 640 
0 305 354 640 
0 307 353 640 
0 308 354 640 
0 309 355 640 
0 310 358 640 
0 312 362 640 
0 313 365 640 
0 314 368 640 
0 315 370 640 
0 316 318 319 371 640 
0 320 372 640 
0 321 373 640 
0 320 375 640 
0 319 376 640 
0 320 377 640 
0 321 377 640 
0 321 378 640 
0 313 316 322 378 640 
0 312 317 323 378 640 
0 309 318 323 379 640 
0 308 318 324 382 640 
0 307 319 325 327 331 384 640 
0 305 320 332 386 640 
0 305 320 332 386 640 
0 304 320 332 386 388 392 640 
0 305 320 333 392 640 
0 305 320 333 392 640 
0 305 319 333 395 640 
0 306 319 333 390 393 397 640 
0 306 319 332 390 395 396 640 
0 308 320 332 392 640 
0 309 321 331 393 640 
0 311 322 330 395 640 
0 314 322 329 389 391 395 640 
0 316 323 329 390 640 
0 316 323 328 375 378 391 640 
0 317 324 328 375 384 388 640 
0 317 324 328 366 367 377 386 387 640 
0 318 325 328 360 363 365 371 377 640 
0 318 325 328 358 372 376 640 
0 318 358 374 375 640 
0 319 358 640 
0 319 359 378 383 640 
0 319 359 376 384 640 
0 319 360 374 384 640 
0 320 360 373 384 640 
0 320 360 371 385 640 
0 320 361 370 385 640 
0 320 361 369 385 640 
0 321 361 369 385 640 
0 321 362 368 385 640 
0 321 362 368 385 640 
0 322 362 367 385 640 
0 322 363 367 385 640 
0 323 334 335 385 640 
0 325 333 336 385 640 
0 325 333 337 385 640 
0 325 333 337 385 640 
0 324 332 338 385 640 
0 324 332 338 385 640 
0 323 331 339 385 640 
0 323 331 339 385 640 
0 322 331 340 386 640 
0 321 330 341 392 640 
0 321 330 341 398 640 
0 320 329 342 369 370 408 640 
0 320 329 343 416 640 
0 319 328 343 419 640 
0 319 328 343 395 400 419 640 
0 318 327 342 395 409 419 640 
0 318 326 342 382 387 398 416 419 640 
0 318 326 341 381 389 401 640 
0 317 325 340 382 391 403 640 
0 317 324 339 384 394 406 446 464 640 
0 316 324 339 386 396 408 441 469 640 
0 315 323 338 389 399 410 434 475 640 
0 315 322 337 393 399 412 428 475 640 
0 314 322 335 414 423 475 640 
0 314 321 334 475 640 
0 198 210 313 321 333 477 640 
0 198 220 312 320 332 479 640 
0 198 230 311 320 331 479 640 
0 198 239 310 320 329 479 640 
0 198 249 309 319 328 479 640 
0 199 256 309 319 327 480 640 
0 200 267 308 319 326 480 640 
0 200 283 307 319 325 481 640 
0 201 298 306 319 323 484 640 
0 203 484 640 
0 204 485 640 
0 212 485 489 490 640 
0 220 489 640 
0 221 489 640 
0 222 484 485 492 640 
0 222 250 260 493 640 
0 222 232 238 251 276 494 640 
0 222 232 241 257 297 495 640 
0 223 226 228 231 244 264 304 495 640 
0 224 226 229 230 246 267 316 495 640 
0 225 227 249 267 317 494 640 
0 253 267 319 493 640 
0 255 267 319 494 640 
0 257 267 318 495 640 
0 260 269 318 496 640 
0 262 271 318 378 386 388 390 497 640 
0 263 273 318 377 394 497 640 
0 265 275 319 377 395 493 640 
0 267 276 319 346 351 378 397 493 640 
0 269 278 320 339 353 378 399 495 640 
0 270 278 322 331 359 378 401 489 490 493 495 496 640 
0 272 278 360 379 403 492 640 
0 273 277 360 379 406 485 487 493 640 
0 275 277 359 379 409 486 489 491 492 495 640 
0 359 380 412 489 494 495 640 
0 359 380 418 490 640 
0 359 380 425 480 481 483 485 491 640 
0 359 380 433 483 487 492 640 
0 360 381 438 482 489 492 640 
0 359 381 442 482 640 
0 359 368 370 381 447 473 474 480 640 
0 359 368 370 381 451 473 474 479 640 
0 359 368 370 381 453 457 459 477 640 
0 359 368 371 381 455 457 461 476 640 
0 359 367 372 380 463 470 471 473 640 
0 360 367 373 380 465 470 471 472 640 
0 360 366 374 378 466 470 472 473 640 
0 361 366 461 462 468 470 640 
0 362 365 462 463 640 
0 640 
0 640 
0 640 
0 640 
0 640 
0 640 
0 640 
0 640 
0 640 
0 640 
0 640 
0 640 
0 640 
0 640 
0 640 
0 640 
0 640 
0 640 
0 640 
0 640 
0 640 
0 640 
0 640 
0 640 
0 640 
0 640 
0 640 
0 640 
0 640 
0 640 
0 640 
0 640 
0 640 
0 640 
0 640 
0 640 
0 640 
0 640 
0 640 
0 640 
0 640 
0 640 
0 640 
0 640 
0 640 
0 640 
0 640 
0 640 
0 640 
0 640 
0 640 
0 640 
0 640 
0 640 
0 640 
0 640 
0 640 
0 640 
0 640 
0 640 
0 640 
0 640 
0 640 
0 640 
0 640 
0 640 
0 640 
0 640 
0 640 
0 640 
0 640 
0 640 
0 640 
0 640 
0 640 
0 640 
0 640 
0 640 
0 640 
0 640 
0 640 
0 640 
0 640 
0 640 
0 640 
0 640 
0 640 
0 640 
0 640 
0 640 
0 640 
0 640 
0 640 
0 640 
0 640 
0 640 
0 640 
0 640 
0 640 
0 640 
0 640 
0 640 
0 640 
0 640 
0 640 
0 640 
0 640 
0 640 
0 640 
0 640 
0 640 
0 640 
0 640 
0 640 
0 640 
0 640 
0 640 
0 640 
0 640 
0 640 
0 640 
0 640 
0 640 
0 640 
0 640 
0 640 
0 640 
0 640 
0 640 
0 640 
0 640 
0 640 
0 640 
0 640 
0 640 
0 640 
0 640 
0 640 
0 640 
0 640 
0 640 
0 640 
0 640 
0 640 
0 640 
0 640 
0 640 
0 640 
0 640 
0 640 
0 640 
0 640 
0 640 
0 640 
0 640 
0 640 
0 640 
0 640 
0 640 
0 640 
0 640 
0 640 
0 640 
0 640 
0 640 
0 640 
0 640 
0 640 
0 640 
0 640 
0 640 
0 640 
0 640 
0 640 
0 640 
0 640 
0 640 
0 640 
0 640 
0 640 
0 640 
0 640 
0 640 
0 640 
0 640 
0 640 
0 640 
0 640 
0 640 
0 640 
0 640 
0 640 
0 640 
0 640 
0 640 
0 640 
0 640 
0 640 
0 640 
0 640 
0 640 
0 640 
0 640 
0 640 
0 640 
0 640 
0 640 
0 640 
0 640 
0 640 
0 640 
0 640 
0 640 
0 640 
0 640 
0 640 
0 640 
0 640 
0 640 
0 640 
