0 176 324 427 
0 177 324 426 
0 178 324 425 
0 173 324 423 
0 174 325 422 
0 177 325 421 
0 181 325 420 
0 183 325 418 
0 184 325 417 
0 185 326 416 
0 187 326 415 
0 188 326 413 
0 184 186 188 326 411 
0 184 327 405 
0 185 327 396 
0 185 327 390 
0 186 328 385 
0 186 328 379 
0 186 328 376 
0 187 328 372 
0 188 329 369 
0 188 329 365 
0 189 330 342 347 362 
0 191 
0 192 
0 192 
0 192 
0 192 
0 191 
0 192 
0 193 
0 193 
0 194 
0 195 
0 195 
0 196 
0 197 
0 198 
0 199 
0 199 
0 200 
0 202 
0 204 
0 208 
0 211 
0 214 
0 215 
0 215 
0 216 
0 217 
0 218 
0 218 
0 219 
0 220 
0 216 
0 216 
0 217 
0 217 
0 218 
0 219 
0 219 
0 220 
0 221 
0 222 
0 222 
0 223 
0 223 
0 223 
0 224 
0 224 
0 225 
0 226 
0 227 
0 228 
0 229 
0 230 
0 231 
0 232 
0 233 
0 235 
0 235 632 640 
0 236 629 640 
0 237 628 640 
0 238 628 640 
0 239 627 640 
0 239 627 640 
0 240 627 640 
0 241 627 640 
0 242 627 640 
0 243 626 640 
0 244 626 640 
0 246 626 640 
0 248 626 640 
0 249 626 640 
0 251 625 640 
0 252 625 640 
0 252 625 640 
0 253 625 640 
0 254 625 640 
0 255 625 640 
0 255 624 640 
0 256 624 640 
0 258 259 262 624 640 
0 262 624 640 
0 264 623 640 
0 265 623 640 
0 266 623 640 
0 267 622 640 
0 268 622 640 
0 269 622 640 
0 270 622 640 
0 271 622 640 
0 273 621 640 
0 274 621 640 
0 275 621 640 
0 276 623 640 
0 277 627 640 
0 278 631 640 
0 279 635 640 
0 280 639 640 
0 282 
0 283 
0 284 
0 285 
0 285 
0 285 
0 285 
0 286 
0 286 
0 287 
0 288 
0 289 
0 291 
0 292 
0 293 
0 294 
0 295 
0 296 
0 298 
0 299 
0 300 
0 301 
0 302 
0 303 
0 304 
0 306 
0 310 
0 311 
0 313 
0 314 
0 315 
0 317 
0 318 
0 319 
0 320 
0 321 
0 322 
0 322 
0 323 
0 323 
0 323 
0 323 
0 323 
0 323 
0 324 
0 324 
0 324 
0 324 
0 325 
0 325 
0 325 
0 326 
0 326 
0 327 
0 327 
0 327 
0 328 
0 328 
0 329 
0 329 
0 330 352 353 
0 330 352 353 
0 331 
0 331 
0 332 
0 333 336 337 351 354 
0 333 336 338 351 354 
0 334 336 339 351 355 
0 334 336 339 343 344 350 356 
0 335 336 340 343 345 350 357 
0 341 343 346 351 357 
0 341 343 347 351 358 
0 342 343 348 351 359 
0 348 352 359 
0 360 
0 360 
0 361 
0 362 
0 362 
0 361 
0 360 
0 359 
0 358 
0 357 
0 355 
0 354 
0 352 
0 350 
0 347 
0 346 
0 345 
0 345 
0 344 
0 345 
0 345 
0 346 
0 347 
0 347 
0 349 
0 350 
0 352 
0 353 
0 355 
0 356 
0 357 
0 358 
0 358 
0 359 
0 359 
0 359 
0 337 339 359 
0 335 
0 333 
0 331 
0 328 
0 327 
0 306 308 325 
0 305 309 324 
0 305 310 323 
0 306 310 322 
0 306 311 320 
0 307 311 319 
0 307 312 318 
0 308 312 317 
0 308 313 316 
0 309 314 315 
0 309 
0 309 
0 310 
0 310 
0 308 
0 307 
0 306 
0 305 
0 304 
0 302 
0 301 
0 300 
0 300 
0 298 
0 295 
0 293 
0 292 
0 291 
0 290 
0 288 
0 288 
0 287 
0 286 
0 285 
0 284 
0 283 
0 282 423 425 
0 281 423 426 
0 280 416 417 422 426 
0 280 414 417 421 426 
0 280 412 417 421 427 
0 279 411 417 420 427 
0 279 409 416 418 428 
0 279 408 416 418 428 
0 279 406 428 
0 279 405 429 
0 279 402 430 
0 279 400 430 
0 279 398 430 
0 279 397 429 
0 279 397 427 
0 279 398 426 
0 279 398 425 
0 279 398 424 
0 279 398 424 
0 279 398 423 
0 279 398 424 
0 279 398 424 
0 279 398 425 
0 279 398 426 
0 279 398 427 
0 279 398 427 
0 279 398 428 
0 279 397 429 
0 279 397 429 
0 279 397 430 
0 279 396 431 
0 279 396 431 
0 279 396 432 
0 280 395 433 
0 280 394 433 
0 280 394 434 
0 281 393 434 
0 281 392 435 
0 282 391 435 
0 282 390 436 
0 283 388 436 
0 284 387 437 
0 285 386 437 
0 285 385 437 
0 286 386 437 
0 287 387 436 
0 288 389 436 
0 288 390 435 
0 289 392 434 
0 290 393 434 
0 291 394 433 
0 292 395 432 
0 292 395 432 
0 293 396 431 
0 294 397 430 
0 295 397 429 
0 296 398 428 
0 296 398 427 
0 298 399 426 
0 298 400 425 
0 299 400 424 
0 300 401 424 
0 301 401 423 
0 302 402 423 
0 303 402 422 
0 304 403 422 
0 305 403 422 
0 306 404 422 
0 307 404 422 
0 308 404 423 
0 310 405 423 
0 312 405 423 
0 313 406 424 
0 316 406 424 
0 319 406 424 
0 322 407 424 
0 326 407 424 
0 330 407 424 
0 334 408 424 
0 338 408 424 
0 344 408 424 
0 347 409 424 
0 350 409 424 
0 352 409 424 
0 355 410 424 
0 357 410 424 
0 359 410 424 
0 360 410 424 
0 361 411 424 
0 362 411 423 
0 364 411 423 
0 365 412 423 
0 366 412 422 
0 367 412 422 
0 368 413 421 
0 368 413 421 
0 369 413 420 
0 369 413 420 
0 370 414 419 
0 370 414 419 
0 370 414 418 
0 370 415 418 
0 371 415 417 
0 371 415 416 
0 371 
0 371 
0 372 
0 372 
0 372 
0 372 
0 372 
0 373 
0 373 
0 373 
0 373 
0 373 
0 373 
0 373 
0 374 
0 374 
0 374 
0 374 
0 374 
0 374 
0 375 
0 375 
0 375 
0 375 
0 375 
0 375 
0 375 
0 375 
0 375 
0 375 
0 376 
0 376 
0 376 
0 376 
0 376 
0 376 
0 376 
0 376 
0 376 
0 376 
0 376 
0 376 
0 377 
0 377 
0 377 
0 377 
0 377 
0 377 
0 377 
0 377 
0 377 
0 377 
0 377 
0 377 
0 377 
0 377 
0 378 
0 378 
0 378 
0 378 
0 378 
0 378 
0 378 
0 378 
0 378 
0 378 
0 378 
0 378 
0 378 
0 378 
0 378 
0 378 
0 378 
0 378 
0 379 
0 379 
0 379 
0 379 
0 379 
0 379 
0 379 
0 379 
0 379 
0 379 
0 379 
0 379 
0 379 
0 379 
0 380 
0 380 
0 380 
0 380 
0 380 
0 380 
0 380 
0 380 
0 380 
0 380 
0 380 
0 380 
0 380 
0 380 
0 380 
0 380 
