0 119 250 324 355 379 463 476 534 540 545 546 550 640 
0 119 250 324 355 379 463 476 534 537 550 640 
0 119 250 323 355 379 463 474 534 536 550 640 
0 119 250 323 355 378 465 472 535 536 550 640 
0 119 251 323 355 378 466 470 550 640 
0 119 251 323 356 377 551 640 
0 118 251 323 356 377 552 640 
0 118 251 323 356 376 552 640 
0 118 251 322 356 376 551 640 
0 118 251 322 356 376 552 640 
0 118 251 322 357 376 552 640 
0 117 251 322 358 375 552 640 
0 117 252 322 358 375 556 640 
0 117 252 322 358 375 556 640 
0 117 252 321 359 374 554 555 556 640 
0 116 253 321 361 373 553 640 
0 116 253 321 363 371 554 640 
0 115 253 321 366 369 554 640 
0 115 253 321 554 640 
0 114 254 321 555 640 
0 114 254 320 555 640 
0 114 255 320 555 640 
0 114 255 320 555 640 
0 114 255 321 555 640 
0 42 45 114 255 321 554 640 
0 42 48 114 255 321 554 640 
0 42 53 114 255 321 554 640 
0 41 55 113 255 321 554 640 
0 41 56 113 255 321 554 640 
0 41 58 113 255 322 554 640 
0 42 59 113 255 323 554 640 
0 42 60 113 255 323 554 640 
0 43 61 113 255 323 553 640 
0 44 61 113 255 324 553 640 
0 44 62 113 255 324 553 640 
0 44 64 113 255 325 553 640 
0 44 64 113 256 326 553 640 
0 44 64 113 257 328 553 640 
0 44 65 113 257 329 553 640 
0 44 66 112 257 330 553 640 
0 44 67 113 258 259 260 263 264 331 554 557 558 560 561 573 574 640 
0 44 68 113 261 262 264 332 559 560 561 573 574 640 
0 44 69 113 269 332 563 566 568 569 574 640 
0 44 69 113 270 332 574 640 
0 45 70 113 270 333 574 640 
0 45 70 113 271 333 574 640 
0 45 70 114 272 334 574 640 
0 45 70 114 272 334 574 640 
0 46 71 113 272 334 574 640 
0 46 71 113 272 334 574 640 
0 46 71 113 272 334 574 640 
0 46 71 113 272 334 573 640 
0 46 71 113 272 334 573 640 
0 46 72 113 272 334 573 640 
0 46 72 113 272 334 386 388 573 640 
0 46 72 113 272 334 385 389 573 640 
0 46 72 113 273 334 385 389 572 640 
0 46 72 113 273 335 385 389 572 640 
0 47 73 113 273 335 386 388 572 640 
0 47 73 113 273 335 572 640 
0 47 73 112 274 336 572 640 
0 47 73 112 274 336 572 640 
0 48 73 112 274 336 572 640 
0 48 74 112 274 336 572 640 
0 49 74 111 276 336 572 640 
0 49 74 111 275 337 572 640 
0 49 75 111 275 337 572 640 
0 49 75 110 275 338 572 640 
0 49 75 110 275 338 572 640 
0 49 76 110 275 338 572 640 
0 49 78 110 275 338 572 640 
0 49 78 109 276 339 572 640 
0 49 79 109 276 339 573 640 
0 48 81 108 276 341 573 640 
0 47 83 108 277 342 574 640 
0 47 87 107 278 343 575 640 
0 47 87 107 278 343 576 640 
0 47 90 106 279 344 576 640 
0 47 91 106 280 345 577 640 
0 47 93 104 280 346 578 640 
0 47 95 103 283 346 578 640 
0 46 95 103 284 347 579 640 
0 46 96 102 284 347 580 640 
0 45 96 102 284 348 580 640 
0 45 99 101 285 348 581 640 
0 45 285 348 581 640 
0 44 284 349 582 640 
0 44 284 349 582 640 
0 44 284 350 583 640 
0 44 284 350 583 640 
0 43 284 350 583 640 
0 43 284 351 583 640 
0 43 284 355 357 362 584 640 
0 43 284 362 584 640 
0 43 283 364 584 640 
0 43 282 365 585 640 
0 43 281 366 586 640 
0 43 281 366 586 640 
0 43 281 367 586 640 
0 43 280 369 587 640 
0 42 280 370 587 640 
0 42 280 370 588 640 
0 40 281 372 588 640 
0 40 281 373 589 640 
0 39 282 373 589 640 
0 39 283 374 590 640 
0 38 284 374 590 640 
0 38 285 375 591 640 
0 37 285 375 594 640 
0 36 286 375 595 640 
0 36 286 375 595 640 
0 35 286 376 595 640 
0 34 287 376 597 640 
0 33 287 376 600 640 
0 32 288 377 602 640 
0 31 288 378 602 640 
0 30 288 378 605 640 
0 30 289 379 606 640 
0 29 289 380 608 640 
0 28 289 380 607 640 
0 28 290 381 608 640 
0 27 290 381 608 640 
0 26 290 382 609 640 
0 26 290 382 609 640 
0 26 290 382 609 640 
0 25 290 383 609 640 
0 25 290 383 609 640 
0 24 290 383 609 640 
0 24 291 383 609 640 
0 23 291 383 609 640 
0 21 291 383 609 640 
0 20 291 383 609 640 
0 19 291 382 609 640 
0 18 292 382 609 640 
0 18 293 382 610 640 
0 17 293 382 610 640 
0 17 293 381 610 640 
0 16 293 381 611 640 
0 15 293 381 611 640 
0 15 294 381 611 640 
0 15 296 381 611 640 
0 15 296 381 611 640 
0 15 297 381 611 640 
0 15 297 380 610 640 
0 15 296 380 610 640 
0 15 298 380 610 640 
0 14 298 380 610 640 
0 14 298 380 610 640 
0 14 299 380 609 640 
0 14 299 380 608 640 
0 14 299 379 608 640 
0 14 299 379 608 640 
0 14 299 379 607 640 
0 14 300 379 606 640 
0 14 300 378 605 640 
0 14 301 378 604 640 
0 14 301 378 604 640 
0 14 302 379 603 640 
0 14 302 379 603 640 
0 14 302 379 602 640 
0 14 303 379 601 640 
0 14 302 380 601 640 
0 14 301 381 600 640 
0 15 300 381 600 640 
0 15 299 381 600 640 
0 15 295 381 600 640 
0 16 294 381 599 640 
0 16 294 381 599 640 
0 16 294 381 599 640 
0 16 293 381 599 640 
0 16 293 381 598 640 
0 16 292 381 598 640 
0 16 292 381 597 640 
0 16 292 381 596 640 
0 16 292 381 594 640 
0 16 292 381 593 640 
0 16 292 381 592 640 
0 16 292 381 591 640 
0 16 292 382 590 640 
0 16 292 382 589 640 
0 16 292 382 588 640 
0 16 292 382 587 640 
0 17 290 383 586 640 
0 17 290 383 586 640 
0 17 288 383 584 640 
0 18 287 384 584 640 
0 19 286 384 583 640 
0 19 285 384 582 640 
0 20 284 385 582 640 
0 20 283 385 581 640 
0 20 283 386 581 640 
0 20 283 386 580 640 
0 21 282 386 580 640 
0 21 282 387 579 640 
0 21 282 387 579 640 
0 22 282 388 579 640 
0 22 282 389 579 640 
0 22 282 389 579 640 
0 22 282 389 580 640 
0 23 282 389 580 640 
0 24 282 390 581 640 
0 24 282 390 582 640 
0 24 282 317 328 390 582 640 
0 25 282 315 330 391 582 640 
0 26 282 315 331 391 582 640 
0 27 282 315 332 391 583 640 
0 28 282 314 332 391 583 640 
0 28 282 314 332 391 583 640 
0 29 282 313 334 391 583 640 
0 29 282 312 334 392 583 640 
0 29 282 312 334 392 583 640 
0 30 281 312 335 392 583 640 
0 30 281 312 335 392 584 640 
0 31 281 312 336 392 585 640 
0 31 282 312 336 393 587 640 
0 32 282 312 336 393 588 640 
0 32 282 312 336 393 590 640 
0 33 282 312 337 394 590 640 
0 34 282 313 337 394 590 640 
0 34 282 313 337 393 591 640 
0 35 282 314 337 393 591 640 
0 35 281 315 337 393 592 640 
0 36 280 316 338 394 592 593 594 640 
0 37 280 316 339 393 592 593 594 640 
0 37 279 318 338 393 594 640 
0 38 279 318 338 393 594 640 
0 38 278 320 339 392 594 640 
0 38 277 321 339 392 594 640 
0 39 277 322 340 391 594 640 
0 39 277 323 340 391 594 640 
0 39 277 323 340 390 595 640 
0 39 277 323 341 388 595 640 
0 39 277 324 341 387 595 640 
0 40 277 324 341 386 595 640 
0 40 277 323 341 385 595 640 
0 39 277 323 342 382 595 640 
0 39 277 323 342 378 595 640 
0 39 277 323 342 377 595 640 
0 39 277 324 342 376 595 640 
0 39 277 324 342 375 595 640 
0 39 278 326 343 375 595 640 
0 39 279 326 343 375 595 640 
0 40 282 327 344 374 595 640 
0 40 282 327 331 335 344 374 595 640 
0 40 282 327 331 335 344 373 595 640 
0 40 283 327 332 334 344 372 595 640 
0 41 283 327 331 334 345 371 595 640 
0 41 284 294 304 327 331 340 343 344 345 370 595 640 
0 41 284 293 306 320 332 338 345 369 595 640 
0 41 284 292 306 320 332 338 344 364 595 640 
0 41 287 288 306 318 332 339 342 363 595 640 
0 42 306 316 332 364 594 640 
0 42 306 315 333 363 594 640 
0 42 306 315 334 363 594 640 
0 43 306 314 335 364 594 640 
0 43 306 314 336 364 594 640 
0 44 305 312 336 365 593 640 
0 44 305 315 336 365 593 640 
0 44 304 316 337 366 593 640 
0 44 303 318 337 366 593 640 
0 45 302 320 337 366 593 640 
0 44 302 320 337 367 593 640 
0 42 43 44 302 322 337 367 593 640 
0 42 302 328 337 365 593 640 
0 42 298 300 301 329 335 362 593 640 
0 42 297 329 331 359 593 640 
0 42 296 355 593 640 
0 41 296 352 593 640 
0 41 296 349 592 640 
0 42 295 311 325 346 592 640 
0 43 296 308 328 344 592 640 
0 43 296 305 329 341 592 640 
0 44 296 304 330 338 592 640 
0 44 298 302 330 336 592 640 
0 44 300 301 333 335 591 640 
0 44 590 640 
0 45 590 640 
0 45 590 640 
0 45 590 640 
0 45 589 640 
0 45 589 640 
0 44 587 640 
0 44 585 640 
0 44 585 640 
0 44 583 640 
0 44 583 640 
0 44 582 640 
0 44 581 640 
0 43 581 640 
0 44 581 640 
0 44 581 640 
0 44 581 640 
0 44 581 640 
0 44 580 640 
0 44 580 640 
0 45 580 640 
0 45 580 640 
0 46 580 640 
0 46 580 640 
0 46 580 640 
0 46 580 640 
0 47 580 640 
0 48 580 640 
0 48 580 640 
0 48 580 640 
0 48 580 640 
0 49 580 640 
0 50 580 640 
0 51 580 640 
0 51 580 640 
0 52 580 640 
0 52 580 640 
0 53 580 640 
0 53 580 640 
0 53 579 640 
0 54 579 640 
0 54 579 640 
0 55 578 640 
0 55 578 640 
0 55 577 640 
0 55 576 640 
0 55 575 640 
0 55 574 640 
0 55 574 640 
0 55 573 640 
0 55 572 640 
0 56 571 640 
0 56 570 640 
0 57 570 640 
0 57 569 640 
0 58 568 640 
0 59 567 640 
0 60 567 640 
0 60 566 640 
0 62 566 640 
0 63 565 640 
0 65 565 640 
0 65 564 640 
0 66 563 640 
0 67 562 640 
0 69 562 640 
0 69 561 640 
0 70 561 640 
0 71 560 640 
0 72 401 402 560 640 
0 73 402 404 559 640 
0 74 402 405 559 640 
0 75 402 405 559 640 
0 75 403 405 559 640 
0 76 403 405 558 640 
0 76 403 406 558 640 
0 77 403 407 558 640 
0 78 403 408 558 640 
0 78 403 408 557 640 
0 78 404 409 556 640 
0 79 404 410 555 640 
0 79 404 411 555 640 
0 80 404 411 554 640 
0 80 404 412 553 640 
0 80 404 413 552 640 
0 82 404 414 550 640 
0 84 404 416 549 640 
0 85 226 227 404 417 547 640 
0 86 222 227 404 418 546 640 
0 86 219 227 404 419 545 640 
0 87 215 227 404 420 544 640 
0 88 212 227 405 420 543 640 
0 88 210 227 405 421 542 640 
0 90 210 227 405 422 540 640 
0 91 209 227 405 423 538 640 
0 92 208 227 405 424 537 640 
0 93 205 227 405 425 535 640 
0 94 203 227 405 425 533 640 
0 96 201 227 405 426 532 640 
0 100 198 227 404 426 531 640 
0 101 196 227 404 426 528 640 
0 102 194 227 404 426 526 640 
0 103 162 178 186 227 404 427 524 640 
0 103 157 227 404 427 523 640 
0 104 153 228 403 427 522 640 
0 104 150 228 403 427 520 640 
0 105 148 228 403 428 519 640 
0 106 145 228 403 428 517 640 
0 107 144 228 403 429 515 640 
0 109 142 228 403 429 512 640 
0 114 141 229 402 430 477 640 
0 118 139 229 402 430 475 640 
0 119 137 229 402 431 473 640 
0 128 133 229 402 431 470 640 
0 229 401 432 466 640 
0 230 401 432 465 640 
0 230 401 433 464 640 
0 230 401 434 463 640 
0 101 102 230 401 435 462 640 
0 99 102 231 401 436 461 640 
0 99 101 231 401 437 461 640 
0 231 402 438 459 640 
0 57 60 100 102 231 402 439 458 640 
0 55 74 80 83 98 103 231 402 440 458 640 
0 53 79 81 85 97 104 231 402 440 457 640 
0 50 88 97 105 230 402 441 456 640 
0 50 88 97 104 230 402 442 456 640 
0 50 89 97 105 230 403 445 455 640 
0 49 91 96 105 230 403 448 454 640 
0 49 93 96 106 230 403 640 
0 48 106 230 403 640 
0 48 107 230 403 640 
0 47 107 229 403 640 
0 47 106 229 404 640 
0 47 112 133 134 229 404 640 
0 46 115 134 135 229 404 640 
0 46 125 134 136 229 404 640 
0 47 125 130 137 229 404 542 565 640 
0 46 126 130 137 229 404 533 568 640 
0 46 126 130 137 229 404 531 571 640 
0 47 138 228 405 523 573 640 
0 47 139 228 405 510 575 640 
0 48 139 228 405 504 576 640 
0 49 139 228 405 485 490 501 577 640 
0 49 139 228 405 484 490 496 577 640 
0 51 139 228 405 483 491 494 578 640 
0 53 140 228 405 482 578 640 
0 56 140 228 405 481 579 640 
0 58 140 228 405 480 579 640 
0 58 140 227 406 480 580 640 
0 58 141 227 406 449 453 480 581 640 
0 58 141 227 406 448 454 479 581 640 
0 58 141 227 406 448 455 479 581 640 
0 58 142 168 170 227 406 447 459 479 581 640 
0 59 143 166 171 227 406 448 461 479 581 640 
0 59 144 159 161 165 171 227 406 448 462 478 581 640 
0 59 145 155 162 164 171 227 406 448 464 478 580 640 
0 60 146 153 172 226 407 447 465 476 580 640 
0 60 146 150 172 226 407 447 467 476 579 640 
0 60 147 149 172 226 407 447 470 473 578 640 
0 61 172 226 407 447 577 640 
0 61 173 226 407 447 575 640 
0 62 173 226 407 446 572 640 
0 62 173 226 407 446 565 640 
0 63 173 225 407 445 565 640 
0 63 173 225 407 445 565 640 
0 64 173 225 407 445 566 640 
0 64 174 225 407 444 566 640 
0 64 174 225 408 444 567 640 
0 65 174 225 408 444 541 543 567 640 
0 65 177 225 408 444 538 542 543 544 567 640 
0 66 179 225 408 443 537 541 567 640 
0 66 181 225 408 443 536 541 567 640 
0 66 182 225 408 440 535 541 567 640 
0 67 183 225 408 439 536 538 567 640 
0 67 185 225 408 438 537 539 567 640 
0 68 186 225 408 436 535 538 567 640 
0 68 187 225 408 436 567 640 
0 69 188 224 408 435 566 640 
0 70 188 224 408 434 565 640 
0 70 190 224 408 434 565 640 
0 71 191 224 409 433 564 640 
0 72 191 224 409 432 563 640 
0 73 192 224 409 431 563 640 
0 73 193 224 409 429 562 640 
0 74 193 224 409 429 561 640 
0 75 194 224 409 428 560 640 
0 76 194 224 409 427 559 640 
0 77 195 224 409 426 558 640 
0 78 196 224 410 426 557 640 
0 79 196 223 410 425 556 640 
0 80 196 223 410 424 555 640 
0 82 197 223 410 424 554 640 
0 83 197 223 410 423 553 640 
0 85 198 223 410 423 552 640 
0 86 198 223 410 422 551 640 
0 88 198 223 410 422 549 640 
0 90 198 223 410 421 548 640 
0 92 199 223 410 421 546 640 
0 93 199 223 410 421 544 640 
0 95 199 223 410 420 542 640 
0 97 199 223 410 420 540 640 
0 100 200 223 410 420 538 640 
0 102 200 223 410 420 535 640 
0 103 200 223 410 420 535 640 
