0 640 
0 640 
0 640 
0 640 
0 640 
0 640 
0 640 
0 640 
0 640 
0 640 
0 640 
0 640 
0 640 
0 640 
0 640 
0 640 
0 640 
0 640 
0 640 
0 640 
0 640 
0 640 
0 640 
0 640 
0 640 
0 640 
0 640 
0 640 
0 640 
0 640 
0 640 
0 640 
0 640 
0 640 
0 640 
0 640 
0 640 
0 640 
0 640 
0 640 
0 640 
0 640 
0 640 
0 640 
0 640 
0 640 
0 640 
0 640 
0 640 
0 640 
0 640 
0 640 
0 640 
0 640 
0 640 
0 640 
0 640 
0 640 
0 640 
0 640 
0 640 
0 640 
0 640 
0 640 
0 640 
0 640 
0 640 
0 640 
0 640 
0 640 
0 640 
0 640 
0 640 
0 640 
0 640 
0 640 
0 640 
0 640 
0 640 
0 640 
0 640 
0 640 
0 640 
0 640 
0 640 
0 640 
0 640 
0 640 
0 640 
0 640 
0 640 
0 640 
0 640 
0 640 
0 640 
0 640 
0 640 
0 640 
0 640 
0 640 
0 640 
0 640 
0 640 
0 640 
0 640 
0 326 340 640 
0 324 344 640 
0 319 347 640 
0 316 350 640 
0 313 352 640 
0 310 354 640 
0 308 355 640 
0 306 357 640 
0 303 358 640 
0 301 359 640 
0 300 361 640 
0 298 362 640 
0 296 364 640 
0 295 365 640 
0 293 366 640 
0 292 367 640 
0 291 368 640 
0 289 369 640 
0 288 370 640 
0 287 371 640 
0 286 372 640 
0 285 372 640 
0 284 373 640 
0 283 373 640 
0 282 374 640 
0 282 374 640 
0 281 375 640 
0 280 375 640 
0 280 376 640 
0 279 376 640 
0 279 377 640 
0 278 377 640 
0 278 378 640 
0 278 378 640 
0 277 379 640 
0 277 379 640 
0 276 380 640 
0 276 380 640 
0 276 381 640 
0 275 381 640 
0 275 382 640 
0 275 382 640 
0 275 382 640 
0 274 383 640 
0 274 383 640 
0 274 383 640 
0 274 383 640 
0 273 383 640 
0 273 384 640 
0 273 384 640 
0 273 384 640 
0 272 385 640 
0 272 385 640 
0 272 385 640 
0 272 385 640 
0 272 386 640 
0 272 386 640 
0 273 386 640 
0 273 274 276 386 640 
0 276 386 640 
0 276 386 640 
0 276 386 640 
0 277 387 640 
0 277 387 640 
0 277 387 640 
0 280 387 640 
0 281 387 640 
0 281 387 640 
0 282 387 640 
0 282 387 640 
0 283 286 288 290 291 387 640 
0 283 286 288 290 292 388 640 
0 284 286 288 290 292 388 640 
0 285 286 289 291 293 388 640 
0 286 287 289 291 294 388 640 
0 289 290 295 388 640 
0 296 388 640 
0 296 388 640 
0 295 388 640 
0 295 389 640 
0 294 389 640 
0 293 389 640 
0 293 389 640 
0 293 389 640 
0 293 389 640 
0 295 390 640 
0 297 390 640 
0 298 390 640 
0 299 390 640 
0 299 390 640 
0 299 390 640 
0 300 390 640 
0 301 390 640 
0 302 390 640 
0 303 390 640 
0 304 390 640 
0 305 390 640 
0 307 390 640 
0 308 390 640 
0 308 390 640 
0 309 391 640 
0 309 391 640 
0 310 391 640 
0 311 391 640 
0 312 391 640 
0 312 391 640 
0 312 391 640 
0 312 391 640 
0 312 391 640 
0 312 391 640 
0 312 391 640 
0 311 391 640 
0 311 391 640 
0 311 391 640 
0 311 327 328 391 640 
0 311 327 328 391 640 
0 311 392 640 
0 310 392 640 
0 310 392 640 
0 310 392 640 
0 310 392 640 
0 310 392 640 
0 310 392 640 
0 309 392 640 
0 308 393 640 
0 307 393 640 
0 306 393 640 
0 305 393 640 
0 304 393 640 
0 303 393 640 
0 301 394 640 
0 299 394 640 
0 298 394 640 
0 296 394 640 
0 296 394 640 
0 295 395 640 
0 295 395 640 
0 296 395 640 
0 297 395 640 
0 297 395 640 
0 296 395 640 
0 296 396 640 
0 295 396 640 
0 295 396 640 
0 298 396 640 
0 297 396 640 
0 297 396 640 
0 296 396 640 
0 296 396 640 
0 295 397 640 
0 294 397 640 
0 294 397 640 
0 293 397 640 
0 293 397 640 
0 292 397 640 
0 292 398 640 
0 291 398 640 
0 291 398 640 
0 290 398 640 
0 290 398 640 
0 289 398 640 
0 289 399 640 
0 289 399 640 
0 289 399 640 
0 289 399 640 
0 289 399 640 
0 289 400 640 
0 289 400 640 
0 288 400 640 
0 288 400 640 
0 287 400 640 
0 287 400 640 
0 286 400 640 
0 286 400 640 
0 285 401 640 
0 285 401 640 
0 285 401 640 
0 284 401 640 
0 284 401 640 
0 284 401 640 
0 284 401 640 
0 283 401 640 
0 283 401 640 
0 283 401 640 
0 283 401 640 
0 282 401 640 
0 282 401 640 
0 282 402 640 
0 282 402 640 
0 282 402 640 
0 282 402 640 
0 282 402 640 
0 282 402 640 
0 282 402 640 
0 282 402 640 
0 282 402 640 
0 282 402 640 
0 282 402 640 
0 282 402 640 
0 283 403 640 
0 283 403 640 
0 283 403 640 
0 283 403 640 
0 283 403 640 
0 284 402 640 
0 284 402 640 
0 284 402 640 
0 284 402 640 
0 284 402 640 
0 285 402 640 
0 285 402 640 
0 285 402 640 
0 285 402 640 
0 286 402 640 
0 286 403 640 
0 286 403 640 
0 287 403 640 
0 287 403 640 
0 287 403 640 
0 288 403 640 
0 288 403 640 
0 288 403 640 
0 288 403 640 
0 288 403 640 
0 289 403 640 
0 289 404 640 
0 289 404 640 
0 289 404 640 
0 289 404 640 
0 290 404 640 
0 290 405 640 
0 290 405 640 
0 290 405 640 
0 290 405 640 
0 290 405 640 
0 290 405 640 
0 290 405 640 
0 290 405 640 
0 291 405 640 
0 291 405 640 
0 291 405 640 
0 291 406 640 
0 291 406 640 
0 291 406 640 
0 291 406 640 
0 291 406 640 
0 291 406 640 
0 292 406 640 
0 292 406 640 
0 292 406 640 
0 292 406 640 
0 292 406 640 
0 292 406 640 
0 292 406 640 
0 292 406 640 
0 292 406 640 
0 292 406 640 
0 292 406 640 
0 292 407 640 
0 292 407 640 
0 292 407 640 
0 292 407 640 
0 292 407 640 
0 292 407 640 
0 292 407 640 
0 292 407 640 
0 292 407 640 
0 292 407 640 
0 292 407 640 
0 292 407 640 
0 292 407 640 
0 292 407 640 
0 293 407 640 
0 293 407 640 
0 292 407 640 
0 292 407 640 
0 292 407 640 
0 292 407 640 
0 293 408 640 
0 293 408 640 
0 292 408 640 
0 292 408 640 
0 292 408 640 
0 292 408 640 
0 292 407 640 
0 292 407 640 
0 291 407 640 
0 291 407 640 
0 291 407 640 
0 291 407 640 
0 290 407 640 
0 290 407 640 
0 290 407 640 
0 290 407 640 
0 289 407 640 
0 289 407 640 
0 289 407 640 
0 289 407 640 
0 288 407 640 
0 288 407 640 
0 288 407 640 
0 288 407 640 
0 287 407 640 
0 287 407 640 
0 287 407 640 
0 286 407 640 
0 286 407 640 
0 286 407 640 
0 286 407 640 
0 285 407 640 
0 285 406 640 
0 285 406 640 
0 285 406 640 
0 285 406 640 
0 284 406 640 
0 284 406 640 
0 284 406 640 
0 283 406 640 
0 283 406 640 
0 283 406 640 
0 282 406 640 
0 281 406 640 
0 281 406 640 
0 280 406 640 
0 280 406 640 
0 279 406 640 
0 279 406 640 
0 278 406 640 
0 278 406 640 
0 277 406 640 
0 276 406 640 
0 276 405 640 
0 275 405 640 
0 275 405 640 
0 274 405 640 
0 273 405 640 
0 273 405 640 
0 272 405 640 
0 272 405 640 
0 271 405 640 
0 271 405 640 
0 271 405 640 
0 271 405 640 
0 272 405 640 
0 275 405 640 
0 277 405 640 
0 277 405 640 
0 277 405 640 
0 276 405 640 
0 275 405 640 
0 274 405 640 
0 274 405 640 
0 274 405 640 
0 273 405 640 
0 273 405 640 
0 273 405 640 
0 272 405 640 
0 272 405 640 
0 274 405 640 
0 276 405 640 
0 278 405 640 
0 281 405 640 
0 284 405 640 
0 285 405 640 
0 285 405 640 
0 285 405 640 
0 285 405 640 
0 285 405 640 
0 285 405 640 
0 285 405 640 
0 285 405 640 
0 285 405 640 
0 285 405 640 
0 285 405 640 
0 285 405 640 
