0 640 
0 640 
0 640 
0 640 
0 640 
0 640 
0 640 
0 640 
0 640 
0 640 
0 640 
0 640 
0 640 
0 640 
0 640 
0 640 
0 640 
0 640 
0 640 
0 640 
0 640 
0 640 
0 640 
0 640 
0 640 
0 640 
0 640 
0 640 
0 640 
0 640 
0 640 
0 640 
0 640 
0 640 
0 640 
0 640 
0 640 
0 640 
0 640 
0 640 
0 640 
0 640 
0 640 
0 640 
0 640 
0 640 
0 640 
0 640 
0 640 
0 640 
0 640 
0 640 
0 640 
0 640 
0 640 
0 640 
0 640 
0 640 
0 640 
0 640 
0 640 
0 640 
0 640 
0 640 
0 640 
0 640 
0 640 
0 640 
0 640 
0 640 
0 640 
0 640 
0 640 
0 640 
0 640 
0 640 
0 640 
0 640 
0 640 
0 640 
0 640 
0 640 
0 640 
0 640 
0 640 
0 640 
0 640 
0 640 
0 640 
0 640 
0 640 
0 640 
0 640 
0 640 
0 640 
0 640 
0 640 
0 640 
0 640 
0 640 
0 640 
0 640 
0 640 
0 640 
0 640 
0 640 
0 640 
0 640 
0 640 
0 640 
0 640 
0 640 
0 640 
0 640 
0 640 
0 640 
0 389 390 640 
0 348 350 372 374 383 393 640 
0 347 351 369 395 640 
0 347 352 368 397 640 
0 347 353 368 398 640 
0 348 354 367 399 640 
0 348 355 367 399 640 
0 348 355 366 400 640 
0 348 356 366 400 640 
0 347 357 365 401 640 
0 347 357 365 401 640 
0 347 357 365 402 640 
0 347 358 365 403 640 
0 346 358 365 403 640 
0 346 359 365 403 640 
0 346 354 356 360 365 403 640 
0 346 354 357 360 364 403 640 
0 345 353 357 361 364 403 640 
0 345 353 358 362 364 402 640 
0 345 353 359 401 640 
0 345 353 360 400 640 
0 345 352 360 398 640 
0 344 352 361 367 369 397 640 
0 344 352 362 367 369 397 640 
0 344 352 363 367 368 397 640 
0 344 351 364 397 640 
0 344 351 365 397 640 
0 344 351 366 397 640 
0 343 351 366 396 640 
0 343 351 366 392 395 396 640 
0 343 350 366 392 640 
0 343 350 365 392 640 
0 343 350 365 366 368 393 640 
0 343 350 369 397 640 
0 343 350 371 400 640 
0 343 350 372 401 640 
0 342 349 372 401 640 
0 342 349 372 402 640 
0 342 349 372 402 640 
0 342 349 373 402 640 
0 342 349 373 401 640 
0 342 348 373 401 640 
0 342 348 372 401 640 
0 342 348 372 401 640 
0 341 348 371 401 640 
0 341 348 371 402 640 
0 341 348 370 403 640 
0 341 347 370 403 640 
0 341 347 370 404 640 
0 341 347 371 405 640 
0 340 347 371 405 640 
0 340 347 372 406 640 
0 340 347 372 406 640 
0 340 347 372 406 640 
0 340 347 372 406 640 
0 340 347 372 407 640 
0 340 347 372 407 640 
0 340 346 372 407 640 
0 340 346 372 407 640 
0 340 346 372 407 640 
0 340 346 372 408 640 
0 340 346 372 407 640 
0 340 346 372 406 640 
0 339 346 372 401 404 405 640 
0 339 346 373 402 640 
0 339 346 375 402 640 
0 339 346 376 402 640 
0 339 346 376 402 640 
0 339 346 377 402 640 
0 339 346 377 401 640 
0 339 345 377 401 640 
0 339 345 377 401 640 
0 339 345 377 402 640 
0 339 345 377 402 640 
0 339 345 377 402 640 
0 339 345 377 402 640 
0 339 345 376 403 640 
0 340 345 375 404 640 
0 340 345 375 404 640 
0 340 345 375 405 640 
0 340 345 375 405 640 
0 340 345 374 405 640 
0 340 346 373 406 640 
0 340 346 373 406 640 
0 340 346 372 407 640 
0 340 346 371 407 640 
0 340 346 370 408 640 
0 340 346 370 408 640 
0 340 346 369 409 640 
0 340 346 369 410 640 
0 340 346 368 410 640 
0 340 346 368 410 640 
0 340 345 367 411 640 
0 340 345 366 411 640 
0 340 345 366 411 640 
0 340 345 365 412 640 
0 340 345 364 412 640 
0 340 344 364 412 640 
0 339 344 363 412 640 
0 339 344 362 413 640 
0 339 344 362 413 640 
0 339 343 361 413 502 504 640 
0 339 343 360 413 499 506 640 
0 339 343 360 413 498 507 640 
0 339 343 359 414 497 507 640 
0 339 343 358 414 496 508 640 
0 339 343 357 414 496 508 640 
0 339 343 357 415 495 509 640 
0 339 342 356 415 495 509 640 
0 339 342 355 415 494 510 640 
0 339 342 355 415 494 510 640 
0 339 342 354 415 493 510 640 
0 339 342 353 415 493 510 640 
0 339 342 353 416 492 510 640 
0 339 342 351 416 491 510 640 
0 339 342 351 416 491 510 640 
0 339 342 350 416 490 509 640 
0 339 342 349 416 490 509 640 
0 339 342 349 417 490 509 640 
0 339 342 348 417 489 508 640 
0 339 342 348 417 489 508 640 
0 339 342 348 418 488 507 640 
0 340 343 347 418 488 507 640 
0 340 343 347 418 487 507 640 
0 341 343 348 419 487 506 640 
0 342 344 350 413 416 419 486 506 640 
0 343 344 350 413 416 419 486 505 640 
0 349 413 416 419 485 505 640 
0 349 413 415 419 485 505 640 
0 348 413 415 418 484 504 640 
0 347 413 484 503 640 
0 346 412 483 503 640 
0 203 224 346 413 482 504 640 
0 192 229 345 413 481 506 640 
0 180 234 344 413 474 506 640 
0 173 240 344 413 470 507 640 
0 163 245 343 413 463 507 640 
0 153 250 343 414 454 507 640 
0 146 255 343 414 449 508 640 
0 139 260 343 415 443 508 640 
0 136 266 342 415 440 508 640 
0 133 271 342 415 436 508 640 
0 132 276 343 415 431 508 640 
0 132 282 344 415 428 508 640 
0 132 288 345 416 425 507 640 
0 132 293 346 415 422 506 640 
0 132 299 349 414 419 505 640 
0 132 305 351 413 416 504 640 
0 132 311 353 411 413 502 640 
0 132 318 357 500 640 
0 133 324 360 499 640 
0 133 331 363 498 640 
0 133 338 368 497 640 
0 134 346 369 497 640 
0 134 356 369 380 384 385 388 496 640 
0 135 364 368 380 388 495 640 
0 135 381 387 495 640 
0 136 495 640 
0 136 494 640 
0 137 494 640 
0 137 493 640 
0 138 493 640 
0 138 492 640 
0 139 492 640 
0 139 491 640 
0 140 491 640 
0 141 491 640 
0 142 490 640 
0 143 490 640 
0 144 490 640 
0 145 489 640 
0 146 489 640 
0 148 489 640 
0 149 488 640 
0 151 487 640 
0 152 487 640 
0 153 486 640 
0 154 486 640 
0 154 486 640 
0 155 485 640 
0 156 485 640 
0 156 484 640 
0 157 484 640 
0 158 483 640 
0 158 482 640 
0 159 482 640 
0 160 481 640 
0 161 481 640 
0 162 481 640 
0 163 480 640 
0 164 175 181 479 640 
0 166 167 183 479 640 
0 185 478 640 
0 187 478 640 
0 190 477 640 
0 192 476 640 
0 195 476 640 
0 199 475 640 
0 205 208 214 474 640 
0 215 474 640 
0 217 473 640 
0 218 472 640 
0 219 472 640 
0 221 471 640 
0 222 470 640 
0 224 469 640 
0 225 469 640 
0 226 468 640 
0 227 467 640 
0 228 466 640 
0 229 465 640 
0 230 464 640 
0 232 464 640 
0 233 463 640 
0 235 462 640 
0 236 461 640 
0 238 461 640 
0 239 460 640 
0 241 459 640 
0 242 459 640 
0 244 458 640 
0 245 457 640 
0 247 457 640 
0 248 456 640 
0 250 455 640 
0 252 453 640 
0 254 450 640 
0 255 446 640 
0 257 444 640 
0 259 338 343 440 640 
0 261 333 348 421 427 437 640 
0 263 328 352 417 640 
0 265 322 356 413 640 
0 266 318 359 410 640 
0 269 314 365 404 640 
0 271 308 370 397 640 
0 273 301 640 
0 275 297 640 
0 277 294 640 
0 280 289 640 
0 283 285 640 
0 640 
0 640 
0 640 
0 640 
0 640 
0 640 
0 640 
0 640 
0 640 
0 640 
0 640 
0 640 
0 640 
0 640 
0 640 
0 640 
0 640 
0 640 
0 640 
0 640 
0 640 
0 640 
0 640 
0 640 
0 640 
0 640 
0 640 
0 640 
0 640 
0 640 
0 640 
0 640 
0 640 
0 640 
0 640 
0 640 
0 640 
0 640 
0 640 
0 640 
0 640 
0 640 
0 640 
0 640 
0 640 
0 640 
0 640 
0 640 
0 640 
0 640 
0 640 
0 640 
0 640 
0 640 
0 640 
0 640 
0 640 
0 640 
0 640 
0 640 
0 640 
0 640 
0 640 
0 640 
0 640 
0 640 
0 640 
0 640 
0 640 
0 640 
0 640 
0 640 
0 640 
0 640 
0 640 
0 640 
0 640 
0 640 
0 640 
0 640 
0 640 
0 640 
0 640 
0 640 
0 640 
0 640 
0 640 
0 640 
0 640 
0 640 
0 640 
0 640 
0 640 
0 640 
0 640 
0 640 
0 640 
0 640 
0 640 
0 640 
0 640 
0 640 
0 640 
0 640 
0 640 
0 640 
0 640 
0 640 
0 640 
0 640 
0 640 
0 640 
0 640 
0 640 
0 640 
0 640 
0 640 
0 640 
0 640 
0 640 
0 640 
0 640 
0 640 
