
















460 469 
456 471 
451 472 
446 474 
442 475 
438 477 
436 478 
434 479 
433 480 
432 481 
432 482 
431 483 
431 484 
431 485 
430 486 
430 487 
430 487 
430 488 
429 489 
429 490 
429 490 
428 491 
428 492 
428 492 
427 493 
427 493 
427 493 
427 493 
425 493 
418 492 
408 492 
403 492 
401 492 
397 491 
394 491 
392 490 
391 490 
389 490 
387 490 
386 491 
384 491 
383 492 
382 493 
381 494 
379 495 
378 496 
377 497 
376 497 
375 498 
374 499 
373 501 
372 502 
371 502 
370 503 
369 504 
368 504 
367 505 
366 506 
365 506 
365 507 
364 507 
363 508 
363 508 
362 509 
361 510 
361 510 
361 510 
360 511 
360 511 
359 512 
359 512 
359 513 
358 513 
358 513 
358 513 
358 514 
357 514 
357 514 
357 514 
357 515 
357 515 
357 515 
357 515 
356 516 
356 359 360 516 
355 358 360 517 
355 358 359 517 
354 357 359 517 
353 356 358 517 
353 355 358 518 
357 518 
357 518 
357 518 
357 519 
357 519 
356 519 
356 520 
356 520 
356 520 
356 520 
356 520 
356 520 
355 358 359 520 
355 358 359 520 
355 358 359 520 
355 357 359 520 
355 357 359 520 
355 357 359 520 
359 520 
360 521 
360 521 
360 521 
360 368 370 521 
362 368 370 521 
362 364 365 368 370 521 
365 368 370 520 
365 368 370 520 
365 369 370 520 
365 369 370 520 
370 520 
370 520 
370 520 
371 519 
371 519 
371 519 
370 519 
369 519 
368 518 
366 518 
364 518 
361 518 
359 517 
359 517 
359 517 
359 517 
359 517 
359 517 
360 517 
361 518 
362 518 
363 518 
364 518 
365 518 
365 519 
366 519 
366 519 
366 519 
366 519 
365 519 
365 519 
365 519 
365 519 540 542 
365 519 540 542 
365 519 540 543 
365 520 539 543 
366 520 539 544 
367 511 512 520 539 545 
368 510 512 520 538 545 
368 510 512 520 538 546 
368 510 512 520 537 547 
368 509 512 520 537 547 
368 509 512 520 537 548 
368 509 512 520 536 549 
369 509 512 520 536 549 
369 509 512 520 535 550 
370 509 512 520 534 551 
370 509 512 521 533 551 
370 509 513 521 532 552 
370 509 513 521 530 553 
370 509 513 521 530 553 
371 509 513 521 529 554 
371 509 513 522 528 555 
371 510 513 522 528 556 
371 510 513 522 527 557 
371 510 513 522 526 557 
371 511 513 522 525 558 
371 511 513 522 525 559 
372 512 513 522 524 559 
373 512 513 522 524 560 
375 512 513 521 523 561 
399 562 
399 563 
399 564 
400 565 
400 566 
400 566 
400 567 
400 568 
400 569 
401 570 
401 571 
401 572 
401 573 
401 574 
401 575 
401 576 
401 577 
401 578 
401 579 
401 580 
401 581 
401 582 
401 583 
401 584 
401 586 
401 587 
400 588 
399 589 
397 590 
396 592 
395 593 
394 594 
393 495 496 595 
391 597 
390 598 
389 599 
388 601 
387 602 
386 604 
272 281 385 605 
267 268 270 283 384 606 
260 286 382 608 
259 288 382 609 
258 289 381 611 
164 166 170 174 257 290 379 612 
163 167 169 174 256 291 378 614 
163 175 255 293 377 616 
163 175 254 294 376 617 
163 176 251 294 375 619 
162 177 250 295 373 620 
162 178 230 241 248 296 368 622 
162 178 228 297 367 624 
162 182 185 188 228 297 366 460 461 626 
161 189 229 298 365 459 462 627 
161 190 231 302 363 458 462 629 
160 191 233 311 363 458 462 631 
160 191 235 318 362 459 463 633 
159 192 236 325 361 459 463 634 
158 193 243 334 360 460 462 636 
157 194 244 341 360 638 
157 194 244 347 359 640 
157 195 244 351 359 640 
157 196 245 352 359 640 
158 197 245 353 358 640 
158 197 245 302 310 350 358 640 
159 198 246 301 344 345 358 640 
160 199 246 301 358 640 
161 199 247 302 358 640 
161 200 247 302 357 640 
162 201 247 302 356 640 
163 202 248 302 355 640 
163 202 248 303 354 640 
164 203 248 303 353 640 
165 204 249 303 352 640 
166 205 250 303 351 640 
167 205 252 303 350 640 
167 206 258 303 350 640 
168 207 258 303 349 640 
169 208 259 304 348 640 
169 208 259 304 348 640 
170 209 260 304 347 640 
171 210 260 304 347 640 
172 210 261 304 347 640 
172 211 262 304 346 640 
173 212 262 304 346 640 
174 213 263 304 346 640 
175 213 263 304 346 640 
176 214 264 304 346 640 
176 215 265 304 346 640 
177 216 265 304 346 640 
178 216 266 304 346 640 
178 217 267 304 345 640 
179 218 267 304 345 640 
180 219 268 305 345 640 
180 220 268 305 345 640 
181 220 269 305 345 640 
182 221 269 305 344 640 
183 222 270 305 343 640 
184 222 270 305 342 640 
184 223 270 305 342 640 
185 224 270 305 341 640 
186 225 271 306 341 640 
187 225 271 307 341 640 
187 226 271 307 340 640 
188 227 271 308 340 640 
189 228 271 308 340 640 
190 228 271 309 340 640 
190 229 272 309 340 640 
189 230 272 310 340 640 
188 231 272 310 340 640 
188 231 272 310 341 640 
187 232 272 311 341 640 
188 233 272 311 341 640 
188 234 273 312 340 640 
188 235 273 312 340 640 
189 237 273 313 339 640 
189 238 273 313 339 640 
189 239 274 314 338 640 
190 241 274 314 338 640 
190 242 274 314 337 640 
191 244 275 315 337 640 
191 245 275 315 337 640 
192 246 275 316 336 640 
192 247 276 316 336 640 
193 248 276 317 336 640 
193 250 276 317 335 526 527 640 
194 251 277 317 334 525 527 640 
195 252 277 318 334 524 528 640 
195 253 277 318 333 523 528 640 
196 254 277 319 332 523 528 640 
196 255 278 319 331 523 528 640 
196 257 278 320 331 522 528 640 
196 258 278 320 330 522 528 640 
196 260 279 320 329 522 528 640 
196 261 279 321 329 521 528 640 
196 262 280 321 328 513 517 521 528 534 535 640 
196 264 280 322 327 515 517 521 528 533 535 640 
197 265 280 322 327 516 517 520 528 533 535 640 
197 266 281 323 327 520 528 532 535 640 
197 268 281 323 327 520 528 532 535 640 
197 268 281 324 327 520 528 531 535 640 
198 269 282 324 328 520 529 530 535 640 
198 270 282 324 328 519 534 640 
198 271 282 325 328 504 510 516 534 640 
199 272 283 325 327 501 534 640 
199 272 283 501 533 640 
200 273 283 502 533 640 
200 274 284 502 532 640 
200 274 284 503 532 640 
201 275 285 503 532 640 
202 276 285 455 456 487 496 503 532 640 
202 276 285 455 457 486 531 640 
203 277 286 455 458 487 531 640 
203 278 286 454 460 488 531 640 
204 279 286 454 462 488 531 640 
204 280 286 454 464 487 531 640 
204 282 287 457 530 640 
205 284 287 459 530 640 
205 285 287 460 530 542 543 640 
206 461 530 541 543 640 
206 462 530 541 542 640 
207 463 530 540 542 640 
208 463 530 539 542 640 
209 464 530 538 542 640 
209 464 529 537 541 640 
211 464 529 536 541 640 
214 464 529 535 541 640 
221 465 529 535 541 640 
225 465 529 534 540 640 
227 465 529 533 540 640 
228 465 529 533 540 640 
230 465 528 532 540 640 
233 465 528 531 540 640 
235 465 528 531 540 640 
237 464 529 530 540 640 
240 464 539 640 
243 464 539 640 
246 451 452 464 539 640 
250 450 452 464 539 640 
253 450 452 464 539 640 
256 450 453 464 539 640 
259 449 453 464 539 640 
262 449 453 464 539 640 
264 449 453 464 538 640 
266 449 453 464 538 640 
268 449 454 464 538 640 
270 449 454 464 538 640 
271 449 454 464 538 640 
272 449 454 464 538 640 
272 448 454 464 538 640 
273 448 455 464 538 640 
273 448 455 464 538 640 
274 448 455 464 538 640 
274 448 455 464 538 542 543 640 
275 448 455 464 538 542 543 640 
275 448 455 464 537 541 543 640 
276 448 455 464 537 541 544 640 
277 447 455 464 537 540 543 640 
278 447 455 465 537 539 543 640 
279 447 455 465 543 640 
280 447 455 465 543 640 
281 447 456 465 543 640 
282 447 456 465 543 640 
283 447 456 465 543 640 
284 447 456 465 543 640 
286 447 456 465 543 640 
287 447 456 465 543 640 
288 447 456 465 543 640 
289 448 456 465 543 640 
291 448 456 466 543 640 
292 449 456 466 543 640 
294 449 456 466 543 640 
295 449 456 466 543 554 555 640 
296 450 457 466 543 553 555 640 
298 450 457 466 543 552 554 640 
299 450 457 466 543 552 554 640 
300 451 457 466 543 551 554 640 
302 451 457 467 543 550 554 640 
303 452 457 467 543 549 553 640 
305 452 457 467 543 549 553 640 
306 452 457 467 543 548 553 640 
307 453 457 467 543 547 553 640 
309 453 457 467 543 546 553 640 
310 454 457 467 544 545 553 640 
312 454 457 467 552 640 
313 454 457 468 552 640 
314 455 457 468 552 640 
316 455 457 468 552 566 567 640 
317 456 457 468 552 565 567 640 
319 468 552 565 567 640 
320 468 552 564 567 640 
321 468 552 563 567 640 
323 469 551 562 567 640 
324 469 551 560 566 640 
326 469 551 559 566 586 587 640 
327 469 551 558 566 585 586 640 
328 469 551 556 565 585 586 640 
328 469 551 555 565 584 586 640 
328 470 551 553 565 583 586 640 
327 470 565 583 585 640 
327 470 565 582 585 640 
325 470 564 582 585 640 
324 470 564 581 585 640 
323 470 564 581 584 640 
323 470 564 580 584 640 
322 471 563 580 584 640 
321 471 563 580 583 640 
321 471 563 580 583 640 
320 471 563 568 569 579 583 640 
320 472 563 567 569 579 583 640 
320 472 563 566 568 579 582 640 
319 472 562 565 568 578 582 640 
319 472 562 564 568 578 582 640 
319 473 568 574 575 578 582 640 
318 478 568 573 575 577 582 640 
318 479 568 572 575 577 582 640 
318 480 568 571 575 577 581 640 
318 481 568 571 575 576 581 639 
318 482 568 570 581 639 
318 483 581 638 
319 484 581 638 
319 485 581 640 
319 486 581 640 
319 486 580 640 
320 487 580 637 638 640 
320 488 580 637 638 640 
320 489 580 636 638 640 
321 489 580 635 638 640 
321 490 580 635 637 640 
322 490 579 635 637 640 
323 491 579 635 637 640 
323 492 579 635 637 640 
323 492 579 635 637 640 
323 493 579 635 637 640 
323 493 578 634 637 640 
323 493 578 634 636 640 
323 494 578 634 636 640 
323 494 578 634 636 640 
323 494 578 634 636 640 
323 494 578 634 636 640 
323 494 578 634 636 640 
323 494 578 634 636 640 
323 494 577 634 636 640 
