0 320 
0 320 
0 320 
0 320 
0 320 
0 320 
0 320 
0 320 
0 320 
0 320 
0 320 
0 320 
0 320 
0 320 
0 320 
0 320 
0 320 
0 320 
0 320 
0 320 
0 320 
0 320 
0 320 
0 320 
0 320 
0 320 
0 320 
0 320 
0 320 
0 320 
0 320 
0 320 
0 320 
0 320 
0 320 
0 320 
0 320 
0 320 
0 320 
0 320 
0 320 
0 320 
0 320 
0 320 
0 320 
0 320 
0 320 
0 320 
0 320 
0 320 
0 320 
0 320 
0 320 
0 320 
0 320 
0 320 
0 320 
0 320 
0 320 
0 320 
0 320 
0 320 
0 320 
0 320 
0 320 
0 320 
0 320 
0 320 
0 320 
0 320 
0 320 
0 320 
0 320 
0 320 
0 320 
0 320 
0 320 
0 320 
0 320 
0 320 
0 320 
0 320 
0 320 
0 320 
0 320 
0 320 
0 320 
0 320 
0 320 
0 320 
0 320 
0 320 
0 320 
0 320 
0 320 
0 320 
0 320 
0 320 
0 320 
0 320 
0 320 
0 320 
0 320 
0 320 
0 320 
0 320 
0 320 
0 320 
0 320 
0 320 
0 320 
0 320 
0 320 
0 320 
0 320 
0 320 
0 320 
0 320 
0 320 
0 320 
0 320 
0 320 
0 320 
0 320 
0 320 
0 320 
0 320 
0 320 
0 320 
0 320 
0 320 
0 320 
0 320 
0 320 
0 320 
0 320 
0 320 
0 320 
0 320 
0 320 
0 320 
0 320 
0 320 
0 320 
0 320 
0 320 
0 320 
0 320 
0 320 
0 320 
0 320 
0 320 
0 320 
0 320 
0 320 
0 320 
0 320 
0 320 
0 320 
0 320 
0 320 
0 320 
0 320 
0 320 
0 320 
0 320 
0 320 
0 320 
0 320 
0 320 
0 320 
0 320 
0 320 
0 306 316 322 
0 300 320 330 
0 295 320 335 
0 292 320 339 
0 289 320 344 
0 287 320 348 
0 285 320 351 
0 283 320 352 
0 282 320 354 
0 280 320 355 
0 279 320 356 
0 278 320 357 
0 277 320 359 
0 277 320 360 
0 276 320 361 
0 275 320 363 
0 274 320 365 
0 273 320 368 
0 272 320 369 
0 271 320 370 
0 270 320 372 
0 269 320 372 
0 267 320 373 
0 266 320 374 
0 263 320 377 
0 261 320 380 
0 258 320 382 
0 255 320 385 
0 253 320 387 
0 251 320 389 
0 249 320 391 
0 247 320 393 
0 245 320 395 
0 242 320 397 
0 241 320 399 
0 239 257 258 320 400 
0 238 256 258 320 401 
0 236 253 258 320 403 
0 235 251 258 320 404 
0 234 249 258 320 406 
0 232 248 257 320 383 386 407 
0 232 246 257 320 383 387 408 
0 230 244 256 320 383 389 409 
0 229 242 256 320 384 392 410 
0 228 241 255 320 384 393 411 
0 227 240 254 320 387 395 412 
0 226 238 253 320 388 396 413 
0 226 237 253 320 389 398 414 
0 225 236 252 320 390 400 414 
0 225 235 252 320 391 400 415 
0 224 234 252 320 391 402 416 
0 223 234 252 320 392 403 416 
0 223 233 252 320 392 404 417 
0 223 232 252 320 392 405 417 
0 223 231 251 320 392 406 417 
0 223 231 251 320 392 407 417 
0 223 231 251 320 392 407 417 
0 223 232 251 320 392 408 418 
0 223 233 250 320 392 408 418 
0 223 234 250 320 392 407 418 
0 224 237 250 320 392 406 418 
0 224 241 249 320 392 404 417 
0 225 320 392 400 417 
0 225 320 392 396 417 
0 226 320 416 
0 228 320 416 
0 229 320 415 
0 230 320 415 
0 232 320 414 
0 234 320 414 
0 236 320 412 
0 239 320 410 
0 242 320 409 
0 243 320 407 
0 244 320 405 
0 244 320 402 
0 244 320 389 
0 245 320 388 
0 245 320 388 
0 245 320 388 
0 246 320 388 
0 247 320 387 
0 247 320 387 
0 248 320 387 
0 248 320 386 
0 249 320 386 
0 249 320 386 
0 249 320 385 
0 249 320 385 
0 249 320 385 
0 250 320 384 
0 250 320 384 
0 251 320 383 
0 251 320 382 
0 252 320 382 
0 253 320 382 
0 254 320 381 
0 255 320 381 
0 256 320 380 
0 257 320 380 
0 258 320 380 
0 259 320 379 
0 260 320 379 
0 260 320 378 
0 260 320 378 
0 261 320 378 
0 261 320 378 
0 262 320 376 
0 262 320 376 
0 263 320 377 
0 263 320 378 
0 263 320 379 
0 262 320 380 
0 262 320 381 
0 261 320 382 
0 260 320 382 
0 259 320 383 
0 259 320 383 
0 258 320 384 
0 258 320 384 
0 257 320 385 
0 257 320 385 
0 257 320 385 
0 256 320 386 
0 256 320 386 
0 256 320 386 
0 255 320 387 
0 255 320 387 
0 255 320 388 
0 255 320 388 
0 254 320 388 
0 254 320 389 
0 254 320 389 
0 253 320 390 
0 253 320 390 
0 252 320 391 
0 252 320 391 
0 252 320 392 
0 251 320 392 
0 251 320 393 
0 250 320 393 
0 250 320 393 
0 250 320 394 
0 249 320 394 
0 249 320 394 
0 249 320 395 
0 249 320 395 
0 248 320 395 
0 248 320 395 
0 248 320 395 
0 248 320 395 
0 248 320 396 
0 247 320 396 
0 248 320 396 
0 248 320 396 
0 248 320 396 
0 248 320 396 
0 249 320 396 
0 250 320 396 
0 251 320 396 
0 252 320 396 
0 252 320 396 
0 252 320 396 
0 253 320 397 
0 252 320 397 
0 252 320 397 
0 252 320 397 
0 252 320 397 
0 252 320 397 
0 251 320 398 
0 251 320 398 
0 250 320 398 
0 250 320 398 
0 250 320 386 388 398 
0 250 320 386 388 398 
0 250 320 387 389 397 
0 250 320 387 390 397 
0 251 320 387 390 396 
0 251 320 387 391 396 
0 251 320 387 391 395 
0 252 320 387 392 395 
0 252 320 387 
0 252 320 387 
0 253 320 387 
0 254 320 387 
0 254 320 387 
0 255 320 387 
0 256 320 387 
0 256 257 259 320 387 
0 259 320 387 
0 260 320 386 
0 260 320 386 
0 260 320 386 
0 260 320 386 
0 260 320 386 
0 260 320 386 
0 260 320 386 
0 260 320 386 
0 260 320 386 
0 260 320 386 
0 261 320 385 
0 261 320 385 
0 261 264 265 320 385 
0 261 264 265 320 385 
0 261 264 265 320 385 
0 261 264 265 320 385 
0 261 264 265 320 385 
0 261 264 265 320 385 
0 261 264 265 320 385 
0 262 320 385 
0 262 320 385 
0 262 320 385 
0 262 265 266 320 385 
0 262 265 266 320 385 
0 262 265 266 320 385 
0 262 265 267 320 385 
0 262 265 267 320 385 
0 262 265 267 320 385 
0 262 265 267 320 385 
0 262 265 267 320 384 
0 262 265 267 320 384 
0 262 265 267 320 384 
0 262 265 267 320 384 
0 262 265 267 320 384 
0 262 265 267 320 384 
0 262 265 268 320 384 
0 262 266 268 320 384 
0 262 266 268 320 384 
0 262 266 268 320 384 
0 262 266 269 320 384 
0 262 266 269 320 384 
0 262 266 269 320 384 
0 262 266 270 320 384 
0 262 266 270 320 384 
0 262 266 270 320 384 
0 262 266 271 320 384 
0 262 266 271 320 384 
0 262 266 270 320 384 
0 263 266 270 320 384 
0 263 266 269 320 384 
0 263 266 268 320 384 
0 263 266 268 320 384 
0 263 266 268 320 384 
0 263 320 384 
0 263 320 384 
0 263 320 384 
0 263 320 376 377 384 
0 263 320 376 377 384 
0 263 320 384 
0 263 320 384 
0 263 320 384 
0 263 320 384 
0 263 320 384 
0 262 320 384 
0 262 320 384 
0 261 320 384 
0 260 320 384 
0 260 320 384 
0 260 320 384 
0 259 320 384 
0 259 320 384 
0 258 320 384 
0 258 320 384 
0 258 320 384 
0 257 320 384 
0 257 320 384 
0 256 320 384 
0 256 320 385 
0 255 320 385 
0 255 320 386 
0 254 320 386 
0 254 320 387 
0 254 320 387 
0 253 320 388 
0 253 320 388 
0 252 320 388 
0 252 320 389 
0 252 320 389 
0 251 320 389 
0 251 320 390 
0 250 320 390 
0 250 320 391 
0 250 320 391 
0 249 320 392 
0 249 320 392 
0 249 320 392 
0 248 320 393 
0 248 320 393 
0 248 320 393 
0 247 320 393 
0 247 320 394 
0 247 320 394 
0 246 320 394 
0 246 320 395 
0 245 320 395 
0 245 320 395 
0 245 320 395 
0 247 320 395 
0 247 320 394 
0 246 320 394 
0 246 320 395 
0 246 320 395 
0 245 320 395 
0 245 320 396 
0 244 320 397 
0 243 320 398 
0 243 319 398 
