














184 185 
183 185 
183 185 192 194 
175 177 183 185 187 188 191 194 
175 178 183 186 187 188 190 194 
176 179 183 186 187 188 190 198 
177 180 183 195 196 197 
178 181 182 195 
179 195 
180 195 
180 196 
175 197 430 434 
172 201 430 431 432 435 
174 202 422 424 433 437 
179 199 421 430 432 433 434 437 
180 197 422 438 
180 196 424 438 
180 196 425 439 
179 196 425 440 
178 197 426 440 
177 198 426 440 
176 199 427 439 
175 200 427 439 
175 201 427 439 
174 202 427 439 
172 203 426 438 
172 204 426 438 
171 205 425 437 
170 206 424 435 
169 207 412 414 423 434 
167 209 413 417 420 433 
166 210 413 432 
165 211 413 432 
164 211 415 434 
163 212 416 434 
163 213 415 435 
162 214 413 436 
151 153 161 214 412 436 
151 154 161 215 216 218 411 437 
151 156 160 220 409 438 
151 224 408 439 
148 225 407 440 
148 225 406 440 
149 224 405 441 
150 223 403 441 
151 223 402 443 
152 223 401 444 
152 222 400 445 
153 222 398 445 
154 221 397 446 
155 221 396 447 
155 221 387 389 395 447 
157 220 385 390 393 448 
157 220 383 388 391 449 
158 221 381 450 
159 221 377 450 
160 222 376 451 
160 222 376 451 
161 222 376 452 
161 223 377 452 456 458 
160 223 377 451 453 457 
160 223 378 457 459 461 
159 223 378 460 
159 223 379 462 
159 224 380 461 
159 224 380 460 
159 224 381 459 
159 224 381 458 
159 223 382 457 
158 223 382 456 
158 223 383 455 
158 223 383 454 
158 160 161 223 384 454 
158 159 161 223 384 453 
160 222 385 453 
160 222 385 452 
160 223 384 453 
159 223 384 453 454 455 
159 223 383 455 
158 223 382 455 
158 223 382 455 
158 223 381 455 
159 224 381 455 
160 224 381 455 
159 223 381 455 
158 221 381 455 
158 221 380 455 
159 221 380 456 
159 220 380 457 
159 220 380 457 
158 219 380 457 
159 219 380 457 
159 220 381 457 
159 220 381 457 
159 218 381 457 
158 217 381 457 
158 216 381 457 
157 218 382 457 
156 220 382 457 
156 223 383 457 
155 226 383 457 
154 228 384 455 
154 230 384 456 
153 231 385 456 
152 234 385 455 
152 237 385 455 
151 240 385 454 
151 240 385 454 
150 240 301 304 386 454 
149 240 300 303 386 453 
149 240 298 304 386 452 
149 150 151 239 296 306 386 452 
151 239 293 307 386 451 
151 238 288 310 386 451 
151 238 285 310 386 450 
151 238 283 312 387 450 
150 239 281 312 387 449 
150 239 280 313 387 448 
152 239 279 313 387 448 
151 240 278 314 388 447 
150 240 276 314 376 380 381 386 388 447 
150 153 154 240 274 315 316 317 374 446 
149 152 154 240 273 317 372 445 
149 150 153 240 272 319 371 445 
152 240 271 319 368 444 468 472 
152 240 270 318 364 444 452 453 455 472 473 474 
151 241 270 319 358 451 452 472 474 475 
151 240 269 320 321 322 340 450 452 467 468 473 
153 240 269 324 325 441 442 450 455 456 458 459 468 475 
154 240 268 440 444 450 456 457 458 461 462 475 477 478 
155 241 268 477 
155 241 267 477 
155 242 267 476 
156 242 267 474 
157 243 266 473 
157 243 265 472 
157 243 265 474 
157 244 266 473 
157 244 266 269 272 446 461 471 
157 245 267 268 272 450 452 472 
157 245 273 472 
157 245 273 285 289 472 
158 245 295 449 462 469 
158 245 296 446 
158 245 297 448 
158 245 299 448 
158 244 300 448 
158 244 300 448 
158 243 301 448 
159 243 302 448 
159 241 303 449 
159 240 304 449 
160 238 305 449 
161 237 305 449 
162 177 178 237 306 449 
163 175 179 237 307 449 
165 174 180 238 308 449 
167 173 180 238 309 449 
181 238 310 449 
181 239 311 449 
181 239 312 448 
181 239 313 447 
182 239 313 447 
182 240 314 336 341 446 
182 240 316 332 341 445 
182 239 341 444 
182 238 342 443 
183 238 342 442 
185 237 342 442 
185 237 343 441 
186 236 343 440 
186 236 343 440 
186 235 343 439 
186 235 344 439 
186 235 344 440 
186 235 341 440 
184 235 340 439 
183 236 339 439 
183 236 338 439 
182 237 337 438 
181 238 337 438 
181 238 337 438 
180 238 337 438 
179 239 337 438 
179 239 336 438 
178 239 336 438 
177 240 336 438 
177 240 336 438 
176 240 335 438 
176 240 335 438 
176 240 335 438 
175 240 335 438 
175 240 336 438 
174 241 337 439 
174 241 337 439 
173 241 337 439 
173 241 337 439 
172 241 337 440 
172 241 342 440 
172 242 342 442 
171 242 340 442 
171 242 339 357 359 443 
170 242 337 356 361 443 
170 242 334 354 365 373 377 443 
169 242 334 352 378 442 
169 242 335 351 378 441 
168 242 336 350 379 441 
168 242 337 349 379 440 
167 242 337 348 379 439 
167 242 338 347 380 439 
166 242 338 346 380 438 
166 241 339 345 381 437 
165 241 339 344 381 437 
165 241 382 436 
164 241 382 436 
163 241 381 437 
163 241 380 438 
162 241 379 439 
161 241 378 439 
161 241 377 440 
160 241 376 440 
160 241 376 440 
159 241 242 243 375 440 441 442 
158 241 242 243 374 442 
158 241 242 243 374 441 
157 241 242 243 373 442 
156 241 242 243 372 442 
155 241 372 443 
155 241 371 443 
154 241 371 443 
153 241 370 444 
152 241 370 444 
152 241 369 444 
151 241 369 444 
150 241 368 444 
150 241 368 445 
148 241 367 445 
148 241 367 445 
147 241 366 445 
146 242 366 445 
146 242 365 445 
145 242 365 445 
144 242 364 446 
143 242 364 446 
142 242 363 446 
142 242 363 446 
141 242 362 447 
140 242 362 447 
140 242 361 447 
139 242 361 447 
139 242 360 447 
138 242 359 448 
138 242 359 448 
138 242 358 448 
137 242 358 448 
137 242 357 449 
136 241 357 449 
136 240 356 449 
135 240 355 449 
135 240 355 449 
135 240 354 449 
134 241 354 450 
134 240 353 450 
134 240 352 450 
135 240 352 451 
134 240 351 451 
134 240 350 451 
134 239 350 451 
134 239 349 452 
134 239 349 452 
134 239 348 453 
135 238 347 453 
136 238 347 454 
137 237 346 454 
138 236 346 454 
139 236 345 454 
141 235 345 454 
142 235 344 455 
146 234 344 456 
149 234 343 456 
152 232 343 456 
156 231 342 457 
159 230 342 457 
161 229 341 457 
162 229 341 458 
163 229 340 458 
162 229 340 459 
162 229 340 459 
162 229 339 460 
161 230 339 460 
161 192 194 231 339 460 
161 188 197 203 205 231 338 460 
160 185 205 232 338 461 
160 186 205 232 338 461 
160 185 206 233 338 461 
159 185 206 233 337 462 
159 184 206 233 337 462 
159 184 207 234 337 462 
158 184 207 234 337 462 
158 184 207 234 337 462 
0 2 158 184 208 234 337 463 
0 2 158 183 208 235 337 463 
157 183 208 235 337 463 
157 183 209 235 337 463 
157 183 209 235 337 463 
157 183 209 235 337 463 
157 183 210 235 337 463 
157 182 210 235 338 463 
157 182 210 235 339 463 
157 181 210 235 339 463 
157 181 211 235 340 463 
157 181 211 235 340 462 
157 181 211 235 341 462 
157 181 211 235 342 462 
157 182 212 235 343 462 
157 182 212 235 344 461 
157 181 212 235 345 461 
157 180 212 235 347 460 
157 179 213 236 348 460 
157 179 213 236 349 460 
157 179 213 236 351 459 
157 180 214 236 353 459 
157 180 214 236 354 459 
157 179 214 236 355 458 
157 179 215 236 357 457 
157 179 215 236 358 456 
157 179 215 237 359 455 
157 180 215 237 361 454 
157 177 178 180 216 237 364 453 
157 180 216 238 368 453 
157 178 179 180 217 239 368 452 
157 180 217 239 370 450 
158 179 217 239 373 447 
157 178 216 239 374 445 
156 180 216 239 373 408 409 445 
156 180 216 238 373 406 410 445 
155 180 216 238 374 400 402 405 411 443 444 445 
155 178 216 238 374 398 412 443 
155 179 216 237 374 398 412 442 443 444 
154 178 216 236 374 398 412 442 443 444 
153 177 216 237 374 398 412 445 
153 176 216 239 374 397 412 443 444 445 
153 175 216 240 374 397 413 444 
153 175 176 177 216 240 374 397 413 443 
153 175 217 240 374 397 413 443 
154 175 218 239 240 241 373 396 413 444 
155 176 218 241 373 396 413 444 
156 176 219 241 373 396 413 444 
156 177 218 241 372 396 413 444 
156 177 218 239 240 241 372 395 414 445 
156 177 178 179 218 239 240 241 371 395 414 445 
156 177 218 239 240 241 371 395 414 443 
156 177 218 239 240 241 371 395 414 443 
156 179 217 240 370 395 415 444 
155 179 217 239 240 241 370 395 415 444 
155 180 217 241 370 395 415 445 
154 180 217 240 370 395 415 445 
154 179 216 240 369 394 415 446 
154 180 216 240 369 394 416 446 
154 181 212 213 215 239 369 394 416 446 
153 179 195 241 369 394 416 445 
153 181 187 241 369 394 416 445 
153 241 368 394 417 445 
152 240 368 394 417 445 
152 240 368 394 417 445 
151 240 368 393 417 445 
150 240 368 393 418 445 
150 240 368 393 418 445 
149 240 368 393 418 445 
148 240 368 393 418 445 
147 240 368 393 418 444 
145 240 369 393 418 444 
144 241 368 392 418 444 
142 241 368 392 418 443 
141 241 368 392 418 443 
141 241 368 392 418 442 
140 241 369 392 419 442 
140 241 369 391 419 442 
139 242 369 391 419 441 
139 242 370 391 419 441 
139 242 370 390 419 440 
139 242 370 390 419 440 
139 242 370 390 419 441 442 443 
139 243 370 390 419 443 
139 243 371 392 420 443 
138 243 371 392 420 443 
138 243 371 392 419 443 
138 243 371 392 419 443 
139 243 371 393 418 443 
139 243 371 393 418 442 
140 243 370 393 418 442 
141 243 370 393 417 441 
142 243 370 393 417 440 
144 243 369 393 417 440 
146 243 369 392 417 440 
150 242 369 392 417 439 
152 242 368 391 417 440 
155 242 368 391 418 439 
158 242 368 390 418 440 
162 241 368 390 417 441 
165 241 368 390 417 441 
169 241 368 389 416 441 
172 241 368 389 416 441 
174 240 369 390 416 442 
174 240 370 390 416 442 
174 240 371 390 416 442 
172 240 371 391 416 442 
171 241 371 391 416 443 
170 243 371 392 416 443 
169 244 371 392 416 444 
168 244 370 392 416 443 444 445 
166 244 369 393 416 443 444 445 
165 245 369 393 416 444 
164 245 369 393 416 446 
164 245 368 393 416 446 
163 245 364 395 416 445 
163 245 359 397 416 445 
163 246 355 407 415 445 
163 246 352 413 415 445 
163 246 349 445 
163 246 347 445 
163 246 346 445 
163 246 345 446 
163 246 344 447 
163 246 344 447 
162 247 343 447 
162 248 342 447 
162 249 342 447 
162 250 341 448 
162 250 341 448 
163 250 341 451 
164 251 341 454 
165 252 341 455 
166 252 341 457 
166 252 340 458 
166 229 231 253 340 459 
166 229 231 253 340 459 
166 253 340 460 
167 252 339 461 
168 252 340 461 
168 250 340 462 
169 250 340 462 
170 248 340 462 
170 246 341 463 
171 245 341 463 
173 243 342 463 
174 241 342 463 
176 240 343 463 
178 238 343 463 
180 236 344 462 
181 235 345 462 
183 235 346 462 
184 236 347 461 
185 237 348 461 
186 239 349 460 
187 239 350 460 
189 239 352 459 
190 239 353 459 
190 238 354 458 
191 237 355 457 
192 237 356 456 
191 235 324 334 357 455 
191 233 322 339 358 454 
191 230 320 339 360 452 
191 217 218 230 320 339 361 451 
