













393 397 
391 398 
387 399 
382 400 
377 402 
375 404 
373 406 
372 408 
371 410 
370 411 
370 412 
369 414 
368 415 
368 417 
367 418 
367 419 
367 420 
366 421 
366 422 
366 423 
366 424 
366 425 
366 426 
365 428 
365 429 
365 430 
365 431 
365 432 
365 434 
365 435 
365 436 
365 439 
366 441 457 471 
366 443 453 477 
366 445 451 480 
366 447 448 482 
366 484 
367 486 
367 487 
367 488 
367 489 
367 490 
368 492 
368 493 
368 494 
369 495 
369 496 
370 497 
370 498 
370 498 
371 499 
371 500 
372 501 
373 502 
373 502 
371 503 
369 504 
366 504 
364 505 
362 506 
360 507 
358 507 
357 508 
355 508 
354 509 
352 509 
351 510 
349 511 
348 511 
346 512 
345 512 
344 513 
343 513 
342 513 
340 513 
339 514 
338 514 
337 514 
336 515 
334 515 
333 515 
332 515 
332 515 
331 515 
330 515 
329 515 
329 516 
328 516 
327 516 
326 516 
326 516 
325 517 
324 517 
323 518 
323 518 
322 518 
322 519 
321 519 
320 520 
320 520 
319 521 
318 521 
318 522 
317 522 
317 522 
316 523 
316 523 
315 524 
315 524 
315 525 
314 525 
314 525 
314 526 
313 526 
313 526 
313 527 
313 527 
312 528 
312 528 
312 528 
312 528 
312 529 
312 529 
311 529 
311 530 
311 530 
311 530 
311 531 
311 531 
311 531 
311 532 
310 532 
310 533 
310 533 
310 533 
310 533 
309 534 
309 534 
308 534 
308 534 
308 535 
307 535 
307 535 
307 535 
306 535 
306 536 
305 536 
304 309 310 536 
303 308 310 537 
302 307 310 537 
302 305 310 537 
309 537 
308 311 312 538 
308 311 312 538 
308 310 312 538 
309 310 312 538 
312 538 
312 539 
312 539 
312 539 
312 539 
312 539 
313 539 
313 540 
313 540 
312 540 
312 540 
312 540 
312 316 317 540 
312 315 317 541 
312 315 318 541 
312 314 318 541 
312 314 318 541 
313 314 318 541 
319 542 
319 542 
320 542 
322 542 
321 323 325 542 
321 322 326 328 329 542 
332 542 
333 340 341 543 
334 340 342 543 
335 341 342 543 
336 341 342 345 346 543 
337 341 343 345 346 543 
338 342 343 345 347 543 
339 342 347 543 
340 343 347 543 
347 543 
347 543 
347 543 
347 544 
347 544 
346 544 
346 544 
346 544 
345 544 
345 544 
344 544 
343 544 
342 544 
342 544 
341 544 
340 544 
339 545 
338 545 
338 545 
339 545 
340 545 
340 545 
341 545 
343 545 
345 545 
348 545 
349 545 
350 545 
351 545 
351 545 
351 545 
351 545 
352 545 
352 545 
352 545 
353 545 
354 545 
356 545 
357 545 
357 546 
358 546 
359 546 
360 546 
362 546 
363 546 
363 546 
364 546 
365 546 
366 546 
366 546 
367 546 
367 546 
368 546 
368 546 
369 546 
370 402 403 546 
370 402 403 546 
370 402 404 546 
370 402 404 547 
370 402 405 547 
370 402 405 547 
370 402 406 547 
370 402 406 547 
370 402 407 547 
370 402 407 547 
370 402 407 547 
370 402 408 547 
369 402 408 547 
369 402 407 547 
369 402 405 547 
368 402 404 547 
368 401 403 518 519 547 
368 518 519 547 
368 518 520 547 
370 518 520 547 
219 222 372 518 520 547 
219 222 372 519 521 547 
218 222 373 519 521 547 
218 222 373 519 521 547 
218 222 373 519 521 547 
218 222 373 519 522 548 
218 222 373 519 522 548 
218 223 372 519 522 548 
218 223 371 519 523 548 
218 223 371 519 523 548 
218 223 229 251 371 519 523 534 535 548 
219 224 226 253 372 520 523 534 536 548 
219 255 374 520 524 534 536 548 
218 256 375 520 524 534 537 548 
214 257 375 520 524 534 537 548 
212 258 376 520 525 535 538 548 
209 259 376 520 525 535 538 548 
206 260 376 521 525 535 539 549 
203 261 376 521 526 535 540 549 
201 261 376 521 526 535 540 549 
199 262 376 521 526 535 541 549 
198 263 376 521 527 535 541 549 
196 263 377 522 527 536 542 549 
195 263 377 522 528 536 542 549 
193 264 377 512 513 522 528 536 543 549 
192 264 377 512 514 522 529 536 543 550 
191 265 377 513 514 522 529 536 544 550 
190 265 377 513 515 522 530 537 545 550 
190 265 378 513 515 523 530 537 545 550 
189 265 378 513 515 523 530 537 546 550 
189 266 378 513 516 523 531 537 546 550 
189 266 378 513 516 523 531 538 547 550 
188 266 378 513 517 523 532 538 548 551 
188 266 378 513 517 523 532 538 549 551 
188 267 378 513 517 524 533 538 550 552 
188 267 378 513 518 524 533 538 
188 267 378 513 518 524 534 538 
187 267 377 513 519 524 534 539 
187 267 377 513 519 524 535 539 
187 267 376 513 520 524 535 539 
186 267 376 513 520 524 536 539 
186 267 376 513 520 524 536 539 
186 267 375 513 521 524 537 540 
185 267 375 513 522 524 537 540 
185 267 374 513 522 524 538 540 
185 267 374 513 522 525 538 541 
184 267 374 513 523 525 539 541 
184 267 373 513 523 525 540 541 
184 267 373 514 
184 267 372 514 
184 267 372 514 
185 267 372 514 
185 267 371 514 
185 267 371 514 
186 267 371 514 
186 267 370 514 
186 267 370 514 
186 267 370 497 499 514 
187 267 369 497 500 514 
187 268 351 356 369 497 502 514 
187 270 348 359 368 497 504 514 
188 270 346 362 368 497 505 514 
188 271 344 364 367 497 505 514 
188 272 343 366 367 497 505 515 
188 273 343 498 505 515 
187 273 342 498 506 515 
188 274 342 498 506 515 
188 274 342 499 506 515 
188 275 342 499 507 516 
188 278 342 499 507 517 
188 282 342 499 507 517 
189 284 342 499 508 517 
189 285 342 499 509 517 
189 287 342 500 509 517 
190 288 342 500 510 517 
190 290 342 500 513 514 
190 291 342 500 
191 293 342 501 
191 294 343 501 
192 295 342 501 
192 297 342 501 
193 298 343 501 
194 300 343 502 
195 301 343 502 
195 303 343 502 
196 304 343 502 
197 306 343 502 
198 307 343 502 
199 309 342 503 
200 310 342 503 
200 311 341 503 
201 313 341 503 
202 314 340 503 
203 316 339 504 
204 317 338 504 
205 318 337 504 
206 320 336 504 
207 321 335 504 
209 322 334 505 
210 324 334 505 
213 325 333 505 
216 326 332 505 
219 328 331 505 
221 329 330 505 
225 505 
230 504 
235 505 
238 505 
239 506 
238 506 
238 507 
237 507 
237 507 
237 507 
236 507 
236 508 
236 508 
236 508 
235 508 
235 508 
235 508 
235 508 
234 508 
234 508 
234 508 
233 508 
233 508 
233 509 
233 509 
232 509 
232 509 
232 509 
232 510 
232 510 
232 510 
231 510 
231 510 
231 511 
231 511 
231 511 
231 511 544 553 
231 511 542 559 
231 512 539 560 
231 512 537 559 
231 512 535 558 
230 512 532 557 
230 512 530 555 
230 512 528 554 
230 512 525 553 
230 512 523 552 
230 512 520 551 
230 513 518 553 
230 513 515 554 
230 554 
230 552 
230 550 
230 548 
230 546 
230 544 
230 541 
230 535 
230 529 
230 527 
230 527 
230 526 
230 526 
230 525 
230 525 
230 525 
230 525 
230 525 
230 525 
229 525 
229 525 
228 525 
228 525 
228 525 
227 525 
227 525 
227 525 
227 365 366 525 
227 365 366 526 
226 364 366 526 
226 364 366 526 
226 364 365 527 
226 364 365 527 
226 364 365 527 
226 363 365 527 
225 363 365 527 
225 363 365 528 
225 363 365 528 
225 363 365 529 
225 363 365 529 
225 363 364 530 
225 362 364 530 
224 362 364 531 
224 362 364 531 
224 362 364 532 
224 362 364 533 
224 362 364 533 
224 362 364 534 
223 362 364 534 
