



























































































































































251 257 
246 257 391 393 
243 258 389 396 
240 259 387 398 
238 262 331 337 368 371 385 400 
237 264 311 319 330 338 365 375 382 404 
235 266 309 320 328 340 364 406 
233 269 308 323 327 342 361 407 
226 231 232 272 307 325 326 342 358 408 
224 276 305 343 355 409 
223 280 305 343 353 410 
223 282 304 343 350 410 
222 344 347 410 
221 410 
220 410 
220 410 
219 410 
218 409 
218 408 
217 407 
217 406 418 434 441 445 
216 406 413 446 
216 447 
216 447 
216 447 
216 447 
215 447 
215 446 
215 446 
215 447 
214 448 
214 449 
214 451 
214 452 
213 454 
213 454 
213 455 
213 455 
213 455 
213 455 
212 455 
212 454 
212 453 
212 448 
211 447 
211 448 
211 448 
210 449 
210 450 
209 450 
209 451 
209 451 
208 452 
208 452 
207 452 
207 453 
207 453 
206 453 
206 453 
206 453 
205 453 
205 452 
205 452 
204 452 
203 451 
203 451 
202 451 
202 451 
201 451 
200 451 
200 451 
199 451 
199 311 318 451 
199 302 321 451 
198 295 323 451 
198 290 326 451 
198 285 327 450 
197 280 327 328 330 450 
197 274 330 449 
197 269 333 448 
197 266 337 448 
197 265 342 447 
196 263 348 447 
196 262 348 446 
195 261 347 445 
194 260 346 359 364 444 
193 260 345 357 373 443 
192 259 345 356 379 439 
191 258 345 355 383 437 
190 257 347 354 388 435 
190 256 349 354 391 435 
189 256 350 352 393 434 
189 255 396 434 
189 255 398 434 
189 254 400 434 
189 253 402 434 
189 253 403 434 
190 252 404 434 
191 252 409 421 430 433 
192 251 
192 251 
195 250 
197 250 
199 249 
200 248 
200 246 
200 244 
200 243 
200 240 
200 239 
200 236 
199 234 
199 232 
199 231 
198 230 
198 229 
199 229 
199 229 
199 221 222 228 
199 221 223 228 
200 220 224 228 
200 220 225 228 
201 220 
203 220 
205 219 
206 215 






































































































































































































