80 452 
80 452 
80 204 205 452 
80 204 206 451 
81 202 206 451 
81 199 206 451 
81 197 206 450 
82 196 206 450 
82 195 206 450 
82 191 206 450 
82 183 184 185 206 450 
83 182 207 450 
83 183 207 450 
83 184 207 450 
83 185 207 450 
83 186 207 449 
84 186 207 449 
84 170 177 187 207 449 
84 169 182 187 207 449 
84 169 208 449 
85 169 208 449 
85 169 208 448 
85 169 208 448 
85 169 208 448 
85 170 208 448 
86 170 209 448 
86 170 209 447 
86 171 209 447 
86 171 210 447 
86 172 210 447 
86 172 210 446 
86 173 211 446 
86 174 211 446 
86 174 211 445 
86 175 211 445 
86 176 212 445 
86 176 212 444 
86 177 212 444 
86 177 212 444 
86 178 213 443 
86 179 213 443 
86 179 213 443 
86 180 214 442 
85 180 214 442 
85 181 215 442 
84 181 215 441 
84 182 216 441 
83 182 216 440 
83 183 216 440 
82 183 217 440 
81 184 217 439 
81 184 218 439 
80 185 218 438 
80 186 219 438 
79 187 219 437 
79 189 220 437 
78 190 220 436 
78 191 221 436 
78 192 221 435 
78 193 222 435 
77 194 222 434 
77 195 223 434 
77 195 223 433 
76 196 224 433 
76 196 225 432 
76 196 225 431 
75 195 226 431 
75 178 184 195 226 430 
74 178 187 194 227 429 
74 178 189 192 228 429 
73 178 228 428 
72 178 229 427 
72 179 230 427 
71 179 230 426 
70 179 231 425 
69 179 232 424 
72 74 75 77 80 179 232 424 
81 180 233 423 
81 180 234 422 
81 180 235 421 
86 180 236 420 
86 180 236 419 
85 181 237 418 
85 181 238 418 
85 181 239 417 
85 181 240 415 
85 181 241 415 
85 182 242 414 
84 182 243 412 
84 182 244 411 
84 182 245 410 
84 182 246 409 
84 183 247 408 
83 183 248 406 
83 183 249 405 
83 183 251 404 
83 183 252 402 
83 184 253 401 
83 184 254 399 
83 184 256 398 
82 184 257 396 
82 185 259 395 
82 185 260 393 
82 185 262 392 
82 185 264 390 
82 185 265 388 
82 185 268 386 
82 186 270 384 
82 186 272 382 
82 186 273 380 
82 186 276 378 
82 186 279 376 
82 186 281 375 
82 187 284 373 
82 187 286 371 
82 187 289 369 
82 187 292 367 
82 188 295 366 
82 188 298 365 
82 188 301 364 
82 188 304 363 484 486 493 500 
83 188 306 362 483 506 
83 189 308 362 480 512 
83 189 310 361 479 516 
83 189 311 361 480 519 
83 189 312 361 481 522 
83 189 313 361 483 532 
83 189 314 361 484 551 
83 190 314 360 485 554 
83 190 315 360 487 556 
83 190 315 360 490 559 
83 190 315 360 491 562 
83 190 315 360 493 565 
82 100 102 190 316 360 492 567 
82 100 102 191 316 360 491 570 
82 100 102 191 316 360 488 573 
82 101 102 191 316 360 486 575 
82 101 102 191 316 360 484 578 
82 100 103 191 317 360 482 579 
82 100 103 192 317 360 480 581 
82 100 103 192 317 360 477 583 
81 100 103 192 317 360 475 585 
81 101 103 192 317 360 473 586 
81 101 103 192 317 360 472 589 
81 99 103 193 318 360 469 592 
81 99 103 193 318 360 462 596 
81 99 103 193 318 360 459 599 
81 99 103 193 318 360 459 601 
81 99 103 193 318 359 462 604 
81 99 103 194 319 359 463 606 
81 99 103 194 319 359 461 609 
81 99 103 194 319 359 460 611 
81 99 103 194 319 359 459 613 
81 99 103 194 319 359 457 614 
81 99 103 194 320 359 456 616 
81 99 102 195 320 359 454 618 
81 195 320 359 453 620 
80 195 320 359 451 622 
80 195 321 358 450 623 
80 195 321 357 448 625 
80 195 322 355 447 626 
80 195 323 353 445 628 
79 196 324 349 444 629 
78 196 325 340 443 630 
77 196 325 336 442 632 
76 196 326 335 440 633 
76 196 326 334 439 634 
75 197 326 334 438 636 
75 197 327 334 437 637 
75 197 326 334 436 638 
75 197 326 333 435 640 
74 197 326 333 434 640 
74 197 326 333 435 640 
74 198 326 333 436 640 
73 198 326 333 435 640 
73 198 327 332 434 640 
73 198 328 331 433 640 
72 198 432 640 
72 198 431 640 
72 91 93 198 430 640 
72 91 95 199 429 640 
71 91 97 199 428 640 
71 91 105 199 427 640 
71 91 106 199 426 640 
71 90 106 199 425 640 
71 90 106 199 425 640 
71 89 106 199 424 640 
70 89 106 200 426 640 
70 89 106 200 426 640 
70 89 106 200 425 640 
70 89 105 200 424 640 
70 89 105 200 424 640 
70 89 105 200 423 640 
70 89 105 200 422 640 
70 89 105 200 421 427 429 640 
69 88 104 200 420 425 427 640 
69 88 104 200 420 424 426 640 
69 88 104 200 425 640 
69 88 104 201 383 390 424 640 
69 88 104 201 382 390 423 640 
68 88 104 201 381 392 422 640 
68 88 103 201 380 392 421 436 439 640 
68 87 103 201 379 393 420 435 438 640 
68 87 103 201 378 394 419 433 437 640 
68 87 103 201 378 395 418 432 437 640 
67 87 103 201 378 395 416 431 436 640 
68 87 103 201 377 396 415 423 424 430 435 640 
68 87 102 201 377 397 415 419 424 430 435 640 
68 87 102 201 377 398 423 428 434 640 
68 87 102 201 376 399 423 428 434 640 
68 87 102 201 376 401 422 427 433 640 
68 93 101 201 376 402 422 426 433 640 
68 95 101 201 376 403 422 425 432 640 
68 97 101 201 375 405 422 424 431 640 
68 99 100 201 375 407 431 640 
68 201 375 408 430 640 
68 201 375 410 430 640 
68 201 375 413 429 640 
68 201 374 415 429 640 
68 201 374 421 428 640 
68 202 374 640 
68 202 374 640 
68 202 373 640 
68 202 373 640 
68 115 117 202 372 640 
68 115 117 203 371 640 
67 115 118 204 369 640 
68 114 118 205 367 640 
69 112 118 205 365 640 
70 111 119 206 362 640 
70 110 119 207 356 640 
70 110 120 208 354 640 
70 110 120 209 353 640 
70 110 120 209 352 640 
70 90 92 110 121 210 351 640 
70 89 93 110 121 211 350 640 
69 89 93 110 122 212 350 640 
69 88 93 110 122 213 349 640 
69 88 93 110 122 214 349 640 
69 88 93 110 123 215 349 640 
69 88 93 110 123 216 348 640 
69 88 93 110 124 217 348 640 
68 88 93 109 124 218 348 640 
68 88 93 109 125 220 348 640 
68 88 93 109 125 221 348 640 
68 88 93 109 126 222 348 640 
68 87 92 109 126 223 348 640 
68 87 92 109 127 224 347 640 
68 87 92 109 127 225 347 640 
68 87 92 109 128 226 347 640 
68 87 92 109 128 227 346 640 
68 87 92 109 128 228 346 640 
67 87 92 109 129 229 346 640 
67 87 91 109 129 230 345 640 
67 86 91 109 130 231 344 640 
67 85 91 109 130 232 344 640 
67 85 91 109 131 233 343 640 
67 85 91 108 132 234 342 640 
67 85 91 108 132 235 341 640 
67 85 91 108 133 236 323 326 340 640 
67 85 91 108 133 237 321 329 338 640 
67 85 91 108 134 238 320 640 
67 86 91 108 134 239 320 640 
67 86 91 108 135 240 320 640 
67 86 90 107 135 241 320 640 
67 86 90 107 136 242 320 640 
67 86 90 107 137 243 319 640 
67 85 90 107 137 244 319 640 
66 85 90 106 138 245 318 640 
66 86 89 107 138 246 318 640 
66 107 139 247 317 640 
66 107 140 248 316 640 
66 107 140 249 315 640 
66 107 141 249 314 640 
66 107 141 250 313 640 
66 108 142 251 312 640 
64 110 143 252 311 640 
63 110 143 253 310 640 
62 111 144 254 309 640 
62 110 145 255 308 640 
62 111 145 256 307 640 
61 111 146 257 306 640 
61 110 147 258 305 640 
61 110 147 259 305 640 
61 110 148 260 304 640 
60 110 149 260 303 640 
60 110 149 262 302 640 
60 110 150 262 302 640 
60 110 151 263 302 640 
59 110 152 264 301 640 
59 110 152 265 301 640 
59 110 153 266 301 640 
58 110 154 267 301 640 
58 110 154 268 301 640 
58 77 82 110 155 269 301 640 
57 77 92 110 156 269 301 640 
57 77 93 110 157 270 301 640 
57 77 93 110 157 271 301 640 
57 76 93 110 158 272 301 640 
57 76 93 110 159 273 301 640 
57 76 93 110 159 274 302 640 
57 76 93 110 160 275 302 640 
57 75 93 110 161 275 302 640 
56 75 93 111 161 276 303 640 
56 75 93 111 162 277 303 640 
56 75 93 111 163 278 304 640 
56 75 92 110 164 279 304 640 
56 75 92 110 164 280 305 640 
56 75 92 110 165 280 305 640 
56 75 92 110 166 281 306 640 
56 75 92 110 167 282 306 640 
56 75 92 110 168 283 307 640 
55 75 92 110 168 284 307 640 
55 75 92 110 169 284 308 640 
55 74 92 110 170 285 308 640 
55 74 92 110 171 286 309 640 
55 74 92 109 171 287 309 640 
55 74 91 109 172 288 310 640 
55 74 91 109 173 289 310 640 
55 74 91 109 174 289 311 640 
55 74 91 109 174 290 311 640 
54 74 91 109 175 291 312 640 
54 74 91 109 176 292 312 640 
54 74 91 109 177 293 312 640 
54 74 91 109 177 293 313 640 
54 74 90 108 178 294 313 640 
54 74 90 108 179 295 314 640 
54 73 90 108 180 296 314 640 
54 74 90 107 181 297 314 640 
54 73 90 107 181 297 315 640 
54 82 89 107 182 298 315 640 
54 87 88 107 183 299 316 640 
54 106 184 300 316 640 
54 106 185 300 316 640 
54 106 186 301 317 640 
54 105 186 302 317 640 
54 105 187 303 317 640 
54 105 188 304 317 640 
54 105 189 305 318 640 
54 105 190 305 318 640 
54 104 190 306 318 640 
54 104 191 307 319 640 
54 104 192 307 319 640 
54 104 193 308 319 640 
54 103 194 309 319 640 
54 103 194 310 320 640 
54 101 195 310 320 640 
54 101 196 311 320 640 
55 100 196 312 320 640 
56 99 197 313 320 640 
57 98 198 313 321 640 
57 98 199 314 321 640 
57 98 200 315 321 640 
56 98 201 315 321 640 
56 98 202 316 321 640 
56 76 79 98 202 317 321 640 
56 75 80 98 203 318 321 640 
56 76 80 98 204 319 322 640 
56 75 80 98 205 319 322 640 
56 75 80 98 206 320 322 640 
55 75 80 97 207 640 
55 75 80 97 207 640 
55 75 80 97 208 640 
55 74 80 97 209 640 
55 74 80 97 210 640 
55 74 80 97 211 640 
55 74 80 97 211 640 
55 74 80 97 212 640 
54 74 80 97 213 640 
54 74 80 97 213 640 
54 74 79 96 215 640 
54 74 79 96 215 640 
54 74 79 96 216 640 
54 73 79 96 217 640 
54 73 79 96 217 640 
53 73 78 95 218 640 
53 73 78 95 219 640 
53 73 78 96 220 640 
53 73 78 96 221 640 
53 73 78 96 222 640 
53 73 78 95 223 640 
53 72 78 95 223 640 
53 72 78 95 224 640 
52 71 78 95 225 640 
52 72 78 94 226 640 
52 72 78 94 227 640 
52 72 77 94 228 640 
52 72 77 94 228 640 
52 72 77 94 229 640 
52 71 77 94 230 640 
52 72 77 94 231 640 
52 74 76 94 232 640 
52 75 76 94 232 640 
52 94 233 640 
52 93 234 640 
52 93 235 640 
51 93 235 640 
51 94 236 640 
51 95 237 640 
51 97 238 640 
51 98 239 640 
49 98 239 640 
48 98 240 640 
48 98 241 640 
47 98 242 640 
47 98 243 640 
47 98 244 640 
47 98 245 640 
47 98 246 640 
46 98 247 640 
46 98 247 640 
46 98 248 640 
46 98 249 640 
45 98 250 640 
45 98 251 640 
45 98 252 640 
45 98 252 640 
44 98 253 640 
44 99 254 640 
44 78 80 99 255 640 
43 70 80 99 256 640 
43 67 80 99 256 640 
43 61 80 98 257 640 
43 62 80 98 258 640 
43 62 80 98 259 640 
42 62 80 98 260 640 
42 62 80 98 260 640 
42 62 80 98 262 640 
42 62 80 98 263 640 
42 62 80 98 263 640 
42 62 80 97 264 640 
42 61 80 97 265 640 
42 61 80 97 265 640 
42 61 80 97 267 640 
41 61 80 97 267 640 
41 61 79 97 268 640 
41 60 79 97 269 640 
41 60 79 96 270 640 
41 60 79 96 271 640 
41 61 79 96 272 640 
41 60 78 96 273 640 
41 60 78 96 274 640 
41 60 78 96 275 640 
40 60 78 96 276 640 
40 60 78 95 276 640 
40 60 78 95 278 640 
40 60 78 95 278 640 
40 60 78 95 279 640 
40 60 78 95 280 640 
40 60 78 95 281 640 
40 60 78 95 282 640 
40 59 77 95 283 640 
40 59 77 95 283 640 
39 59 77 95 285 640 
39 59 77 94 285 640 
39 59 77 94 285 640 
38 59 69 94 284 640 
38 59 64 94 283 640 
39 94 283 640 
39 93 282 640 
39 93 281 640 
39 93 281 640 
39 93 280 640 
39 92 279 640 
39 92 279 640 
40 92 278 640 
40 91 277 640 
40 91 277 640 
40 91 276 640 
40 91 275 640 
40 90 275 640 
40 90 274 640 
40 90 273 640 
40 89 273 640 
40 89 272 640 
40 88 271 640 
40 87 271 640 
40 87 270 640 
40 86 269 640 
41 86 268 640 
