0 298 389 640 
0 298 390 640 
0 297 392 640 
0 296 394 640 
0 296 396 640 
0 296 397 640 
0 295 399 640 
0 295 400 640 
0 295 402 640 
0 294 404 640 
0 294 405 640 
0 294 406 640 
0 293 408 640 
0 293 409 640 
0 293 410 640 
0 293 412 640 
0 293 413 640 
0 293 415 640 
0 293 416 640 
0 293 417 640 
0 293 419 640 
0 293 420 640 
0 293 421 640 
0 293 422 640 
0 293 423 640 
0 293 425 640 
0 293 426 640 
0 293 427 640 
0 293 428 640 
0 293 429 640 
0 293 373 376 430 640 
0 293 372 380 431 640 
0 294 372 383 432 640 
0 294 372 385 433 640 
0 294 371 387 434 640 
0 294 371 390 436 640 
0 295 371 391 437 640 
0 295 370 394 438 640 
0 296 370 395 439 640 
0 296 370 397 440 640 
0 297 369 399 441 640 
0 297 369 400 442 640 
0 298 368 402 443 640 
0 298 368 403 444 640 
0 299 367 405 445 640 
0 299 366 406 445 640 
0 300 366 408 446 640 
0 301 365 409 447 640 
0 301 364 410 448 640 
0 302 363 411 449 640 
0 303 363 413 450 640 
0 304 362 414 451 640 
0 305 360 416 452 640 
0 306 360 417 453 640 
0 307 359 418 454 640 
0 309 357 419 455 640 
0 310 356 420 456 640 
0 312 355 422 457 640 
0 313 353 423 457 640 
0 315 351 424 458 640 
0 317 349 425 459 640 
0 320 347 426 460 640 
0 323 344 427 461 640 
0 326 341 428 462 640 
0 429 463 640 
0 431 464 640 
0 432 465 640 
0 433 466 640 
0 434 466 640 
0 435 467 640 
0 436 468 640 
0 438 469 640 
0 439 470 640 
0 440 471 640 
0 441 472 640 
0 442 473 640 
0 443 474 640 
0 444 475 640 
0 445 477 640 
0 447 478 640 
0 448 479 640 
0 449 481 640 
0 450 482 640 
0 451 483 640 
0 452 485 640 
0 454 487 640 
0 455 489 640 
0 456 491 640 
0 458 493 640 
0 459 496 640 
0 460 499 640 
0 462 502 640 
0 463 505 640 
0 465 508 640 
0 466 510 640 
0 468 513 640 
0 469 515 640 
0 471 517 640 
0 472 519 640 
0 475 520 640 
0 477 522 640 
0 479 524 640 
0 481 525 640 
0 484 526 640 
0 487 528 640 
0 492 529 640 
0 499 531 640 
0 509 532 640 
0 515 533 640 
0 519 534 640 
0 521 535 640 
0 523 536 640 
0 525 537 640 
0 526 538 640 
0 527 539 640 
0 528 540 640 
0 530 541 640 
0 531 542 640 
0 532 543 640 
0 533 544 640 
0 534 545 640 
0 535 546 640 
0 536 547 640 
0 537 548 640 
0 538 549 640 
0 539 550 640 
0 540 551 640 
0 541 552 640 
0 542 553 640 
0 543 554 640 
0 545 555 628 631 640 
0 545 557 630 632 640 
0 546 558 640 
0 547 561 636 637 640 
0 549 567 636 637 640 
0 550 567 637 638 640 
0 551 567 640 
0 553 566 640 
0 554 565 640 
0 556 562 640 
0 640 
0 640 
0 640 
0 640 
0 640 
0 640 
0 640 
0 640 
0 640 
0 640 
0 640 
0 640 
0 640 
0 640 
0 640 
0 640 
0 640 
0 640 
0 640 
0 640 
0 640 
0 640 
0 640 
0 640 
0 640 
0 640 
0 640 
0 640 
0 640 
0 640 
0 640 
0 640 
0 640 
0 640 
0 640 
0 640 
0 640 
0 392 401 640 
0 387 403 640 
0 384 403 640 
0 381 404 640 
0 92 97 379 403 640 
0 88 99 378 403 640 
0 85 100 376 403 640 
0 83 102 370 403 640 
0 82 104 365 403 640 
0 81 104 363 403 640 
0 80 105 360 403 640 
0 80 105 355 356 358 403 640 
0 80 105 354 403 640 
0 79 106 354 403 640 
0 79 106 353 403 640 
0 79 106 352 404 640 
0 79 107 350 404 640 
0 79 107 349 405 415 420 640 
0 79 109 348 407 414 422 640 
0 79 110 347 409 413 424 432 433 640 
0 79 110 343 437 439 448 640 
0 79 110 331 450 640 
0 79 109 316 451 640 
0 79 107 300 452 640 
0 79 107 282 452 640 
0 79 106 269 453 640 
0 78 106 256 437 440 453 640 
0 78 106 246 432 444 454 640 
0 78 106 236 430 444 454 640 
0 77 106 227 430 444 454 640 
0 77 107 218 429 444 455 640 
0 77 107 210 325 338 429 444 455 640 
0 76 107 202 307 338 428 444 455 640 
0 76 107 195 289 337 427 444 455 640 
0 76 108 189 275 337 427 444 455 640 
0 77 108 183 261 337 426 445 455 640 
0 78 107 180 249 337 425 445 455 640 
0 79 105 176 239 336 424 445 455 640 
0 79 105 172 228 336 423 445 455 640 
0 79 104 170 218 336 422 445 455 640 
0 78 104 168 209 336 422 445 454 640 
0 78 104 166 201 336 421 446 454 640 
0 77 104 165 192 335 422 446 454 640 
0 77 104 164 184 335 423 446 454 640 
0 77 105 163 178 335 424 446 454 640 
0 76 105 162 172 335 424 447 453 640 
0 76 105 161 168 335 425 447 453 640 
0 76 105 161 164 335 426 447 453 640 
0 75 105 335 426 447 453 640 
0 75 105 335 426 447 452 640 
0 75 105 338 427 448 452 640 
0 74 105 338 427 448 452 640 
0 74 105 339 427 448 452 640 
0 74 105 340 427 448 452 640 
0 74 105 342 427 448 452 640 
0 74 105 343 426 448 451 640 
0 74 105 347 348 349 426 449 451 640 
0 73 105 351 426 449 451 640 
0 72 105 353 426 640 
0 72 105 354 426 640 
0 72 105 355 426 640 
0 72 106 355 426 640 
0 71 107 355 426 640 
0 71 109 355 427 640 
0 70 110 354 427 640 
0 70 111 354 427 640 
0 69 112 356 427 640 
0 68 112 358 428 640 
0 68 113 359 427 640 
0 68 115 360 427 640 
0 68 117 360 427 640 
0 67 118 360 427 640 
0 67 119 359 427 640 
0 67 120 358 427 640 
0 67 120 358 426 640 
0 67 121 357 426 640 
0 67 121 357 425 640 
0 68 121 356 424 640 
0 68 120 356 424 640 
0 68 120 355 423 640 
0 69 120 355 422 640 
0 70 120 355 421 640 
0 71 116 354 420 640 
0 72 113 354 419 640 
0 73 106 354 418 640 
0 73 105 354 417 640 
0 73 104 354 417 640 
0 73 104 355 416 640 
0 72 104 355 414 640 
0 72 104 356 413 640 
0 71 105 356 411 640 
0 70 105 357 410 640 
0 70 105 358 409 640 
0 69 106 358 408 640 
0 69 106 360 407 640 
0 69 106 361 407 640 
0 68 107 362 407 640 
0 68 107 362 407 640 
0 68 107 362 407 640 
0 69 108 362 407 640 
0 71 108 362 407 640 
0 72 108 361 407 640 
0 72 108 360 407 640 
0 73 109 360 407 640 
0 73 109 359 407 640 
0 73 110 359 407 640 
0 73 110 358 407 640 
0 73 110 358 407 640 
0 73 110 358 407 640 
0 73 110 358 407 640 
0 73 111 358 407 640 
0 73 111 358 407 640 
0 73 111 358 407 640 
0 73 112 358 407 640 
0 73 112 358 407 640 
0 73 112 357 407 640 
0 73 113 357 407 640 
0 73 113 357 407 640 
0 73 113 357 407 640 
0 72 114 357 407 640 
0 72 114 357 407 640 
0 72 114 357 407 640 
0 72 115 357 407 640 
0 72 115 356 407 640 
0 72 115 356 407 640 
0 71 115 356 407 640 
0 71 116 355 407 640 
0 71 116 355 407 640 
0 71 117 355 407 640 
0 71 117 354 408 461 465 640 
0 71 117 354 408 459 465 640 
0 70 118 354 407 457 466 640 
0 70 118 353 407 455 466 640 
0 70 118 353 407 453 467 640 
0 69 119 352 407 451 467 640 
0 69 119 351 407 449 468 640 
0 69 120 351 407 447 468 640 
0 68 120 350 407 445 468 640 
0 68 120 349 407 442 469 640 
0 68 121 349 407 440 470 640 
0 67 121 350 407 438 470 640 
0 67 122 264 266 352 407 436 470 640 
0 66 108 113 122 263 268 353 407 434 470 640 
0 66 107 117 123 262 270 355 408 432 468 640 
0 66 107 118 123 261 272 355 408 430 466 640 
0 66 107 118 123 261 274 355 408 428 464 640 
0 66 107 119 124 261 277 355 408 425 461 640 
0 66 107 120 124 262 279 355 408 423 459 640 
0 68 107 121 123 263 281 355 408 421 457 640 
0 69 107 264 284 355 408 419 455 640 
0 75 83 90 106 267 286 354 408 416 452 640 
0 76 83 97 106 270 288 353 408 414 450 640 
0 76 82 100 106 272 291 352 408 412 448 640 
0 76 83 100 107 274 294 352 408 411 445 640 
0 76 83 100 107 277 296 316 321 351 443 640 
0 76 84 100 108 279 299 315 322 351 441 640 
0 76 85 100 109 281 302 314 323 350 439 640 
0 76 85 101 110 284 305 314 323 349 437 640 
0 77 86 101 110 286 308 313 324 348 434 640 
0 77 87 101 111 288 310 313 324 347 432 640 
0 76 88 100 111 291 324 345 430 640 
0 75 89 100 112 294 324 344 427 640 
0 61 111 296 325 343 425 640 
0 46 107 299 326 342 423 640 
0 35 99 301 329 342 420 640 
0 32 93 304 332 341 418 640 
0 31 86 307 335 340 416 640 
0 29 80 309 337 339 414 640 
0 26 75 309 411 640 
0 24 72 309 409 640 
0 19 64 309 407 640 
0 13 58 308 405 640 
0 7 53 308 403 640 
0 4 47 309 404 640 
0 3 41 310 319 324 404 640 
0 7 28 310 319 328 405 640 
0 311 317 330 405 640 
0 312 315 332 405 640 
0 332 405 640 
0 332 406 640 
0 331 406 640 
0 330 406 640 
0 330 407 640 
0 329 407 640 
0 329 407 640 
0 328 407 640 
0 328 408 640 
0 327 408 640 
0 326 409 640 
0 326 409 640 
0 325 411 640 
0 323 415 640 
0 320 419 640 
0 318 422 640 
0 316 425 640 
0 313 428 640 
0 310 432 640 
0 308 436 640 
0 267 271 305 440 640 
0 266 272 303 442 640 
0 265 274 301 446 640 
0 265 275 298 451 640 
0 264 275 295 455 640 
0 265 276 292 459 640 
0 265 275 290 415 419 462 640 
0 266 275 287 415 423 466 640 
0 267 273 284 416 427 470 640 
0 268 271 282 417 429 475 640 
0 270 271 279 417 433 479 640 
0 270 271 276 418 437 483 640 
0 270 418 441 487 640 
0 269 309 312 419 445 489 640 
0 267 307 311 420 448 490 640 
0 264 304 310 421 453 489 640 
0 261 301 310 421 457 488 640 
0 258 297 309 422 462 487 640 
0 254 294 308 423 467 485 640 
0 251 292 307 424 473 482 640 
0 247 289 306 424 640 
0 245 285 306 425 640 
0 242 282 305 426 640 
0 242 278 304 427 640 
0 242 275 303 428 640 
0 243 272 302 429 640 
0 243 270 302 430 640 
0 244 265 268 270 301 431 640 
0 246 262 268 269 300 432 640 
0 247 259 299 433 640 
0 298 434 640 
0 297 435 640 
0 297 436 640 
0 296 437 640 
0 295 438 640 
0 294 439 640 
0 269 270 293 440 640 
0 292 441 640 
0 292 441 640 
0 291 442 640 
0 290 443 640 
0 289 444 640 
0 288 445 640 
0 287 446 640 
0 286 446 640 
0 286 447 640 
0 285 448 640 
0 284 449 640 
0 283 450 640 
0 283 451 640 
0 282 451 640 
0 281 452 640 
0 280 453 640 
0 279 454 640 
0 279 455 640 
0 278 456 640 
0 277 457 640 
0 277 458 640 
0 277 460 640 
0 276 460 640 
0 276 461 640 
0 276 462 640 
0 275 463 640 
0 275 465 640 
0 274 465 640 
0 273 466 640 
0 273 466 640 
0 272 467 640 
0 272 467 640 
0 271 466 640 
0 270 466 640 
0 270 466 640 
0 269 466 640 
0 269 465 640 
0 268 465 640 
0 267 465 640 
0 267 464 640 
0 266 463 640 
0 266 463 640 
0 265 462 640 
0 265 462 640 
0 264 461 640 
0 264 460 640 
0 263 459 640 
0 263 285 288 291 292 458 640 
0 262 284 292 457 640 
0 262 283 292 456 640 
0 261 283 292 455 640 
0 261 282 294 455 640 
0 260 281 298 455 640 
0 260 280 299 455 640 
0 259 279 299 453 640 
0 259 278 298 452 640 
0 258 278 299 305 306 451 640 
0 257 277 300 303 308 449 640 
0 255 276 309 448 640 
0 253 275 311 443 445 446 640 
0 252 274 312 440 640 
0 251 273 314 322 325 438 640 
0 250 272 316 322 326 437 640 
0 249 271 326 436 640 
0 248 270 329 435 640 
0 247 269 334 343 348 421 425 431 640 
0 246 269 336 341 348 421 640 
0 246 268 337 341 348 421 640 
