0 640 
0 640 
0 640 
0 640 
0 361 386 640 
0 354 391 640 
0 350 394 640 
0 345 397 640 
0 340 400 640 
0 339 402 640 
0 336 404 640 
0 326 329 334 405 640 
0 324 330 331 407 640 
0 321 408 640 
0 318 408 640 
0 315 409 640 
0 312 410 640 
0 311 411 640 
0 307 412 640 
0 305 412 640 
0 303 413 640 
0 301 414 640 
0 300 415 640 
0 298 416 640 
0 297 416 640 
0 295 417 640 
0 294 418 640 
0 292 419 640 
0 291 420 640 
0 290 420 640 
0 289 421 640 
0 288 422 640 
0 287 423 640 
0 287 423 640 
0 286 424 640 
0 285 425 640 
0 285 425 640 
0 284 426 640 
0 284 427 640 
0 283 427 640 
0 283 428 640 
0 283 429 640 
0 282 430 640 
0 282 430 640 
0 282 431 640 
0 281 432 640 
0 281 433 436 468 640 
0 281 474 640 
0 281 479 640 
0 281 483 640 
0 281 486 640 
0 280 488 640 
0 280 489 640 
0 279 490 640 
0 279 491 640 
0 279 492 640 
0 279 493 640 
0 278 493 640 
0 278 493 640 
0 278 493 640 
0 278 492 640 
0 277 492 640 
0 277 491 640 
0 277 490 640 
0 276 489 640 
0 276 489 640 
0 275 488 640 
0 275 487 640 
0 275 485 640 
0 274 485 640 
0 274 483 640 
0 273 482 640 
0 273 480 640 
0 273 479 640 
0 272 477 640 
0 272 476 640 
0 271 474 640 
0 271 472 640 
0 271 470 640 
0 270 468 640 
0 270 466 640 
0 270 464 640 
0 270 462 640 
0 269 460 640 
0 269 458 640 
0 267 455 640 
0 265 453 640 
0 263 450 640 
0 261 448 640 
0 259 446 640 
0 256 446 640 
0 255 447 640 
0 253 447 640 
0 251 447 640 
0 250 448 640 
0 248 448 640 
0 246 449 640 
0 245 449 640 
0 243 450 640 
0 242 450 640 
0 240 451 640 
0 239 451 640 
0 238 451 640 
0 236 452 640 
0 235 452 640 
0 234 453 640 
0 233 453 640 
0 233 453 640 
0 232 454 640 
0 231 454 640 
0 230 455 640 
0 230 455 640 
0 230 455 640 
0 230 456 640 
0 230 456 640 
0 230 456 640 
0 230 457 640 
0 231 457 640 
0 232 457 640 
0 233 458 640 
0 239 458 640 
0 239 459 640 
0 240 459 640 
0 243 453 454 459 640 
0 247 250 252 453 455 460 640 
0 255 453 455 460 640 
0 255 453 456 460 640 
0 255 453 459 461 640 
0 254 453 460 461 640 
0 254 453 640 
0 254 453 640 
0 254 453 640 
0 253 453 640 
0 253 453 640 
0 253 453 640 
0 253 453 640 
0 253 453 640 
0 252 452 640 
0 252 452 640 
0 252 451 640 
0 252 451 640 
0 251 451 640 
0 251 450 640 
0 251 450 640 
0 249 444 447 450 640 
0 246 443 447 449 640 
0 245 441 447 449 640 
0 243 440 447 448 640 
0 241 435 436 439 640 
0 240 434 435 438 640 
0 85 97 238 432 435 437 640 
0 77 111 237 431 436 437 640 
0 64 130 236 424 425 430 640 
0 55 141 236 423 424 429 640 
0 50 148 235 427 640 
0 46 155 234 425 640 
0 42 160 234 424 640 
0 38 168 233 422 640 
0 35 174 233 422 640 
0 31 179 233 422 640 
0 28 184 232 422 640 
0 25 187 232 422 640 
0 22 193 232 422 640 
0 18 198 232 422 640 
0 13 203 232 423 640 
0 8 206 232 423 640 
0 3 210 232 423 640 
213 232 424 640 
217 231 424 640 
221 231 425 640 
224 231 426 640 
228 231 427 640 
428 640 
428 640 
429 640 
430 640 
429 640 
429 640 
428 640 
427 640 
425 640 
423 640 
420 640 
418 640 
417 640 
416 640 
73 111 416 640 
64 121 416 640 
57 131 415 640 
54 137 415 640 
49 145 415 640 
45 152 415 640 
42 157 414 640 
39 162 413 640 
37 166 412 640 
35 172 410 640 
32 176 410 640 
29 181 411 640 
27 185 411 640 
25 189 411 640 
23 194 411 640 
20 197 411 640 
18 200 411 640 
16 204 411 640 
13 207 411 640 
11 210 411 640 
8 214 411 640 
5 218 411 640 
2 221 411 640 
0 224 411 640 
0 227 411 640 
0 230 411 640 
0 233 411 640 
0 235 411 640 
0 238 411 640 
0 241 411 640 
0 244 411 640 
0 246 411 640 
0 249 410 640 
0 252 410 640 
0 254 410 640 
0 256 410 640 
0 257 410 640 
0 258 410 640 
0 259 409 640 
0 261 409 640 
0 262 409 640 
0 263 408 640 
0 265 408 640 
0 266 408 640 
0 268 407 640 
0 270 407 640 
0 271 407 640 
0 274 406 640 
0 276 406 640 
0 279 405 640 
0 284 405 640 
0 293 404 640 
0 292 403 640 
0 292 403 640 
0 291 401 640 
0 291 400 640 
0 291 399 640 
0 290 397 640 
0 290 395 640 
0 289 394 640 
0 289 395 640 
0 289 397 640 
0 288 398 640 
0 288 400 640 
0 287 402 640 
0 287 404 640 
0 287 405 640 
0 287 407 640 
0 286 409 640 
0 286 411 640 
0 286 412 640 
0 285 414 640 
0 285 416 640 
0 285 417 640 
0 285 419 640 
0 284 420 640 
0 284 422 640 
0 284 424 640 
0 283 425 640 
0 283 427 640 
0 283 428 640 
0 283 430 640 
0 283 432 640 
0 283 433 640 
0 282 435 640 
0 282 437 640 
0 282 438 640 
0 282 440 640 
0 282 441 640 
0 282 443 640 
0 281 444 640 
0 281 446 454 463 640 
0 281 447 452 465 640 
0 281 449 451 466 640 
0 281 467 640 
0 281 468 640 
0 281 469 640 
0 280 470 640 
0 280 471 640 
0 280 472 640 
0 280 473 640 
0 279 475 640 
0 279 476 640 
0 279 478 640 
0 279 285 286 480 640 
0 278 285 287 482 640 
0 278 285 287 483 640 
0 278 285 287 484 640 
0 278 285 287 485 640 
0 277 286 287 486 640 
0 277 286 287 487 640 
0 277 285 287 488 640 
0 277 283 284 285 287 489 640 
0 277 282 284 285 287 491 640 
0 277 282 287 493 640 
0 277 282 287 495 640 
0 277 281 287 497 640 
0 277 281 287 414 415 499 640 
0 276 279 280 281 287 413 416 500 640 
0 276 278 287 414 420 502 640 
0 276 278 287 414 421 503 640 
0 287 414 423 504 640 
0 277 278 287 415 424 505 640 
0 287 415 426 506 640 
0 287 416 428 508 640 
0 287 416 429 510 640 
0 287 417 430 512 640 
0 287 417 431 514 640 
0 287 417 431 515 640 
0 287 418 431 516 640 
0 287 418 431 516 640 
0 287 419 431 516 640 
0 287 419 431 516 640 
0 287 420 431 516 640 
0 287 420 431 516 640 
0 287 421 431 516 640 
0 287 421 431 516 640 
0 287 422 431 516 640 
0 287 422 432 515 640 
0 287 419 420 422 432 515 640 
0 287 419 420 423 432 515 640 
0 287 420 421 423 432 516 640 
0 287 420 422 424 432 517 640 
0 287 419 432 519 640 
0 287 421 432 520 640 
0 287 420 432 521 640 
0 287 421 433 522 640 
0 287 421 433 524 640 
0 287 421 433 525 640 
0 287 421 433 526 640 
0 287 422 433 528 640 
0 287 422 433 529 640 
0 287 422 433 530 640 
0 287 422 432 531 640 
0 287 423 431 532 640 
0 287 423 430 534 640 
0 287 424 429 535 640 
0 287 424 429 536 640 
0 287 424 428 537 640 
0 287 425 427 538 640 
0 288 425 427 539 640 
0 288 541 640 
0 288 542 640 
0 288 543 640 
0 288 544 640 
0 288 545 640 
0 288 546 640 
0 288 548 640 
0 288 549 640 
0 288 550 640 
0 288 551 640 
0 288 552 640 
0 288 553 640 
0 288 554 640 
0 288 555 640 
0 288 556 640 
0 288 498 501 557 640 
0 288 497 502 559 640 
0 288 496 503 560 640 
0 288 496 505 561 640 
0 288 495 506 562 640 
0 288 494 507 563 640 
0 288 494 508 564 640 
0 288 493 510 565 640 
0 288 492 511 566 568 574 640 
0 288 491 512 576 640 
0 288 491 513 577 640 
0 288 492 514 578 640 
0 288 493 516 579 640 
0 288 493 517 580 640 
0 288 494 518 580 640 
0 288 495 519 581 640 
0 288 496 520 581 640 
0 288 497 522 587 640 
0 288 498 523 590 640 
0 289 499 524 592 640 
0 289 499 525 593 640 
0 289 500 526 594 640 
0 289 501 527 594 640 
0 289 502 528 595 640 
0 289 503 530 595 640 
0 289 503 531 595 640 
0 289 504 532 596 640 
0 289 505 533 596 640 
0 289 505 534 596 640 
0 289 505 535 599 640 
0 289 505 536 602 640 
0 289 504 537 604 640 
0 289 504 539 605 640 
0 289 502 539 606 640 
0 289 502 539 606 640 
0 289 501 538 606 640 
0 289 500 537 607 640 
0 289 499 537 607 640 
0 289 499 536 607 640 
0 289 498 535 607 640 
0 290 497 535 607 640 
0 290 496 534 608 640 
0 290 495 534 609 640 
0 290 493 533 610 640 
0 290 492 532 610 640 
0 290 491 532 611 640 
0 290 489 532 611 640 
0 290 488 531 611 640 
0 290 487 530 611 640 
0 290 486 526 611 640 
0 290 492 494 495 496 504 518 610 640 
0 290 610 640 
0 290 610 640 
0 290 610 640 
0 290 610 640 
0 290 610 640 
0 290 610 640 
0 290 611 640 
0 290 612 640 
0 290 613 640 
0 290 613 640 
0 290 614 640 
0 290 615 640 
0 290 616 640 
0 290 617 640 
0 290 618 640 
0 290 618 640 
0 290 619 640 
0 290 620 640 
0 290 620 640 
0 290 621 640 
0 290 622 640 
0 291 622 640 
0 291 623 640 
0 291 624 640 
0 291 625 640 
0 291 626 640 
0 291 627 640 
0 291 627 640 
0 291 582 584 628 640 
0 291 581 585 629 640 
0 291 580 586 630 640 
0 291 579 586 630 640 
0 291 578 587 631 640 
0 291 577 588 632 640 
0 291 575 589 632 640 
0 291 574 590 633 640 
0 291 572 590 634 640 
0 291 571 591 635 640 
0 291 570 592 635 640 
0 291 569 593 636 640 
0 291 567 594 637 640 
0 291 565 594 637 640 
0 291 563 595 638 640 
0 292 435 436 562 596 638 640 
0 292 433 441 562 597 
0 292 432 448 561 597 
0 292 432 453 561 598 
0 292 431 458 561 599 
0 292 430 464 561 600 
0 292 429 469 560 601 
0 292 428 473 560 601 
0 292 427 477 560 602 
0 292 426 481 560 603 
0 292 426 485 560 604 
0 292 425 488 559 604 
0 292 424 491 559 605 
0 291 423 494 559 606 
0 291 422 496 558 606 
0 291 421 499 558 607 
0 291 421 501 558 608 
0 291 419 504 558 609 
0 291 418 506 558 609 
0 291 418 508 557 610 
0 291 417 511 557 611 
0 291 416 513 557 612 
0 291 415 515 556 613 
0 291 415 516 556 613 
