0 336 451 640 
0 336 451 640 
0 333 452 640 
0 332 453 640 
0 330 454 640 
0 329 455 640 
0 327 456 640 
0 326 456 640 
0 325 457 640 
0 324 458 640 
0 323 458 640 
0 322 459 640 
0 321 460 640 
0 320 461 640 
0 320 461 640 
0 319 462 640 
0 318 463 640 
0 318 464 640 
0 317 465 640 
0 317 465 640 
0 316 466 640 
0 316 467 640 
0 316 467 640 
0 315 468 640 
0 315 469 473 497 504 509 640 
0 315 514 640 
0 315 518 640 
0 314 522 640 
0 314 525 640 
0 314 527 640 
0 314 528 640 
0 313 530 640 
0 313 530 640 
0 313 531 640 
0 312 532 640 
0 312 532 640 
0 312 533 640 
0 311 532 640 
0 311 532 640 
0 311 532 640 
0 311 531 640 
0 311 531 640 
0 310 530 640 
0 310 529 640 
0 310 528 640 
0 310 527 640 
0 310 526 640 
0 309 526 640 
0 309 524 640 
0 309 523 640 
0 308 522 640 
0 308 521 640 
0 308 519 640 
0 307 518 640 
0 307 517 640 
0 307 515 640 
0 306 513 640 
0 306 512 640 
0 306 510 640 
0 305 508 640 
0 305 506 640 
0 305 504 640 
0 304 502 640 
0 304 500 640 
0 303 498 640 
0 302 496 640 
0 300 494 640 
0 299 491 640 
0 296 489 640 
0 294 487 640 
0 292 484 640 
0 290 484 640 
0 288 483 640 
0 287 483 640 
0 285 483 640 
0 283 484 640 
0 282 484 640 
0 280 485 640 
0 279 485 640 
0 277 486 640 
0 275 486 640 
0 274 487 640 
0 273 487 640 
0 271 487 640 
0 270 488 640 
0 269 488 640 
0 268 489 640 
0 267 489 640 
0 266 490 640 
0 265 490 640 
0 264 490 640 
0 263 491 640 
0 263 491 640 
0 262 491 640 
0 262 492 640 
0 261 492 640 
0 261 493 640 
0 261 493 640 
0 261 494 640 
0 261 494 640 
0 262 494 640 
0 263 265 269 495 640 
0 269 495 640 
0 268 496 640 
0 268 496 640 
0 269 497 640 
0 272 497 640 
0 275 498 640 
0 280 490 491 498 640 
0 288 490 492 499 640 
0 288 490 493 497 640 
0 288 490 494 497 640 
0 287 490 640 
0 287 490 640 
0 287 490 640 
0 287 490 640 
0 286 490 640 
0 286 490 640 
0 286 490 640 
0 286 490 640 
0 285 489 640 
0 285 489 640 
0 285 488 640 
0 285 488 640 
0 283 483 484 488 640 
0 281 483 484 487 640 
0 279 482 484 487 640 
0 276 480 484 487 640 
0 275 479 484 486 640 
0 273 478 484 486 640 
0 271 477 484 485 640 
0 270 472 474 476 484 485 640 
0 269 470 474 476 640 
0 268 469 474 475 640 
0 267 468 640 
0 267 467 640 
0 266 466 640 
0 104 164 266 464 640 
0 96 178 265 462 640 
0 90 186 265 461 640 
0 85 192 265 459 640 
0 82 198 264 459 640 
0 77 206 264 459 640 
0 74 212 264 459 640 
0 70 217 264 458 640 
0 67 222 264 458 640 
0 64 225 264 458 640 
0 61 230 263 459 640 
0 57 236 263 459 640 
0 53 240 263 459 640 
0 48 244 263 460 640 
0 3 4 43 247 263 461 640 
11 12 22 35 251 263 461 640 
255 263 462 640 
259 263 462 640 
463 640 
464 640 
465 640 
466 640 
467 640 
466 640 
465 640 
464 640 
463 640 
461 640 
459 640 
456 640 
454 640 
453 640 
452 640 
452 640 
452 640 
117 125 452 640 
107 152 451 640 
100 163 451 640 
93 173 451 640 
89 179 450 640 
85 185 449 640 
81 191 447 640 
79 198 445 640 
76 203 443 640 
73 207 443 640 
70 212 442 640 
68 216 442 640 
66 220 442 640 
64 225 440 640 
61 229 439 640 
59 233 438 640 
56 236 438 640 
54 240 438 640 
52 243 438 640 
49 247 438 640 
47 250 438 640 
44 254 438 640 
42 257 438 640 
38 261 437 640 
34 264 437 640 
30 267 437 640 
25 270 437 640 
19 272 437 640 
0 1 10 276 437 640 
0 278 437 640 
0 280 437 640 
0 281 437 640 
0 283 437 640 
0 284 436 640 
0 285 436 640 
0 286 436 640 
0 287 436 640 
0 289 436 640 
0 290 436 640 
0 291 435 640 
0 292 435 640 
0 293 435 640 
0 295 434 640 
0 297 434 640 
0 298 434 640 
0 300 433 640 
0 301 433 640 
0 304 432 640 
0 306 432 640 
0 309 432 640 
0 314 317 326 431 640 
0 325 431 640 
0 325 430 640 
0 324 429 640 
0 324 428 640 
0 324 428 640 
0 323 429 640 
0 323 430 640 
0 323 432 640 
0 322 433 640 
0 322 435 640 
0 322 437 640 
0 322 439 640 
0 321 440 640 
0 321 442 640 
0 321 444 640 
0 320 445 640 
0 320 447 640 
0 320 449 640 
0 320 451 640 
0 320 452 640 
0 319 454 640 
0 319 456 640 
0 319 457 640 
0 318 459 640 
0 318 460 640 
0 318 462 640 
0 318 464 640 
0 318 465 640 
0 317 467 640 
0 317 468 640 
0 317 470 640 
0 317 472 640 
0 316 473 640 
0 316 475 640 
0 316 476 640 
0 315 478 640 
0 315 480 640 
0 315 481 640 
0 315 483 640 
0 315 484 640 
0 314 486 640 
0 314 488 640 
0 314 489 640 
0 313 491 503 505 640 
0 313 492 500 508 640 
0 313 493 498 510 640 
0 313 495 497 512 640 
0 312 513 640 
0 312 514 640 
0 312 515 640 
0 312 516 640 
0 312 517 640 
0 311 519 640 
0 311 520 640 
0 311 317 318 521 640 
0 311 317 318 523 640 
0 311 316 319 524 640 
0 311 316 319 526 640 
0 310 316 319 528 640 
0 310 315 319 529 640 
0 310 314 319 530 640 
0 310 314 319 531 640 
0 310 314 319 533 640 
0 310 314 320 534 640 
0 310 314 320 535 640 
0 309 312 320 536 640 
0 309 312 320 537 640 
0 309 313 320 451 453 539 640 
0 309 312 320 451 458 541 640 
0 310 312 320 451 459 543 640 
0 310 311 320 452 461 545 640 
0 320 452 462 547 640 
0 320 453 464 548 640 
0 320 453 465 549 640 
0 320 454 467 550 640 
0 320 454 468 552 640 
0 320 454 470 553 640 
0 320 455 472 554 640 
0 320 455 473 556 640 
0 320 456 475 558 640 
0 320 456 475 560 640 
0 320 457 476 561 640 
0 320 457 476 563 640 
0 320 458 476 563 640 
0 320 458 476 563 640 
0 320 458 476 564 640 
0 320 459 476 564 640 
0 320 459 476 565 640 
0 320 460 476 564 640 
0 320 455 457 460 476 564 640 
0 320 456 457 461 477 564 640 
0 320 456 458 461 477 563 640 
0 320 456 459 462 477 563 640 
0 320 457 460 462 477 563 640 
0 320 457 461 462 477 563 640 
0 320 457 477 563 640 
0 320 458 477 564 640 
0 319 458 478 565 640 
0 319 458 478 566 640 
0 319 459 478 567 640 
0 319 459 478 569 640 
0 319 460 478 570 640 
0 319 460 479 571 640 
0 319 461 479 572 640 
0 319 461 479 573 640 
0 319 461 479 574 640 
0 319 461 479 576 640 
0 319 461 478 577 640 
0 319 461 477 578 640 
0 319 462 476 580 640 
0 319 462 475 581 640 
0 319 462 475 581 640 
0 319 462 474 583 640 
0 319 463 473 584 640 
0 319 463 472 585 640 
0 319 463 472 586 640 
0 319 463 471 587 640 
0 319 463 470 589 640 
0 319 464 470 590 640 
0 320 464 469 591 640 
0 320 464 469 592 640 
0 320 464 468 593 640 
0 320 465 467 594 640 
0 320 465 467 596 640 
0 320 465 466 597 640 
0 320 598 640 
0 320 599 640 
0 320 600 640 
0 320 601 640 
0 320 602 640 
0 320 603 640 
0 320 604 640 
0 320 546 548 605 640 
0 320 545 549 606 640 
0 320 544 550 607 640 
0 320 544 552 609 640 
0 320 543 552 610 640 
0 320 542 554 611 640 
0 320 542 555 612 640 
0 320 541 556 613 640 
0 320 541 557 620 640 
0 320 542 559 624 640 
0 320 543 560 626 640 
0 320 543 561 626 640 
0 320 544 562 627 640 
0 320 545 564 628 640 
0 320 546 565 628 640 
0 321 546 566 629 640 
0 321 547 567 629 640 
0 321 548 568 633 640 
0 321 548 569 638 640 
0 321 549 570 
0 321 550 572 
0 321 550 573 
0 321 551 574 
0 321 551 575 
0 321 552 576 
0 321 552 577 
0 321 553 578 
0 321 553 579 
0 321 554 580 
0 321 554 581 
0 321 554 583 
0 321 554 584 
0 321 553 585 
0 321 552 585 
0 321 552 584 
0 321 550 583 
0 321 550 583 
0 321 548 582 
0 321 548 581 
0 321 546 581 
0 321 546 580 
0 321 545 580 
0 322 544 579 
0 322 543 579 
0 322 542 578 
0 322 540 577 
0 322 539 577 
0 322 538 576 
0 322 536 576 
0 322 535 576 
0 322 
0 322 
0 322 
0 322 
0 322 
0 322 
0 322 
0 322 
0 322 
0 322 
0 322 
0 322 
0 322 
0 322 
0 322 
0 322 
0 322 
0 322 
0 322 
0 322 
0 322 
0 322 
0 322 
0 322 
0 322 
0 322 
0 322 
0 323 
0 323 
0 323 
0 323 629 630 
0 323 628 631 
0 323 626 632 
0 323 625 633 
0 323 624 634 
0 323 623 634 
0 323 622 635 
0 323 621 636 
0 323 620 637 
0 323 619 637 
0 323 617 638 
0 323 616 639 
0 323 614 640 
0 324 613 640 
0 324 611 640 
0 324 477 483 610 640 
0 324 476 489 607 640 
0 324 475 494 605 640 
0 324 474 498 604 640 
0 324 473 503 604 640 
0 324 472 507 603 640 
0 324 472 511 603 640 
0 324 470 515 603 640 
0 324 469 519 603 640 
0 324 468 522 603 640 
0 323 467 526 603 640 
0 323 466 529 602 640 
0 323 465 532 602 640 
0 323 465 535 602 640 
0 323 464 537 602 640 
0 323 463 540 602 640 
0 323 462 542 601 640 
0 323 461 545 601 640 
0 322 460 547 601 640 
0 322 460 549 601 640 
0 322 458 551 600 640 
0 321 458 553 600 640 
0 321 457 555 600 640 
0 321 455 557 600 640 
0 320 455 559 599 640 
0 320 454 561 599 640 
0 320 453 564 598 640 
0 319 452 566 598 640 
0 319 451 568 597 640 
0 319 451 570 597 640 
