0 640 
0 640 
0 640 
0 640 
0 640 
0 640 
0 640 
0 640 
0 640 
0 640 
0 640 
0 640 
0 640 
0 640 
0 640 
0 640 
0 640 
0 640 
0 640 
0 640 
0 640 
0 640 
0 640 
0 640 
0 640 
0 640 
0 640 
0 640 
0 640 
0 640 
0 640 
0 640 
0 640 
0 640 
0 640 
0 640 
0 640 
0 640 
0 640 
0 640 
0 640 
0 640 
0 640 
0 640 
0 640 
0 640 
0 640 
0 640 
0 640 
0 640 
0 640 
0 640 
0 640 
0 640 
0 640 
0 640 
0 640 
0 640 
0 640 
0 640 
0 640 
0 640 
0 640 
0 640 
0 640 
0 640 
0 640 
0 640 
0 640 
0 640 
0 640 
0 640 
0 640 
0 640 
0 640 
0 640 
0 640 
0 640 
0 640 
0 640 
0 640 
0 640 
0 640 
0 640 
0 640 
0 640 
0 640 
0 640 
0 640 
0 640 
0 640 
0 640 
0 640 
0 640 
0 640 
0 640 
0 640 
0 640 
0 640 
0 640 
0 640 
0 640 
0 640 
0 640 
0 640 
0 640 
0 640 
0 640 
0 640 
0 640 
0 640 
0 640 
0 640 
0 640 
0 640 
0 640 
0 640 
0 640 
0 640 
0 640 
0 640 
0 640 
0 640 
0 640 
0 640 
0 316 319 640 
0 315 322 640 
0 314 323 640 
0 313 324 640 
0 303 307 313 325 335 337 640 
0 288 307 312 326 334 340 640 
0 287 307 311 326 332 342 640 
0 287 308 311 327 331 344 640 
0 286 328 330 346 640 
0 286 347 640 
0 273 277 285 348 640 
0 272 279 285 348 640 
0 271 280 285 349 640 
0 270 281 284 349 640 
0 269 282 283 349 640 
0 268 350 640 
0 267 350 640 
0 266 350 640 
0 266 350 640 
0 265 350 640 
0 264 350 640 
0 263 350 640 
0 262 351 640 
0 262 351 640 
0 262 352 640 
0 263 359 640 
0 264 359 640 
0 265 358 640 
0 256 261 266 358 640 
0 256 264 267 357 640 
0 255 357 640 
0 254 356 640 
0 254 356 640 
0 254 355 640 
0 254 355 640 
0 253 355 640 
0 253 354 640 
0 252 354 640 
0 252 354 640 
0 253 354 640 
0 254 354 640 
0 254 355 640 
0 255 355 640 
0 256 356 640 
0 257 356 640 
0 259 356 640 
0 260 356 640 
0 261 357 640 
0 262 357 640 
0 263 357 640 
0 264 357 640 
0 265 357 640 
0 264 357 640 
0 264 358 640 
0 263 358 640 
0 263 358 640 
0 263 358 640 
0 263 358 640 
0 262 358 640 
0 262 358 640 
0 262 358 640 
0 262 358 640 
0 262 358 640 
0 262 359 640 
0 262 359 640 
0 261 359 640 
0 261 359 640 
0 261 359 640 
0 261 360 640 
0 261 360 640 
0 261 263 265 360 640 
0 261 263 265 361 640 
0 261 262 265 361 640 
0 261 262 265 360 640 
0 261 262 265 360 640 
0 265 360 640 
0 265 360 640 
0 265 361 640 
0 265 361 640 
0 265 361 640 
0 264 362 640 
0 264 362 640 
0 264 362 640 
0 264 363 640 
0 266 363 640 
0 266 363 640 
0 266 270 271 364 640 
0 265 270 272 361 363 364 640 
0 265 269 272 361 364 365 640 
0 266 268 272 350 352 361 640 
0 266 267 272 349 353 355 356 361 640 
0 273 349 353 355 357 362 640 
0 273 348 353 354 357 359 360 362 640 
0 273 348 357 358 640 
0 274 347 358 359 640 
0 274 347 640 
0 274 347 640 
0 275 346 640 
0 275 346 640 
0 275 346 640 
0 275 289 290 342 343 346 640 
0 275 287 290 341 343 346 640 
0 275 287 290 295 297 341 343 346 640 
0 275 278 279 287 291 295 297 334 336 341 343 346 640 
0 275 277 279 286 291 295 297 333 336 341 640 
0 275 277 279 286 291 295 298 332 335 341 640 
0 275 277 279 285 298 331 335 341 640 
0 255 261 275 276 279 285 298 331 335 341 640 
0 254 261 275 276 280 285 298 331 335 341 640 
0 254 261 280 284 298 331 335 341 640 
0 254 263 280 284 298 332 336 341 640 
0 251 252 253 263 280 284 297 333 337 341 640 
0 249 265 280 288 296 334 336 341 640 
0 246 267 277 334 336 342 640 
0 244 354 640 
0 242 356 640 
0 240 357 640 
0 239 358 640 
0 237 359 640 
0 236 361 640 
0 228 363 640 
0 220 365 640 
0 213 366 640 
0 209 367 640 
0 206 368 640 
0 204 370 640 
0 203 371 640 
0 202 371 640 
0 201 373 640 
0 201 374 640 
0 200 375 640 
0 200 376 640 
0 200 378 640 
0 200 379 640 
0 199 380 640 
0 199 381 640 
0 199 382 640 
0 199 384 640 
0 198 385 640 
0 198 386 640 
0 199 387 640 
0 199 388 640 
0 199 389 640 
0 199 390 640 
0 200 391 640 
0 200 391 640 
0 201 392 640 
0 203 393 640 
0 204 393 640 
0 206 394 640 
0 221 394 640 
0 222 395 640 
0 222 395 640 
0 223 395 640 
0 223 395 640 
0 224 395 640 
0 225 395 640 
0 227 395 640 
0 228 267 270 395 640 
0 229 265 270 395 640 
0 230 263 271 395 640 
0 232 261 272 394 640 
0 234 258 272 394 640 
0 235 254 273 393 640 
0 237 252 273 393 640 
0 274 394 640 
0 274 395 640 
0 275 395 640 
0 275 396 640 
0 276 396 640 
0 276 397 640 
0 277 397 640 
0 277 396 640 
0 277 396 640 
0 278 396 640 
0 278 397 640 
0 278 397 640 
0 279 398 640 
0 279 398 640 
0 279 399 640 
0 280 400 640 
0 280 400 640 
0 280 400 640 
0 280 401 640 
0 281 402 640 
0 281 402 640 
0 281 403 640 
0 282 403 640 
0 282 404 640 
0 282 404 640 
0 282 369 373 405 640 
0 282 368 374 405 640 
0 282 368 374 406 640 
0 283 368 375 406 640 
0 283 368 376 407 640 
0 283 367 376 408 640 
0 283 367 377 408 640 
0 283 367 378 408 640 
0 283 367 379 409 640 
0 283 367 379 409 640 
0 283 367 380 410 640 
0 283 367 381 410 640 
0 284 366 382 410 640 
0 284 366 382 410 640 
0 284 366 381 410 640 
0 284 366 380 411 640 
0 284 366 379 411 640 
0 284 366 379 411 640 
0 284 365 377 411 640 
0 284 365 376 412 640 
0 284 365 376 412 640 
0 284 365 375 412 640 
0 284 365 374 411 640 
0 284 368 373 411 640 
0 284 411 640 
0 284 410 640 
0 284 410 640 
0 244 253 284 409 640 
0 243 260 283 408 640 
0 243 269 283 408 640 
0 243 278 283 406 640 
0 242 405 640 
0 242 404 640 
0 242 403 640 
0 242 402 640 
0 242 401 640 
0 242 400 640 
0 242 399 640 
0 242 398 640 
0 242 396 640 
0 242 395 640 
0 243 394 640 
0 243 392 640 
0 243 392 640 
0 243 393 640 
0 243 394 640 
0 244 395 640 
0 244 395 640 
0 244 395 640 
0 245 394 395 396 640 
0 245 395 640 
0 245 394 640 
0 246 393 640 
0 246 391 640 
0 246 389 640 
0 247 388 640 
0 247 386 640 
0 248 386 640 
0 248 386 640 
0 249 385 640 
0 249 378 379 383 640 
0 250 377 640 
0 250 375 640 
0 250 373 640 
0 251 371 640 
0 251 370 640 
0 252 369 640 
0 252 369 640 
0 252 368 640 
0 252 368 640 
0 253 366 640 
0 253 364 640 
0 253 363 640 
0 253 363 640 
0 254 364 640 
0 254 364 640 
0 254 365 640 
0 255 365 640 
0 255 366 640 
0 255 366 640 
0 255 367 640 
0 256 367 640 
0 256 367 640 
0 256 368 640 
0 257 368 640 
0 257 369 640 
0 257 369 640 
0 258 369 640 
0 259 369 640 
0 259 370 640 
0 261 370 640 
0 263 370 640 
0 263 370 640 
0 262 371 640 
0 262 371 640 
0 262 372 640 
0 262 372 640 
0 261 372 640 
0 261 372 640 
0 261 372 640 
0 260 373 640 
0 260 373 640 
0 260 373 640 
0 259 374 640 
0 259 374 640 
0 259 374 640 
0 259 375 640 
0 258 375 640 
0 258 375 640 
0 258 375 640 
0 258 376 640 
0 258 376 640 
0 257 376 640 
0 257 377 640 
0 257 377 640 
0 257 377 640 
0 256 377 640 
0 256 378 640 
0 256 378 640 
0 255 378 640 
0 255 379 640 
0 255 379 640 
0 255 379 640 
0 255 380 640 
0 254 380 640 
0 254 380 640 
0 254 380 640 
0 254 381 640 
0 253 381 640 
0 253 381 640 
0 253 381 640 
0 252 382 640 
0 252 382 640 
0 251 382 640 
0 250 382 640 
0 250 382 640 
0 249 383 640 
0 248 383 640 
0 248 384 640 
0 247 384 640 
0 247 385 640 
0 246 385 640 
0 245 385 640 
0 245 385 640 
0 244 386 640 
0 244 386 640 
0 243 386 640 
0 243 386 640 
0 242 387 640 
0 241 387 640 
0 241 387 640 
0 240 387 640 
0 240 388 640 
0 239 388 640 
0 239 388 640 
0 238 389 640 
0 237 389 640 
0 237 390 640 
0 236 390 640 
0 236 390 640 
0 235 391 640 
0 235 391 640 
0 234 392 640 
0 233 392 640 
0 233 392 640 
