0 640 
0 640 
0 640 
0 640 
0 640 
0 640 
0 640 
0 640 
0 640 
0 640 
0 640 
0 640 
0 640 
0 640 
0 640 
0 640 
0 640 
0 640 
0 640 
0 640 
0 640 
0 640 
0 640 
0 640 
0 640 
0 640 
0 640 
0 640 
0 640 
0 640 
0 640 
0 640 
0 640 
0 640 
0 640 
0 640 
0 640 
0 640 
0 640 
0 640 
0 640 
0 640 
0 640 
0 640 
0 640 
0 640 
0 640 
0 640 
0 640 
0 640 
0 640 
0 640 
0 640 
0 640 
0 640 
0 640 
0 640 
0 640 
0 640 
0 640 
0 640 
0 640 
0 640 
0 640 
0 640 
0 640 
0 640 
0 640 
0 640 
0 640 
0 640 
0 640 
0 640 
0 640 
0 640 
0 640 
0 640 
0 640 
0 640 
0 640 
0 640 
0 640 
0 640 
0 640 
0 640 
0 640 
0 640 
0 640 
0 640 
0 640 
0 640 
0 640 
0 640 
0 640 
0 640 
0 640 
0 640 
0 640 
0 640 
0 640 
0 640 
0 640 
0 640 
0 640 
0 640 
0 640 
0 640 
0 640 
0 640 
0 640 
0 640 
0 640 
0 640 
0 640 
0 640 
0 640 
0 640 
0 640 
0 640 
0 640 
0 640 
0 640 
0 640 
0 640 
0 640 
0 640 
0 640 
0 640 
0 640 
0 640 
0 640 
0 640 
0 640 
0 640 
0 640 
0 640 
0 640 
0 640 
0 640 
0 640 
0 640 
0 640 
0 640 
0 640 
0 640 
0 640 
0 640 
0 640 
0 640 
0 640 
0 640 
0 640 
0 640 
0 640 
0 640 
0 640 
0 640 
0 640 
0 640 
0 640 
0 640 
0 640 
0 640 
0 640 
0 640 
0 640 
0 640 
0 640 
0 640 
0 640 
0 640 
0 640 
0 640 
0 370 382 640 
0 369 389 640 
0 367 392 640 
0 366 395 640 
0 365 397 640 
0 365 399 640 
0 364 401 640 
0 364 404 640 
0 363 406 640 
0 363 409 640 
0 362 411 640 
0 362 414 640 
0 361 416 640 
0 361 419 640 
0 361 421 640 
0 361 422 640 
0 361 424 640 
0 361 427 640 
0 361 428 640 
0 361 430 640 
0 361 432 640 
0 361 434 640 
0 361 436 640 
0 361 438 640 
0 360 440 640 
0 360 442 640 
0 359 443 640 
0 359 445 640 
0 359 446 640 
0 359 448 640 
0 359 449 640 
0 359 451 640 
0 359 452 640 
0 359 454 640 
0 360 455 640 
0 360 456 640 
0 360 458 640 
0 360 460 640 
0 360 461 640 
0 360 462 640 
0 360 464 640 
0 360 465 640 
0 359 466 640 
0 359 467 640 
0 359 468 640 
0 359 469 640 
0 359 470 640 
0 359 472 640 
0 359 473 640 
0 359 474 640 
0 360 475 640 
0 360 476 640 
0 360 476 640 
0 360 477 640 
0 360 478 640 
0 360 478 640 
0 360 479 640 
0 360 480 640 
0 360 481 640 
0 359 481 640 
0 359 482 640 
0 359 483 640 
0 359 484 640 
0 359 484 640 
0 359 485 640 
0 359 485 640 
0 359 486 640 
0 359 486 640 
0 359 487 640 
0 360 487 640 
0 360 488 640 
0 360 489 640 
0 360 489 640 
0 360 490 640 
0 360 490 640 
0 360 491 640 
0 360 491 640 
0 361 492 640 
0 361 493 640 
0 361 493 640 
0 362 494 640 
0 362 495 640 
0 362 495 640 
0 363 496 640 
0 363 496 640 
0 363 497 640 
0 364 497 640 
0 364 498 640 
0 365 498 640 
0 365 499 640 
0 365 500 640 
0 366 500 640 
0 366 501 640 
0 366 501 640 
0 366 502 640 
0 366 502 640 
0 367 503 640 
0 367 503 640 
0 367 504 640 
0 367 504 640 
0 368 505 640 
0 368 505 640 
0 368 506 640 
0 369 506 640 
0 369 507 640 
0 370 507 640 
0 370 508 640 
0 370 509 640 
0 370 509 640 
0 371 510 640 
0 371 510 640 
0 372 510 640 
0 372 510 640 
0 372 511 640 
0 373 511 640 
0 373 512 640 
0 374 512 640 
0 374 512 640 
0 375 513 640 
0 375 513 640 
0 376 514 640 
0 376 514 640 
0 377 515 640 
0 377 515 640 
0 378 516 640 
0 378 516 640 
0 379 517 640 
0 379 517 640 
0 380 518 640 
0 380 518 640 
0 381 519 640 
0 381 519 640 
0 382 520 640 
0 382 520 640 
0 383 520 640 
0 383 521 640 
0 384 521 640 
0 384 522 640 
0 385 522 640 
0 385 523 640 
0 386 523 640 
0 386 524 640 
0 387 524 640 
0 388 524 640 
0 388 525 640 
0 389 525 640 
0 390 525 640 
0 390 526 640 
0 390 526 640 
0 391 526 640 
0 392 527 640 
0 392 527 640 
0 393 528 640 
0 394 528 640 
0 394 528 640 
0 395 529 640 
0 396 529 640 
0 396 529 640 
0 397 529 640 
0 397 530 640 
0 398 530 640 
0 399 530 640 
0 399 531 640 
0 400 532 640 
0 400 532 640 
0 401 532 640 
0 402 533 640 
0 403 534 640 
0 404 534 640 
0 404 535 640 
0 405 535 640 
0 406 536 640 
0 406 536 640 
0 407 536 640 
0 408 537 640 
0 409 537 640 
0 410 537 640 
0 410 538 640 
0 411 538 640 
0 412 539 640 
0 412 539 640 
0 413 540 640 
0 414 540 640 
0 414 541 640 
0 415 541 640 
0 416 542 640 
0 416 543 640 
0 417 543 640 
0 418 544 640 
0 419 544 640 
0 419 545 640 
0 420 546 640 
0 420 546 640 
0 421 547 640 
0 422 547 640 
0 422 548 640 
0 423 549 640 
0 424 549 640 
0 424 550 640 
0 425 550 640 
0 425 551 640 
0 426 551 640 
0 427 552 640 
0 428 553 640 
0 429 553 640 
0 430 554 640 
0 430 554 640 
0 431 554 640 
0 432 555 640 
0 433 555 640 
0 433 556 640 
0 434 557 640 
0 435 557 640 
0 435 557 640 
0 436 558 640 
0 437 558 640 
0 437 559 640 
0 438 560 640 
0 439 560 640 
0 439 560 640 
0 440 561 640 
0 440 562 640 
0 441 562 640 
0 441 562 640 
0 442 563 640 
0 443 564 640 
0 444 564 640 
0 444 565 640 
0 445 565 640 
0 445 566 640 
0 446 566 640 
0 447 566 640 
0 447 567 640 
0 448 568 640 
0 448 568 640 
0 449 569 640 
0 450 569 640 
0 450 570 640 
0 451 570 640 
0 452 571 640 
0 453 571 640 
0 453 572 640 
0 454 572 640 
0 455 573 640 
0 455 573 640 
0 456 574 640 
0 457 574 640 
0 457 575 640 
0 458 576 640 
0 459 576 640 
0 459 577 640 
0 460 577 640 
0 460 578 640 
0 461 578 640 
0 462 579 640 
0 463 579 640 
0 463 580 640 
0 464 580 640 
0 464 581 640 
0 465 581 640 
0 465 582 640 
0 466 582 640 
0 467 583 640 
0 467 583 640 
0 468 584 640 
0 469 584 640 
0 470 585 640 
0 470 585 640 
0 470 586 640 
0 471 586 640 
0 471 587 640 
0 472 587 640 
0 473 588 640 
0 474 588 640 
0 474 589 640 
0 475 589 640 
0 475 590 640 
0 476 590 640 
0 476 591 640 
0 477 591 640 
0 477 592 640 
0 478 592 640 
0 479 592 640 
0 480 593 640 
0 480 594 640 
0 481 594 640 
0 482 594 640 
0 482 595 640 
0 483 595 640 
0 483 596 640 
0 484 597 640 
0 485 597 640 
0 485 597 640 
0 485 598 640 
0 487 598 640 
0 487 599 640 
0 488 600 640 
0 489 600 640 
0 489 600 640 
0 490 601 640 
0 491 602 640 
0 491 602 640 
0 492 602 640 
0 492 603 640 
0 493 604 640 
0 494 604 640 
0 494 604 640 
