0 393 397 640 
0 393 397 640 
0 392 397 640 
0 392 397 640 
0 33 36 392 397 640 
0 32 35 392 397 640 
0 391 397 640 
0 391 397 640 
0 391 397 640 
0 390 397 640 
0 390 397 640 
0 390 397 640 
0 390 397 640 
0 389 397 640 
0 389 397 640 
0 389 397 640 
0 389 397 640 
0 388 397 640 
0 388 398 640 
0 388 398 531 533 640 
0 388 398 532 534 640 
0 387 398 640 
0 387 398 640 
0 387 399 640 
0 386 399 640 
0 386 399 640 
0 385 399 640 
0 385 400 640 
0 385 400 640 
0 384 400 640 
0 384 401 640 
0 383 401 640 
0 382 402 640 
0 382 402 640 
0 381 402 640 
0 381 403 640 
0 381 403 640 
0 381 404 640 
0 380 404 640 
0 380 405 640 
0 327 339 380 405 640 
0 325 342 380 406 640 
0 321 346 379 406 640 
0 318 349 379 407 640 
0 316 351 379 407 640 
0 314 353 378 407 640 
0 313 355 378 406 640 
0 311 357 378 406 640 
0 309 358 377 405 640 
0 308 360 377 404 640 
0 307 361 376 403 640 
0 305 363 376 402 640 
0 304 364 375 401 640 
0 303 365 375 400 640 
0 302 367 375 398 640 
0 301 368 374 397 640 
0 300 369 374 395 640 
0 298 370 374 394 640 
0 298 371 373 392 640 
0 297 391 640 
0 295 390 640 
0 295 390 640 
0 293 390 640 
0 293 390 640 
0 292 390 640 
0 291 390 640 
0 291 390 640 
0 290 390 640 
0 289 390 640 
0 289 390 640 
0 288 390 640 
0 288 390 640 
0 287 389 640 
0 287 389 640 
0 286 389 640 
0 285 388 640 
0 285 388 640 
0 285 389 640 
0 284 388 640 
0 284 388 640 
0 283 388 640 
0 283 388 640 
0 282 388 640 
0 282 388 640 
0 281 388 640 
0 281 389 640 
0 280 389 640 
0 280 390 640 
0 280 390 640 
0 279 391 640 
0 279 391 640 
0 195 200 279 391 640 
0 196 201 278 392 640 
0 199 202 278 392 640 
0 278 393 640 
0 277 393 640 
0 277 393 640 
0 276 393 640 
0 276 393 640 
0 276 393 640 
0 275 393 640 
0 275 393 640 
0 275 393 640 
0 274 393 640 
0 274 393 640 
0 274 393 640 
0 273 393 640 
0 273 393 640 
0 273 392 640 
0 273 392 640 
0 272 392 640 
0 272 392 640 
0 272 391 640 
0 272 391 640 
0 272 391 640 
0 272 391 640 
0 272 390 640 
0 272 390 640 
0 272 390 640 
0 272 389 640 
0 273 388 640 
0 273 387 640 
0 273 384 640 
0 273 381 640 
0 273 380 640 
0 274 379 640 
0 274 377 640 
0 274 376 640 
0 274 376 640 
0 273 376 640 
0 273 376 640 
0 273 375 640 
0 273 302 303 375 640 
0 273 302 304 375 640 
0 272 277 278 301 304 374 640 
0 272 276 278 302 304 374 640 
0 272 276 279 302 303 373 640 
0 273 275 279 293 294 302 304 366 367 373 640 
0 279 293 295 302 305 365 368 373 640 
0 279 293 295 302 305 365 368 373 640 
0 279 292 295 302 306 364 368 372 640 
0 279 282 283 292 296 302 306 364 368 372 640 
0 279 281 283 292 297 302 306 363 368 372 640 
0 279 281 283 292 297 302 306 363 368 371 640 
0 279 281 284 291 298 299 300 302 307 363 368 371 640 
0 285 287 288 291 307 355 357 362 368 371 640 
0 288 290 307 354 358 362 368 371 640 
0 287 290 307 353 358 361 368 370 383 385 640 
0 288 290 307 352 359 361 369 370 383 384 640 
0 288 289 307 351 359 360 369 370 640 
0 307 350 640 
0 306 348 640 
0 304 347 640 
0 301 347 640 
0 297 350 640 
0 294 354 640 
0 291 356 638 
0 290 357 636 
0 289 358 635 
0 36 39 289 359 634 
0 289 361 632 
0 289 364 631 
0 289 368 630 
0 288 371 628 
0 288 374 627 
0 286 376 625 
0 285 378 624 
0 283 380 622 
0 281 382 620 
0 280 386 619 
0 279 397 617 
0 277 402 615 
0 276 405 614 
0 275 407 612 639 640 
0 274 409 610 637 640 
0 273 411 609 635 640 
0 272 412 607 633 640 
0 271 413 605 631 640 
0 270 414 604 629 640 
0 269 415 602 628 640 
0 268 416 600 626 640 
0 266 417 599 625 640 
0 265 418 597 623 640 
0 264 418 595 621 640 
0 263 419 594 619 640 
0 262 419 592 618 640 
0 261 420 590 616 640 
0 260 420 589 614 640 
0 259 421 587 612 640 
0 258 422 585 611 640 
0 62 66 258 423 584 609 640 
0 61 73 256 424 582 607 640 
0 59 76 256 425 580 606 640 
0 57 78 255 425 578 604 640 
0 56 79 254 426 577 602 640 
0 55 80 254 427 575 601 640 
0 54 81 253 427 573 599 640 
0 53 81 252 428 572 597 640 
0 53 81 252 429 570 595 640 
0 52 82 251 431 568 594 640 
0 52 82 251 433 566 592 640 
0 52 82 250 434 565 590 640 
0 52 84 250 435 507 524 563 589 640 
0 52 87 250 463 500 528 561 587 640 
0 52 87 249 530 559 586 640 
0 52 88 249 533 558 584 640 
0 51 87 249 535 556 582 640 
0 51 86 249 536 554 580 640 
0 50 86 249 538 552 579 640 
0 50 85 249 539 551 577 640 
0 51 84 249 541 549 575 640 
0 51 84 249 542 547 573 640 
0 51 84 249 368 369 542 545 571 640 
0 52 85 249 368 370 570 640 
0 52 85 249 368 371 568 640 
0 53 85 249 368 373 566 640 
0 53 85 250 368 373 565 640 
0 53 86 250 367 374 563 640 
0 52 86 249 367 375 561 640 
0 52 87 248 367 377 560 640 
0 52 87 248 367 378 558 640 
0 51 87 247 367 380 556 640 
0 51 88 247 367 382 555 640 
0 51 88 247 366 385 553 640 
0 51 88 247 366 388 553 640 
0 51 85 246 366 397 553 640 
0 51 84 246 366 399 413 419 507 511 554 640 
0 52 84 246 366 401 403 404 406 407 410 421 488 493 507 511 554 640 
0 53 84 246 366 423 479 494 508 512 554 640 
0 54 85 246 366 424 474 494 508 512 554 640 
0 54 85 245 366 427 466 495 509 512 554 640 
0 54 85 245 366 430 459 495 553 640 
0 54 85 245 366 435 449 496 553 640 
0 54 85 244 366 496 552 640 
0 54 86 244 286 287 366 496 552 640 
0 53 86 243 284 287 366 496 551 640 
0 53 87 243 284 286 366 495 550 640 
0 53 87 242 283 286 366 493 549 640 
0 52 88 242 283 286 365 491 548 640 
0 52 88 241 282 286 365 489 547 640 
0 51 88 241 282 285 365 487 546 640 
0 51 88 241 280 285 365 485 545 640 
0 51 88 240 279 285 365 484 518 521 544 640 
0 51 89 240 276 285 365 482 516 521 542 640 
0 51 89 239 275 285 365 480 515 521 541 640 
0 50 89 239 274 284 365 478 515 521 540 640 
0 50 89 238 273 284 365 476 515 520 539 640 
0 50 89 238 273 284 365 474 515 520 538 640 
0 50 89 238 272 284 365 472 516 520 538 640 
0 50 90 237 272 283 365 470 516 521 537 640 
0 50 90 237 271 283 364 468 516 522 536 640 
0 50 58 60 90 136 139 236 270 283 364 467 517 523 535 640 
0 50 57 61 90 134 141 236 269 282 364 465 517 524 534 640 
0 49 57 61 91 133 143 236 269 282 364 463 501 504 518 525 533 640 
0 49 57 62 91 132 145 235 268 282 364 461 499 505 518 526 531 640 
0 49 57 62 92 131 146 235 267 282 363 459 497 505 518 640 
0 48 57 62 92 131 147 235 266 281 363 457 495 506 519 640 
0 48 57 63 94 130 148 235 265 281 363 455 493 507 519 640 
0 48 58 63 96 130 149 234 264 280 363 453 491 508 520 640 
0 48 58 62 97 130 151 234 264 280 363 451 489 509 520 640 
0 47 60 61 98 130 152 234 263 280 363 450 487 510 520 640 
0 47 99 130 154 234 263 279 363 448 485 510 520 640 
0 46 99 131 155 234 263 279 363 446 483 511 520 640 
0 46 100 132 157 233 264 278 363 444 481 513 519 640 
0 45 102 133 159 233 264 278 363 442 480 514 518 640 
0 45 103 135 160 233 264 278 363 440 477 640 
0 44 105 137 162 233 265 277 363 438 476 640 
0 45 106 139 164 233 265 276 363 436 474 640 
0 45 107 141 165 234 265 276 363 435 472 640 
0 45 108 143 167 234 265 275 363 433 470 640 
0 45 109 144 169 234 265 275 363 431 468 640 
0 44 109 146 171 234 266 274 363 429 466 640 
0 44 109 148 172 235 266 274 363 427 464 640 
0 42 109 149 174 235 266 273 363 425 462 640 
0 41 107 151 176 235 266 272 363 423 461 640 
0 40 106 153 177 236 266 272 363 421 458 640 
0 40 105 154 179 236 267 271 363 419 456 640 
0 40 105 156 181 236 267 271 363 418 454 640 
0 41 105 158 183 237 267 270 363 410 412 416 453 640 
0 41 104 159 184 237 267 269 363 409 451 640 
0 42 102 161 186 237 267 268 363 408 449 640 
0 42 97 163 188 238 267 269 363 407 447 640 
0 43 95 164 190 238 268 270 364 407 445 640 
0 45 94 166 192 238 268 270 364 406 443 640 
0 53 94 168 193 238 267 270 364 404 441 640 
0 56 94 170 195 239 268 271 364 402 439 640 
0 57 94 171 197 239 268 273 364 395 399 400 437 640 
0 57 94 173 199 239 267 275 365 393 435 640 
0 57 94 175 201 240 268 276 365 391 433 640 
0 57 94 176 203 240 268 278 365 390 432 640 
0 57 94 178 205 241 268 280 365 388 430 640 
0 57 94 180 207 241 268 280 365 386 428 640 
0 57 95 182 208 241 269 280 357 362 365 384 426 640 
0 57 95 184 210 241 269 280 357 363 364 382 424 640 
0 57 95 185 211 240 269 280 357 381 422 640 
0 56 95 187 214 239 269 280 356 379 420 640 
0 56 95 189 216 238 270 279 356 377 418 640 
0 56 95 191 218 237 270 279 356 375 416 640 
0 56 95 193 220 236 270 277 356 373 414 640 
0 56 95 194 221 235 270 275 355 371 412 640 
0 55 95 196 224 234 270 274 355 369 411 640 
0 55 95 198 226 233 270 274 355 367 409 640 
0 55 95 200 228 233 270 273 354 365 407 640 
0 55 95 202 229 232 270 273 354 363 407 640 
0 54 95 204 244 245 271 273 354 361 408 640 
0 54 96 205 243 245 271 274 354 359 408 640 
0 54 96 208 243 246 271 274 354 357 408 640 
0 54 96 209 243 246 271 274 409 640 
0 54 96 211 244 246 271 273 408 640 
0 54 96 212 407 640 
0 53 96 215 406 640 
0 53 96 216 404 640 
0 53 96 219 401 640 
0 53 96 221 399 640 
0 52 96 222 398 640 
0 52 96 224 395 640 
0 52 96 225 394 640 
0 52 96 226 391 640 
0 51 96 226 389 640 
0 51 96 225 388 640 
0 51 96 225 385 640 
0 51 96 224 383 640 
0 51 96 224 380 640 
0 50 96 223 379 640 
0 50 96 223 377 640 
0 50 96 223 234 237 374 640 
0 50 96 222 233 239 372 640 
0 50 96 222 232 241 370 640 
0 49 96 223 232 243 369 640 
0 49 97 223 231 244 366 640 
0 49 97 224 230 247 364 640 
0 48 97 225 228 249 363 640 
0 48 97 251 363 640 
0 48 97 253 364 640 
0 47 97 254 365 640 
0 47 97 255 365 640 
0 47 98 255 365 640 
0 46 98 255 366 640 
0 46 98 254 366 640 
0 46 98 254 367 640 
0 45 98 253 367 640 
0 45 99 253 367 640 
0 44 99 253 367 640 
0 44 99 252 368 640 
0 44 100 252 368 640 
0 43 100 251 368 640 
0 43 100 251 369 640 
0 42 100 250 369 640 
0 41 101 250 370 640 
0 41 101 250 370 640 
0 40 101 249 370 640 
0 40 102 249 371 640 
0 39 74 79 102 249 371 640 
0 38 73 79 103 249 371 640 
0 38 72 80 88 92 103 248 371 640 
0 38 72 80 87 94 103 248 371 640 
0 38 72 79 87 95 104 248 372 640 
0 44 71 79 87 96 104 247 372 640 
0 49 71 79 87 98 103 247 372 640 
0 50 70 79 87 245 373 640 
0 51 58 79 86 243 373 640 
0 51 58 79 85 241 373 640 
0 51 57 79 85 239 373 640 
0 51 57 79 85 237 374 640 
0 50 58 79 85 235 374 640 
0 49 58 78 86 233 374 640 
0 49 59 78 87 231 375 640 
0 50 59 78 88 228 375 640 
0 50 60 78 89 226 375 640 
0 50 61 78 90 224 375 640 
0 50 62 78 91 222 376 640 
0 50 62 78 91 220 376 640 
0 49 63 78 92 218 376 640 
0 48 65 77 94 216 377 640 
0 42 70 76 95 213 378 640 
0 34 94 211 379 640 
0 30 92 209 381 640 
0 26 87 207 383 640 
0 10 83 205 385 640 
0 4 78 203 388 640 
0 2 73 200 390 640 
0 2 69 198 391 640 
0 2 64 196 393 640 
0 2 60 194 396 640 
0 2 55 192 397 640 
0 2 51 190 400 640 
0 2 45 187 402 640 
0 2 41 185 404 640 
0 2 36 183 406 640 
0 2 30 181 408 640 
0 2 24 179 411 640 
0 2 20 176 234 237 413 640 
0 2 15 174 232 237 414 640 
0 2 10 172 230 237 417 640 
0 3 5 170 228 237 419 640 
0 168 226 236 421 640 
0 165 224 236 422 640 
0 163 221 235 425 640 
0 161 219 235 427 640 
0 159 218 235 429 640 
0 156 216 234 388 390 432 640 
0 154 213 234 388 392 434 640 
0 152 210 234 388 394 435 640 
0 149 208 234 389 396 438 640 
0 147 206 233 390 398 440 640 
0 145 205 233 390 401 443 640 
0 142 202 233 391 403 445 640 
0 140 200 232 392 405 447 640 
0 138 197 232 392 407 449 640 
0 136 196 232 393 409 451 640 
0 55 59 133 193 231 393 411 454 640 
0 54 61 131 191 231 394 414 456 640 
0 52 62 128 189 231 395 416 458 640 
0 48 49 51 64 126 186 230 395 418 460 640 
0 47 65 124 185 230 396 420 462 640 
0 46 65 121 182 230 397 422 465 640 
0 46 64 119 180 229 397 424 467 640 
0 46 63 116 177 229 398 427 469 640 
0 45 63 114 175 229 398 429 471 640 
0 44 62 112 173 228 399 431 474 640 
0 45 62 109 170 228 400 433 476 640 
0 45 61 107 168 228 400 436 478 640 
0 45 60 104 166 228 401 438 481 640 
0 45 53 57 60 102 163 227 401 440 483 640 
0 47 51 58 61 75 77 99 161 227 402 442 485 640 
0 59 62 73 76 96 159 227 402 444 488 640 
0 60 62 72 76 94 156 226 403 447 490 640 
0 61 63 70 75 92 154 226 404 449 493 640 
0 61 63 69 75 89 152 225 404 451 495 640 
0 62 64 68 74 87 150 225 405 453 497 640 
0 63 65 68 72 83 147 225 405 456 500 640 
0 63 66 67 72 81 145 224 406 458 502 640 
0 64 71 79 142 224 406 461 505 640 
0 64 70 76 139 224 406 463 507 640 
0 65 69 73 137 223 407 465 510 640 
0 65 67 71 134 223 408 468 512 640 
0 65 132 223 408 470 514 640 
0 65 129 222 408 473 517 640 
0 62 126 222 409 475 520 640 
0 58 124 222 410 478 522 640 
0 54 121 221 410 480 524 640 
0 52 118 221 410 483 526 640 
0 50 115 221 411 486 527 640 
0 47 112 220 411 489 528 640 
0 45 110 220 412 491 528 640 
0 42 107 220 412 494 528 640 
0 38 104 219 412 498 527 640 
0 35 101 219 413 502 526 640 
0 32 98 218 414 506 524 640 
0 30 96 218 414 510 523 640 
0 26 92 218 414 640 
0 23 89 217 415 640 
0 20 87 217 415 640 
0 17 84 217 416 640 
0 15 81 216 416 640 
0 14 78 216 417 640 
0 14 75 216 417 640 
0 14 72 215 417 640 
0 14 69 215 418 640 
0 14 68 215 418 640 
0 15 67 214 419 640 
0 16 61 65 67 214 420 640 
0 18 58 65 67 214 420 640 
0 19 54 65 67 213 421 640 
0 20 51 65 67 213 421 640 
0 22 48 66 67 213 422 640 
0 25 43 66 68 213 422 640 
0 30 33 36 38 66 68 212 422 640 
0 67 68 212 423 640 
0 67 69 212 424 640 
0 67 69 212 424 640 
0 68 70 211 425 640 
0 68 70 211 425 640 
0 69 71 211 425 640 
0 69 71 210 425 640 
0 70 72 210 425 640 
0 71 72 210 426 640 
0 210 426 640 
0 210 426 640 
0 210 426 640 
