0 640 
0 640 
0 640 
0 640 
0 640 
0 640 
0 640 
0 640 
0 640 
0 640 
0 640 
0 640 
0 640 
0 640 
0 640 
0 640 
0 640 
0 640 
0 640 
0 640 
0 640 
0 640 
0 640 
0 640 
0 640 
0 640 
0 640 
0 640 
0 640 
0 640 
0 640 
0 640 
0 640 
0 640 
0 640 
0 640 
0 640 
0 640 
0 640 
0 640 
0 640 
0 640 
0 640 
0 640 
0 640 
0 640 
0 640 
0 640 
0 640 
0 640 
0 640 
0 640 
0 640 
0 640 
0 640 
0 640 
0 640 
0 640 
0 640 
0 640 
0 640 
0 640 
0 640 
0 640 
0 640 
0 640 
0 640 
0 640 
0 640 
0 640 
0 640 
0 640 
0 640 
0 640 
0 640 
0 640 
0 640 
0 640 
0 640 
0 640 
0 640 
0 640 
0 640 
0 640 
0 640 
0 640 
0 640 
0 640 
0 640 
0 640 
0 640 
0 640 
0 640 
0 640 
0 640 
0 640 
0 640 
0 640 
0 640 
0 640 
0 640 
0 640 
0 640 
0 640 
0 640 
0 640 
0 640 
0 640 
0 640 
0 640 
0 640 
0 640 
0 640 
0 640 
0 640 
0 640 
0 640 
0 640 
0 640 
0 640 
0 640 
0 640 
0 640 
0 640 
0 640 
0 640 
0 640 
0 640 
0 640 
0 640 
0 640 
0 640 
0 640 
0 640 
0 640 
0 640 
0 640 
0 640 
0 640 
0 640 
0 640 
0 640 
0 640 
0 640 
0 640 
0 640 
0 640 
0 640 
0 640 
0 640 
0 640 
0 640 
0 640 
0 640 
0 640 
0 640 
0 640 
0 640 
0 640 
0 640 
0 640 
0 640 
0 640 
0 640 
0 640 
0 640 
0 640 
0 640 
0 640 
0 640 
0 640 
0 640 
0 640 
0 640 
0 640 
0 640 
0 640 
0 640 
0 640 
0 640 
0 640 
0 640 
0 640 
0 640 
0 640 
0 640 
0 640 
0 640 
0 640 
0 640 
0 640 
0 640 
0 640 
0 640 
0 640 
0 640 
0 640 
0 640 
0 640 
0 640 
0 640 
0 640 
0 640 
0 262 269 640 
0 261 271 280 284 640 
0 260 273 277 285 640 
0 260 286 640 
0 259 288 640 
0 258 289 640 
0 258 290 640 
0 257 291 640 
0 256 292 640 
0 255 293 640 
0 255 293 640 
0 254 294 640 
0 253 295 640 
0 251 296 640 
0 251 296 640 
0 251 296 640 
0 251 297 640 
0 251 297 640 
0 251 298 640 
0 251 298 640 
0 250 298 640 
0 250 299 640 
0 250 299 640 
0 250 299 640 
0 250 300 640 
0 250 300 640 
0 250 300 640 
0 250 300 640 
0 250 300 640 
0 249 300 640 
0 249 300 640 
0 249 300 640 
0 248 301 640 
0 247 302 640 
0 246 303 640 
0 245 304 640 
0 243 304 640 
0 242 305 640 
0 240 306 640 
0 237 306 640 
0 231 307 640 
0 228 307 640 
0 226 307 640 
0 223 308 640 
0 221 308 640 
0 217 308 640 
0 211 308 640 
0 207 308 640 
0 204 309 640 
0 202 309 640 
0 199 309 640 
0 199 309 640 
0 198 309 640 
0 198 309 640 
0 197 309 640 
0 197 309 640 
0 196 309 640 
0 195 291 292 296 298 309 640 
0 195 293 295 296 301 309 640 
0 194 283 292 309 640 
0 194 284 301 308 640 
0 193 271 272 279 305 308 640 
0 193 269 640 
0 194 267 640 
0 194 266 640 
0 194 264 640 
0 194 263 640 
0 194 261 640 
0 195 259 640 
0 195 258 640 
0 195 257 640 
0 195 255 640 
0 195 252 640 
0 196 249 640 
0 196 247 640 
0 196 246 640 
0 196 245 640 
0 196 244 640 
0 196 243 640 
0 197 242 640 
0 197 241 640 
0 199 240 640 
0 200 240 640 
0 201 239 640 
0 203 238 640 
0 204 237 640 
0 205 236 640 
0 207 236 640 
0 208 235 640 
0 209 235 640 
0 209 234 640 
0 210 217 223 233 640 
0 212 215 227 230 640 
0 640 
0 640 
0 640 
0 640 
0 640 
0 640 
0 640 
0 640 
0 640 
0 640 
0 640 
0 640 
0 640 
0 640 
0 640 
0 640 
0 640 
0 640 
0 640 
0 640 
0 640 
0 640 
0 640 
0 640 
0 640 
0 640 
0 640 
0 640 
0 640 
0 640 
0 640 
0 640 
0 640 
0 640 
0 640 
0 640 
0 640 
0 640 
0 640 
0 640 
0 640 
0 640 
0 640 
0 640 
0 640 
0 640 
0 640 
0 640 
0 640 
0 640 
0 640 
0 640 
0 640 
0 640 
0 640 
0 640 
0 640 
0 640 
0 640 
0 640 
0 640 
0 640 
0 640 
0 640 
0 640 
0 640 
0 640 
0 640 
0 640 
0 640 
0 640 
0 640 
0 640 
0 640 
0 640 
0 640 
0 640 
0 640 
0 640 
0 640 
0 640 
0 640 
0 640 
0 640 
0 640 
0 640 
0 640 
0 640 
0 640 
0 640 
0 640 
0 640 
0 640 
0 640 
0 640 
0 640 
0 640 
0 640 
0 640 
0 640 
0 640 
0 640 
0 640 
0 640 
0 640 
0 640 
0 640 
0 640 
0 640 
0 640 
0 640 
0 640 
0 640 
0 640 
0 640 
0 640 
0 640 
0 640 
0 640 
0 640 
0 640 
0 640 
0 640 
0 640 
0 640 
0 640 
0 640 
0 640 
0 640 
0 640 
0 640 
0 640 
0 640 
0 640 
0 640 
0 640 
0 640 
0 640 
0 640 
0 640 
0 640 
0 640 
0 640 
0 640 
0 640 
0 640 
0 640 
0 640 
0 640 
0 640 
0 640 
0 640 
0 640 
0 640 
0 640 
0 640 
0 640 
0 640 
0 640 
0 640 
0 640 
0 640 
0 640 
0 640 
0 640 
0 640 
0 640 
0 640 
0 640 
0 640 
0 640 
0 640 
0 640 
0 640 
0 640 
0 640 
0 640 
0 640 
0 640 
0 640 
0 640 
0 640 
0 640 
0 640 
