243 310 
241 314 
238 321 
235 326 
233 330 
232 334 
230 338 
229 342 
228 346 
227 349 
226 352 
225 355 
225 359 
224 361 
224 364 
223 367 
223 370 
223 372 
223 375 
222 377 
222 379 
222 381 
222 384 
222 386 
222 388 
222 390 
222 392 
222 393 
222 395 
222 397 
222 398 
222 399 
222 401 
222 402 
222 404 
222 405 
222 406 
222 407 
222 408 
222 410 
222 411 
222 412 
222 413 
222 413 
222 414 
222 415 429 444 
222 416 425 446 
222 416 423 447 
222 417 421 448 
222 418 420 449 
222 450 
223 451 
223 452 
223 453 
223 433 439 454 
223 431 441 454 
223 427 442 455 
224 426 443 455 
224 424 444 456 
225 423 445 456 
225 423 446 456 
225 422 446 457 
225 421 446 457 
226 421 447 457 
226 420 447 457 
226 419 447 457 
227 419 447 457 
227 420 447 457 
227 421 447 457 
228 422 447 457 
228 423 446 457 
229 424 446 457 
230 424 446 457 
230 424 445 456 
231 424 445 456 
231 423 444 455 
232 414 415 422 444 455 
233 414 416 421 443 455 
233 413 443 454 
234 413 442 454 
235 412 442 453 
235 412 441 453 
236 411 440 452 
237 411 440 452 
238 410 439 451 
239 410 438 451 
239 409 437 450 
240 409 436 449 
241 408 435 449 
242 407 434 448 
243 407 432 447 
244 406 430 446 
244 405 429 445 
245 405 427 445 
246 404 425 443 
247 403 423 442 
248 403 421 441 
248 402 418 440 
249 401 416 439 
250 400 414 437 
250 399 411 435 
251 399 408 434 
251 398 404 432 
251 397 400 430 
252 396 397 427 
252 425 
252 423 
252 421 
252 418 
253 415 
253 412 
253 410 
253 407 
253 402 
253 397 
253 392 
253 388 
254 382 
254 377 
254 374 
254 371 
254 369 
254 368 
254 366 
254 366 
255 366 
255 365 
255 365 
255 365 
254 365 
254 364 
253 362 
252 357 
252 356 
251 355 
251 355 
250 354 
250 354 
249 353 
249 353 
249 352 
249 352 
248 351 
248 350 
249 350 
249 349 
249 349 
250 348 
250 347 
251 347 
252 348 
253 348 
254 348 
256 348 
257 348 
260 348 
262 349 
264 349 
267 349 
270 349 
273 349 
276 349 
279 348 
283 348 
286 348 
291 347 
296 346 
300 345 
306 344 
313 341 
330 333 





















































































































































































































































































































