0 357 
0 357 
0 357 
0 357 
0 357 
0 357 
0 357 
0 357 
0 357 
0 357 
0 357 
0 357 
0 357 
0 357 
0 357 
0 357 
0 357 
0 357 
0 357 
0 357 
0 357 
0 357 
0 357 
0 357 
0 357 
0 357 
0 357 
0 357 
0 357 
0 356 
0 356 
0 356 
0 355 
0 355 
0 355 
0 355 
0 355 
0 354 
0 354 
0 354 
0 354 
0 354 
0 353 
0 353 
0 352 
0 352 
0 352 
0 352 
0 351 
0 351 
0 350 
0 350 
0 350 
0 350 
0 349 
0 349 
0 348 
0 348 
0 348 
0 56 63 348 
4 54 65 348 
12 52 67 347 
0 3 20 50 68 347 
0 6 25 49 69 347 
0 8 28 48 70 347 
0 11 31 47 70 347 
0 14 39 46 70 347 
0 17 42 45 70 346 
0 19 70 345 
0 22 70 345 
0 25 69 344 
0 28 69 344 
0 30 68 79 95 344 
0 31 68 76 101 343 
0 32 67 74 105 342 
0 33 67 72 108 342 
0 33 66 71 110 342 
0 34 67 69 106 109 110 341 
0 35 107 340 
0 34 108 339 
0 33 109 338 
0 33 110 337 
0 32 111 337 
0 31 112 336 
0 30 113 336 
0 30 113 335 
0 29 113 334 
0 29 113 333 
0 28 113 332 
0 27 114 332 
0 27 114 331 
0 26 114 330 
0 26 114 330 
0 25 115 328 
0 25 115 328 
0 25 112 327 
0 25 112 326 
0 25 113 326 
0 25 114 117 119 326 
0 26 120 325 
0 27 44 46 120 325 
0 28 43 47 120 325 
0 30 40 48 120 324 
0 34 35 48 120 323 
0 48 120 323 
0 47 121 322 
0 47 121 322 
0 47 122 321 
0 47 122 320 
0 46 123 320 
0 46 123 318 
0 46 123 317 
0 46 123 317 
0 46 124 317 
0 47 124 317 
0 47 125 317 
0 47 125 317 
0 47 125 316 
0 46 125 316 
0 46 125 316 
0 46 124 316 
0 46 123 315 
0 46 122 314 
0 46 121 314 
0 46 120 313 
0 46 119 313 
0 46 119 312 
0 46 119 312 
0 46 118 311 
0 47 118 311 
0 47 119 311 
0 47 119 311 
0 48 120 311 
0 48 120 311 
0 48 122 311 
0 49 123 311 
0 49 124 311 
0 49 125 311 
0 49 125 311 
0 50 126 311 
0 50 125 311 
0 50 127 311 
0 50 129 311 
0 50 131 311 
0 50 132 311 
0 51 134 311 
0 51 135 311 
0 51 137 311 
0 51 138 311 
0 52 140 311 
0 52 141 311 
0 52 143 311 
0 52 144 312 
0 52 145 312 
0 52 145 312 
0 51 146 312 
0 51 146 312 
0 51 147 312 
0 51 148 312 
0 51 148 312 
0 51 149 312 
0 51 150 312 
0 51 150 312 
0 50 151 312 
0 50 152 312 
0 50 153 312 
0 50 154 312 
0 50 155 312 
0 49 156 312 
0 49 158 311 
0 49 159 311 
0 48 161 311 
0 48 162 310 
0 47 163 310 
0 47 165 310 
0 46 166 309 
0 46 167 309 
0 46 169 308 
0 45 170 307 
0 45 171 306 
0 44 172 305 
0 44 173 305 
0 43 174 304 
0 42 174 304 
0 42 175 304 
0 41 175 304 
0 41 176 303 
0 40 176 303 
0 40 176 303 
0 39 176 303 
0 38 176 303 
0 38 176 302 
0 37 176 299 
0 37 176 299 
0 36 175 298 
0 36 175 292 
0 35 175 289 
0 34 174 288 
0 34 174 285 
0 33 173 283 
0 32 173 282 
0 32 172 282 
0 31 172 281 
0 31 172 280 
0 30 172 278 
0 30 171 274 
0 29 171 274 
0 29 171 273 
0 28 171 272 
0 27 170 271 
0 27 170 271 
0 26 170 271 
0 26 170 271 
0 25 170 271 
0 25 170 273 
0 24 170 273 
0 24 170 272 
0 23 170 272 
0 23 170 272 
0 23 170 272 
0 22 170 272 
0 22 170 272 
0 21 170 271 
0 21 120 121 170 271 
0 20 120 121 170 272 
0 20 170 272 
0 19 121 122 170 271 
0 19 96 98 121 123 170 271 
0 19 95 97 121 123 170 270 
0 18 95 97 121 123 171 270 
0 18 95 97 121 123 171 270 
0 18 94 97 121 123 171 270 
0 17 94 97 121 124 171 269 
0 17 93 97 121 124 171 269 
0 17 93 96 121 124 171 269 
0 17 93 96 121 124 171 269 
0 17 93 96 121 124 171 269 
0 17 93 96 121 124 172 269 
0 17 93 96 121 124 172 270 
0 17 92 96 121 123 172 270 
0 16 92 96 121 123 172 270 
0 16 92 96 102 104 121 123 172 270 
0 16 92 96 102 104 120 123 172 270 
0 16 92 96 102 104 120 122 172 270 
0 16 91 96 101 104 120 122 172 270 
0 16 91 96 101 104 120 122 172 270 
0 16 91 96 101 104 120 121 173 270 
0 16 90 96 101 104 173 270 
0 16 90 95 100 105 173 269 
0 15 90 95 100 105 173 269 
0 15 89 95 100 105 173 268 
0 16 89 95 100 105 174 268 
0 16 88 95 99 105 174 267 
0 16 88 95 99 105 174 267 
0 16 88 95 98 106 174 267 
0 16 87 95 98 106 174 267 
0 16 87 95 98 106 175 267 
0 16 87 95 97 106 175 267 
0 16 87 95 97 106 175 267 
0 16 86 95 97 106 175 267 
0 16 86 95 97 106 176 267 
0 15 86 95 97 106 176 266 
0 15 85 95 96 106 176 266 
0 15 85 95 96 106 176 266 
0 15 85 95 96 106 177 266 
0 15 84 95 96 106 177 265 
0 15 84 105 177 265 
0 14 83 105 177 265 
0 14 83 104 178 266 
0 14 83 104 178 266 
0 14 82 104 178 266 
0 14 82 103 179 266 
0 14 57 58 82 103 179 267 
0 14 57 58 81 103 179 267 
0 14 57 58 81 103 179 266 
0 14 56 59 81 103 180 266 
0 13 56 59 80 103 180 265 
0 13 56 59 80 103 180 265 
0 13 19 20 49 50 57 59 80 102 180 265 
0 13 18 20 49 51 57 59 64 65 79 102 181 265 
0 13 18 20 48 51 57 59 64 65 79 102 181 264 
0 13 18 20 48 51 57 59 63 65 78 102 181 264 
0 13 18 20 48 51 57 59 63 65 78 101 182 265 
0 13 18 20 47 51 57 60 62 65 78 101 182 265 
0 13 18 20 47 52 57 60 62 65 77 100 182 265 
0 14 17 19 46 52 57 60 61 64 77 100 183 266 
0 14 18 19 46 52 58 64 78 99 183 266 
0 14 46 52 58 63 78 99 183 266 
0 14 45 53 58 63 79 99 183 267 
0 14 45 53 58 62 79 98 184 267 
0 14 42 43 45 54 58 62 80 98 184 267 
0 14 41 43 44 55 58 61 80 97 184 267 
0 15 41 43 44 56 58 61 81 97 185 267 
0 15 17 19 41 57 58 60 82 97 185 267 
0 15 17 19 27 29 32 33 36 38 40 58 82 96 185 268 
0 15 17 19 27 29 31 33 36 38 40 59 82 96 185 268 
0 15 16 19 27 29 31 34 36 38 39 58 82 95 186 268 
0 19 20 21 27 29 31 34 36 38 39 58 82 95 186 268 
0 18 20 22 27 29 31 34 35 57 82 95 186 269 
0 18 21 22 26 29 30 56 82 94 187 269 
0 20 21 23 26 56 82 94 187 269 
0 24 26 55 82 93 187 270 
0 24 26 55 82 93 188 271 
0 25 26 54 73 76 82 93 188 272 
0 25 26 54 70 76 81 92 188 272 
0 53 69 77 81 92 188 272 
0 53 68 78 80 91 189 272 
0 52 68 91 189 272 
0 52 67 90 189 271 
0 52 67 90 190 272 
0 52 66 89 190 272 
0 52 66 89 190 272 
0 52 66 88 191 273 
0 52 65 88 191 273 
0 52 65 87 191 273 
0 53 64 87 191 273 
0 53 64 86 192 273 
0 53 64 86 192 273 
0 54 63 85 192 273 
0 54 63 85 193 273 
0 54 63 84 193 272 
0 55 64 84 193 272 
0 55 64 83 194 273 
0 55 64 83 194 273 
0 55 63 82 194 274 
0 56 63 82 195 274 
0 56 63 81 195 274 
0 56 63 81 195 274 
0 56 63 80 196 276 
0 57 63 80 196 276 
0 57 63 79 196 277 
0 57 63 79 197 277 
0 58 63 78 197 278 
0 58 61 77 197 278 
0 59 61 77 198 279 
0 59 60 76 198 279 
0 76 198 281 
0 75 199 281 
0 75 199 281 
0 74 199 282 
0 73 200 283 
0 73 200 284 
0 72 200 285 
0 72 201 286 
0 71 201 288 
0 70 201 288 
0 70 202 289 
0 69 202 289 
0 69 202 290 
0 68 202 291 
0 67 202 293 
0 67 203 294 
0 66 203 296 
0 66 203 297 
0 65 203 298 
0 64 203 299 
0 64 203 300 
0 63 204 301 
0 63 204 302 
0 63 205 302 
0 64 205 304 
0 63 206 304 
0 62 206 305 
0 62 207 306 
0 61 207 306 
0 60 208 307 
0 59 208 308 
0 59 209 308 
0 58 209 309 
0 58 209 309 
0 57 210 310 
0 56 207 208 210 310 
0 55 57 59 207 208 210 310 
0 54 57 59 207 209 211 311 
0 54 56 58 207 209 211 312 
0 53 55 57 208 210 211 312 
0 52 55 57 208 210 211 313 
0 51 54 56 208 210 212 314 
0 50 53 55 209 210 212 314 
0 50 53 55 209 210 212 315 
0 49 52 54 210 211 212 315 
0 48 52 54 210 211 213 316 
0 48 51 53 210 211 213 317 
0 49 51 53 213 318 
0 50 51 52 213 318 
0 48 49 50 213 318 
0 48 214 319 
0 49 214 320 
0 49 214 321 
0 46 214 322 
0 45 214 323 
0 43 215 323 
0 43 215 324 
0 42 215 325 
0 42 215 326 
0 41 215 327 
0 41 216 328 
0 40 216 329 
0 40 217 329 
0 40 217 330 
0 41 217 330 
0 41 217 330 
0 41 216 331 
0 40 216 332 
0 39 216 333 
0 39 216 334 
0 38 217 334 
0 37 217 335 
0 37 217 336 
0 36 217 338 
0 35 217 339 
0 34 217 339 
0 33 217 340 
0 33 217 340 
0 33 217 341 
0 33 217 341 
0 35 217 342 
0 35 217 343 
0 35 217 343 
0 34 217 344 
0 34 217 344 
0 34 217 345 
0 34 217 346 
0 33 217 346 
0 33 217 348 
0 33 217 349 
0 33 217 349 
0 32 217 350 
0 32 217 350 
0 32 218 352 
0 32 218 353 
0 32 218 354 
0 32 218 355 
0 32 218 355 
0 32 218 355 
0 32 217 358 
0 33 41 42 217 358 
0 33 39 43 217 359 
0 33 38 43 54 63 216 360 
0 34 36 45 49 65 215 360 
0 67 210 361 
0 67 205 362 
0 68 203 363 
0 68 202 364 
0 69 201 365 
0 69 201 365 
0 69 200 366 
0 70 200 367 
0 70 199 368 
0 70 198 368 
0 71 198 369 
0 71 197 370 
0 72 196 370 
0 73 88 91 195 371 
0 74 80 96 194 372 
0 99 158 179 192 372 
0 101 158 374 
0 103 157 374 
0 104 157 375 
0 104 157 375 
0 103 157 376 
0 103 134 137 157 377 
0 103 129 137 157 378 
0 103 126 137 157 378 
0 103 125 138 157 379 
0 103 125 138 157 380 
0 103 125 138 157 380 
0 103 124 138 157 381 
0 103 124 138 157 382 
0 103 124 138 157 383 
0 102 123 138 156 384 
0 102 123 138 156 385 
0 102 123 138 156 386 
0 102 122 138 156 387 
0 102 122 139 156 389 
0 102 122 139 156 390 
0 102 122 139 156 391 
0 102 121 139 156 392 
0 102 121 139 156 392 
0 102 121 139 156 392 
