




























































































203 221 
199 224 
180 184 185 186 196 227 
178 187 193 228 
177 188 191 230 
176 231 
175 232 
175 233 
174 234 
174 235 
174 235 
175 236 
176 237 
177 237 
177 238 
177 239 
176 240 
175 241 
175 242 
175 244 
174 245 
174 246 
173 247 
173 247 
173 248 
172 248 
172 248 
172 248 
172 247 
171 247 
171 247 
171 248 
171 248 
171 249 
172 250 
173 250 
173 251 
173 251 
173 252 
173 252 
175 253 
176 253 
176 254 
177 254 
177 255 
177 255 
178 184 186 256 
180 184 187 256 
181 185 187 257 
186 257 
186 257 
185 258 
184 258 
183 258 
182 258 
181 259 
182 255 
183 254 
184 254 
185 254 
186 253 
187 253 
187 253 
188 253 
189 253 
190 252 
191 252 
191 246 250 252 
192 246 250 251 
192 245 
193 245 
193 245 
194 245 
196 245 
194 244 
191 244 
190 245 
189 240 241 245 
189 233 234 238 242 245 
188 233 235 238 243 245 
186 229 230 233 235 238 
186 228 
186 228 
186 229 
186 229 
186 230 
187 230 
187 231 
188 231 
189 232 
189 232 
188 232 
187 233 
185 233 
183 233 
182 233 
181 234 
180 234 
179 235 432 439 
178 235 430 442 
177 235 427 443 
177 236 424 444 
176 236 419 445 
175 237 417 446 
174 237 414 447 
173 237 412 447 
173 237 411 448 
172 238 409 448 
171 238 405 448 
171 238 403 448 
171 238 402 448 
170 238 401 447 
170 238 400 447 
169 238 399 446 
169 238 398 445 
168 238 397 446 
167 238 397 447 
166 238 397 448 
166 237 397 448 
165 237 396 449 
165 236 397 450 
164 235 397 450 
164 235 397 451 459 481 
164 235 397 485 
163 235 397 488 
163 235 398 490 
163 235 399 491 
163 235 400 493 
163 234 402 494 
164 234 404 495 
164 235 404 496 
164 237 404 497 
165 238 404 498 
165 239 405 498 
166 239 405 499 
167 237 405 500 
168 235 405 500 
169 235 405 500 
170 234 405 501 
170 234 405 501 
171 234 404 502 
173 234 403 501 
174 234 402 501 
175 234 400 501 
175 234 398 500 
175 234 397 500 
175 235 347 348 396 500 
175 235 346 349 394 499 
175 235 346 351 393 499 
175 235 345 352 391 498 
175 236 334 337 345 354 390 497 
175 236 333 338 344 355 389 497 
175 237 333 340 343 357 388 496 
175 237 334 341 342 358 387 495 543 549 
175 237 334 359 386 494 541 550 
174 237 333 361 385 493 539 551 557 560 
174 238 311 314 332 362 384 492 538 552 556 560 
174 238 311 363 383 491 537 553 555 560 
174 238 311 365 382 490 535 559 
174 238 311 366 382 488 533 559 
174 238 312 368 381 487 531 558 
174 239 314 370 380 485 530 558 
174 239 316 371 380 484 528 559 
173 239 317 373 379 483 527 560 568 576 
173 239 318 375 378 482 525 578 
173 239 320 480 523 580 
173 239 322 479 521 580 
172 239 328 478 519 580 
172 239 336 476 516 580 
172 239 339 475 514 580 
171 239 340 475 512 579 
170 238 339 475 509 578 
170 238 339 474 507 577 
169 237 338 473 505 576 
168 236 338 473 503 575 
168 236 338 474 502 572 
167 235 338 474 500 569 
167 235 337 475 497 567 
167 234 337 475 496 563 
166 233 337 472 494 562 
166 232 340 472 492 562 
165 232 346 473 490 562 
163 231 352 473 488 561 
163 230 357 472 486 560 
162 229 361 472 484 559 
163 229 365 472 482 549 
163 228 368 473 481 539 
164 227 370 473 479 532 
165 227 372 470 471 472 477 529 
165 226 375 469 475 525 
164 225 379 469 472 522 
164 224 382 468 471 518 
163 224 385 514 
163 223 387 511 
163 223 389 508 
162 223 392 505 
162 224 394 502 
162 225 396 500 
161 225 397 498 
161 226 399 496 
161 227 400 493 
161 228 403 491 
160 229 405 489 
160 230 406 487 
159 230 409 484 
159 231 411 482 
158 232 413 480 
158 233 415 479 
157 234 417 478 
157 235 419 477 
157 236 421 477 
159 236 423 477 
160 232 424 478 
160 232 426 478 
160 233 427 479 
159 233 427 480 
158 233 428 480 
158 234 428 480 
157 234 428 480 
157 235 428 481 
156 235 428 481 
156 235 428 481 
156 236 428 481 
156 236 428 482 
156 237 428 482 
155 237 427 482 
155 237 427 482 
154 238 427 483 
153 238 428 483 
153 238 428 483 
153 238 429 483 
153 239 430 483 
154 239 431 484 
154 239 431 484 
155 240 432 484 
155 240 432 484 
154 240 433 484 
154 240 433 484 
154 241 434 485 
153 241 434 485 
153 241 435 485 
153 242 435 485 
153 242 436 485 
153 242 436 485 
152 243 437 485 
152 243 437 485 
152 243 438 485 
152 243 438 486 
152 244 438 486 
152 244 439 486 
152 244 439 486 
151 244 440 486 
151 245 440 487 
151 245 440 487 
151 245 441 487 
151 245 441 487 
151 246 441 488 
151 246 441 488 
151 246 441 488 
150 247 441 488 
150 247 440 489 
150 247 440 489 
150 248 440 489 
150 248 439 489 
150 248 439 490 
150 248 438 490 
150 248 438 490 
149 249 438 490 
149 249 437 491 
149 249 437 491 
149 249 437 491 
149 250 437 492 
149 250 439 492 
148 250 439 491 
148 250 439 490 
148 250 438 490 
148 251 437 489 
148 251 437 490 
148 251 436 490 
148 251 436 490 
148 252 435 491 
147 252 435 491 
147 252 435 491 
147 252 434 492 
147 252 434 492 
147 253 433 492 
147 253 433 492 
147 253 432 493 
147 253 432 493 
147 253 432 493 
147 254 431 493 
146 254 431 494 
146 254 431 494 
146 254 430 494 
146 254 430 494 
146 254 430 494 
146 254 429 494 
145 254 429 494 
145 255 429 495 
145 255 428 495 
145 255 428 495 
145 255 428 495 
145 255 428 495 
145 255 427 495 
145 255 427 495 
144 255 427 495 
144 256 427 496 
144 256 426 496 
144 256 426 496 
144 256 426 496 
143 256 426 496 
143 256 426 496 
143 257 425 497 
143 257 425 497 
143 257 425 497 
143 257 425 497 
143 257 425 497 
143 257 424 497 
142 257 424 497 
142 257 424 497 
142 257 424 497 
142 257 423 497 
142 257 423 497 
142 258 423 497 
142 258 423 497 
142 258 422 498 
142 258 422 498 
141 258 422 498 
141 258 422 498 
141 258 422 498 
141 258 422 498 
141 258 421 498 
141 258 421 498 
141 259 421 498 
141 259 421 498 
141 259 420 498 
141 259 420 498 
140 259 420 498 
140 259 420 498 
140 259 419 499 
140 260 419 499 
140 260 419 499 
140 260 419 499 
140 260 418 499 
140 260 418 499 
140 260 418 499 
140 260 418 499 
140 261 417 499 
140 261 417 500 
139 261 417 500 
139 261 417 500 
139 261 417 500 
139 262 416 500 
139 262 416 501 
139 262 416 501 
139 262 415 501 
139 262 415 501 
138 262 415 502 
138 262 414 502 
138 263 414 502 
138 263 414 503 
138 263 413 503 
138 263 413 504 
138 263 413 504 
138 263 413 504 
138 263 413 505 
138 264 414 505 
138 264 415 505 
138 264 415 505 
138 264 417 505 
138 264 419 505 
137 264 422 503 
137 265 425 500 
137 265 427 495 
137 265 434 489 
137 265 442 486 
137 265 444 485 
137 265 444 485 
137 265 445 485 
137 266 445 485 
137 266 445 484 
137 266 446 484 
137 266 446 484 
136 267 446 484 
136 267 446 483 
136 267 447 483 
136 267 447 484 
