0 640 
0 640 
0 640 
0 640 
0 640 
0 640 
0 640 
0 640 
0 640 
0 640 
0 640 
0 640 
0 640 
0 640 
0 341 344 640 
0 339 345 640 
0 338 346 640 
0 336 347 640 
0 335 348 640 
0 324 326 334 348 640 
0 323 327 332 349 640 
0 322 327 331 350 640 
0 321 329 330 351 640 
0 320 352 640 
0 319 352 640 
0 318 353 640 
0 317 354 640 
0 316 355 640 
0 316 355 640 
0 315 356 640 
0 314 357 640 
0 313 357 640 
0 312 358 640 
0 311 358 640 
0 311 359 640 
0 310 360 640 
0 309 360 640 
0 308 361 640 
0 308 361 640 
0 307 362 640 
0 306 362 640 
0 305 363 640 
0 305 363 640 
0 304 364 640 
0 258 276 303 365 640 
0 257 279 302 365 640 
0 257 280 301 365 640 
0 257 283 295 366 640 
0 257 285 291 366 640 
0 257 367 640 
0 257 367 640 
0 257 368 640 
0 257 368 640 
0 257 368 640 
0 257 368 640 
0 257 369 640 
0 257 369 640 
0 257 370 640 
0 258 370 640 
0 258 370 640 
0 258 370 640 
0 258 370 640 
0 258 370 640 
0 258 369 640 
0 258 368 640 
0 259 368 640 
0 259 367 640 
0 259 365 640 
0 259 349 350 363 640 
0 259 349 353 360 640 
0 259 350 640 
0 260 351 640 
0 260 352 640 
0 260 354 640 
0 260 355 640 
0 260 357 640 
0 260 358 640 
0 260 359 640 
0 259 360 640 
0 258 360 640 
0 257 361 640 
0 257 362 640 
0 256 362 640 
0 256 363 640 
0 256 364 640 
0 255 364 640 
0 255 365 640 
0 254 366 640 
0 254 366 640 
0 253 367 640 
0 252 367 640 
0 252 368 640 
0 251 368 640 
0 251 369 640 
0 250 369 640 
0 249 370 640 
0 249 370 640 
0 249 370 640 
0 248 371 640 
0 248 371 640 
0 248 372 640 
0 247 372 640 
0 247 372 640 
0 247 373 640 
0 247 373 640 
0 247 374 640 
0 247 374 640 
0 247 374 640 
0 247 375 640 
0 247 375 640 
0 247 375 640 
0 246 376 640 
0 246 376 640 
0 246 376 640 
0 246 376 640 
0 246 377 640 
0 246 377 640 
0 246 377 640 
0 246 377 640 
0 246 377 640 
0 247 378 640 
0 247 378 640 
0 247 378 640 
0 247 378 640 
0 248 379 640 
0 249 379 640 
0 249 379 640 
0 250 380 640 
0 251 380 640 
0 253 380 640 
0 256 260 261 380 640 
0 257 380 640 
0 258 261 263 381 640 
0 259 263 265 381 640 
0 260 263 265 381 640 
0 261 263 266 381 640 
0 262 263 266 381 640 
0 267 381 640 
0 267 382 640 
0 268 382 640 
0 268 382 640 
0 269 382 640 
0 269 382 640 
0 269 382 640 
0 269 382 640 
0 270 383 640 
0 273 383 640 
0 273 383 640 
0 273 383 640 
0 275 383 640 
0 276 383 640 
0 277 383 640 
0 278 384 640 
0 279 384 640 
0 279 384 640 
0 280 384 640 
0 280 384 640 
0 281 384 640 
0 282 384 640 
0 282 385 640 
0 283 385 640 
0 284 385 640 
0 285 385 640 
0 286 385 640 
0 286 385 640 
0 288 385 640 
0 289 386 640 
0 289 386 640 
0 290 386 640 
0 290 386 640 
0 290 386 640 
0 291 386 640 
0 291 386 640 
0 292 386 640 
0 292 387 640 
0 292 387 640 
0 292 387 640 
0 292 387 640 
0 291 387 640 
0 290 387 640 
0 289 387 640 
0 288 387 640 
0 287 387 640 
0 284 387 640 
0 283 388 640 
0 282 388 640 
0 280 388 640 
0 280 388 640 
0 279 388 640 
0 278 388 640 
0 277 388 640 
0 277 388 640 
0 276 389 640 
0 275 389 640 
0 274 389 640 
0 273 389 640 
0 271 389 640 
0 270 390 640 
0 270 390 640 
0 269 390 640 
0 268 390 640 
0 267 390 640 
0 266 390 640 
0 266 390 640 
0 265 390 640 
0 264 391 640 
0 264 391 640 
0 264 392 640 
0 263 392 640 
0 263 393 640 
0 262 393 640 
0 262 394 640 
0 261 394 640 
0 260 395 640 
0 259 395 640 
0 258 396 640 
0 258 396 640 
0 144 147 257 396 640 
0 143 148 256 397 640 
0 135 137 140 149 255 398 640 
0 134 149 154 157 254 398 640 
0 134 149 151 159 253 399 640 
0 128 130 133 160 252 400 640 
0 128 131 132 160 252 400 640 
0 127 160 251 400 640 
0 127 160 250 401 640 
0 126 160 249 401 640 
0 126 161 248 402 640 
0 126 161 248 402 640 
0 127 162 247 403 640 
0 127 163 246 403 640 
0 126 163 245 404 640 
0 126 164 244 404 640 
0 126 166 244 405 640 
0 126 167 243 406 640 
0 126 168 243 406 640 
0 125 169 242 407 640 
0 123 169 242 407 640 
0 121 169 242 408 640 
0 121 169 242 408 640 
0 121 169 242 409 640 
0 122 168 242 409 640 
0 122 167 242 410 640 
0 123 167 242 410 640 
0 124 166 242 411 640 
0 125 166 243 411 640 
0 126 165 243 412 640 
0 127 165 243 412 640 
0 128 164 243 413 640 
0 129 163 243 400 401 413 640 
0 131 161 242 400 401 414 640 
0 132 160 242 401 402 414 640 
0 132 159 242 401 402 415 640 
0 132 159 241 401 403 415 640 
0 133 159 241 401 403 415 640 
0 133 160 240 401 404 416 640 
0 134 160 240 401 404 416 640 
0 134 160 240 402 405 416 640 
0 134 160 239 402 405 417 640 
0 135 160 239 402 405 417 640 
0 135 159 238 402 406 417 640 
0 136 158 238 402 407 417 640 
0 138 143 147 156 238 402 407 418 640 
0 138 144 238 403 408 418 640 
0 137 148 237 403 408 418 640 
0 126 151 168 171 179 184 237 403 409 419 640 
0 120 153 167 173 178 186 237 403 409 419 640 
0 117 155 166 189 236 403 409 419 640 
0 115 158 165 191 236 403 410 420 640 
0 114 160 165 193 235 404 410 420 640 
0 113 162 164 195 235 404 411 420 640 
0 114 197 234 404 411 420 640 
0 96 98 105 110 114 199 234 404 412 420 640 
0 95 100 106 112 115 202 234 404 412 421 640 
0 95 102 106 116 121 128 130 204 233 405 413 415 416 421 640 
0 94 104 107 118 123 129 132 207 233 405 414 415 416 421 640 
0 93 106 107 119 123 129 132 209 233 405 416 421 640 
0 92 213 233 405 417 421 640 
0 92 216 232 405 417 421 640 
0 93 219 232 405 417 421 640 
0 95 222 232 406 418 421 640 
0 97 225 231 406 419 421 640 
0 101 229 231 406 419 421 640 
0 105 406 640 
0 108 406 640 
0 113 407 640 
0 123 407 640 
0 130 404 405 407 640 
0 158 264 266 403 405 406 640 
0 158 264 266 403 640 
0 158 264 267 403 640 
0 158 264 267 403 640 
0 158 264 268 403 640 
0 158 264 268 403 640 
0 159 261 262 264 269 403 640 
0 160 260 262 264 269 404 640 
0 165 259 262 264 270 404 640 
0 166 259 262 264 270 404 640 
0 166 258 262 264 271 404 640 
0 166 258 262 264 271 404 640 
0 167 257 262 264 272 404 640 
0 167 256 262 264 272 404 640 
0 168 256 262 264 273 403 640 
0 170 255 262 264 273 403 640 
0 173 254 262 264 273 403 640 
0 184 253 262 265 274 403 640 
0 191 253 262 265 274 404 640 
0 197 252 262 265 274 403 640 
0 201 251 262 265 274 403 640 
0 204 250 262 265 275 404 640 
0 208 249 262 265 275 404 640 
0 212 248 261 265 275 404 640 
0 216 247 262 265 275 404 640 
0 219 246 262 265 275 404 640 
0 221 244 262 265 275 404 640 
0 224 243 261 265 275 405 640 
0 227 241 261 265 275 405 640 
0 230 238 261 265 275 405 640 
0 261 265 275 405 640 
0 261 265 275 405 640 
0 261 266 275 405 640 
0 261 266 275 405 640 
0 261 266 275 406 640 
0 261 266 275 406 640 
0 261 266 275 406 640 
0 261 266 275 406 640 
0 261 266 275 406 640 
0 261 266 275 406 640 
0 261 266 275 406 640 
0 262 266 275 406 640 
0 262 266 275 407 640 
0 262 267 274 407 640 
0 262 267 271 407 640 
0 262 267 270 407 640 
0 262 407 640 
0 262 407 640 
0 262 408 640 
0 262 408 640 
0 263 408 640 
0 263 408 640 
0 263 408 640 
0 263 408 640 
0 264 409 640 
0 264 409 640 
0 265 409 640 
0 265 409 640 
0 265 410 640 
0 265 410 640 
0 265 410 640 
0 265 410 640 
0 265 411 640 
0 265 411 640 
0 266 411 640 
0 266 411 640 
0 266 412 640 
0 266 377 379 412 640 
0 266 377 379 412 640 
0 266 376 379 412 640 
0 266 375 379 413 640 
0 266 375 379 413 640 
0 266 374 379 413 640 
0 266 373 379 414 640 
0 266 372 379 414 640 
0 265 372 379 415 640 
0 265 371 379 415 640 
0 265 371 379 415 640 
0 264 371 379 415 640 
0 264 372 379 415 640 
0 264 372 378 415 640 
0 263 373 378 415 640 
0 263 373 378 415 640 
0 263 373 379 414 640 
0 263 374 380 413 640 
0 263 374 380 412 640 
0 262 375 380 411 640 
0 262 375 381 409 640 
0 262 375 382 409 640 
0 261 375 384 409 640 
0 261 376 385 409 640 
0 261 376 385 410 640 
0 260 376 383 410 640 
0 260 376 380 410 640 
0 260 377 379 410 640 
0 260 409 640 
0 259 409 640 
0 259 409 640 
0 259 409 640 
0 259 409 640 
0 258 409 640 
0 258 410 640 
0 258 410 640 
0 258 410 640 
0 257 410 640 
0 257 410 640 
0 257 410 640 
0 257 410 640 
0 257 410 640 
0 257 410 640 
0 257 410 640 
0 256 410 640 
0 256 410 640 
0 256 410 640 
0 256 410 640 
0 256 410 640 
0 256 410 640 
0 255 410 640 
0 255 409 640 
0 255 409 640 
0 255 409 640 
0 255 408 640 
0 255 408 640 
0 255 408 640 
0 255 407 640 
0 254 407 640 
0 254 407 640 
0 254 407 640 
0 254 406 640 
0 254 406 640 
0 254 406 640 
0 254 405 640 
0 254 405 640 
0 253 404 640 
0 253 404 640 
0 253 403 640 
0 253 403 640 
0 253 402 640 
0 253 402 640 
0 253 401 640 
0 253 400 640 
0 252 391 393 400 640 
0 252 391 392 399 640 
0 252 390 392 398 640 
0 252 390 391 398 640 
0 252 389 391 397 640 
0 251 388 391 397 640 
0 251 388 390 396 640 
0 251 387 390 396 640 
0 250 387 389 395 640 
0 250 387 389 395 640 
0 250 387 388 395 640 
0 250 394 640 
0 250 393 640 
0 249 393 640 
0 249 392 640 
0 249 392 640 
0 249 391 640 
0 249 391 640 
0 249 390 640 
0 248 389 640 
0 248 389 640 
0 248 389 640 
0 248 389 640 
0 248 389 640 
0 248 390 640 
0 248 390 640 
0 248 390 640 
0 248 390 640 
0 248 391 640 
0 247 391 640 
0 247 391 640 
0 247 391 640 
0 247 391 640 
0 247 392 640 
0 247 392 640 
0 247 392 640 
0 247 392 640 
0 247 392 640 
0 246 393 640 
0 246 393 640 
0 246 393 640 
0 246 393 640 
0 246 393 640 
0 246 394 640 
0 246 394 640 
0 246 394 640 
0 246 395 640 
0 246 395 640 
0 246 395 640 
0 247 395 640 
0 247 395 640 
