




















































312 320 352 360 
301 366 462 470 
295 371 458 472 
291 375 453 473 
288 379 452 473 
285 381 447 450 451 473 
283 383 446 474 
282 385 445 474 
280 387 444 474 
279 389 440 474 
278 391 437 474 
276 392 436 474 
275 393 434 474 
274 395 433 474 
273 396 431 474 
272 397 430 473 
271 398 429 473 
271 399 428 474 
270 400 425 474 
269 401 423 474 
268 402 421 474 
267 403 420 473 
267 404 418 474 
266 405 418 474 
266 405 417 475 
265 406 415 475 
265 407 411 475 
264 408 410 476 
264 476 
263 476 
263 476 
262 477 
262 477 
261 478 
261 479 
261 479 
261 480 
260 480 
260 480 
260 480 
259 481 
259 481 
258 482 
258 483 
258 484 
258 484 
257 484 
257 485 
257 486 
257 487 
257 487 
257 488 
257 489 
256 490 
256 490 
256 490 
256 490 
256 491 
256 492 
256 494 
256 494 
256 495 
256 496 
256 497 
256 498 
256 498 
256 498 
256 498 
256 497 
256 493 
256 480 482 486 
256 479 
256 466 
256 467 
255 468 
254 468 
253 469 
252 469 
251 469 
250 469 
249 469 
247 470 
246 470 
245 470 
243 470 
242 470 
241 470 
240 470 
238 470 
237 469 
235 469 
234 469 
233 413 414 468 
222 229 231 413 418 468 
221 413 420 467 
221 413 421 466 
221 413 424 466 
221 414 427 465 
222 414 430 465 
223 414 434 464 
223 415 436 464 
224 415 441 463 
224 416 442 463 
225 416 443 462 
224 417 446 462 
224 418 450 461 
223 419 452 461 
223 420 455 460 
223 422 
223 423 
223 424 
223 425 
224 426 
225 426 
226 228 230 425 
232 425 
233 425 
234 424 
235 423 
237 423 
238 423 
239 422 
241 422 
242 421 
243 421 
244 420 
245 420 
247 419 
248 419 
249 255 256 418 
251 253 256 418 
256 417 
256 417 
256 260 262 416 
255 260 262 416 
255 259 263 416 
255 258 263 416 
255 257 264 415 
255 256 264 415 
265 415 
266 415 
267 415 
266 414 
266 413 
265 413 
265 411 
264 410 
264 411 
263 411 
263 411 
262 412 
262 412 
261 412 
260 413 
259 413 
259 414 
258 414 
257 415 
256 416 
254 416 
253 417 
251 419 
250 420 
131 135 250 421 
130 135 253 256 259 422 
128 135 263 422 
127 135 263 412 418 422 
127 135 263 412 
126 135 263 413 
125 135 263 413 
124 135 262 413 
123 135 262 413 
122 135 262 414 
121 135 262 415 
121 135 261 268 270 415 
120 135 261 267 270 416 
119 135 261 266 270 275 277 398 400 416 
118 135 260 265 270 275 277 397 401 417 
117 136 260 264 270 274 278 397 402 417 
116 138 260 263 270 274 278 396 402 409 411 418 
115 139 259 262 270 274 279 396 403 409 413 419 
115 140 259 260 270 273 280 294 295 395 403 408 414 419 
114 142 270 272 280 294 296 307 308 395 404 408 416 420 
113 143 269 272 281 294 297 307 309 394 405 408 418 420 
112 144 269 272 281 295 297 308 310 394 405 407 
111 146 269 271 282 287 289 295 298 308 310 393 
111 147 282 287 290 295 298 308 310 393 
110 148 282 286 290 295 299 308 311 377 378 386 387 393 
109 149 282 284 291 296 300 307 310 377 378 385 387 392 
108 151 282 283 291 296 300 307 309 376 378 385 386 392 
107 151 282 283 292 296 301 308 309 361 362 366 367 376 378 384 386 391 
106 152 293 297 302 308 309 360 362 366 367 375 378 384 386 391 
105 154 294 297 302 308 310 360 362 365 367 375 378 383 386 390 
104 154 294 297 303 307 310 360 362 365 370 374 378 383 386 390 
103 155 295 297 304 307 310 359 362 365 370 373 378 382 386 389 
102 156 305 308 310 359 362 364 378 382 386 388 
101 157 305 308 310 359 362 364 378 381 386 388 
100 158 309 359 361 363 378 380 386 387 
100 159 309 358 361 362 
99 160 308 358 
98 161 307 357 
97 162 302 358 
96 163 289 360 
95 164 276 361 
94 165 269 363 
93 166 264 365 
92 166 261 367 
90 167 259 369 
89 168 256 371 
88 169 255 373 628 631 
87 170 253 375 628 633 
86 170 252 377 627 634 
85 171 251 380 627 635 
84 172 250 384 627 636 
83 172 249 388 627 636 
81 173 248 392 627 637 
80 174 247 396 627 638 
79 175 246 400 627 640 
77 175 246 404 626 640 
76 176 245 407 626 640 
75 177 244 409 626 640 
74 178 243 411 625 640 
72 178 242 413 624 640 
71 179 241 415 623 640 
69 180 241 416 622 640 
68 181 240 417 620 640 
67 182 239 418 616 640 
66 183 238 419 613 640 
64 183 238 420 609 640 
63 185 236 420 606 640 
61 186 236 421 602 640 
60 186 235 422 598 640 
58 188 234 422 595 640 
57 189 233 423 592 640 
56 189 232 423 589 640 
54 190 232 424 587 640 
52 191 231 424 584 640 
51 193 230 424 582 640 
50 194 229 425 580 640 
48 195 228 425 578 640 
46 196 227 425 576 640 
45 198 226 426 574 640 
43 199 224 426 572 640 
42 201 220 426 571 640 
41 203 217 427 569 640 
39 205 215 427 567 640 
38 207 213 427 565 640 
36 210 211 428 563 640 
35 428 561 640 
33 428 560 640 
32 428 558 640 
31 428 556 640 
30 101 102 429 554 640 
29 100 103 429 552 640 
28 99 103 429 550 640 
29 99 104 116 121 429 548 640 
47 98 104 115 123 429 546 640 
56 97 104 115 124 430 544 640 
58 96 105 115 125 430 542 640 
59 95 105 114 127 430 540 640 
60 95 105 114 128 430 454 458 538 640 
62 94 105 114 129 430 452 464 535 640 
63 93 105 114 130 430 451 468 532 640 
64 93 106 113 130 430 450 473 529 640 
65 92 106 113 131 431 450 478 526 640 
66 92 106 112 132 431 450 484 522 640 
67 91 106 112 133 431 449 490 516 640 
68 90 106 111 134 433 449 640 
69 90 107 111 135 437 448 640 
70 89 107 110 135 442 444 640 
71 88 107 109 136 640 
72 88 137 640 
73 87 137 640 
74 86 138 640 
76 85 138 640 
77 84 139 640 
78 83 139 640 
139 640 
139 640 
139 640 
140 158 169 640 
140 154 172 640 
140 151 174 640 
140 149 176 640 
140 146 178 640 
140 144 179 640 
180 640 
182 640 
183 640 
184 640 
185 640 
186 640 
186 640 
187 640 
188 426 431 640 
189 425 433 640 
190 425 436 640 
190 423 438 640 
191 422 440 640 
191 421 443 640 
192 214 216 420 445 640 
193 213 217 418 447 640 
193 211 217 416 449 640 
194 209 216 414 450 640 
195 208 216 413 452 640 
196 206 216 413 454 640 
197 204 216 414 456 640 
198 202 215 414 458 640 
215 415 459 640 
215 416 461 640 
215 416 463 640 
215 417 465 640 
214 417 466 640 
214 418 468 640 
214 419 469 640 
213 419 471 640 
213 418 473 640 
213 414 474 640 
213 413 476 640 
213 413 477 640 
212 414 478 640 
212 414 480 528 537 640 
212 413 481 526 539 640 
212 413 483 524 542 640 
212 412 484 522 544 601 622 640 
211 411 486 519 546 597 625 640 
211 408 487 518 548 592 626 640 
211 404 488 516 550 589 626 640 
211 403 490 514 552 586 626 640 
211 403 491 513 553 584 626 640 
211 403 493 511 555 582 626 638 
210 402 494 510 556 581 626 638 
210 402 496 509 558 580 625 637 
210 402 497 507 559 579 625 636 
210 402 498 506 561 578 625 635 
210 402 562 577 625 635 
210 401 563 576 625 634 
210 401 565 576 625 632 
210 401 566 575 625 632 
210 401 567 575 625 631 
209 401 568 575 625 630 
209 400 570 574 626 629 
208 400 571 574 626 628 
208 400 
208 400 
208 400 
208 400 
208 399 
208 399 
208 399 
209 399 
209 399 
209 399 
210 399 
210 398 
210 398 
210 398 
210 398 
210 398 
211 398 
211 398 
212 397 
213 247 248 397 
214 247 248 397 
214 246 248 397 
215 246 248 397 
217 245 248 397 
218 244 248 397 
220 243 248 397 
222 241 248 397 
224 240 248 397 
228 236 248 396 
248 396 
248 396 
248 396 
247 396 
247 396 
247 395 
247 395 
247 395 
247 394 
247 394 
247 393 
246 392 
246 390 
246 389 
246 387 
246 385 
245 381 
245 374 
245 371 
245 371 
245 371 
244 371 
244 371 
244 371 
243 371 
243 371 
242 371 
241 371 
239 371 
239 372 
239 372 
239 372 
239 372 
238 372 
237 372 
237 372 
236 373 
236 373 
235 375 
235 377 
234 380 
234 381 
233 381 
233 381 
232 381 
231 381 
231 382 
230 382 
229 382 
228 383 
227 384 
226 385 
226 385 
227 386 
226 386 
