






































































































































































































345 346 
344 346 
340 342 344 346 347 349 
135 138 340 349 
135 138 340 348 
135 138 339 348 
134 138 338 347 
131 139 336 348 536 537 
131 139 336 348 535 539 
131 140 335 348 535 540 
131 141 333 347 536 540 
131 142 330 347 536 541 
131 142 314 315 328 346 537 541 
132 143 313 317 324 346 537 541 
132 144 312 345 537 541 
132 145 311 346 538 541 
132 146 311 346 537 542 
131 146 311 346 537 542 
131 146 311 347 535 542 
130 146 311 347 535 542 
129 146 311 348 535 542 
128 146 312 348 535 542 
127 146 312 349 535 544 
125 146 312 349 533 545 
125 147 312 349 533 546 
123 147 312 350 532 547 
122 148 312 350 531 549 
121 149 311 352 530 550 
120 150 310 352 529 552 
119 151 309 352 528 553 
118 152 254 259 309 353 527 554 
117 153 253 260 308 354 527 555 
111 114 116 153 252 261 308 356 526 557 
110 158 252 262 308 357 525 558 
107 161 251 263 307 357 525 559 568 570 
106 162 250 263 277 280 281 285 307 357 524 560 566 571 
106 164 250 264 276 289 307 357 523 562 565 571 
106 164 250 265 276 290 307 356 523 572 
106 164 249 266 276 290 307 356 522 572 
106 163 249 268 275 290 307 356 521 572 
106 163 249 270 275 289 307 354 521 573 
107 163 248 273 275 290 307 352 521 573 
108 162 248 291 308 351 514 516 520 572 
109 161 248 294 308 350 513 518 520 572 
110 161 248 299 309 350 512 570 
110 160 248 302 309 350 512 570 
111 160 248 303 309 349 512 569 
111 159 249 305 309 349 513 569 
112 160 249 349 514 569 
112 160 249 349 514 568 
112 161 249 266 270 349 515 568 
112 161 249 264 270 349 516 568 
112 162 250 263 269 349 517 568 
111 162 250 261 269 299 301 348 518 568 
111 162 250 260 269 299 302 307 308 348 518 569 
111 163 251 259 269 299 302 306 307 348 519 569 
111 163 252 258 269 300 301 306 308 348 519 570 606 609 
111 163 253 257 270 306 308 348 518 570 605 610 
111 163 270 306 308 310 311 348 518 570 603 611 
111 164 271 305 311 348 518 570 601 611 
111 164 271 306 311 348 518 570 600 611 
111 164 271 306 311 348 518 570 598 610 
112 165 270 307 312 348 518 571 597 609 
113 165 270 308 310 348 518 571 595 607 
113 165 270 287 289 348 518 571 593 605 
114 165 270 286 290 348 518 571 592 604 
117 165 269 285 291 348 518 570 590 602 
120 165 269 285 290 348 518 570 588 601 
120 165 269 285 288 349 518 570 586 599 
121 165 269 284 287 350 518 570 585 598 
121 165 268 284 286 351 518 570 583 596 
121 165 268 283 285 352 518 569 581 595 
122 165 268 352 518 568 580 594 
121 165 267 353 518 567 578 592 
121 165 267 353 518 567 576 591 
122 164 267 353 518 567 574 590 
123 164 266 353 519 564 566 567 573 588 
124 164 266 353 519 564 571 586 
124 164 265 352 519 563 569 585 
124 163 265 352 520 563 567 584 
123 163 265 351 520 563 566 582 
121 161 264 351 520 563 564 580 
121 160 264 350 520 579 
120 160 264 350 521 578 
120 156 264 350 521 578 
119 150 151 153 154 155 264 350 521 575 
119 150 264 349 520 573 
118 150 264 349 520 572 
118 150 265 286 290 296 298 348 521 572 
118 151 153 155 266 282 298 347 521 573 
118 156 267 278 297 347 520 574 
118 156 297 346 518 576 
118 156 297 346 515 580 
117 156 297 345 513 583 
117 156 296 344 512 589 
116 156 296 343 505 509 510 593 
116 156 296 341 501 598 
115 157 296 337 500 600 
114 157 296 336 499 601 
114 157 296 336 498 603 
114 157 296 335 498 606 
114 157 296 335 498 608 611 613 615 622 
113 156 296 335 498 623 
113 156 296 334 497 623 
112 156 296 334 496 628 
112 155 296 334 496 629 
111 155 296 334 496 632 
111 155 296 335 496 634 
111 155 296 335 496 636 
110 155 296 336 496 636 
110 155 296 336 496 637 
109 155 296 336 496 637 
109 155 297 337 496 640 
108 155 297 337 495 640 
108 155 297 337 495 640 
107 155 297 338 495 640 
106 154 297 338 495 562 565 640 
106 154 298 338 495 561 566 640 
105 153 298 337 495 561 569 640 
104 153 298 336 494 561 573 640 
102 152 298 336 494 561 575 630 632 640 
100 152 299 335 494 561 576 629 635 640 
99 152 299 334 493 561 577 628 636 640 
97 152 299 334 493 561 579 625 637 640 
95 152 300 334 493 562 580 626 638 640 
94 152 300 335 493 562 581 624 
92 151 300 335 493 562 583 621 
90 151 300 336 493 562 584 616 
88 151 299 336 493 562 586 613 
86 151 299 337 493 562 587 610 
84 151 298 338 494 562 589 607 
82 151 297 338 495 562 591 605 
81 151 297 339 495 562 593 603 
24 40 80 151 297 339 497 562 595 602 
18 41 79 151 296 339 497 562 
13 42 78 110 112 150 296 340 498 562 
6 43 77 108 112 150 295 340 499 508 509 561 
0 43 75 106 112 150 295 340 501 507 509 561 
0 43 69 105 113 150 295 340 503 507 508 560 
0 44 59 103 113 150 294 341 508 560 
0 44 54 101 113 150 294 341 508 559 
0 46 53 99 113 149 294 341 507 558 
0 49 51 98 114 149 293 341 507 557 
0 96 113 149 293 342 506 557 
0 95 110 150 293 342 506 556 
0 94 109 150 292 342 506 555 
0 92 108 152 292 342 507 555 
0 91 107 152 292 342 507 554 
0 90 104 153 292 342 508 554 
0 88 103 154 291 342 509 553 
0 84 102 154 291 343 509 552 
0 85 101 155 291 343 510 551 
0 156 290 343 510 550 
0 156 290 343 510 550 
0 157 290 343 510 551 
0 157 290 343 509 551 
0 158 289 343 508 552 
0 158 289 343 508 553 
0 159 288 343 507 553 
0 159 288 344 506 554 
0 159 288 344 506 555 
0 160 287 344 506 555 
0 160 287 344 505 556 
0 160 287 344 505 556 
0 161 287 344 505 557 
0 161 286 344 505 558 
0 161 286 345 504 558 
3 162 285 345 504 559 
5 162 285 345 504 559 
8 162 285 345 504 560 
9 163 284 345 504 560 
12 163 284 345 503 561 
15 163 283 346 503 561 
16 164 283 346 503 562 
19 164 282 346 503 562 
21 164 281 346 503 563 
24 164 281 346 503 563 
25 165 280 347 503 564 
28 165 278 347 503 564 
30 165 277 347 503 565 
32 166 276 347 503 565 
35 166 276 347 503 566 
37 166 275 348 503 566 
39 167 274 348 502 567 
41 167 273 348 502 568 
44 167 272 348 502 568 
46 168 271 348 502 569 
49 168 270 348 502 569 
51 168 270 349 502 570 
53 169 269 349 502 570 
55 169 269 349 502 571 
58 169 268 349 502 572 
60 170 268 349 501 572 
62 170 268 349 501 573 
64 170 268 349 501 573 
66 170 268 349 501 574 
69 171 268 349 501 574 
71 171 267 350 501 575 
74 172 267 350 501 575 
75 172 267 350 500 576 
78 172 268 350 500 576 
80 172 268 350 500 577 
83 173 268 350 500 577 
85 173 268 350 500 578 
87 173 269 349 499 578 
89 174 270 349 499 578 
92 174 270 349 499 579 
94 174 270 349 498 579 
96 174 271 349 498 579 
100 175 272 349 497 580 
100 175 275 349 497 580 
100 175 276 349 497 581 
100 175 278 349 497 581 
99 176 279 349 496 582 
99 176 281 349 496 582 
99 176 284 350 495 583 
99 176 286 350 495 583 
99 175 289 350 495 583 
99 175 290 350 494 583 
100 175 291 294 296 351 494 583 
100 174 298 327 328 351 494 584 
100 173 298 314 316 325 329 333 334 352 494 584 
102 170 298 314 335 352 493 584 
103 166 298 314 336 353 493 584 
105 165 298 313 336 353 493 584 
109 162 298 313 337 353 492 583 
111 160 298 313 337 354 492 583 
114 158 298 313 338 354 492 583 
114 155 298 313 338 354 492 583 
113 146 148 152 298 313 338 354 492 583 
113 143 298 313 339 354 492 582 
112 141 298 312 339 355 492 582 
112 139 298 312 339 355 492 581 
112 138 298 312 340 355 493 580 
111 137 298 312 340 355 493 578 
111 136 298 312 340 355 494 577 
111 136 298 312 340 355 495 575 
110 135 298 312 340 355 496 574 
110 135 298 312 341 355 497 573 
110 134 298 312 341 355 498 572 
109 134 298 312 341 355 499 568 
109 133 299 313 341 355 500 567 
108 134 299 313 342 355 501 567 
108 134 299 313 342 355 502 567 
108 135 299 313 342 355 504 567 
108 136 299 313 343 355 510 567 
107 136 300 313 343 355 512 567 
107 137 300 313 343 355 515 537 540 567 
107 137 300 313 343 355 516 537 541 543 548 567 
107 138 300 313 343 356 516 536 548 568 
107 138 300 313 343 356 516 536 549 568 
107 138 301 313 343 357 517 536 549 568 
107 139 301 312 343 357 517 536 550 568 
107 139 301 313 343 357 517 536 550 568 
107 140 301 312 343 357 517 536 550 568 
107 140 302 313 343 358 516 536 550 568 
107 140 302 313 343 358 516 536 551 568 
107 141 301 313 344 357 515 536 551 568 
107 141 301 314 344 357 514 536 551 569 
107 141 301 314 344 357 513 536 552 569 
108 142 301 314 345 357 513 536 552 569 
108 142 300 314 345 357 512 535 552 569 
109 142 300 314 345 357 511 535 552 569 
109 143 300 314 345 357 511 535 553 569 
110 143 300 314 344 358 510 534 553 570 
111 143 300 314 344 358 510 534 553 570 
112 144 300 313 344 358 510 534 553 570 
113 144 301 313 344 358 509 533 553 570 
114 145 302 313 344 358 509 532 553 570 
115 146 302 313 344 358 509 532 553 570 
116 146 303 313 344 359 508 531 553 570 
117 147 303 313 344 359 508 530 553 570 
118 148 303 314 343 359 508 530 553 570 
119 148 303 314 343 360 508 529 553 570 
120 149 302 314 343 360 507 529 553 570 
121 150 302 315 343 360 508 528 553 570 
122 150 301 315 343 360 508 527 553 570 
123 151 284 315 343 360 508 527 553 570 
124 151 280 316 342 360 508 526 553 569 
125 152 278 317 342 360 507 525 552 569 
126 152 278 317 342 360 507 525 552 570 
