0 640 
0 640 
0 640 
0 640 
0 640 
0 640 
0 640 
0 640 
0 640 
0 640 
0 640 
0 640 
0 640 
0 640 
0 640 
0 640 
0 640 
0 640 
0 640 
0 640 
0 640 
0 640 
0 640 
0 640 
0 640 
0 640 
0 640 
0 640 
0 640 
0 640 
0 640 
0 640 
0 640 
0 640 
0 640 
0 640 
0 640 
0 640 
0 640 
0 640 
0 640 
0 640 
0 640 
0 640 
0 640 
0 640 
0 640 
0 640 
0 640 
0 640 
0 640 
0 640 
0 640 
0 640 
0 640 
0 640 
0 640 
0 640 
0 640 
0 640 
0 640 
0 640 
0 640 
0 640 
0 640 
0 640 
0 640 
0 640 
0 640 
0 640 
0 640 
0 640 
0 640 
0 250 252 640 
0 248 252 378 402 640 
0 248 253 368 414 640 
0 247 253 365 419 640 
0 246 253 362 423 640 
0 246 253 359 425 640 
0 245 254 356 428 640 
0 244 254 353 432 640 
0 244 254 351 433 640 
0 243 254 350 435 640 
0 243 254 349 436 640 
0 242 254 347 438 640 
0 242 255 346 440 640 
0 242 255 270 273 345 441 640 
0 242 255 262 279 344 442 640 
0 242 255 260 286 342 444 640 
0 242 256 258 291 341 445 640 
0 242 294 340 446 640 
0 243 295 339 448 640 
0 243 296 338 449 640 
0 243 297 337 450 640 
0 243 297 336 451 640 
0 244 297 335 453 640 
0 244 297 334 454 640 
0 245 296 334 455 640 
0 245 296 333 456 640 
0 245 295 332 457 640 
0 246 294 331 459 640 
0 246 294 330 460 640 
0 246 293 330 461 640 
0 246 292 329 462 640 
0 246 292 328 463 640 
0 247 291 327 465 640 
0 247 290 326 466 640 
0 248 289 326 467 640 
0 248 289 325 469 640 
0 249 288 325 470 640 
0 250 287 324 472 640 
0 250 287 323 473 640 
0 251 286 323 474 640 
0 252 286 322 476 640 
0 253 286 321 477 640 
0 255 286 319 479 640 
0 256 286 316 480 640 
0 258 286 301 482 640 
0 220 227 259 286 296 430 440 483 640 
0 221 232 260 286 292 428 443 485 640 
0 222 238 261 287 289 427 447 487 640 
0 223 244 263 426 450 488 640 
0 224 250 264 426 452 489 640 
0 224 256 266 426 454 491 640 
0 222 264 267 426 455 493 640 
0 218 426 457 494 640 
0 218 426 459 496 640 
0 219 426 461 497 640 
0 219 427 462 499 640 
0 220 427 464 500 640 
0 221 223 225 427 466 502 640 
0 225 427 468 504 640 
0 224 427 470 505 640 
0 223 427 472 506 640 
0 221 427 474 507 640 
0 220 427 476 508 640 
0 221 427 480 507 640 
0 223 427 485 504 640 
0 224 427 640 
0 225 426 640 
0 227 426 640 
0 227 426 640 
0 227 426 640 
0 228 426 640 
0 229 426 640 
0 231 426 640 
0 239 426 640 
0 240 426 640 
0 240 426 640 
0 240 426 640 
0 240 426 640 
0 241 426 640 
0 242 426 640 
0 243 427 640 
0 244 430 640 
0 246 434 640 
0 247 436 640 
0 249 440 640 
0 250 444 640 
0 252 448 640 
0 254 451 640 
0 257 454 640 
0 259 457 640 
0 261 460 640 
0 265 464 640 
0 267 468 640 
0 270 470 640 
0 272 473 640 
0 274 476 640 
0 276 480 640 
0 277 483 640 
0 278 485 640 
0 279 488 640 
0 280 490 640 
0 282 493 640 
0 284 495 640 
0 286 496 640 
0 288 498 640 
0 293 499 640 
0 296 501 640 
0 297 502 640 
0 298 503 640 
0 298 504 640 
0 299 506 640 
0 299 507 640 
0 300 508 640 
0 301 509 640 
0 301 303 305 312 314 510 640 
0 306 312 316 511 640 
0 310 312 318 512 640 
0 320 513 640 
0 322 514 640 
0 322 514 640 
0 323 515 640 
0 322 516 640 
0 321 516 640 
0 320 517 640 
0 319 517 640 
0 318 516 640 
0 317 515 640 
0 317 513 640 
0 317 509 640 
0 318 509 640 
0 320 510 640 
0 321 511 640 
0 323 512 640 
0 324 509 640 
0 325 509 640 
0 325 510 640 
0 325 507 640 
0 326 506 640 
0 327 507 640 
0 311 318 328 510 640 
0 307 320 329 514 640 
0 305 322 330 517 640 
0 304 323 331 521 640 
0 293 294 302 324 332 525 640 
0 293 295 301 325 333 529 640 
0 293 295 300 327 334 533 640 
0 294 296 299 327 334 538 640 
0 294 297 298 328 335 352 356 545 640 
0 295 329 335 351 356 546 640 
0 295 330 336 349 357 518 519 543 640 
0 295 331 337 346 357 517 529 536 640 
0 294 331 338 344 356 519 640 
0 293 332 355 522 640 
0 293 333 355 525 640 
0 292 333 355 540 640 
0 289 334 355 543 640 
0 288 334 356 542 640 
0 287 335 357 540 640 
0 286 335 357 560 640 
0 285 336 358 559 640 
0 285 336 359 556 640 
0 284 336 359 553 554 556 640 
0 284 336 360 556 640 
0 283 337 360 557 640 
0 283 337 361 559 640 
0 283 337 361 561 640 
0 283 337 361 563 640 
0 283 337 361 566 640 
0 283 337 361 552 554 568 640 
0 283 337 361 553 559 570 640 
0 283 336 361 525 528 544 545 554 563 572 640 
0 284 336 361 527 529 545 547 556 567 572 640 
0 284 335 360 528 531 546 549 557 640 
0 284 335 359 530 534 548 551 558 640 
0 284 334 358 532 537 549 553 560 640 
0 284 333 358 534 539 551 555 561 640 
0 285 333 357 536 541 553 557 562 640 
0 285 334 357 538 543 554 559 563 640 
0 285 335 357 540 545 556 561 564 640 
0 286 335 357 542 547 557 563 566 640 
0 287 337 357 543 549 558 565 567 640 
0 288 337 357 545 550 559 566 567 640 
0 289 339 357 547 553 561 640 
0 290 339 358 549 554 562 640 
0 291 340 358 550 556 563 640 
0 292 341 358 552 558 564 640 
0 293 341 357 553 560 565 640 
0 294 342 356 555 562 566 640 
0 296 342 355 533 535 556 564 567 640 
0 297 343 353 534 538 558 565 568 640 
0 298 343 352 535 541 559 567 569 640 
0 300 344 351 537 544 561 640 
0 303 344 349 502 503 514 519 539 547 562 640 
0 308 345 348 504 507 515 522 540 550 563 640 
0 316 345 348 507 512 517 524 541 553 564 640 
0 323 346 347 510 516 517 527 543 555 566 640 
0 324 512 529 533 535 544 559 567 640 
0 325 515 531 532 537 546 562 568 640 
0 325 517 540 547 564 569 640 
0 325 519 543 548 567 570 640 
0 325 498 507 523 546 550 640 
0 326 499 512 525 549 550 640 
0 326 479 480 501 524 525 640 
0 326 480 484 502 640 
0 326 481 485 503 640 
0 326 458 461 483 487 504 640 
0 326 459 463 484 490 506 640 
0 326 450 451 460 466 485 493 506 640 
0 326 451 454 462 468 482 495 507 640 
0 327 451 456 463 471 483 497 508 640 
0 327 452 458 464 473 485 501 510 640 
0 327 452 460 465 475 486 503 510 640 
0 327 453 462 467 477 488 506 510 640 
0 327 453 464 468 480 490 640 
0 327 454 466 470 483 492 640 
0 327 454 469 470 485 493 640 
0 327 455 471 472 488 495 640 
0 327 455 491 499 640 
0 327 456 494 503 640 
0 327 456 493 508 640 
0 328 457 491 509 640 
0 328 457 489 509 640 
0 328 458 487 510 640 
0 328 458 486 510 640 
0 328 458 485 511 526 550 640 
0 328 459 484 511 520 550 640 
0 328 459 483 511 517 550 640 
0 328 460 483 511 513 551 640 
0 328 460 482 551 640 
0 328 460 482 552 640 
0 328 461 481 552 640 
0 328 461 480 553 640 
0 328 462 480 553 640 
0 328 462 480 553 640 
0 328 462 479 553 640 
0 328 463 479 553 640 
0 329 463 479 553 640 
0 329 464 478 554 640 
0 329 464 478 553 640 
0 329 464 478 554 640 
0 329 465 478 554 640 
0 329 465 478 554 640 
0 329 465 478 554 640 
0 329 466 477 554 640 
0 329 466 477 554 640 
0 329 466 477 555 640 
0 329 466 477 555 640 
0 329 467 477 555 640 
0 329 467 477 555 640 
0 329 468 477 555 640 
0 329 470 476 555 640 
0 329 473 476 555 640 
0 329 555 640 
0 329 555 640 
0 329 555 640 
0 329 373 375 555 640 
0 329 373 376 556 640 
0 330 373 377 556 640 
0 330 373 378 556 640 
0 330 372 378 556 640 
0 330 372 379 555 640 
0 330 372 380 555 640 
0 330 371 381 555 640 
0 330 371 381 555 640 
0 331 371 382 555 640 
0 331 371 383 555 640 
0 331 371 384 555 640 
0 332 370 385 554 640 
0 333 370 385 554 640 
0 336 370 386 554 640 
0 342 370 387 554 640 
0 344 369 388 554 640 
0 343 369 388 554 640 
0 343 369 389 554 640 
0 343 369 390 554 640 
0 342 368 390 553 640 
0 341 368 391 553 640 
0 341 368 392 553 640 
0 340 367 392 552 640 
0 339 367 393 552 640 
0 338 367 393 552 640 
0 338 366 394 552 640 
0 337 366 395 552 640 
0 336 366 395 551 640 
0 335 366 396 552 640 
0 335 365 396 555 640 
0 334 365 397 558 640 
0 333 364 397 563 640 
0 333 364 398 486 487 566 640 
0 332 363 398 487 488 571 640 
0 332 363 399 489 490 577 640 
0 331 363 399 490 492 582 640 
0 330 362 400 491 493 588 640 
0 330 362 401 492 494 593 640 
0 329 361 401 494 496 600 640 
0 329 361 402 495 497 608 640 
0 328 361 402 497 499 617 640 
0 328 360 402 498 500 632 640 
0 327 359 402 500 501 634 640 
0 327 358 402 
0 326 357 401 
0 326 357 400 
0 325 356 400 
0 324 355 400 
0 324 355 399 515 516 
0 324 354 399 515 518 
0 323 352 398 515 519 
0 322 352 398 515 520 
0 322 351 397 516 522 546 549 
0 321 350 396 518 523 545 552 
0 321 350 395 519 524 545 546 547 555 
0 320 349 395 520 526 546 558 
0 320 348 394 522 527 546 561 
0 319 348 393 523 528 546 564 
0 319 347 392 525 530 543 568 
0 318 346 391 526 531 545 571 
0 317 345 390 528 532 545 575 
0 317 345 389 530 534 543 579 
0 316 344 388 531 536 540 541 542 584 
0 315 343 387 534 589 
0 315 342 386 536 595 638 640 
0 314 341 386 538 600 637 640 
0 314 340 385 540 609 636 640 
0 313 340 383 542 615 636 640 
0 312 339 382 544 619 635 640 
0 311 339 381 546 623 635 640 
0 311 338 380 548 627 635 640 
0 310 337 379 550 640 
0 309 336 377 553 640 
0 309 336 376 555 640 
0 308 335 375 558 640 
0 307 334 374 561 636 
0 307 334 373 564 631 
0 306 333 372 568 627 
0 305 332 370 571 623 
0 304 332 369 579 619 
0 303 331 368 587 616 
12 302 330 367 594 613 
14 301 330 365 597 610 
18 301 329 364 602 607 
20 300 329 362 
27 299 328 361 
36 298 328 359 
42 297 327 358 
52 296 327 357 
62 295 327 355 
72 294 326 354 
82 293 326 352 
89 292 326 351 
100 291 325 350 
111 290 325 348 
121 290 325 347 
133 289 325 346 
140 288 325 344 
150 287 325 343 
162 286 325 341 
176 285 325 340 
192 284 324 337 
199 283 325 335 
213 283 
229 282 
243 281 
257 280 
267 279 
277 278 





















98 99 101 107 
17 18 105 107 
17 18 101 109 117 119 120 124 
17 18 19 20 40 41 103 124 126 128 136 138 
16 18 19 21 39 40 42 46 107 138 
16 18 21 22 38 43 110 147 150 152 160 162 
16 19 37 47 112 163 176 177 188 190 191 199 
16 20 37 52 53 56 114 200 
16 22 25 26 36 56 57 59 117 197 198 202 211 214 
16 23 35 58 120 220 224 227 
16 24 34 61 62 64 65 66 122 237 253 258 
16 26 29 31 33 62 67 68 125 253 280 281 
16 27 30 65 128 283 286 288 305 307 313 316 
16 29 30 66 70 72 131 283 286 288 296 297 305 308 312 316 
16 70 134 284 286 289 295 298 304 308 312 318 
16 72 75 76 137 290 295 299 304 319 
17 74 140 291 294 300 303 320 
17 76 143 292 294 301 303 321 
17 78 79 81 147 293 294 325 
18 81 83 84 150 326 
18 81 83 84 152 327 329 330 
