396 482 
397 482 
397 483 
397 484 
398 484 
398 485 
398 486 
398 486 
399 487 
399 488 
400 488 
400 489 
400 490 
401 490 
401 491 
402 491 
402 492 
402 493 
403 493 
403 494 
404 494 
405 496 497 514 
405 519 
406 521 
407 523 
407 526 
408 527 
408 529 
409 530 
409 532 
403 533 
396 535 
391 536 
387 537 
385 537 
382 538 
379 539 
376 540 
373 541 
371 542 
369 543 
367 543 
365 544 
363 545 
361 545 
359 546 
357 547 
356 547 
354 548 
353 548 
351 549 
350 550 
348 550 
347 551 
345 552 
344 552 
343 553 
342 553 
340 553 
339 554 
338 554 
337 555 
335 555 
334 555 
333 556 
333 556 
331 557 
331 557 
330 558 
329 558 
328 558 
328 559 
327 559 
326 559 
326 559 
325 559 
324 560 
324 560 
323 560 
322 560 
321 560 
320 560 
319 561 
319 561 
318 561 
317 562 
317 562 
316 562 
316 563 
315 563 
315 564 
314 564 
314 564 
313 565 
313 565 
312 565 
312 566 
311 566 
311 567 
311 567 
310 568 
310 568 
310 568 
310 569 
309 569 
309 569 
308 570 
308 570 
308 570 
308 571 
307 571 
307 572 
306 572 
306 572 
305 573 
305 573 
304 574 
304 574 
303 574 
303 574 
302 575 
302 575 
301 575 
301 576 
300 576 
300 576 
299 577 
298 577 
297 304 305 577 
297 303 305 577 
295 302 305 578 
294 301 304 578 
293 299 304 578 
291 297 303 578 
291 294 303 579 
303 579 
303 579 
302 580 
302 580 
302 580 
302 580 
301 581 
301 581 
301 581 
302 582 
303 582 
303 582 
302 582 
302 582 
302 583 
302 583 
302 583 
302 583 
302 584 
302 584 
302 584 
302 584 
301 584 
301 305 307 584 
301 305 307 585 
302 303 307 585 
301 302 308 585 
301 302 308 585 
308 585 
308 586 
309 586 
309 586 
309 586 
309 587 
309 587 
310 587 
310 312 315 587 
310 312 315 587 
316 588 
316 588 
316 588 
316 319 320 588 
317 319 321 588 
321 324 325 588 
321 324 326 588 
322 324 326 589 
327 589 
327 589 
327 589 
327 589 
327 334 335 589 
331 334 335 589 
332 335 336 589 
332 334 336 590 
337 590 
337 590 
339 590 
340 590 
339 590 
339 590 
339 590 
338 591 
338 591 
337 591 
337 591 
336 591 
335 592 
335 592 
334 592 
333 592 
332 592 
330 592 
329 592 
328 592 
327 592 
327 593 
327 593 
327 593 
327 593 
327 593 
328 593 
329 593 
330 593 
332 593 
334 593 
336 593 
337 593 
338 593 
339 593 
340 593 
340 594 
279 281 340 594 
278 281 340 594 
277 281 341 594 
277 281 340 594 
277 282 340 594 
277 282 340 594 
277 282 340 594 
277 282 340 594 
277 282 341 594 
277 282 342 594 
278 283 292 295 304 310 343 594 
278 283 286 317 344 594 
278 320 348 594 
278 322 351 594 
277 324 352 594 
275 325 353 594 
272 327 354 594 
269 328 355 594 
267 329 356 595 
264 330 356 595 
262 330 356 595 
259 331 355 595 
257 332 355 595 
255 332 355 595 
254 333 355 595 
252 333 355 595 
251 334 355 595 
250 334 356 595 
250 335 357 595 
249 335 358 595 
247 336 359 595 
245 336 360 595 
243 336 361 595 
243 337 362 595 
242 337 362 595 
242 337 363 595 
241 338 363 595 
241 338 364 595 
241 338 364 595 
240 338 365 596 
240 338 366 596 
240 338 366 596 
239 339 367 596 
239 339 368 596 
239 339 369 596 
238 339 370 596 
238 339 370 596 
238 339 371 596 
238 339 371 596 
238 339 371 596 
237 340 371 596 
237 340 371 596 
237 340 371 597 
237 340 371 597 
237 340 371 597 
237 340 371 597 
236 340 371 597 
236 340 370 597 
236 340 370 597 
235 340 369 597 
235 340 369 597 
235 340 369 597 
235 339 369 597 
235 339 372 375 376 597 
236 339 376 597 
236 339 375 597 
236 339 375 597 
236 339 374 597 
237 339 374 597 
237 339 374 597 
237 339 375 597 
237 338 376 597 
238 338 376 559 561 598 
238 338 376 559 561 598 
238 338 376 560 561 598 
239 337 376 559 561 598 
239 338 377 559 562 598 
239 338 377 559 562 598 
240 339 377 559 562 598 
240 340 377 560 562 598 
240 341 377 560 562 598 
240 342 377 560 562 598 
241 342 377 560 563 598 
241 343 377 560 563 598 
241 344 378 560 563 598 
241 344 378 560 564 598 
242 345 378 560 564 598 
242 346 378 560 565 598 
242 346 378 560 565 598 
242 347 378 560 566 599 
242 348 378 560 566 599 
243 348 378 560 566 599 
243 349 379 560 567 580 582 599 
243 349 379 560 567 580 582 599 
243 350 379 560 567 581 583 599 
244 350 379 560 567 581 583 599 
244 351 379 560 568 581 584 599 
245 351 380 560 568 581 584 599 
245 352 380 561 568 581 585 600 
246 352 380 561 569 581 585 600 
247 353 380 561 569 581 586 600 
247 353 380 561 570 582 587 600 
248 353 380 561 570 582 587 600 
249 354 381 562 570 582 588 600 
250 354 381 562 571 582 589 601 
251 355 381 562 571 582 589 601 
251 355 381 562 572 582 590 601 
252 356 381 562 572 583 591 601 
253 357 382 563 572 583 591 602 
254 358 382 563 573 583 592 602 
255 359 382 563 573 583 592 602 
256 359 382 563 574 584 593 602 
257 360 382 564 575 584 594 602 
257 361 381 564 575 584 595 602 
258 362 381 564 576 584 595 603 
259 363 380 564 576 585 596 603 
260 364 379 565 577 585 596 603 
261 364 378 565 577 585 597 603 
262 365 377 565 578 586 598 603 
263 366 376 565 578 586 598 604 
264 366 375 558 559 565 579 586 599 604 
266 367 374 558 560 566 579 586 600 604 
267 368 373 558 560 566 580 587 601 604 
270 368 372 558 561 566 581 587 602 605 
273 369 370 558 561 567 581 587 603 605 
275 558 562 567 582 588 603 605 
276 559 562 567 582 588 
279 559 563 567 582 588 
278 533 536 559 563 567 583 588 
277 533 537 559 564 568 584 589 
277 533 537 559 564 568 584 589 
276 533 537 559 565 568 585 589 
276 533 537 559 565 569 586 590 
275 533 538 559 566 569 586 590 
275 533 538 559 567 569 587 590 
275 534 538 560 567 570 588 591 
274 534 538 560 568 570 588 591 
274 534 538 560 568 570 589 592 
273 534 539 560 569 570 590 592 
273 534 539 560 590 592 
272 534 539 560 591 592 
272 534 540 560 
272 534 540 560 
271 534 540 560 
271 535 540 543 544 561 
271 536 541 543 545 561 
270 536 541 543 545 547 548 561 
270 537 546 547 549 561 
269 537 549 561 
269 537 550 562 
269 537 550 562 
268 538 551 562 
268 538 551 562 
268 537 552 562 
268 537 552 562 
267 538 552 562 
267 538 553 562 
267 539 553 562 
267 539 554 563 
266 540 554 563 
266 540 555 563 
266 540 555 563 
266 541 555 563 
266 541 556 563 
265 541 556 563 
265 541 557 563 
265 542 557 563 
265 542 558 563 
265 542 558 564 
265 542 559 564 
264 543 559 564 
264 543 560 564 
264 543 560 564 
264 544 561 564 
263 544 561 564 
263 544 562 564 
263 544 562 564 
263 545 
263 545 
263 545 
262 545 
262 545 
262 546 
262 546 
262 546 
262 547 
261 547 
261 547 
261 548 
261 548 
260 548 
260 548 
260 548 
260 549 
259 549 
259 549 
258 549 
258 550 
257 550 
257 550 
257 550 
256 551 
256 551 
256 551 
255 552 
255 552 
255 552 
255 551 
255 551 
254 551 
254 552 
254 552 
254 553 
254 355 357 553 
254 354 357 554 
254 354 356 554 
254 353 356 554 
254 352 356 554 
254 351 356 555 
254 351 356 555 
254 350 356 555 
254 349 356 555 
254 348 355 555 608 615 
254 348 355 556 601 615 
254 347 355 556 596 614 
254 346 355 556 595 614 
254 346 355 557 593 613 
254 345 355 557 591 612 
254 344 355 557 590 611 
254 344 355 557 588 610 
254 343 355 558 586 609 
254 343 355 558 585 608 
254 342 355 558 583 608 
254 341 355 558 581 607 
254 341 355 558 580 606 
254 340 355 557 578 605 
254 339 355 557 577 604 
254 339 355 557 575 611 
254 338 355 557 573 612 
254 338 355 558 572 611 
255 338 355 558 570 610 
255 337 355 559 568 608 
255 336 355 559 566 607 
255 336 355 560 563 605 
255 335 355 603 
255 335 355 602 
255 334 355 600 
255 334 355 598 
256 334 355 595 
256 333 355 373 374 592 
256 333 355 373 375 590 
256 332 355 373 375 586 
256 332 355 373 375 583 
256 332 355 373 375 581 
