




























































































205 221 
202 224 
180 188 198 227 
179 189 195 229 
178 190 193 231 
177 232 
177 233 
176 234 
175 235 
175 236 
175 237 
177 237 
177 238 
178 239 
178 239 
178 240 
177 241 
177 242 
176 243 
176 245 
175 246 
175 247 
175 248 
174 248 
174 249 
174 249 
173 249 
173 249 
173 249 
173 249 
172 248 
172 248 
172 249 
172 250 
174 250 
175 251 
175 252 
174 252 
174 253 
174 253 
176 254 
177 254 
177 255 
177 255 
178 255 
179 256 
180 185 187 256 
181 186 187 257 
182 186 188 257 
185 186 187 257 
187 258 
186 258 
185 258 
185 258 
183 259 
183 259 
183 254 255 259 
184 254 257 259 
185 255 
186 255 
187 254 
187 254 
188 253 
189 253 
189 253 
190 253 
192 252 
192 252 
193 247 249 252 
193 246 250 251 
194 244 
194 243 
195 243 
197 243 
197 243 
192 242 
191 242 
190 242 
190 243 
189 237 239 243 
188 235 240 243 
187 230 232 234 241 243 
187 229 
187 230 
187 230 
187 231 
188 231 
189 231 
189 232 
190 232 
191 232 
190 233 
190 233 
188 233 
185 233 
184 234 
182 234 
181 235 
180 235 
179 235 431 440 
178 236 429 442 
178 236 427 443 
177 236 422 444 
176 237 419 445 
175 237 416 446 
175 237 414 447 
174 238 412 447 
173 238 410 448 
173 238 407 448 
172 238 404 448 
172 238 402 448 
171 238 401 447 
171 238 400 447 
170 239 399 446 
169 239 399 445 
168 238 398 445 
168 238 397 446 
167 238 397 447 
166 237 397 448 
166 237 397 448 
165 237 396 449 
165 236 396 450 
164 236 396 451 462 477 
164 235 397 452 455 483 
163 235 397 486 
163 236 397 489 
163 236 398 491 
163 235 399 492 
163 235 400 493 
163 234 403 494 
164 235 404 495 
164 236 404 496 
165 237 404 497 
165 239 404 497 
166 239 404 498 
167 239 404 499 
167 237 405 499 
168 235 405 500 
170 234 405 500 
172 233 405 500 
173 233 405 501 
174 233 404 501 
175 234 402 501 
176 234 401 501 
176 234 399 500 
176 234 348 351 397 500 
176 234 347 352 396 500 
176 234 347 353 395 499 
176 234 346 354 393 499 
176 235 335 339 346 356 392 498 
176 235 335 340 345 357 391 498 
176 235 335 342 344 358 390 497 543 546 
176 235 336 360 388 496 541 548 
176 235 313 315 335 361 387 496 539 549 556 560 
176 235 313 317 334 362 386 495 538 550 555 560 
176 235 312 364 385 494 536 551 554 560 
176 235 313 365 384 493 535 552 553 559 
176 235 313 367 384 492 533 558 
175 235 314 368 383 491 532 557 
175 235 316 370 382 490 530 558 
175 235 318 371 381 488 529 558 
175 235 319 373 381 487 527 559 568 575 
175 235 321 374 380 486 525 575 
175 236 322 376 379 484 524 577 
175 236 325 483 522 579 
174 236 331 482 520 579 
174 236 338 480 518 579 
174 236 340 479 516 579 
173 236 341 477 514 579 
173 236 340 475 512 578 
173 236 340 474 510 577 
172 236 339 474 507 576 
171 236 339 474 506 575 
171 236 338 474 504 573 
170 235 338 473 502 571 
169 235 338 473 500 568 
169 235 338 474 499 565 
168 234 338 475 497 562 
168 234 340 477 495 561 
168 233 344 477 493 561 
167 232 350 476 491 560 
166 232 355 476 489 560 
165 231 359 476 487 558 
164 230 362 476 485 555 
164 229 365 476 483 546 
164 229 368 477 482 538 
164 228 371 477 480 531 
165 227 373 477 479 527 
165 227 375 525 
166 226 378 522 
166 225 381 519 
165 225 384 516 
165 224 386 511 
164 223 388 509 
164 223 390 506 
164 224 392 503 
163 225 394 501 
163 225 396 499 
163 226 398 497 
162 227 399 495 
162 228 401 493 
162 228 403 490 
161 229 405 488 
161 230 406 486 
161 231 409 484 
160 232 411 482 
160 233 413 481 
159 234 415 479 
159 235 417 478 
158 235 419 477 
158 237 421 477 
158 237 423 477 
157 233 424 477 
156 233 425 478 
155 234 426 479 
155 234 427 479 
154 234 428 480 
154 235 428 480 
154 235 428 480 
153 236 429 480 
153 236 428 481 
153 237 428 481 
153 237 428 481 
153 237 428 482 
152 238 427 482 
152 238 427 482 
151 238 427 482 
150 239 427 482 
150 239 427 483 
151 239 428 483 
152 240 429 483 
153 240 429 483 
153 240 430 483 
154 241 431 484 
155 241 431 484 
155 241 432 484 
156 242 433 484 
156 242 433 484 
155 242 434 484 
155 243 434 485 
155 243 435 485 
155 243 435 485 
154 243 435 485 
154 244 436 485 
154 244 436 485 
154 244 437 485 
154 244 437 485 
154 245 438 485 
153 245 438 486 
153 245 439 486 
153 246 439 486 
153 246 439 486 
153 246 440 486 
153 247 440 487 
153 247 440 487 
152 247 441 487 
152 247 441 487 
152 248 441 488 
152 248 441 488 
152 248 440 488 
152 248 440 488 
152 249 440 489 
152 249 439 489 
151 249 439 489 
151 250 439 489 
151 250 438 490 
151 250 438 490 
151 250 438 490 
151 251 437 491 
151 251 437 491 
151 251 437 491 
150 251 437 492 
150 252 438 492 
150 252 439 491 
150 252 439 490 
150 252 438 490 
150 253 438 489 
150 253 437 490 
150 253 436 490 
150 253 436 490 
149 253 435 491 
149 254 435 491 
149 254 435 491 
149 254 434 492 
149 254 434 492 
148 254 433 492 
148 255 433 492 
148 255 432 493 
148 255 432 493 
148 255 431 493 
148 255 431 493 
148 256 431 493 
148 256 431 494 
147 256 430 494 
147 256 430 494 
147 256 430 494 
147 257 429 494 
147 257 429 494 
147 257 428 495 
147 257 428 495 
147 257 428 495 
146 257 428 495 
146 257 427 495 
146 257 427 495 
146 258 427 495 
146 258 427 496 
146 258 426 496 
145 258 426 496 
145 258 426 496 
145 258 425 497 
145 258 425 497 
145 258 425 497 
145 258 425 497 
145 259 424 497 
145 259 424 497 
144 259 424 497 
144 259 423 497 
144 259 423 497 
144 259 423 498 
144 259 423 498 
143 259 422 498 
143 259 422 498 
143 260 422 498 
143 260 422 498 
143 260 421 498 
143 260 421 498 
143 260 421 498 
143 260 421 499 
143 260 420 499 
142 260 420 499 
142 261 420 499 
142 261 419 499 
142 261 419 499 
142 261 419 499 
142 261 418 499 
142 261 418 500 
142 262 418 500 
142 262 418 500 
142 262 417 500 
142 262 417 500 
142 262 417 500 
141 262 416 500 
141 262 416 500 
141 263 416 501 
141 263 416 501 
141 263 415 501 
141 263 415 501 
141 263 415 501 
141 263 414 502 
141 264 414 502 
141 264 413 502 
141 264 413 502 
141 264 413 503 
141 264 412 503 
140 264 412 503 
140 264 412 503 
140 265 411 504 
140 265 411 504 
140 265 410 505 
140 265 410 505 
140 265 409 505 
140 265 409 506 
140 266 408 506 
140 266 409 507 
140 266 409 507 
140 266 410 508 
140 266 411 508 
139 267 412 508 
139 267 413 508 
139 267 414 507 
139 267 417 506 
139 267 420 504 
139 267 422 500 
139 268 424 496 
138 268 431 492 
138 268 440 487 
138 268 444 486 
138 268 444 485 
138 268 445 485 
138 268 445 485 
138 269 445 484 
138 269 446 484 
138 269 446 484 
138 269 446 484 
138 269 446 483 
137 269 447 483 
137 269 447 484 
