












































































































































































305 349 
295 358 
285 366 
277 373 
271 379 
265 314 316 384 
259 312 319 388 
254 310 321 392 
249 309 323 397 
245 307 326 400 
240 304 330 405 
236 302 334 408 
232 300 340 412 
229 299 346 415 
225 296 354 419 
222 294 356 422 
219 292 357 425 
216 289 358 429 
213 287 359 432 
210 285 359 435 
207 280 360 439 
204 277 360 442 
202 276 361 445 
198 275 362 448 
196 274 362 452 
193 274 363 455 
191 273 364 459 
188 273 365 462 
185 273 365 465 
183 272 366 468 
180 272 367 472 
178 271 368 475 
175 270 368 478 
173 270 369 482 
170 269 370 485 
167 268 371 488 
165 268 372 491 
161 268 374 494 
159 267 375 498 
156 266 376 501 
154 266 377 504 
151 265 379 507 
148 264 380 510 
145 264 381 513 
142 263 382 516 
139 263 383 520 
136 262 384 522 
134 262 384 526 
131 261 384 529 
128 260 384 532 
124 260 384 535 
121 259 384 538 
118 258 383 541 
115 258 383 545 
112 257 383 548 
109 256 383 551 
105 255 383 554 
101 254 383 558 
98 254 383 561 
94 254 383 564 
90 254 383 567 
86 254 383 571 
81 254 383 575 
77 255 383 579 
71 255 383 584 
65 255 383 589 
59 255 383 594 
52 255 383 599 
43 255 383 606 
32 255 383 613 
17 255 384 621 
9 255 384 628 
0 256 384 640 
0 256 384 640 
0 256 385 640 
0 256 385 635 639 640 
10 257 385 616 
20 257 386 599 
27 257 386 591 
37 257 386 582 
45 257 387 573 
52 257 387 568 
57 257 387 562 
62 257 387 558 
67 257 388 554 
72 257 388 550 
76 257 387 546 
80 257 387 543 
84 257 388 540 
88 257 387 536 
91 257 387 533 
95 257 386 531 
98 257 385 528 
101 257 384 525 
105 258 383 522 
108 258 382 519 
111 258 381 517 
115 258 381 514 
118 258 380 511 
122 257 379 509 
125 258 378 506 
129 258 378 504 
133 259 377 501 
136 260 376 499 
140 261 376 496 
144 262 375 493 
148 263 374 491 
152 264 374 488 
155 265 373 486 
159 266 373 483 
162 267 372 480 
166 268 372 477 
170 269 372 475 
173 270 371 472 
176 271 371 469 
180 272 371 466 
183 273 371 464 
187 274 370 461 
190 275 370 458 
193 275 370 455 
197 276 369 452 
200 277 369 449 
204 278 368 446 
207 279 367 443 
211 280 367 439 
215 280 365 436 
218 281 363 433 
222 282 359 429 
226 283 355 426 
230 283 351 422 
234 284 348 418 
238 284 346 415 
243 285 344 410 
248 288 342 407 
253 294 340 402 
259 306 339 396 
264 309 338 391 
272 313 337 384 
279 316 335 379 
288 321 333 370 
298 321 333 357 






































































































































































