0 640 
0 640 
0 640 
0 640 
0 640 
0 640 
0 640 
0 640 
0 640 
0 640 
0 640 
0 640 
0 640 
0 640 
0 640 
0 640 
0 640 
0 640 
0 640 
0 640 
0 640 
0 640 
0 640 
0 640 
0 640 
0 640 
0 640 
0 640 
0 640 
0 640 
0 640 
0 640 
0 640 
0 640 
0 640 
0 640 
0 640 
0 640 
0 640 
0 640 
0 640 
0 640 
0 640 
0 640 
0 640 
0 640 
0 640 
0 640 
0 640 
0 640 
0 640 
0 640 
0 640 
0 640 
0 640 
0 640 
0 640 
0 640 
0 640 
0 640 
0 640 
0 640 
0 640 
0 640 
0 640 
0 640 
0 640 
0 640 
0 640 
0 640 
0 640 
0 640 
0 640 
0 640 
0 640 
0 640 
0 640 
0 640 
0 640 
0 640 
0 640 
0 640 
0 640 
0 640 
0 640 
0 640 
0 640 
0 640 
0 640 
0 640 
0 640 
0 640 
0 640 
0 640 
0 640 
0 640 
0 640 
0 640 
0 640 
0 640 
0 640 
0 640 
0 640 
0 640 
0 640 
0 640 
0 640 
0 640 
0 640 
0 640 
0 640 
0 640 
0 640 
0 640 
0 640 
0 640 
0 640 
0 640 
0 640 
0 640 
0 640 
0 640 
0 640 
0 640 
0 640 
0 640 
0 640 
0 640 
0 640 
0 640 
0 640 
0 640 
0 640 
0 640 
0 640 
0 640 
0 640 
0 640 
0 640 
0 640 
0 640 
0 640 
0 640 
0 640 
0 640 
0 640 
0 640 
0 640 
0 640 
0 640 
0 640 
0 640 
0 640 
0 640 
0 640 
0 640 
0 640 
0 640 
0 640 
0 640 
0 640 
0 640 
0 640 
0 640 
0 640 
0 640 
0 640 
0 640 
0 640 
0 640 
0 640 
0 640 
0 640 
0 640 
0 640 
0 640 
0 640 
0 640 
0 640 
0 640 
0 640 
0 640 
0 640 
0 640 
0 640 
0 640 
0 640 
0 640 
0 640 
0 640 
0 349 353 640 
0 346 355 640 
0 345 357 640 
0 344 358 640 
0 278 283 343 359 640 
0 276 285 342 360 415 419 640 
0 274 287 341 360 413 421 640 
0 273 288 341 361 411 423 640 
0 272 289 341 361 410 424 640 
0 271 289 341 361 409 425 640 
0 270 290 340 361 408 426 640 
0 270 290 341 361 408 426 640 
0 270 290 341 361 407 427 640 
0 212 215 269 290 341 361 407 427 640 
0 209 218 269 290 341 360 407 427 640 
0 207 220 269 290 341 360 407 427 640 
0 206 221 269 290 341 359 406 427 640 
0 206 222 269 290 342 358 406 427 640 
0 205 223 270 290 342 357 407 427 640 
0 205 223 270 289 343 356 407 427 475 478 640 
0 204 224 270 288 345 354 407 426 471 482 640 
0 204 224 271 288 347 353 408 425 470 483 640 
0 204 225 272 287 349 350 408 425 469 484 640 
0 204 225 272 286 409 425 468 485 640 
0 204 225 274 284 410 424 467 485 640 
0 204 225 275 282 411 422 466 486 640 
0 153 155 204 225 412 420 466 486 640 
0 150 159 204 224 414 418 465 487 640 
0 148 161 205 224 465 487 640 
0 147 163 205 223 465 487 640 
0 146 164 206 222 465 487 640 
0 146 165 206 221 465 487 640 
0 145 165 207 220 465 487 640 
0 144 166 208 219 465 487 640 
0 143 166 210 218 465 486 640 
0 143 167 466 486 640 
0 143 167 466 485 640 
0 143 167 467 484 640 
0 143 167 468 484 640 
0 143 167 469 482 522 529 640 
0 143 166 471 481 520 531 640 
0 144 166 473 480 518 532 640 
0 145 166 517 533 640 
0 145 165 515 534 640 
0 146 165 515 535 640 
0 146 164 514 536 640 
0 148 163 514 536 640 
0 149 161 513 537 640 
0 150 160 513 537 640 
0 513 537 640 
0 105 111 512 538 640 
0 103 113 512 538 640 
0 101 115 512 538 640 
0 100 116 512 538 640 
0 99 118 512 537 640 
0 98 119 513 537 640 
0 98 119 513 536 640 
0 97 120 514 536 640 
0 97 120 514 535 640 
0 97 121 515 534 640 
0 97 121 516 533 640 
0 97 121 517 532 640 
0 97 121 518 530 640 
0 97 121 520 528 640 
0 97 121 523 526 640 
0 96 121 549 558 640 
0 97 121 547 560 640 
0 97 120 545 561 640 
0 98 120 544 562 640 
0 98 120 543 563 640 
0 99 119 542 564 640 
0 100 118 541 565 640 
0 102 116 540 565 640 
0 103 115 540 565 640 
0 106 113 539 566 640 
0 89 91 92 94 539 566 640 
0 86 96 538 566 640 
0 84 98 538 566 640 
0 83 99 538 566 640 
0 82 101 538 566 640 
0 81 102 538 566 640 
0 80 103 538 566 640 
0 80 104 538 565 640 
0 79 104 538 565 640 
0 78 105 538 564 640 
0 78 105 539 563 640 
0 78 105 540 562 640 
0 78 105 540 561 640 
0 78 106 541 560 640 
0 78 106 542 559 640 
0 78 106 544 557 640 
0 78 106 546 555 640 
0 79 106 640 
0 79 106 640 
0 80 105 534 544 640 
0 80 105 531 546 640 
0 81 104 530 547 640 
0 81 103 529 548 640 
0 83 102 528 549 640 
0 84 101 526 550 640 
0 86 100 525 551 640 
0 88 98 525 552 640 
0 108 116 524 552 640 
0 106 118 524 552 640 
0 104 120 523 553 640 
0 103 122 523 553 640 
0 102 123 523 553 640 
0 101 124 523 553 640 
0 100 125 522 553 640 
0 100 125 522 553 640 
0 99 126 523 553 640 
0 99 127 523 553 640 
0 98 127 523 553 640 
0 98 127 523 552 640 
0 97 128 524 552 640 
0 97 128 525 551 640 
0 97 128 525 551 640 
0 97 128 526 550 640 
0 97 128 526 550 640 
0 97 128 527 549 640 
0 98 127 528 547 640 
0 98 127 477 481 530 545 640 
0 98 127 471 486 532 543 640 
0 99 126 469 488 534 542 640 
0 99 125 468 490 640 
0 100 125 466 491 640 
0 101 124 465 492 640 
0 102 123 464 493 640 
0 103 121 168 174 464 493 640 
0 105 120 165 177 463 494 640 
0 107 118 163 178 462 494 640 
0 109 115 162 180 462 495 640 
0 161 181 295 344 461 495 640 
0 160 182 283 355 461 495 640 
0 159 183 272 368 461 496 640 
0 159 184 264 374 461 496 640 
0 158 184 256 384 461 496 640 
0 158 185 251 386 461 496 640 
0 157 185 245 298 345 394 461 496 640 
0 157 185 240 288 352 398 461 496 640 
0 157 186 235 277 361 403 461 496 640 
0 157 186 230 270 367 408 461 496 640 
0 156 186 227 267 369 412 462 496 640 
0 156 186 223 259 370 416 462 495 640 
0 156 186 218 255 371 419 462 495 640 
0 156 186 215 250 371 423 463 495 640 
0 156 186 211 246 369 426 463 494 640 
0 156 186 209 243 368 390 395 430 464 494 640 
0 156 186 206 239 264 270 366 390 397 432 464 493 640 
0 157 186 202 237 261 272 365 391 402 435 465 492 640 
0 157 186 200 233 258 274 364 392 405 439 466 491 640 
0 157 185 197 230 257 276 363 392 409 441 467 490 640 
0 158 185 194 228 256 277 363 393 411 444 468 489 640 
0 158 185 192 224 255 278 362 394 413 446 470 488 640 
0 159 185 189 222 254 278 361 394 416 449 472 486 640 
0 159 184 187 220 253 279 361 394 418 451 474 483 640 
0 160 184 185 216 253 280 360 395 421 454 477 479 640 
0 161 214 252 280 360 395 423 456 640 
0 162 213 252 280 360 395 425 458 640 
0 163 210 252 281 360 395 428 460 640 
0 164 209 251 281 360 395 430 462 640 
0 166 206 251 281 360 395 432 464 640 
0 169 204 251 281 360 395 434 466 640 
0 169 203 251 281 360 395 436 468 640 
0 169 201 251 281 360 395 437 470 640 
0 166 199 251 281 360 395 439 471 640 
0 165 197 251 281 360 395 441 473 640 
0 164 195 251 281 361 395 443 475 640 
0 162 194 251 281 361 395 444 477 640 
0 160 193 251 281 361 394 446 478 640 
0 159 191 251 281 362 394 447 480 640 
0 157 190 251 280 362 393 448 480 640 
0 156 189 251 280 363 393 450 482 640 
0 155 186 252 279 363 392 451 483 640 
0 153 185 252 279 364 392 453 485 640 
0 152 184 253 278 365 391 454 486 640 
0 151 183 253 278 366 390 455 488 640 
0 149 182 254 277 368 389 456 488 640 
0 148 181 255 276 369 387 457 490 640 
0 147 179 255 275 370 385 459 491 640 
0 146 178 257 274 373 384 459 492 640 
0 145 178 258 273 460 494 640 
0 144 176 260 271 462 494 640 
0 143 176 262 269 462 495 640 
0 142 175 464 496 640 
0 141 174 464 497 640 
0 140 173 465 498 640 
0 139 172 466 499 640 
0 138 171 467 500 640 
0 137 170 468 501 640 
0 136 170 469 502 640 
0 136 169 470 503 640 
0 135 168 470 504 640 
0 134 168 470 504 640 
0 134 166 471 505 640 
0 132 166 471 505 640 
0 132 166 472 506 640 
0 131 165 473 506 640 
0 131 165 473 507 640 
0 130 164 319 321 474 508 640 
0 129 163 314 325 474 508 640 
0 129 163 312 326 475 509 640 
0 129 163 311 326 475 509 640 
0 128 162 311 326 476 510 640 
0 128 162 312 326 476 510 640 
0 127 162 313 325 476 511 640 
0 127 161 315 323 476 511 640 
0 127 161 477 511 640 
0 126 161 477 512 640 
0 126 161 477 512 640 
0 126 160 477 512 640 
0 125 160 478 513 640 
0 125 160 478 513 640 
0 125 160 478 514 640 
0 125 160 478 514 640 
0 124 160 478 514 640 
0 124 160 478 513 640 
0 124 160 478 514 640 
0 124 160 478 514 640 
0 124 160 478 514 640 
0 124 160 478 514 640 
0 124 160 478 514 640 
0 124 160 478 514 640 
0 124 160 478 514 640 
0 124 160 478 514 640 
0 124 160 478 514 640 
0 124 160 478 514 640 
0 124 161 477 514 640 
0 124 161 477 514 640 
0 124 161 477 513 640 
0 124 161 477 513 640 
0 125 162 476 513 640 
0 125 162 476 513 640 
0 125 162 475 513 640 
0 125 163 475 513 640 
0 126 163 475 512 640 
0 126 164 474 511 640 
0 126 164 474 511 640 
0 127 165 473 511 640 
0 127 165 473 511 640 
0 127 166 472 510 640 
0 128 166 472 510 640 
0 128 167 471 509 640 
0 129 167 471 509 640 
0 130 168 470 508 640 
0 130 169 469 508 640 
0 130 170 468 507 640 
0 131 170 467 506 640 
0 131 171 466 506 640 
0 132 171 466 505 640 
0 133 173 465 505 640 
0 134 173 464 504 640 
0 135 174 463 503 640 
0 135 176 463 502 640 
0 136 177 462 502 640 
0 137 177 461 501 640 
0 138 178 460 500 640 
0 139 180 458 499 640 
0 140 181 457 498 640 
0 140 182 457 498 640 
0 142 183 455 497 640 
0 143 185 454 496 640 
0 144 186 453 494 640 
0 144 187 451 493 640 
0 146 188 450 492 640 
0 147 189 448 491 640 
0 148 192 447 490 640 
0 149 193 445 489 640 
0 150 194 444 488 640 
0 151 195 443 485 640 
0 153 197 442 484 640 
0 155 199 440 483 640 
0 156 200 437 482 640 
0 157 202 437 480 640 
0 159 203 435 478 640 
0 161 205 432 477 640 
0 162 208 430 476 640 
0 164 210 427 474 640 
0 166 212 426 474 640 
0 168 213 425 470 640 
0 169 217 422 469 640 
0 171 218 421 468 640 
0 173 221 417 465 640 
0 175 223 416 464 640 
0 176 226 412 463 640 
0 179 228 410 459 640 
0 181 229 406 457 640 
0 183 233 403 454 640 
0 188 239 398 451 640 
0 188 241 397 451 640 
