

















270 290 
263 294 
258 298 
256 302 
255 305 
254 308 
254 310 
254 312 
253 313 372 390 
252 314 367 397 
251 316 362 400 
251 317 359 404 
250 318 326 336 356 409 
250 318 322 341 355 412 
250 318 320 344 353 415 
250 346 353 416 
250 347 352 417 
250 349 351 418 
251 349 351 418 
250 418 
250 418 
250 419 
250 420 
251 420 
251 419 
251 420 
251 420 
251 419 
251 419 
251 418 
251 418 
251 418 
251 417 
252 417 
252 417 
252 416 
252 416 
252 415 
252 415 
252 414 
252 414 
252 414 
253 413 
253 413 
253 413 
252 412 
252 412 
252 411 
253 411 
253 411 
253 410 
254 410 
254 410 
255 409 
254 409 
254 408 
255 408 
256 408 
256 407 
256 407 
256 407 
257 406 
257 272 276 405 
258 266 275 405 
261 263 275 404 
274 404 
273 404 
272 403 
272 403 
271 402 
270 401 
270 400 
269 400 
268 399 
267 394 
267 391 
266 391 
265 391 
265 392 
264 392 
263 392 
262 392 
262 392 
261 392 
261 392 
260 392 
260 392 
260 392 
260 392 
260 392 
260 392 
260 391 
261 391 
262 391 
262 390 
264 390 
273 390 
277 390 
277 389 
278 389 
278 388 
278 388 
278 387 
279 386 
279 387 
279 387 
280 387 
280 388 
280 388 
281 389 
281 389 
281 390 
282 390 
282 390 
282 391 
282 391 
283 392 
283 392 
283 392 
283 393 
284 393 
284 394 
284 394 
285 395 
285 395 
285 395 
285 391 392 396 
286 392 393 396 
286 392 395 397 
286 392 
286 393 
287 393 
287 393 
287 393 
288 393 
288 394 
289 394 
289 394 
289 394 
290 394 
290 395 
291 395 
291 395 
291 395 
286 396 
280 396 
280 396 
281 397 
281 397 
282 397 
283 397 
283 397 
284 398 
284 398 
285 398 
284 395 396 398 
282 394 397 398 
280 394 396 399 
278 394 397 399 
277 394 398 399 
275 394 398 399 
274 393 397 399 
272 393 
271 393 
270 393 
269 393 
268 393 
267 393 
266 393 
265 393 
264 394 
264 394 
263 394 
262 395 
262 395 
261 396 
261 396 
261 397 
260 397 
260 398 
260 398 
260 399 
260 399 
259 399 
259 400 
259 400 
259 401 
259 401 
259 402 
258 402 
258 402 
258 403 
258 403 
258 403 
258 404 
258 404 
258 405 
257 405 
257 405 
257 406 
257 406 
257 406 
257 406 
256 368 369 407 
256 368 369 408 
256 368 370 408 
256 368 370 408 
256 368 370 409 
255 368 370 409 
254 368 370 409 
246 368 370 409 
243 367 371 410 
241 367 371 410 
240 367 371 410 
239 367 371 410 
239 367 372 411 
239 367 372 412 
239 367 371 414 
239 367 368 415 
240 416 
240 416 
241 367 368 416 
241 367 370 415 
242 367 370 415 
242 367 369 414 
243 367 368 413 
243 413 
243 413 
244 414 
244 414 
245 414 
245 414 
245 413 
245 413 
245 366 367 414 
245 366 368 415 
244 365 370 415 
244 365 371 415 
244 364 371 415 
243 364 372 415 
243 364 372 415 
242 363 373 416 
242 363 373 416 
242 363 373 416 
242 362 373 415 
241 362 373 415 
241 362 373 416 
241 361 373 416 
240 361 373 417 
240 361 373 416 
240 361 373 416 
239 360 373 415 
239 360 373 416 
239 360 373 416 
238 360 372 417 
238 359 372 417 
238 359 372 417 
237 359 372 417 
237 359 372 417 
237 359 372 417 
236 358 372 417 
236 358 372 417 
236 358 372 417 
236 358 372 417 
235 358 372 417 
235 358 372 417 
234 358 372 417 
233 358 372 417 
233 358 372 417 
232 358 372 417 
232 358 372 417 
231 358 372 417 
231 358 372 417 
231 358 372 418 
230 358 372 418 
230 358 372 418 
229 358 372 418 
229 358 372 418 
228 358 372 419 
228 358 372 419 
227 358 372 419 
227 359 372 419 
226 359 372 420 
226 359 372 420 
225 359 373 421 
225 359 373 421 
224 359 373 422 
223 359 373 422 
223 359 373 423 
222 359 373 423 
222 359 373 424 
221 359 373 424 
221 359 373 424 
220 359 373 425 
220 359 373 425 
219 360 373 426 
219 360 373 426 
218 360 373 427 
218 360 373 427 
217 360 373 428 
217 360 373 428 
216 360 373 429 
215 359 374 429 
215 359 374 429 
214 359 374 430 
214 359 374 430 
213 359 374 431 
213 360 374 431 
212 360 374 432 
212 360 374 432 
211 360 375 433 
211 360 375 433 
210 359 375 434 
209 359 375 435 
209 358 375 435 
208 359 375 435 
208 360 375 436 
207 360 375 436 
207 361 375 436 
206 361 376 437 
206 362 376 437 
206 362 376 438 
206 363 376 438 
206 364 376 439 
206 364 376 439 
206 364 376 440 
207 365 377 440 
207 365 377 441 
207 366 377 441 
207 367 377 442 
207 367 377 442 
208 367 377 442 
208 368 378 443 
208 368 378 444 
208 369 378 444 
209 369 378 444 
209 369 378 444 
209 370 378 443 
210 370 379 443 
210 370 379 442 
210 371 379 441 
211 371 380 441 
211 371 380 440 
211 372 380 439 
211 372 380 439 
211 372 381 438 
211 373 381 437 
211 373 381 437 
210 373 381 437 
210 373 381 437 
210 374 382 438 
210 374 382 438 
210 374 382 439 
210 374 383 439 
210 375 383 439 
210 375 383 440 
210 375 384 440 
210 375 384 440 
210 375 384 441 
210 376 385 441 
210 376 385 441 
210 376 385 442 
210 377 386 442 
210 377 386 442 
210 377 386 442 
211 378 387 442 
211 378 387 443 
211 378 387 443 
211 378 388 443 
211 379 388 443 
211 379 388 443 
211 379 389 443 
212 380 389 443 
213 380 390 443 
214 380 390 443 
215 380 390 443 
215 381 391 443 
216 381 391 443 
216 381 392 443 
216 382 392 444 
216 382 393 444 
216 383 393 444 
216 383 394 444 
216 383 394 443 
217 384 395 443 
217 384 395 443 
217 385 396 442 
217 385 396 441 
217 385 397 441 
217 386 397 441 
217 386 398 442 
218 387 398 442 
218 387 399 442 
218 388 399 443 
218 388 400 443 
218 388 401 443 
218 389 401 444 
218 389 402 444 
219 390 402 445 
219 390 403 445 
219 390 404 445 
220 391 404 445 
220 391 405 446 
220 392 405 446 
220 392 406 446 
221 393 407 447 
221 393 407 447 
221 393 408 448 
222 394 409 448 
222 394 409 448 
222 395 410 449 
223 395 411 449 
223 395 412 449 
224 396 412 449 
225 396 413 450 
226 397 414 450 
226 397 414 450 
226 398 415 450 
225 398 416 451 
225 398 416 451 
225 399 417 451 
224 399 418 451 
224 400 419 452 
224 400 420 452 
223 400 420 452 
223 401 421 452 
223 401 422 452 
223 402 423 452 
222 402 424 452 
222 402 424 452 
222 403 425 452 
222 403 426 452 
221 404 427 452 
221 404 428 452 
221 405 428 452 
221 405 429 452 
220 405 430 452 
220 406 431 452 
220 406 432 451 
219 407 432 451 
219 407 434 450 
219 408 434 450 
218 408 436 449 
218 408 437 448 
218 409 438 446 
218 409 439 445 
217 410 438 445 
217 410 439 445 
217 410 438 446 
217 411 438 443 444 447 
216 411 438 443 445 447 
216 412 438 442 445 448 
216 412 438 442 446 448 
215 413 438 442 
215 413 438 441 
215 413 438 441 
215 414 438 441 
214 414 439 440 
214 415 
213 415 
213 416 
213 416 
