









































































































































































































































































































261 329 
255 352 
249 379 
245 389 614 622 
240 396 612 626 
237 401 611 630 
234 404 610 633 
230 408 611 636 
228 411 611 640 
225 414 611 640 
222 416 611 640 
220 419 612 640 
218 421 612 640 
216 423 613 640 
214 424 614 640 
212 426 615 640 
211 427 616 640 
209 429 618 640 
207 431 619 640 
206 432 621 640 
204 434 623 640 
203 435 625 640 
202 436 627 640 
201 437 628 640 
199 439 630 640 
198 440 632 640 
197 441 634 640 
196 442 635 640 
195 443 637 640 
194 444 638 640 
193 445 639 640 
192 446 639 640 
191 447 638 640 
190 448 636 640 
189 449 635 640 
188 450 634 640 
187 450 632 640 
186 452 631 640 
185 452 629 640 
184 453 625 640 
184 454 619 640 
183 455 610 640 
182 455 600 640 
182 456 587 640 
181 457 574 640 
180 458 565 640 
180 458 561 640 
179 459 558 640 
178 459 557 640 
178 460 557 640 
177 460 557 640 
177 461 557 640 
176 462 557 640 
176 462 558 640 
176 463 560 640 
175 463 561 640 
175 464 563 640 
174 464 566 640 
174 465 567 640 
174 465 568 640 
173 466 570 640 
173 466 571 640 
172 466 574 640 
172 467 576 640 
172 467 578 640 
171 467 581 640 
171 468 585 640 
171 468 590 640 
171 468 597 640 
170 468 607 640 
170 469 612 640 
170 469 613 640 
170 469 616 640 
169 469 618 640 
169 469 621 640 
169 470 624 640 
169 470 626 640 
168 470 630 640 
168 470 634 640 
168 470 
168 470 
168 471 
168 471 
168 471 
167 472 
167 472 
167 472 
167 472 
167 472 
167 472 
167 472 
167 472 
167 472 
167 472 
167 472 
167 471 
167 471 
167 471 
167 471 
167 471 
167 471 
167 471 
167 471 
167 471 
167 471 
168 471 
168 470 
168 470 
168 470 
168 470 
168 470 
168 470 
168 470 
168 470 
168 470 
168 470 
168 470 
168 470 
168 470 
168 470 
168 470 
168 470 
167 470 
167 470 
166 470 
165 470 
165 470 
164 470 
164 471 
163 472 
163 472 
163 473 
163 474 
164 475 
164 476 
165 477 
165 478 
164 479 
164 480 
163 482 
161 483 
159 484 
156 485 
153 487 
150 490 
147 493 
145 495 
142 498 
140 500 
137 503 
134 506 
132 507 
130 510 
127 513 
125 515 
123 517 
121 519 
119 521 
117 523 
115 525 
113 527 
111 529 
109 531 
107 533 
105 535 
104 536 
102 538 
100 540 
99 542 
97 543 
95 545 
94 546 
92 548 
90 550 
89 551 
87 553 
86 554 
85 555 
83 557 
81 558 
79 561 
79 561 
