0 640 
0 640 
0 640 
0 640 
0 640 
0 640 
0 640 
0 640 
0 640 
0 640 
0 640 
0 640 
0 640 
0 640 
0 640 
0 640 
0 640 
0 640 
0 640 
0 640 
0 640 
0 640 
0 640 
0 640 
0 640 
0 640 
0 640 
0 640 
0 640 
0 640 
0 640 
0 640 
0 640 
0 640 
0 640 
0 640 
0 640 
0 640 
0 640 
0 640 
0 640 
0 640 
0 640 
0 640 
0 640 
0 640 
0 640 
0 640 
0 640 
0 640 
0 640 
0 640 
0 640 
0 640 
0 640 
0 640 
0 640 
0 640 
0 640 
0 640 
0 640 
0 640 
0 640 
0 640 
0 640 
0 349 377 640 
0 345 381 640 
0 339 384 640 
0 335 388 640 
0 331 391 640 
0 327 394 640 
0 324 396 640 
0 321 398 640 
0 318 400 640 
0 315 401 640 
0 313 403 640 
0 311 404 640 
0 309 405 640 
0 306 407 640 
0 304 408 640 
0 303 409 640 
0 301 410 640 
0 300 411 640 
0 298 412 640 
0 297 413 640 
0 296 414 640 
0 295 415 640 
0 293 416 640 
0 293 416 640 
0 292 417 640 
0 291 418 640 
0 290 420 640 
0 289 421 640 
0 288 422 640 
0 288 423 640 
0 287 425 640 
0 286 425 640 
0 285 426 640 
0 285 427 640 
0 284 428 640 
0 283 428 640 
0 283 429 640 
0 282 430 640 
0 282 431 640 
0 281 432 640 
0 281 432 640 
0 280 433 640 
0 279 434 640 
0 279 434 640 
0 279 434 640 
0 278 435 640 
0 278 435 640 
0 277 435 640 
0 277 436 640 
0 276 436 640 
0 275 436 640 
0 275 437 640 
0 275 437 640 
0 274 437 640 
0 274 438 640 
0 273 438 640 
0 273 438 640 
0 273 439 640 
0 272 439 640 
0 272 440 640 
0 272 440 640 
0 271 440 640 
0 271 440 640 
0 270 441 640 
0 270 441 640 
0 270 441 640 
0 269 441 640 
0 269 441 640 
0 269 442 640 
0 268 272 273 442 640 
0 268 271 273 442 640 
0 268 271 273 442 640 
0 268 270 273 442 640 
0 267 270 273 443 640 
0 267 269 273 443 640 
0 267 269 273 443 640 
0 266 268 272 444 640 
0 266 267 272 444 640 
0 273 444 640 
0 273 444 640 
0 273 445 640 
0 273 445 640 
0 273 445 640 
0 273 445 640 
0 274 276 277 445 640 
0 274 276 278 446 640 
0 274 276 278 446 640 
0 274 276 278 446 640 
0 274 276 278 446 640 
0 274 276 278 446 640 
0 275 276 279 446 640 
0 275 276 279 446 640 
0 275 276 279 446 640 
0 279 446 640 
0 280 446 640 
0 280 447 640 
0 281 285 286 447 640 
0 281 285 286 290 291 447 640 
0 281 285 287 290 292 296 297 447 640 
0 282 285 287 291 292 297 298 447 640 
0 282 285 287 291 292 297 299 447 640 
0 283 285 287 289 293 297 300 447 640 
0 284 285 288 289 294 298 301 447 640 
0 288 289 295 299 301 447 640 
0 295 299 301 447 640 
0 296 298 300 447 640 
0 300 448 640 
0 300 448 640 
0 299 448 640 
0 299 448 640 
0 298 448 640 
0 298 448 640 
0 297 448 640 
0 296 448 640 
0 294 448 640 
0 293 448 640 
0 292 449 640 
0 292 449 640 
0 292 449 640 
0 292 449 640 
0 293 449 640 
0 294 449 640 
0 296 449 640 
0 297 449 640 
0 298 448 640 
0 299 448 640 
0 300 448 640 
0 300 449 640 
0 300 449 640 
0 300 449 640 
0 300 449 640 
0 300 449 640 
0 301 449 640 
0 302 449 640 
0 303 449 640 
0 304 449 640 
0 306 449 640 
0 306 449 640 
0 305 449 640 
0 305 449 640 
0 306 449 640 
0 307 449 640 
0 309 449 640 
0 310 448 640 
0 310 448 640 
0 311 448 640 
0 311 448 640 
0 312 448 640 
0 312 448 640 
0 313 448 640 
0 313 448 640 
0 313 448 640 
0 314 448 640 
0 315 448 640 
0 316 448 640 
0 317 320 322 448 640 
0 322 448 640 
0 322 448 640 
0 322 448 640 
0 322 448 640 
0 322 448 640 
0 322 448 640 
0 322 448 640 
0 322 448 640 
0 322 448 640 
0 322 448 640 
0 322 448 640 
0 322 447 640 
0 322 447 640 
0 321 447 640 
0 321 447 640 
0 321 447 640 
0 321 447 640 
0 321 447 640 
0 321 447 640 
0 320 447 640 
0 320 447 640 
0 320 447 640 
0 320 447 640 
0 320 447 640 
0 320 447 640 
0 320 447 640 
0 320 447 640 
0 320 447 640 
0 320 447 640 
0 319 447 640 
0 318 446 640 
0 316 446 640 
0 315 446 640 
0 313 446 640 
0 312 446 640 
0 310 446 640 
0 309 446 640 
0 308 446 640 
0 308 446 640 
0 307 446 640 
0 306 446 640 
0 305 446 640 
0 304 446 640 
0 303 446 640 
0 302 446 640 
0 300 446 640 
0 300 446 640 
0 299 446 640 
0 298 446 640 
0 298 446 640 
0 298 446 640 
0 298 446 640 
0 299 446 640 
0 300 446 640 
0 300 446 640 
0 300 446 640 
0 300 447 640 
0 300 447 640 
0 300 447 640 
0 300 447 640 
0 299 447 640 
0 299 447 640 
0 298 447 640 
0 298 447 640 
0 297 447 640 
0 297 447 640 
0 297 447 640 
0 296 447 640 
0 295 447 640 
0 294 448 640 
0 293 448 640 
0 292 448 640 
0 291 448 640 
0 289 448 640 
0 288 448 640 
0 287 448 640 
0 286 448 640 
0 285 448 640 
0 284 448 640 
0 283 448 640 
0 288 448 640 
0 288 448 640 
0 288 449 640 
0 287 449 640 
0 286 449 640 
0 286 449 640 
0 285 449 640 
0 285 449 640 
0 284 449 640 
0 284 450 640 
0 283 450 640 
0 283 450 640 
0 282 450 640 
0 282 450 640 
0 281 450 640 
0 280 450 640 
0 280 450 640 
0 279 450 640 
0 279 450 640 
0 279 450 640 
0 279 450 640 
0 279 450 640 
0 279 451 640 
0 280 451 640 
0 280 451 640 
0 280 451 640 
0 279 451 640 
0 278 451 640 
0 278 451 640 
0 277 451 640 
0 277 451 640 
0 276 451 640 
0 276 451 640 
0 275 451 640 
0 274 452 640 
0 274 452 640 
0 273 452 640 
0 273 452 640 
0 273 452 640 
0 272 452 640 
0 272 452 640 
0 271 452 640 
0 271 452 640 
0 270 452 640 
0 270 452 640 
0 270 452 640 
0 270 453 640 
0 269 453 640 
0 269 453 640 
0 269 453 640 
0 268 453 640 
0 268 453 640 
0 268 453 640 
0 268 453 640 
0 268 453 640 
0 268 453 640 
0 267 453 640 
0 267 453 640 
0 267 453 640 
0 267 453 640 
0 267 453 640 
0 267 453 640 
0 267 453 640 
0 267 453 640 
0 267 453 640 
0 267 453 640 
0 267 453 640 
0 267 453 640 
0 267 453 640 
0 267 453 640 
0 267 453 640 
0 267 453 640 
0 268 453 640 
0 268 453 640 
0 268 453 640 
0 268 453 640 
0 268 453 640 
0 269 453 640 
0 269 453 640 
0 269 453 640 
0 269 453 640 
0 269 453 640 
0 270 453 640 
0 270 453 640 
0 270 453 640 
0 270 453 640 
0 271 453 640 
0 271 453 640 
0 271 453 640 
0 272 453 640 
0 272 454 640 
0 272 454 640 
0 272 454 640 
0 273 454 640 
0 273 454 640 
0 273 454 640 
0 274 454 640 
0 274 453 640 
0 274 453 640 
0 275 453 640 
0 275 453 640 
0 275 453 640 
0 276 453 640 
0 276 453 640 
0 276 453 640 
0 277 453 640 
0 277 453 640 
0 277 453 640 
0 278 453 640 
0 278 453 640 
0 278 453 640 
0 278 453 640 
0 279 453 640 
0 279 453 640 
0 279 454 640 
0 279 454 640 
0 280 454 640 
0 280 454 640 
0 280 454 640 
0 280 454 640 
0 280 454 640 
0 281 454 640 
0 281 454 640 
0 281 454 640 
0 281 454 640 
0 281 454 640 
0 282 454 640 
0 282 454 640 
0 282 455 640 
0 282 455 640 
0 282 455 640 
0 282 455 640 
0 282 455 640 
0 282 455 640 
0 282 455 640 
0 282 455 640 
0 283 455 640 
0 283 455 640 
0 283 455 640 
0 283 455 640 
0 283 455 640 
0 283 455 640 
0 283 455 640 
0 283 455 640 
0 283 455 640 
0 283 455 640 
0 283 455 640 
0 283 456 640 
0 283 456 640 
0 283 456 640 
0 283 456 640 
0 283 456 640 
0 283 456 640 
0 283 456 640 
0 283 456 640 
0 283 456 640 
0 283 456 640 
0 283 456 640 
0 283 456 640 
0 283 456 640 
0 283 456 640 
0 283 456 640 
0 283 456 640 
0 283 456 640 
0 283 456 640 
0 283 456 640 
0 283 456 640 
0 283 456 640 
0 283 456 640 
0 283 456 640 
0 283 456 640 
0 284 456 640 
0 284 456 640 
0 284 456 640 
0 284 456 640 
0 284 456 640 
0 284 456 640 
0 284 456 640 
0 284 456 640 
