491 585 
491 585 
491 586 
491 589 
491 591 
491 593 
490 595 
490 596 
490 598 
490 600 
490 601 
488 603 
485 604 
481 606 
478 607 
474 608 
470 610 
467 611 
464 612 
462 613 
459 614 
457 615 
455 617 
454 618 
451 619 
450 620 
448 621 
446 622 
444 623 
443 624 
442 625 
441 626 
440 627 
439 627 
438 628 
437 629 
435 630 
435 631 
433 632 
432 632 
431 633 
430 634 
430 635 
429 636 
428 636 
427 637 
426 638 
426 638 
425 639 
424 640 
423 640 
422 640 
422 640 
421 640 
420 640 
419 640 
419 640 
418 640 
417 640 
417 640 
416 640 
415 640 
415 640 
414 640 
414 640 
413 640 
412 640 
412 640 
411 640 
411 640 
410 640 
410 640 
410 640 
409 640 
409 640 
408 640 
408 640 
408 640 
407 640 
407 640 
407 640 
406 640 
406 640 
406 640 
406 640 
406 640 
406 640 
405 640 
405 640 
405 640 
405 640 
405 640 
405 640 
405 640 
405 640 
405 640 
405 640 
405 640 
404 640 
404 640 
404 640 
403 640 
403 640 
403 640 
402 640 
402 640 
401 640 
401 640 
401 640 
400 640 
400 640 
400 406 407 640 
400 401 402 406 407 640 
402 405 407 640 
402 404 407 640 
401 404 406 640 
401 403 406 640 
406 640 
406 640 
406 640 
406 640 
406 640 
244 246 406 640 
244 247 406 640 
245 248 406 640 
245 249 405 640 
241 245 246 250 405 640 
239 251 405 640 
240 252 406 640 
241 254 406 640 
241 255 406 640 
242 256 406 640 
243 257 406 640 
243 258 406 640 
243 259 406 640 
244 260 406 640 
244 261 406 640 
245 262 409 640 
245 263 409 640 
245 264 410 411 412 640 
246 265 412 640 
248 266 412 640 
249 269 413 640 
250 272 415 640 
251 273 415 640 
252 274 415 640 
253 275 416 640 
254 277 416 640 
255 278 418 640 
256 279 419 640 
257 280 422 640 
257 281 422 425 426 640 
258 282 422 424 426 640 
258 283 422 424 426 640 
259 284 422 424 427 640 
260 285 427 640 
260 286 428 640 
261 287 428 640 
263 288 428 640 
263 289 429 640 
265 290 296 305 429 640 
266 292 295 310 430 640 
267 312 430 640 
268 313 430 640 
269 314 429 640 
270 315 428 640 
271 316 426 640 
272 317 424 640 
272 318 422 640 
271 319 420 640 
270 320 419 640 
269 321 418 640 
266 322 417 640 
263 323 417 640 
262 324 417 640 
261 325 418 640 
261 325 418 640 
260 326 419 640 
259 327 419 640 
259 327 420 640 
259 328 421 640 
258 328 422 640 
258 329 423 640 
258 329 424 640 
258 330 426 640 
258 330 427 640 
257 331 428 640 
257 331 429 640 
257 331 430 640 
257 332 430 640 
257 332 430 640 
256 332 430 640 
256 332 430 640 
256 332 430 640 
256 332 430 640 
256 333 430 640 
255 333 430 640 
255 333 430 640 
256 333 430 640 
256 333 430 640 
257 333 431 640 
258 332 431 640 
260 332 432 640 
261 332 433 640 
263 333 435 640 
265 334 435 640 
268 334 436 640 
269 335 436 640 
270 336 436 640 
270 337 436 640 
270 338 436 640 
270 339 437 640 
270 340 438 640 
270 341 439 640 
270 343 439 640 
270 344 440 640 
270 344 440 640 
270 345 441 640 
270 346 441 640 
270 347 441 640 
270 348 441 640 
270 330 331 349 442 640 
270 330 333 350 442 640 
270 330 334 351 442 640 
270 330 335 352 442 640 
270 330 336 353 443 640 
270 330 337 354 443 640 
271 330 339 355 443 640 
271 330 340 356 443 640 
271 329 341 357 444 640 
271 329 342 358 444 640 
272 329 343 359 445 640 
272 329 344 360 446 640 
272 329 346 361 447 640 
272 329 347 362 448 640 
272 328 347 363 449 478 482 640 
273 328 349 364 450 475 482 640 
273 328 350 365 452 470 483 640 
273 328 351 366 453 464 483 640 
273 327 352 368 484 640 
273 327 353 369 484 640 
274 327 354 369 484 640 
274 326 356 370 485 640 
274 326 357 371 485 640 
274 326 357 372 485 640 
275 325 358 373 485 640 
275 325 360 374 485 640 
275 325 361 375 485 640 
275 325 362 376 485 640 
275 324 364 377 485 640 
275 324 365 378 485 640 
275 324 366 379 485 640 
275 323 367 380 485 640 
275 323 368 380 486 640 
275 323 370 381 486 640 
275 322 371 381 486 640 
274 322 372 381 486 640 
274 322 373 381 486 640 
274 322 374 382 486 640 
273 321 376 383 486 640 
273 321 377 383 485 640 
273 321 378 384 484 640 
273 320 380 384 483 640 
272 320 381 384 481 640 
272 319 480 640 
272 319 479 640 
272 319 477 640 
272 319 476 640 
271 319 475 640 
271 319 474 640 
271 319 473 640 
271 319 471 640 
271 319 470 640 
270 319 470 640 
270 320 468 640 
270 320 467 640 
270 320 466 640 
270 320 465 640 
270 320 464 640 
270 321 463 640 
270 321 462 640 
270 321 461 640 
270 321 460 640 
270 321 459 640 
270 321 458 640 
269 321 457 640 
269 322 456 640 
269 322 455 640 
269 322 454 640 
269 322 453 640 
269 322 452 640 
269 322 451 640 
269 322 450 640 
269 322 449 640 
269 322 448 640 
269 322 447 640 
269 322 446 640 
269 322 445 640 
269 322 444 640 
268 322 443 640 
268 322 442 640 
268 322 440 640 
268 323 437 640 
268 323 436 640 
269 323 435 640 
269 323 433 640 
269 323 429 640 
269 323 414 640 
268 323 405 640 
268 323 400 640 
268 323 395 640 
268 323 393 640 
268 323 391 640 
268 323 390 640 
268 323 389 640 
268 323 388 640 
268 323 387 640 
268 323 386 640 
268 323 386 640 
268 323 385 640 
268 323 385 640 
268 323 384 640 
268 324 384 640 
268 324 384 640 
268 324 384 640 
268 324 383 640 
268 324 383 640 
268 324 383 640 
268 324 383 640 
268 324 382 640 
268 324 381 640 
268 324 379 640 
268 324 377 640 
268 324 374 640 
268 324 372 640 
268 324 369 640 
268 324 367 640 
268 324 365 640 
268 325 362 640 
268 325 360 640 
267 325 358 640 
267 325 355 640 
267 325 353 640 
267 325 350 640 
267 325 348 640 
267 325 347 640 
267 325 347 640 
267 325 348 640 
267 325 348 640 
267 325 348 640 
267 325 349 640 
267 325 348 640 
267 326 346 640 
267 326 344 640 
267 326 341 640 
267 327 339 640 
267 327 336 640 
267 327 334 640 
267 327 332 640 
267 327 330 640 
267 327 328 640 
267 640 
267 640 
267 640 
266 640 
266 640 
266 640 
266 640 
266 640 
266 640 
266 640 
266 640 
266 640 
266 640 
266 640 
266 640 
266 640 
266 640 
266 640 
266 640 
266 640 
266 640 
266 640 
266 640 
266 640 
266 640 
266 640 
266 640 
266 640 
266 640 
265 640 
265 640 
265 640 
265 640 
266 640 
266 640 
266 640 
266 640 
266 640 
266 640 
266 640 
266 640 
266 640 
266 640 
266 640 
266 640 
266 640 
266 640 
266 640 
267 640 
267 640 
267 640 
267 640 
268 640 
268 373 376 640 
268 371 376 640 
269 368 377 640 
269 366 377 640 
269 363 378 640 
270 360 378 640 
271 358 379 640 
271 355 380 389 392 640 
272 352 380 387 391 640 
273 350 381 385 391 640 
274 347 391 640 
274 344 391 640 
275 341 391 640 
277 338 391 640 
278 335 391 640 
279 333 391 640 
280 329 391 640 
282 327 391 640 
283 323 391 640 
284 319 391 640 
286 314 391 640 
289 310 391 640 
292 307 391 640 
391 640 
391 640 
391 640 
392 640 
392 640 
392 640 
392 640 
392 640 
392 640 
392 640 
392 640 
393 640 
393 640 
393 640 
393 640 
393 640 
393 640 
393 640 
394 640 
394 640 
394 640 
394 636 639 640 
394 636 
394 596 598 637 
395 595 601 638 
395 595 607 638 
395 594 621 632 633 634 
395 594 
395 593 
395 591 
396 590 
396 589 
396 588 
396 587 
396 586 
397 584 
397 583 
397 582 
397 581 
397 580 
398 580 
398 580 
398 580 
