377 425 
377 425 
376 427 
376 428 
376 429 
375 430 
375 432 
375 433 
375 435 
374 436 
374 437 
374 438 
374 438 
374 439 
374 441 
374 442 
374 442 
374 443 
374 444 
374 445 
374 446 
374 447 
374 448 
374 449 
374 450 
374 451 
374 452 
375 453 
375 454 
375 455 
375 455 
375 456 
376 458 472 473 485 489 
376 459 469 492 
376 460 466 495 
377 462 463 498 
377 500 
377 501 
377 503 
378 505 
378 506 
379 507 
379 508 
380 509 
380 510 
381 511 
381 512 
382 513 
382 514 
383 515 
384 515 
383 516 
381 517 
378 518 
376 518 
373 519 
370 520 
368 521 
366 521 
364 522 
362 523 
361 523 
359 524 
357 525 
356 525 
354 526 
352 526 
351 527 
349 527 
348 528 
347 528 
346 529 
345 529 
343 530 
342 530 
341 531 
340 531 
339 531 
338 532 
336 532 
335 532 
334 532 
333 533 
332 533 
332 533 
331 533 
330 534 
329 534 
328 534 
327 534 
326 534 
325 534 
325 534 
324 535 
323 535 
323 535 
322 536 
322 536 
321 537 
321 537 
320 538 
319 538 
318 538 
318 539 
317 539 
316 540 
316 540 
315 540 
315 541 
315 541 
314 542 
314 542 
313 543 
313 543 
313 543 
312 544 
312 544 
312 545 
311 545 
311 545 
311 546 
311 546 
311 547 
310 547 
310 547 
310 547 
310 548 
310 548 
310 548 
310 548 
309 549 
309 549 
309 549 
308 550 
308 550 
308 550 
307 551 
307 551 
307 551 
307 552 
306 552 
306 552 
305 553 
305 553 
305 553 
304 553 
304 553 
303 554 
302 554 
302 554 
301 306 307 554 
300 305 307 554 
299 304 307 555 
298 302 307 555 
297 300 307 555 
307 556 
307 556 
306 308 310 556 
306 308 310 556 
306 308 310 557 
310 557 
310 557 
310 557 
310 557 
310 558 
309 558 
309 558 
309 558 
309 558 
309 559 
309 559 
309 559 
308 312 313 559 
308 312 313 559 
308 312 314 559 
308 311 314 559 
308 311 314 560 
309 310 315 560 
309 310 315 560 
315 560 
316 318 319 560 
316 319 320 560 
316 318 320 560 
316 319 320 561 
317 319 320 561 
322 561 
318 319 323 325 326 561 
318 319 324 325 327 561 
327 562 
328 330 331 562 
332 562 
332 339 340 562 
333 339 340 562 
334 339 340 344 345 562 
336 340 341 344 345 562 
337 340 342 344 346 562 
338 341 342 344 346 562 
338 341 343 344 346 562 
340 341 346 563 
346 563 
346 563 
346 563 
345 563 
345 563 
345 563 
344 563 
344 563 
343 563 
343 563 
342 563 
341 563 
341 563 
340 564 
339 564 
338 564 
337 564 
336 564 
336 564 
336 564 
336 564 
337 564 
337 564 
339 564 
340 564 
342 564 
344 564 
346 564 
347 564 
348 564 
348 564 
349 564 
349 564 
349 564 
350 564 
350 564 
350 564 
350 564 
351 564 
352 564 
353 564 
357 565 
358 565 
358 565 
358 565 
358 565 
358 565 
359 565 
360 565 
362 565 
363 565 
364 565 
364 565 
365 565 
366 565 
366 565 
367 565 
368 565 
368 565 
369 565 
369 565 
241 244 370 565 
240 244 370 565 
240 244 370 565 
239 244 370 565 
239 244 370 565 
239 244 370 405 407 565 
239 244 370 405 407 565 
240 245 370 405 407 565 
240 245 370 405 408 565 
240 245 370 405 408 565 
240 245 259 274 370 405 409 565 
240 245 248 277 370 405 409 565 
240 279 370 404 410 565 
240 281 370 404 410 565 
239 282 370 404 411 565 
236 283 369 404 411 565 
233 284 369 404 409 565 
230 285 369 404 408 566 
226 286 368 404 406 566 
224 287 368 404 405 566 
222 287 368 566 
220 288 371 566 
218 288 373 566 
217 289 373 566 
216 289 373 566 
215 290 373 566 
213 290 374 534 535 566 
211 291 373 534 535 566 
210 291 373 534 536 566 
209 291 372 535 536 566 
208 292 371 535 536 566 
208 292 371 535 537 566 
208 292 371 535 537 566 
207 292 374 535 537 566 
207 293 375 535 537 566 
207 293 375 535 538 566 
206 293 376 536 538 566 
206 293 376 536 538 567 
206 293 376 536 539 567 
206 293 376 536 539 567 
206 294 376 537 540 567 
205 294 376 537 540 567 
205 294 376 537 540 567 
205 294 376 537 541 567 
205 294 377 537 541 567 
204 294 377 537 541 567 
204 294 377 537 541 567 
203 294 377 538 542 553 554 567 
203 294 377 538 542 553 554 567 
203 294 377 538 542 553 555 568 
202 294 377 538 543 553 556 568 
202 294 378 538 543 553 556 568 
202 294 378 538 543 553 557 568 
202 294 378 528 530 539 544 553 558 568 
202 294 378 528 530 539 544 553 558 568 
202 294 378 528 531 539 545 554 559 568 
202 294 379 528 531 539 545 554 559 568 
203 294 379 528 531 539 546 554 560 569 
203 294 379 528 532 539 546 554 561 569 
203 294 379 528 532 540 547 555 561 569 
204 294 380 528 533 540 547 555 562 569 
204 293 380 528 533 540 548 555 563 569 
204 293 380 528 534 540 548 555 563 569 
205 293 380 528 534 540 549 555 564 570 
205 293 380 529 535 540 549 556 565 570 
205 294 380 529 535 541 550 556 565 570 
205 295 379 529 535 539 550 556 566 570 
206 296 379 529 536 539 551 557 567 570 
206 296 379 529 536 539 551 557 568 571 
206 297 378 529 537 540 552 557 569 571 
206 298 378 529 537 540 552 557 570 571 
206 299 378 529 538 541 553 558 
206 299 377 529 538 541 553 558 
206 300 377 529 539 542 554 558 
206 300 377 529 539 542 554 558 
207 301 376 529 540 542 555 558 
207 302 376 529 540 542 556 559 
207 302 376 529 556 559 
207 303 375 530 557 559 
208 304 375 530 557 560 
208 305 375 530 558 560 
208 306 375 530 558 560 
208 309 374 530 
209 311 374 530 
209 312 373 530 
209 313 373 513 514 530 
210 314 373 514 515 530 
211 315 372 514 515 517 519 530 
211 316 345 350 372 514 519 530 
212 317 343 353 372 515 520 530 
213 318 341 356 371 515 520 531 
214 319 340 359 371 515 521 531 
215 320 339 360 371 515 521 532 
215 320 338 362 370 515 521 532 
216 321 338 364 369 515 522 533 
217 322 338 365 368 515 522 534 
218 322 338 516 522 535 
218 323 338 517 523 535 
219 324 338 517 523 535 
220 324 338 517 523 535 
221 325 338 518 524 534 
222 325 338 518 524 533 
223 326 338 518 525 532 
223 326 338 518 525 532 
224 327 338 518 525 532 
225 327 338 518 526 532 
226 328 338 519 526 532 
228 328 338 519 527 532 
229 329 338 519 527 532 
232 329 338 520 528 531 
234 329 338 520 528 531 
236 330 338 520 529 532 
239 330 339 521 529 532 
243 331 339 521 530 533 
246 331 339 521 531 532 
250 332 339 521 
252 332 339 522 
252 333 338 522 
251 333 338 522 
251 334 338 522 
250 334 337 522 
250 335 336 523 
249 523 
249 523 
248 523 
248 524 
247 524 
247 524 
247 524 
246 524 
245 525 
245 525 
245 525 
244 525 
244 525 
244 526 
243 526 
243 526 
242 526 
242 526 
242 525 
241 526 
241 526 
241 527 
240 527 
240 528 
240 528 
240 528 
239 529 
239 529 
239 529 
238 529 
238 529 
238 530 
238 530 
237 530 
237 530 
237 530 
237 531 
237 531 
236 531 
236 532 
236 532 
236 531 
236 531 
236 530 
236 531 
236 531 
235 532 
235 532 
235 533 
235 533 566 582 
235 533 565 583 
235 534 562 582 
235 534 560 582 
235 534 558 580 
235 534 556 579 
235 534 554 578 
235 535 552 577 
235 535 550 576 
235 535 548 575 
234 535 547 575 
234 535 544 574 
234 535 543 579 
234 536 541 579 
234 536 539 578 
234 577 
234 575 
234 573 
234 572 
233 570 
234 568 
234 565 
233 368 369 561 
233 367 369 556 
233 367 369 552 
233 367 369 550 
233 367 370 549 
232 367 370 548 
232 367 370 548 
232 367 370 548 
231 367 370 548 
231 367 371 548 
231 367 371 548 
230 367 371 548 
230 366 371 548 
230 366 371 548 
230 366 372 548 
229 366 372 549 
229 366 372 549 
229 366 372 549 
228 366 372 549 
228 365 373 549 
228 365 373 549 
228 365 373 549 
227 365 373 549 
227 364 374 549 
227 364 374 549 
227 364 374 549 
227 364 374 549 
