146 437 
146 437 
146 437 443 444 
147 436 442 444 
147 436 442 443 528 529 
148 436 441 442 531 533 
148 435 441 442 521 536 
148 435 440 441 518 540 
149 435 440 441 516 542 
149 435 436 437 439 441 514 544 
150 435 438 440 512 547 
150 436 438 440 511 548 
150 436 437 440 509 550 
150 439 508 553 
151 439 507 555 
151 438 506 558 
152 438 504 560 
152 438 503 562 
152 437 502 567 
153 437 501 573 
59 72 153 437 500 583 
54 78 154 437 499 590 
50 82 154 437 497 594 
49 84 155 438 496 597 
48 86 155 440 494 600 
44 89 155 443 493 603 
43 92 152 445 492 605 
41 95 149 448 491 606 
38 98 145 450 489 608 
36 100 141 451 488 610 
34 104 134 454 486 612 
32 110 128 457 485 614 
29 459 483 615 
27 462 481 617 
23 465 478 618 
19 468 474 622 
0 2 12 624 
0 626 639 640 
0 628 636 640 
0 640 
0 640 
0 640 
0 640 
0 640 
0 640 
0 640 
0 640 
0 640 
0 640 
0 640 
0 640 
0 640 
0 640 
0 640 
0 640 
0 640 
0 640 
0 640 
0 640 
0 640 
0 640 
0 640 
0 640 
0 640 
0 640 
0 640 
0 640 
0 640 
0 640 
0 640 
0 640 
0 640 
0 640 
0 640 
0 640 
0 640 
0 640 
0 640 
0 640 
0 640 
0 640 
0 640 
0 640 
0 640 
0 640 
0 640 
0 640 
0 640 
0 640 
0 640 
0 640 
0 640 
0 640 
0 640 
0 640 
0 640 
0 640 
0 640 
0 640 
0 640 
0 640 
0 640 
0 640 
0 640 
0 640 
0 640 
0 640 
0 640 
0 640 
0 640 
0 640 
0 640 
0 351 354 640 
0 351 355 640 
0 351 355 640 
0 351 354 640 
0 351 354 640 
0 640 
0 640 
0 640 
0 640 
0 640 
0 640 
0 640 
0 640 
0 640 
0 640 
0 640 
0 640 
0 640 
0 640 
0 640 
0 640 
0 282 284 640 
0 281 285 640 
0 281 285 640 
0 281 284 640 
0 281 284 640 
0 282 284 640 
0 640 
0 640 
0 640 
0 640 
0 640 
0 640 
0 640 
0 640 
0 640 
0 640 
0 640 
0 640 
0 640 
0 640 
0 640 
0 640 
0 640 
0 640 
0 640 
0 640 
0 640 
0 640 
0 640 
0 640 
0 304 306 640 
0 303 307 640 
0 303 306 640 
0 304 306 640 
0 304 306 640 
0 640 
0 640 
0 640 
0 640 
0 640 
0 640 
0 329 332 640 
0 328 333 640 
0 328 333 640 
0 329 332 640 
0 330 332 640 
0 640 
0 640 
0 640 
0 640 
0 640 
0 640 
0 640 
0 640 
0 640 
0 640 
0 640 
0 640 
0 640 
0 640 
0 356 358 640 
0 270 271 356 358 640 
0 248 249 257 258 269 272 356 358 640 
0 247 250 257 258 269 273 356 358 640 
0 248 251 257 258 269 272 640 
0 248 251 270 272 640 
0 248 251 640 
0 336 338 640 
0 335 338 640 
0 326 329 335 338 640 
0 272 274 326 329 640 
0 272 275 326 329 640 
0 241 243 272 275 327 328 640 
0 240 244 273 275 640 
0 241 245 281 284 640 
0 241 245 280 285 640 
0 242 244 280 284 305 307 640 
0 281 283 305 307 640 
0 305 307 640 
0 305 307 335 337 640 
0 334 338 640 
0 335 338 640 
0 335 338 640 
0 640 
0 255 257 293 296 640 
0 255 258 294 296 640 
0 255 258 289 290 294 295 300 301 314 317 332 335 640 
0 256 258 261 262 288 291 299 302 314 317 332 337 640 
0 260 263 288 291 299 302 313 316 332 338 640 
0 261 264 288 291 299 302 314 316 332 338 640 
0 261 264 289 290 300 301 336 338 640 
0 262 263 336 338 640 
0 640 
0 640 
0 640 
0 640 
0 640 
0 640 
0 640 
0 333 337 640 
0 333 337 352 353 640 
0 334 337 351 354 640 
0 350 354 640 
0 351 354 640 
0 351 353 640 
0 640 
0 640 
0 640 
0 357 358 640 
0 356 359 640 
0 356 358 640 
0 356 358 640 
0 640 
0 640 
0 273 276 640 
0 273 277 640 
0 273 277 640 
0 273 276 640 
0 275 276 640 
0 640 
0 317 318 640 
0 317 318 341 342 640 
0 317 318 340 343 640 
0 317 318 340 343 640 
0 340 342 640 
0 640 
0 640 
0 340 342 640 
0 339 343 640 
0 251 252 339 343 640 
0 250 253 338 343 640 
0 250 254 339 342 640 
0 250 254 640 
0 252 253 640 
0 256 258 640 
0 254 258 640 
0 254 258 640 
0 640 
0 640 
0 640 
0 640 
0 640 
0 640 
0 640 
0 276 277 640 
0 273 278 353 355 640 
0 272 278 352 356 640 
0 273 277 352 357 640 
0 273 276 341 343 352 357 640 
0 256 257 275 276 316 318 341 343 352 357 371 373 640 
0 255 258 315 318 341 343 353 356 370 372 640 
0 255 258 315 318 342 343 370 371 640 
0 255 257 316 317 640 
0 640 
0 640 
0 271 273 640 
0 270 274 336 337 640 
0 270 274 335 338 640 
0 271 274 334 338 640 
0 272 274 288 289 335 337 640 
0 272 274 286 290 640 
0 287 290 640 
0 288 290 640 
0 338 339 640 
0 337 340 640 
0 337 340 346 348 640 
0 337 340 345 348 640 
0 344 348 640 
0 343 348 640 
0 295 298 343 347 640 
0 255 257 295 299 302 303 323 324 343 347 640 
0 254 258 296 299 302 303 322 325 343 346 640 
0 254 259 286 288 297 298 302 304 322 325 640 
0 255 259 285 289 302 304 309 311 322 325 640 
0 255 259 285 289 295 298 303 304 308 312 321 326 640 
0 256 259 286 289 294 298 307 313 321 326 640 
0 287 289 294 298 308 312 322 326 640 
0 295 298 308 311 322 326 640 
0 296 297 323 325 640 
0 640 
0 640 
0 319 321 640 
0 259 261 318 321 640 
0 259 261 318 321 640 
0 259 262 309 311 319 320 338 341 640 
0 261 262 309 312 337 342 356 358 640 
0 280 283 309 312 337 342 355 358 640 
0 280 284 338 341 355 358 640 
0 282 284 640 
0 283 284 360 362 640 
0 359 362 640 
0 289 290 358 361 640 
0 288 291 640 
0 276 279 288 291 640 
0 276 279 284 286 289 291 640 
0 276 280 283 287 357 359 640 
0 277 279 284 287 356 359 640 
0 356 358 640 
0 640 
0 640 
0 640 
0 640 
0 640 
0 640 
0 322 324 640 
0 322 325 640 
0 322 325 640 
0 322 324 640 
0 322 323 640 
0 290 294 340 343 361 362 364 365 640 
0 289 295 340 343 360 366 640 
0 290 295 315 316 340 343 359 366 640 
0 291 294 314 317 359 365 640 
0 313 317 640 
0 313 317 640 
0 313 317 640 
0 312 316 354 357 640 
0 312 316 353 357 640 
0 312 316 354 357 640 
0 312 316 328 330 640 
0 312 316 327 330 640 
0 297 298 312 317 327 330 640 
0 296 298 312 316 640 
0 295 298 640 
0 291 293 295 298 640 
0 291 294 640 
0 291 294 310 311 640 
0 309 312 640 
0 308 313 640 
0 290 291 301 303 308 312 640 
0 289 292 300 304 309 311 640 
0 288 293 299 304 640 
0 289 293 299 303 640 
0 300 301 321 323 640 
0 320 323 640 
0 319 323 640 
0 289 290 319 323 640 
0 287 291 320 322 640 
0 286 290 291 293 640 
0 286 294 640 
0 286 289 290 294 302 305 640 
0 287 288 291 294 302 306 640 
0 302 305 640 
0 303 304 640 
0 640 
0 314 317 640 
0 314 317 327 330 640 
0 313 317 326 330 640 
0 312 316 326 331 640 
0 312 316 327 330 640 
0 312 315 328 329 640 
0 313 314 640 
0 640 
0 640 
0 640 
0 640 
0 293 296 640 
0 291 296 640 
0 291 296 640 
0 291 295 640 
0 640 
0 310 312 325 326 640 
0 309 312 324 327 640 
0 309 312 325 326 339 342 640 
0 339 343 640 
0 340 342 640 
0 640 
0 309 310 640 
0 308 310 640 
0 307 310 640 
0 640 
0 640 
0 640 
0 319 320 640 
0 318 321 640 
0 318 321 640 
0 319 320 640 
0 308 311 640 
0 307 312 640 
0 308 312 640 
0 309 311 640 
0 302 303 640 
0 301 304 640 
0 300 304 309 311 640 
0 301 304 308 312 640 
0 308 313 640 
0 309 312 640 
0 310 311 640 
0 640 
0 640 
0 640 
0 640 
0 640 
0 640 
0 640 
0 640 
0 640 
0 640 
0 640 
0 640 
0 640 
0 640 
0 640 
0 640 
0 640 
0 640 
0 640 
0 640 
0 640 
0 640 
0 640 
0 640 
0 640 
0 640 
0 640 
0 640 
0 640 
0 640 
0 640 
0 640 
0 640 
0 640 
0 640 
0 640 
0 640 
0 640 
0 640 
0 640 
0 640 
0 640 
0 640 
0 640 
0 640 
0 640 
0 640 
0 640 
0 640 
0 640 
0 640 
0 640 
0 640 
0 640 
0 640 
0 640 
0 640 
0 640 
0 640 
