










427 434 
424 437 
422 439 
420 442 
418 444 
415 446 
413 448 
411 450 
409 450 
406 451 
405 453 
403 454 
401 455 
399 456 
398 457 
398 458 
397 459 
397 460 
397 461 
397 461 
397 461 
397 461 
397 461 
397 461 
397 462 
397 462 
396 462 
396 462 
396 462 
396 462 
396 462 
396 462 
396 462 
396 463 
396 464 
396 465 
396 467 
395 468 
392 469 
389 470 
386 472 
383 474 
380 475 
378 476 
376 477 
374 478 
372 479 
371 480 
369 481 
367 482 
366 483 
365 484 
364 485 
363 486 
362 486 
361 487 
360 488 
359 489 
358 489 
357 490 
356 491 
356 491 
355 492 
354 493 
354 493 
353 494 
352 494 
352 495 
351 495 
350 496 
349 496 
349 497 
348 498 
348 498 
347 499 
346 499 
346 500 
346 500 
345 501 
345 502 
344 502 
344 503 
343 503 
343 504 
343 504 
342 505 
342 505 
342 505 
342 506 
341 506 
341 506 
341 507 
341 507 
341 507 
341 508 
341 508 
341 508 
341 508 
341 508 
341 509 
341 509 
341 509 
340 509 
340 509 
340 509 
340 509 
340 343 344 509 
339 342 344 509 
339 342 344 509 
339 341 344 509 
339 340 343 509 
338 340 343 509 
343 509 
343 509 
343 509 
343 509 
343 509 
343 509 
343 509 
343 509 
343 509 
343 509 
343 509 
344 509 
344 509 
344 508 
344 346 348 508 
344 346 348 508 
348 508 
349 508 
349 508 
349 508 
350 508 
353 508 
354 508 
354 356 357 508 
358 508 
359 508 
360 507 
360 507 
361 507 
362 507 
362 507 
363 507 
362 506 
362 506 
360 506 
359 506 
357 506 
356 506 
355 507 
354 507 
353 507 
354 507 
354 508 
355 508 
355 508 
356 508 
358 508 
359 508 541 544 
361 509 541 544 
362 509 540 545 
362 509 540 546 
363 509 540 546 
363 510 540 547 
363 510 539 548 
363 510 539 548 
363 511 538 549 
363 511 538 549 
363 512 537 550 
364 512 537 551 
364 512 536 552 
365 513 535 552 
366 513 534 553 
368 513 533 554 
368 513 532 554 
368 514 531 555 
368 514 530 556 
369 514 530 557 
369 514 529 558 
370 515 528 558 
371 515 528 559 
371 515 527 560 
372 516 526 561 
373 517 526 562 
373 517 525 562 
373 515 525 563 
373 515 524 564 
374 515 523 565 
374 516 523 565 
375 513 514 517 522 566 
375 512 514 517 521 568 
376 512 515 518 520 568 
376 393 395 512 519 569 
377 386 395 511 518 570 
395 511 518 571 
396 401 402 511 517 572 
396 400 402 511 516 573 
396 400 402 511 515 574 
397 400 402 510 514 575 
397 399 402 510 513 576 
402 510 512 577 
402 510 512 578 
402 510 511 579 
402 580 
402 498 499 581 
403 498 500 582 
403 497 501 584 
403 497 501 584 
402 497 502 586 
403 497 503 587 
403 497 502 588 
402 497 503 589 
401 497 502 590 
400 497 501 592 
398 497 500 593 
397 496 500 594 
396 496 499 595 
395 479 481 496 498 597 
393 479 481 598 
392 479 482 600 
391 480 482 601 
390 480 483 602 
389 480 483 603 
387 475 477 480 483 605 
181 182 386 476 483 606 
173 176 179 183 385 475 483 608 
172 176 177 183 384 457 459 475 484 609 
172 184 383 457 460 463 465 475 484 611 
172 185 382 457 461 462 465 474 484 613 
171 185 381 457 465 474 484 614 
171 186 188 192 194 197 380 457 466 474 483 616 
170 197 379 457 466 474 482 617 
170 198 378 458 467 474 481 619 
169 199 377 458 467 474 479 620 
169 199 373 458 468 473 477 622 
168 200 370 458 470 473 476 624 
167 200 368 459 471 473 475 626 
166 201 269 275 367 459 473 627 
166 202 268 279 366 459 472 629 
165 203 266 282 365 460 470 631 
165 203 263 285 364 460 469 633 
166 204 257 286 363 460 467 634 
166 205 256 288 362 461 466 636 
167 205 255 289 362 461 465 639 
167 206 254 290 361 462 463 640 
168 206 253 291 361 640 
169 207 253 292 361 640 
169 208 252 293 360 640 
170 209 252 294 360 640 
171 209 251 299 325 345 360 640 
171 210 250 352 360 640 
172 210 247 353 359 640 
173 211 245 352 359 640 
174 212 239 348 358 640 
174 212 229 341 357 640 
175 213 225 335 356 640 
176 214 224 326 355 640 
176 214 224 318 354 640 
177 215 225 307 353 640 
177 216 228 300 352 640 
178 216 231 299 351 640 
179 217 233 239 242 299 351 640 
180 218 243 300 350 640 
180 219 243 300 350 640 
181 219 244 300 349 640 
181 220 244 301 349 640 
182 220 245 301 348 640 
183 221 245 302 348 640 
184 222 246 302 348 640 
184 223 246 302 347 640 
185 223 247 302 347 640 
186 224 247 303 347 640 
186 225 247 303 347 640 
187 225 248 303 347 640 
187 226 248 303 347 640 
188 227 249 304 347 640 
189 227 251 304 347 640 
190 228 258 304 347 640 
190 229 259 304 347 640 
191 229 260 304 347 640 
192 230 260 304 348 640 
192 230 260 305 348 640 
193 231 261 305 348 640 
194 232 262 305 348 640 
194 233 262 305 348 640 
195 233 263 305 348 640 
196 234 264 305 347 640 
196 235 265 305 346 640 
195 235 265 305 346 640 
194 236 266 306 345 640 
194 237 267 306 345 640 
194 237 268 306 344 640 
194 238 269 306 344 640 
194 239 269 306 343 640 
194 239 270 307 343 640 
194 240 271 307 342 640 
195 240 271 308 342 640 
195 241 272 308 341 640 
195 243 272 309 341 640 
196 244 273 310 340 640 
196 245 273 310 340 640 
196 246 273 311 340 640 
197 248 274 312 339 640 
197 249 274 312 339 640 
198 250 274 313 338 640 
198 251 275 314 338 640 
199 252 275 314 338 640 
200 253 275 315 337 640 
200 254 276 315 337 640 
201 255 276 316 336 640 
201 256 276 317 336 640 
202 257 276 317 336 529 531 640 
201 258 277 318 336 527 531 640 
201 259 277 319 335 527 531 640 
201 261 277 319 335 526 531 640 
201 262 278 320 335 526 531 640 
201 263 278 320 335 526 531 640 
201 264 278 321 335 525 532 640 
201 266 279 322 334 525 532 640 
201 267 279 322 334 525 532 640 
202 268 280 323 334 518 520 524 532 640 
202 269 280 323 334 515 520 524 532 640 
202 271 281 324 334 516 520 523 532 536 537 640 
202 272 281 324 334 518 521 523 531 535 537 640 
203 272 282 325 333 520 521 523 531 535 537 640 
203 273 282 326 333 523 531 534 537 640 
203 274 283 326 333 522 531 534 538 640 
204 275 283 327 333 522 532 533 538 640 
204 275 284 328 333 516 537 640 
205 276 284 328 333 507 537 640 
205 277 285 329 333 502 536 640 
206 277 285 329 332 503 536 640 
206 278 286 330 332 503 536 640 
207 279 286 331 332 504 535 640 
207 279 287 331 332 504 535 640 
208 280 287 504 535 640 
208 280 288 456 457 487 535 640 
208 281 288 456 459 488 534 640 
209 282 289 456 460 488 534 640 
209 283 289 455 462 489 534 640 
210 284 290 455 464 489 534 640 
210 286 290 457 533 640 
211 287 290 459 533 640 
212 290 291 460 533 640 
212 461 533 545 546 640 
214 462 533 544 546 640 
216 463 533 543 546 640 
220 463 533 543 546 640 
225 464 533 541 545 640 
228 464 532 541 545 640 
230 464 532 540 545 640 
231 465 532 539 545 640 
233 465 532 538 544 640 
234 465 532 538 544 640 
236 465 532 537 544 640 
239 465 532 536 544 640 
241 465 532 535 544 640 
243 465 532 535 543 640 
246 465 531 534 543 640 
248 465 532 534 543 640 
250 464 543 640 
253 464 543 640 
256 451 452 464 543 640 
259 450 452 464 543 640 
261 450 453 464 543 640 
263 450 453 464 542 640 
265 450 453 464 542 640 
267 450 453 464 542 640 
269 450 454 464 542 640 
271 449 454 464 542 640 
272 449 454 464 542 640 
273 449 454 464 542 640 
274 449 454 464 542 640 
274 449 454 464 542 640 
275 449 455 464 542 640 
275 449 455 464 542 640 
276 449 455 464 542 640 
276 448 455 464 541 640 
277 448 455 464 541 640 
278 448 455 464 541 640 
278 448 455 464 541 640 
279 448 455 464 541 545 546 640 
280 448 455 464 541 544 546 640 
281 448 455 464 541 543 546 640 
282 448 456 465 541 543 546 640 
283 448 456 465 541 542 546 640 
284 447 456 465 546 640 
285 447 456 465 547 640 
286 447 456 465 547 640 
288 447 456 465 547 640 
289 447 456 465 547 640 
290 447 456 465 547 640 
291 447 456 465 547 640 
293 448 456 466 547 640 
294 448 456 466 547 640 
295 449 457 466 547 640 
297 449 457 466 547 640 
298 449 457 466 547 640 
299 450 457 466 547 557 558 640 
301 450 457 466 547 556 558 640 
302 451 457 466 547 555 558 640 
304 451 457 467 547 555 558 640 
305 452 457 467 547 554 558 640 
306 452 457 467 547 553 557 640 
308 452 457 467 547 553 557 640 
309 453 457 467 547 552 557 640 
311 453 457 467 547 551 557 640 
312 453 457 467 547 550 557 640 
313 454 457 468 547 550 557 640 
314 454 457 468 557 640 
316 454 457 468 556 640 
318 455 457 468 556 640 
319 455 457 468 556 640 
320 468 556 570 571 640 
322 468 556 569 571 640 
323 468 556 568 571 640 
324 469 556 567 571 640 
326 469 556 566 570 640 
327 469 555 565 570 640 
328 469 555 564 570 590 591 640 
329 469 555 563 570 590 591 640 
329 469 555 561 570 589 590 640 
328 470 555 560 569 588 590 640 
328 470 555 558 569 588 590 640 
328 470 555 557 569 587 590 640 
327 470 569 587 589 640 
325 470 568 586 589 640 
325 470 568 585 589 640 
323 470 568 585 588 640 
323 471 568 585 588 640 
322 471 567 584 588 640 
322 471 567 584 588 640 
321 471 567 584 588 640 
321 472 567 572 574 583 587 640 
320 472 567 571 573 583 587 640 
320 472 567 570 573 583 587 640 
320 472 566 569 573 583 587 640 
319 473 567 568 573 582 586 640 
319 473 573 582 586 640 
319 478 572 577 578 582 586 640 
319 479 572 577 579 581 586 640 
319 480 572 576 578 581 586 640 
319 481 572 575 578 580 586 640 
318 482 572 574 585 640 
319 483 572 574 585 640 
319 484 585 640 
319 485 585 640 
319 486 585 640 
320 487 585 640 
320 487 585 640 
320 488 584 640 
321 489 584 640 
321 489 584 639 
322 490 584 639 
322 490 584 639 
323 491 583 639 
323 492 583 639 
324 492 583 638 
324 493 583 638 
324 493 583 638 
324 494 582 638 
324 494 583 638 
324 494 583 638 
324 494 582 638 
324 494 582 638 
324 494 582 638 
324 494 582 638 
324 494 582 638 
