










225 242 
224 250 
223 255 
223 258 
222 261 
219 264 
219 267 
218 269 
218 271 
217 273 
217 275 
217 277 
217 279 
217 280 
216 281 
216 282 
216 283 
216 284 
216 285 
216 285 
217 285 287 304 330 356 
217 308 325 361 
216 311 322 365 
216 313 321 367 
216 314 320 371 
216 315 319 374 
215 316 318 376 
215 379 
215 381 
215 384 
215 385 
216 386 
216 387 
216 387 
215 387 
215 387 
215 387 
215 388 
215 388 
215 388 
215 388 
215 388 
215 388 
216 387 
215 387 
215 385 
215 385 
215 385 
215 385 
215 384 
215 384 
215 383 
216 382 
217 382 
217 381 
216 380 
216 380 
217 380 
218 379 
218 379 
217 378 
217 378 
218 377 
218 377 
218 376 
218 237 238 376 
220 230 238 375 
238 375 
237 374 
237 374 
236 373 
235 373 
235 372 
234 372 
233 371 
232 371 
232 370 
231 369 
230 369 
229 369 
228 368 
227 367 
227 367 
226 366 
225 365 
225 364 
224 363 
223 355 
222 355 
222 355 
221 355 
221 355 
221 356 
221 356 
221 356 
221 356 
221 356 
222 356 
223 356 
223 356 
226 356 
232 355 
237 355 
237 355 
238 355 
238 355 
238 354 
238 354 
238 354 
239 353 
239 353 
239 352 
240 352 
239 351 
239 350 
239 350 
238 349 
238 348 
238 348 
238 346 
238 346 
238 346 
238 346 
238 346 
238 346 
238 346 
238 346 
238 346 
239 347 
239 347 349 350 
239 350 
240 350 
240 349 
240 349 
240 349 
240 350 
240 350 
240 350 
240 350 
240 350 
240 350 
240 350 
239 350 
239 350 
239 350 
240 242 243 350 
240 242 243 350 
240 242 243 350 
240 241 243 351 
242 351 
242 351 
242 351 
242 351 
242 351 
242 351 
241 351 
241 351 
241 352 
241 352 
240 352 
240 243 244 352 
240 242 244 353 
240 242 243 353 
239 242 243 350 
239 241 243 349 
238 241 243 349 
238 240 243 349 
238 239 242 349 
242 349 
242 348 
241 348 
239 348 
238 348 
236 348 
235 348 
233 348 
232 348 
231 348 
230 348 
229 348 
228 349 
227 350 
226 350 
225 351 
225 352 
224 352 
224 352 
224 353 
223 353 
223 354 
223 354 
223 354 
223 354 
223 354 
223 355 
222 355 
222 355 
222 355 
222 356 
222 356 
222 357 
222 357 
222 357 
222 358 
222 358 
222 359 
221 359 
221 360 
221 360 
221 361 
221 361 
221 361 
221 361 
221 362 
221 363 
220 364 
220 366 
220 369 
220 370 
220 372 
220 373 
219 374 
219 374 
219 375 
218 375 
206 375 
203 375 
203 375 
203 375 
203 375 
203 374 
203 374 
204 374 
204 373 
205 372 
205 372 
206 371 
206 372 
207 373 
207 373 
208 374 
208 373 
208 373 
209 374 
209 375 
210 375 
210 376 
209 376 
209 376 
209 377 
208 377 
208 246 247 377 
208 245 248 377 
208 245 248 377 
207 245 248 378 
207 245 248 378 
207 245 248 379 
207 245 249 379 
206 245 249 379 
206 245 249 379 
206 245 249 380 
206 245 249 380 
205 245 249 381 
205 245 249 381 
205 245 249 381 
205 245 249 381 
205 244 249 381 
204 244 249 382 
204 244 249 383 
204 244 248 383 
203 244 249 383 
203 244 249 383 
203 244 249 384 
203 244 250 384 
202 244 249 384 
202 244 248 385 
202 244 248 385 
202 244 248 385 
201 244 249 385 
201 244 249 386 
201 244 248 386 
201 244 248 386 
200 244 248 386 
200 244 248 387 
199 244 248 387 
199 244 248 388 
198 244 248 388 
198 244 248 388 
197 244 247 388 
197 244 248 388 
196 243 248 388 
196 243 248 389 
195 243 248 389 
195 243 248 390 
195 243 248 390 
194 243 248 390 
194 243 248 390 
193 243 248 390 
193 243 248 390 
192 243 247 390 
192 243 247 391 
191 243 247 391 
191 243 247 392 
190 243 247 392 
190 242 247 392 
189 242 247 393 
189 242 247 393 
188 242 247 393 
188 242 247 393 
187 242 246 393 
187 242 246 394 
187 242 247 394 
186 242 247 394 
186 242 247 395 
185 242 247 395 
185 241 246 395 
184 241 246 395 
184 241 245 396 
183 241 245 396 
183 241 244 397 
182 241 244 397 
182 241 245 397 
181 241 247 398 
181 240 247 398 
180 240 246 398 
180 240 245 399 
179 240 244 399 
179 240 243 400 
178 240 242 400 
178 240 242 401 
177 240 241 401 
177 402 
176 402 
176 402 
175 402 
175 402 
174 401 
174 401 
173 401 
173 401 
172 400 
172 399 
171 399 
171 399 
170 399 
170 399 
170 398 
169 397 
169 397 
169 398 
170 398 
170 399 
171 399 
171 399 
172 400 
172 401 
173 401 
174 402 
175 402 
175 403 
176 403 
176 403 
176 404 
176 404 
177 405 
177 405 
177 405 
177 405 
177 405 
177 405 
176 405 
176 405 
176 405 
176 405 
176 405 
175 405 
175 404 
175 404 
175 403 
175 402 
175 400 
174 399 
174 398 
174 395 
174 394 
174 393 
174 393 
174 393 
174 393 
174 392 
174 392 
174 392 
174 392 
174 392 
174 392 
174 392 
174 392 
174 392 
174 392 
174 392 
175 392 
175 392 
176 392 
177 391 
176 391 
176 391 
176 391 
176 391 
175 391 
175 391 
175 391 
175 390 
175 390 
175 390 
175 390 
174 390 
174 390 
174 390 
174 390 
173 389 
173 389 
173 389 
173 389 
173 389 
172 388 
172 388 
172 388 
172 387 
172 387 
172 386 
172 386 
172 385 
171 385 
171 384 
171 383 
171 382 
171 381 
171 380 
171 378 
171 204 205 378 
171 203 205 378 
171 203 204 378 
171 202 204 379 
171 201 204 379 
171 200 203 379 
170 200 203 380 
170 199 203 380 
170 199 203 380 
170 198 202 381 
171 198 202 381 
171 197 202 382 
171 196 202 382 
171 196 201 382 
171 195 201 383 
171 194 201 383 
171 194 201 384 
171 193 200 384 
171 193 200 384 
172 192 200 385 
172 191 200 385 
173 190 199 385 
173 190 199 386 
174 189 199 386 
175 188 198 387 
176 187 198 387 
177 186 198 387 
178 187 198 388 
181 183 185 187 197 388 
181 183 185 187 197 389 
