














































303 365 
296 372 474 477 479 480 
293 375 468 484 
290 379 463 485 
287 382 462 485 
285 384 456 457 460 486 
283 387 455 486 
282 389 453 487 
280 391 452 487 
279 392 451 487 
278 394 444 487 
277 395 443 487 
276 397 441 487 
275 398 440 487 
274 399 437 487 
273 401 436 486 
272 402 435 486 
271 404 434 486 
270 404 431 486 
270 405 429 486 
269 406 426 486 
268 407 425 486 
268 408 423 486 
267 409 422 485 
266 410 421 486 
266 410 420 487 
265 411 415 418 419 487 
265 412 414 487 
264 488 
264 488 
264 488 
263 488 
263 488 
262 489 
262 490 
261 490 
261 490 
261 491 
260 491 
260 492 
260 492 
260 493 
259 493 
259 493 
259 494 
259 495 
258 496 
258 496 
258 496 
258 496 
257 497 
257 498 
257 499 
257 500 
257 500 
257 500 
257 501 
256 502 
256 502 
256 502 
256 503 
256 504 
256 505 
256 505 
256 506 
256 507 
256 508 
256 509 
256 509 
256 509 
256 509 
256 509 
256 509 
255 506 
254 490 491 497 
252 482 483 488 
250 478 
248 478 
246 479 
244 480 
243 481 
242 481 
241 482 
240 482 
238 482 
238 482 
236 482 
235 482 
234 482 
232 482 
231 482 
230 481 
229 481 
228 481 
217 225 226 480 
216 480 
216 417 419 480 
216 417 422 479 
216 417 423 478 
217 417 425 478 
217 417 428 477 
218 417 430 476 
219 417 433 475 
221 417 438 475 
222 417 440 474 
222 417 441 474 
222 417 446 473 
222 417 447 472 
222 418 450 472 
222 418 453 471 
222 419 456 470 
221 420 459 469 
222 421 462 468 
222 422 
223 423 
224 227 230 425 
232 425 
233 426 
234 426 
235 426 
237 426 
238 425 
239 425 
240 425 
241 424 
243 424 
244 423 
244 423 
244 423 
244 246 248 422 
249 422 
251 262 263 421 
252 262 263 421 
253 262 263 420 
253 262 263 420 
253 262 264 419 
253 262 264 419 
253 257 258 263 265 418 
253 256 259 263 265 418 
252 255 260 264 265 418 
260 264 265 418 
261 264 265 418 
261 418 
262 418 
263 418 
263 418 
264 418 
265 417 
265 416 
265 416 
265 415 
265 414 
264 414 
263 414 
263 414 
262 414 
261 414 
261 414 
260 414 
259 414 
258 415 
257 415 
256 416 
143 147 254 416 
140 147 252 417 
139 147 251 418 
138 147 250 418 
137 147 254 261 265 419 
136 147 265 420 
135 147 265 421 
134 147 265 423 
133 147 265 423 
132 147 264 421 
131 148 264 275 276 415 
131 147 264 274 276 414 
130 147 263 274 276 415 
129 146 263 273 277 415 
128 147 263 273 277 415 
127 148 263 273 278 416 
127 148 262 272 278 416 
126 149 262 272 278 417 
125 150 262 271 278 400 402 417 
124 151 261 270 278 400 403 418 
123 153 261 264 266 270 278 399 404 418 
123 153 261 263 266 269 279 399 405 419 
122 154 266 269 279 297 298 399 405 419 
121 155 266 268 279 287 288 297 298 398 406 420 
120 156 265 268 279 286 288 297 299 398 406 413 415 420 
119 158 265 267 279 282 283 286 289 297 300 397 407 412 416 421 
118 159 265 267 279 282 283 286 290 297 300 397 408 412 418 422 
117 160 279 282 283 285 290 297 301 396 408 411 420 422 
117 162 279 282 284 285 291 297 301 310 311 396 409 411 
116 162 280 281 292 297 302 310 312 395 
115 163 292 298 303 310 312 395 
114 164 293 298 303 394 
113 165 294 298 304 375 376 381 382 394 
112 165 294 298 305 374 376 380 382 393 
111 166 295 298 305 374 376 380 382 393 
110 167 296 298 306 368 369 374 376 380 382 392 
109 168 296 298 307 367 370 373 377 379 382 387 388 392 
108 169 307 367 370 372 377 379 382 386 388 391 
107 170 308 367 370 371 382 386 388 391 
106 170 309 366 382 385 388 390 
105 171 308 366 382 385 387 390 
104 172 308 357 358 365 382 384 387 389 
103 173 306 357 359 362 383 384 
102 173 297 357 360 362 
101 174 277 358 
100 175 268 360 
99 175 263 361 
98 176 260 363 
97 176 257 364 
96 177 256 366 
95 178 254 368 
94 178 253 370 
92 179 252 372 
91 180 251 374 
90 180 250 376 
89 181 249 378 
88 182 248 380 636 637 
86 182 247 383 635 640 
85 183 247 385 635 640 
84 184 246 387 635 640 
83 184 245 390 635 640 
81 185 244 394 635 640 
80 186 244 398 635 640 
79 186 243 401 635 640 
77 187 242 403 635 640 
76 188 241 406 634 640 
75 188 240 408 634 640 
73 189 239 410 634 640 
72 190 238 412 634 640 
70 191 237 414 633 640 
69 192 236 415 633 640 
67 192 235 416 632 640 
66 193 234 417 631 640 
65 194 233 418 630 640 
63 195 232 419 628 640 
61 195 231 419 625 640 
60 197 230 420 621 640 
59 198 230 420 617 640 
57 199 229 421 613 640 
56 200 228 421 610 640 
54 201 227 422 606 640 
53 202 226 422 602 640 
52 204 225 423 599 640 
50 207 224 423 596 640 
49 212 222 423 594 640 
48 424 591 640 
47 424 589 640 
47 424 586 640 
48 424 584 640 
59 425 582 640 
67 425 580 640 
70 110 111 126 127 425 578 640 
71 110 112 125 128 425 576 640 
72 109 112 125 130 425 575 640 
73 108 112 125 131 426 573 640 
74 108 112 124 132 426 571 640 
75 107 112 124 133 426 569 640 
76 106 112 123 134 426 567 640 
77 105 113 123 135 427 565 640 
78 105 113 123 135 427 564 640 
78 104 113 122 136 427 561 640 
79 103 113 122 137 427 560 640 
80 103 113 121 138 427 558 640 
81 102 113 120 139 427 556 640 
82 102 113 119 139 427 554 640 
83 101 114 118 140 428 552 640 
84 100 115 116 140 428 550 640 
85 99 141 428 548 640 
86 98 142 428 546 640 
87 97 142 428 454 459 543 640 
88 95 142 428 452 464 540 640 
143 428 451 468 538 640 
143 428 450 472 536 640 
143 428 450 477 533 640 
144 429 450 481 529 640 
144 431 450 487 525 640 
144 435 449 494 520 640 
144 440 449 640 
144 163 169 640 
144 160 172 640 
144 155 173 640 
144 153 173 640 
145 150 173 640 
172 640 
172 640 
171 640 
171 640 
171 640 
171 640 
171 640 
171 640 
171 640 
172 640 
173 640 
174 640 
175 181 182 640 
183 640 
183 640 
183 640 
183 640 
183 640 
184 424 425 640 
185 423 427 640 
188 190 194 422 430 640 
195 421 432 640 
195 420 435 640 
195 418 437 640 
196 418 439 640 
197 417 441 640 
200 415 443 640 
201 414 445 640 
201 412 447 640 
201 410 449 640 
201 408 450 640 
201 408 452 640 
201 408 454 640 
201 408 455 640 
201 409 457 640 
200 410 458 640 
200 410 460 640 
200 411 462 640 
200 412 463 640 
200 413 465 640 
200 412 467 640 
200 411 468 640 
200 409 470 640 
200 408 471 640 
200 409 472 640 
199 409 474 640 
199 409 475 640 
199 409 477 640 
199 409 478 640 
198 409 480 640 
198 408 481 640 
198 406 482 531 538 640 
198 398 484 529 540 640 
198 396 485 526 543 640 
198 395 486 524 545 640 
198 395 488 522 547 612 622 640 
198 395 489 520 549 608 627 640 
198 395 490 518 551 602 631 640 
198 394 491 517 553 599 633 640 
198 394 493 515 554 595 633 640 
198 394 494 514 556 592 634 640 
198 394 496 513 557 590 633 640 
198 393 497 511 559 588 633 640 
198 393 498 510 560 586 633 640 
198 393 500 509 561 585 633 640 
198 393 503 507 563 584 633 640 
198 392 565 583 633 640 
199 392 566 582 633 640 
199 392 567 582 633 640 
198 392 568 581 633 640 
199 391 570 580 633 640 
199 391 570 580 633 640 
200 391 572 580 633 640 
200 390 573 579 633 639 
200 390 574 579 633 638 
200 390 576 579 633 637 
201 390 633 636 
201 390 634 635 
201 389 
202 389 
202 389 
203 238 240 389 
204 238 240 389 
205 237 240 388 
205 237 240 388 
207 236 240 388 
208 235 239 388 
209 234 239 388 
211 234 239 387 
212 232 239 387 
215 230 239 387 
218 228 238 387 
238 387 
238 386 
238 386 
238 386 
238 386 
238 386 
238 386 
238 386 
238 385 
238 385 
237 385 
237 385 
237 385 
237 385 
237 384 
237 383 
237 382 
236 382 
236 380 
236 379 
236 378 
236 376 
236 373 
235 369 
235 365 
235 364 
235 364 
234 364 
234 364 
233 365 
233 364 
233 365 
233 365 
232 365 
231 365 
231 365 
230 365 
229 365 
228 365 
228 365 
227 365 
226 366 
226 366 
225 366 
224 366 
224 368 
223 369 
222 370 
222 371 
221 374 
219 376 
218 376 
217 376 
217 377 
216 377 
