




















































































194 211 
192 213 
170 175 188 216 
169 177 185 218 
167 177 183 220 
166 178 180 221 
166 223 
165 224 
165 225 
164 226 
165 226 
165 227 
165 228 
166 228 
167 229 
167 230 
167 231 
167 232 
166 234 
165 235 
165 236 
165 237 
164 238 
164 238 
164 239 
163 239 
163 240 
163 240 
163 240 
162 240 
162 240 
162 240 
162 240 
162 240 
163 241 
163 241 
163 242 
163 243 
163 243 
164 243 
164 244 
165 244 
166 244 
166 245 
167 245 
167 246 
168 246 
168 246 
169 247 
170 247 
171 173 177 248 
172 173 177 248 
176 248 
175 248 
174 248 
172 249 
172 249 
172 249 
173 249 
173 250 
174 245 247 250 
176 245 248 250 
177 245 
177 244 
178 244 
178 244 
179 243 
180 243 
181 243 
182 236 237 242 
183 235 237 242 
183 235 238 241 
184 235 238 240 
184 235 
185 235 
186 232 233 235 
188 231 
187 231 
187 230 
187 230 
182 230 
181 230 
180 230 
180 230 
178 223 226 229 
177 222 227 229 
177 222 228 229 
177 222 
177 222 
177 223 
178 223 
179 223 
180 223 
180 223 
181 224 
180 224 
180 224 
180 224 
176 225 
176 225 
175 225 
174 226 
173 226 
172 227 
172 227 
171 228 
170 228 
170 228 
169 228 
168 229 
167 229 
167 229 
166 230 
165 230 
165 230 
164 230 
164 230 
165 230 
164 230 
163 230 
162 230 
162 229 
161 230 
161 230 
160 230 
160 231 
160 234 
160 236 
159 236 
159 236 
159 235 
158 235 
158 235 
158 236 
158 236 
158 236 
158 236 
158 236 
158 237 
159 237 
159 238 
160 239 
160 240 
161 240 
162 241 
163 241 
164 242 
165 243 
167 243 
170 244 
171 244 
171 245 
171 245 
171 246 
171 246 
171 247 
171 247 
171 247 
171 248 
171 248 
171 248 
171 248 
171 248 
171 248 
171 248 
171 248 
171 247 
171 247 
170 246 
170 246 
170 245 
170 245 
170 244 
169 243 
169 243 
169 242 
168 242 
167 241 
167 241 
166 240 
166 240 
165 239 
165 239 
164 238 
164 238 
163 238 
161 237 
161 237 
160 236 
160 236 
161 236 
161 235 
161 235 
162 235 
162 234 
162 234 
161 234 
161 233 
160 233 
160 233 
160 232 
160 231 
159 230 
159 229 
159 228 
158 227 
158 227 
157 228 
157 228 
157 229 
156 230 
156 231 
155 232 
155 233 
155 234 
156 235 
156 236 
157 232 233 236 
157 231 
157 231 
157 232 
156 232 
156 233 
156 233 
155 233 
155 234 
155 234 
154 234 
154 235 
154 235 
153 235 
153 236 
153 236 
152 237 
152 237 
152 237 
151 238 
151 238 
151 238 
150 238 
150 239 
150 239 
150 239 
149 240 
149 240 
149 240 
149 240 
148 241 
148 241 
148 242 
148 242 
147 242 
147 242 
147 242 
147 243 
147 243 
146 243 
146 244 
146 244 
146 244 
145 244 
145 245 
145 245 
145 245 
145 245 
145 246 
145 246 
144 246 
144 246 
144 247 
144 247 
144 247 
143 247 
143 248 
143 248 
143 248 
143 248 
142 249 
142 249 
142 249 
142 249 
142 249 
142 250 
142 250 
141 250 
141 250 
141 250 
141 251 
141 251 
141 251 
140 251 
140 252 
140 252 
140 252 
140 252 
140 252 
139 252 
139 253 
139 253 
139 253 
139 253 
138 253 
138 253 
138 253 
138 253 
138 253 
138 254 
137 254 
137 254 
137 254 
137 254 
137 254 
137 254 
136 254 
136 254 
136 255 
136 255 
136 255 
135 255 
135 255 
135 255 
135 255 
135 255 
135 255 
135 255 
134 256 
134 256 
134 256 
134 256 
133 256 
133 256 
133 256 
133 256 
133 257 
133 257 
132 257 
132 257 
132 257 
132 257 
132 257 
132 257 
131 257 
131 258 
131 258 
131 258 
131 258 
131 258 
131 258 
131 258 
130 258 
130 258 
130 259 
130 259 
130 259 
130 259 
130 259 558 560 
130 259 552 562 
129 259 547 571 
129 260 543 574 575 576 
129 260 542 577 582 589 
129 260 540 588 589 590 
129 260 540 589 591 592 
129 260 538 590 
128 260 538 590 591 593 
128 260 537 592 
128 261 536 592 593 594 
128 261 535 593 
128 261 535 594 
128 261 534 594 
128 262 533 594 
127 262 532 594 
127 262 531 596 
127 262 530 596 
127 262 530 595 
127 262 529 594 
127 262 529 594 595 596 
127 262 528 595 
127 263 529 595 
127 263 528 594 
126 263 529 593 
126 263 529 592 
126 263 529 592 
126 263 530 591 
126 263 530 591 
126 264 530 590 
126 264 530 590 
126 264 530 589 
126 264 529 589 
126 264 529 590 
125 264 529 590 
125 265 528 591 
125 265 528 591 
125 265 528 591 
125 265 527 592 
125 266 527 592 
