0 34 72 117 245 391 571 640 
0 34 72 117 245 391 571 640 
0 34 73 116 245 391 571 640 
0 34 74 116 246 390 571 640 
0 32 76 116 246 390 571 640 
0 32 76 116 246 390 571 640 
0 32 76 115 246 389 571 640 
0 31 77 115 246 279 286 388 571 640 
0 31 78 114 246 277 288 387 571 640 
0 31 78 114 246 276 289 386 571 640 
0 31 78 114 246 275 290 385 572 640 
0 31 79 114 246 272 292 384 572 640 
0 31 79 114 247 269 293 384 573 577 578 640 
0 31 80 113 248 269 294 383 575 576 579 640 
0 31 80 112 248 268 294 383 580 640 
0 31 80 112 248 268 295 382 580 640 
0 31 80 112 249 267 295 382 581 640 
0 30 80 112 249 266 295 381 581 640 
0 30 80 111 249 264 296 380 583 640 
0 30 80 111 250 263 296 380 584 640 
0 30 80 110 251 262 296 379 585 640 
0 30 80 110 252 262 296 378 586 640 
0 29 80 109 254 261 296 377 586 640 
0 29 80 109 254 260 297 377 587 640 
0 29 80 108 296 375 588 640 
0 29 80 108 296 375 589 640 
0 29 80 108 297 374 589 640 
0 29 79 107 297 374 590 640 
0 28 79 107 297 374 591 640 
0 28 79 106 297 374 591 640 
0 28 79 106 297 373 592 640 
0 28 79 106 297 373 592 640 
0 29 79 106 298 372 592 640 
0 29 79 106 298 372 592 640 
0 29 79 106 298 372 592 640 
0 29 79 106 298 372 592 640 
0 29 79 106 299 371 592 640 
0 29 79 106 299 371 592 640 
0 29 79 106 299 371 592 640 
0 29 79 106 300 371 592 640 
0 30 79 105 300 371 594 640 
0 30 79 105 300 371 594 640 
0 31 79 106 300 371 594 640 
0 32 79 105 301 371 594 640 
0 32 80 105 301 371 594 640 
0 32 81 105 301 371 594 640 
0 31 81 105 302 371 594 640 
0 31 79 80 81 105 303 371 594 640 
0 32 82 105 301 371 594 640 
0 32 82 105 301 371 594 640 
0 31 82 104 301 372 594 640 
0 31 83 104 301 372 594 640 
0 23 24 31 83 104 301 372 594 640 
0 23 25 30 84 103 301 373 594 640 
0 22 28 29 85 102 301 373 594 640 
0 20 86 88 93 96 97 102 301 373 594 640 
0 18 99 101 301 373 593 640 
0 17 301 373 593 640 
0 16 300 373 594 640 
0 15 300 374 594 640 
0 14 300 374 594 640 
0 13 300 374 594 640 
0 13 300 374 594 640 
0 12 300 374 594 640 
0 12 299 375 594 640 
0 12 299 375 594 640 
0 12 299 375 594 640 
0 12 298 375 594 640 
0 12 298 376 594 640 
0 12 298 376 594 640 
0 12 298 376 594 640 
0 12 298 376 593 640 
0 13 297 376 593 640 
0 13 297 376 593 640 
0 13 296 377 593 640 
0 13 296 377 593 640 
0 13 296 377 593 640 
0 13 296 378 593 640 
0 13 295 378 593 640 
0 13 295 378 593 640 
0 14 296 379 592 640 
0 14 296 379 592 640 
0 14 295 379 592 640 
0 15 295 380 592 640 
0 15 295 380 592 640 
0 15 295 380 592 640 
0 16 295 380 592 640 
0 16 295 380 592 640 
0 16 295 380 592 640 
0 16 295 379 592 640 
0 17 295 378 592 640 
0 18 295 378 592 640 
0 18 296 378 591 640 
0 18 296 377 591 640 
0 19 296 377 591 640 
0 19 296 377 591 640 
0 19 296 377 591 640 
0 19 298 376 591 640 
0 19 298 376 591 640 
0 19 301 375 591 640 
0 20 301 375 590 640 
0 20 301 374 590 640 
0 20 301 374 590 640 
0 20 301 375 590 640 
0 20 300 374 590 640 
0 20 301 374 590 640 
0 20 301 374 590 640 
0 20 301 374 590 640 
0 20 300 374 590 640 
0 20 300 374 590 640 
0 20 300 374 590 640 
0 20 300 374 590 640 
0 19 300 373 590 640 
0 19 300 373 590 640 
0 18 300 373 590 640 
0 17 300 373 590 640 
0 16 300 373 589 640 
0 16 300 373 590 640 
0 15 300 373 590 640 
0 15 300 373 590 640 
0 14 300 372 590 640 
0 14 300 372 590 640 
0 14 300 372 590 599 600 640 
0 13 300 372 591 598 604 640 
0 13 300 372 591 598 604 640 
0 12 300 372 591 597 603 640 
0 12 300 372 592 597 603 640 
0 11 300 372 592 596 603 640 
0 10 300 373 592 596 602 640 
0 10 300 373 602 640 
0 10 300 373 602 640 
0 10 301 373 602 640 
0 10 301 373 602 640 
0 10 301 373 603 640 
0 10 302 373 603 640 
0 10 302 373 603 640 
0 10 303 373 604 640 
0 10 303 373 604 640 
0 10 304 373 605 640 
0 11 304 354 358 373 606 640 
0 11 305 352 359 372 607 640 
0 11 306 352 359 372 608 640 
0 11 306 351 359 372 608 640 
0 11 307 350 359 371 608 640 
0 12 307 349 360 372 608 640 
0 12 308 348 360 372 608 640 
0 13 309 348 361 372 608 640 
0 13 309 348 361 370 608 640 
0 13 309 347 362 368 608 640 
0 14 310 346 608 640 
0 14 310 346 607 640 
0 14 310 346 607 640 
0 14 310 345 607 640 
0 14 310 345 607 640 
0 15 310 345 607 640 
0 15 310 345 606 640 
0 16 311 345 349 351 606 640 
0 16 311 345 349 351 606 640 
0 17 311 346 349 352 606 640 
0 17 311 346 348 352 606 640 
0 17 312 345 346 348 606 640 
0 17 312 345 346 348 606 640 
0 18 312 349 350 352 606 640 
0 18 312 353 605 640 
0 19 300 301 312 353 605 640 
0 19 299 302 312 353 357 358 605 640 
0 20 298 305 310 353 605 640 
0 20 297 353 605 640 
0 21 296 352 605 640 
0 21 295 352 605 640 
0 23 295 353 605 640 
0 24 295 353 604 640 
0 24 295 354 604 640 
0 25 294 354 604 640 
0 25 294 354 604 640 
0 25 294 354 604 640 
0 26 294 354 604 640 
0 27 294 354 365 368 604 640 
0 27 294 355 363 369 604 640 
0 28 294 355 362 369 604 640 
0 28 294 355 360 370 605 640 
0 29 294 355 360 370 605 640 
0 29 294 356 360 370 605 640 
0 30 294 357 360 370 605 640 
0 31 294 358 360 373 606 640 
0 31 294 358 360 373 606 640 
0 32 294 357 360 373 606 640 
0 33 294 356 360 373 606 640 
0 34 294 356 360 373 607 640 
0 35 294 355 360 374 375 376 608 640 
0 35 294 355 360 376 608 640 
0 36 294 355 360 376 609 640 
0 37 293 355 362 374 609 640 
0 38 292 354 363 374 609 640 
0 39 292 354 365 373 609 640 
0 39 292 353 366 372 610 640 
0 39 292 352 610 640 
0 39 291 352 610 640 
0 39 291 352 610 640 
0 39 291 351 611 640 
0 38 291 351 611 640 
0 38 291 334 337 350 611 640 
0 37 291 330 340 350 611 640 
0 37 291 325 344 345 611 640 
0 36 291 324 612 640 
0 36 291 324 612 640 
0 35 291 323 612 640 
0 35 291 323 612 640 
0 34 291 322 613 640 
0 34 291 322 613 640 
0 34 291 322 613 640 
0 34 291 322 613 640 
0 34 291 321 614 640 
0 34 291 321 615 640 
0 34 291 320 616 640 
0 34 291 319 616 640 
0 34 292 314 616 640 
0 34 293 312 616 640 
0 34 294 309 616 640 
0 34 295 296 298 308 616 640 
0 34 299 307 616 640 
0 34 616 640 
0 34 616 640 
0 34 616 640 
0 34 616 640 
0 35 616 640 
0 36 616 640 
0 36 616 640 
0 37 616 640 
0 37 615 640 
0 37 615 640 
0 37 615 640 
0 37 614 640 
0 37 613 640 
0 37 612 640 
0 37 612 640 
0 37 612 640 
0 37 610 640 
0 37 610 640 
0 37 609 640 
0 37 608 640 
0 37 608 640 
0 37 607 640 
0 36 606 640 
0 36 606 640 
0 35 606 640 
0 35 606 640 
0 34 605 640 
0 34 605 640 
0 34 604 640 
0 34 604 640 
0 33 604 640 
0 32 604 640 
0 32 604 640 
0 31 604 640 
0 31 604 640 
0 30 604 640 
0 30 604 640 
0 30 604 640 
0 30 605 640 
0 30 605 640 
0 30 605 640 
0 30 605 640 
0 30 606 640 
0 30 607 640 
0 30 607 640 
0 30 607 640 
0 29 606 640 
0 29 340 345 606 640 
0 29 338 349 606 640 
0 29 336 352 607 640 
0 29 336 353 607 640 
0 29 334 354 606 640 
0 29 333 355 607 640 
0 29 332 356 607 640 
0 29 331 357 607 640 
0 29 331 358 607 640 
0 29 330 358 607 640 
0 29 330 359 607 640 
0 29 330 360 607 640 
0 30 328 360 607 640 
0 30 328 360 608 640 
0 30 327 361 608 640 
0 30 326 362 608 640 
0 30 325 363 608 640 
0 31 324 364 608 640 
0 31 323 364 608 640 
0 31 322 365 608 640 
0 32 319 366 608 640 
0 32 318 365 608 640 
0 32 317 368 608 640 
0 32 316 369 608 640 
0 32 315 368 608 640 
0 32 315 366 608 640 
0 32 315 364 608 640 
0 32 315 361 608 640 
0 32 314 359 609 640 
0 32 315 356 608 640 
0 32 314 354 608 640 
0 32 315 351 608 640 
0 33 320 349 608 640 
0 33 323 347 607 640 
0 34 325 346 607 640 
0 34 327 344 607 640 
0 35 329 341 606 640 
0 36 329 337 606 640 
0 37 330 335 605 640 
0 37 605 640 
0 38 605 640 
0 38 605 640 
0 39 604 640 
0 40 603 640 
0 40 603 640 
0 40 602 640 
0 40 602 640 
0 40 601 640 
0 41 600 640 
0 43 599 640 
0 43 598 640 
0 44 598 640 
0 46 597 640 
0 46 597 640 
0 46 596 640 
0 47 596 640 
0 47 595 640 
0 48 595 640 
0 48 595 640 
0 49 595 640 
0 49 595 640 
0 50 595 640 
0 50 594 640 
0 51 593 640 
0 51 593 640 
0 51 593 640 
0 52 592 640 
0 52 591 640 
0 53 591 640 
0 54 591 640 
0 55 590 640 
0 55 590 640 
0 56 589 640 
0 56 589 640 
0 58 588 640 
0 59 588 640 
0 60 588 640 
0 61 587 640 
0 62 586 640 
0 62 585 640 
0 63 585 640 
0 64 585 640 
0 66 584 640 
0 67 584 640 
0 69 583 640 
0 71 582 640 
0 74 582 640 
0 75 581 640 
0 78 580 640 
0 80 579 640 
0 82 578 640 
0 83 577 640 
0 85 576 640 
0 86 575 640 
0 88 575 640 
0 89 574 640 
0 90 573 640 
0 92 572 640 
0 94 571 640 
0 94 570 640 
0 95 569 640 
0 96 568 640 
0 96 567 640 
0 96 395 397 567 640 
0 96 396 399 566 640 
0 95 397 401 564 640 
0 95 397 403 564 640 
0 95 398 405 563 640 
0 95 230 232 398 407 557 560 561 640 
0 95 229 232 399 409 554 640 
0 96 227 232 399 411 552 640 
0 96 225 232 400 413 551 640 
0 97 226 231 400 414 549 640 
0 98 224 225 226 230 400 416 548 640 
0 101 223 230 400 418 548 640 
0 102 222 230 401 420 547 640 
0 102 221 229 402 422 547 640 
0 103 220 229 402 423 547 640 
0 103 218 229 402 423 546 640 
0 104 218 228 403 423 545 640 
0 106 217 228 403 423 544 640 
0 106 216 228 404 424 543 640 
0 107 215 227 404 425 542 640 
0 109 214 227 404 425 541 640 
0 111 150 166 212 227 405 425 538 640 
0 112 144 172 212 227 405 425 538 640 
0 113 134 136 138 182 211 227 405 426 536 640 
0 114 128 187 210 227 405 426 535 640 
0 115 127 189 208 227 405 426 535 640 
0 117 126 190 203 226 405 427 534 640 
0 118 123 192 199 226 405 427 534 640 
0 226 405 428 533 640 
0 226 406 427 533 640 
0 226 406 428 533 640 
0 226 406 428 533 640 
0 225 406 429 533 640 
0 225 406 429 532 640 
0 225 406 430 480 497 502 504 531 640 
0 225 406 430 479 508 530 640 
0 225 406 431 477 512 530 640 
0 225 406 431 475 520 528 640 
0 225 406 432 474 640 
0 225 406 433 472 640 
0 225 406 433 470 640 
0 225 405 434 469 640 
0 226 405 435 468 640 
0 226 405 436 466 640 
0 226 405 436 461 640 
0 226 405 437 458 640 
0 226 405 439 457 640 
0 226 404 442 453 640 
0 226 404 444 448 640 
0 226 404 640 
0 227 404 640 
0 227 403 640 
0 227 403 640 
0 227 403 640 
0 228 403 640 
0 228 403 640 
0 228 403 640 
0 228 403 640 
0 229 403 640 
0 229 403 640 
0 229 403 640 
0 229 403 640 
0 229 403 640 
0 229 403 640 
0 229 403 640 
0 228 404 640 
0 228 404 640 
0 228 404 640 
0 228 404 640 
0 228 405 640 
0 228 405 640 
0 227 405 640 
0 227 405 640 
0 227 405 640 
0 227 405 640 
0 227 405 640 
0 227 405 640 
0 227 406 640 
0 227 406 640 
0 226 406 640 
0 226 406 640 
0 226 406 640 
0 226 406 640 
0 226 406 640 
0 54 56 226 406 640 
0 52 59 225 407 640 
0 69 71 225 407 640 
0 46 67 68 72 75 77 225 407 640 
0 44 71 75 78 225 407 640 
0 41 77 81 83 225 407 640 
0 42 82 85 86 225 407 640 
0 42 85 87 88 225 407 640 
0 41 88 90 92 93 94 225 407 640 
0 40 99 224 408 640 
0 39 98 103 104 224 408 640 
0 38 103 106 109 224 408 640 
0 38 107 224 408 640 
0 38 110 114 116 224 408 640 
0 37 119 224 408 640 
0 37 120 224 408 547 550 554 567 640 
0 37 122 224 408 542 570 640 
0 37 124 224 408 526 534 543 571 573 575 640 
0 37 124 223 408 518 576 640 
0 37 126 223 409 505 578 580 581 640 
0 38 129 223 409 500 502 504 580 581 582 640 
0 39 130 223 409 499 583 640 
0 40 131 223 409 499 584 640 
0 41 132 223 409 494 585 640 
0 41 133 223 409 494 585 640 
