0 640 
0 640 
0 640 
0 640 
0 640 
0 640 
0 640 
0 640 
0 640 
0 640 
0 640 
0 640 
0 640 
0 640 
0 640 
0 640 
0 640 
0 640 
0 640 
0 640 
0 640 
0 640 
0 640 
0 640 
0 640 
0 640 
0 640 
0 640 
0 640 
0 640 
0 640 
0 640 
0 640 
0 640 
0 640 
0 640 
0 640 
0 640 
0 640 
0 640 
0 640 
0 640 
0 640 
0 640 
0 640 
0 640 
0 640 
0 640 
0 640 
0 640 
0 640 
0 640 
0 640 
0 640 
0 640 
0 640 
0 640 
0 640 
0 640 
0 640 
0 640 
0 640 
0 640 
0 640 
0 640 
0 640 
0 640 
0 640 
0 640 
0 640 
0 640 
0 326 335 640 
0 323 337 640 
0 321 339 640 
0 320 340 640 
0 318 345 640 
0 317 347 640 
0 315 348 640 
0 313 354 640 
0 311 360 640 
0 309 364 640 
0 307 367 640 
0 306 370 640 
0 34 44 304 372 640 
0 31 48 303 374 640 
0 30 51 301 376 640 
0 29 54 300 378 640 
0 29 56 299 379 640 
0 28 59 298 381 640 
0 28 61 296 382 640 
0 28 64 295 384 640 
0 29 66 294 385 640 
0 30 68 293 386 640 
0 30 71 292 387 640 
0 31 73 291 388 640 
0 32 76 290 389 640 
0 33 78 289 390 640 
0 33 80 288 391 640 
0 35 83 287 392 640 
0 36 85 286 393 640 
0 36 88 285 393 640 
0 37 90 285 394 640 
0 37 91 284 394 640 
0 36 94 283 395 640 
0 36 96 282 395 640 
0 35 98 280 395 640 
0 35 100 280 396 640 
0 34 102 279 396 640 
0 34 104 278 397 640 
0 34 106 277 397 640 
0 33 108 276 398 640 
0 33 110 275 398 640 
0 33 112 275 398 640 
0 32 113 274 399 640 
0 32 115 273 399 640 
0 31 116 272 399 640 
0 31 117 270 400 640 
0 31 118 269 400 640 
0 30 119 269 400 640 
0 30 119 268 401 640 
0 29 121 266 401 640 
0 29 123 265 401 640 
0 29 125 265 401 640 
0 28 128 263 401 640 
0 28 130 262 402 640 
0 28 133 261 402 640 
0 27 136 260 402 640 
0 27 139 259 264 267 402 640 
0 27 141 257 263 266 402 640 
0 26 144 256 261 264 403 640 
0 26 146 254 259 261 403 640 
0 26 101 107 149 253 258 259 403 640 
0 25 101 111 113 119 152 251 403 640 
0 25 101 122 154 251 403 640 
0 25 100 124 157 251 403 640 
0 24 100 127 160 252 404 640 
0 24 99 129 162 253 404 640 
0 24 99 132 164 252 404 640 
0 23 98 135 167 251 405 640 
0 23 98 137 169 250 400 401 405 640 
0 23 97 139 172 249 400 402 405 640 
0 22 97 142 175 248 400 402 405 640 
0 22 96 145 177 253 256 261 400 403 404 640 
0 22 96 147 180 263 399 640 
0 22 96 150 183 264 399 640 
0 21 95 152 185 264 399 640 
0 21 95 155 189 268 398 640 
0 20 94 158 191 272 398 640 
0 20 94 160 194 272 277 278 397 640 
0 20 93 162 197 272 276 277 397 640 
0 20 93 165 199 272 396 640 
0 19 92 168 202 271 275 276 395 640 
0 19 92 171 205 271 274 275 384 385 392 640 
0 19 92 173 207 270 383 385 388 389 392 640 
0 18 91 175 210 270 382 384 387 390 391 640 
0 18 91 178 213 270 377 379 381 383 386 640 
0 18 90 181 215 269 377 379 380 382 385 640 
0 18 90 183 219 269 377 382 383 640 
0 17 90 186 221 268 377 640 
0 17 89 188 224 268 377 640 
0 17 88 191 227 268 377 640 
0 17 88 194 230 268 377 640 
0 16 88 197 233 267 377 640 
0 16 87 199 235 267 378 640 
0 16 87 201 238 265 378 640 
0 15 87 205 241 264 379 640 
0 15 86 208 243 264 380 640 
0 15 86 210 247 270 380 640 
0 15 85 213 250 269 379 640 
0 14 85 215 252 268 378 640 
0 14 85 218 256 267 376 640 
0 14 84 221 259 266 374 640 
0 14 84 224 261 265 373 640 
0 14 83 227 263 264 372 640 
0 13 83 229 372 640 
0 13 83 232 371 640 
0 13 82 235 370 640 
0 13 82 238 369 640 
0 12 81 241 368 640 
0 12 81 243 320 321 366 640 
0 12 81 246 319 322 365 640 
0 12 80 249 318 322 364 640 
0 12 80 252 318 322 363 640 
0 11 80 254 317 321 347 349 362 640 
0 11 79 255 317 318 348 350 361 640 
0 11 79 261 316 317 348 351 360 640 
0 10 79 262 315 317 349 351 353 355 359 640 
0 10 78 263 314 316 350 351 352 357 358 640 
0 10 78 263 313 316 353 640 
0 10 78 263 266 269 313 315 353 640 
0 10 77 264 265 269 354 640 
0 10 77 269 355 640 
0 10 76 269 356 640 
0 9 76 269 270 271 357 640 
0 9 76 270 358 640 
0 9 75 274 360 640 
0 9 75 273 362 640 
0 9 75 273 366 640 
0 9 75 272 294 295 369 640 
0 8 74 276 293 295 371 640 
0 8 74 275 283 286 292 294 301 304 374 640 
0 8 74 275 283 287 290 294 300 305 375 640 
0 8 73 274 282 287 289 295 299 304 377 640 
0 8 73 274 275 278 282 295 298 304 378 640 
0 8 73 278 281 295 298 303 380 640 
0 8 73 278 280 294 297 303 381 640 
0 7 72 294 296 303 382 640 
0 7 72 302 383 640 
0 7 72 302 384 640 
0 7 72 302 384 640 
0 7 71 301 385 640 
0 7 71 301 386 640 
0 7 71 300 389 640 
0 7 71 300 393 640 
0 7 70 300 396 640 
0 7 70 300 400 640 
0 6 70 300 403 640 
0 6 70 300 407 640 
0 6 70 300 410 640 
0 6 70 300 414 640 
0 6 70 300 417 640 
0 6 69 300 421 640 
0 5 69 300 424 640 
0 5 69 300 428 640 
0 5 69 301 432 640 
0 5 68 301 435 640 
0 5 68 301 439 640 
0 5 68 302 389 393 443 640 
0 5 68 302 388 396 446 640 
0 5 68 302 388 400 450 640 
0 5 68 302 387 403 454 640 
0 5 68 301 388 407 458 640 
0 5 67 300 388 410 461 640 
0 5 67 299 388 414 465 493 498 640 
0 5 67 298 388 418 469 479 484 492 499 640 
0 4 67 298 388 421 473 478 485 491 500 640 
0 4 67 297 388 424 486 490 500 503 508 640 
0 4 67 296 389 428 487 489 500 502 509 640 
0 4 66 296 390 431 487 489 509 640 
0 4 66 295 390 435 509 510 514 640 
0 4 66 294 391 438 515 640 
0 4 66 294 392 442 515 521 522 640 
0 4 66 294 392 446 516 520 524 640 
0 4 66 293 393 450 516 519 525 640 
0 4 66 293 393 453 516 519 525 640 
0 4 66 293 394 456 516 519 526 640 
0 4 65 293 394 460 517 518 526 640 
0 4 65 293 394 464 526 640 
0 4 65 293 395 468 527 640 
0 4 65 293 396 471 528 640 
0 4 65 294 397 475 533 640 
0 4 65 294 398 476 537 640 
0 4 65 295 398 477 541 640 
0 4 65 295 399 477 545 640 
0 4 64 295 400 477 550 640 
0 4 64 295 401 477 554 640 
0 4 64 294 401 477 558 640 
0 4 64 293 402 477 563 640 
0 4 64 292 402 477 567 640 
0 4 64 292 403 477 571 640 
0 4 63 291 404 478 576 640 
0 4 63 290 404 478 581 640 
0 4 63 290 404 478 585 640 
0 4 63 289 405 478 590 640 
0 4 63 288 405 478 523 527 594 640 
0 4 63 287 405 478 522 530 600 640 
0 4 63 287 406 478 521 534 604 640 
0 4 63 286 406 478 521 538 609 640 
0 4 63 285 406 478 520 542 614 640 
0 4 63 285 406 477 520 544 618 640 
0 4 63 284 406 477 519 548 624 640 
0 4 62 283 407 476 518 552 628 640 
0 4 62 283 407 474 518 556 633 640 
0 4 62 282 407 471 517 559 638 640 
0 4 62 281 407 467 516 562 
0 4 62 281 407 463 516 566 
0 4 62 280 407 459 515 569 
0 4 62 280 407 455 514 573 
0 4 62 279 406 451 513 577 
0 4 62 279 406 448 512 580 
0 4 62 278 406 444 512 583 
0 4 62 278 406 440 511 586 
0 4 62 277 310 311 405 436 510 590 
0 4 62 277 309 312 405 433 509 593 
0 4 62 276 308 312 405 429 507 596 
0 4 62 276 307 312 405 425 506 599 
0 4 62 275 306 312 405 422 505 603 
0 4 62 275 305 313 405 419 504 606 
0 4 62 275 304 313 406 415 502 609 
0 4 62 275 303 313 406 412 501 611 
0 4 62 274 302 313 407 409 500 615 
0 4 62 274 301 313 498 619 
0 4 62 274 300 313 496 622 
0 5 62 274 300 313 495 625 
0 5 62 274 301 313 493 628 
0 5 62 274 302 313 491 631 
0 5 62 274 303 314 489 634 
0 5 62 274 304 314 486 640 
0 5 62 274 305 314 484 640 
0 5 62 274 306 314 482 640 
0 5 62 274 307 314 479 640 
0 5 62 275 308 314 476 640 
0 5 62 275 309 313 474 640 
0 5 62 275 310 313 471 640 
0 6 62 276 311 314 469 640 
0 6 62 277 466 640 
0 6 62 277 463 640 
0 6 62 278 460 640 
0 6 62 278 458 640 
0 6 62 279 455 640 
0 7 62 280 452 640 
0 7 62 281 450 640 
0 7 62 282 447 640 
0 7 62 283 444 640 
0 7 62 284 441 640 
0 7 62 285 438 640 
0 7 62 286 436 640 
0 7 62 288 433 640 
0 8 62 289 430 640 
0 8 62 290 394 396 427 640 
0 8 62 292 394 398 424 640 
0 8 63 293 393 401 420 640 
0 8 63 294 393 405 416 640 
0 8 63 295 392 640 
0 9 63 296 392 640 
0 9 63 298 391 640 
0 9 63 298 391 640 
0 9 63 300 391 640 
0 9 64 301 391 640 
0 9 64 302 391 640 
0 10 64 303 391 640 
0 10 64 304 391 640 
0 10 64 306 391 640 
0 10 65 307 391 640 
0 10 65 308 391 640 
0 10 65 309 391 640 
0 11 65 310 391 640 
0 11 65 312 391 640 
0 11 66 313 391 640 
0 12 66 314 391 640 
0 12 66 315 391 640 
0 12 66 315 391 640 
0 13 66 315 391 640 
0 13 67 315 391 640 
0 13 67 315 391 640 
0 13 67 315 392 640 
0 13 67 315 393 640 
0 14 68 315 394 640 
0 14 68 316 395 640 
0 14 68 316 396 640 
0 15 68 317 397 640 
0 15 68 317 398 640 
0 15 69 317 399 640 
0 15 69 316 400 640 
0 16 69 315 401 640 
0 16 70 314 401 640 
0 17 70 314 402 640 
0 17 70 313 402 640 
0 17 70 312 403 640 
0 18 71 311 402 640 
0 18 71 310 403 640 
0 18 71 309 403 640 
0 18 71 309 403 640 
0 19 72 308 402 640 
0 19 72 307 402 640 
0 19 72 306 401 640 
0 20 73 305 401 640 
0 20 73 304 401 640 
0 20 73 304 401 640 
0 21 73 303 401 640 
0 21 74 302 402 640 
0 22 74 301 402 640 
0 22 74 300 403 640 
0 23 75 300 403 640 
0 23 75 299 404 640 
0 23 75 298 404 640 
0 24 76 297 405 640 
0 24 76 297 405 640 
0 24 76 296 406 640 
0 25 77 295 406 640 
0 25 77 294 407 640 
0 26 77 293 407 640 
0 26 77 292 408 640 
0 27 77 291 409 640 
0 27 78 290 409 640 
0 28 78 289 410 640 
0 28 79 288 410 640 
0 28 79 287 411 640 
0 29 79 286 412 640 
0 29 80 285 413 640 
0 30 80 283 413 640 
0 30 80 282 414 640 
0 30 81 281 415 640 
0 31 81 280 416 640 
0 31 81 278 417 640 
0 32 82 277 418 640 
0 32 82 276 419 640 
0 33 82 275 419 640 
0 33 82 273 420 640 
0 33 83 272 421 640 
0 34 83 270 422 640 
0 34 83 269 423 640 
0 35 84 267 423 640 
0 35 84 266 424 640 
0 35 84 264 425 640 
0 36 85 263 426 640 
0 37 85 261 426 640 
0 37 85 260 427 640 
0 37 86 258 428 640 
0 38 86 256 428 640 
0 38 86 255 429 640 
0 38 86 253 430 640 
0 39 87 252 430 640 
0 39 87 250 431 640 
0 39 87 249 432 640 
0 39 87 248 432 640 
0 40 88 246 433 640 
0 40 88 244 433 640 
0 40 88 243 434 640 
0 41 88 241 434 640 
0 41 88 240 435 640 
0 41 88 238 436 640 
0 42 88 237 436 640 
0 42 88 235 437 640 
0 42 88 234 437 640 
0 42 89 232 438 640 
0 42 88 230 438 640 
0 42 88 229 439 640 
0 43 88 228 439 640 
0 43 88 226 440 640 
0 43 87 225 440 640 
0 43 87 223 440 640 
0 43 87 222 427 429 439 640 
0 43 86 220 427 433 434 640 
0 43 86 219 427 640 
0 43 86 217 427 640 
0 43 85 216 428 640 
0 43 85 215 428 640 
0 43 85 213 428 640 
0 43 84 212 429 640 
0 43 83 210 429 640 
0 43 83 209 430 640 
0 43 83 208 430 640 
0 43 82 206 430 640 
0 43 82 205 430 640 
0 43 81 203 431 640 
0 43 81 202 431 640 
0 42 81 201 431 640 
0 42 80 200 431 640 
0 42 80 199 432 640 
0 42 79 197 432 640 
0 42 79 196 432 640 
0 42 78 195 433 640 
0 42 78 194 433 640 
0 41 77 192 433 640 
0 41 77 192 433 640 
0 41 76 190 434 640 
0 41 76 189 434 640 
0 41 76 188 434 640 
0 41 75 186 435 640 
0 41 75 185 435 640 
0 41 74 185 435 640 
0 40 74 184 435 640 
0 40 74 182 436 640 
0 40 73 181 436 640 
0 40 73 180 436 640 
0 40 73 179 437 640 
0 40 72 177 437 640 
0 40 72 176 437 640 
0 40 72 175 437 640 
0 40 72 175 438 640 
0 40 71 174 438 640 
0 40 71 172 438 640 
0 40 71 171 438 640 
0 40 71 170 438 640 
0 40 71 170 439 640 
0 40 71 169 439 640 
0 41 70 168 439 640 
0 41 70 166 440 640 
0 41 70 166 440 640 
