0 279 
0 280 
0 281 
0 281 282 283 
0 282 
0 283 284 285 
0 283 
0 284 
0 285 
0 285 
0 286 287 288 
0 287 288 289 
0 287 288 289 
0 288 
0 289 
0 290 
0 291 
0 292 
0 294 
0 294 
0 294 295 296 
0 297 
0 297 
0 297 
0 297 298 299 
0 298 299 300 
0 299 
0 299 
0 302 
0 302 303 304 
0 303 304 305 
0 304 
0 305 
0 306 
0 307 
0 308 
0 310 
0 310 
0 312 
0 314 
0 314 
0 317 
0 318 
0 73 76 318 
0 73 76 319 
0 71 76 322 
0 70 76 322 
0 70 77 324 
0 69 77 325 
0 68 78 326 
0 66 78 328 
0 65 79 329 
0 65 80 330 
0 64 81 333 
0 63 82 332 
0 61 83 334 
0 60 84 336 
0 60 85 337 
0 58 87 339 
0 57 88 340 
0 56 90 342 
0 55 91 344 
0 55 93 345 
0 54 94 99 100 347 
0 53 95 100 101 139 141 349 
0 51 97 100 102 139 142 350 
0 50 103 139 142 352 
0 50 104 117 120 139 141 354 
0 48 105 117 121 139 141 356 
0 47 106 117 123 140 141 357 
0 46 108 117 125 359 
0 45 87 90 109 117 126 361 
0 45 84 87 110 117 128 363 
0 43 111 117 130 364 
0 42 80 81 84 85 93 94 112 116 132 366 
0 41 81 92 93 94 113 116 134 367 
0 41 76 78 80 93 115 116 135 370 
0 40 78 95 136 372 
0 39 76 94 95 96 137 374 
0 38 74 95 137 374 
0 36 68 71 73 95 139 376 
0 35 66 68 71 95 139 379 
0 35 69 95 137 380 
0 34 61 63 68 95 136 382 
0 33 66 95 136 137 138 384 
0 32 56 59 63 95 137 385 
0 30 56 58 61 95 137 387 
0 30 53 54 59 95 137 389 
0 29 57 95 136 390 
0 28 47 50 56 95 136 392 
0 27 44 47 53 95 136 394 
0 27 42 43 49 95 135 395 
0 26 40 42 48 95 135 397 
0 25 39 40 46 94 135 137 140 398 
0 24 35 36 43 94 139 399 
0 23 33 34 41 95 139 140 141 401 
0 22 38 95 139 402 
0 22 28 31 35 95 140 403 
0 21 23 25 33 95 140 404 
0 20 22 23 24 25 31 95 140 149 150 405 
0 20 22 24 25 27 28 95 140 148 152 406 
0 19 24 95 140 146 151 408 
0 18 21 94 139 145 151 409 
0 94 139 144 151 410 
0 94 139 143 151 411 
0 93 139 142 151 412 
0 92 139 141 150 413 
0 91 138 141 150 414 
0 89 138 140 150 415 
0 86 138 139 149 416 
0 82 149 417 
0 80 149 417 
0 76 148 418 
0 74 148 419 
0 71 148 419 
0 69 148 420 
0 66 149 420 
0 64 148 421 
0 61 147 421 
0 59 146 422 
0 57 146 422 
0 54 145 423 
0 52 144 423 
0 50 144 423 
0 47 143 424 
0 45 142 424 
0 43 141 425 
0 41 141 425 
0 39 140 425 
0 37 139 425 
0 35 139 426 
0 33 141 426 
0 31 140 426 
0 29 140 426 
0 27 140 427 
0 25 139 427 
0 23 139 428 
0 22 138 428 
0 20 138 428 
0 19 137 429 
0 18 137 429 
0 17 137 429 
0 16 136 430 
0 16 18 19 136 430 
0 20 135 430 
0 18 134 430 
0 19 134 431 
0 20 133 431 
0 21 132 431 
0 22 23 24 132 431 
0 25 131 431 
0 25 131 432 
0 24 130 432 
0 25 129 432 
0 26 129 433 
0 28 129 433 
0 28 131 134 135 434 
0 28 132 434 
0 29 133 434 
0 29 133 434 
0 30 132 435 
0 30 130 131 134 435 
0 30 133 435 
0 31 133 435 
0 32 132 435 
0 32 132 436 
0 33 131 436 
0 33 131 436 
0 34 131 437 
0 34 130 437 
0 34 130 134 135 437 
0 34 129 132 134 438 
0 35 129 130 134 438 
0 35 133 438 
0 35 132 438 
0 36 132 439 
0 36 131 439 
0 36 131 439 
0 36 130 439 
0 36 130 440 
0 37 130 440 
0 37 129 440 
0 37 129 440 
0 38 129 441 
0 38 129 441 
0 38 130 441 
0 38 130 442 
0 39 130 442 
0 39 129 442 
0 39 129 442 
0 39 129 443 
0 40 128 443 
0 40 128 443 
0 40 127 444 
0 40 127 444 
0 40 126 444 
0 40 126 444 
0 41 124 445 
0 41 125 445 
0 41 125 126 127 445 
0 42 127 445 
0 42 124 446 
0 42 126 446 
0 42 126 127 129 446 
0 43 128 447 
0 43 125 126 128 447 
0 43 125 126 128 447 
0 43 127 447 
0 43 127 128 129 448 
0 43 128 448 
0 44 127 448 
2 44 127 449 
3 44 126 449 
4 44 126 449 
6 44 126 131 136 449 
7 44 136 449 
8 44 134 450 
10 44 135 450 
13 44 134 450 
15 43 133 450 
20 42 133 451 
24 40 132 451 
132 134 135 451 
132 134 135 452 
132 133 135 137 138 452 
131 132 137 452 
134 135 137 453 
134 135 136 453 
133 134 139 453 
138 453 
131 132 137 454 
137 454 
136 454 
134 454 
135 455 
135 455 
134 455 
133 138 139 456 
132 136 139 456 
132 134 138 456 
137 457 
135 457 
135 457 
135 457 
134 457 
134 458 
133 458 
131 458 
128 129 130 458 
127 459 
128 459 
124 125 127 459 
123 124 125 460 
122 123 124 460 
121 460 
122 460 
118 119 121 461 
119 461 
118 461 
117 462 
113 115 116 462 
115 462 
116 117 120 462 
120 463 
114 116 119 121 123 463 
118 119 122 463 
118 119 122 463 
116 120 122 365 366 463 
115 116 121 124 125 364 366 464 
121 123 124 363 365 464 
123 362 365 464 
121 362 365 465 
120 361 365 465 
119 361 365 465 
118 163 164 360 365 465 
117 162 164 360 364 466 
117 125 128 160 166 359 364 466 
118 120 127 159 165 358 364 466 
128 157 165 358 364 467 
127 156 165 357 364 467 
128 155 164 357 364 467 
127 154 164 356 363 467 
127 152 163 356 363 468 
126 151 162 355 363 468 
126 149 162 355 363 468 
125 127 128 148 162 354 363 468 
129 147 161 354 363 469 
129 146 161 353 363 469 
128 144 161 353 362 469 
128 143 160 353 362 469 
129 142 160 352 361 469 
128 141 159 352 361 470 
128 140 159 351 361 470 
127 130 132 138 158 350 360 470 
127 129 132 137 158 350 360 470 
131 136 157 349 359 471 
131 134 160 349 359 471 
130 133 160 348 359 471 
129 132 161 348 358 472 
129 130 161 347 358 472 
160 347 358 472 
160 346 357 472 
160 346 357 473 
160 345 356 473 
159 344 356 473 
159 344 355 473 
158 343 355 474 
157 343 355 474 
157 342 354 474 
158 342 354 474 
160 342 353 474 
161 342 353 474 
161 341 352 475 
161 341 352 475 
161 341 352 475 
161 340 353 476 
160 340 353 476 
159 340 352 477 
159 163 164 339 355 363 365 477 
165 339 355 363 364 477 
165 339 355 362 364 477 
164 339 354 361 364 478 
163 338 354 360 364 478 
162 338 353 359 364 478 
162 338 353 358 364 479 
161 338 353 354 355 358 364 372 373 479 
160 337 355 357 364 371 373 479 
159 337 355 356 364 370 372 480 
158 337 364 369 373 379 380 480 
157 337 364 369 373 379 380 387 388 480 
156 336 365 368 372 379 380 386 388 481 
155 336 366 367 372 378 380 386 388 481 
155 336 372 378 380 385 388 481 
154 335 372 377 379 384 388 482 
154 158 160 335 372 377 379 384 388 482 
156 158 160 335 374 376 379 380 381 383 388 482 
156 157 159 334 388 483 
160 334 388 483 
159 167 168 334 388 483 
158 165 167 334 388 484 
158 163 166 333 387 484 
157 162 165 333 387 484 
156 160 164 333 390 485 
155 159 163 333 390 485 
155 157 162 332 390 485 
161 332 390 486 
160 332 391 486 
160 161 164 332 391 486 
163 331 391 487 
162 331 391 396 397 404 405 487 
161 330 391 392 393 395 397 404 406 421 422 487 
160 330 396 403 407 420 422 488 
160 330 396 403 408 420 422 488 
161 330 396 402 408 419 422 488 
159 329 396 401 408 419 421 489 
159 329 396 401 408 418 421 489 
158 329 396 400 408 410 411 418 420 489 
157 328 396 397 411 417 420 490 
156 328 411 416 420 490 
156 328 411 416 420 490 
158 160 162 328 411 415 419 491 
162 327 410 415 419 491 
162 327 410 414 419 491 
162 327 419 492 
161 169 171 327 418 492 
160 167 170 326 418 437 439 475 476 493 
159 165 170 326 417 437 439 475 477 493 
158 163 169 325 417 437 439 475 477 493 
158 160 168 325 417 419 421 436 439 475 477 494 
167 325 421 436 439 475 478 494 
170 324 421 435 439 476 478 494 
170 172 173 324 421 435 439 476 478 495 
173 324 421 434 439 476 479 495 
173 324 421 434 439 477 479 496 
172 179 180 323 421 433 439 477 480 496 
171 178 181 323 421 433 439 477 480 496 
171 176 181 323 421 432 439 477 480 497 
171 174 181 323 421 422 425 432 439 477 481 497 
180 322 425 432 439 477 481 498 
179 322 425 431 439 478 482 498 
178 321 425 431 440 478 482 499 
178 321 425 427 428 430 443 478 483 499 
177 321 426 427 443 478 483 500 
176 320 443 478 483 500 
175 320 443 453 454 478 484 500 
175 320 443 453 455 478 485 501 
174 320 444 452 455 478 485 501 
173 319 444 452 455 479 485 502 
173 319 444 452 455 479 486 502 
172 319 444 451 455 479 487 503 
171 318 444 451 456 479 488 503 
171 318 444 450 456 479 488 504 
170 318 444 450 456 479 488 504 
170 317 444 449 457 479 489 504 
169 317 444 449 457 479 490 505 
169 317 445 446 457 479 490 505 
168 317 458 479 491 505 
168 316 458 479 492 506 
167 316 458 479 493 506 
167 315 459 479 493 506 
166 315 460 479 494 507 
166 315 460 479 495 507 
165 314 460 479 495 507 
165 314 461 469 471 479 496 508 
164 314 461 469 471 479 497 508 
164 313 462 469 471 479 498 509 
163 313 462 469 472 479 499 509 
162 313 463 469 472 476 477 479 499 509 
162 179 180 313 463 467 473 475 477 479 500 510 
162 178 179 313 464 466 473 475 501 510 
162 163 166 177 178 312 473 475 502 506 507 511 
165 167 168 176 178 312 474 475 502 506 508 511 
168 175 177 311 503 507 509 511 
167 173 177 311 504 507 510 511 
167 172 178 311 504 507 
166 171 178 310 
166 169 177 310 506 507 
166 169 177 310 
166 167 177 309 
176 309 
176 309 
176 308 
175 308 
175 308 
175 307 
174 307 
174 307 
173 306 
173 306 
177 178 179 306 
179 305 
175 176 178 305 
178 304 
178 304 
177 304 
176 303 
175 303 
175 303 
174 302 
173 302 
172 302 
171 302 
170 301 
170 301 
169 300 
168 300 
166 300 
166 299 
165 299 
165 299 
163 298 
162 298 
161 185 186 297 
160 183 186 297 
160 182 186 297 
159 180 185 297 
158 179 185 296 
157 164 165 178 185 296 
157 159 162 176 184 295 
164 165 167 175 183 295 
166 173 183 295 
165 172 182 294 
165 171 182 294 
164 169 181 293 
163 168 181 293 
162 166 180 293 
161 165 180 292 
160 164 179 292 
160 163 178 292 
178 291 
177 291 
177 179 181 182 183 290 
182 290 
181 290 
180 290 
179 180 181 289 
180 289 
179 289 
178 288 
177 289 
