205 640 
205 640 
205 640 
205 640 
205 640 
205 640 
205 640 
205 640 
205 640 
205 640 
205 640 
206 640 
206 640 
206 640 
206 640 
206 640 
206 640 
206 640 
206 640 
206 640 
206 640 
206 640 
206 640 
206 640 
206 640 
206 640 
206 640 
206 640 
206 640 
206 640 
206 640 
206 640 
206 640 
206 640 
206 640 
206 640 
206 640 
206 640 
206 640 
206 640 
206 640 
206 640 
206 640 
206 640 
205 640 
205 640 
205 640 
205 640 
205 640 
205 640 
205 640 
205 640 
205 640 
204 640 
204 640 
204 640 
204 640 
204 640 
204 640 
203 640 
203 640 
203 640 
203 640 
202 640 
202 640 
202 640 
202 640 
201 640 
201 640 
201 640 
200 640 
200 640 
200 640 
200 640 
200 640 
199 640 
199 640 
199 640 
199 640 
199 640 
198 640 
197 640 
197 640 
196 640 
196 640 
196 640 
195 640 
195 640 
195 640 
194 640 
194 640 
194 640 
193 640 
193 640 
193 640 
192 640 
191 640 
191 640 
190 640 
190 640 
190 640 
189 640 
188 640 
188 640 
187 640 
187 640 
186 640 
186 640 
185 640 
185 640 
184 640 
183 640 
183 495 519 640 
182 473 522 640 
182 457 524 640 
181 452 526 640 
180 450 528 640 
180 448 530 640 
179 448 532 640 
179 447 534 640 
178 448 535 640 
177 448 536 640 
176 449 537 640 
175 449 538 640 
175 450 539 640 
174 450 540 640 
173 452 541 640 
172 452 542 640 
172 453 543 640 
171 454 544 640 
170 455 545 640 
170 457 545 640 
169 458 546 640 
168 460 547 640 
167 461 548 640 
167 462 548 640 
166 463 549 640 
165 464 550 640 
163 466 550 640 
162 466 551 640 
161 466 552 640 
160 466 552 640 
160 465 553 640 
159 465 554 640 
158 465 555 640 
157 465 555 640 
156 465 556 640 
155 464 556 640 
154 464 557 640 
153 464 557 640 
151 464 558 640 
150 464 558 640 
149 464 559 640 
149 464 559 640 
147 464 560 640 
146 464 560 640 
144 463 561 640 
143 463 562 640 
142 463 563 640 
141 463 464 465 565 640 
139 466 566 640 
138 466 567 640 
136 467 568 640 
135 467 569 640 
133 468 570 640 
131 469 571 640 
130 470 572 640 
129 471 573 640 
128 473 474 480 574 640 
126 474 475 485 574 640 
124 485 575 640 
122 485 576 640 
120 485 577 640 
119 485 577 640 
117 484 578 640 
115 483 579 640 
112 483 579 640 
110 484 580 640 
108 486 580 640 
106 488 581 640 
103 489 582 640 
100 490 582 640 
98 491 583 640 
94 493 583 640 
92 494 584 640 
89 495 507 509 585 640 
86 496 506 510 585 640 
0 1 82 498 504 510 534 536 585 640 
0 6 78 510 535 537 586 640 
0 12 73 509 536 538 586 640 
0 17 65 507 587 640 
0 25 61 506 587 640 
0 32 50 506 588 640 
0 508 588 640 
0 509 589 640 
0 510 590 640 
0 509 591 640 
0 507 592 640 
0 505 593 640 
0 504 594 640 
0 502 595 640 
0 501 596 640 
0 500 597 640 
0 499 598 640 
0 498 599 640 
0 498 600 640 
0 497 601 640 
0 497 602 640 
0 497 603 640 
0 497 604 640 
0 497 605 640 
0 496 606 640 
0 496 607 640 
0 496 551 553 608 640 
0 496 552 554 609 640 
0 496 552 554 610 640 
0 495 552 555 610 640 
0 495 553 555 611 640 
0 495 554 556 612 640 
0 495 554 556 613 640 
0 494 555 557 614 640 
0 494 615 640 
0 494 615 640 
0 493 616 640 
0 492 616 640 
0 491 617 640 
0 491 617 640 
0 490 618 640 
0 489 618 640 
0 488 619 640 
0 488 619 640 
0 487 620 640 
0 486 620 640 
0 486 621 640 
0 485 621 640 
0 485 622 640 
0 484 622 640 
0 484 622 640 
0 483 623 640 
0 483 623 640 
0 483 624 640 
0 483 624 640 
0 482 571 572 624 640 
0 482 570 573 624 640 
0 482 570 574 625 640 
0 482 569 574 625 640 
0 482 568 575 625 640 
0 482 567 576 625 640 
0 482 568 576 626 640 
0 482 572 577 626 640 
0 482 573 578 627 640 
0 482 572 579 628 640 
0 483 571 580 629 640 
0 483 571 581 630 640 
0 484 570 582 631 640 
0 485 571 583 633 640 
0 485 571 583 635 640 
0 487 570 584 636 640 
0 488 569 585 637 640 
0 490 569 585 638 640 
0 491 570 586 
0 493 570 587 
0 495 571 588 
0 494 571 590 
0 494 572 591 
0 493 572 593 
0 494 573 594 
0 495 573 595 
0 496 574 596 
0 497 547 548 574 597 
0 497 547 549 575 598 
0 498 547 550 575 598 
0 498 547 551 576 599 
0 498 546 552 576 601 
0 498 547 553 577 602 
0 498 547 553 577 604 
0 498 547 554 578 605 
0 498 547 555 578 606 
0 498 547 555 579 606 
0 499 547 556 579 607 
0 499 547 557 580 608 
0 499 547 557 580 608 
0 499 547 557 580 609 
0 499 548 557 580 610 
0 498 548 557 580 611 
0 498 548 557 580 611 
0 497 549 557 581 612 
0 497 549 557 581 613 
0 496 550 558 581 613 
0 496 550 558 581 615 
0 495 549 558 581 616 
0 495 549 558 581 617 
0 494 550 558 581 618 
0 494 550 558 581 618 
0 494 550 559 582 619 
0 493 550 559 582 620 
0 493 550 559 582 620 
0 492 551 559 582 623 
0 492 552 560 582 624 
0 492 552 560 582 625 639 640 
0 491 553 560 582 626 
0 490 554 560 582 627 
0 490 555 560 582 628 
0 490 555 561 582 629 
0 490 556 561 582 629 633 634 
0 489 557 561 583 630 633 635 
0 489 558 561 583 631 634 636 
0 488 558 561 583 632 635 637 
0 488 559 562 583 632 635 638 
0 488 560 562 583 633 636 639 
0 487 560 562 583 634 637 640 
0 487 561 563 583 634 637 640 
0 486 562 563 583 635 638 640 
0 486 583 635 638 640 
0 485 584 636 639 640 
0 485 584 640 
0 485 584 640 
0 484 584 640 
0 484 584 640 
0 483 584 640 
0 483 584 640 
0 482 584 640 
0 482 585 640 
0 481 585 640 
0 481 585 640 
0 480 585 640 
0 480 585 640 
0 479 585 640 
0 479 585 640 
0 478 586 640 
0 477 586 640 
0 477 586 640 
0 476 586 640 
0 475 493 494 586 640 
0 475 493 494 587 640 
0 474 493 494 587 640 
0 473 492 494 587 640 
0 473 492 494 588 640 
0 473 492 494 588 640 
0 472 492 494 588 640 
0 472 492 494 589 640 
0 471 492 494 589 640 
0 470 492 494 589 640 
0 470 491 494 590 640 
0 470 491 494 590 640 
0 469 491 494 590 640 
0 469 491 494 590 640 
0 468 490 494 591 640 
0 468 490 494 591 640 
0 467 490 494 591 640 
0 467 489 494 591 640 
0 468 488 494 591 640 
0 468 487 494 591 640 
0 469 487 490 491 493 591 640 
0 469 487 489 492 493 591 640 
0 469 591 640 
0 469 592 640 
0 470 592 640 
0 470 592 640 
0 471 491 493 592 640 
0 472 491 493 592 640 
0 473 490 493 591 640 
0 476 488 493 591 640 
0 482 483 493 591 640 
0 493 591 640 
0 493 591 640 
0 493 591 640 
0 493 591 640 
0 493 591 640 
0 493 590 640 
0 493 590 640 
0 492 590 640 
0 492 591 640 
0 492 592 640 
0 492 592 640 
0 492 593 640 
0 492 594 640 
0 492 594 640 
0 492 595 640 
0 492 595 640 
0 492 596 640 
0 492 596 640 
0 491 597 640 
0 491 597 640 
0 491 598 640 
0 491 599 640 
0 491 599 640 
0 491 600 640 
0 490 600 640 
0 490 601 640 
0 490 602 640 
0 490 602 640 
0 490 603 640 
0 490 603 640 
0 490 604 640 
0 490 605 640 
0 490 605 640 
0 489 606 640 
0 489 607 640 
0 489 608 640 
0 489 608 640 
0 489 609 640 
0 489 610 640 
0 488 610 640 
0 488 611 640 
0 488 612 640 
0 488 612 640 
0 488 613 640 
0 488 614 640 
0 488 615 640 
0 487 615 640 
0 487 616 640 
0 487 617 640 
0 487 618 640 
0 487 618 640 
0 487 619 640 
0 486 620 640 
0 486 621 640 
0 486 622 640 
0 486 622 640 
0 486 623 640 
0 486 624 640 
0 486 625 640 
0 485 625 640 
0 485 626 640 
0 485 627 640 
0 485 628 640 
0 485 628 640 
0 485 629 640 
0 485 630 640 
0 485 631 640 
0 485 632 640 
0 484 632 640 
0 484 633 640 
0 484 634 640 
0 484 634 640 
0 484 635 640 
0 484 636 640 
0 484 637 640 
0 484 637 640 
0 484 638 640 
0 485 639 640 
0 485 
0 485 
0 485 
0 485 
0 485 
0 485 
0 485 
0 485 
0 486 
0 486 
0 486 
0 486 
0 486 
0 486 
0 486 
0 486 
0 486 
0 486 
0 486 
0 486 
0 486 
0 486 
0 486 
0 486 
0 486 
0 486 
0 486 
0 486 
0 486 
0 486 
0 486 
0 486 
0 486 
0 486 
0 486 
0 486 
0 487 
0 487 
