







































194 198 
187 191 192 200 
185 201 
184 202 233 240 
182 202 228 244 
181 203 223 250 
180 203 218 255 
179 204 214 258 
178 204 211 260 
174 203 208 262 
174 203 206 264 
173 266 
173 267 
172 270 
172 271 
166 169 171 272 
166 170 171 274 
165 275 
165 279 
165 282 
165 285 
164 288 
164 290 
164 292 
164 174 175 294 
163 173 176 295 
163 173 176 297 
163 172 175 298 
163 172 174 299 
162 172 173 300 
162 301 
162 302 
162 302 
162 303 
162 303 
162 304 
162 305 
162 305 
162 305 
161 306 
161 306 
161 306 
160 306 
160 306 
159 307 
158 307 
158 307 
157 307 
156 307 
156 308 
155 308 
154 309 
154 310 
153 311 
153 312 
152 313 
153 314 
154 315 
156 316 
157 317 
156 317 
156 318 
155 319 
155 320 
155 320 
154 321 
154 322 
154 322 
154 323 
157 324 
158 324 
158 325 
158 325 379 390 
158 326 375 394 
158 326 373 396 
158 327 371 398 
159 327 370 402 
159 328 369 410 
159 329 368 416 
159 329 367 420 
159 330 365 424 
160 330 365 428 
160 330 364 431 
160 331 363 435 
160 331 363 437 
160 331 362 439 
161 332 362 441 
161 332 361 443 
161 333 361 445 
161 333 360 446 
162 334 360 458 
162 334 360 460 
162 335 360 462 
162 335 359 463 
163 336 359 464 
163 336 359 465 
164 337 359 466 
164 337 359 467 
165 337 359 468 
165 338 359 469 
165 338 359 469 
166 338 360 470 
166 338 360 471 
166 338 360 471 
166 339 360 472 
166 339 361 472 
166 339 361 472 
165 339 360 473 
165 339 360 473 
165 339 360 473 
165 339 360 474 
164 339 360 474 
164 338 359 474 
163 338 359 474 
163 338 358 474 
163 338 358 474 
162 338 357 474 
162 338 357 474 
162 337 356 474 
162 337 355 474 
161 337 355 473 
161 337 354 473 
161 336 354 473 
161 336 353 473 
160 336 353 473 
160 335 353 472 
159 335 352 472 
159 334 352 471 
159 334 351 471 
158 334 351 470 
158 333 351 469 
158 333 350 469 
158 333 350 468 
157 332 349 467 
157 332 349 466 
157 325 326 331 348 464 
157 324 326 331 348 462 
157 324 326 330 347 457 
157 324 326 330 347 457 
156 324 325 329 346 457 
156 324 325 329 346 457 
156 323 325 329 346 457 
156 323 325 328 345 457 
155 323 325 328 345 457 
155 322 324 327 344 457 
155 322 324 327 344 457 
155 321 324 327 343 457 
155 321 323 326 343 457 
155 164 165 320 323 326 343 457 
154 164 165 320 323 325 342 457 
154 164 166 319 323 325 342 457 
154 164 166 314 315 319 323 325 341 457 
154 165 166 314 315 319 323 324 341 457 
154 165 166 294 295 311 315 318 322 324 340 457 
153 157 158 165 167 293 295 302 303 310 315 318 322 323 340 457 
153 156 158 165 167 293 294 301 303 310 315 317 322 323 340 457 
159 165 167 173 174 292 294 300 302 309 315 316 339 457 
159 165 168 173 175 292 294 299 302 308 339 458 
159 165 169 173 177 288 294 298 303 307 338 458 
160 165 169 173 177 285 293 297 303 308 338 458 
160 166 170 173 178 284 293 296 303 305 337 458 
161 166 170 174 179 283 293 296 302 305 336 458 
162 166 171 174 180 282 292 296 297 310 315 458 
162 166 171 174 181 458 
163 167 172 174 182 458 
163 167 172 174 184 458 
164 167 185 458 
164 167 186 458 
165 168 190 458 
166 168 190 458 
166 168 191 196 197 458 
193 196 198 458 
193 458 
194 458 
195 458 
195 458 
195 458 
194 458 
193 458 
191 459 
190 459 
190 459 
191 459 
191 459 
191 459 
192 460 
192 462 
193 464 
193 466 
194 468 
195 470 
195 473 
196 475 
197 477 
197 480 
198 482 
199 484 
199 487 
198 489 
198 491 
197 493 
197 495 
196 498 
195 500 
194 502 
190 504 
189 506 
187 508 
186 510 
185 511 
183 513 
182 515 
182 517 
180 518 
179 520 
178 521 
177 522 
176 322 325 523 
175 322 328 525 
174 323 328 526 
173 323 327 527 
172 324 327 527 
171 324 326 528 
171 325 326 528 
170 529 
169 529 
168 529 
167 529 
167 529 
166 529 
165 530 
165 530 
164 530 
163 530 
163 530 
162 530 
161 530 
161 530 
160 530 
160 530 
160 530 
160 530 
159 446 450 530 
159 445 455 530 
159 445 461 530 
158 445 469 530 
157 445 475 529 
156 445 484 528 
155 445 494 525 
154 445 502 505 
153 444 
152 444 
151 444 
150 444 
149 444 
149 444 
148 444 
147 444 
146 438 439 444 
146 437 439 444 
145 436 440 444 
144 436 440 444 
144 435 440 444 
143 435 440 444 
143 435 441 444 
143 434 441 444 
142 434 442 444 
142 434 442 444 
142 433 
141 433 
141 433 
141 434 
141 434 
141 435 
140 436 
140 437 
140 438 
140 432 434 438 
140 432 
140 433 
140 433 
141 433 
141 434 
141 434 
141 434 
141 434 
141 434 
142 434 
142 435 
142 431 432 435 
143 431 432 435 
144 435 
144 435 
145 435 
146 434 
146 428 429 434 
147 428 431 432 
148 428 
149 428 
151 429 
153 429 
155 429 
157 429 
160 429 
162 429 
163 429 
164 430 
164 430 
165 430 
166 430 
166 430 
167 272 273 430 
167 271 274 430 
167 271 275 430 
167 270 276 430 
167 270 276 431 
167 269 277 431 
167 269 278 431 
167 269 280 431 
167 269 281 431 
167 268 282 432 
167 268 283 432 
167 268 283 432 
167 267 284 432 
167 267 285 432 
167 267 285 432 
167 266 284 432 
167 266 283 431 
167 266 283 431 
166 265 282 431 
166 265 282 430 
166 265 281 431 
166 264 281 431 
166 264 280 432 
166 264 280 433 
166 264 279 434 
166 263 278 434 
166 263 278 435 
166 263 277 436 
166 262 277 437 
165 262 276 438 
165 262 276 438 
165 262 275 439 
165 261 275 440 
165 261 274 440 
165 261 273 441 
165 260 273 442 
165 260 272 442 
165 260 272 443 
165 259 271 444 
165 259 271 444 
164 259 270 445 
164 258 270 445 
164 258 269 445 
164 258 268 446 
164 258 268 446 
163 258 267 447 
163 257 267 447 
163 257 266 448 
163 257 266 448 
163 257 265 448 
162 256 264 448 
162 256 264 449 
162 256 263 449 
161 256 263 449 
161 255 262 449 
160 255 261 449 
160 255 261 449 
159 255 260 449 
159 255 260 450 
158 254 259 450 
157 254 258 450 
157 254 258 450 
156 254 257 450 
155 254 256 450 
155 254 256 450 
154 254 255 450 
153 450 
152 450 
152 450 
151 450 
151 450 
150 450 
150 450 
150 450 
150 450 
149 450 
149 450 
148 317 318 450 
147 317 318 450 
146 316 318 450 
145 315 318 450 
144 315 318 451 
143 314 318 451 
142 313 318 451 
141 313 318 451 
141 312 318 451 
141 311 318 451 
141 311 318 451 
140 310 317 451 
140 309 317 451 
140 309 317 451 
140 308 317 451 
141 308 317 451 
141 307 317 451 
141 306 317 360 361 451 
141 306 316 360 361 452 
142 305 316 360 362 452 
142 305 316 360 363 452 
142 304 316 360 363 452 
142 303 316 360 364 452 
143 303 316 359 365 452 
143 302 316 359 365 452 
143 302 315 359 366 452 
142 301 315 359 366 452 
142 301 315 360 367 452 
142 300 315 360 368 452 
141 300 315 360 368 452 
141 299 315 360 369 452 
141 299 315 360 370 452 
141 298 315 360 370 452 
140 298 314 360 371 452 
140 297 314 360 371 452 
140 297 314 360 372 452 
139 296 314 360 372 453 
139 295 314 360 372 453 
138 295 314 360 373 453 
138 295 314 361 373 453 
138 294 314 361 374 453 
137 294 314 362 374 453 
137 293 314 363 374 453 
137 293 313 364 374 453 
136 292 314 364 374 453 
136 292 314 365 374 453 
136 291 314 366 374 453 
135 291 314 367 374 454 
135 290 314 368 374 454 
135 290 315 369 373 454 
134 290 315 370 373 454 
134 290 314 370 372 454 
