0 640 
0 640 
0 640 
0 640 
0 640 
0 640 
0 640 
0 640 
0 640 
0 640 
0 370 372 640 
0 370 371 640 
0 369 370 640 
0 368 370 640 
0 640 
0 640 
0 640 
0 640 
0 640 
0 640 
0 640 
0 640 
0 640 
0 640 
0 640 
0 640 
0 640 
0 640 
0 640 
0 640 
0 640 
0 640 
0 640 
0 640 
0 640 
0 640 
0 416 417 640 
0 640 
0 640 
0 640 
0 640 
0 418 419 640 
0 418 423 640 
0 419 425 640 
0 420 425 640 
0 640 
0 640 
0 640 
0 640 
0 640 
0 640 
0 640 
0 640 
0 640 
0 640 
0 309 314 640 
0 306 315 640 
0 302 316 640 
0 298 320 640 
0 294 322 640 
0 269 324 640 
0 261 327 640 
0 125 127 258 330 640 
0 124 128 257 333 640 
0 124 128 256 335 640 
0 256 337 640 
0 255 338 640 
0 254 339 640 
0 254 340 640 
0 253 340 640 
0 253 341 640 
0 252 341 640 
0 252 341 640 
0 251 342 640 
0 251 342 640 
0 250 342 640 
0 250 343 640 
0 250 344 640 
0 250 345 359 361 640 
0 250 346 358 362 640 
0 250 349 357 363 640 
0 249 363 640 
0 249 363 640 
0 248 364 640 
0 248 364 640 
0 247 365 640 
0 245 365 640 
0 245 365 640 
0 145 146 244 365 640 
0 144 146 243 366 640 
0 243 366 640 
0 242 366 640 
0 240 365 640 
0 239 365 640 
0 238 365 640 
0 237 364 640 
0 236 364 640 
0 235 364 640 
0 234 363 640 
0 233 363 640 
0 232 363 640 
0 232 364 640 
0 232 364 640 
0 231 365 640 
0 231 364 640 
0 91 93 230 364 640 
0 92 95 230 368 640 
0 92 96 229 369 640 
0 93 97 229 369 413 414 640 
0 93 97 229 370 640 
0 95 97 229 371 640 
0 229 371 411 412 640 
0 229 371 410 411 640 
0 228 371 409 411 640 
0 228 371 408 410 640 
0 228 371 407 410 640 
0 228 372 407 409 640 
0 228 372 406 408 640 
0 228 372 405 407 640 
0 228 373 405 406 640 
0 227 373 404 405 640 
0 227 373 403 405 640 
0 227 373 403 404 640 
0 227 373 402 403 485 487 640 
0 226 373 397 398 402 403 484 486 640 
0 227 373 397 398 401 402 475 478 640 
0 228 373 397 398 401 402 453 455 475 478 481 484 640 
0 231 373 397 398 400 402 452 455 475 478 480 484 640 
0 232 374 398 401 404 407 449 450 452 454 475 477 479 483 640 
0 232 370 372 374 382 383 398 401 404 408 452 453 460 461 475 477 479 482 640 
0 232 370 372 374 381 382 398 400 404 408 410 413 449 453 461 462 475 477 478 481 640 
0 221 225 231 370 372 374 380 381 396 398 404 413 450 452 460 462 475 477 478 480 640 
0 221 228 229 374 395 396 404 410 450 453 461 462 476 479 640 
0 221 374 379 380 393 395 403 409 450 453 461 462 476 478 640 
0 220 370 372 374 392 395 405 408 449 452 461 462 476 477 640 
0 220 370 372 374 391 395 406 407 448 451 461 462 474 477 505 506 640 
0 220 370 373 374 390 394 446 451 462 463 474 476 505 506 640 
0 219 370 373 377 389 391 446 450 462 463 473 476 503 504 640 
0 215 371 372 376 388 390 445 450 462 463 472 475 499 501 640 
0 211 376 387 390 444 449 462 464 470 473 497 501 640 
0 209 375 387 389 444 448 463 465 469 472 494 496 640 
0 207 370 372 379 386 389 444 448 463 465 468 471 493 496 640 
0 206 369 374 380 385 388 443 447 463 470 491 494 640 
0 205 369 374 381 383 388 443 446 464 469 490 494 640 
0 205 368 374 381 383 387 443 445 463 467 484 485 488 491 640 
0 204 368 374 381 383 386 440 441 442 445 461 466 483 489 640 
0 203 367 374 385 441 444 460 465 483 487 640 
0 202 367 374 385 441 444 458 462 482 486 640 
0 200 365 374 384 440 443 456 460 480 483 485 486 640 
0 182 187 197 364 374 383 439 443 454 458 477 481 485 486 640 
0 178 363 373 382 438 443 452 456 474 480 640 
0 176 362 372 382 437 442 450 455 464 469 472 477 640 
0 113 121 174 362 368 369 371 381 437 440 448 454 460 462 464 473 640 
0 113 124 172 362 367 369 372 381 436 440 446 451 456 469 640 
0 115 124 170 362 367 368 372 382 385 386 436 439 444 450 455 463 640 
0 116 123 169 361 368 369 372 382 384 386 435 439 442 451 455 458 640 
0 168 361 368 370 372 382 384 385 435 438 440 450 640 
0 168 361 368 370 373 382 383 385 434 447 640 
0 167 361 367 368 370 371 372 384 434 445 640 
0 167 360 367 368 370 383 434 443 640 
0 166 360 371 382 433 441 640 
0 165 360 372 382 433 440 640 
0 164 360 372 382 432 440 640 
0 163 360 368 369 372 381 385 386 431 437 439 440 640 
0 162 361 368 369 372 381 384 385 431 436 487 488 498 500 640 
0 160 362 371 383 430 435 486 488 496 498 522 523 640 
0 158 359 360 362 369 380 412 413 429 435 485 487 495 497 640 
0 156 358 360 363 369 379 411 413 428 433 485 487 640 
0 155 358 361 363 369 379 411 412 428 432 640 
0 154 358 361 364 369 378 427 431 450 452 465 466 477 478 487 488 496 498 640 
0 153 357 362 364 369 377 426 430 446 451 464 467 476 478 482 483 486 489 496 498 640 
0 152 357 362 365 368 377 424 429 446 451 465 467 481 489 497 498 640 
0 151 357 362 365 368 377 389 390 423 428 446 452 481 489 640 
0 150 357 363 377 380 381 389 393 423 427 444 449 480 489 492 496 640 
0 149 357 363 377 380 381 389 392 421 426 443 445 477 478 480 485 492 498 504 505 640 
0 148 356 364 381 388 391 405 406 421 425 440 442 467 468 475 484 493 494 497 498 500 505 640 
0 146 356 365 381 387 390 403 406 420 425 435 436 440 441 474 484 493 494 497 498 500 505 507 508 640 
0 141 356 365 379 380 381 387 390 403 406 419 424 435 437 474 483 492 493 497 498 501 502 517 519 640 
0 139 356 364 378 386 389 402 406 418 423 435 438 474 476 479 483 491 493 640 
0 138 356 363 378 384 388 400 403 405 406 417 422 434 437 468 469 474 476 479 483 490 496 640 
0 137 355 362 381 385 388 397 399 416 422 433 436 473 476 479 483 489 495 640 
0 137 355 361 381 385 388 396 399 415 421 432 434 473 476 478 482 489 494 640 
0 136 355 360 374 376 381 385 389 393 398 409 410 415 420 431 433 472 476 477 481 488 491 640 
0 135 355 360 373 377 378 379 381 383 390 393 397 404 410 413 420 428 431 472 476 477 481 487 490 640 
0 134 355 360 372 376 390 393 396 403 411 412 419 427 430 472 475 478 481 485 489 640 
0 132 355 360 372 376 389 392 396 403 418 425 427 472 474 477 480 484 488 640 
0 131 354 359 372 375 385 387 389 391 395 401 416 423 426 471 473 477 480 482 486 640 
0 130 354 358 373 375 385 387 393 399 413 416 418 421 425 470 472 477 485 517 518 640 
0 129 354 357 371 375 384 387 391 398 412 415 426 469 472 476 483 640 
0 128 354 356 370 375 383 387 390 397 421 469 471 475 482 640 
0 127 353 355 370 375 378 381 383 385 390 396 407 408 418 469 471 474 481 530 531 640 
0 128 353 355 369 374 378 381 383 385 390 396 405 410 411 414 418 443 444 468 471 473 480 640 
0 128 369 371 378 381 383 384 390 395 403 414 418 443 444 468 479 640 
0 128 387 390 391 394 402 414 417 468 481 530 531 640 
0 128 373 377 386 391 392 394 401 414 417 467 483 530 531 640 
0 127 371 378 386 391 400 411 416 467 485 530 532 640 
0 127 369 377 385 392 400 411 415 466 478 482 487 530 532 640 
0 126 367 375 384 391 399 411 415 466 474 487 495 520 521 530 532 640 
0 126 366 375 382 390 398 405 407 411 415 465 473 490 498 520 521 530 532 640 
0 126 365 374 381 389 397 404 407 411 414 465 472 493 498 520 521 530 532 640 
0 125 364 373 380 389 397 411 413 465 471 496 497 520 522 530 532 640 
0 124 363 370 378 388 398 411 413 465 470 521 522 530 532 640 
0 124 363 370 378 387 398 410 412 464 470 521 522 530 532 640 
0 123 363 370 377 386 396 410 412 463 469 522 523 530 532 640 
0 123 364 368 375 385 395 410 412 462 469 522 524 530 532 640 
0 123 374 384 394 409 412 461 468 523 524 530 532 640 
0 124 373 383 393 410 412 459 467 523 525 530 532 640 
0 125 371 382 393 410 412 457 466 524 526 530 532 584 585 640 
0 125 349 350 370 381 392 410 412 456 465 480 481 500 502 524 527 529 532 584 585 622 623 640 
0 125 349 352 369 380 391 410 412 454 463 474 475 479 480 500 501 525 527 529 531 583 585 621 622 640 
0 125 348 352 368 378 390 410 412 452 461 473 474 477 479 499 500 518 520 525 527 529 531 583 586 620 621 640 
0 125 348 353 368 377 389 410 412 451 460 476 478 498 499 518 520 526 531 583 585 640 
0 124 348 353 369 376 388 410 413 449 458 476 477 497 498 518 520 526 531 581 582 640 
0 124 349 354 369 375 387 404 405 410 415 447 456 468 470 474 477 496 497 519 520 526 531 580 582 640 
0 124 349 354 369 374 386 409 413 444 455 466 469 473 475 494 496 519 521 527 531 579 581 640 
0 124 349 354 367 373 385 409 413 420 421 439 453 464 466 471 474 485 488 493 495 519 521 527 531 577 580 602 603 640 
0 124 349 354 366 372 384 409 412 419 420 436 451 462 464 470 473 485 489 493 495 519 522 527 530 562 565 576 579 601 602 640 
0 125 350 354 365 371 383 406 412 432 448 459 463 469 473 476 478 486 488 492 494 504 505 520 522 528 530 564 566 575 579 600 602 640 
0 125 350 353 365 370 383 406 411 416 417 430 447 455 482 492 494 504 505 520 523 527 530 574 579 600 601 611 613 640 
0 125 350 353 365 369 383 406 411 415 416 429 460 461 474 480 486 490 493 503 505 521 523 527 530 569 570 574 578 599 601 640 
0 125 351 353 364 368 382 406 410 414 415 427 440 446 456 482 493 500 507 521 524 527 531 556 557 568 570 573 577 599 601 606 608 640 
0 125 351 352 364 367 382 406 410 413 414 425 436 483 484 489 495 496 497 504 505 522 530 568 569 573 575 598 600 605 607 640 
0 124 351 352 364 367 381 405 412 421 435 493 497 504 505 522 530 567 569 573 574 597 599 601 603 604 606 640 
0 125 351 353 364 366 380 405 411 419 434 495 496 505 506 523 530 567 568 572 574 598 599 601 605 640 
0 125 364 366 379 404 410 417 433 505 506 522 531 566 568 571 573 587 590 596 599 601 605 640 
0 125 365 366 379 404 409 416 431 503 504 505 506 519 530 566 568 570 572 584 586 588 589 595 599 601 604 640 
0 125 378 404 408 414 430 503 506 518 520 523 530 566 567 570 572 582 586 594 598 601 603 640 
0 125 378 403 407 413 428 503 506 516 519 524 529 565 567 569 571 583 585 594 597 640 
0 125 378 403 407 412 426 504 507 514 519 525 529 565 567 568 571 583 584 594 596 640 
0 125 377 403 407 410 424 504 507 512 517 525 529 565 570 593 594 640 
0 124 377 403 407 408 422 504 506 507 510 515 516 525 530 539 542 564 569 585 587 592 593 640 
0 42 44 124 377 402 421 504 505 506 510 525 530 539 542 564 569 585 586 591 593 640 
0 41 43 124 376 402 420 503 510 525 530 539 541 563 568 582 585 590 593 640 
0 124 376 402 418 499 506 509 511 512 514 525 530 536 541 562 567 582 584 589 593 640 
0 124 376 400 417 499 505 509 513 524 530 535 541 562 566 580 584 587 590 640 
0 124 376 399 414 498 505 509 512 524 530 533 537 539 545 561 565 579 584 585 590 640 
0 123 376 397 412 496 502 509 513 523 538 539 544 560 565 578 588 640 
0 123 375 396 410 495 501 508 513 523 538 540 543 559 562 576 587 640 
0 122 375 385 386 394 408 492 501 506 509 511 513 523 533 535 537 541 543 557 561 569 570 575 586 623 625 640 
0 123 375 392 406 490 501 505 508 512 514 522 531 536 537 541 543 557 561 574 585 622 624 640 
0 124 374 391 405 489 500 503 506 512 514 522 530 542 544 555 560 573 584 590 591 620 622 640 
0 126 374 389 404 484 485 487 496 503 504 512 515 522 530 542 544 554 559 571 583 590 591 640 
0 126 375 387 402 484 485 486 493 502 503 512 515 520 529 542 544 553 558 570 581 589 591 640 
0 127 375 383 401 482 491 500 502 512 516 518 529 542 545 552 558 561 563 569 580 589 590 613 616 640 
0 127 376 382 400 481 488 500 501 514 525 526 529 543 545 551 557 559 562 567 579 589 590 599 600 611 615 640 
0 127 376 381 399 479 485 499 500 510 512 514 518 520 529 539 540 543 545 550 560 565 571 572 579 583 585 599 601 609 612 640 
0 126 377 380 398 479 483 498 500 510 518 520 529 540 541 543 546 550 559 564 570 572 579 582 584 599 600 608 609 640 
0 122 377 380 397 477 481 498 499 510 515 517 528 540 541 543 546 548 558 563 569 572 579 599 600 640 
0 120 395 476 480 497 498 509 515 519 528 541 546 547 557 562 566 571 577 640 
0 119 394 447 448 473 479 496 498 510 514 520 528 541 556 561 565 570 575 589 590 598 599 640 
0 118 392 448 449 471 477 496 497 503 506 510 511 520 528 541 542 543 555 560 564 569 573 588 590 597 600 640 
0 117 390 448 450 470 475 495 496 501 504 505 506 520 527 543 555 559 563 567 572 588 590 596 599 640 
0 115 389 448 450 460 461 468 475 482 485 494 496 499 504 519 527 543 553 558 561 566 572 588 590 596 597 640 
0 114 387 448 451 465 489 493 503 521 527 543 552 556 560 565 571 588 589 593 594 595 596 640 
0 112 386 445 460 464 501 521 527 542 551 554 559 564 570 588 589 591 595 640 
0 111 386 441 466 467 496 521 527 537 538 541 557 562 568 587 590 592 595 640 
0 109 385 436 437 439 473 481 494 522 526 536 537 541 555 561 565 586 595 640 
0 108 384 435 471 483 485 487 489 490 492 522 527 535 537 540 552 559 564 586 591 640 
0 106 383 434 451 452 469 484 485 522 527 535 536 539 552 556 561 581 583 585 589 640 
0 105 382 433 457 459 465 484 486 522 527 534 535 538 552 554 560 577 578 581 586 640 
0 104 382 431 440 447 456 458 460 484 485 486 490 522 528 532 534 537 549 551 558 574 575 577 579 581 582 640 
0 103 383 429 437 449 454 484 485 487 490 504 505 522 528 532 533 536 546 551 556 570 571 572 579 640 
0 102 383 427 435 451 455 457 458 467 468 475 477 484 490 503 505 514 515 523 528 531 533 535 544 550 554 565 579 640 
0 100 384 390 391 425 434 453 458 466 468 475 478 481 489 503 504 514 516 523 528 530 532 534 543 545 546 548 553 559 571 576 579 640 
0 99 385 389 390 423 433 454 458 465 466 474 482 484 488 503 504 515 517 523 557 560 562 577 579 640 
0 97 385 388 390 421 432 453 455 474 481 484 488 502 504 516 518 523 557 640 
0 95 386 388 390 417 432 453 455 473 480 483 487 502 504 516 518 523 558 640 
0 94 389 416 427 429 431 451 454 464 465 472 480 483 486 502 503 516 519 523 558 575 578 640 
0 93 390 414 425 429 431 449 454 464 465 470 479 482 485 502 503 517 519 523 554 574 575 576 578 640 
0 93 389 408 424 429 431 446 454 464 465 474 477 481 485 502 503 517 520 523 545 548 551 563 575 576 578 640 
0 93 389 406 422 429 431 443 465 466 468 480 482 484 485 502 503 505 506 518 520 522 541 547 549 564 578 640 
0 94 389 405 422 428 431 440 449 451 465 467 468 480 482 484 486 502 503 505 506 518 520 521 537 546 548 564 570 574 578 589 591 640 
0 94 390 403 422 428 431 437 448 462 465 467 468 479 481 483 486 501 506 517 533 564 567 575 579 589 591 640 
0 94 391 402 441 444 448 466 468 478 480 483 485 501 506 517 530 541 544 576 579 589 590 640 
0 94 391 400 438 446 448 466 469 477 479 501 506 515 528 538 544 576 579 589 590 640 
0 93 392 398 416 417 434 466 468 472 479 501 506 508 528 532 542 577 579 640 
0 93 393 397 411 414 415 419 422 466 468 474 479 500 538 540 542 640 
0 93 393 396 409 415 416 419 421 466 468 474 478 499 532 534 537 640 
0 92 394 395 407 420 421 466 468 474 477 495 535 640 
0 92 406 420 422 467 468 473 475 493 509 510 532 640 
0 92 406 421 422 466 468 472 474 491 503 504 507 510 530 640 
0 91 405 421 423 466 468 471 474 489 498 499 502 505 507 509 526 640 
0 91 404 418 419 422 423 467 468 471 473 486 496 499 502 505 524 640 
0 91 404 419 420 422 423 467 472 485 495 499 501 505 522 640 
0 90 404 420 421 422 424 468 472 485 493 498 501 504 519 640 
0 90 405 420 424 468 471 484 491 498 500 502 518 640 
0 90 402 421 424 435 436 468 471 476 477 484 491 498 516 640 
0 89 401 422 425 435 436 468 470 475 476 482 490 497 515 640 
0 88 400 423 425 467 470 474 475 480 490 497 514 640 
0 87 400 424 426 434 435 461 473 479 487 488 490 496 513 640 
0 86 399 425 427 461 472 478 486 489 490 494 511 640 
0 86 399 426 428 433 434 462 471 476 485 489 491 493 507 640 
0 85 399 426 428 433 434 462 468 475 484 489 504 640 
0 85 398 427 429 433 434 460 466 472 482 488 501 640 
0 85 399 427 430 432 434 459 465 470 481 487 499 640 
0 84 400 417 418 428 430 431 433 458 463 468 479 484 497 640 
0 84 400 418 419 428 433 457 462 465 477 483 495 640 
0 84 400 419 420 428 432 455 476 481 494 640 
0 84 400 421 423 428 432 454 474 480 493 640 
0 84 400 422 425 429 432 453 472 478 491 640 
0 83 402 425 427 429 432 451 469 476 490 640 
0 82 401 426 432 449 465 475 488 640 
0 82 401 427 432 447 463 474 486 640 
0 81 401 428 432 446 461 473 485 640 
0 81 402 429 433 444 459 473 483 640 
0 80 402 430 433 442 457 472 482 640 
0 80 402 430 433 440 455 471 480 640 
0 80 403 430 433 436 453 471 479 640 
0 79 403 430 433 435 451 470 478 640 
0 79 404 430 450 469 477 640 
0 81 404 430 447 468 476 519 520 521 526 640 
0 82 404 429 445 466 475 517 529 640 
0 83 404 426 443 465 474 516 530 640 
0 85 404 424 441 464 473 514 531 640 
0 85 405 421 439 463 472 513 532 640 
0 85 405 420 437 461 470 513 533 640 
0 85 405 418 437 460 470 512 533 573 578 640 
0 85 405 415 434 435 437 458 469 511 534 571 582 640 
0 86 405 413 434 435 436 457 467 511 534 569 582 640 
0 86 405 411 428 430 436 456 467 510 534 567 582 640 
0 86 406 408 426 430 435 455 465 510 534 565 583 640 
0 87 424 430 436 454 464 510 535 564 583 640 
0 87 422 430 435 453 463 510 535 563 584 640 
0 87 420 430 434 452 462 510 536 562 585 640 
0 88 418 429 434 451 461 511 537 561 586 640 
0 64 71 88 415 429 433 450 461 511 538 560 587 640 
0 63 73 88 414 429 433 449 460 512 539 560 587 640 
0 61 75 89 412 428 433 442 443 448 459 512 540 559 588 640 
0 60 77 89 411 428 433 447 459 513 540 559 588 640 
0 59 78 89 409 428 434 446 458 514 540 559 589 640 
0 59 80 90 408 429 434 444 457 515 540 558 590 640 
0 58 80 90 408 426 427 429 433 443 456 515 540 558 590 640 
0 58 82 90 407 425 427 429 433 442 455 516 540 559 591 640 
0 57 83 90 407 418 424 429 433 440 454 516 540 559 591 640 
0 57 83 90 407 412 423 429 434 439 454 516 539 559 592 640 
0 55 84 90 408 409 424 429 434 435 452 515 518 522 538 560 592 640 
0 53 85 90 418 420 424 429 451 514 517 521 536 561 593 640 
0 50 85 89 410 429 449 514 516 520 535 564 591 640 
0 51 84 89 408 428 447 513 517 520 533 567 590 640 
0 53 84 89 407 428 445 513 531 567 591 640 
0 53 84 89 407 427 443 512 530 567 591 640 
0 54 83 90 407 426 441 512 528 568 589 640 
0 54 82 91 407 425 439 511 526 569 587 640 
0 55 82 85 87 92 407 423 437 511 525 571 586 640 
0 56 83 85 87 93 407 422 434 511 524 573 588 640 
0 57 86 94 406 420 432 485 487 511 523 573 589 640 
0 59 81 83 86 94 406 419 430 484 487 512 521 573 589 640 
0 59 81 83 86 95 406 415 416 417 429 483 487 512 519 572 590 640 
0 58 82 83 85 95 406 415 427 483 487 572 590 640 
0 58 82 84 85 96 406 414 425 483 486 572 591 640 
0 58 82 96 406 412 422 424 425 482 485 572 592 640 
0 59 82 96 406 411 421 482 485 571 593 640 
0 60 82 96 406 410 420 481 483 571 594 640 
0 61 81 97 406 408 419 571 595 640 
0 66 81 97 418 570 596 640 
0 65 71 74 82 97 416 570 596 640 
0 63 72 74 80 98 416 569 596 640 
0 59 75 78 80 99 414 420 421 569 597 640 
0 58 75 101 377 378 414 418 420 569 597 640 
0 58 75 101 377 379 421 427 429 569 598 640 
0 54 56 58 76 103 360 364 375 379 423 426 432 436 437 568 598 640 
0 53 55 57 76 104 359 365 373 378 420 427 437 568 599 640 
0 56 77 105 357 367 370 378 415 416 417 427 437 568 600 640 
0 55 77 106 351 378 408 410 415 435 439 567 601 640 
0 55 77 107 352 377 408 411 416 439 445 566 601 640 
0 54 77 109 357 377 404 412 417 441 446 565 602 640 
0 53 77 110 361 377 403 413 417 444 446 449 450 565 603 640 
0 52 77 111 364 376 403 414 419 450 451 565 603 640 
0 52 77 112 366 376 403 414 419 565 604 611 613 640 
0 51 78 114 369 375 403 414 418 565 605 610 613 640 
0 50 79 115 341 348 371 375 402 409 413 414 418 421 425 565 605 609 612 640 
0 50 79 116 337 351 402 408 410 416 419 421 424 566 605 609 611 640 
0 50 80 117 334 353 402 416 419 566 605 608 611 640 
0 49 80 117 333 355 402 415 419 567 605 607 610 640 
0 49 81 118 332 357 401 415 420 567 605 607 609 640 
0 49 80 120 331 360 401 416 421 567 609 640 
0 49 80 124 331 363 401 417 422 569 608 640 
0 49 80 125 330 366 400 421 424 569 607 640 
0 50 71 73 81 127 330 370 400 421 424 428 429 569 570 571 606 640 
0 51 71 73 81 130 330 372 399 421 424 429 430 570 591 596 606 640 
0 51 71 73 82 134 329 372 399 421 422 571 590 596 605 640 
0 51 71 74 82 139 328 372 399 420 421 571 590 596 604 640 
0 50 71 74 82 143 327 372 398 571 591 596 604 640 
0 48 71 74 82 146 151 153 326 372 398 418 419 571 592 596 605 640 
0 47 70 73 82 155 326 372 398 418 419 571 593 595 605 640 
0 43 70 72 82 157 325 372 398 571 604 640 
0 43 82 159 324 372 397 571 603 640 
0 41 83 161 324 372 397 570 602 640 
0 40 82 162 323 372 397 570 602 640 
0 39 82 163 322 371 397 570 602 640 
0 37 81 164 211 217 230 240 321 371 397 570 602 640 
0 36 81 165 210 244 288 307 319 371 397 570 602 640 
0 35 80 168 209 248 284 371 397 569 603 640 
0 32 79 170 208 250 281 371 397 569 604 640 
0 32 79 170 207 253 277 370 397 569 605 640 
0 32 80 171 186 192 205 255 274 370 397 569 607 640 
0 32 80 172 181 194 203 259 273 370 397 569 597 599 608 640 
0 32 81 195 201 262 270 370 397 568 597 600 609 640 
0 31 80 370 397 568 597 601 611 640 
0 30 78 370 397 568 597 603 612 618 622 640 
0 28 77 370 397 568 597 604 614 618 622 640 
0 27 75 370 397 567 598 605 615 619 622 640 
0 27 30 31 74 370 397 567 598 606 616 620 621 640 
0 27 30 31 35 38 73 370 398 566 598 608 618 640 
0 29 30 31 34 38 73 370 398 566 598 609 620 640 
0 39 73 370 398 566 599 611 621 640 
0 39 73 370 398 565 599 612 623 640 
0 39 40 42 73 370 398 565 599 614 624 640 
0 43 72 369 398 564 600 616 626 640 
0 39 40 43 72 369 398 564 600 617 627 640 
0 38 40 43 72 369 399 564 601 621 626 640 
0 38 39 43 72 369 399 563 601 623 625 640 
0 43 72 369 399 563 602 640 
0 42 72 368 399 562 602 640 
0 42 71 368 400 562 602 640 
0 42 71 367 400 562 602 640 
0 42 71 367 400 562 603 640 
0 42 71 366 401 562 603 640 
0 42 71 365 401 561 604 640 
0 35 36 42 71 365 401 561 604 640 
0 34 35 42 70 364 401 561 604 640 
0 34 35 42 70 364 401 561 605 640 
0 33 35 42 70 363 401 561 605 640 
0 33 34 42 70 362 401 561 606 640 
0 41 70 362 401 562 606 640 
0 32 33 41 69 361 401 562 607 640 
0 41 69 360 402 562 607 640 
0 41 69 360 402 562 608 640 
0 41 68 360 402 563 608 640 
0 41 68 359 402 563 608 640 
0 40 68 359 402 563 608 640 
0 40 68 359 402 564 608 640 
0 40 68 359 402 566 608 640 
0 40 68 358 402 569 608 640 
0 40 67 358 402 571 608 640 
0 40 67 358 402 574 607 640 
0 40 67 358 402 575 605 640 
0 39 67 358 402 575 594 640 
0 39 67 358 402 575 594 640 
0 39 67 358 402 575 594 640 
0 39 67 358 402 575 594 640 
0 39 67 358 402 576 594 640 
0 39 67 358 402 576 595 640 
0 38 67 358 402 576 595 640 
0 38 67 358 403 577 596 640 
0 38 67 358 403 577 596 640 
0 38 67 358 403 577 597 640 
0 38 67 358 402 577 597 640 
0 37 67 358 402 577 597 640 
0 37 67 358 402 578 597 640 
0 37 67 358 402 578 598 640 
0 37 68 358 402 578 598 640 
0 37 68 357 402 578 598 640 
0 37 69 357 402 578 598 640 
0 37 69 357 402 578 599 640 
0 37 70 357 401 578 599 640 
0 37 71 357 401 578 599 640 
0 36 72 357 401 578 599 640 
0 36 73 357 401 578 599 640 
0 36 75 357 400 579 600 640 
0 36 76 357 400 579 600 640 
0 36 77 356 400 579 600 640 
0 35 78 356 400 579 600 640 
0 35 79 356 400 579 600 640 
0 35 80 356 399 579 588 591 600 640 
0 35 80 356 399 579 588 591 600 640 
0 35 79 356 399 579 588 591 600 640 
0 35 78 355 399 579 588 591 600 640 
0 35 77 355 399 580 588 591 600 640 
0 35 76 355 399 580 588 592 600 640 
0 35 74 355 399 580 588 592 600 640 
0 35 73 355 399 580 588 592 600 640 
0 35 71 354 400 579 589 592 600 640 
0 35 69 354 400 579 589 592 601 640 
0 35 68 354 400 579 590 591 602 640 
0 35 67 354 400 579 590 592 603 640 
0 35 67 354 400 579 590 592 603 640 
0 34 67 354 400 579 589 592 602 640 
0 34 43 48 69 354 400 580 588 592 602 622 625 640 
0 35 43 48 69 354 400 580 587 593 601 619 625 640 
