










































































































































































































333 334 
331 335 
330 337 
329 339 
329 343 
329 347 
328 349 
328 347 
328 347 
328 347 
328 347 348 349 
328 347 348 349 
328 346 347 349 
329 346 347 349 
329 346 347 348 
329 346 
329 345 347 348 
329 346 347 348 
329 346 
330 345 347 348 
330 345 354 356 
330 346 347 348 349 364 
330 385 
330 392 
330 395 
330 398 
330 400 
326 403 
323 404 
319 405 
315 407 
312 408 
308 409 
303 410 
300 411 
297 412 
295 413 
292 414 
290 415 
288 416 
286 416 
285 417 
284 418 
283 418 
282 419 
280 420 
280 420 
278 421 
278 421 
277 422 
276 422 
276 423 
275 423 
274 423 
274 424 
273 424 
273 425 
272 425 
271 425 
271 426 
270 426 
270 427 
269 427 
269 427 
269 427 
268 428 
268 428 
268 428 
268 428 
267 429 
267 429 
267 429 
267 429 
266 429 
266 430 
266 430 
266 430 
266 430 
266 430 
266 430 
266 430 
266 430 
266 430 
266 430 
266 430 
266 430 
266 430 
266 431 
266 431 
266 431 
266 431 
266 431 
266 431 
266 431 
266 431 
266 431 
266 431 
266 431 
266 431 
266 431 
267 430 
267 430 
267 430 
267 430 
267 430 
267 430 
268 430 
268 430 
268 430 
268 430 
268 430 
269 430 
269 430 
269 430 
270 429 
270 429 
270 429 
271 429 
271 429 
271 429 
271 428 
272 428 
272 428 
272 428 
272 428 
273 427 
273 427 
273 427 
274 427 
274 426 
274 426 
275 426 
275 426 
275 425 
276 425 
276 425 
276 424 
277 424 
277 424 
278 423 
278 423 
278 423 
279 422 
279 422 
280 421 
280 421 
281 420 
281 420 
282 419 
282 419 
283 419 
284 418 
284 417 
285 417 
285 416 
286 416 
286 415 
287 414 
288 414 
288 413 
289 413 
290 412 
291 411 
292 410 
293 410 
294 409 
294 408 
295 407 
296 406 
297 405 
298 404 
299 403 
301 402 
302 401 
303 400 
304 398 
306 395 
307 359 360 393 
308 357 360 391 
310 355 363 389 
311 353 364 374 375 377 378 385 
314 350 374 377 
318 347 
320 344 
326 336 




























































































