0 640 
0 640 
0 640 
0 640 
0 640 
0 640 
0 640 
0 640 
0 640 
0 640 
0 640 
0 640 
0 640 
0 640 
0 640 
0 640 
0 640 
0 640 
0 640 
0 640 
0 640 
0 640 
0 640 
0 640 
0 640 
0 640 
0 640 
0 640 
0 640 
0 640 
0 640 
0 640 
0 640 
0 640 
0 640 
0 640 
0 640 
0 640 
0 640 
0 640 
0 640 
0 640 
0 640 
0 640 
0 640 
0 640 
0 640 
0 640 
0 640 
0 640 
0 640 
0 640 
0 640 
0 640 
0 640 
0 640 
0 640 
0 640 
0 640 
0 640 
0 640 
0 640 
0 640 
0 640 
0 640 
0 640 
0 640 
0 640 
0 640 
0 640 
0 640 
0 640 
0 640 
0 640 
0 640 
0 640 
0 640 
0 640 
0 640 
0 640 
0 640 
0 640 
0 640 
0 640 
0 640 
0 640 
0 640 
0 640 
0 338 342 640 
0 337 344 640 
0 337 346 640 
0 198 203 336 347 640 
0 196 205 336 348 640 
0 195 206 335 349 640 
0 194 207 335 350 640 
0 193 209 335 351 640 
0 192 210 334 351 358 362 640 
0 191 211 334 351 357 363 640 
0 190 212 334 350 355 363 640 
0 189 212 318 328 333 350 353 363 640 
0 188 212 317 330 332 363 640 
0 186 212 316 363 640 
0 185 212 315 364 640 
0 184 212 314 364 640 
0 183 213 314 365 640 
0 182 212 314 378 640 
0 181 212 314 379 640 
0 181 211 314 380 640 
0 180 210 315 381 640 
0 180 209 315 382 640 
0 180 208 316 383 640 
0 180 207 316 383 640 
0 181 206 316 384 640 
0 181 206 316 384 640 
0 181 207 316 385 640 
0 181 208 316 385 640 
0 182 209 315 386 640 
0 182 209 313 386 640 
0 183 210 311 386 640 
0 183 210 309 387 640 
0 184 210 308 387 640 
0 184 211 306 387 640 
0 184 211 305 387 640 
0 185 211 303 387 640 
0 185 211 302 387 640 
0 186 211 217 218 301 387 640 
0 186 211 216 218 300 387 640 
0 187 211 214 218 299 386 640 
0 187 212 213 218 299 386 640 
0 188 217 298 386 640 
0 188 217 298 386 640 
0 189 216 297 386 640 
0 190 215 296 387 640 
0 190 215 296 387 640 
0 190 214 295 388 640 
0 191 214 295 389 640 
0 189 214 294 389 640 
0 188 216 294 390 640 
0 187 218 294 390 640 
0 186 220 223 225 293 391 640 
0 186 228 293 392 640 
0 185 231 293 392 640 
0 185 235 293 393 640 
0 186 237 293 395 640 
0 186 237 292 396 640 
0 186 237 292 397 640 
0 189 237 292 397 640 
0 194 236 293 396 640 
0 196 234 293 396 640 
0 197 234 293 396 640 
0 198 235 294 396 640 
0 199 236 294 396 640 
0 200 237 294 397 640 
0 201 238 294 397 640 
0 202 240 294 397 640 
0 202 241 293 398 640 
0 203 242 293 398 640 
0 203 243 293 398 640 
0 204 245 295 297 299 398 640 
0 204 246 295 297 299 398 640 
0 205 247 295 297 299 398 640 
0 205 248 296 297 299 398 640 
0 205 250 296 297 299 398 640 
0 205 251 296 398 640 
0 204 252 297 398 640 
0 204 254 297 302 303 398 640 
0 204 255 297 300 303 398 640 
0 205 257 297 299 302 398 640 
0 205 258 302 398 640 
0 206 259 302 398 640 
0 206 261 302 398 640 
0 207 262 301 397 640 
0 207 263 301 397 640 
0 207 217 219 265 301 397 640 
0 210 216 221 266 301 396 640 
0 210 215 222 267 301 396 640 
0 211 214 223 269 300 396 640 
0 224 270 300 396 640 
0 225 270 300 395 640 
0 226 271 300 395 640 
0 227 273 300 395 640 
0 228 274 300 395 640 
0 230 274 299 394 640 
0 230 275 299 394 640 
0 232 277 299 393 640 
0 233 279 299 393 640 
0 234 282 299 392 640 
0 235 284 299 392 640 
0 236 287 298 392 640 
0 237 289 298 391 640 
0 238 292 298 391 640 
0 239 294 297 301 303 391 640 
0 240 300 303 390 640 
0 241 300 302 390 640 
0 242 389 640 
0 244 389 640 
0 245 388 640 
0 246 388 640 
0 247 388 640 
0 248 387 640 
0 249 387 640 
0 251 387 640 
0 252 387 640 
0 252 387 640 
0 251 387 640 
0 251 387 640 
0 250 387 640 
0 249 387 640 
0 248 387 640 
0 247 387 640 
0 246 388 640 
0 245 388 640 
0 244 377 379 388 640 
0 242 377 379 389 640 
0 240 377 379 383 385 389 640 
0 239 270 274 377 379 383 386 390 640 
0 235 269 277 366 368 376 379 381 388 390 640 
0 234 269 279 366 368 376 379 381 640 
0 239 269 281 366 368 376 378 381 640 
0 239 269 281 366 368 376 378 380 640 
0 240 269 276 366 369 375 378 380 640 
0 241 270 272 366 369 375 378 380 640 
0 242 366 369 375 378 380 640 
0 242 366 369 375 378 379 640 
0 241 366 369 374 640 
0 241 362 363 366 369 374 640 
0 240 361 365 366 369 373 640 
0 240 361 365 367 370 373 640 
0 239 361 370 372 640 
0 239 361 370 372 640 
0 238 360 370 372 640 
0 238 360 370 371 640 
0 237 264 265 356 358 360 370 371 640 
0 237 263 265 355 358 360 369 371 640 
0 236 263 264 355 359 360 640 
0 236 355 640 
0 235 355 640 
0 235 355 640 
0 234 356 640 
0 234 356 640 
0 233 356 640 
0 233 356 640 
0 232 356 640 
0 232 356 640 
0 231 356 640 
0 231 356 640 
0 230 356 640 
0 230 356 640 
0 230 356 640 
0 229 356 640 
0 229 355 640 
0 228 355 640 
0 228 355 640 
0 227 355 640 
0 227 355 640 
0 226 354 640 
0 226 354 640 
0 225 354 640 
0 225 354 640 
0 224 353 640 
0 224 353 640 
0 224 353 640 
0 223 352 640 
0 223 352 640 
0 223 352 640 
0 222 351 640 
0 222 351 640 
0 222 351 640 
0 222 350 640 
0 222 265 266 350 640 
0 222 263 266 350 640 
0 223 261 266 349 640 
0 223 258 265 349 640 
0 224 256 265 348 640 
0 225 254 264 348 640 
0 226 252 264 347 640 
0 227 249 264 347 640 
0 228 246 264 347 640 
0 230 242 263 346 640 
0 232 239 263 346 640 
0 263 345 640 
0 262 345 640 
0 262 344 640 
0 262 344 640 
0 262 343 640 
0 262 343 640 
0 261 342 640 
0 261 342 640 
0 261 342 640 
0 261 341 640 
0 261 341 640 
0 260 340 640 
0 260 340 640 
0 260 339 640 
0 260 339 640 
0 260 338 640 
0 260 338 640 
0 260 337 640 
0 260 337 640 
0 259 337 640 
0 259 336 640 
0 259 336 640 
0 259 335 640 
0 259 335 640 
0 259 334 640 
0 259 334 640 
0 259 333 640 
0 259 333 640 
0 259 332 640 
0 259 332 640 
0 259 332 640 
0 259 331 640 
0 259 331 640 
0 258 331 640 
0 258 330 640 
0 258 330 640 
0 258 330 640 
0 258 329 640 
0 258 329 640 
0 258 328 640 
0 258 328 640 
0 258 329 640 
0 258 330 640 
0 258 330 640 
0 258 331 640 
0 258 332 640 
0 258 332 640 
0 258 334 640 
0 258 338 640 
0 258 340 640 
0 258 342 640 
0 258 343 640 
0 258 344 640 
0 258 346 640 
0 258 348 640 
0 258 350 640 
0 258 353 640 
0 258 355 640 
0 258 358 640 
0 258 360 640 
0 258 362 640 
0 258 363 640 
0 258 364 640 
0 258 366 640 
0 258 367 640 
0 258 369 640 
0 258 370 640 
0 258 371 640 
0 258 331 333 372 640 
0 258 331 334 372 640 
0 258 332 335 373 640 
0 257 333 336 373 640 
0 257 334 337 373 640 
0 257 335 337 373 640 
0 257 374 640 
0 258 374 640 
0 259 375 640 
0 260 375 640 
0 262 375 640 
0 263 375 640 
0 263 376 640 
0 263 376 640 
0 263 377 640 
0 263 377 640 
0 263 378 640 
0 263 378 640 
0 263 379 640 
0 263 380 640 
0 263 380 640 
0 263 381 640 
0 263 381 640 
0 263 382 640 
0 263 382 640 
0 263 382 640 
0 263 353 354 382 640 
0 263 353 354 383 640 
0 263 383 640 
0 263 383 640 
0 263 383 640 
0 263 382 640 
0 263 382 640 
0 263 382 640 
0 263 382 640 
0 263 382 640 
0 263 382 640 
0 263 381 640 
0 263 381 640 
0 263 381 640 
0 263 381 640 
0 263 380 640 
0 263 380 640 
0 263 380 640 
0 263 379 640 
0 263 379 640 
0 263 378 640 
0 263 378 640 
0 263 377 640 
0 263 377 640 
0 263 376 640 
0 264 375 640 
0 264 375 640 
0 264 375 640 
0 264 375 640 
0 264 376 640 
0 264 376 640 
0 264 376 640 
0 264 377 640 
0 264 377 640 
0 263 377 640 
0 263 377 640 
0 263 378 640 
0 263 378 640 
0 263 378 640 
0 263 379 640 
0 263 379 640 
0 263 379 640 
0 263 380 640 
0 263 380 640 
0 263 381 640 
0 263 381 640 
0 263 381 640 
0 263 382 640 
0 263 382 640 
0 263 382 640 
0 263 382 640 
0 263 383 640 
0 263 383 640 
0 263 383 640 
0 263 384 640 
0 263 384 640 
0 263 384 640 
0 263 385 640 
0 263 385 640 
0 263 386 640 
0 263 386 640 
0 263 386 640 
0 263 387 640 
0 263 387 640 
0 263 387 640 
0 263 387 640 
0 263 388 640 
0 263 388 640 
0 263 388 640 
0 263 389 640 
0 263 389 640 
0 263 390 640 
0 263 390 640 
0 263 390 640 
0 264 391 640 
0 264 391 640 
0 264 391 640 
0 264 392 640 
0 264 392 640 
0 264 392 640 
0 264 393 640 
0 264 393 640 
0 264 393 640 
0 264 393 640 
0 264 394 640 
0 265 394 640 
0 265 395 640 
0 265 395 640 
0 265 395 640 
0 265 396 640 
0 265 396 640 
0 265 396 640 
0 266 397 640 
0 266 397 640 
0 266 397 640 
0 267 397 640 
0 267 398 640 
0 267 398 640 
0 268 398 640 
0 268 398 640 
0 268 399 640 
0 269 399 640 
0 270 400 640 
0 270 400 640 
0 271 400 640 
0 271 400 640 
