0 259 
0 258 
0 257 
0 256 
0 255 
0 254 
0 254 
0 253 
0 252 
0 252 
0 251 
0 250 
0 250 
0 250 
0 249 
0 248 
0 248 
0 248 
0 248 
0 247 
0 247 
0 247 440 443 
0 247 438 443 
0 246 437 444 
0 246 436 444 
0 246 435 444 
0 246 435 444 
0 245 434 445 
0 245 433 445 
0 245 431 445 
0 245 429 445 
0 245 428 445 
0 245 426 445 
0 245 425 446 
0 245 424 446 
0 245 422 446 
0 246 421 446 
0 246 419 446 
0 246 417 447 
0 246 415 447 
0 246 413 447 
0 246 412 447 
0 247 337 341 411 447 
0 247 334 341 411 448 
0 247 333 341 411 448 
0 248 333 341 411 448 
0 248 332 341 411 448 
0 248 332 341 411 448 
0 249 332 341 411 448 
0 249 331 341 411 448 
0 250 330 341 410 449 
0 250 330 341 410 449 556 578 
0 251 329 341 410 449 545 585 
0 251 329 341 410 449 538 586 
0 251 328 340 410 449 532 588 
0 252 327 340 410 449 529 589 
0 253 327 340 410 450 528 590 
0 254 326 340 410 450 528 591 
0 254 325 340 410 450 528 593 
0 255 324 340 410 450 528 594 
0 256 323 340 410 450 529 595 
0 256 322 340 409 450 529 596 
0 257 320 340 409 451 529 597 
0 258 318 340 409 451 529 598 
0 259 316 340 409 451 529 599 
0 261 314 340 409 451 529 600 
0 262 312 340 408 452 529 602 
0 263 310 340 408 452 529 603 
0 264 308 340 408 452 529 604 
0 266 305 340 408 452 529 605 
0 268 291 300 302 340 408 452 529 607 
0 270 288 340 408 452 529 607 
0 272 285 340 408 453 529 608 
0 277 282 340 407 453 529 609 
0 339 407 453 529 610 
0 339 407 453 529 610 
0 339 407 453 529 611 
0 339 407 453 530 611 
0 339 407 453 530 612 
0 339 407 454 530 612 
0 339 407 454 530 613 
0 339 407 454 530 613 
0 339 406 454 530 614 
0 339 406 454 530 614 
0 339 406 454 530 614 
0 339 406 455 530 615 
0 339 406 455 530 615 
0 338 406 455 530 615 
0 338 406 455 530 616 
0 338 405 455 530 617 
0 338 405 455 530 617 
0 338 405 455 530 617 
0 338 405 456 530 618 
0 338 405 456 530 618 
0 338 405 456 530 618 
0 338 405 456 531 619 
0 338 405 456 531 619 
0 338 405 457 531 619 
0 338 404 457 531 620 
0 338 404 457 531 620 
0 338 404 457 531 621 
0 338 404 457 531 621 
0 338 403 457 531 621 
0 338 403 457 531 622 
0 338 403 457 531 622 
0 338 403 457 531 622 
0 338 403 457 531 622 
0 337 403 457 531 623 
0 337 403 457 532 623 
0 337 403 457 532 623 
0 337 402 456 532 624 
0 337 402 456 532 624 
0 337 402 456 532 624 
0 337 402 455 532 625 
0 337 402 455 532 625 
0 337 402 455 532 625 
0 337 402 455 532 626 
0 337 402 455 532 626 
0 337 401 455 532 626 
0 337 401 455 532 626 
0 337 401 454 531 627 
0 336 401 454 531 627 
0 336 401 454 531 627 
0 336 401 454 531 628 
0 336 401 454 531 628 
0 336 400 454 530 628 
0 336 400 454 530 629 
0 336 400 454 530 629 
0 336 400 454 530 629 
0 336 400 453 530 629 
0 336 400 453 529 630 
0 335 400 453 529 630 
0 335 399 453 529 630 
0 334 399 453 528 631 
0 333 399 453 528 631 
0 333 399 453 528 631 
0 332 398 453 528 632 
0 332 398 453 527 632 
0 332 398 452 527 632 
0 331 398 452 527 633 
0 331 398 452 527 633 
0 330 398 452 526 633 
0 330 398 452 526 633 
0 330 398 452 526 634 
0 329 397 452 526 634 
0 329 397 452 525 634 
0 328 397 451 525 634 
0 328 397 451 525 635 
0 327 397 451 525 635 
0 327 397 451 525 635 
0 327 397 451 524 636 
0 326 397 451 524 636 
0 325 396 451 524 636 
0 325 396 451 524 637 
0 325 396 450 523 637 
0 324 396 450 523 637 
0 324 396 450 523 637 
0 324 396 450 523 638 
0 323 395 450 522 638 
0 323 395 450 522 638 
0 322 395 450 522 638 
0 322 394 450 522 639 
0 322 394 450 522 639 
0 321 393 449 521 639 
0 321 393 449 521 640 
0 320 392 449 521 640 
0 320 392 449 521 640 
0 320 391 449 521 640 
0 319 391 449 520 640 
0 319 391 449 520 640 
0 318 390 449 520 640 
0 318 389 448 520 640 
0 318 389 448 520 640 
0 317 388 448 519 640 
0 317 388 448 519 640 
0 316 387 448 519 640 
0 316 387 448 519 640 
0 315 386 447 518 640 
0 315 386 447 518 640 
0 315 385 447 518 640 
0 314 385 447 518 640 
0 313 384 447 518 640 
0 313 384 447 517 640 
0 313 383 447 517 640 
0 312 383 446 517 640 
0 312 382 446 517 640 
0 311 382 446 517 640 
0 311 381 446 517 640 
0 310 381 445 516 640 
0 310 381 445 516 640 
0 309 380 445 516 640 
0 309 380 445 516 640 
0 309 379 445 516 640 
0 308 378 445 515 640 
0 308 378 445 515 640 
0 307 377 444 515 640 
0 307 377 444 515 640 
0 306 377 444 515 640 
0 306 376 444 515 640 
0 305 376 444 515 640 
0 305 375 443 514 640 
0 304 375 443 514 640 
0 304 374 443 514 640 
0 303 374 443 514 640 
0 303 373 442 514 640 
0 302 373 442 514 640 
0 302 372 442 514 640 
0 302 372 442 514 640 
0 301 372 441 513 640 
0 300 371 441 513 640 
0 300 371 441 513 640 
0 300 370 441 513 640 
0 299 370 440 513 640 
0 298 370 440 513 640 
0 298 369 440 513 640 
0 297 369 440 512 640 
0 296 368 439 512 640 
0 296 368 439 512 640 
0 295 367 439 512 640 
0 295 367 438 512 640 
0 294 366 438 512 640 
0 294 366 438 512 640 
0 293 366 437 512 640 
0 293 365 437 512 640 
0 292 365 437 512 640 
0 291 364 436 512 640 
0 290 364 436 512 640 
0 290 364 435 512 640 
0 289 363 435 512 640 
0 289 363 435 512 640 
0 288 363 435 512 640 
0 287 362 434 512 640 
0 286 362 434 512 640 
0 286 361 433 512 640 
0 285 361 433 512 640 
0 284 361 432 512 640 
0 284 360 432 512 640 
0 283 360 432 512 640 
0 282 360 431 512 640 
0 282 359 431 512 640 
0 281 359 430 512 640 
0 280 359 430 512 640 
0 279 358 430 512 640 
0 279 358 429 512 640 
0 278 358 429 512 640 
0 277 358 429 512 640 
0 276 357 428 512 640 
0 276 357 428 512 640 
0 275 357 427 512 640 
0 275 356 427 512 640 
0 274 356 426 512 640 
0 274 356 426 513 640 
0 273 356 426 513 640 
0 272 355 426 513 640 
0 271 355 425 513 640 
0 270 355 425 513 640 
0 270 355 425 513 640 
0 269 354 424 513 640 
0 268 354 424 512 640 
0 268 354 424 512 640 
0 267 354 423 512 640 
0 267 353 423 513 640 
0 266 353 423 513 640 
0 266 353 423 513 640 
0 265 353 422 513 640 
0 265 353 422 513 640 
0 264 352 422 513 640 
0 264 352 422 513 640 
0 263 352 422 513 640 
0 263 352 421 513 640 
0 262 352 421 513 640 
0 261 352 421 513 640 
0 261 351 421 512 640 
0 261 351 421 512 640 
0 260 351 422 512 640 
0 260 351 422 512 640 
0 261 351 423 512 640 
0 262 351 424 512 640 
0 264 350 425 512 640 
0 265 350 426 512 640 
0 268 350 427 511 640 
0 269 350 429 511 640 
0 270 350 430 511 640 
0 270 350 430 511 640 
0 268 350 430 511 640 
0 267 349 429 510 640 
0 267 349 429 510 640 
0 266 348 428 510 639 
0 265 347 427 510 639 
0 265 347 426 509 638 
0 264 347 426 508 638 
0 264 348 425 508 637 
0 263 347 425 507 637 
0 263 348 424 506 637 
0 262 347 424 505 636 
0 262 347 424 503 636 
0 261 347 423 502 635 
0 261 347 423 500 635 
0 260 346 422 499 635 
0 260 346 422 499 634 
0 259 346 422 499 634 
0 259 345 421 499 633 
0 259 345 421 499 633 
0 258 344 420 500 633 
0 257 344 420 500 632 
0 256 344 420 500 632 
0 253 344 419 501 632 
0 243 352 419 501 631 
0 221 368 419 501 631 
0 204 380 418 501 631 
0 189 394 418 501 630 
0 183 399 417 501 630 
0 171 408 417 501 630 
0 157 501 629 
0 146 502 629 
0 139 502 629 
0 132 502 628 
0 124 502 628 
0 115 502 628 
0 107 502 627 
0 99 502 627 
0 93 502 627 
0 87 502 627 
0 81 502 626 
0 75 503 626 
0 69 503 626 
0 63 503 625 
0 57 503 625 
0 52 503 625 
0 47 503 624 
0 41 503 624 
0 37 505 624 
0 32 507 624 
0 27 511 623 
0 23 514 623 
0 18 517 623 
0 13 520 623 
0 8 524 623 
0 4 527 623 
0 2 530 622 
533 622 
536 622 
538 622 
541 622 
544 621 
547 621 
549 621 
552 621 
555 620 
338 354 558 620 
240 265 337 371 560 620 
224 265 336 386 562 620 
209 266 336 397 565 620 
196 267 301 305 335 405 567 620 
184 269 297 309 334 411 569 619 
174 270 292 310 317 326 327 328 330 412 420 422 572 619 
164 412 419 423 574 619 
154 413 418 423 576 619 
145 413 416 423 579 619 
138 424 581 619 
131 424 584 619 
123 425 586 619 
115 425 459 462 588 619 
107 426 441 442 458 462 590 618 
102 426 440 443 457 463 592 618 
95 427 440 443 457 463 474 478 594 618 
89 428 439 443 456 464 472 482 596 618 
83 429 439 444 456 465 471 486 598 618 
76 431 438 445 455 468 470 490 600 618 
72 433 437 445 454 495 602 618 
66 447 453 499 605 618 
60 502 606 618 
54 505 608 618 
50 508 610 618 
46 512 612 617 
42 515 614 617 
37 519 615 617 
32 522 
26 525 
22 529 
18 531 
14 534 
11 537 
6 540 
3 544 
0 546 
0 549 
0 551 
0 554 
0 556 
0 559 
0 561 
0 564 
0 566 
0 568 
0 571 
0 574 
0 576 
0 578 
0 580 
0 582 
0 584 
0 586 
0 588 
0 591 
0 593 
0 595 
0 597 
0 599 
0 601 
0 603 
0 605 
0 607 
0 608 
0 610 
0 612 
0 614 
0 616 
0 617 
0 619 
0 621 
0 622 
0 622 
0 623 
0 623 
0 623 
0 623 
0 623 
0 624 
0 624 
0 624 
0 624 
0 624 
0 625 
0 625 
0 625 
0 625 
0 626 
0 626 
0 626 
0 626 
0 627 
0 627 
0 627 
0 627 
0 627 
0 628 
0 628 
0 628 
0 628 
0 629 
0 629 
0 629 
0 629 
0 629 
0 629 
0 629 
0 629 
0 629 
0 629 
0 629 
0 629 
0 629 
0 628 
0 628 
0 628 
0 628 
0 628 
0 628 
0 628 
0 628 
0 628 
0 628 
0 628 
0 628 
0 628 
0 627 
0 627 
0 627 
0 628 
