329 416 433 532 
327 418 431 532 
323 421 429 533 
320 423 427 533 
317 533 
314 533 
312 533 
309 533 
307 533 
305 533 
304 534 
302 535 
300 535 
299 535 
298 536 
296 537 
295 538 
294 538 
293 538 
292 538 
291 538 
290 538 
289 538 
288 539 
288 540 
287 541 
286 542 
285 543 
285 543 
284 543 
283 542 
283 543 
282 545 
282 545 
281 546 
281 547 
281 547 
280 547 
280 548 
279 548 
279 548 
279 548 
278 548 
278 549 
278 550 
277 550 
277 550 
277 549 
276 550 
276 550 
276 551 
276 551 
276 551 
275 552 
275 551 
275 551 
275 551 
275 551 
275 552 
275 551 
274 551 
274 544 545 551 
274 543 546 550 
274 531 536 543 547 548 
274 531 538 539 
274 528 
274 529 
274 530 
274 533 
274 535 
274 535 536 538 
274 538 
273 538 
273 539 
273 540 
272 544 
271 545 
270 545 
270 545 
269 544 
267 544 
266 543 
265 542 
263 542 
262 541 
260 540 
258 540 
257 538 
255 538 
254 537 
252 536 
250 535 
248 535 
246 532 
245 532 
242 531 
240 531 
238 529 
237 528 
216 222 235 527 
215 227 233 526 
215 229 231 524 
214 524 
214 521 
214 520 
213 519 
213 517 
213 516 
213 464 466 515 
213 464 468 514 
213 463 474 510 
213 463 475 479 481 510 
213 463 482 506 508 509 
213 462 483 506 
213 462 490 504 
213 461 495 499 
214 461 
214 460 
214 460 
214 460 
215 236 240 460 
215 234 240 460 
215 232 240 460 
217 230 240 461 
218 227 240 252 256 461 
241 249 256 461 
256 462 
257 462 
257 462 
256 462 
256 463 
255 463 
255 464 
255 258 259 464 
255 257 260 464 
260 465 
261 465 
262 466 
262 466 
263 467 
263 467 
264 468 
264 468 
265 469 
266 469 
267 470 
267 471 
268 471 
268 472 
269 472 
270 473 
270 474 
271 474 
272 475 
272 476 
273 476 
274 477 
274 477 
277 477 
278 477 
279 288 289 478 
280 288 290 478 
281 288 290 480 
281 288 290 481 
282 289 290 482 
283 289 290 482 
284 290 291 482 
285 482 
285 481 
287 452 453 480 
289 452 455 479 
290 452 455 478 
291 452 456 477 
292 452 457 476 
292 453 457 475 
292 453 459 473 
292 453 459 471 
292 453 460 468 
292 453 
292 453 
293 454 
293 454 
293 454 
293 455 
293 455 
293 455 
293 456 
293 456 
293 456 
293 457 
294 457 
294 458 
294 458 
294 459 
293 459 
293 455 456 459 
293 305 306 456 
293 305 306 457 
293 304 306 458 
293 304 306 459 
292 303 306 460 
292 302 306 462 
292 301 306 463 
292 300 304 305 307 452 455 464 
292 299 304 305 306 452 459 461 
291 299 306 453 
291 298 306 453 
290 297 305 453 
290 297 305 446 448 453 
290 296 304 446 449 450 
289 295 304 447 
289 294 303 448 
289 293 303 438 440 442 443 448 
290 293 300 301 303 339 342 438 444 447 
302 337 347 438 445 446 
302 337 349 438 
302 337 349 438 
301 337 349 425 426 438 
301 337 349 425 426 439 
300 338 347 424 426 439 
300 338 346 424 426 439 
300 338 345 423 426 432 433 439 
299 338 344 423 427 432 433 439 
299 338 344 411 412 423 427 432 434 435 437 439 
298 338 344 411 413 422 427 432 
298 339 344 406 413 422 427 432 
298 339 343 403 405 406 414 422 427 431 
297 339 343 403 405 407 414 421 427 428 430 431 
297 339 343 403 405 407 415 417 418 421 
296 339 343 400 405 407 415 416 418 420 
296 340 342 401 
295 401 
295 401 
295 402 
294 403 
293 403 
290 291 293 404 
292 405 
292 406 
288 289 291 407 
288 289 290 408 
290 409 
289 410 
289 412 
288 413 
288 414 
285 286 287 416 
284 285 287 417 
284 285 286 418 
286 419 
282 283 285 421 
285 422 
284 423 
284 424 
280 281 283 425 
279 280 283 427 
279 280 282 428 
282 429 
278 279 281 430 
278 279 281 431 
279 280 281 433 
282 434 
280 281 283 436 
284 436 
284 438 
285 439 
285 440 
285 440 
286 441 
285 442 
284 443 
283 444 
282 444 
281 445 
280 446 
279 446 
278 447 
277 447 
275 448 
274 448 
273 448 
272 448 
271 448 
140 205 270 448 
132 211 269 448 
124 217 268 448 
120 225 267 448 
119 235 266 448 
118 239 265 448 
117 242 264 448 
117 246 263 448 
117 249 263 448 
117 251 262 448 
117 254 261 448 
117 255 261 448 
117 257 261 448 
117 448 
118 448 
118 448 
118 447 
119 447 
119 447 
119 447 
120 447 
120 447 
121 446 
121 446 
121 446 
122 446 639 640 
122 445 638 640 
123 446 636 640 
124 448 635 640 
125 450 633 640 
126 452 632 640 
127 455 630 640 
128 457 628 640 
129 459 627 640 
130 461 625 640 
131 464 624 640 
132 466 622 640 
109 119 131 468 620 640 
108 120 129 470 618 640 
107 472 616 640 
107 474 615 640 
107 476 613 640 
107 479 610 640 
108 481 609 640 
109 483 510 521 607 640 
111 485 508 525 604 640 
112 487 507 529 602 640 
114 489 506 534 598 640 
116 491 506 538 596 640 
118 493 506 544 592 640 
119 496 505 550 588 640 
120 498 505 554 584 640 
120 500 505 563 574 640 
121 503 505 640 
122 640 
123 640 
124 640 
126 640 
128 640 
130 640 
134 640 
135 640 
136 640 
137 194 197 640 
137 193 198 640 
138 192 199 439 445 640 
139 190 199 439 451 640 
140 189 200 438 456 640 
140 187 200 438 459 640 
141 186 201 438 463 640 
141 184 201 438 466 640 
142 183 201 437 469 640 
143 181 201 437 471 640 
144 179 202 436 473 640 
145 177 203 435 475 640 
148 169 204 434 477 640 
205 434 479 640 
206 433 481 640 
206 433 483 640 
207 433 485 640 
207 432 486 640 
207 432 488 640 
208 431 490 640 
209 430 491 640 
209 429 493 640 
210 428 494 640 
210 426 496 640 
211 406 408 423 497 640 
211 405 411 420 499 640 
212 405 500 640 
212 405 501 640 
213 405 503 640 
213 406 504 640 
214 406 506 640 
215 406 507 640 
215 407 508 640 
216 407 509 640 
216 407 511 640 
217 407 512 640 
217 408 513 640 
218 408 515 640 
218 408 516 640 
219 409 517 640 
219 409 518 640 
220 410 520 640 
220 410 521 640 
221 411 522 640 
221 411 523 640 
222 411 524 640 
222 399 404 411 525 640 
223 399 527 640 
224 399 528 640 
225 399 529 640 
225 398 530 640 
225 398 531 640 
226 398 532 640 
227 398 534 640 
228 398 535 640 
228 397 536 640 
229 397 537 640 
230 397 538 640 
230 397 539 640 
232 396 540 640 
232 396 541 640 
234 396 542 640 
235 395 544 640 
236 395 545 609 616 640 
238 395 546 605 620 640 
240 395 547 603 621 640 
241 394 548 601 624 640 
244 394 549 599 626 640 
246 394 550 597 628 640 
250 393 551 595 630 640 
256 260 262 393 552 594 631 640 
262 393 553 593 633 640 
262 392 554 591 635 640 
262 392 555 589 636 640 
262 392 557 588 638 640 
262 391 558 587 639 640 
262 391 559 586 
262 391 560 585 
262 390 561 583 
261 390 562 582 
261 390 564 581 
261 390 565 580 
261 389 567 578 
261 389 568 577 
261 389 
261 389 
261 388 
261 388 
260 388 
260 388 
260 387 
260 387 
260 387 
260 387 
260 387 
260 387 
259 387 
259 387 
259 387 
259 387 
259 387 
259 387 
258 387 
258 388 
258 388 
258 388 
258 388 
257 389 
257 389 
257 389 
257 389 
257 389 
256 390 
256 390 
255 390 
254 391 
254 391 
253 391 
252 392 
251 392 
250 392 
248 393 
248 393 
246 394 
245 397 
243 402 
241 404 
240 405 
240 407 
239 408 
239 408 
239 410 
239 410 
239 410 
