0 640 
0 640 
0 640 
0 640 
0 640 
0 640 
0 640 
0 640 
0 640 
0 640 
0 640 
0 640 
0 640 
0 640 
0 640 
0 640 
0 640 
0 171 172 640 
0 170 173 640 
0 170 173 640 
0 170 174 640 
0 170 175 640 
0 170 176 640 
0 170 176 640 
0 170 177 640 
0 169 178 640 
0 169 178 640 
0 169 179 640 
0 169 180 640 
0 169 181 640 
0 169 181 640 
0 169 182 640 
0 169 182 640 
0 169 183 640 
0 168 183 640 
0 168 184 640 
0 168 185 640 
0 168 185 640 
0 168 186 640 
0 168 186 640 
0 168 187 640 
0 168 187 640 
0 168 188 194 200 640 
0 168 189 192 205 640 
0 168 189 191 206 208 212 640 
0 168 190 192 211 640 
0 168 191 194 208 640 
0 168 191 196 206 640 
0 146 165 168 192 640 
0 140 192 640 
0 117 193 640 
0 111 193 640 
0 106 194 640 
0 100 194 640 
0 96 195 640 
0 93 196 640 
0 91 196 640 
0 88 197 640 
0 85 197 640 
0 82 198 640 
0 80 198 640 
0 79 199 640 
0 76 200 640 
0 74 201 640 
0 72 202 640 
0 70 203 640 
0 68 204 640 
0 66 205 640 
0 65 206 640 
0 63 206 640 
0 61 207 640 
0 59 208 640 
0 57 209 640 
0 56 210 640 
0 54 211 640 
0 52 212 640 
0 50 212 640 
0 49 213 640 
0 47 213 640 
0 45 214 640 
0 44 215 640 
0 43 215 640 
0 41 216 640 
0 40 216 640 
0 38 217 640 
0 37 218 640 
0 36 218 640 
0 35 218 640 
0 34 219 640 
0 33 220 640 
0 31 220 640 
0 30 221 640 
0 30 221 640 
0 29 221 640 
0 28 222 640 
0 27 222 640 
0 26 222 640 
0 26 223 640 
0 25 223 640 
0 24 223 640 
0 23 224 640 
0 23 224 640 
0 22 225 640 
0 22 225 640 
0 21 225 640 
0 21 225 640 
0 20 226 640 
0 20 226 640 
0 19 226 640 
0 19 226 640 
0 19 227 640 
0 18 227 640 
0 18 227 640 
0 18 227 640 
0 18 227 640 
0 17 228 640 
0 17 228 640 
0 17 229 640 
0 17 229 640 
0 16 230 640 
0 16 231 640 
0 16 231 640 
0 15 232 640 
0 15 232 640 
0 15 232 640 
0 15 233 640 
0 15 233 640 
0 15 233 640 
0 15 233 640 
0 15 235 640 
0 15 236 640 
0 14 237 640 
0 14 239 640 
0 14 241 640 
0 14 243 640 
0 14 245 640 
0 14 246 640 
0 14 249 640 
0 14 252 266 277 640 
0 14 255 261 278 640 
0 14 279 640 
0 14 279 640 
0 14 280 640 
0 14 280 640 
0 14 281 640 
0 15 281 640 
0 15 282 640 
0 15 282 640 
0 15 284 640 
0 15 283 640 
0 15 282 640 
0 15 282 640 
0 15 281 640 
0 15 280 640 
0 16 280 640 
0 16 279 640 
0 16 278 640 
0 17 278 640 
0 17 277 640 
0 17 276 640 
0 17 276 640 
0 17 275 640 
0 18 274 640 
0 18 274 640 
0 18 273 640 
0 18 273 640 
0 19 272 640 
0 19 271 640 
0 19 271 640 
0 19 270 640 
0 20 253 255 269 640 
0 20 254 256 268 640 
0 20 254 257 267 640 
0 21 255 258 267 640 
0 22 255 259 266 640 
0 22 255 260 265 640 
0 22 255 640 
0 23 255 640 
0 23 255 640 
0 24 255 640 
0 25 255 640 
0 25 255 640 
0 26 255 640 
0 27 255 640 
0 28 256 640 
0 29 252 640 
0 29 252 640 
0 30 253 640 
0 31 252 640 
0 32 252 640 
0 33 252 640 
0 33 252 640 
0 34 251 640 
0 34 251 640 
0 34 251 640 
0 34 250 640 
0 34 250 640 
0 34 250 438 441 640 
0 34 249 437 443 640 
0 34 227 229 249 437 445 640 
0 34 244 245 248 436 446 640 
0 34 243 245 247 436 446 640 
0 33 243 245 247 436 447 640 
0 33 227 229 242 245 247 435 448 640 
0 33 227 229 242 435 449 640 
0 33 227 229 241 435 449 640 
0 32 227 229 241 435 450 640 
0 32 227 229 241 435 450 640 
0 32 226 228 241 435 450 640 
0 31 226 227 241 435 451 640 
0 31 225 227 235 238 240 434 451 640 
0 31 225 227 235 238 240 434 451 640 
0 30 225 226 230 233 234 238 240 434 451 640 
0 30 224 225 230 233 234 435 451 640 
0 30 224 225 226 232 233 435 451 640 
0 30 225 435 451 640 
0 30 223 435 451 640 
0 30 223 435 451 640 
0 30 222 436 451 640 
0 30 222 436 451 640 
0 29 222 436 451 640 
0 29 222 437 451 640 
0 28 222 437 451 640 
0 27 222 438 450 640 
0 26 222 438 445 640 
0 25 222 439 444 640 
0 24 222 440 444 640 
0 25 222 441 444 640 
0 25 222 640 
0 26 222 640 
0 28 222 640 
0 29 222 640 
0 29 30 31 222 640 
0 31 222 640 
0 30 222 640 
0 30 221 640 
0 29 221 640 
0 29 221 640 
0 29 221 640 
0 28 221 640 
0 28 221 640 
0 28 221 640 
0 27 221 640 
0 27 221 640 
0 26 221 640 
0 26 221 640 
0 25 221 640 
0 25 221 640 
0 24 221 640 
0 24 221 640 
0 24 222 640 
0 23 222 640 
0 23 222 640 
0 23 222 640 
0 22 223 640 
0 22 216 218 223 640 
0 21 215 218 223 640 
0 20 215 219 223 640 
0 20 214 220 224 640 
0 19 214 220 224 640 
0 19 213 221 225 640 
0 19 212 222 225 640 
0 18 212 223 226 640 
0 18 212 224 226 640 
0 17 211 224 226 640 
0 17 211 226 227 640 
0 16 210 640 
0 16 210 640 
0 15 209 640 
0 15 209 640 
0 14 209 640 
0 14 208 640 
0 13 207 640 
0 13 206 640 
0 12 206 640 
0 12 205 640 
0 11 204 640 
0 10 203 640 
0 10 203 640 
0 9 202 640 
0 9 201 640 
0 8 201 640 
0 8 200 640 
0 8 199 640 
0 7 198 640 
0 6 172 178 196 640 
0 6 172 182 195 640 
0 5 108 110 171 640 
0 5 107 113 171 640 
0 4 107 115 170 640 
0 3 106 116 170 640 
0 3 98 99 106 116 169 640 
0 3 97 99 106 117 169 640 
0 2 97 100 105 117 173 640 
0 2 97 100 105 117 180 640 
97 100 104 116 188 640 
97 101 103 114 193 640 
64 66 97 102 103 111 200 640 
62 68 97 107 207 640 
62 68 94 95 97 103 211 640 
61 68 79 80 92 96 97 100 214 640 
60 68 79 81 92 96 217 640 
60 69 79 81 95 96 220 640 
59 69 78 81 224 640 
59 69 78 81 228 640 
25 27 58 69 77 81 233 640 
24 28 58 69 77 79 237 640 
24 29 57 69 238 640 
24 31 57 69 239 640 
23 32 57 68 240 640 
23 34 53 54 56 68 241 640 
23 36 53 54 56 68 241 640 
23 38 52 53 56 67 242 640 
8 12 23 38 50 53 55 65 242 640 
7 14 22 38 50 53 55 63 243 640 
7 38 49 53 54 61 243 640 
6 37 48 60 244 640 
5 37 40 41 46 57 243 640 
5 37 40 41 45 55 241 640 
4 37 39 41 44 54 239 640 
3 37 38 40 43 52 236 640 
3 37 38 40 42 50 237 640 
2 40 42 47 238 640 
2 40 41 45 239 640 
1 39 41 43 240 640 
1 39 240 640 
0 38 241 640 
0 37 241 640 
0 36 242 640 
0 36 243 640 
0 35 243 640 
0 34 244 640 
0 34 244 640 
0 33 245 640 
0 33 246 640 
0 33 246 640 
0 32 247 640 
0 32 247 640 
0 32 248 640 
0 31 248 640 
0 31 249 640 
0 30 249 640 
0 30 250 338 354 640 
0 30 250 328 372 640 
0 30 251 317 375 640 
0 30 251 313 381 640 
0 31 252 310 385 640 
0 31 252 306 390 640 
0 32 253 302 396 640 
0 32 253 295 296 299 400 640 
0 33 254 292 402 640 
0 33 254 290 404 640 
0 33 255 288 406 640 
0 33 255 285 409 640 
0 34 256 283 413 640 
0 34 256 280 416 640 
0 34 256 278 418 640 
0 34 257 276 420 640 
0 35 257 275 424 640 
0 35 257 270 425 640 
0 35 258 268 427 640 
0 34 259 267 429 640 
0 34 260 265 430 640 
0 33 261 264 433 640 
0 33 435 640 
0 33 437 640 
0 32 439 640 
0 32 440 640 
0 32 442 640 
0 32 444 640 
0 32 446 640 
0 31 448 640 
0 31 449 640 
0 31 450 640 
0 30 452 640 
0 30 453 640 
0 30 454 640 
0 30 455 640 
0 30 457 640 
0 29 458 640 
0 29 460 640 
0 28 461 640 
0 26 463 640 
0 25 464 640 
0 24 466 640 
0 23 467 640 
0 23 468 640 
0 23 469 640 
0 23 471 640 
0 23 472 640 
0 23 473 640 
0 23 474 640 
0 23 474 640 
0 23 476 640 
0 23 477 640 
0 22 478 640 
0 17 19 22 479 640 
0 17 480 640 
0 18 481 640 
0 18 482 640 
0 19 483 640 
0 19 484 640 
0 19 485 640 
0 19 486 640 
0 20 486 640 
0 20 487 640 
0 21 489 640 
0 22 489 640 
0 22 491 640 
0 22 492 640 
0 22 493 640 
0 22 494 640 
0 22 494 640 
0 22 495 640 
0 21 496 640 
0 21 497 640 
0 21 497 640 
0 21 498 640 
0 21 499 640 
0 21 500 640 
0 21 501 640 
0 21 501 640 
0 21 502 640 
0 20 503 640 
0 20 504 640 
0 19 505 640 
0 19 505 640 
0 18 506 640 
0 18 507 640 
0 17 507 640 
0 16 508 640 
0 15 509 640 
0 14 510 640 
0 13 511 640 
0 13 511 640 
0 13 512 640 
0 13 512 640 
0 13 513 640 
0 13 513 640 
0 12 514 640 
0 12 514 640 
0 11 515 640 
0 10 516 640 
0 10 516 640 
0 9 517 640 
0 8 518 640 
0 9 518 640 
0 9 519 640 
0 9 519 640 
0 10 520 640 
0 10 521 640 
0 10 521 640 
0 10 522 640 
0 11 522 640 
0 12 83 85 523 640 
0 18 83 85 523 640 
0 18 83 85 524 640 
0 18 83 85 524 640 
0 18 84 86 525 640 
0 17 84 86 526 640 
0 17 83 86 526 640 
0 17 83 86 527 640 
0 17 82 86 527 640 
0 16 82 86 527 640 
0 16 81 86 528 640 
0 16 81 86 528 640 
0 15 74 76 80 86 528 640 
0 15 74 86 529 640 
0 15 74 86 529 640 
0 15 74 86 530 640 
0 14 74 86 530 640 
0 14 74 87 531 640 
0 14 74 86 531 640 
0 14 74 86 531 640 
0 13 74 87 532 640 
0 13 74 87 532 640 
0 13 74 87 532 640 
0 13 74 87 533 640 
0 13 73 87 533 640 
0 13 73 88 533 640 
