165 224 
165 195 197 225 
164 194 197 225 
147 153 163 194 197 225 
145 156 163 193 197 226 
143 159 163 192 196 227 
142 192 196 227 
140 191 196 227 
139 191 195 228 
138 190 195 228 
137 190 195 228 
136 229 
135 229 
135 229 
134 229 
134 229 
133 230 
133 230 
132 230 
132 230 
132 230 
133 231 
133 231 
133 231 
133 231 
133 231 
134 231 
134 231 
134 232 
134 232 
135 232 
135 232 
136 232 
137 232 
139 232 
142 233 
146 233 
146 233 
146 235 
145 240 
145 240 
145 239 
144 239 
144 239 
144 238 
143 238 
143 237 
143 237 
143 237 
143 237 
142 236 
142 237 
142 240 
142 241 
142 243 
142 244 
142 246 
142 249 
142 252 
142 255 
142 260 
142 266 
142 275 
143 286 
142 295 
142 312 315 316 
142 307 308 311 312 317 
142 304 314 316 
142 303 
142 302 
142 300 
142 299 301 302 303 305 
142 299 
142 298 309 311 
142 246 250 298 
142 246 254 299 304 305 
141 246 258 294 302 305 
141 246 264 292 
141 246 271 291 
141 245 279 290 
141 245 
141 245 
141 245 
141 245 408 443 
141 244 403 448 
141 244 384 391 398 453 
141 245 382 456 
141 250 381 460 
141 262 380 462 
141 293 380 464 
141 297 378 467 
141 300 375 469 
141 299 373 471 
140 300 371 473 
140 301 369 475 
140 301 366 476 
140 300 365 478 
140 300 364 479 
140 299 362 480 
140 298 361 482 
140 298 360 483 
140 298 359 484 
141 299 358 485 
141 299 357 486 
141 300 356 487 
141 301 355 488 
142 237 241 301 354 489 
144 237 249 301 353 490 
145 238 256 301 352 491 
145 238 270 300 351 491 
146 238 280 299 351 492 
146 238 350 493 
146 238 349 494 
148 238 349 494 
149 239 348 495 
148 239 286 294 347 495 
147 239 283 298 346 496 
147 239 281 300 346 497 
147 239 280 302 345 497 
147 239 279 303 344 498 
146 239 278 304 343 498 
128 137 145 239 277 305 343 499 
145 240 276 305 342 499 
144 240 276 306 342 500 
143 240 276 306 341 500 
143 240 276 306 340 501 
142 240 276 307 340 501 
141 240 276 307 339 501 
141 241 276 307 338 502 
140 241 276 307 338 502 
139 241 276 307 337 503 
139 241 276 306 337 504 
138 241 277 306 336 505 
138 241 277 306 336 506 
137 242 277 306 335 506 
136 242 277 306 335 507 
135 242 278 305 334 508 
135 242 278 305 334 508 
135 242 278 305 333 509 
136 242 278 305 332 509 
138 243 278 305 332 509 
138 243 279 304 331 510 
138 243 279 304 331 510 
137 243 279 304 330 511 
137 243 279 304 330 511 
136 243 279 304 329 511 
135 243 279 304 328 334 335 512 
135 243 279 304 327 332 335 512 
134 243 280 303 326 331 335 512 
134 243 280 303 326 330 335 513 
133 243 280 303 325 329 335 513 
132 243 280 303 324 328 334 514 
132 243 280 303 324 326 334 514 
132 243 280 303 333 515 
131 243 280 303 333 515 
131 155 158 243 280 303 333 516 
131 154 159 242 280 303 333 516 
132 154 159 229 280 302 332 516 
134 153 159 228 280 302 332 516 
143 152 159 228 280 302 332 517 
146 150 159 228 280 302 332 517 
160 227 280 302 332 517 
160 227 280 302 332 518 
160 227 280 302 331 518 
160 227 280 302 333 518 
160 227 280 302 335 518 
161 227 280 302 335 518 
161 227 280 302 335 519 
161 227 280 302 335 519 
161 227 280 302 335 519 
162 227 280 302 336 519 
162 226 280 302 336 519 
162 226 280 302 336 520 
162 226 280 301 336 520 
163 226 280 301 337 520 
163 226 280 301 337 520 
163 226 279 301 337 521 
163 226 279 301 338 521 
163 226 279 301 338 521 
164 226 279 301 338 521 
164 226 279 301 338 521 
164 226 279 301 339 342 344 522 
164 226 279 301 345 522 
165 226 279 301 345 522 
165 226 279 301 345 522 
165 226 279 301 346 349 352 523 
165 226 279 301 353 523 
165 226 279 301 354 523 
165 227 279 301 354 523 
165 227 279 301 353 523 
165 227 279 301 352 523 
165 227 279 301 352 523 
164 228 279 301 351 523 
164 228 279 301 350 523 
164 228 279 301 349 523 
163 229 279 301 347 524 
163 230 279 301 345 524 
163 230 279 301 344 524 
162 231 279 301 343 524 
162 231 278 301 343 524 
161 232 279 301 343 524 
161 232 279 301 343 524 
160 233 278 301 343 524 
160 234 278 301 344 524 
160 235 278 301 345 524 
159 235 278 301 346 524 
158 236 278 301 347 524 
158 237 278 301 348 524 
157 238 278 300 349 524 
156 239 278 300 350 524 
155 240 278 300 350 524 
155 241 278 300 350 524 
154 242 278 300 350 524 
153 243 278 300 350 524 
152 244 278 300 350 524 
152 245 278 300 350 525 
150 246 278 300 350 525 
150 246 278 300 350 525 
149 248 278 300 350 525 
148 248 278 300 350 525 
147 249 278 300 351 525 
146 250 278 300 352 525 
145 251 278 300 353 525 
144 252 278 300 353 525 
143 253 278 300 353 525 
142 254 278 300 353 525 
141 255 278 300 354 525 
140 256 278 300 354 525 
139 256 278 300 355 525 
139 258 278 300 356 525 
138 259 278 300 356 524 
138 260 278 300 357 524 
137 262 278 300 357 524 
136 262 278 300 358 524 
135 264 277 300 358 524 
135 265 277 300 358 524 
134 266 277 300 358 524 
133 267 277 300 359 524 
132 269 277 300 359 524 
131 270 277 300 359 524 
130 271 277 300 360 523 
129 272 277 300 360 523 
128 273 277 300 361 523 
127 274 277 300 362 523 
126 275 277 300 363 523 
125 300 371 523 
124 300 371 523 
123 300 371 523 
122 300 371 523 
121 300 371 522 
120 300 371 522 
119 300 371 522 
118 300 370 522 
117 301 359 361 370 522 
116 301 359 365 370 522 
115 301 360 522 
114 301 361 390 391 522 
113 301 363 390 392 521 
112 301 364 390 392 521 
111 301 366 390 392 521 
110 301 368 391 392 521 
108 302 369 521 
107 303 369 521 
106 304 369 521 
105 306 369 521 
104 309 369 521 
102 310 368 521 
101 313 368 520 
100 315 368 520 
99 318 368 520 
97 321 367 520 
96 324 367 520 
94 327 367 520 
93 331 367 520 
91 334 367 519 
90 338 367 519 
88 341 366 519 
86 343 366 519 
85 346 366 519 
84 348 366 519 
81 352 366 519 
80 354 365 519 
78 357 365 519 
77 359 365 519 
74 361 365 519 
73 519 
71 519 
69 519 
65 519 
64 519 
57 519 
52 519 
48 519 
43 519 
39 519 
32 519 
27 519 
23 519 
19 519 
15 519 
14 519 
11 519 
9 519 
8 519 
6 518 
5 518 
4 518 
3 518 
2 518 
1 518 
0 518 
0 518 
0 518 
0 518 
0 518 
0 518 
0 518 
0 518 
0 518 
0 518 
0 518 
0 518 
0 518 
0 518 
0 518 
0 518 
0 518 
0 518 
0 518 
0 518 
0 518 
0 518 
0 518 
0 518 
0 517 
0 517 
0 517 
0 517 
0 517 
0 517 
0 517 
0 517 
0 517 
0 517 
0 517 
0 517 
0 517 
0 517 
0 517 
0 517 
0 517 
0 517 
0 517 
0 517 
0 517 
0 517 
0 517 
0 517 
0 518 
0 518 
0 518 
0 518 
0 518 
0 518 
3 518 
6 518 
11 519 
12 519 
12 519 
13 519 
15 519 
18 519 
22 520 
33 520 
37 520 
41 520 
44 520 
50 520 
54 520 
58 520 
63 520 
67 521 
71 521 
75 521 
80 521 
84 521 
88 521 
90 521 
93 521 
96 522 
97 522 
99 522 
101 522 
104 522 
105 522 
107 522 
108 299 300 315 318 523 
110 297 300 312 318 523 
112 295 302 311 317 523 
114 295 303 308 318 523 
116 291 318 523 
117 290 318 523 
119 120 121 290 318 524 
121 290 318 524 
124 290 318 524 
126 289 318 524 
127 289 318 524 
128 289 318 524 
131 289 319 524 
133 289 319 524 
136 289 319 524 
137 289 320 525 
140 289 320 525 
142 289 320 525 
144 289 321 525 
145 288 322 525 
146 288 322 525 
145 288 323 525 
150 288 323 525 
156 288 324 525 
161 162 165 288 324 525 
174 177 178 288 325 525 
174 288 326 525 
182 288 326 525 
184 288 327 525 
184 288 328 525 
184 288 329 525 
184 287 329 525 
184 287 330 526 
183 287 331 526 
183 287 331 526 
183 287 332 526 
183 287 332 526 
183 287 333 526 
183 287 334 526 
183 287 334 526 
183 287 334 526 
183 287 335 526 
182 287 335 526 
182 287 335 526 
182 287 336 526 
182 287 336 526 
182 287 336 526 
182 286 336 526 
182 286 336 526 
181 262 263 286 336 526 
180 261 263 286 336 526 
177 260 263 286 337 527 
175 259 262 286 337 527 
174 259 262 286 337 527 
173 258 262 286 337 527 
173 257 262 286 337 527 
172 257 262 286 337 527 
172 256 262 286 337 527 
171 255 262 286 337 527 
171 255 261 286 337 527 
170 254 261 286 337 527 
170 253 261 286 338 527 
170 253 261 287 338 527 
170 252 261 287 338 527 
170 251 261 287 338 527 
170 251 260 287 338 527 
170 250 260 287 338 527 
170 249 260 287 338 527 
170 248 259 287 338 527 
170 248 259 288 338 527 
171 247 259 288 338 527 
171 246 258 288 339 526 
171 246 258 288 339 526 
171 245 258 288 339 526 
171 244 258 288 339 526 
172 243 258 288 339 526 
172 242 258 288 339 525 
172 242 258 288 339 525 
172 241 258 288 339 525 
172 240 258 288 340 525 
173 239 258 287 340 524 
173 238 258 287 340 524 
173 237 258 287 340 524 
173 237 258 287 340 524 
