0 90 166 196 208 216 220 428 464 511 528 640 
0 90 166 196 207 217 220 427 464 511 528 640 
0 89 166 197 207 218 219 427 465 511 529 640 
0 89 166 197 207 427 467 510 529 640 
0 89 166 198 206 426 467 510 529 640 
0 88 166 199 206 426 468 510 529 640 
0 87 166 200 205 426 469 510 529 640 
0 87 166 201 205 426 469 510 529 640 
0 86 167 203 205 424 470 509 529 640 
0 86 167 423 470 509 529 640 
0 86 167 422 471 509 529 640 
0 86 167 421 472 508 529 640 
0 85 169 420 472 508 529 640 
0 85 170 419 473 507 530 640 
0 85 170 418 476 507 530 640 
0 85 171 418 478 507 531 640 
0 85 171 417 482 508 531 640 
0 85 172 417 483 508 531 640 
0 85 172 416 484 507 532 640 
0 85 173 416 484 507 532 640 
0 85 174 415 484 507 533 640 
0 85 175 415 484 507 534 640 
0 84 176 415 485 507 534 640 
0 84 176 415 486 507 534 640 
0 84 177 415 486 506 534 640 
0 84 179 415 486 506 535 640 
0 84 180 415 486 506 535 640 
0 84 124 125 180 415 486 506 535 640 
0 76 79 84 180 245 247 248 249 416 487 505 535 640 
0 76 80 84 180 242 250 416 488 505 535 640 
0 76 80 84 122 125 181 240 253 416 488 505 535 640 
0 75 80 83 120 125 181 240 254 416 488 505 535 640 
0 75 78 80 81 84 120 126 182 240 254 416 488 505 536 640 
0 75 78 84 120 126 182 240 255 415 490 505 536 640 
0 74 79 85 120 127 183 239 256 415 491 505 536 640 
0 74 79 86 120 127 184 239 256 415 491 505 536 640 
0 74 79 87 120 127 184 239 256 415 491 504 536 640 
0 75 78 88 120 127 184 238 257 415 491 504 536 640 
0 76 77 88 118 127 184 192 193 236 257 414 491 504 536 640 
0 90 117 127 193 235 258 414 491 504 537 640 
0 91 114 126 193 236 258 413 491 502 537 640 
0 91 113 126 193 235 259 413 491 502 537 640 
0 92 111 126 192 235 260 413 492 501 537 640 
0 73 75 93 111 126 192 235 260 413 492 500 537 640 
0 71 76 93 111 126 192 235 260 413 493 499 537 640 
0 71 76 93 112 126 192 234 261 413 495 497 537 640 
0 71 77 93 111 126 192 234 262 413 537 640 
0 71 77 94 101 102 111 126 193 234 262 413 537 640 
0 70 77 95 99 104 111 126 195 233 262 413 538 640 
0 70 77 95 98 104 111 126 195 232 263 413 538 640 
0 70 78 95 98 106 111 126 195 232 263 413 538 640 
0 71 78 95 98 108 111 126 195 232 264 412 538 640 
0 71 78 95 98 109 110 126 196 231 264 412 538 640 
0 71 78 95 98 126 196 230 264 412 538 640 
0 72 79 95 97 126 196 229 264 411 539 640 
0 72 79 95 97 125 197 208 211 229 267 410 539 640 
0 72 80 125 196 207 213 227 267 409 539 640 
0 72 80 125 197 206 213 222 268 409 540 640 
0 72 80 125 198 200 215 216 217 221 268 409 540 640 
0 72 80 125 199 200 268 408 540 640 
0 72 80 125 269 408 540 640 
0 72 80 124 269 408 540 640 
0 72 80 124 269 408 540 640 
0 72 80 124 269 408 540 640 
0 72 81 125 270 366 370 408 540 640 
0 73 80 125 270 365 370 408 541 640 
0 74 80 124 270 363 371 407 541 640 
0 74 80 124 270 362 372 407 541 640 
0 74 80 124 270 362 372 406 541 640 
0 75 79 124 270 362 373 406 541 640 
0 75 78 125 270 362 374 406 541 640 
0 75 78 125 270 362 375 406 542 640 
0 125 268 362 376 407 542 640 
0 125 268 362 376 407 542 640 
0 125 267 362 377 407 542 640 
0 126 267 362 378 407 542 640 
0 126 266 362 378 407 542 640 
0 126 266 362 379 408 543 640 
0 126 266 281 284 362 380 408 543 640 
0 126 266 280 284 362 380 408 544 640 
0 127 265 279 283 362 381 408 544 640 
0 127 265 279 283 361 381 408 544 640 
0 127 265 278 284 361 381 408 544 640 
0 79 85 127 263 264 265 278 285 360 381 408 545 640 
0 76 86 127 264 278 285 360 381 408 546 640 
0 76 86 127 264 278 285 360 382 409 546 640 
0 76 86 127 264 278 285 360 381 409 546 640 
0 76 86 127 263 277 285 360 381 409 547 640 
0 76 87 128 262 272 273 276 286 359 382 410 548 640 
0 76 87 128 262 270 286 359 382 410 549 640 
0 76 87 129 261 269 286 358 382 411 550 640 
0 76 87 129 260 268 286 358 382 412 550 640 
0 76 87 129 261 268 286 357 382 412 550 640 
0 76 88 128 261 267 286 357 382 412 550 640 
0 76 88 127 260 267 286 357 381 412 551 640 
0 76 88 127 260 267 286 356 381 412 551 640 
0 76 88 127 260 267 286 356 381 412 551 640 
0 76 89 127 261 266 286 355 381 412 552 640 
0 77 89 127 263 264 286 355 381 412 552 640 
0 77 90 126 286 355 381 412 552 640 
0 77 90 125 286 355 381 412 552 640 
0 77 91 122 286 355 381 411 552 640 
0 77 91 121 286 355 382 409 552 640 
0 77 91 120 286 355 382 406 552 640 
0 78 93 119 286 355 382 404 552 640 
0 77 93 118 286 355 383 404 552 640 
0 77 93 117 287 356 383 403 553 640 
0 77 94 115 287 356 383 402 554 640 
0 77 94 115 288 356 384 401 555 640 
0 77 94 113 289 356 385 400 556 640 
0 77 94 111 289 356 387 399 557 640 
0 77 94 110 290 356 389 398 557 640 
0 76 94 109 290 357 389 398 557 640 
0 76 94 107 290 357 390 398 557 640 
0 77 94 103 290 357 392 397 557 640 
0 77 95 102 290 358 557 640 
0 77 95 101 290 358 557 640 
0 77 95 99 290 358 557 640 
0 77 95 99 290 358 557 640 
0 77 98 99 289 358 557 640 
0 77 289 358 556 640 
0 77 289 358 556 640 
0 77 289 358 556 640 
0 78 289 359 556 640 
0 78 289 359 556 640 
0 78 289 359 556 640 
0 78 288 360 557 640 
0 78 288 360 557 640 
0 79 288 360 557 640 
0 79 288 360 557 640 
0 78 288 361 558 640 
0 78 287 362 558 640 
0 78 287 362 558 640 
0 77 287 362 558 640 
0 77 286 363 558 640 
0 77 286 364 558 640 
0 76 285 364 559 640 
0 76 285 365 558 640 
0 76 285 366 558 640 
0 75 285 365 558 640 
0 75 283 365 558 640 
0 75 282 366 558 640 
0 75 282 366 558 640 
0 75 282 366 560 640 
0 75 282 366 560 640 
0 75 281 366 560 640 
0 76 281 367 560 640 
0 76 281 366 560 640 
0 76 281 364 561 640 
0 76 281 362 561 640 
0 76 281 361 561 640 
0 77 281 359 561 640 
0 77 282 357 561 640 
0 77 283 356 561 640 
0 78 284 353 561 640 
0 78 286 351 562 640 
0 78 287 350 562 640 
0 78 288 349 562 640 
0 78 290 347 562 640 
0 78 293 346 562 640 
0 78 296 343 562 640 
0 79 297 342 562 640 
0 79 300 306 319 320 322 340 562 640 
0 79 301 305 327 338 562 640 
0 79 302 304 329 336 562 640 
0 79 330 334 562 640 
0 80 331 332 562 640 
0 80 562 640 
0 80 561 640 
0 80 561 640 
0 81 561 640 
0 81 561 640 
0 82 560 640 
0 82 542 546 560 640 
0 83 540 547 559 640 
0 84 540 547 559 640 
0 84 540 547 559 640 
0 84 539 547 559 640 
0 85 539 547 559 640 
0 85 539 547 559 640 
0 87 541 547 559 640 
0 88 542 546 558 640 
0 89 557 640 
0 90 556 640 
0 90 555 640 
0 91 555 640 
0 91 555 640 
0 91 555 640 
0 91 554 640 
0 91 553 640 
0 92 553 640 
0 92 552 640 
0 91 551 640 
0 91 550 640 
0 91 524 528 549 640 
0 91 523 536 548 640 
0 90 522 544 546 640 
0 90 522 544 545 640 
0 90 521 640 
0 90 520 640 
0 90 520 640 
0 90 521 640 
0 91 521 640 
0 92 522 640 
0 92 522 640 
0 92 522 640 
0 93 523 640 
0 93 523 640 
0 93 523 640 
0 94 523 640 
0 94 523 640 
0 94 523 640 
0 94 523 640 
0 95 523 640 
0 95 523 640 
0 95 523 640 
0 94 523 640 
0 94 523 640 
0 95 523 640 
0 94 523 640 
0 94 524 640 
0 94 525 640 
0 94 525 640 
0 94 526 640 
0 94 527 640 
0 94 528 640 
0 94 529 640 
0 94 529 640 
0 94 529 640 
0 95 529 640 
0 96 528 640 
0 96 528 640 
0 96 527 640 
0 96 526 640 
0 98 526 640 
0 98 526 640 
0 98 526 640 
0 97 396 397 526 640 
0 99 396 397 525 640 
0 100 237 238 395 397 525 640 
0 100 236 238 395 398 525 640 
0 99 234 239 395 399 525 640 
0 99 234 239 396 399 524 640 
0 97 233 239 396 399 524 640 
0 97 233 239 396 401 524 640 
0 97 232 238 396 401 523 640 
0 98 232 238 396 402 522 640 
0 98 232 238 396 402 521 640 
0 98 232 238 396 403 520 640 
0 98 231 238 396 403 519 640 
0 99 231 238 396 403 517 640 
0 98 231 238 396 403 517 640 
0 97 231 238 396 403 516 640 
0 97 231 238 396 404 515 640 
0 96 231 238 396 404 512 640 
0 96 232 238 395 405 511 640 
0 95 232 238 395 406 524 640 
0 95 232 238 395 407 526 640 
0 94 233 238 395 407 528 640 
0 94 233 239 395 407 529 640 
0 94 233 239 394 409 531 640 
0 94 233 239 394 410 532 640 
0 94 233 239 394 410 533 640 
0 95 233 239 394 411 534 640 
0 95 233 239 393 411 535 640 
0 96 233 240 393 411 535 640 
0 97 233 240 393 412 536 640 
0 98 232 240 394 412 536 640 
0 99 232 241 394 412 536 640 
0 101 231 241 394 412 537 640 
0 103 230 241 394 413 536 640 
0 105 227 241 394 413 536 640 
0 107 227 241 395 414 536 640 
0 109 186 189 222 241 395 414 535 640 
0 110 182 189 220 241 395 415 534 640 
0 111 181 189 201 202 220 241 395 416 533 640 
0 112 181 188 200 202 219 241 395 416 532 640 
0 112 179 188 200 204 219 240 395 416 530 640 
0 112 178 187 200 206 218 240 395 416 527 640 
0 113 178 187 200 209 217 240 396 417 524 640 
0 113 178 186 200 213 216 240 396 417 522 640 
0 113 178 186 200 240 396 418 520 640 
0 113 178 185 200 240 396 418 520 640 
0 114 178 185 200 240 396 419 519 640 
0 114 178 183 200 239 396 420 519 640 
0 114 200 239 396 421 518 640 
0 115 200 239 396 423 518 640 
0 115 200 239 397 424 517 640 
0 115 200 239 397 424 517 640 
0 116 200 239 397 424 516 640 
0 116 199 239 397 424 515 640 
0 117 199 239 397 424 515 640 
0 117 199 238 397 424 514 640 
0 117 199 238 397 423 513 640 
0 118 198 238 397 422 513 640 
0 118 198 238 397 421 512 640 
0 119 199 238 397 421 512 640 
0 119 199 238 398 420 511 640 
0 120 200 238 398 419 510 640 
0 120 201 238 398 419 510 640 
0 121 202 238 398 419 509 640 
0 122 202 238 398 418 508 640 
0 123 203 237 398 418 507 640 
0 123 203 237 398 417 507 640 
0 124 204 237 398 417 506 640 
0 125 204 237 399 416 505 640 
0 127 205 237 399 416 504 640 
0 128 206 237 399 416 503 640 
0 130 207 237 399 416 502 640 
0 131 207 237 399 416 501 640 
0 133 208 237 399 415 500 640 
0 135 209 237 399 415 498 640 
0 137 210 237 399 415 497 640 
0 139 210 237 399 415 495 640 
0 140 211 236 399 414 492 640 
0 143 212 236 399 414 490 640 
0 145 212 236 400 414 487 640 
0 147 213 236 400 413 484 640 
0 148 213 236 400 413 480 640 
0 149 213 236 400 412 477 640 
0 149 214 236 400 412 477 640 
0 148 214 236 400 412 477 640 
0 148 214 235 400 411 478 640 
0 147 215 235 400 411 479 640 
0 146 215 235 400 411 480 640 
0 146 215 235 400 411 480 640 
0 145 215 235 400 410 481 640 
0 145 216 235 400 410 482 640 
0 144 216 235 400 410 482 640 
0 144 216 235 400 410 483 640 
0 143 216 235 400 410 483 640 
0 144 216 235 401 410 483 640 
0 144 216 235 401 410 484 640 
0 144 216 234 401 410 484 640 
0 143 216 234 401 410 484 640 
0 142 216 234 401 410 485 640 
0 142 216 234 401 410 485 640 
0 142 217 234 401 410 485 640 
0 142 217 234 401 410 485 640 
0 142 217 234 401 409 485 640 
0 142 217 234 401 409 485 640 
0 142 217 234 401 409 485 640 
0 142 217 234 401 409 485 640 
0 142 217 234 401 409 485 640 
0 142 217 233 401 409 485 640 
0 142 217 233 401 409 485 640 
0 142 217 233 401 409 485 640 
0 142 217 233 402 409 484 640 
0 142 217 233 402 409 484 640 
0 142 217 233 402 409 484 640 
0 142 218 233 402 409 483 640 
0 143 218 233 402 409 483 640 
0 143 218 233 402 409 483 640 
0 143 218 232 402 409 483 640 
0 144 218 232 402 409 482 640 
0 144 218 232 402 409 482 640 
0 144 218 230 402 409 482 640 
0 145 218 225 402 408 481 640 
0 145 218 222 402 408 481 640 
0 146 219 220 402 408 480 640 
0 146 403 408 480 640 
0 147 403 408 479 640 
0 147 403 408 479 640 
0 148 404 408 478 640 
0 148 405 407 478 640 
0 149 477 640 
0 150 477 640 
0 150 477 640 
0 151 476 640 
0 151 476 640 
0 152 475 640 
0 153 475 640 
0 153 475 640 
0 154 474 640 
0 154 474 640 
0 155 473 640 
0 155 473 640 
0 156 472 640 
0 156 472 640 
0 157 472 640 
0 157 471 640 
0 157 471 640 
0 158 471 640 
0 158 470 640 
0 158 470 640 
0 159 470 640 
0 159 470 640 
0 160 469 640 
0 160 469 640 
0 160 469 640 
0 161 468 640 
0 161 468 640 
0 161 468 640 
0 162 467 640 
0 162 467 640 
0 162 467 640 
0 163 467 640 
0 163 467 640 
0 163 466 640 
0 163 466 640 
0 164 466 640 
0 164 466 640 
0 164 465 640 
0 165 465 640 
0 165 465 640 
0 165 465 640 
0 165 465 640 
0 166 464 640 
0 166 464 640 
0 166 464 640 
0 167 463 640 
0 167 463 640 
0 167 463 640 
0 167 463 640 
0 168 463 640 
0 168 462 640 
0 168 462 640 
0 168 462 640 
0 168 462 640 
0 169 462 640 
0 169 461 640 
0 169 461 640 
0 169 461 640 
0 170 461 640 
0 170 461 640 
0 170 461 640 
0 170 460 640 
0 171 460 640 
0 171 460 640 
0 171 460 640 
0 172 460 640 
0 172 460 640 
0 172 459 640 
0 173 459 640 
0 173 459 640 
0 173 459 640 
0 174 458 640 
0 174 458 640 
0 175 458 640 
0 175 458 640 
0 176 458 640 
0 177 457 640 
0 178 457 640 
0 178 457 640 
0 179 457 640 
0 180 457 640 
0 181 456 640 
0 182 456 640 
0 183 456 640 
0 185 221 223 455 640 
0 186 219 222 455 640 
0 188 217 222 455 640 
0 190 215 222 454 640 
0 193 213 222 453 640 
0 196 210 222 453 640 
0 200 207 222 452 640 
0 222 451 640 
0 222 450 640 
0 222 449 640 
0 221 448 640 
0 221 448 640 
0 221 447 640 
0 221 445 640 
0 221 444 640 
0 220 442 640 
0 220 440 640 
0 220 438 640 
0 220 436 640 
0 220 433 640 
0 220 414 418 431 640 
0 220 414 640 
0 220 414 640 
0 220 414 640 
0 219 414 640 
0 219 415 640 
0 219 415 640 
0 219 415 640 
0 219 415 640 
0 219 415 640 
0 219 415 640 
