0 640 
0 640 
0 640 
0 640 
0 640 
0 640 
0 640 
0 640 
0 640 
0 640 
0 640 
0 640 
0 640 
0 640 
0 640 
0 640 
0 640 
0 640 
0 640 
0 640 
0 640 
0 640 
0 640 
0 640 
0 640 
0 640 
0 640 
0 640 
0 640 
0 640 
0 640 
0 640 
0 640 
0 640 
0 640 
0 640 
0 640 
0 640 
0 640 
0 640 
0 640 
0 640 
0 640 
0 640 
0 328 339 640 
0 286 300 320 346 640 
0 282 305 314 350 640 
0 277 353 640 
0 274 356 640 
0 271 359 640 
0 269 361 640 
0 267 362 640 
0 265 364 640 
0 263 365 640 
0 262 366 640 
0 261 368 640 
0 260 369 640 
0 259 370 640 
0 257 371 640 
0 257 372 640 
0 256 373 640 
0 255 373 640 
0 255 374 640 
0 254 375 640 
0 253 375 640 
0 253 376 640 
0 252 376 640 
0 251 377 640 
0 251 378 391 395 640 
0 250 378 389 398 640 
0 250 379 388 401 640 
0 250 379 386 403 640 
0 249 380 385 404 640 
0 249 380 385 406 640 
0 249 380 384 407 640 
0 248 381 383 408 640 
0 248 381 383 410 640 
0 248 381 383 411 640 
0 248 412 640 
0 247 414 640 
0 247 415 640 
0 247 415 640 
0 247 417 640 
0 246 417 640 
0 246 418 640 
0 246 419 640 
0 246 420 640 
0 246 421 640 
0 245 422 640 
0 245 422 640 
0 245 423 640 
0 245 423 640 
0 245 423 640 
0 245 424 640 
0 245 425 640 
0 245 425 640 
0 245 425 640 
0 245 426 640 
0 245 426 640 
0 245 426 640 
0 245 426 640 
0 245 426 640 
0 246 427 640 
0 246 427 640 
0 246 427 640 
0 246 427 640 
0 247 427 640 
0 247 427 640 
0 248 428 640 
0 248 428 640 
0 248 428 640 
0 248 428 640 
0 248 429 640 
0 248 429 640 
0 248 430 640 
0 248 430 640 
0 248 430 640 
0 247 431 640 
0 247 431 640 
0 246 431 640 
0 246 432 640 
0 245 432 640 
0 245 431 640 
0 244 430 640 
0 243 429 640 
0 243 426 640 
0 242 423 640 
0 241 422 640 
0 240 422 640 
0 239 422 640 
0 238 421 640 
0 237 421 640 
0 236 385 387 421 640 
0 235 384 388 421 640 
0 234 384 388 420 640 
0 233 383 388 420 640 
0 232 383 388 420 640 
0 231 382 388 419 640 
0 229 382 388 418 640 
0 228 382 388 418 640 
0 226 381 388 418 640 
0 225 381 388 419 640 
0 225 380 388 419 640 
0 225 380 388 420 640 
0 226 379 388 420 640 
0 227 379 388 420 640 
0 228 378 388 421 640 
0 230 233 236 378 388 421 640 
0 238 248 253 378 388 421 640 
0 239 246 254 377 388 422 640 
0 241 245 253 377 388 422 640 
0 253 377 388 422 640 
0 252 377 388 422 640 
0 252 378 388 423 640 
0 251 378 388 423 640 
0 250 379 388 423 640 
0 250 380 388 423 640 
0 249 381 388 424 640 
0 248 383 388 424 640 
0 248 384 387 424 640 
0 247 424 640 
0 246 379 387 425 640 
0 245 379 387 425 640 
0 245 248 253 379 387 425 640 
0 244 246 253 379 387 425 640 
0 243 244 253 257 258 380 387 425 640 
0 253 257 259 370 372 380 387 425 640 
0 253 256 259 369 372 381 387 426 640 
0 253 256 260 369 373 377 379 381 386 426 640 
0 253 255 260 368 373 377 386 426 640 
0 253 254 261 364 365 368 374 377 386 426 640 
0 262 263 265 364 366 367 375 378 386 426 640 
0 262 263 266 364 376 378 386 426 640 
0 262 263 266 363 377 378 386 426 640 
0 266 363 386 427 640 
0 266 362 386 427 640 
0 266 362 386 427 640 
0 267 362 386 427 640 
0 267 362 386 427 640 
0 267 361 386 388 390 427 640 
0 267 282 283 361 386 388 390 427 640 
0 267 282 283 360 386 388 390 427 640 
0 267 282 284 359 386 388 390 427 640 
0 268 282 284 359 386 388 390 427 640 
0 268 282 286 343 345 359 386 388 390 427 640 
0 268 282 287 343 345 358 386 388 390 428 640 
0 268 274 275 282 288 342 345 358 387 388 390 428 640 
0 268 274 275 282 288 342 345 358 387 428 640 
0 268 273 275 282 288 340 345 358 387 428 640 
0 268 273 275 282 290 340 345 349 350 357 387 428 640 
0 268 273 276 282 292 338 345 353 354 357 388 427 640 
0 268 273 276 282 293 337 344 353 355 357 388 427 640 
0 269 273 276 282 294 336 344 347 349 353 355 357 388 392 394 427 640 
0 269 272 276 282 294 335 344 347 349 352 355 357 388 393 395 427 640 
0 269 272 276 282 294 335 344 347 349 352 355 357 388 393 395 427 640 
0 269 272 276 281 295 335 344 347 349 352 356 357 389 393 395 427 640 
0 269 272 276 281 295 334 344 347 349 351 389 394 395 426 640 
0 269 272 276 281 295 334 344 346 349 351 389 394 395 426 640 
0 269 271 276 281 296 333 344 346 348 351 390 394 395 426 640 
0 269 271 278 281 296 333 344 346 349 350 390 425 640 
0 269 271 279 281 296 333 344 346 348 350 390 425 640 
0 269 271 275 276 279 280 296 333 344 346 348 350 391 425 640 
0 269 270 275 276 279 280 297 333 344 346 348 350 391 424 550 556 640 
0 279 280 296 333 344 345 348 349 391 424 549 558 640 
0 296 334 344 345 392 424 547 559 640 
0 295 336 344 345 392 423 545 560 640 
0 294 337 392 423 543 562 640 
0 292 340 392 416 417 423 541 563 640 
0 291 341 344 345 393 415 417 422 539 564 640 
0 289 345 393 415 417 422 536 565 640 
0 287 348 393 415 417 422 534 566 640 
0 285 350 393 415 417 421 532 567 640 
0 283 353 393 415 417 421 530 568 640 
0 75 77 281 356 393 415 417 420 528 569 640 
0 73 79 278 358 393 415 417 420 525 570 640 
0 71 81 277 360 394 415 417 419 523 571 640 
0 70 83 275 362 394 397 399 415 417 419 521 550 554 572 640 
0 69 85 273 364 394 395 399 414 417 418 519 549 555 573 640 
0 68 87 272 365 394 395 399 403 404 414 417 418 517 547 556 574 640 
0 67 90 270 367 394 396 399 403 404 414 416 418 515 545 557 575 640 
0 66 92 269 368 395 396 399 403 404 413 416 418 513 543 558 576 640 
0 65 94 268 369 399 402 404 413 416 417 511 542 559 578 640 
0 64 97 266 370 399 402 404 413 509 539 560 579 640 
0 63 100 265 371 399 402 404 412 507 538 560 580 640 
0 62 102 264 372 399 402 404 411 505 536 561 581 640 
0 61 105 264 373 400 402 404 411 503 534 562 582 640 
0 60 107 263 374 400 401 404 411 502 532 563 583 640 
0 59 110 262 375 400 401 406 411 500 530 564 585 640 
0 58 76 79 113 261 375 407 411 499 528 565 586 640 
0 58 74 80 115 261 376 407 408 497 526 566 587 640 
0 56 73 82 118 260 377 407 408 495 527 566 588 640 
0 55 72 84 120 259 377 494 527 566 590 640 
0 54 72 86 122 259 378 492 527 564 591 640 
0 53 71 88 124 258 378 490 527 564 592 640 
0 52 70 90 126 258 379 488 508 509 527 563 594 640 
0 51 69 93 129 257 380 487 506 509 527 563 595 640 
0 50 68 95 131 256 380 485 504 508 527 562 596 640 
0 49 67 98 132 255 381 484 502 507 527 562 598 640 
0 48 67 100 134 255 382 482 500 506 528 559 600 640 
0 47 66 103 136 254 382 480 498 505 529 557 574 575 601 640 
0 46 65 104 138 253 383 478 497 504 529 556 573 576 602 640 
0 45 64 104 140 253 383 476 495 503 530 555 573 577 604 640 
0 44 63 103 117 119 142 252 384 474 493 503 530 554 574 578 605 640 
0 43 63 103 117 121 144 251 385 472 492 502 530 554 575 580 607 640 
0 41 64 103 119 124 146 250 385 470 491 501 530 553 576 581 609 640 
0 40 65 104 121 126 148 249 386 406 416 468 489 500 530 552 576 582 610 640 
0 39 66 104 122 128 150 249 386 404 418 466 488 499 530 551 576 583 612 640 
0 38 66 104 123 131 152 248 387 401 422 463 486 499 530 550 576 585 614 640 
0 37 67 104 124 133 154 247 388 397 428 458 485 499 530 550 576 586 615 640 
0 35 67 103 125 135 156 220 227 247 388 393 435 453 484 499 530 549 576 587 617 640 
0 34 67 103 126 137 158 217 230 246 482 499 530 548 576 589 619 640 
0 33 70 102 127 139 160 215 233 245 481 498 530 547 577 590 621 640 
0 31 72 102 128 140 163 211 237 244 480 498 530 547 577 592 623 640 
0 30 54 57 74 102 129 142 166 207 479 498 530 546 577 593 625 640 
0 29 53 58 75 102 130 143 170 203 479 498 530 546 577 594 626 640 
0 27 52 58 76 102 131 145 174 197 480 498 530 546 577 596 628 640 
0 26 51 57 77 102 132 147 178 193 480 498 530 546 577 598 630 640 
0 24 50 56 78 102 132 148 479 498 530 546 578 599 632 640 
0 23 49 56 79 102 132 150 440 456 478 498 529 546 578 601 635 640 
0 22 48 55 80 102 133 151 433 460 478 497 528 546 578 603 637 640 
0 20 47 55 82 102 133 153 405 413 431 459 478 497 528 546 578 604 638 640 
0 19 45 55 83 102 133 154 392 412 431 457 478 497 527 546 578 606 
0 18 44 55 84 102 133 154 392 410 430 456 479 497 526 545 577 607 
0 16 43 55 85 102 133 154 393 408 429 455 479 497 526 545 577 608 
0 14 42 55 86 102 134 154 217 230 393 406 429 454 480 497 525 545 577 607 
0 13 41 55 86 103 134 154 177 203 216 236 392 404 429 453 480 497 524 545 576 607 
0 11 40 55 86 102 134 155 171 204 218 236 390 402 429 451 480 497 524 545 575 607 620 622 
0 10 38 55 86 103 134 155 172 205 220 236 387 401 429 450 480 496 523 545 575 605 620 625 
0 8 37 55 86 102 134 156 173 205 222 235 385 400 430 450 480 496 522 545 574 603 619 627 
0 6 36 55 87 103 134 156 174 206 223 235 385 399 430 449 480 496 522 545 574 602 618 629 
0 4 34 55 87 104 135 155 175 205 225 235 385 399 430 449 480 496 521 545 573 601 619 631 
0 3 33 55 87 104 135 154 177 205 226 235 386 398 430 449 480 496 520 545 572 600 620 634 
0 2 31 55 87 105 135 154 178 204 227 236 386 398 430 448 480 496 520 545 572 600 621 636 
30 55 87 106 135 153 179 204 229 236 387 397 430 448 480 496 519 545 571 599 622 638 
28 55 87 107 135 153 180 204 230 237 387 396 429 448 479 496 518 545 570 598 622 640 
27 55 87 108 135 153 181 203 231 237 388 396 429 448 479 495 518 545 570 597 622 640 
25 55 88 108 136 153 182 203 232 238 389 395 428 447 479 495 517 545 570 596 622 640 
23 56 88 109 136 153 183 203 233 239 390 395 428 447 479 495 516 545 569 596 622 640 
23 56 88 110 136 153 183 203 234 240 390 394 428 447 479 495 515 545 568 595 622 640 
23 57 88 111 136 153 184 203 234 240 391 394 427 446 478 495 515 545 568 594 622 640 
24 58 88 112 136 154 184 204 235 239 427 446 478 495 514 545 567 593 623 640 
23 59 89 112 136 154 184 204 235 239 426 446 478 495 513 545 566 593 623 640 
9 11 24 60 89 113 137 154 185 204 235 238 426 446 478 495 513 545 566 592 623 640 
6 12 29 60 89 114 137 154 185 204 236 238 426 445 477 494 512 545 565 592 623 640 
5 12 30 61 89 115 137 154 185 205 425 445 477 494 511 544 565 592 623 640 
3 13 32 62 89 116 137 154 185 205 388 390 425 445 476 494 511 544 564 592 623 640 
0 14 33 63 89 117 137 154 186 205 387 390 424 444 475 494 510 544 564 592 624 640 
0 14 34 64 90 117 137 154 186 205 387 389 424 444 474 494 509 544 563 592 624 640 
0 13 35 65 90 118 138 154 186 205 423 444 473 494 509 544 562 592 624 640 
0 12 36 65 90 119 138 155 186 206 422 443 472 494 508 544 562 592 625 640 
0 12 37 66 90 120 138 155 186 206 421 443 471 493 507 544 561 592 624 640 
0 12 38 67 90 121 138 155 187 206 420 443 470 493 507 544 561 592 624 640 
0 12 39 68 90 122 138 156 187 206 418 443 470 493 506 544 560 592 623 640 
0 12 41 69 90 122 138 156 187 207 239 241 417 442 469 493 505 544 560 592 623 640 
0 12 41 69 91 123 139 157 187 207 239 242 415 442 468 493 504 544 559 592 622 640 
0 12 42 70 91 124 139 158 188 208 240 242 414 442 467 493 504 544 558 592 622 640 
0 11 43 71 91 125 139 159 188 209 240 243 412 442 466 493 503 544 558 592 621 640 
0 12 43 72 91 125 139 160 188 210 240 242 411 441 465 493 502 544 557 592 621 640 
0 12 43 73 91 126 139 161 188 211 410 441 464 492 502 544 557 592 621 640 
0 12 44 74 92 127 139 162 189 212 408 441 463 492 501 544 556 592 620 640 
0 12 44 75 92 128 140 163 189 213 406 440 463 492 500 544 555 592 619 640 
0 12 44 75 92 129 140 164 189 214 405 440 462 492 500 544 555 592 619 640 
0 12 44 77 92 130 140 165 189 215 403 440 461 492 499 544 555 592 618 640 
0 12 44 77 92 131 140 166 190 216 402 440 460 492 498 544 554 592 618 640 
0 12 45 78 92 132 140 167 190 217 401 439 459 492 498 544 553 592 617 640 
0 13 45 79 92 133 140 168 190 219 399 439 457 492 497 544 553 592 617 640 
0 13 45 80 93 133 141 169 190 220 398 439 457 493 496 544 552 592 616 640 
0 13 45 81 93 134 141 170 191 221 396 438 456 493 495 544 552 592 616 640 
0 13 45 81 93 135 141 171 191 222 395 438 455 544 551 592 615 640 
0 13 46 82 93 135 141 172 191 223 394 438 454 544 550 592 615 640 
0 14 46 83 93 137 141 173 191 224 392 438 453 544 550 592 614 640 
0 15 46 84 94 138 141 173 192 225 392 437 453 543 549 592 614 640 
0 15 46 85 94 139 141 175 192 226 393 437 451 544 549 592 613 640 
0 16 46 86 94 176 192 227 393 437 450 545 548 592 613 640 
0 17 47 87 94 177 192 228 393 436 450 545 547 592 612 640 
0 18 47 88 94 178 193 229 393 436 448 592 612 640 
0 19 47 88 94 178 193 230 393 436 448 592 611 640 
0 20 47 89 95 179 193 231 393 436 446 592 611 640 
0 21 47 90 95 180 193 232 394 435 445 592 610 640 
0 22 48 91 95 181 194 233 394 435 445 592 610 640 
0 23 48 92 94 182 194 234 267 268 394 435 444 592 609 640 
0 24 48 183 194 235 267 268 394 435 443 592 608 640 
0 25 48 184 194 236 267 268 395 434 442 592 608 640 
0 26 48 185 195 236 266 268 395 434 442 592 607 640 
0 26 49 185 195 236 266 268 395 434 441 592 607 640 
0 28 49 186 195 236 265 268 395 434 440 592 606 640 
0 29 49 187 195 235 265 268 395 433 439 592 606 640 
0 29 49 188 196 235 265 267 395 433 438 592 605 640 
0 30 50 189 196 235 265 267 396 434 436 592 605 640 
0 31 50 190 196 235 264 267 396 592 604 640 
0 32 50 191 196 235 264 267 396 592 604 640 
0 33 50 192 196 235 263 267 396 592 603 640 
0 34 50 194 196 235 263 268 396 592 603 640 
0 35 50 235 263 268 396 593 602 640 
0 36 51 235 262 268 397 593 602 640 
1 37 51 236 262 268 397 593 601 640 
1 37 51 235 262 268 397 593 601 640 
1 38 51 234 262 268 397 593 600 640 
1 40 52 232 261 268 397 593 600 640 
2 41 52 230 261 268 397 593 600 640 
2 42 52 229 261 268 398 594 599 640 
2 42 52 227 260 268 398 594 598 640 
2 43 52 226 260 269 398 594 598 640 
2 44 53 224 260 269 398 595 597 640 
2 45 53 223 259 269 398 640 
3 46 53 222 259 269 398 640 
3 47 53 220 258 269 399 640 
3 48 54 219 258 269 369 371 399 640 
3 49 54 218 257 269 369 371 399 640 
4 49 54 216 257 269 370 372 400 640 
4 51 54 215 256 269 370 372 400 640 
4 52 53 214 256 269 370 372 400 640 
5 213 255 269 370 372 401 640 
5 211 255 269 370 372 401 640 
5 210 254 269 370 373 401 640 
5 209 253 269 370 373 402 640 
5 208 253 269 370 373 402 640 
6 206 252 268 371 373 403 640 
6 205 251 268 371 374 403 640 
6 204 250 268 371 374 403 640 
6 203 250 268 371 374 404 640 
7 201 248 268 371 375 404 640 
7 200 247 268 371 375 405 640 
7 199 246 268 371 375 405 640 
7 198 245 268 372 375 405 640 
7 196 243 268 372 375 406 640 
8 195 242 268 372 375 406 640 
8 194 240 268 372 376 406 640 
0 2 8 193 239 268 372 376 407 640 
0 2 8 191 238 267 372 376 407 640 
0 3 9 190 236 267 373 376 407 640 
0 4 9 189 235 267 373 377 407 640 
0 5 9 188 234 267 373 377 408 640 
0 7 9 187 232 267 373 377 408 640 
0 185 231 267 372 377 408 640 
0 184 229 268 371 378 409 640 
0 183 227 268 371 378 409 640 
0 182 226 268 371 378 409 640 
0 180 224 268 371 379 410 640 
0 179 223 268 371 379 410 640 
0 156 158 178 221 268 372 379 410 640 
0 145 163 177 220 268 372 380 410 640 
0 139 166 176 218 268 373 380 410 640 
0 136 168 174 217 267 373 380 411 640 
0 135 170 173 216 267 374 381 411 640 
0 133 214 266 374 381 411 640 
0 133 212 266 375 381 411 640 
0 132 211 265 375 382 412 640 
0 132 209 265 376 382 412 640 
0 133 208 264 376 383 412 640 
0 133 140 144 206 264 377 383 412 640 
0 135 137 145 205 263 377 383 413 640 
0 145 203 263 377 383 413 640 
0 145 201 263 378 384 413 640 
0 144 200 262 378 384 413 640 
0 143 198 262 378 385 414 640 
0 142 197 261 379 385 414 640 
0 141 195 261 380 385 414 640 
0 139 193 260 380 386 414 640 
0 136 192 260 381 386 415 640 
0 133 190 259 381 387 415 640 
0 131 188 259 381 387 415 640 
0 127 187 258 382 388 415 640 
0 124 185 258 382 388 415 640 
0 90 95 121 183 258 382 388 416 640 
0 89 100 117 181 257 383 388 416 640 
0 90 108 110 178 257 384 389 416 640 
0 90 175 256 384 389 416 640 
0 91 171 256 385 390 417 640 
0 93 169 255 385 390 417 640 
0 95 166 255 385 390 417 640 
0 96 163 255 386 391 417 640 
0 98 160 254 386 391 418 640 
0 99 158 254 386 392 418 640 
0 101 155 253 387 392 418 640 
0 104 153 253 387 393 418 640 
0 107 151 253 387 393 418 640 
0 110 148 253 388 393 419 640 
0 113 145 252 388 394 419 640 
0 116 143 252 388 394 419 640 
0 119 140 252 389 394 419 640 
0 128 137 251 389 395 420 640 
0 251 390 395 420 640 
0 250 390 396 420 640 
0 250 390 396 420 640 
0 250 390 397 421 640 
0 250 391 397 421 640 
0 249 391 397 421 640 
0 249 391 398 421 640 
0 249 391 398 422 640 
0 249 392 398 422 640 
0 248 392 399 422 640 
0 248 392 399 422 640 
0 248 392 399 422 640 
0 248 393 400 423 640 
0 247 393 400 423 640 
0 247 393 401 423 640 
0 247 393 401 423 640 
0 247 394 402 423 640 
0 246 394 402 424 640 
0 246 394 402 424 640 
0 246 395 402 424 640 
0 245 395 403 424 640 
0 245 395 403 425 640 
0 245 395 403 425 640 
0 245 396 404 425 640 
0 244 396 404 425 640 
0 244 396 404 425 640 
0 244 396 404 426 640 
0 244 397 404 426 640 
0 243 397 404 426 640 
0 243 397 404 426 640 
0 243 397 404 426 640 
0 242 398 404 426 640 
0 242 398 404 427 640 
0 242 398 404 427 640 
0 242 399 404 427 640 
0 241 399 404 427 640 
0 241 400 404 427 640 
0 240 400 404 428 640 
0 240 400 404 428 640 
0 240 401 404 428 640 
0 239 401 403 428 640 
0 239 401 403 428 640 
0 239 402 403 429 640 
0 238 429 640 
0 238 429 640 
0 238 429 640 
0 237 430 640 
0 237 430 640 
0 236 430 640 
0 236 430 640 
0 235 430 640 
0 235 431 640 
0 235 431 640 
0 234 431 640 
0 234 431 640 
0 233 431 640 
0 233 431 640 
0 233 431 640 
