0 604 629 640 
0 603 630 640 
0 597 635 640 
0 593 638 640 
0 590 
0 587 
0 584 
0 582 
0 579 
0 577 
0 574 
0 573 
0 571 
0 569 
0 567 
0 566 
0 565 
0 563 
0 561 
0 560 
0 558 
0 557 
0 556 
0 555 
0 554 
0 553 
0 552 
0 551 
0 550 
0 549 
0 548 
0 548 
0 547 
0 546 
0 545 
0 544 
0 542 
0 541 
0 540 
0 539 
0 537 
0 536 
0 535 
0 534 
0 533 
0 532 
0 531 
0 530 
0 529 
0 528 
0 526 
0 523 
0 520 
0 518 
0 170 173 174 177 179 182 516 
0 169 186 515 
0 168 189 513 
0 165 195 512 
0 162 200 511 
0 161 204 510 
0 160 208 508 
0 160 211 507 
0 159 215 506 
0 159 219 505 
0 159 223 504 
0 159 226 503 
0 159 229 502 
0 160 233 501 
0 160 237 501 
0 161 240 500 
0 162 244 499 
0 163 246 499 
0 165 250 498 
0 165 253 497 
0 166 257 497 
0 167 260 496 
0 168 262 495 
0 169 266 494 
0 171 269 493 
0 172 272 492 
0 173 275 491 
0 173 277 490 
0 172 280 490 
0 172 283 489 
0 171 285 489 
0 171 287 488 
0 171 289 487 
0 171 291 486 
0 170 292 485 
0 170 293 485 
0 170 294 484 
0 169 295 484 
0 169 296 483 
0 169 297 483 
0 169 299 482 
0 168 303 482 
0 168 306 481 
0 168 310 481 
0 167 315 480 
0 167 319 480 
0 167 323 479 
0 166 326 478 
0 166 331 477 
0 166 335 475 
0 166 339 474 
0 165 343 472 
0 165 347 471 
0 165 350 470 
0 165 355 468 
0 164 359 467 474 475 
0 164 363 464 471 475 
0 163 292 296 366 463 470 472 
0 163 274 278 289 300 370 459 461 463 
0 163 273 303 375 457 462 463 
0 163 272 307 379 454 456 457 
0 162 272 312 383 453 
0 162 271 316 386 461 
0 162 271 319 390 463 
0 162 271 322 395 462 
0 161 270 326 400 456 
0 161 270 330 404 450 
0 161 270 334 407 451 452 453 454 455 
0 161 269 338 411 456 
0 160 269 341 416 455 
0 160 269 345 420 453 
0 160 268 349 425 449 
0 160 268 354 429 451 
0 159 267 358 432 462 
0 159 267 361 437 469 
0 159 267 365 442 469 528 530 
0 159 266 369 446 468 527 530 
0 158 266 373 450 465 527 530 
0 158 266 377 454 466 526 529 
0 158 265 381 459 468 526 529 
0 158 265 384 463 467 525 529 
0 157 265 389 524 529 
0 157 264 393 523 529 
0 157 264 397 522 529 
0 157 264 400 521 529 
0 156 263 405 520 529 
0 156 263 409 519 528 
0 156 263 413 518 528 
0 156 262 417 518 528 
0 155 262 420 517 528 
0 155 262 425 515 528 
0 155 261 429 515 527 
0 155 261 433 517 527 
0 155 260 437 523 526 
0 154 260 442 
0 154 260 446 
0 154 259 450 
0 154 259 455 
0 154 259 458 
0 153 258 458 
0 153 258 458 
0 153 258 457 459 461 
0 153 257 457 459 460 
0 153 257 460 
0 153 257 459 
0 152 256 460 
0 152 256 458 490 492 
0 152 256 457 488 497 
0 152 256 456 486 501 
0 151 255 455 484 506 
0 151 255 454 457 460 482 510 
0 151 255 458 467 468 470 472 474 475 479 515 
0 151 254 458 463 472 474 475 476 515 
0 151 254 456 461 514 
0 151 254 455 458 513 
0 150 253 455 456 512 
0 150 253 511 
0 150 253 510 
0 150 252 509 
0 150 252 508 
0 150 252 507 
0 150 252 505 
0 149 251 504 
0 149 251 502 
0 149 251 501 
0 149 250 501 505 508 
0 149 250 507 
0 148 250 507 
0 148 249 506 
0 148 249 505 
0 148 249 505 
0 148 248 504 
0 148 248 503 507 508 
0 147 248 502 506 508 
0 147 248 502 505 507 
0 147 247 501 504 507 
0 147 247 500 503 507 
0 147 247 499 502 506 
0 147 247 498 501 506 
0 147 246 497 500 506 
0 147 246 496 499 505 
0 146 246 495 497 505 
0 146 246 504 
0 146 245 504 
0 146 245 504 
0 146 245 504 
0 146 245 503 
0 146 244 503 
0 146 244 503 
0 146 244 503 
0 146 243 502 
0 146 243 502 
0 146 243 502 
0 146 243 502 
0 145 242 503 
0 145 242 504 
0 145 242 505 
0 145 242 505 507 509 
0 145 242 508 
0 145 242 508 524 525 
0 145 241 508 522 524 
0 145 241 507 521 524 
0 145 241 507 520 525 549 550 
0 145 241 506 517 525 549 550 
0 145 241 506 516 525 529 530 
0 145 241 507 514 525 528 530 548 549 
0 145 241 506 513 524 528 530 548 549 
0 145 240 506 511 524 528 529 545 547 548 550 
0 145 240 506 510 524 527 529 544 550 555 556 
0 145 240 506 509 524 527 529 538 539 543 550 553 555 
0 144 240 506 508 524 526 530 537 539 542 550 552 555 
0 144 240 505 507 524 525 530 533 539 542 550 551 554 
0 144 240 505 506 530 532 539 541 553 
0 144 239 530 532 539 540 552 
0 144 239 530 531 552 
0 144 239 530 531 552 
0 144 239 551 
0 144 239 551 
0 144 238 551 
0 144 238 551 
0 144 238 551 
0 144 238 551 
0 143 238 551 
0 143 238 551 
0 144 238 552 
0 144 238 552 
0 144 238 553 
0 144 238 553 
0 143 238 553 
0 143 238 553 
0 143 237 552 
0 143 237 551 
0 143 237 550 
0 143 237 549 
0 143 237 548 
0 143 237 547 
0 143 237 546 
0 143 237 546 
0 143 237 545 
0 143 237 544 
0 144 237 543 
0 144 237 542 
0 144 237 541 
0 144 237 540 
0 144 237 539 
0 144 236 538 
0 144 236 537 
0 144 236 537 
0 144 236 536 
0 144 236 535 
0 144 236 534 
0 144 236 533 
0 144 236 533 
0 144 236 532 
0 144 236 531 
0 144 236 530 
0 144 236 529 
0 144 236 528 
0 144 236 527 
0 144 236 527 585 587 
0 144 236 526 584 587 
0 144 236 525 583 587 
0 144 236 524 582 587 
0 144 236 524 581 588 
0 144 236 523 580 588 
0 144 236 522 579 588 
0 144 236 521 577 588 
0 144 236 521 576 588 
0 144 235 520 575 588 
0 145 235 520 574 588 
0 145 235 519 573 588 
0 145 235 518 572 588 
0 145 235 518 571 588 
0 145 235 517 570 589 
0 145 235 517 569 589 
0 145 235 516 568 589 
0 145 235 516 566 589 
0 145 235 515 565 589 
0 145 235 515 564 589 
0 145 235 515 563 589 
0 145 235 514 562 589 
0 145 235 514 560 589 
0 146 235 513 559 589 
0 146 235 513 558 589 
0 146 235 513 556 589 
0 146 235 513 555 590 
0 146 235 513 553 590 
0 146 235 513 552 590 
0 146 235 513 551 590 
0 146 235 513 551 590 
0 146 235 513 553 590 
0 146 235 513 554 590 
0 146 235 513 555 591 
0 146 235 513 556 591 
0 146 235 513 557 592 
0 147 235 513 557 592 
0 147 235 513 558 592 
0 147 235 513 559 592 
0 147 235 513 560 593 
0 147 235 513 561 593 
0 147 235 514 562 593 
0 147 235 514 563 593 
0 147 235 514 564 593 
0 147 235 515 565 592 
0 148 235 515 566 591 
0 148 235 516 566 591 
0 148 235 517 568 590 
0 148 236 517 569 590 
0 148 236 518 569 589 
0 148 236 519 570 589 
0 148 236 520 571 589 
0 148 236 521 572 588 
0 148 236 522 573 588 
0 149 236 523 574 588 
0 149 236 524 575 588 
0 149 236 525 576 588 
0 149 236 526 577 588 
0 149 236 527 578 588 
0 150 236 528 579 588 
0 150 236 529 579 588 
0 150 236 530 580 589 
0 150 236 531 581 589 
0 150 236 532 582 590 
0 150 236 533 583 590 
0 150 236 534 584 590 
0 151 236 535 585 591 
0 151 236 536 586 593 
0 151 236 536 587 594 
0 151 237 538 588 595 
0 151 237 539 589 596 
0 151 237 540 590 596 
0 151 237 541 590 596 
0 151 237 543 591 596 
0 152 237 544 592 596 
0 152 237 545 593 597 
0 152 237 546 594 597 
0 152 237 547 595 597 
0 152 237 548 
0 153 238 549 
0 153 238 550 
0 153 238 551 
0 153 238 552 
0 154 238 553 
0 154 238 554 
0 154 238 556 
0 154 238 557 
0 155 238 558 
0 155 239 559 
0 155 239 560 
0 155 239 561 
0 155 239 562 
0 156 239 563 
0 156 240 564 
0 156 240 565 
0 156 240 566 
0 156 240 567 
0 156 240 569 
0 157 240 570 
0 157 240 571 
0 157 241 572 
0 157 241 572 
0 158 241 574 
0 158 241 575 
0 158 241 576 
0 158 242 577 
0 159 242 578 
0 159 242 579 
0 159 242 580 
0 160 242 581 
0 160 243 582 
0 160 243 583 
0 160 243 584 
0 160 243 585 
0 161 244 586 
0 161 244 586 
0 161 244 588 
0 162 245 589 
0 162 245 590 
0 162 245 591 
0 162 245 591 
0 163 246 591 
0 163 246 590 
0 163 246 589 
0 163 246 588 
0 164 247 587 
0 164 247 586 
0 165 247 585 
0 165 248 584 
0 165 248 583 
0 165 248 583 
0 166 249 582 
0 166 249 581 
0 166 250 580 
0 167 250 579 
0 167 250 578 
0 168 251 578 
0 168 251 577 
0 169 251 576 
0 169 252 575 
0 169 252 574 
0 170 252 573 
0 170 253 572 
0 170 253 572 
0 171 253 571 
0 171 254 570 
0 171 254 569 
0 172 254 568 
0 172 255 568 
0 173 255 567 
0 173 255 566 
0 173 256 565 
0 174 256 564 
0 174 257 563 
0 175 257 562 
0 175 257 561 
0 176 258 560 
0 176 258 559 
0 176 259 558 
0 177 259 558 
0 177 259 557 
0 178 260 556 
0 178 260 555 
0 179 261 554 
0 179 261 553 
0 180 261 552 
0 180 262 551 
0 181 262 550 
0 181 263 549 
0 181 263 548 
0 182 263 547 
0 182 264 546 
0 183 264 545 
0 183 265 544 
0 184 265 542 
0 185 266 541 
0 185 266 540 
0 185 266 539 
0 186 267 538 
0 186 267 536 
0 187 268 536 
0 188 268 534 
0 188 269 533 
0 188 269 532 
0 189 270 531 
0 190 270 529 
0 190 270 528 
0 191 271 527 
0 191 271 526 
0 192 272 525 
0 192 272 524 
0 193 272 522 
0 193 273 521 
0 194 273 520 
0 195 274 518 
0 195 274 518 
0 195 275 516 
0 196 275 515 
0 197 276 513 
0 197 276 512 
0 198 276 510 
0 198 277 509 
0 199 277 508 
0 200 278 507 
0 200 278 506 
0 201 278 504 
0 201 278 503 
