0 178 180 640 
0 640 
0 640 
0 640 
0 387 388 640 
0 386 389 640 
0 221 222 385 390 640 
0 220 223 385 390 640 
0 219 224 386 390 640 
0 219 224 386 390 640 
0 220 224 388 389 640 
0 220 224 640 
0 125 128 640 
0 124 129 331 332 640 
0 124 129 330 333 640 
0 125 129 222 224 330 334 640 
0 126 129 220 224 330 335 640 
0 127 128 219 225 331 335 640 
0 219 226 331 335 640 
0 219 226 332 334 640 
0 219 225 640 
0 220 225 640 
0 222 224 373 377 640 
0 372 378 640 
0 372 378 640 
0 372 377 640 
0 372 376 640 
0 640 
0 434 436 640 
0 433 437 640 
0 432 437 640 
0 432 436 640 
0 176 177 432 436 640 
0 175 178 364 365 433 435 640 
0 174 178 363 366 640 
0 175 178 362 366 383 388 640 
0 176 179 362 367 382 389 640 
0 67 69 362 366 381 389 640 
0 67 71 381 389 640 
0 66 72 381 388 640 
0 66 73 382 388 640 
0 66 73 382 386 640 
0 67 73 640 
0 68 73 640 
0 69 71 640 
0 109 114 640 
0 108 115 640 
0 107 116 640 
0 108 116 640 
0 108 116 640 
0 110 115 640 
0 640 
0 118 121 640 
0 117 122 640 
0 117 122 640 
0 117 123 640 
0 117 123 640 
0 117 122 640 
0 110 113 119 120 183 184 640 
0 109 114 182 186 640 
0 108 114 182 186 381 384 640 
0 107 115 182 186 380 385 640 
0 108 115 182 186 380 386 640 
0 108 115 182 186 380 386 640 
0 109 115 183 186 380 386 640 
0 110 114 184 185 381 385 640 
0 640 
0 167 169 640 
0 166 170 355 357 640 
0 166 170 354 358 640 
0 166 169 354 359 640 
0 167 168 354 358 640 
0 355 358 640 
0 640 
0 640 
0 640 
0 381 382 640 
0 379 383 640 
0 377 384 640 
0 323 327 376 385 640 
0 322 329 375 385 640 
0 321 330 374 384 640 
0 320 330 374 384 640 
0 159 161 319 330 374 383 640 
0 158 162 319 330 374 381 640 
0 157 163 319 329 472 475 640 
0 157 163 320 329 471 476 640 
0 158 163 321 329 470 476 640 
0 159 163 322 329 469 476 640 
0 159 162 325 328 469 476 640 
0 325 327 469 476 640 
0 470 475 640 
0 640 
0 640 
0 490 493 640 
0 489 495 640 
0 489 495 640 
0 489 496 640 
0 490 495 640 
0 492 495 640 
0 640 
0 640 
0 640 
0 640 
0 480 482 640 
0 479 482 640 
0 479 483 640 
0 479 483 640 
0 479 484 640 
0 479 483 640 
0 479 483 640 
0 480 483 640 
0 481 482 640 
0 640 
0 640 
0 640 
0 640 
0 640 
0 640 
0 153 156 640 
0 152 157 640 
0 153 158 640 
0 153 158 640 
0 153 158 450 451 640 
0 154 158 449 452 640 
0 448 453 640 
0 448 454 640 
0 448 453 640 
0 448 453 640 
0 433 435 448 452 640 
0 431 436 450 451 640 
0 430 437 640 
0 430 438 640 
0 429 437 640 
0 430 437 640 
0 430 436 640 
0 431 436 640 
0 432 435 640 
0 640 
0 640 
0 640 
0 640 
0 315 320 414 418 640 
0 314 320 414 419 640 
0 314 320 414 420 640 
0 315 319 415 419 640 
0 218 220 316 319 414 419 640 
0 217 222 275 278 316 318 413 418 640 
0 217 222 274 278 412 417 640 
0 217 222 273 278 412 418 470 473 640 
0 217 223 273 278 411 418 469 474 640 
0 217 223 272 277 411 418 468 474 640 
0 217 223 273 276 411 417 468 473 640 
0 218 222 274 275 412 417 468 473 640 
0 218 221 412 416 468 472 640 
0 469 471 640 
0 640 
0 640 
0 125 129 640 
0 124 130 465 467 640 
0 124 131 259 262 396 397 464 467 640 
0 124 132 259 263 395 398 463 468 640 
0 125 133 258 263 395 399 463 468 640 
0 126 133 258 263 395 400 463 468 640 
0 127 133 258 264 395 400 464 468 640 
0 129 133 259 264 395 399 640 
0 259 264 397 398 640 
0 260 264 640 
0 260 264 640 
0 261 262 291 292 640 
0 289 293 640 
0 155 156 289 294 640 
0 154 158 288 295 640 
0 153 159 288 295 640 
0 152 159 289 295 640 
0 153 159 289 295 640 
0 153 159 290 294 640 
0 155 158 290 293 640 
0 640 
0 640 
0 640 
0 640 
0 640 
0 640 
0 268 271 300 304 640 
0 267 271 299 305 640 
0 267 272 298 305 351 353 424 426 640 
0 267 272 297 305 350 354 423 428 640 
0 267 272 298 305 349 354 422 429 640 
0 267 272 298 305 349 354 421 430 640 
0 268 272 297 304 349 353 421 430 640 
0 269 271 298 303 350 352 421 429 640 
0 301 303 422 428 640 
0 423 427 640 
0 640 
0 346 347 640 
0 345 348 640 
0 344 349 640 
0 344 349 640 
0 345 350 501 504 640 
0 344 350 499 505 640 
0 344 350 499 506 640 
0 344 350 487 492 499 506 640 
0 194 198 344 349 486 492 499 505 640 
0 193 199 344 349 487 493 500 504 640 
0 192 200 343 348 487 492 640 
0 191 200 344 348 488 491 640 
0 190 200 345 347 490 491 640 
0 189 201 640 
0 189 201 640 
0 190 201 640 
0 192 200 640 
0 194 196 319 323 640 
0 319 323 462 466 640 
0 319 324 461 467 640 
0 320 324 460 467 640 
0 320 323 460 466 640 
0 460 465 640 
0 462 464 640 
0 640 
0 640 
0 640 
0 640 
0 640 
0 640 
0 133 135 640 
0 132 136 640 
0 132 137 640 
0 131 137 303 306 640 
0 132 137 302 307 640 
0 133 137 301 308 640 
0 134 135 301 308 640 
0 300 308 640 
0 301 308 640 
0 301 309 640 
0 292 295 302 309 640 
0 291 296 302 308 640 
0 290 296 304 307 640 
0 290 296 640 
0 289 296 385 386 640 
0 290 295 384 387 640 
0 290 292 373 375 384 388 640 
0 372 376 384 389 640 
0 371 377 384 390 640 
0 371 377 379 383 384 390 640 
0 371 377 379 384 385 389 640 
0 371 376 379 384 386 388 640 
0 373 375 379 384 640 
0 373 374 380 384 640 
0 380 383 640 
0 381 382 640 
0 640 
0 640 
0 640 
0 640 
0 640 
0 640 
0 640 
0 640 
0 640 
0 640 
0 640 
0 346 349 640 
0 345 350 640 
0 343 351 640 
0 343 351 640 
0 343 351 640 
0 343 351 640 
0 343 350 640 
0 342 349 640 
0 344 348 640 
0 640 
0 640 
0 342 346 640 
0 341 346 640 
0 340 347 640 
0 340 347 640 
0 340 346 640 
0 339 345 640 
0 339 344 640 
0 355 357 640 
0 354 358 640 
0 221 226 318 320 353 360 640 
0 220 227 295 296 316 321 353 361 640 
0 220 227 294 297 315 321 352 361 640 
0 221 228 293 298 315 321 353 360 640 
0 222 228 293 298 316 320 353 359 640 
0 223 227 293 298 355 357 640 
0 224 226 293 298 640 
0 294 296 640 
0 440 446 640 
0 439 447 640 
0 438 449 640 
0 437 450 640 
0 362 365 437 450 640 
0 361 366 438 451 640 
0 360 366 438 450 640 
0 360 366 439 449 640 
0 360 365 439 442 443 447 640 
0 361 364 441 443 640 
0 362 363 640 
0 640 
0 311 313 415 420 640 
0 310 314 414 421 640 
0 310 315 414 421 640 
0 310 315 414 422 640 
0 309 314 415 421 640 
0 310 314 416 420 640 
0 310 313 640 
0 640 
0 640 
0 415 418 640 
0 415 419 640 
0 306 307 414 420 640 
0 304 308 414 420 640 
0 303 309 415 419 640 
0 303 309 415 419 640 
0 302 309 320 322 416 417 479 486 640 
0 302 309 319 323 478 487 640 
0 302 309 319 323 478 487 640 
0 302 308 318 324 337 339 478 486 640 
0 304 307 318 324 335 341 479 485 640 
0 319 324 334 342 480 484 640 
0 254 256 300 303 319 323 334 342 640 
0 253 257 299 305 333 342 640 
0 252 258 298 305 334 341 640 
0 252 258 298 305 335 340 640 
0 252 257 298 305 336 338 640 
0 252 257 298 304 640 
0 252 256 299 303 640 
0 640 
0 640 
0 333 336 640 
0 332 337 640 
0 331 338 640 
0 330 337 640 
0 330 336 640 
0 330 335 640 
0 331 334 640 
0 397 398 640 
0 396 399 640 
0 395 400 640 
0 395 400 640 
0 395 400 640 
0 395 400 640 
0 395 400 640 
0 396 399 640 
0 640 
0 292 295 640 
0 291 295 640 
0 290 296 640 
0 291 296 640 
0 291 296 640 
0 292 295 640 
0 640 
0 640 
0 640 
0 640 
0 640 
0 640 
0 640 
0 640 
0 366 368 640 
0 365 370 640 
0 365 370 640 
0 278 281 365 371 640 
0 276 282 365 371 640 
0 276 283 365 370 640 
0 276 283 368 369 640 
0 276 282 640 
0 278 281 640 
0 640 
0 334 336 640 
0 333 337 640 
0 333 337 640 
0 332 337 373 374 640 
0 333 337 372 375 432 433 640 
0 334 336 372 376 431 435 640 
0 372 376 430 435 640 
0 372 377 430 436 640 
0 371 376 430 436 640 
0 372 376 430 436 640 
0 430 435 640 
0 430 433 640 
0 447 450 640 
0 446 451 640 
0 445 451 640 
0 445 451 471 473 640 
0 445 450 470 474 640 
0 447 449 469 475 640 
0 295 299 469 475 640 
0 294 300 469 474 640 
0 293 301 469 473 640 
0 294 301 368 369 469 472 640 
0 294 302 367 370 470 472 640 
0 295 301 366 371 640 
0 296 300 365 372 640 
0 364 372 423 426 640 
0 364 373 421 427 640 
0 364 372 420 428 640 
0 364 372 415 428 640 
0 365 371 414 428 640 
0 413 427 640 
0 412 426 640 
0 412 425 640 
0 412 423 640 
0 412 420 640 
0 412 418 640 
0 413 418 640 
0 415 416 640 
0 640 
0 640 
0 640 
0 640 
0 640 
0 640 
0 640 
0 640 
0 640 
0 640 
0 640 
0 640 
0 640 
0 329 333 640 
0 328 334 370 372 640 
0 328 335 369 373 640 
0 328 335 368 374 640 
0 328 334 367 374 640 
0 330 333 368 374 422 424 640 
0 331 332 368 373 420 425 640 
0 369 373 419 425 640 
0 418 425 640 
0 418 425 640 
0 419 424 640 
0 421 422 640 
0 640 
0 640 
0 640 
0 640 
0 640 
0 640 
0 640 
0 640 
0 640 
0 483 485 640 
0 481 487 640 
0 481 487 640 
0 481 488 640 
0 482 488 640 
0 482 487 640 
0 283 288 483 487 640 
0 283 289 485 486 640 
0 282 290 640 
0 282 291 640 
0 282 291 640 
0 282 291 640 
0 284 290 640 
0 285 288 640 
0 640 
0 462 463 640 
0 460 465 640 
0 460 466 640 
0 460 467 640 
0 460 467 640 
0 383 384 460 466 640 
0 381 385 461 465 640 
0 380 386 640 
0 380 386 640 
0 380 386 640 
0 381 386 640 
0 383 384 640 
0 640 
0 640 
0 445 449 640 
0 444 450 640 
0 444 451 640 
0 444 451 640 
0 445 451 640 
0 297 302 448 451 640 
0 297 302 448 450 640 
