0 640 
0 640 
0 640 
0 640 
0 640 
0 640 
0 640 
0 640 
0 640 
0 640 
0 640 
0 640 
0 640 
0 640 
0 640 
0 640 
0 640 
0 640 
0 640 
0 640 
0 640 
0 640 
0 640 
0 640 
0 640 
0 640 
0 640 
0 640 
0 640 
0 640 
0 640 
0 640 
0 640 
0 640 
0 640 
0 640 
0 640 
0 640 
0 640 
0 640 
0 640 
0 640 
0 640 
0 640 
0 640 
0 640 
0 640 
0 640 
0 640 
0 640 
0 640 
0 640 
0 640 
0 640 
0 640 
0 640 
0 640 
0 640 
0 640 
0 640 
0 640 
0 640 
0 640 
0 640 
0 640 
0 640 
0 640 
0 640 
0 640 
0 640 
0 640 
0 640 
0 640 
0 640 
0 640 
0 640 
0 640 
0 640 
0 640 
0 640 
0 640 
0 640 
0 640 
0 640 
0 640 
0 640 
0 640 
0 640 
0 640 
0 640 
0 640 
0 640 
0 640 
0 640 
0 640 
0 640 
0 640 
0 640 
0 411 421 640 
0 410 422 640 
0 408 424 640 
0 407 425 640 
0 406 425 640 
0 405 426 640 
0 404 427 640 
0 403 427 640 
0 403 428 640 
0 402 428 640 
0 401 428 640 
0 401 428 640 
0 400 428 640 
0 399 427 640 
0 399 427 640 
0 399 426 640 
0 398 427 640 
0 398 427 640 
0 397 427 640 
0 396 427 640 
0 393 428 640 
0 392 428 640 
0 392 428 640 
0 391 429 640 
0 379 381 391 429 640 
0 380 384 389 429 640 
0 381 386 388 430 640 
0 383 430 640 
0 385 430 640 
0 385 431 640 
0 385 432 640 
0 384 435 640 
0 381 440 640 
0 379 444 640 
0 376 450 640 
0 374 455 640 
0 372 458 640 
0 370 459 640 
0 370 460 640 
0 371 459 640 
0 371 458 640 
0 372 381 384 386 390 457 640 
0 371 379 390 456 640 
0 371 374 390 455 640 
0 391 455 640 
0 391 452 640 
0 392 452 640 
0 393 447 640 
0 394 447 640 
0 394 449 640 
0 394 449 640 
0 394 449 640 
0 394 450 640 
0 394 451 640 
0 395 452 640 
0 395 453 640 
0 395 454 640 
0 395 450 454 455 640 
0 395 445 640 
0 395 445 640 
0 395 445 640 
0 395 440 442 445 640 
0 395 441 640 
0 395 441 640 
0 395 440 640 
0 395 430 431 440 640 
0 394 434 435 437 439 440 640 
0 394 434 640 
0 393 434 640 
0 393 434 640 
0 392 434 640 
0 392 434 640 
0 391 433 640 
0 391 433 640 
0 390 433 640 
0 390 433 457 461 640 
0 390 434 454 461 640 
0 391 434 451 461 640 
0 391 434 449 461 640 
0 392 434 447 461 640 
0 392 434 445 460 640 
0 393 434 443 460 640 
0 393 434 441 460 640 
0 394 434 439 460 640 
0 394 433 438 459 640 
0 394 433 436 459 640 
0 394 432 435 459 640 
0 394 431 433 458 640 
0 394 458 640 
0 394 457 640 
0 394 457 640 
0 394 456 640 
0 395 455 640 
0 395 455 640 
0 397 454 640 
0 398 453 640 
0 400 453 640 
0 401 452 455 456 460 480 483 488 495 497 640 
0 401 452 454 489 492 495 640 
0 402 451 453 484 489 494 640 
0 402 451 452 485 489 492 640 
0 402 490 640 
0 402 489 640 
0 403 490 640 
0 403 492 640 
0 404 439 441 494 640 
0 404 440 441 496 640 
0 404 499 640 
0 403 502 640 
0 403 499 500 503 640 
0 402 500 640 
0 402 500 640 
0 401 500 640 
0 401 501 640 
0 401 503 640 
0 401 510 640 
0 400 515 640 
0 400 514 640 
0 400 509 640 
0 399 507 640 
0 398 506 640 
0 396 507 640 
0 395 509 640 
0 393 510 640 
0 392 513 640 
0 391 515 640 
0 390 511 512 515 640 
0 390 513 514 516 640 
0 389 506 514 517 640 
0 388 506 517 518 640 
0 388 508 640 
0 387 508 640 
0 387 507 640 
0 386 395 396 507 640 
0 386 393 396 506 507 509 640 
0 385 392 395 510 640 
0 385 391 394 511 640 
0 384 389 393 508 509 512 640 
0 384 389 392 510 640 
0 368 510 640 
0 367 510 640 
0 367 511 640 
0 367 504 508 512 640 
0 367 504 640 
0 367 506 640 
0 367 509 640 
0 367 511 640 
0 368 511 640 
0 369 509 640 
0 371 508 640 
0 373 509 640 
0 373 510 640 
0 373 377 379 392 395 512 640 
0 373 377 380 391 394 514 640 
0 372 377 381 391 394 421 427 495 496 499 500 503 506 514 517 518 640 
0 372 376 382 383 385 392 394 421 428 495 497 499 500 503 508 514 518 521 640 
0 372 376 386 392 394 420 429 498 500 504 510 514 519 521 640 
0 373 376 388 392 394 420 431 498 499 502 503 504 640 
0 389 392 394 420 433 498 499 501 640 
0 390 392 395 420 434 499 640 
0 391 392 395 419 434 490 492 502 640 
0 397 419 435 491 496 509 640 
0 402 418 435 485 486 491 498 501 503 514 640 
0 403 418 435 492 498 500 509 514 640 
0 403 418 435 454 456 494 640 
0 403 418 436 454 458 498 640 
0 403 417 436 454 460 469 470 498 640 
0 403 417 436 454 462 471 472 479 485 490 494 499 640 
0 403 417 436 453 463 479 486 490 496 499 640 
0 404 417 436 453 466 479 488 491 498 500 640 
0 404 416 437 453 469 479 489 492 500 502 640 
0 404 416 437 453 471 479 490 492 640 
0 404 416 437 454 473 479 491 493 640 
0 404 415 437 454 474 479 492 493 640 
0 405 415 437 454 474 479 492 494 640 
0 406 415 437 453 474 478 494 495 640 
0 406 415 438 453 473 475 477 478 640 
0 408 414 438 453 473 474 476 478 640 
0 67 68 409 413 438 452 476 477 640 
0 66 69 438 452 475 477 640 
0 66 69 439 451 475 477 640 
0 66 69 439 451 475 477 640 
0 65 70 440 450 475 476 640 
0 64 71 442 448 640 
0 63 72 640 
0 64 71 640 
0 65 69 640 
0 66 69 640 
0 66 69 640 
0 66 69 640 
0 65 69 640 
0 65 69 640 
0 65 69 640 
0 65 69 640 
0 64 69 640 
0 63 70 640 
0 60 71 640 
0 58 72 640 
0 55 73 640 
0 53 77 640 
0 53 80 640 
0 52 81 640 
0 52 81 640 
0 53 81 640 
0 54 80 640 
0 55 80 640 
0 55 79 640 
0 55 79 640 
0 55 79 640 
0 54 79 640 
0 54 79 640 
0 54 79 640 
0 54 79 640 
0 54 79 640 
0 54 78 640 
0 54 78 640 
0 54 78 640 
0 54 78 640 
0 54 78 640 
0 54 78 640 
0 53 78 640 
0 52 79 640 
0 49 81 640 
0 48 83 640 
0 45 85 640 
0 37 87 640 
0 36 93 640 
0 35 96 640 
0 35 96 640 
0 34 97 640 
0 33 98 254 256 640 
0 33 98 254 257 640 
0 32 98 253 258 640 
0 32 99 252 258 640 
0 31 99 251 259 640 
0 31 100 250 260 640 
0 30 100 120 122 250 260 640 
0 30 100 120 122 249 261 640 
0 29 101 119 123 248 262 640 
0 29 101 118 124 248 262 640 
0 29 102 118 124 247 263 640 
0 28 102 117 125 246 264 640 
0 28 102 116 126 246 264 640 
0 30 103 116 126 245 265 640 
0 30 102 115 127 244 265 640 
0 31 101 115 127 244 266 640 
0 31 101 114 128 243 267 640 
0 31 100 113 129 243 267 640 
0 31 100 113 129 242 268 640 
0 31 100 112 130 242 268 640 
0 31 100 111 130 242 268 640 
0 31 100 111 131 242 268 640 
0 30 100 110 131 242 268 640 
0 30 100 109 132 242 268 640 
0 30 100 109 133 242 268 640 
0 30 100 108 133 242 268 640 
0 30 100 108 134 242 268 640 
0 30 100 107 134 242 268 640 
0 30 100 107 134 242 268 640 
0 30 100 107 134 242 268 640 
0 30 100 107 134 242 268 640 
0 30 100 107 134 242 268 640 
0 30 100 107 134 242 268 640 
0 30 100 107 134 242 268 640 
0 30 99 107 134 243 268 640 
0 30 99 107 134 243 268 640 
0 30 99 107 134 243 268 640 
0 30 99 107 134 243 268 640 
0 30 99 107 134 243 268 640 
0 30 99 107 134 243 268 640 
0 30 99 107 134 243 268 640 
0 30 99 106 134 243 267 640 
0 30 99 106 134 243 267 640 
0 30 99 106 134 243 267 640 
0 30 99 107 134 243 267 640 
0 30 99 107 134 243 267 640 
0 29 99 108 137 243 267 640 
0 29 99 108 158 243 267 640 
0 29 99 108 177 243 267 640 
0 29 99 107 202 243 267 640 
0 29 99 107 221 243 267 640 
0 29 99 107 224 243 267 640 
0 26 225 243 267 640 
226 243 267 640 
227 243 267 640 
228 243 267 640 
229 243 267 640 
230 243 267 640 
231 243 267 640 
232 243 267 640 
233 243 267 640 
234 243 267 640 
235 243 267 640 
236 243 267 640 
237 243 267 640 
238 243 267 640 
239 243 267 640 
240 243 267 640 
242 243 267 640 
267 640 
267 640 
267 640 
267 640 
267 640 
267 640 
267 640 
267 640 
267 640 
267 640 
267 640 
267 640 
267 640 
267 640 
267 640 
267 640 
267 640 
267 640 
267 640 
267 640 
267 640 
267 640 
267 640 
267 640 
267 640 
267 640 
267 640 
267 640 
267 640 
267 640 
267 640 
267 640 
267 640 
267 640 
267 640 
267 640 
267 640 
267 640 
266 640 
266 640 
266 640 
266 640 
266 640 
266 640 
266 640 
266 640 
266 640 
266 640 
266 640 
266 640 
266 640 
266 640 
266 640 
266 640 
266 640 
266 640 
266 640 
266 640 
266 640 
266 640 
266 640 
266 640 
266 640 
266 640 
266 640 
266 640 
266 640 
266 640 
266 640 
266 640 
266 640 
266 640 
266 640 
266 640 
266 640 
266 640 
266 640 
266 640 
266 640 
266 640 
266 640 
266 640 
266 640 
