0 640 
0 640 
0 640 
0 640 
0 640 
0 640 
0 640 
0 640 
0 640 
0 640 
0 319 325 640 
0 318 327 640 
0 318 328 640 
0 317 329 640 
0 317 329 640 
0 316 329 640 
0 316 328 640 
0 317 328 640 
0 319 327 640 
0 323 324 640 
0 640 
0 640 
0 640 
0 640 
0 640 
0 640 
0 640 
0 640 
0 640 
0 563 566 640 
0 563 573 640 
0 564 575 640 
0 565 577 640 
0 407 408 568 578 640 
0 408 409 572 578 640 
0 409 410 640 
0 410 411 640 
0 411 412 640 
0 219 241 412 413 640 
0 211 248 640 
0 204 256 640 
0 199 260 640 
0 195 265 396 398 640 
0 191 269 395 398 640 
0 187 272 393 397 640 
0 183 275 392 397 640 
0 180 278 390 396 640 
0 166 168 178 281 389 395 640 
0 166 168 175 284 388 394 640 
0 167 168 172 286 387 393 640 
0 167 289 386 392 640 
0 167 291 386 391 640 
0 165 293 385 390 640 
0 163 295 384 389 640 
0 161 297 384 387 640 
0 159 299 384 386 640 
0 157 301 383 385 640 
0 155 303 383 384 640 
0 153 304 640 
0 151 306 640 
0 149 308 640 
0 148 310 640 
0 146 311 640 
0 144 312 640 
0 143 314 365 366 640 
0 142 316 364 366 640 
0 140 317 365 367 640 
0 139 318 365 367 640 
0 137 319 365 368 640 
0 136 320 365 368 640 
0 134 321 365 369 640 
0 133 322 365 369 640 
0 132 323 366 369 640 
0 130 324 366 368 640 
0 129 325 367 368 640 
0 128 326 640 
0 127 327 640 
0 126 328 640 
0 125 329 640 
0 123 330 640 
0 122 331 640 
0 121 332 640 
0 120 333 640 
0 119 334 640 
0 118 335 640 
0 117 336 640 
0 116 337 640 
0 115 337 640 
0 115 338 640 
0 113 339 640 
0 112 339 640 
0 111 340 640 
0 111 340 640 
0 110 340 640 
0 109 341 640 
0 108 341 640 
0 107 341 640 
0 107 341 640 
0 106 342 640 
0 105 342 640 
0 104 342 640 
0 104 342 640 
0 103 343 640 
0 102 343 640 
0 101 343 640 
0 101 343 640 
0 100 344 640 
0 100 344 640 
0 99 344 640 
0 98 344 640 
0 98 345 640 
0 97 345 640 
0 96 345 640 
0 96 345 640 
0 95 345 640 
0 95 345 640 
0 94 345 640 
0 94 345 640 
0 93 345 640 
0 92 345 640 
0 92 345 640 
0 91 344 640 
0 91 344 640 
0 90 344 640 
0 90 344 640 
0 90 344 640 
0 89 343 640 
0 89 343 640 
0 88 343 640 
0 88 343 640 
0 87 343 640 
0 87 343 640 
0 86 343 640 
0 86 343 640 
0 86 343 640 
0 85 343 640 
0 85 343 640 
0 84 343 640 
0 84 343 640 
0 84 342 640 
0 83 342 640 
0 83 342 640 
0 83 342 640 
0 83 342 640 
0 82 341 640 
0 82 341 640 
0 81 341 640 
0 81 341 640 
0 81 340 640 
0 80 340 640 
0 80 339 640 
0 80 339 640 
0 80 338 640 
0 80 338 640 
0 79 337 640 
0 79 337 640 
0 79 336 640 
0 79 335 640 
0 79 333 640 
0 78 332 640 
0 78 329 640 
0 78 328 640 
0 78 326 640 
0 78 326 640 
0 78 325 640 
0 78 325 640 
0 77 324 640 
0 77 324 640 
0 77 323 640 
0 77 323 640 
0 77 323 640 
0 77 322 640 
0 77 322 640 
0 77 322 640 
0 76 321 640 
0 76 321 640 
0 76 321 640 
0 76 320 640 
0 75 320 640 
0 75 319 640 
0 75 319 640 
0 75 318 640 
0 75 317 640 
0 75 317 640 
0 75 316 640 
0 75 315 640 
0 76 315 640 
0 76 314 640 
0 76 313 640 
0 77 312 640 
0 77 312 640 
0 77 312 640 
0 78 311 640 
0 78 311 640 
0 78 312 640 
0 79 313 640 
0 79 303 305 313 640 
0 80 300 305 313 640 
0 80 295 305 313 640 
0 80 291 305 312 640 
0 81 288 305 311 640 
0 81 286 306 310 640 
0 81 285 307 309 640 
0 82 284 640 
0 82 283 640 
0 82 283 640 
0 83 282 640 
0 83 281 640 
0 83 280 640 
0 84 280 640 
0 84 279 640 
0 84 278 640 
0 85 278 640 
0 85 277 640 
0 86 277 640 
0 87 276 640 
0 87 274 640 
0 88 274 640 
0 89 272 640 
0 90 271 640 
0 90 270 640 
0 91 269 640 
0 92 267 640 
0 93 266 640 
0 94 264 640 
0 95 262 640 
0 96 260 640 
0 97 257 640 
0 98 255 640 
0 99 254 640 
0 100 237 247 254 290 296 640 
0 102 237 241 243 246 255 291 299 640 
0 103 237 240 256 292 304 640 
0 104 237 241 256 294 307 640 
0 106 237 242 257 295 308 640 
0 107 238 242 258 297 306 640 
0 109 117 119 238 242 258 300 301 640 
0 111 115 121 238 242 259 640 
0 123 238 243 259 640 
0 125 238 243 260 640 
0 127 239 243 260 640 
0 128 239 244 261 640 
0 130 239 245 261 640 
0 132 239 245 262 640 
0 134 239 246 262 640 
0 136 240 246 263 640 
0 139 240 247 263 640 
0 142 240 248 264 640 
0 145 240 248 265 640 
0 147 241 247 265 640 
0 147 241 246 266 640 
0 147 241 245 266 640 
0 147 241 244 267 640 
0 148 267 640 
0 147 267 640 
0 147 267 640 
0 147 267 640 
0 147 219 221 267 640 
0 147 219 222 267 640 
0 147 218 222 267 640 
0 147 218 222 266 640 
0 147 217 223 266 640 
0 147 217 223 266 640 
0 147 217 223 265 640 
0 147 217 223 265 640 
0 147 217 224 264 640 
0 146 218 224 264 640 
0 147 218 224 263 640 
0 146 218 224 262 640 
0 146 218 225 261 640 
0 146 218 225 260 640 
0 146 218 226 257 640 
0 146 218 226 255 640 
0 146 218 226 253 598 607 640 
0 146 218 227 251 488 489 595 610 640 
0 146 218 227 249 489 492 593 609 640 
0 146 218 228 248 491 493 591 608 640 
0 146 218 229 246 590 605 640 
0 146 218 230 245 589 603 640 
0 146 218 231 243 587 601 640 
0 146 218 232 241 586 598 640 
0 146 218 234 240 585 594 640 
0 146 218 640 
0 146 218 640 
0 146 219 640 
0 146 219 640 
0 146 219 640 
0 146 220 640 
0 147 220 640 
0 147 222 640 
0 147 223 640 
0 147 223 640 
0 147 223 640 
0 147 223 640 
0 148 222 640 
0 148 222 640 
0 148 222 640 
0 148 222 640 
0 148 223 640 
0 148 223 640 
0 148 224 640 
0 148 224 640 
0 148 225 488 489 640 
0 148 225 487 489 640 
0 23 35 148 226 486 488 640 
0 21 36 148 226 485 487 640 
0 19 35 148 226 485 486 640 
0 19 33 149 227 484 485 640 
0 18 28 149 227 640 
0 20 24 149 227 640 
0 149 228 640 
0 149 228 640 
0 149 229 640 
0 149 229 640 
0 148 229 640 
0 147 230 640 
0 147 230 640 
0 146 230 640 
0 145 230 640 
0 144 230 640 
0 144 231 640 
0 143 231 403 406 640 
0 142 231 402 407 640 
0 142 231 402 407 640 
0 141 231 404 406 640 
0 140 231 640 
0 139 232 640 
0 139 232 640 
0 138 232 640 
0 137 232 640 
0 136 232 640 
0 136 232 640 
0 135 232 640 
0 134 232 640 
0 133 233 640 
0 132 233 640 
0 131 233 640 
0 131 233 640 
0 130 233 640 
0 129 233 640 
0 128 233 640 
0 128 233 640 
0 127 233 640 
0 126 233 640 
0 125 233 640 
0 124 233 640 
0 123 234 640 
0 122 234 640 
0 121 234 640 
0 120 234 640 
0 120 234 640 
0 119 234 640 
0 118 234 640 
0 117 234 640 
0 116 234 640 
0 115 234 640 
0 115 234 640 
0 114 234 640 
0 113 234 640 
0 112 234 640 
0 110 234 640 
0 110 234 640 
0 108 234 640 
0 107 234 640 
0 106 234 497 499 640 
0 105 234 498 501 640 
0 103 234 498 502 640 
0 102 234 499 503 640 
0 101 234 500 505 640 
0 100 234 501 506 640 
0 99 234 502 507 640 
0 98 234 504 508 640 
0 97 234 505 509 640 
0 95 234 640 
0 94 234 640 
0 93 234 640 
0 92 234 640 
0 90 234 640 
0 89 234 427 430 640 
0 88 234 426 431 640 
0 86 234 425 432 640 
0 85 234 425 432 640 
0 83 234 426 432 640 
0 82 234 429 430 640 
0 80 234 640 
0 79 234 640 
0 78 234 640 
0 77 234 640 
0 76 234 640 
0 74 234 640 
0 73 234 640 
0 72 234 640 
0 70 234 640 
0 69 234 640 
0 68 234 640 
0 67 234 640 
0 66 235 640 
0 64 235 640 
0 63 235 640 
0 62 235 640 
0 61 235 640 
0 59 235 640 
0 58 235 640 
0 57 235 640 
0 56 235 640 
0 55 235 640 
0 54 235 640 
0 52 235 640 
0 51 235 640 
0 50 235 640 
0 49 235 640 
0 48 235 640 
0 47 235 640 
0 46 235 640 
0 45 235 640 
0 44 235 640 
0 43 235 640 
0 43 235 640 
0 42 235 640 
0 41 235 640 
0 41 235 640 
0 40 235 640 
0 40 235 640 
0 40 235 640 
0 40 235 640 
0 41 235 640 
0 41 235 640 
0 42 235 640 
0 42 235 640 
0 42 235 640 
0 42 234 640 
0 42 234 640 
0 41 234 640 
0 40 234 640 
0 39 234 640 
0 39 234 640 
0 38 234 640 
0 37 234 408 414 640 
0 37 234 407 418 640 
0 36 234 406 419 640 
0 37 234 407 418 640 
0 38 234 407 417 640 
0 39 234 410 411 412 414 640 
0 41 234 640 
0 41 234 507 510 640 
0 41 235 507 512 640 
0 41 235 507 513 640 
0 42 235 508 514 640 
0 41 235 508 515 640 
0 41 235 509 516 640 
0 41 235 510 517 640 
0 40 235 510 517 640 
0 40 235 510 518 640 
0 40 235 512 519 640 
0 39 235 513 519 640 
0 39 235 514 520 640 
0 39 235 515 520 640 
0 40 236 517 520 640 
0 42 236 640 
0 45 236 640 
0 47 236 640 
0 48 236 640 
0 50 236 640 
0 50 236 640 
0 51 237 640 
0 51 237 640 
0 52 237 640 
0 52 237 640 
0 52 237 640 
0 52 236 640 
0 53 236 640 
0 53 236 640 
0 53 236 640 
0 53 236 640 
0 53 236 640 
0 54 237 640 
0 54 237 640 
0 54 237 640 
0 54 237 640 
0 55 237 640 
