0 313 
0 313 
0 313 
0 313 
0 313 
0 313 
0 314 
0 314 
0 314 
0 314 
0 314 
0 314 
0 315 
0 315 
0 316 
0 316 
0 316 
0 317 
0 317 
0 317 
0 317 
0 317 
0 318 
0 318 
0 318 
0 318 
0 319 
0 319 
0 320 
0 320 
0 320 
0 320 
0 321 
0 322 
0 322 
0 322 
0 322 
0 322 
0 322 
0 322 
0 323 
0 323 
0 323 
0 323 
0 324 
0 324 
0 324 
0 324 
0 325 
0 326 
0 326 
0 326 
0 327 
0 327 
0 327 
0 327 
0 328 
0 329 
0 329 
0 330 
0 330 
0 330 
0 331 
0 331 
0 331 
0 332 
0 332 
0 332 
0 333 
0 333 
0 334 
0 334 
0 335 
0 335 
0 335 
0 336 
0 336 
0 337 
0 337 
0 338 
0 339 
0 339 
0 340 
0 340 
0 340 
0 340 
0 341 
0 341 
0 342 
0 342 
0 342 
0 342 
0 343 
0 343 
0 343 
0 343 
0 344 
0 344 
0 345 
0 345 
0 346 
0 346 
0 347 
0 347 
0 348 
0 349 
0 350 
0 350 
0 350 
0 350 
0 351 
0 351 
0 352 
0 353 
0 354 
0 355 
0 355 
0 356 
0 356 
0 357 
0 357 
0 358 
0 358 
0 359 
0 360 
0 360 
0 361 
0 361 
0 363 
0 364 
0 364 
0 365 
0 365 
0 365 
0 366 
0 366 
0 368 
0 368 
0 369 
0 369 
0 369 
0 370 
0 371 
0 372 
0 372 
0 372 
0 373 
0 374 
0 374 
0 375 
0 376 
0 377 
0 378 
0 379 
0 379 
0 380 
0 380 
0 381 
0 381 
0 382 
0 382 
0 383 
0 384 
0 385 
0 386 
0 387 
0 387 
0 388 
0 388 
0 389 
0 390 
0 391 
0 392 
0 392 
0 393 
0 394 
0 395 
0 395 
0 395 
0 396 
0 398 
0 398 
0 399 
0 400 
0 400 
0 400 
0 403 
0 404 
0 405 
0 405 
0 406 
0 406 
0 408 
0 408 
0 409 
0 410 
0 410 
0 411 
0 413 
0 414 
0 415 
0 416 
0 418 
0 419 
0 420 
0 421 
0 423 
0 424 
0 424 
0 424 
0 426 
0 427 
0 428 
0 429 
0 429 
0 430 
0 432 
0 432 
0 432 
0 434 
0 435 
0 436 
0 437 
0 437 
0 437 
0 437 
0 108 111 438 
0 107 111 440 
0 105 112 440 
0 104 113 441 
0 103 114 443 
0 100 115 443 
0 99 115 445 
0 98 115 447 
0 97 116 448 
0 96 116 451 
0 95 116 452 
0 95 117 176 179 453 
0 94 117 174 180 453 
0 94 117 173 181 453 
0 94 118 171 181 458 
0 93 118 170 182 458 
0 93 118 169 182 459 
0 93 118 167 182 459 
0 93 118 165 182 461 
0 93 118 164 182 462 
0 92 118 163 181 465 
0 92 118 162 181 466 
0 92 118 161 181 468 
0 92 119 160 181 469 
0 92 119 159 180 469 
0 92 119 158 180 471 
0 91 119 157 180 472 
0 91 119 156 179 472 
0 91 119 155 179 474 
0 91 119 154 178 474 
0 90 119 154 178 476 
0 90 119 153 177 477 
0 90 119 152 177 480 
0 90 119 151 176 481 
0 90 119 151 176 483 
0 90 119 150 176 485 
0 90 119 149 175 487 
0 90 119 149 175 488 
0 90 119 148 174 490 
0 90 119 147 174 491 
0 90 119 147 173 493 
0 90 119 146 173 496 
0 89 119 145 172 496 
0 89 119 145 172 499 
0 89 119 144 171 500 
0 89 119 144 171 501 
0 89 119 143 170 505 
0 89 119 143 170 506 
0 89 118 142 169 507 
0 89 118 142 169 508 
0 89 118 141 168 510 
0 89 118 141 168 512 
0 89 118 140 167 515 
0 89 118 140 167 516 
0 89 118 139 166 520 
0 89 118 138 166 520 
0 88 118 138 165 211 215 522 
0 88 118 137 165 208 217 524 
0 88 117 136 165 206 218 527 
0 88 117 136 164 205 219 528 
0 88 117 135 163 203 218 530 
0 88 117 135 163 202 218 531 
0 88 117 135 163 200 218 533 
0 88 117 134 162 199 218 534 
0 88 117 134 162 197 217 536 
0 88 117 133 162 196 217 539 
0 88 116 132 161 194 216 540 
0 88 116 132 160 193 215 542 
0 87 116 131 160 192 215 545 
0 87 116 130 160 190 214 546 
0 87 116 130 159 189 214 549 
0 87 116 130 159 188 213 552 
0 87 116 129 158 186 213 554 
0 87 116 129 158 185 212 555 
0 87 115 128 157 184 211 558 
0 87 115 127 157 183 211 561 
0 87 115 127 157 182 210 562 
0 87 115 126 156 181 209 564 
0 87 115 126 156 180 209 568 
0 86 115 126 156 179 208 570 
0 86 115 125 155 178 207 572 
0 86 115 125 154 177 206 575 
0 86 115 124 154 176 205 577 
0 86 115 123 154 175 204 581 
0 85 115 123 154 174 203 586 
0 85 115 122 153 173 202 590 
0 85 116 122 153 171 201 592 
0 85 116 121 152 170 201 597 
0 85 116 121 152 169 200 601 
0 84 116 120 151 168 199 603 
0 84 116 120 151 167 198 606 
0 84 117 119 151 167 197 608 
0 84 116 118 150 165 196 610 
0 84 116 118 150 164 195 615 
0 83 116 117 149 163 194 619 
0 83 149 162 193 623 
0 83 149 161 192 632 
0 83 148 160 191 632 
0 83 148 160 190 635 
0 83 148 159 189 640 
0 83 147 158 188 640 
0 82 147 157 187 640 
0 82 146 156 186 640 
0 82 146 155 185 640 
0 82 145 154 185 640 
0 81 145 153 184 640 
0 81 145 152 183 640 
0 81 145 152 182 640 
0 81 144 151 181 640 
0 80 144 150 181 640 
0 80 143 149 180 640 
0 80 143 148 179 640 
0 80 143 147 179 640 
0 79 143 146 178 640 
0 61 64 79 142 145 177 640 
0 60 67 79 141 144 177 213 227 640 
0 58 69 79 141 143 176 209 230 640 
0 56 71 78 141 142 175 205 234 640 
0 55 73 78 175 201 235 640 
0 52 74 78 174 198 237 640 
0 50 75 78 174 194 238 640 
0 48 75 77 173 192 238 640 
0 47 76 77 172 189 237 640 
0 47 172 186 237 640 
0 46 171 183 236 640 
0 45 171 181 234 640 
0 45 170 179 233 640 
0 44 169 177 232 640 
0 44 169 175 231 640 
0 44 168 173 230 640 
0 44 167 171 228 640 
0 44 167 168 226 640 
0 44 225 640 
0 44 223 640 
0 44 221 640 
0 44 218 640 
0 44 215 640 
0 44 212 640 
0 45 209 640 
0 45 206 640 
0 45 203 640 
0 45 200 640 
0 45 197 640 
0 46 195 640 
0 46 192 640 
0 47 190 640 
0 47 187 640 
0 47 186 640 
0 47 184 640 
0 47 182 640 
0 48 181 640 
0 48 180 640 
0 48 178 640 
0 49 177 640 
0 49 175 640 
0 49 174 640 
0 50 172 640 
0 50 171 640 
0 50 169 640 
0 51 168 640 
0 51 167 640 
0 51 166 640 
0 52 166 640 
0 52 165 640 
0 52 164 640 
0 53 164 640 
0 53 164 640 
0 53 163 640 
0 53 163 640 
0 54 163 640 
0 54 163 640 
0 54 163 640 
0 55 163 640 
0 55 162 640 
0 55 162 640 
0 55 162 640 
0 56 162 640 
0 56 162 640 
0 56 161 640 
0 55 161 640 
0 55 161 640 
0 55 161 640 
0 54 160 640 
0 54 160 640 
0 53 160 640 
0 53 159 640 
0 53 159 640 
0 52 159 640 
0 52 158 640 
0 52 158 640 
0 51 158 640 
0 51 158 640 
0 51 157 640 
0 50 157 640 
0 50 157 640 
0 50 157 640 
0 49 156 640 
0 49 156 640 
0 49 156 640 
0 49 155 640 
0 48 155 640 
0 48 155 640 
0 48 154 640 
0 48 154 640 
0 48 153 640 
0 47 153 640 
0 47 153 640 
0 47 152 640 
0 47 152 640 
0 46 151 640 
0 46 151 640 
0 46 150 640 
0 46 150 640 
0 45 149 640 
0 45 149 640 
0 45 148 640 
0 45 148 640 
0 45 147 640 
0 44 146 640 
0 44 146 640 
0 43 145 640 
0 30 145 640 
0 25 144 640 
0 22 144 640 
0 19 143 640 
0 16 142 640 
0 14 142 640 
0 12 141 640 
0 10 140 640 
0 8 139 640 
0 7 139 640 
0 5 138 640 
0 4 137 640 
0 2 136 640 
135 640 
135 640 
134 640 
133 640 
133 640 
133 640 
135 640 
136 640 
138 640 
139 640 
139 640 
140 640 
142 640 
143 640 
145 640 
145 640 
146 640 
148 640 
149 640 
149 640 
