0 353 413 640 
0 352 414 640 
0 351 416 640 
0 341 418 640 
0 337 419 640 
0 334 421 640 
0 331 422 640 
0 329 423 640 
0 326 424 640 
0 323 424 640 
0 320 425 640 
0 319 426 640 
0 317 426 640 
0 315 427 640 
0 313 428 640 
0 312 429 640 
0 310 429 640 
0 308 430 640 
0 307 431 640 
0 305 432 640 
0 304 433 640 
0 303 433 640 
0 302 434 640 
0 301 435 640 
0 300 436 640 
0 299 436 640 
0 299 437 640 
0 298 438 640 
0 297 439 640 
0 297 439 640 
0 296 440 640 
0 296 441 640 
0 295 441 640 
0 295 442 640 
0 295 443 640 
0 294 444 640 
0 294 444 640 
0 294 445 640 
0 294 446 449 473 475 484 640 
0 293 489 640 
0 293 494 640 
0 293 498 640 
0 293 500 640 
0 293 502 640 
0 292 503 640 
0 292 505 640 
0 291 506 640 
0 291 507 640 
0 291 507 640 
0 291 507 640 
0 290 507 640 
0 290 507 640 
0 290 507 640 
0 290 506 640 
0 289 506 640 
0 289 505 640 
0 289 505 640 
0 288 504 640 
0 288 503 640 
0 288 502 640 
0 287 501 640 
0 287 500 640 
0 286 499 640 
0 286 497 640 
0 286 496 640 
0 285 494 640 
0 285 493 640 
0 285 491 640 
0 284 490 640 
0 284 488 640 
0 284 486 640 
0 283 484 640 
0 283 481 640 
0 283 480 640 
0 282 478 640 
0 282 476 640 
0 281 474 640 
0 280 472 640 
0 279 470 640 
0 277 467 640 
0 275 465 640 
0 273 462 640 
0 271 460 640 
0 269 460 640 
0 267 460 640 
0 265 460 640 
0 263 461 640 
0 262 461 640 
0 260 462 640 
0 259 462 640 
0 257 462 640 
0 256 463 640 
0 254 463 640 
0 253 464 640 
0 251 464 640 
0 250 465 640 
0 249 465 640 
0 248 465 640 
0 247 466 640 
0 246 466 640 
0 245 466 640 
0 244 467 640 
0 243 467 640 
0 242 467 640 
0 242 468 640 
0 241 468 640 
0 241 469 640 
0 241 469 640 
0 241 469 640 
0 241 470 640 
0 242 470 640 
0 243 470 640 
0 243 471 640 
0 249 471 640 
0 249 471 640 
0 249 472 640 
0 250 472 640 
0 254 473 640 
0 261 468 469 473 640 
0 266 467 469 474 640 
0 267 467 470 474 640 
0 267 467 472 475 640 
0 266 467 473 475 640 
0 266 467 475 476 640 
0 266 467 640 
0 266 467 640 
0 265 467 640 
0 265 466 640 
0 265 466 640 
0 265 466 640 
0 265 466 640 
0 264 465 640 
0 264 465 640 
0 264 465 640 
0 264 464 640 
0 263 464 640 
0 263 464 640 
0 261 463 640 
0 259 457 461 463 640 
0 257 456 461 463 640 
0 255 455 461 462 640 
0 254 454 640 
0 252 447 449 453 640 
0 250 446 450 452 640 
0 249 445 450 451 640 
0 97 120 248 444 640 
0 88 130 131 134 247 443 640 
0 77 146 247 442 640 
0 69 156 246 440 640 
0 64 164 246 439 640 
0 59 171 245 437 640 
0 56 176 245 436 640 
0 52 184 245 435 640 
0 48 189 244 435 640 
0 45 193 244 435 640 
0 42 199 244 435 640 
0 39 203 244 436 640 
0 35 207 243 436 640 
0 31 212 243 436 640 
0 27 217 243 436 640 
0 22 221 243 437 640 
0 15 224 243 437 640 
0 2 228 243 438 640 
232 243 438 640 
235 243 440 640 
239 242 441 640 
441 640 
442 640 
442 640 
443 640 
443 640 
442 640 
441 640 
440 640 
439 640 
437 640 
434 640 
431 640 
430 640 
430 640 
430 640 
88 106 429 640 
81 131 429 640 
72 143 428 640 
68 149 428 640 
64 156 428 640 
60 163 427 640 
56 169 426 640 
54 175 425 640 
52 179 422 640 
49 184 420 640 
46 188 420 640 
44 193 420 640 
42 197 420 640 
40 202 421 640 
37 206 421 640 
35 210 421 640 
32 213 421 640 
30 216 421 640 
28 220 421 640 
25 223 421 640 
23 227 421 640 
20 230 421 640 
16 234 421 640 
13 236 421 640 
9 240 421 640 
6 243 421 640 
0 246 421 640 
0 248 421 640 
0 251 421 640 
0 254 421 640 
0 257 421 640 
0 259 421 640 
0 262 420 640 
0 264 420 640 
0 266 420 640 
0 268 420 640 
0 269 420 640 
0 270 419 640 
0 271 419 640 
0 272 419 640 
0 274 418 640 
0 275 418 640 
0 276 418 640 
0 278 417 640 
0 280 417 640 
0 281 417 640 
0 283 416 640 
0 286 416 640 
0 288 415 640 
0 291 415 640 
0 296 299 305 415 640 
0 305 414 640 
0 304 413 640 
0 304 413 640 
0 303 411 640 
0 303 410 640 
0 303 409 640 
0 302 407 640 
0 302 407 640 
0 302 408 640 
0 301 409 640 
0 301 411 640 
0 301 413 640 
0 301 415 640 
0 300 416 640 
0 300 418 640 
0 300 420 640 
0 300 422 640 
0 299 423 640 
0 299 425 640 
0 298 427 640 
0 298 428 640 
0 298 430 640 
0 298 432 640 
0 297 433 640 
0 297 435 640 
0 297 436 640 
0 296 438 640 
0 296 440 640 
0 296 441 640 
0 296 443 640 
0 296 444 640 
0 296 446 640 
0 295 448 640 
0 295 449 640 
0 295 451 640 
0 295 453 640 
0 295 454 640 
0 294 456 640 
0 294 457 640 
0 294 459 640 
0 294 460 640 
0 293 462 472 478 640 
0 293 463 470 480 640 
0 293 465 469 482 640 
0 292 483 640 
0 292 484 640 
0 292 486 640 
0 292 487 640 
0 292 488 640 
0 291 488 640 
0 291 490 640 
0 291 490 640 
0 291 492 640 
0 290 493 640 
0 290 496 640 
0 290 298 299 498 640 
0 290 298 299 500 640 
0 290 295 296 298 299 501 640 
0 289 295 297 298 299 502 640 
0 289 295 297 298 299 503 640 
0 289 294 299 503 640 
0 289 294 299 504 640 
0 289 294 299 505 640 
0 289 293 299 506 640 
0 289 293 299 508 640 
0 289 293 299 510 640 
0 289 292 299 513 640 
0 289 292 299 427 430 515 640 
0 289 291 299 428 433 516 640 
0 289 290 299 428 435 518 640 
0 299 428 437 519 640 
0 299 429 438 520 640 
0 299 429 440 521 640 
0 299 429 441 522 640 
0 299 430 443 524 640 
0 299 430 444 526 640 
0 299 431 445 528 640 
0 299 431 447 530 640 
0 299 432 447 531 640 
0 299 432 447 532 640 
0 299 433 447 533 640 
0 300 433 447 533 640 
0 300 433 448 534 640 
0 300 434 448 534 640 
0 300 434 448 533 640 
0 300 435 448 533 640 
0 299 435 448 533 640 
0 299 436 448 533 640 
0 299 436 448 533 640 
0 299 433 434 437 448 533 640 
0 299 433 435 437 448 533 640 
0 299 434 436 438 448 533 640 
0 299 434 437 438 449 534 640 
0 299 434 437 438 449 535 640 
0 299 435 449 536 640 
0 299 435 449 537 640 
0 299 435 449 538 640 
0 299 435 449 540 640 
0 299 435 449 541 640 
0 299 436 450 542 640 
0 299 436 450 543 640 
0 299 436 450 545 640 
0 299 436 450 546 640 
0 299 436 450 547 640 
0 299 437 449 548 640 
0 299 437 448 549 640 
0 299 437 447 550 640 
0 299 437 446 551 640 
0 299 438 445 553 640 
0 299 438 445 554 640 
0 299 438 444 555 640 
0 299 438 443 556 640 
0 299 439 442 557 640 
0 299 440 442 558 640 
0 299 440 441 559 640 
0 299 560 640 
0 299 562 640 
0 299 563 640 
0 299 564 640 
0 299 565 640 
0 299 567 640 
0 299 568 640 
0 299 569 640 
0 299 570 640 
0 300 571 640 
0 300 572 640 
0 300 573 640 
0 300 574 640 
0 300 515 519 575 640 
0 300 514 520 576 640 
0 300 514 521 577 640 
0 300 513 522 579 640 
0 300 512 523 580 640 
0 300 512 525 581 640 
0 300 511 526 582 640 
0 300 510 527 583 640 
0 300 509 528 590 640 
0 300 509 529 594 640 
0 300 510 530 596 640 
0 300 511 532 596 640 
0 300 511 533 597 640 
0 300 512 534 597 640 
0 300 513 535 598 640 
0 300 514 537 598 640 
0 300 515 538 599 640 
0 300 516 539 604 640 
0 301 517 540 608 640 
0 301 517 541 610 640 
0 301 518 542 611 640 
0 301 519 544 612 640 
0 301 519 544 612 640 
0 301 520 545 612 640 
0 301 521 546 613 640 
0 301 521 548 613 640 
0 301 522 549 613 640 
0 301 522 550 614 640 
0 301 522 551 614 640 
0 301 522 552 618 640 
0 301 522 553 620 640 
0 301 522 555 622 640 
0 301 521 556 623 640 
0 301 520 555 623 640 
0 301 520 555 624 640 
0 301 519 554 624 640 
0 301 518 554 624 640 
0 301 517 553 625 640 
0 301 516 552 625 640 
0 301 515 552 625 640 
0 301 514 551 625 640 
0 301 513 551 625 640 
0 301 512 550 626 640 
0 301 510 550 627 640 
0 301 510 549 628 640 
0 301 509 548 628 640 
0 301 507 548 628 640 
0 301 506 547 628 640 
0 301 505 546 628 640 
0 301 508 535 540 542 628 640 
0 301 628 640 
0 302 627 640 
0 302 627 640 
0 302 627 640 
0 302 627 640 
0 302 627 640 
0 302 628 640 
0 302 629 640 
0 302 629 640 
0 302 630 640 
0 302 631 640 
0 302 632 640 
0 302 632 640 
0 302 633 640 
0 302 634 640 
0 302 635 640 
0 302 635 640 
0 302 636 640 
0 302 637 640 
0 302 638 640 
0 302 638 640 
0 302 
0 302 
0 302 
0 302 
0 302 
0 302 
0 302 
0 302 
0 302 600 601 
0 302 597 602 
0 303 597 602 
0 303 595 603 
0 303 595 604 
0 303 594 605 
0 303 592 605 
0 303 592 606 
0 303 590 607 
0 303 589 608 
0 303 587 609 
0 303 586 610 
0 303 584 610 
0 303 582 611 
0 303 581 612 
0 303 450 454 579 613 
0 304 449 459 577 614 
0 304 447 465 577 615 
0 304 446 471 577 615 
0 304 446 476 577 616 
0 304 445 480 576 617 
0 304 444 484 576 618 
0 304 443 489 576 619 
0 304 442 493 576 619 
0 304 442 496 576 620 
0 304 441 500 575 621 
0 304 440 503 575 621 
0 303 439 506 575 622 
0 303 438 509 575 623 
0 303 437 511 575 624 
0 303 436 514 574 624 
0 303 436 516 574 625 
0 302 435 519 574 626 
0 302 434 521 573 626 
0 302 433 523 573 627 
0 302 432 525 573 628 
0 302 431 527 572 629 
0 302 430 530 572 629 
0 301 429 532 572 630 
0 301 428 535 571 631 
0 301 428 536 571 631 
