0 640 
0 640 
0 640 
0 640 
0 640 
0 640 
0 640 
0 640 
0 640 
0 640 
0 640 
0 640 
0 640 
0 640 
0 640 
0 640 
0 640 
0 640 
0 640 
0 640 
0 640 
0 640 
0 640 
0 640 
0 640 
0 640 
0 640 
0 640 
0 640 
0 640 
0 640 
0 640 
0 640 
0 640 
0 640 
0 640 
0 640 
0 640 
0 640 
0 640 
0 640 
0 640 
0 640 
0 640 
0 640 
0 640 
0 640 
0 640 
0 640 
0 640 
0 640 
0 640 
0 640 
0 640 
0 640 
0 640 
0 640 
0 640 
0 640 
0 640 
0 640 
0 640 
0 640 
0 640 
0 640 
0 640 
0 640 
0 640 
0 640 
0 640 
0 640 
0 640 
0 640 
0 640 
0 640 
0 640 
0 640 
0 640 
0 640 
0 640 
0 640 
0 640 
0 640 
0 640 
0 640 
0 640 
0 640 
0 640 
0 640 
0 640 
0 640 
0 640 
0 640 
0 640 
0 317 319 640 
0 317 319 640 
0 313 315 317 321 640 
0 308 322 343 344 640 
0 307 323 640 
0 306 326 340 341 640 
0 305 328 339 340 640 
0 304 330 338 339 640 
0 303 333 336 337 640 
0 302 337 640 
0 301 338 640 
0 300 340 640 
0 299 341 640 
0 298 343 640 
0 297 345 640 
0 280 290 295 346 640 
0 280 347 640 
0 281 347 640 
0 282 348 640 
0 283 347 640 
0 285 348 640 
0 287 348 640 
0 289 349 640 
0 290 349 640 
0 290 349 640 
0 290 349 640 
0 289 349 640 
0 288 349 640 
0 288 350 640 
0 287 350 640 
0 287 351 640 
0 286 352 640 
0 286 353 640 
0 285 353 640 
0 285 352 640 
0 284 352 640 
0 284 352 640 
0 283 352 640 
0 283 353 640 
0 283 354 640 
0 282 356 640 
0 282 357 640 
0 281 359 640 
0 281 360 640 
0 281 362 640 
0 280 362 640 
0 280 351 353 362 640 
0 279 351 359 361 640 
0 279 351 640 
0 279 351 640 
0 278 349 350 351 640 
0 278 348 640 
0 278 348 640 
0 277 347 640 
0 277 347 640 
0 277 345 640 
0 276 338 339 344 640 
0 276 337 340 341 640 
0 276 336 640 
0 275 336 640 
0 275 336 640 
0 275 336 640 
0 274 336 640 
0 274 337 640 
0 274 337 640 
0 273 338 640 
0 273 336 640 
0 272 333 640 
0 272 332 640 
0 272 330 640 
0 271 329 640 
0 271 328 640 
0 270 327 640 
0 270 327 640 
0 269 326 640 
0 269 326 640 
0 269 326 640 
0 268 326 640 
0 267 325 640 
0 267 325 640 
0 266 328 640 
0 266 331 640 
0 266 332 640 
0 265 334 640 
0 264 336 640 
0 264 337 640 
0 263 338 640 
0 263 339 640 
0 262 340 640 
0 262 342 640 
0 261 345 640 
0 261 346 640 
0 260 347 640 
0 260 349 640 
0 259 350 640 
0 258 351 640 
0 258 352 640 
0 257 353 640 
0 257 353 640 
0 257 354 640 
0 256 354 640 
0 256 354 640 
0 255 355 640 
0 255 355 640 
0 254 355 640 
0 254 355 640 
0 254 355 640 
0 253 355 640 
0 253 356 640 
0 252 357 640 
0 251 357 640 
0 251 358 640 
0 251 358 640 
0 250 359 640 
0 250 359 640 
0 250 359 640 
0 249 359 640 
0 249 359 640 
0 248 359 640 
0 248 360 640 
0 248 361 640 
0 248 361 640 
0 248 336 337 362 640 
0 248 336 338 362 640 
0 247 336 338 363 640 
0 247 336 339 363 640 
0 247 337 341 364 640 
0 247 337 342 364 640 
0 247 337 343 365 640 
0 247 337 345 365 640 
0 247 337 346 366 640 
0 247 337 347 366 640 
0 246 284 285 337 348 366 640 
0 246 283 285 337 349 367 640 
0 246 283 285 337 348 367 640 
0 246 283 285 337 348 367 640 
0 246 283 285 337 347 367 640 
0 245 283 285 337 347 367 640 
0 245 282 285 337 346 366 640 
0 245 282 285 337 346 366 640 
0 246 282 285 337 345 366 640 
0 246 282 285 336 345 365 640 
0 246 281 284 336 345 365 640 
0 246 281 284 336 344 364 640 
0 246 281 284 336 344 363 640 
0 246 280 284 336 343 363 640 
0 246 280 283 336 343 362 640 
0 246 280 283 336 342 362 640 
0 247 279 283 336 342 361 640 
0 248 279 283 336 342 360 640 
0 248 279 283 336 341 360 640 
0 248 279 282 336 341 360 640 
0 248 279 282 336 340 359 640 
0 247 279 282 336 340 358 640 
0 247 279 282 336 340 358 640 
0 247 279 282 336 339 357 640 
0 247 279 282 336 339 356 640 
0 247 279 282 356 640 
0 247 279 281 355 640 
0 247 354 640 
0 247 354 640 
0 248 355 640 
0 248 355 640 
0 248 355 640 
0 248 354 640 
0 248 354 640 
0 248 354 640 
0 251 353 640 
0 252 352 640 
0 252 352 640 
0 252 352 640 
0 253 351 640 
0 253 350 640 
0 253 350 640 
0 253 349 640 
0 253 349 640 
0 253 348 640 
0 253 348 640 
0 253 347 640 
0 254 346 640 
0 254 346 640 
0 254 346 640 
0 254 347 640 
0 254 347 640 
0 255 347 640 
0 255 347 640 
0 255 347 640 
0 256 348 640 
0 256 348 640 
0 257 348 640 
0 257 348 640 
0 258 349 640 
0 260 349 640 
0 267 350 640 
0 267 350 640 
0 267 351 640 
0 266 351 640 
0 266 351 640 
0 265 352 640 
0 265 352 640 
0 264 353 640 
0 264 353 640 
0 263 353 640 
0 263 354 640 
0 262 354 640 
0 262 355 640 
0 261 355 640 
0 261 355 640 
0 261 356 640 
0 260 356 640 
0 260 357 640 
0 259 357 640 
0 259 357 640 
0 258 357 640 
0 258 358 640 
0 258 358 640 
0 257 359 640 
0 257 359 640 
0 256 359 640 
0 255 360 640 
0 254 360 640 
0 254 361 640 
0 253 261 263 361 640 
0 252 259 263 361 640 
0 252 260 262 361 640 
0 251 260 262 362 640 
0 250 362 640 
0 250 362 640 
0 251 363 640 
0 252 363 640 
0 252 363 640 
0 252 363 640 
0 253 363 640 
0 253 364 640 
0 253 364 640 
0 254 257 258 365 640 
0 258 365 640 
0 258 365 640 
0 257 365 640 
0 257 366 640 
0 256 366 640 
0 256 366 640 
0 255 366 640 
0 255 366 640 
0 255 367 640 
0 254 367 640 
0 254 368 640 
0 253 368 640 
0 253 369 640 
0 252 369 640 
0 252 370 640 
0 251 370 640 
0 251 367 640 
0 250 367 640 
0 250 366 640 
0 249 366 640 
0 249 366 640 
0 248 366 640 
0 248 367 370 372 640 
0 247 372 640 
0 247 373 640 
0 246 373 640 
0 246 374 640 
0 245 374 640 
0 245 374 640 
0 244 375 640 
0 243 375 640 
0 243 376 640 
0 242 376 640 
0 242 375 640 
0 241 374 640 
0 241 372 640 
0 240 372 640 
0 240 373 640 
0 239 373 640 
0 239 374 640 
0 238 374 640 
0 238 375 640 
0 237 375 640 
0 237 376 640 
0 236 376 640 
0 236 377 640 
0 235 377 640 
0 235 377 640 
0 234 377 640 
0 234 378 640 
0 233 378 640 
0 233 378 640 
0 232 379 640 
0 232 379 640 
0 231 380 640 
0 231 380 640 
0 231 380 640 
0 230 381 640 
0 230 381 640 
0 229 381 640 
0 229 382 640 
0 228 382 640 
0 228 382 640 
0 228 383 640 
0 227 383 640 
0 227 383 640 
0 226 384 640 
0 226 384 640 
0 226 385 640 
0 225 385 640 
0 225 386 640 
0 224 386 640 
0 224 386 640 
0 224 387 640 
0 223 387 640 
0 223 387 640 
0 223 387 640 
0 222 388 640 
0 222 388 640 
0 222 389 640 
0 222 389 640 
0 221 390 640 
0 221 390 640 
0 221 391 640 
0 221 391 640 
0 221 392 640 
0 221 392 640 
0 221 392 640 
0 222 393 640 
0 222 393 640 
0 222 394 640 
0 223 394 640 
0 223 395 640 
0 224 395 640 
0 224 394 640 
0 225 393 640 
0 225 390 640 
0 226 388 640 
0 227 388 640 
0 227 388 640 
0 228 388 640 
0 229 389 640 
0 230 389 640 
0 231 390 640 
0 231 391 640 
0 232 391 640 
0 232 385 387 391 640 
0 232 384 390 391 640 
0 232 384 640 
0 232 384 640 
0 232 383 640 
0 232 361 367 383 640 
0 232 359 371 382 640 
0 232 358 374 382 640 
0 232 357 377 380 640 
0 232 355 640 
0 232 354 640 
0 232 353 640 
0 234 352 640 
0 235 352 640 
0 239 325 328 352 640 
0 241 322 328 352 640 
0 242 321 328 352 640 
0 243 318 329 352 640 
0 244 317 329 352 640 
0 244 315 329 352 640 
0 245 313 329 352 640 
0 245 312 329 352 640 
0 246 311 329 352 640 
0 247 310 330 352 640 
0 247 308 330 352 640 
0 248 306 330 352 640 
0 249 305 330 352 640 
0 250 277 291 301 330 352 640 
0 250 276 297 299 330 352 640 
0 251 275 330 352 640 
0 251 275 330 352 640 
0 250 275 331 352 640 
0 250 274 331 352 640 
0 250 274 331 352 640 
0 251 274 331 352 640 
0 251 273 332 352 640 
0 251 273 332 352 640 
0 251 273 331 353 640 
0 251 273 329 354 640 
0 250 272 328 355 640 
0 250 272 328 355 640 
0 250 272 329 355 640 
0 250 272 329 355 640 
0 250 272 329 355 640 
