0 640 
0 640 
0 640 
0 640 
0 640 
0 640 
0 640 
0 640 
0 640 
0 640 
0 640 
0 640 
0 640 
0 640 
0 640 
0 640 
0 640 
0 640 
0 640 
0 640 
0 640 
0 640 
0 640 
0 640 
0 640 
0 640 
0 640 
0 640 
0 640 
0 640 
0 640 
0 640 
0 640 
0 640 
0 640 
0 640 
0 640 
0 640 
0 640 
0 640 
0 640 
0 640 
0 640 
0 640 
0 640 
0 640 
0 640 
0 640 
0 640 
0 640 
0 640 
0 640 
0 640 
0 320 329 640 
0 316 332 640 
0 312 334 640 
0 309 335 640 
0 306 337 640 
0 303 338 640 
0 301 339 640 
0 299 340 640 
0 297 342 640 
0 296 343 640 
0 292 344 640 
0 290 345 640 
0 288 346 640 
0 286 347 640 
0 285 349 378 386 640 
0 283 350 373 388 640 
0 281 351 369 389 640 
0 280 352 364 389 640 
0 278 353 361 389 640 
0 277 354 358 389 640 
0 275 388 640 
0 274 387 640 
0 273 387 640 
0 272 386 640 
0 270 385 640 
0 269 384 640 
0 269 383 640 
0 268 382 640 
0 267 381 640 
0 267 379 640 
0 266 378 640 
0 265 377 640 
0 265 376 640 
0 265 374 640 
0 265 373 640 
0 264 371 640 
0 264 370 640 
0 264 368 640 
0 264 367 640 
0 264 367 640 
0 264 367 640 
0 264 367 640 
0 264 368 640 
0 264 369 640 
0 264 370 640 
0 264 371 640 
0 264 371 640 
0 264 372 640 
0 264 373 640 
0 264 374 640 
0 264 375 640 
0 264 376 640 
0 264 377 640 
0 264 377 640 
0 264 378 640 
0 264 379 640 
0 264 380 640 
0 264 381 640 
0 264 376 378 379 640 
0 264 376 640 
0 264 376 640 
0 263 377 640 
0 263 377 640 
0 263 378 640 
0 263 378 640 
0 263 378 640 
0 262 378 640 
0 261 378 640 
0 260 374 375 377 640 
0 258 374 376 377 640 
0 257 374 376 377 640 
0 256 373 640 
0 255 373 640 
0 253 370 371 373 640 
0 252 370 371 372 640 
0 251 369 371 372 640 
0 250 369 640 
0 249 367 640 
0 248 366 640 
0 247 366 640 
0 246 365 640 
0 245 364 640 
0 245 364 640 
0 244 365 640 
0 244 365 640 
0 243 366 640 
0 244 367 640 
0 245 262 264 368 640 
0 245 257 264 369 640 
0 248 251 264 371 640 
0 264 372 640 
0 264 372 640 
0 264 371 640 
0 264 370 640 
0 264 369 640 
0 264 368 640 
0 264 367 640 
0 264 366 640 
0 263 366 640 
0 262 366 640 
0 260 366 640 
0 258 366 640 
0 257 366 640 
0 256 365 640 
0 254 365 640 
0 253 364 640 
0 253 363 640 
0 252 363 640 
0 251 362 640 
0 250 362 640 
0 250 361 640 
0 185 232 249 360 640 
0 175 240 248 360 640 
0 168 360 640 
0 163 359 640 
0 158 359 640 
0 8 14 154 359 640 
0 5 15 150 358 640 
0 3 16 146 358 640 
0 1 16 144 357 640 
16 141 356 640 
16 139 356 640 
16 136 356 640 
15 134 355 640 
15 132 355 640 
14 130 355 640 
14 128 355 640 
13 126 354 640 
12 124 354 640 
11 122 353 640 
10 120 353 640 
9 117 352 640 
8 114 185 221 351 640 
8 110 174 234 351 640 
8 104 167 244 351 640 
9 96 161 250 350 640 
10 87 158 253 350 640 
154 254 350 640 
151 254 349 640 
148 255 349 640 
146 256 351 640 
144 257 354 640 
141 258 357 640 
139 258 359 640 
137 259 362 640 
136 261 364 640 
134 262 366 640 
133 263 369 640 
131 264 372 640 
130 266 374 640 
128 267 377 387 390 640 
127 269 379 385 392 640 
125 271 381 384 394 640 
123 273 395 640 
122 276 397 640 
120 289 399 640 
119 289 402 640 
117 289 404 640 
0 3 114 289 405 640 
0 5 112 289 406 640 
0 8 109 289 409 640 
0 8 106 289 413 640 
0 8 101 289 415 640 
0 8 95 289 416 640 
0 8 88 288 419 640 
0 8 85 288 422 640 
0 8 84 288 423 640 
0 8 84 288 424 640 
0 8 84 288 425 640 
0 8 83 288 425 640 
0 8 83 288 365 367 425 640 
0 8 83 288 365 369 425 640 
0 8 83 288 366 371 425 640 
0 8 83 288 367 374 425 640 
0 8 83 288 368 375 427 640 
0 8 83 288 368 375 429 640 
0 8 82 287 368 376 431 640 
0 8 82 287 368 376 433 640 
0 8 82 287 369 376 435 640 
0 7 82 287 369 377 436 640 
0 7 82 287 370 377 438 640 
0 7 82 288 290 291 370 377 439 640 
0 7 82 287 290 292 371 377 441 640 
0 7 82 287 290 292 372 378 443 640 
0 7 82 288 290 293 372 378 445 640 
0 7 82 288 290 293 373 378 446 640 
0 7 82 288 289 293 373 378 448 640 
0 7 82 293 374 378 450 640 
0 7 81 293 374 378 451 640 
0 7 81 293 375 377 453 640 
0 7 81 293 373 376 454 640 
0 7 81 293 373 375 456 640 
0 6 81 293 374 375 457 640 
0 6 81 293 459 468 473 640 
0 6 81 294 460 467 474 640 
0 6 81 294 418 421 462 466 475 640 
0 6 81 294 417 422 475 640 
0 6 81 294 417 424 475 640 
0 6 81 294 416 426 475 478 482 640 
0 6 80 294 415 428 483 640 
0 6 80 294 415 429 484 640 
0 6 80 294 414 431 484 640 
0 6 80 294 415 433 484 640 
0 6 80 294 416 435 484 640 
0 6 80 295 417 436 483 640 
0 6 80 295 418 438 483 486 490 640 
0 6 80 295 419 440 490 640 
0 6 80 295 420 441 491 640 
0 6 80 295 421 443 491 640 
0 6 80 295 422 444 491 640 
0 6 80 295 422 446 491 640 
0 6 80 295 422 447 491 640 
0 6 80 295 423 449 491 640 
0 6 80 296 423 450 493 640 
0 6 80 296 422 451 495 640 
0 6 80 296 421 451 496 640 
0 6 80 296 421 450 496 640 
0 6 80 296 420 450 495 640 
0 6 80 296 419 449 495 640 
0 6 80 297 418 449 495 640 
0 6 80 297 417 448 495 640 
0 6 80 297 416 448 496 640 
0 6 80 297 415 447 497 640 
0 6 81 297 414 447 498 640 
0 6 81 297 413 445 499 640 
0 6 81 297 413 442 500 640 
0 6 81 297 411 440 501 640 
0 6 81 298 410 437 502 640 
0 6 81 298 409 435 503 640 
0 6 81 298 408 433 505 640 
0 6 81 298 407 430 506 640 
0 6 81 298 406 428 506 640 
0 6 81 298 405 425 508 640 
0 6 81 298 404 421 509 640 
0 6 81 298 403 418 510 640 
0 7 81 299 402 413 511 640 
0 7 81 299 401 408 512 640 
0 7 81 299 400 403 513 640 
0 7 81 299 482 484 514 640 
0 7 81 299 481 485 515 640 
0 7 81 299 480 486 516 640 
0 7 81 299 479 487 517 640 
0 7 81 299 478 488 518 640 
0 7 81 299 478 489 519 640 
0 7 81 300 477 490 520 640 
0 7 81 300 475 492 521 640 
0 7 81 300 474 493 522 640 
0 7 81 300 473 494 522 640 
0 8 81 300 472 495 523 640 
0 8 81 300 472 496 524 640 
0 8 81 300 471 497 525 640 
0 8 82 300 471 498 526 640 
0 8 82 300 471 499 527 640 
0 8 82 300 471 500 528 640 
0 8 82 300 471 501 529 640 
0 8 82 301 471 502 530 640 
0 8 82 301 471 503 530 640 
0 8 82 301 471 504 531 640 
0 8 82 301 470 505 532 640 
0 8 82 301 470 506 533 640 
0 8 82 301 470 507 534 640 
0 9 82 301 470 508 534 640 
0 9 82 301 470 509 535 640 
0 9 82 302 469 510 536 640 
0 9 82 302 469 511 537 640 
0 9 82 302 468 512 538 640 
0 9 82 302 468 513 539 640 
0 9 82 302 430 440 466 514 539 640 
0 9 82 302 418 448 465 515 540 640 
0 9 82 302 375 378 411 516 541 640 
0 9 82 302 375 379 405 516 542 640 
0 9 82 302 374 381 402 517 543 640 
0 10 82 302 373 383 397 518 543 640 
0 10 82 302 373 385 393 519 544 640 
0 10 82 302 372 520 545 640 
0 10 82 302 371 521 545 640 
0 10 82 302 371 522 546 640 
0 10 82 302 370 523 547 640 
0 10 82 302 370 523 548 640 
0 10 82 302 369 524 548 640 
0 10 82 302 368 525 549 640 
0 11 83 302 368 526 550 640 
0 11 83 302 367 527 551 640 
0 11 83 302 367 527 551 640 
0 11 83 302 367 528 552 640 
0 12 83 302 367 529 553 640 
0 12 83 302 367 529 553 640 
0 12 83 302 368 530 554 640 
0 12 83 301 368 531 555 640 
0 12 83 301 368 532 555 640 
0 12 83 301 368 532 556 640 
0 12 83 300 368 533 557 640 
0 12 83 300 368 534 557 640 
0 13 83 300 368 534 558 640 
0 13 83 299 368 535 559 640 
0 13 83 299 368 536 559 640 
0 13 83 299 368 537 560 640 
0 13 83 298 369 537 560 640 
0 13 83 298 369 538 561 640 
0 13 83 297 369 539 562 640 
0 13 83 296 369 539 562 640 
0 14 84 296 369 540 563 640 
0 14 84 295 369 541 564 640 
0 14 84 295 369 541 564 640 
0 14 84 294 369 542 565 640 
0 14 84 293 370 543 565 640 
0 14 84 293 370 543 566 640 
0 15 84 292 370 544 567 640 
0 15 84 291 370 544 567 640 
0 15 84 291 370 545 568 640 
0 15 84 290 370 546 568 640 
0 15 84 289 371 546 569 640 
0 16 84 289 371 547 570 640 
0 16 84 288 371 548 570 640 
0 16 84 287 371 548 571 640 
0 16 84 287 371 549 571 640 
0 16 84 286 371 549 572 640 
0 17 85 285 372 550 573 640 
0 17 85 285 372 550 573 640 
0 17 85 284 372 551 574 640 
0 17 85 283 372 552 574 640 
0 17 85 282 372 552 575 640 
0 17 85 282 373 553 576 640 
0 18 85 281 373 553 576 640 
0 18 85 280 373 554 577 640 
0 18 85 280 373 554 577 640 
0 18 85 279 373 555 578 640 
0 18 85 278 373 555 579 640 
0 18 85 278 374 556 579 640 
0 19 86 277 374 557 580 640 
0 19 86 276 374 557 580 640 
0 19 86 276 374 558 581 640 
0 19 86 275 374 559 582 640 
0 19 86 275 375 559 582 640 
0 20 86 274 375 560 583 640 
0 20 86 273 375 560 584 640 
0 20 86 273 375 561 585 640 
0 20 86 272 375 561 585 640 
0 21 87 272 375 562 586 640 
0 21 87 271 375 563 587 640 
0 21 87 270 376 563 587 640 
0 21 87 270 376 563 588 640 
0 22 87 269 376 564 589 640 
0 22 87 269 376 565 590 640 
0 22 87 268 376 565 591 640 
0 22 87 268 376 566 593 640 
0 22 88 268 376 567 594 640 
0 23 88 267 376 567 598 640 
0 23 88 267 377 568 608 640 
0 23 88 266 377 568 610 640 
0 23 88 265 377 569 611 640 
0 24 88 265 377 570 612 640 
0 24 88 265 377 570 613 640 
0 24 89 264 377 571 613 640 
0 24 89 264 377 572 614 640 
0 25 89 264 377 572 615 640 
0 25 89 263 377 573 615 640 
0 25 89 263 377 573 615 640 
0 25 89 262 378 574 616 640 
0 26 90 262 378 575 616 640 
0 26 90 262 378 576 617 640 
0 26 90 261 378 577 617 640 
0 27 90 261 378 577 617 640 
0 27 90 260 378 578 618 640 
0 27 90 260 378 579 618 640 
0 27 91 260 378 579 618 640 
0 28 91 259 378 580 619 640 
0 28 91 259 378 581 619 640 
0 28 91 259 378 582 619 640 
0 29 91 258 378 582 619 640 
0 29 92 258 378 583 619 640 
0 29 92 258 378 584 620 640 
0 30 92 258 378 585 620 640 
0 30 92 257 379 586 620 640 
0 30 92 257 379 587 620 640 
0 30 93 257 379 588 620 640 
0 31 93 256 379 589 620 640 
0 31 93 256 379 590 620 640 
0 31 93 256 379 591 620 640 
0 32 94 255 379 592 620 640 
0 32 94 255 379 593 620 640 
0 32 94 255 379 594 620 640 
0 33 94 254 379 595 620 640 
0 33 95 254 379 597 620 640 
0 33 95 254 379 598 620 640 
0 34 95 254 379 600 620 640 
0 34 95 253 379 601 619 640 
0 34 96 253 379 603 619 640 
0 35 96 253 379 605 618 640 
0 35 96 252 379 607 617 640 
0 35 96 252 379 610 616 640 
0 36 97 252 379 613 614 640 
0 36 97 251 380 640 
0 37 97 251 380 640 
0 37 97 251 380 640 
0 37 98 250 380 640 
0 38 98 250 380 640 
0 38 98 250 380 640 
0 39 99 250 380 640 
0 39 99 249 380 640 
0 39 99 249 380 640 
0 40 100 249 380 640 
0 40 100 248 380 640 
0 41 100 248 380 640 
0 41 101 248 380 640 
0 42 101 247 380 640 
0 42 101 247 380 640 
0 42 101 247 380 640 
0 43 102 247 380 640 
0 43 102 246 380 640 
0 43 102 246 380 640 
0 44 103 245 380 640 
0 45 103 245 381 640 
0 45 104 245 381 640 
0 46 104 245 381 640 
0 46 104 244 381 640 
0 47 105 244 381 640 
0 47 105 243 381 640 
0 48 105 243 381 640 
0 48 106 243 381 640 
0 48 106 243 381 640 
0 49 107 242 381 640 
0 49 107 242 381 640 
0 50 107 241 381 640 
0 50 108 241 381 640 
0 51 108 240 381 640 
0 51 108 240 381 640 
