


















































































































































































































































































307 337 
300 343 
295 348 
291 352 
288 355 
284 359 
281 362 
278 365 
275 368 
272 370 
269 373 
267 376 
264 378 
262 380 
260 382 
258 385 
255 387 
253 389 
251 391 
250 392 
248 395 
246 396 
244 398 
205 228 243 399 412 435 
200 232 242 401 408 439 
196 236 240 402 405 443 
194 447 
192 449 
189 451 
187 453 
185 455 
184 457 
182 459 
181 460 
179 461 
178 463 
176 464 
175 465 
174 467 
173 468 
172 469 
171 470 
170 471 
169 472 
167 473 
166 474 
165 475 
164 476 
163 477 
163 478 
162 479 
161 479 
160 480 
159 481 
158 482 
157 483 
157 483 
156 484 
155 485 
155 485 
154 486 
153 487 
152 487 
152 488 
151 489 
150 489 
150 490 
149 491 
148 491 
147 492 
147 493 
146 493 
146 494 
145 494 
144 495 
144 495 
143 496 
142 496 
142 497 
141 497 
141 498 
140 499 
140 499 
139 499 
139 500 
138 500 
137 501 
137 501 
136 502 
136 502 
135 503 
135 503 
135 503 
134 504 
134 504 
133 505 
132 505 
132 506 
131 506 
131 506 
130 507 
130 507 
130 508 
129 508 
129 508 
128 509 
128 509 
127 510 
127 510 
127 510 
126 511 
126 511 
125 511 
125 512 
125 512 
124 512 
124 513 
123 513 
123 513 
122 514 
122 514 
122 514 
121 515 
121 515 
121 515 
120 516 
120 516 
120 516 
120 516 
119 517 
119 517 
118 517 
118 518 
118 518 
117 518 
117 519 
117 519 
116 519 
116 519 
116 520 
115 520 
115 520 
115 520 
115 521 
115 521 
114 521 
114 521 
114 522 
113 522 
113 522 
113 522 
112 522 
112 523 
112 523 
112 523 
112 523 
112 523 
111 524 
111 524 
111 524 
111 524 
111 524 
110 525 
110 525 
110 525 
110 525 
110 525 
110 525 
109 525 
109 525 
109 525 
109 525 
109 526 
109 526 
109 526 
108 526 
108 526 
108 526 
108 526 
108 527 
108 527 
108 527 
108 527 
108 527 
108 527 
107 528 
107 528 
107 528 
107 528 
107 528 
107 528 
107 528 
107 528 
107 528 
107 528 
107 528 
107 528 
107 528 
107 528 
107 528 
107 528 
108 528 
108 528 
108 528 
108 528 
