






















































































































































































































































0 4 7 8 28 44 551 640 
0 92 528 640 
0 107 520 608 
40 128 505 565 
69 149 492 536 
96 167 480 518 
123 125 128 182 468 500 
149 196 456 488 
170 212 442 472 
192 227 427 456 
210 245 410 442 
229 264 388 424 
247 382 384 385 388 406 
274 288 289 359 



























































































































































































































