0 365 399 640 
0 365 400 640 
0 365 400 640 
0 365 399 640 
0 365 399 640 
0 363 399 640 
0 362 400 640 
0 34 36 363 402 640 
0 33 37 364 403 640 
0 31 37 364 404 640 
0 31 37 364 403 640 
0 362 401 640 
0 361 401 640 
0 360 401 640 
0 360 402 640 
0 361 403 640 
0 363 404 640 
0 363 405 640 
0 363 405 640 
0 363 400 640 
0 362 400 640 
0 361 400 640 
0 361 401 640 
0 361 364 366 401 640 
0 361 362 366 402 640 
0 366 396 398 402 640 
0 365 396 399 402 640 
0 365 396 640 
0 365 396 640 
0 364 396 640 
0 364 397 640 
0 365 366 368 390 392 397 640 
0 368 390 393 397 640 
0 368 390 394 397 640 
0 368 390 640 
0 367 390 640 
0 367 385 387 389 640 
0 367 384 387 389 640 
0 366 383 640 
0 366 383 640 
0 365 382 640 
0 364 381 640 
0 363 381 640 
0 363 381 640 
0 362 380 640 
0 362 380 640 
0 362 380 640 
0 361 380 640 
0 360 379 640 
0 359 379 640 
0 357 379 640 
0 356 379 640 
0 355 380 640 
0 355 381 640 
0 354 381 640 
0 354 382 640 
0 353 382 640 
0 353 383 640 
0 353 383 640 
0 353 383 640 
0 353 383 640 
0 352 383 640 
0 352 383 640 
0 55 56 352 383 640 
0 55 58 352 383 640 
0 56 57 352 383 640 
0 352 382 640 
0 352 382 640 
0 352 382 640 
0 352 382 640 
0 351 381 640 
0 351 381 640 
0 351 381 640 
0 351 381 640 
0 351 380 640 
0 351 380 640 
0 350 380 640 
0 350 379 640 
0 350 379 640 
0 350 379 640 
0 350 378 640 
0 350 378 640 
0 349 378 640 
0 348 378 640 
0 345 377 640 
0 342 377 640 
0 340 377 640 
0 338 377 640 
0 336 377 640 
0 334 377 640 
0 333 377 640 
0 332 378 640 
0 331 379 640 
0 330 380 640 
0 329 381 640 
0 328 382 640 
0 327 384 640 
0 326 384 640 
0 325 385 640 
0 324 386 640 
0 323 387 640 
0 323 388 640 
0 322 388 640 
0 321 389 640 
0 320 390 640 
0 320 391 640 
0 319 391 640 
0 319 392 640 
0 318 392 640 
0 318 392 640 
0 317 392 640 
0 317 393 640 
0 18 21 317 393 640 
0 16 21 316 393 640 
0 14 21 316 393 640 
0 13 17 316 393 640 
0 13 14 316 393 640 
0 316 393 640 
0 316 394 640 
0 316 394 640 
0 316 394 640 
0 316 394 640 
0 316 390 392 394 640 
0 316 390 392 394 640 
0 316 390 392 395 640 
0 316 390 392 395 640 
0 316 394 640 
0 316 392 640 
0 316 391 640 
0 316 391 640 
0 316 390 640 
0 316 390 640 
0 316 390 640 
0 316 390 640 
0 316 391 640 
0 317 391 640 
0 317 391 640 
0 317 391 640 
0 317 390 640 
0 317 390 640 
0 317 390 640 
0 318 391 640 
0 318 391 640 
0 318 392 640 
0 318 392 640 
0 318 393 640 
0 20 21 318 388 640 
0 20 21 318 387 640 
0 19 21 318 387 640 
0 19 21 317 387 640 
0 19 20 317 387 640 
0 19 20 317 387 640 
0 18 20 318 381 385 387 640 
0 18 19 318 381 385 387 640 
0 18 19 318 381 385 386 640 
0 318 381 640 
0 318 377 379 381 640 
0 318 377 380 381 640 
0 318 379 640 
0 318 379 640 
0 317 379 640 
0 317 379 640 
0 317 379 640 
0 317 379 640 
0 317 379 640 
0 316 379 640 
0 316 379 640 
0 316 379 640 
0 316 379 640 
0 316 377 378 380 640 
0 316 377 640 
0 319 377 640 
0 319 377 640 
0 319 371 372 377 640 
0 319 376 640 
0 319 329 330 376 640 
0 319 329 330 331 334 375 640 
0 319 330 334 375 640 
0 319 320 321 329 335 374 640 
0 321 329 336 374 640 
0 321 330 336 375 640 
0 322 330 336 377 640 
0 322 330 336 378 640 
0 326 329 336 379 640 
0 336 380 640 
0 336 382 640 
0 336 383 640 
0 335 385 640 
0 335 385 640 
0 335 386 640 
0 335 387 640 
0 335 388 640 
0 335 388 640 
0 335 389 640 
0 336 390 640 
0 336 390 640 
0 336 391 640 
0 336 392 640 
0 336 393 640 
0 336 395 640 
0 337 396 640 
0 337 396 640 
0 337 397 640 
0 337 398 640 
0 337 398 640 
0 337 400 640 
0 337 400 640 
0 337 402 640 
0 336 403 640 
0 336 403 640 
0 335 405 569 570 640 
0 334 406 568 570 640 
0 333 406 568 570 640 
0 332 407 568 570 640 
0 332 408 567 570 640 
0 331 408 567 570 640 
0 330 409 566 570 640 
0 329 409 566 569 640 
0 328 410 566 568 640 
0 267 268 327 410 640 
0 260 271 326 411 640 
0 262 273 325 411 640 
0 265 273 325 411 640 
0 269 270 324 411 640 
0 323 411 640 
0 322 411 640 
0 321 411 640 
0 320 411 640 
0 320 411 640 
0 318 411 640 
0 317 411 640 
0 316 410 640 
0 316 410 640 
0 315 410 640 
0 314 341 343 409 640 
0 313 340 343 409 640 
0 313 339 343 409 640 
0 312 338 343 408 640 
0 311 337 343 408 640 
0 310 336 343 408 640 
0 309 336 343 407 640 
0 308 335 343 407 640 
0 307 334 343 407 640 
0 306 333 343 406 640 
0 306 332 343 406 640 
0 305 331 343 406 640 
0 304 330 343 405 640 
0 304 329 343 405 640 
0 303 328 342 405 640 
0 303 327 342 404 640 
0 302 326 342 404 640 
0 302 325 342 403 640 
0 301 325 342 403 640 
0 301 325 342 403 640 
0 301 326 341 403 640 
0 301 327 341 403 640 
0 301 327 341 403 640 
0 301 328 341 403 640 
0 301 328 340 403 640 
0 302 329 340 403 640 
0 302 329 339 403 640 
0 303 330 339 403 640 
0 303 330 338 403 640 
0 304 330 338 403 640 
0 304 330 337 403 640 
0 305 329 337 403 640 
0 305 329 336 403 640 
0 305 328 336 403 640 
0 305 328 336 337 338 404 640 
0 306 327 342 404 640 
0 306 327 348 404 640 
0 306 326 357 404 640 
0 307 326 359 405 640 
0 307 326 360 405 640 
0 308 327 360 405 640 
0 310 327 360 405 640 
0 311 327 359 405 640 
0 311 327 359 406 640 
0 312 327 359 407 640 
0 312 327 359 408 640 
0 312 328 359 409 640 
0 312 328 359 410 640 
0 313 328 359 410 640 
0 313 328 359 410 640 
0 313 328 358 409 640 
0 312 328 358 408 640 
0 312 328 357 408 640 
0 313 328 357 408 640 
0 314 328 356 408 640 
0 314 328 355 408 640 
0 314 328 354 409 640 
0 314 317 318 328 353 409 640 
0 137 142 315 316 319 328 353 409 640 
0 134 143 315 316 319 328 352 409 640 
0 133 144 314 315 319 327 351 410 640 
0 134 144 319 327 351 410 640 
0 135 144 319 327 350 410 640 
0 136 143 319 326 349 410 640 
0 137 141 320 321 323 325 348 410 640 
0 319 325 348 411 640 
0 319 325 347 411 640 
0 321 325 346 411 640 
0 318 320 322 325 345 411 640 
0 318 324 344 411 640 
0 318 324 344 411 640 
0 321 323 343 412 640 
0 60 61 321 323 342 412 640 
0 59 62 319 323 341 412 640 
0 59 62 320 322 341 412 640 
0 59 62 320 321 340 412 640 
0 58 62 339 413 640 
0 58 62 339 413 640 
0 57 63 338 413 640 
0 57 62 337 413 640 
0 58 62 336 413 640 
0 58 61 336 414 640 
0 59 61 335 414 640 
0 59 60 335 414 640 
0 334 414 640 
0 333 414 640 
0 333 415 640 
0 332 415 640 
0 331 415 640 
0 330 415 640 
0 330 415 640 
0 329 415 640 
0 329 416 640 
0 328 416 640 
0 328 416 640 
0 327 416 640 
0 326 416 640 
0 326 416 640 
0 325 417 640 
0 324 417 640 
0 324 417 640 
0 323 417 640 
0 322 417 640 
0 322 417 640 
0 321 418 640 
0 320 418 640 
0 320 418 640 
0 319 418 640 
0 85 87 318 418 640 
0 83 87 318 418 640 
0 82 86 317 419 640 
0 81 86 316 419 640 
0 80 86 315 419 640 
0 80 85 315 419 640 
0 79 84 314 420 640 
0 79 83 313 420 640 
0 79 82 313 420 640 
0 79 81 312 420 640 
0 79 80 311 420 640 
0 310 420 640 
0 310 421 640 
0 309 421 640 
0 308 421 640 
0 307 421 640 
0 306 421 640 
0 305 421 640 
0 304 422 640 
0 304 422 640 
0 303 422 640 
0 302 422 640 
0 301 422 640 
0 300 422 640 
0 299 422 640 
0 298 423 640 
0 297 423 640 
0 296 423 640 
0 295 423 640 
0 294 423 640 
0 293 423 640 
0 292 424 640 
0 290 424 640 
0 289 424 640 
0 288 424 640 
0 287 425 640 
0 286 425 640 
0 284 425 640 
0 283 425 640 
0 282 425 640 
0 280 425 640 
0 279 425 640 
0 278 426 640 
0 277 426 640 
0 275 426 640 
0 274 426 640 
0 272 426 640 
0 271 426 640 
0 269 427 640 
0 268 427 640 
0 267 427 640 
0 265 427 640 
0 264 427 640 
0 263 427 640 
0 262 427 640 
0 260 427 640 
0 259 428 640 
0 258 428 640 
0 256 428 640 
0 255 428 640 
0 254 428 640 
0 252 428 640 
0 251 428 640 
0 250 429 640 
0 248 429 640 
0 247 429 640 
0 246 429 640 
0 244 430 640 
0 243 430 640 
0 242 430 640 
0 241 430 640 
0 143 145 240 430 640 
0 141 144 238 430 640 
0 237 430 640 
0 236 431 640 
0 235 431 640 
0 234 431 640 
0 234 431 640 
0 232 431 640 
0 232 432 640 
0 231 432 640 
0 230 432 640 
0 229 432 640 
0 229 432 640 
0 228 432 640 
0 228 433 640 
0 228 433 640 
0 229 433 640 
0 230 433 640 
0 29 31 230 434 640 
0 28 30 231 434 640 
0 27 29 231 434 640 
0 26 28 230 435 640 
0 26 27 229 435 640 
0 228 435 640 
0 227 435 640 
0 227 436 640 
0 226 436 640 
0 225 436 640 
0 224 436 640 
0 224 436 640 
0 223 437 640 
0 222 437 640 
0 222 437 640 
0 221 438 640 
0 221 438 640 
0 221 438 640 
0 225 438 640 
0 227 438 640 
0 228 439 640 
0 229 439 640 
0 229 439 640 
0 229 440 640 
0 240 440 640 
0 241 440 640 
0 242 440 640 
0 243 440 640 
0 244 441 640 
0 245 441 640 
0 246 441 640 
0 246 441 640 
0 247 441 640 
0 248 442 640 
0 249 442 640 
0 250 442 640 
0 253 442 640 
0 255 442 640 
0 257 443 640 
0 261 443 640 
0 264 443 640 
0 265 443 640 
0 272 443 640 
0 276 443 640 
0 279 443 640 
0 281 442 640 
0 282 441 640 
0 283 440 640 
0 284 440 640 
