491 640 
491 640 
491 640 
491 640 
491 640 
491 640 
491 640 
491 640 
491 640 
491 640 
489 640 
486 640 
483 640 
479 640 
476 640 
472 640 
468 640 
464 640 
461 640 
459 640 
457 640 
456 640 
455 640 
454 640 
453 640 
453 640 
452 640 
452 640 
452 640 
452 640 
452 640 
452 640 
453 640 
453 640 
454 640 
455 640 
455 640 
456 640 
457 640 
458 640 
459 640 
460 640 
461 640 
462 640 
463 640 
464 640 
465 640 
466 640 
468 640 
469 640 
470 640 
470 640 
470 640 
469 640 
469 474 475 640 
468 473 475 640 
468 472 475 640 
467 471 475 640 
467 470 474 640 
466 469 474 640 
466 468 474 640 
473 640 
473 640 
473 640 
473 640 
473 640 
472 640 
472 640 
472 640 
472 640 
471 640 
471 640 
471 640 
470 640 
470 640 
470 472 473 640 
470 471 473 640 
474 640 
474 640 
474 640 
475 640 
475 640 
475 640 
475 640 
475 640 
476 640 
476 640 
477 640 
479 640 
480 640 
480 640 
480 640 
481 640 
481 640 
482 640 
482 640 
483 640 
483 640 
485 640 
486 640 
489 640 
489 640 
490 640 
490 491 493 640 
495 640 
496 640 
498 640 
499 640 
500 640 
499 640 
498 640 
497 640 
496 640 
494 640 
493 640 
492 640 
491 640 
491 640 
491 640 
492 640 
493 640 
494 640 
496 640 
498 640 
500 640 
501 640 
501 640 
502 640 
502 640 
502 640 
503 640 
503 640 
503 640 
503 640 
504 640 
505 640 
506 640 
508 640 
510 640 
510 640 
511 640 
511 640 
511 640 
511 640 
511 640 
511 640 
511 640 
512 640 
513 640 
514 640 
516 640 
516 640 
517 640 
518 640 
227 232 518 640 
224 234 519 640 
223 237 520 544 545 640 
223 238 520 543 545 640 
192 196 223 239 521 543 545 640 
189 204 223 240 521 542 546 640 
185 213 223 242 521 534 535 542 546 640 
183 219 223 243 520 532 535 541 546 640 
181 244 520 523 535 540 547 552 553 640 
180 245 520 523 535 540 547 552 553 640 
180 246 535 539 547 552 554 640 
180 246 535 538 548 551 554 640 
180 247 534 538 554 640 
181 248 534 535 554 640 
182 249 553 640 
188 250 553 640 
203 251 552 640 
210 253 552 640 
195 255 551 640 
189 256 551 640 
185 259 550 640 
183 261 550 640 
182 263 549 640 
180 265 548 640 
179 266 548 640 
178 268 548 640 
177 270 547 640 
176 271 547 640 
175 272 547 640 
175 190 208 274 546 640 
175 186 211 275 546 640 
176 183 203 277 287 288 545 640 
197 278 285 291 470 482 544 640 
192 281 283 296 466 494 542 640 
190 301 464 513 514 516 541 640 
188 306 463 520 540 640 
187 312 462 524 539 640 
186 318 461 531 538 640 
185 324 460 533 538 640 
184 326 460 534 537 640 
183 335 459 535 537 640 
183 203 207 342 459 640 
182 200 210 347 458 640 
182 196 211 354 454 640 
183 192 208 360 447 640 
184 189 206 367 440 640 
204 375 432 640 
202 380 426 640 
201 387 419 640 
200 391 411 640 
199 394 404 640 
199 640 
199 217 218 640 
198 211 224 640 
198 209 228 640 
198 208 230 640 
198 207 232 640 
198 206 233 640 
198 205 235 640 
199 203 237 640 
238 640 
240 640 
243 640 
245 640 
249 640 
253 640 
258 640 
263 640 
269 640 
274 640 
276 640 
276 640 
276 640 
276 640 
276 640 
276 640 
275 640 
275 640 
275 640 
275 640 
276 640 
285 640 
293 640 
306 640 
315 640 
323 640 
328 640 
331 640 
337 640 
342 640 
347 640 
353 640 
356 640 
361 500 525 640 
365 492 527 640 
369 483 528 640 
374 471 528 640 
377 461 528 640 
382 430 529 640 
529 640 
529 640 
530 640 
530 640 
530 640 
531 640 
531 640 
531 640 
532 640 
532 640 
533 640 
533 640 
533 640 
534 640 
534 640 
534 640 
534 640 
534 640 
534 640 
535 640 
535 640 
535 640 
535 640 
535 640 
535 640 
535 640 
536 640 
536 640 
536 640 
536 640 
536 640 
537 640 
537 640 
537 640 
537 640 
537 640 
538 640 
538 640 
538 640 
538 640 
539 640 
539 640 
539 640 
539 640 
540 640 
540 640 
540 640 
541 640 
541 640 
541 640 
542 640 
542 640 
542 640 
543 640 
543 640 
544 640 
544 640 
545 640 
545 640 
546 640 
546 640 
546 640 
547 640 
548 640 
548 640 
549 640 
549 640 
550 640 
550 640 
551 640 
552 640 
552 640 
553 640 
554 640 
554 640 
555 640 
556 640 
557 640 
557 640 
558 640 
559 640 
559 640 
560 640 
561 640 
562 640 
562 640 
563 640 
564 640 
565 640 
566 640 
566 640 
567 640 
568 640 
569 640 
570 640 
570 640 
571 640 
572 640 
572 640 
573 640 
574 640 
574 640 
575 640 
575 640 
575 640 
576 640 
576 640 
576 640 
576 640 
576 640 
576 640 
576 640 
576 640 
576 640 
576 640 
575 640 
575 640 
575 640 
575 640 
575 640 
575 640 
575 640 
575 640 
575 640 
575 640 
576 640 
576 640 
576 640 
577 640 
577 640 
577 640 
577 640 
578 640 
578 640 
578 640 
578 640 
579 640 
579 640 
579 640 
580 640 
580 640 
580 640 
581 640 
582 640 
582 640 
582 640 
583 640 
583 640 
584 640 
584 640 
583 640 
583 640 
582 640 
582 640 
581 640 
581 640 
581 640 
581 640 
581 640 
582 640 
582 640 
582 640 
582 640 
583 640 
584 640 
584 640 
585 640 
585 640 
585 640 
585 640 
584 640 
584 640 
583 640 
583 640 
583 640 
582 640 
582 640 
581 640 
581 640 
581 640 
580 640 
580 640 
579 640 
579 640 
578 640 
577 640 
577 640 
576 640 
576 640 
575 640 
575 640 
574 640 
573 640 
573 640 
572 640 
571 640 
571 640 
570 640 
570 640 
569 640 
569 640 
568 640 
567 640 
567 640 
566 640 
566 640 
565 640 
565 640 
564 640 
563 640 
563 640 
562 640 
562 640 
561 640 
561 640 
560 640 
560 640 
560 640 
559 640 
559 640 
558 640 
558 640 
557 640 
557 640 
556 640 
556 640 
555 640 
