0 640 
0 640 
0 640 
0 640 
0 640 
0 640 
0 640 
0 640 
0 640 
0 640 
0 640 
0 640 
0 640 
0 640 
0 640 
0 640 
0 640 
0 640 
0 640 
0 640 
0 640 
0 640 
0 640 
0 640 
0 640 
0 640 
0 640 
0 640 
0 640 
0 640 
0 640 
0 640 
0 640 
0 640 
0 640 
0 640 
0 640 
0 640 
0 640 
0 640 
0 640 
0 640 
0 640 
0 640 
0 640 
0 640 
0 640 
0 640 
0 640 
0 640 
0 640 
0 640 
0 640 
0 640 
0 640 
0 640 
0 640 
0 380 382 640 
0 378 382 640 
0 377 383 640 
0 376 383 640 
0 375 383 640 
0 373 383 640 
0 372 383 640 
0 370 383 640 
0 369 383 640 
0 368 383 640 
0 343 346 367 383 640 
0 340 348 354 357 365 383 640 
0 338 361 364 383 640 
0 337 382 640 
0 336 382 640 
0 335 383 640 
0 334 383 640 
0 306 310 333 383 640 
0 295 324 333 383 640 
0 290 328 332 383 640 
0 284 383 640 
0 280 383 640 
0 278 383 640 
0 276 383 640 
0 272 383 640 
0 268 383 640 
0 266 382 640 
0 264 382 640 
0 262 382 640 
0 261 382 640 
0 260 382 640 
0 258 382 640 
0 257 382 640 
0 256 381 640 
0 213 215 255 381 640 
0 212 217 254 381 640 
0 212 219 253 380 640 
0 213 222 252 380 640 
0 213 225 252 380 640 
0 213 226 251 379 640 
0 214 230 250 378 640 
0 215 232 250 378 640 
0 215 235 249 377 640 
0 216 237 248 377 640 
0 216 239 248 376 416 420 424 438 640 
0 217 242 247 375 390 438 640 
0 218 244 247 375 384 437 640 
0 218 374 380 436 640 
0 219 374 376 433 640 
0 219 431 640 
0 220 429 640 
0 221 426 640 
0 221 424 640 
0 222 421 640 
0 223 419 640 
0 224 416 640 
0 224 414 640 
0 225 411 640 
0 226 409 640 
0 226 406 640 
0 226 402 640 
0 225 398 640 
0 222 396 640 
0 220 399 640 
0 219 401 640 
0 217 403 640 
0 215 404 640 
0 213 405 640 
0 212 405 640 
0 210 406 640 
0 209 406 640 
0 208 407 640 
0 207 407 640 
0 205 408 640 
0 204 408 640 
0 203 408 640 
0 202 408 640 
0 202 408 640 
0 201 408 640 
0 200 407 640 
0 199 407 640 
0 199 407 640 
0 199 406 640 
0 200 406 640 
0 203 405 640 
0 204 404 640 
0 204 401 640 
0 205 399 640 
0 199 203 205 397 640 
0 198 398 640 
0 198 398 640 
0 198 398 640 
0 199 398 640 
0 199 396 640 
0 200 395 640 
0 200 394 640 
0 201 392 640 
0 202 391 640 
0 203 389 640 
0 204 387 640 
0 26 28 205 385 640 
0 24 30 206 384 640 
0 22 30 208 381 640 
0 21 31 209 380 640 
0 20 31 211 379 640 
0 19 31 213 379 640 
0 18 32 215 380 640 
0 17 37 216 380 640 
0 16 41 219 222 227 380 640 
0 15 43 228 381 640 
0 14 44 229 381 640 
0 14 44 229 382 640 
0 13 44 229 382 640 
0 13 43 229 382 640 
0 12 43 229 383 640 
0 12 41 229 383 640 
0 11 40 229 383 640 
0 11 38 229 384 640 
0 11 38 229 384 640 
0 10 38 229 385 640 
0 10 38 229 385 640 
0 9 37 229 385 640 
0 8 36 229 386 640 
0 7 36 230 386 640 
0 6 34 231 386 640 
0 5 25 233 386 640 
0 4 24 233 387 640 
0 4 23 232 387 640 
0 3 22 232 388 640 
0 3 22 231 388 640 
0 3 22 231 388 640 
0 3 23 231 389 640 
0 3 25 230 389 640 
0 2 26 230 389 640 
0 2 27 230 389 640 
0 2 28 33 39 229 390 640 
29 32 41 229 390 640 
29 31 43 228 390 640 
45 228 391 640 
47 227 391 640 
48 227 391 640 
28 29 49 226 392 640 
27 29 50 226 392 640 
28 30 52 225 392 640 
28 30 53 225 392 640 
28 31 54 225 392 640 
29 32 55 224 393 640 
30 33 55 224 393 640 
30 34 56 223 255 256 393 640 
31 36 57 223 255 257 394 640 
31 38 58 222 254 257 394 640 
32 39 59 222 254 257 394 640 
32 40 60 221 254 258 394 640 
33 41 61 221 254 259 395 640 
34 42 62 220 255 259 395 640 
35 42 63 220 255 260 395 640 
37 43 64 219 250 251 255 260 395 640 
39 43 65 219 250 251 255 261 395 640 
65 219 249 252 256 261 396 640 
66 218 248 252 256 262 396 640 
67 218 248 252 256 263 396 640 
68 217 247 253 256 263 396 640 
68 217 247 253 257 263 396 640 
69 216 247 254 257 264 397 640 
70 215 246 254 257 264 397 640 
70 215 245 255 257 264 397 640 
71 214 245 255 257 264 397 640 
71 213 244 256 258 264 397 640 
72 213 244 256 258 264 397 640 
72 212 243 257 258 264 398 640 
0 1 72 212 243 257 259 264 398 640 
0 2 73 211 242 258 259 264 398 640 
0 3 73 211 242 264 398 640 
0 4 73 211 242 265 398 640 
0 5 73 210 241 265 398 640 
0 6 74 210 240 265 398 640 
0 7 74 209 240 265 398 640 
0 8 74 209 239 265 399 640 
0 9 74 209 238 265 399 640 
0 10 74 208 238 265 399 640 
0 11 74 208 237 265 399 640 
0 12 74 206 237 265 399 640 
0 13 75 206 236 265 399 640 
0 14 75 204 235 266 399 640 
0 15 75 204 235 266 399 640 
0 17 75 203 234 266 399 640 
0 18 75 203 234 265 400 640 
0 19 75 201 233 265 272 273 400 640 
0 20 75 200 232 265 271 273 400 640 
0 22 76 199 231 266 271 273 400 640 
0 23 76 199 231 266 271 273 400 640 
0 24 77 199 230 267 271 273 400 640 
0 25 77 198 230 267 271 274 400 640 
0 26 78 197 229 267 271 274 400 640 
0 27 78 198 228 267 271 274 400 640 
0 28 79 197 227 268 271 274 400 640 
0 30 79 196 226 268 271 274 400 640 
0 31 80 194 226 268 271 274 400 640 
0 32 80 194 226 268 271 274 400 640 
0 32 81 194 225 268 271 274 400 640 
0 33 81 193 224 269 271 274 400 640 
0 34 82 189 190 192 223 269 271 273 400 640 
0 35 82 188 223 269 270 273 400 640 
0 35 82 189 222 273 400 640 
0 36 83 189 221 272 400 640 
0 37 83 188 220 272 400 640 
0 38 84 186 219 269 400 640 
0 38 84 183 218 267 400 640 
0 38 85 182 183 184 216 263 400 640 
0 38 85 184 215 260 400 640 
0 39 85 182 214 256 400 640 
0 39 86 181 214 249 400 640 
0 39 86 181 213 240 400 640 
0 39 87 179 212 230 400 640 
0 40 87 177 211 224 400 640 
0 40 88 175 210 219 400 640 
0 40 88 174 209 216 400 640 
0 41 89 171 208 211 400 640 
0 41 89 170 400 640 
0 41 90 169 400 640 
0 41 90 167 400 640 
0 42 90 165 400 640 
0 42 91 163 400 640 
0 42 91 162 400 640 
0 43 92 160 400 640 
0 43 92 158 400 640 
0 43 93 156 399 640 
0 43 93 154 399 640 
0 43 94 152 399 640 
0 44 94 150 399 640 
0 44 94 149 399 640 
0 44 95 146 400 640 
0 45 95 144 400 640 
0 45 96 141 401 640 
0 45 96 139 402 640 
0 46 97 137 402 640 
0 46 97 134 403 640 
0 47 97 132 404 640 
0 47 98 130 404 640 
0 47 98 128 405 640 
0 48 99 125 406 640 
0 48 99 122 406 640 
0 48 100 120 407 640 
0 48 100 117 407 640 
0 49 101 114 408 640 
0 49 101 112 408 640 
0 49 102 109 409 640 
0 50 102 107 410 640 
0 50 103 105 410 640 
0 50 411 640 
0 51 411 640 
0 51 412 640 
0 51 412 640 
0 52 413 640 
0 52 414 640 
0 52 414 640 
0 53 415 640 
0 53 136 138 415 640 
0 53 135 138 416 640 
0 54 132 138 417 640 
0 54 130 139 417 640 
0 54 127 139 417 640 
0 55 124 138 418 640 
0 55 122 137 419 640 
0 54 121 135 419 640 
0 53 117 134 420 640 
0 51 114 133 420 640 
0 45 112 131 420 640 
0 41 111 130 421 640 
0 37 111 129 242 244 421 640 
0 33 112 127 242 245 422 640 
0 29 112 126 241 245 422 640 
0 23 113 125 240 245 422 640 
0 17 113 123 239 245 422 640 
0 8 9 12 114 122 238 245 423 640 
0 3 4 7 114 121 237 245 423 640 
0 1 114 120 235 245 423 640 
115 119 235 245 423 640 
115 118 233 246 423 640 
232 246 423 640 
231 246 424 640 
230 246 424 640 
229 246 424 640 
228 246 424 640 
226 247 424 640 
58 63 225 247 424 640 
45 63 224 247 424 640 
42 64 223 247 423 640 
35 64 218 247 423 640 
16 64 218 247 423 640 
0 65 218 248 422 640 
0 65 216 248 422 640 
0 66 193 195 215 248 422 640 
0 66 192 198 212 248 421 640 
0 67 191 200 209 248 420 640 
0 67 189 248 420 640 
0 67 188 248 419 640 
0 68 186 248 418 640 
0 68 185 249 417 640 
0 68 184 249 417 640 
0 69 182 249 416 640 
0 69 181 249 415 640 
0 69 180 249 416 640 
0 70 162 164 178 249 416 640 
0 70 160 165 177 249 416 640 
0 71 158 166 176 249 417 640 
0 71 156 167 174 248 417 640 
0 72 155 168 173 248 417 640 
0 72 153 170 171 247 417 640 
0 73 152 247 418 640 
0 73 149 246 418 640 
0 73 148 245 418 640 
0 74 146 245 419 640 
0 74 145 244 419 640 
0 75 142 243 419 640 
0 75 141 243 420 640 
0 76 139 242 420 640 
0 77 137 242 420 640 
0 77 135 241 421 640 
0 78 133 240 421 640 
0 79 131 240 421 640 
0 79 129 239 421 640 
0 80 127 239 421 640 
0 81 125 238 420 640 
0 82 122 237 420 640 
0 84 120 237 419 640 
0 85 116 236 419 640 
0 87 114 235 419 640 
0 89 110 235 419 640 
0 94 105 234 419 640 
0 233 420 640 
0 233 420 640 
0 232 420 640 
0 231 420 640 
0 231 239 241 420 640 
0 230 238 240 242 244 421 640 
0 230 237 240 241 244 421 640 
0 229 236 244 421 640 
0 228 235 244 421 640 
0 228 234 244 421 640 
0 227 232 244 422 640 
0 226 231 244 422 640 
0 226 230 244 422 640 
0 225 228 243 422 640 
0 225 227 243 422 640 
0 224 226 242 423 640 
0 223 225 242 423 640 
0 241 423 640 
0 241 423 640 
0 240 423 640 
0 240 423 640 
0 239 424 640 
0 239 424 640 
0 239 424 640 
0 238 424 640 
0 238 425 640 
0 237 425 640 
0 237 425 640 
0 236 425 640 
0 236 425 640 
0 235 426 640 
0 235 426 640 
0 235 426 640 
0 234 426 640 
0 234 387 389 427 640 
0 233 387 389 427 640 
0 233 387 389 427 640 
0 232 388 389 428 640 
0 232 388 389 428 640 
0 231 387 389 428 640 
0 231 387 389 429 640 
0 230 387 389 391 392 429 640 
0 230 387 389 391 393 430 640 
0 230 387 389 391 393 430 640 
0 229 387 389 390 393 431 640 
0 229 241 243 387 389 390 394 431 640 
0 228 240 242 387 394 432 640 
0 228 239 243 387 394 432 640 
0 227 238 243 388 389 390 392 434 640 
0 227 236 243 435 640 
0 227 235 242 436 640 
0 226 234 242 436 640 
0 226 233 242 436 640 
0 225 232 242 436 640 
0 225 230 242 436 640 
0 225 229 241 435 640 
0 224 228 241 435 640 
0 224 227 240 435 640 
0 223 225 240 436 640 
0 223 224 240 436 640 
0 239 436 640 
0 239 436 640 
0 239 437 640 
0 238 437 640 
0 238 437 640 
0 237 437 640 
0 237 438 640 
0 236 438 640 
0 236 438 640 
0 236 438 640 
0 236 439 640 
0 235 439 640 
0 235 439 640 
0 233 440 640 
0 230 440 640 
0 225 440 640 
0 220 440 640 
0 217 441 640 
0 213 441 640 
0 211 441 640 
0 208 441 640 
0 205 441 640 
0 203 442 640 
0 201 442 640 
0 199 442 640 
0 197 442 640 
0 195 442 640 
0 193 443 640 
0 191 443 640 
0 190 443 640 
0 189 443 640 
0 189 443 640 
0 189 443 640 
