0 640 
0 640 
0 640 
0 640 
0 640 
0 640 
0 640 
0 640 
0 640 
0 640 
0 640 
0 640 
0 640 
0 640 
0 640 
0 640 
0 640 
0 640 
0 640 
0 640 
0 640 
0 640 
0 640 
0 640 
0 640 
0 640 
0 640 
0 640 
0 640 
0 640 
0 640 
0 640 
0 640 
0 640 
0 640 
0 640 
0 640 
0 640 
0 640 
0 640 
0 640 
0 640 
0 640 
0 640 
0 640 
0 640 
0 640 
0 640 
0 640 
0 640 
0 640 
0 640 
0 640 
0 640 
0 640 
0 640 
0 640 
0 640 
0 640 
0 640 
0 640 
0 640 
0 640 
0 640 
0 640 
0 640 
0 640 
0 640 
0 640 
0 640 
0 640 
0 640 
0 640 
0 640 
0 640 
0 640 
0 640 
0 640 
0 640 
0 640 
0 640 
0 640 
0 640 
0 640 
0 640 
0 640 
0 640 
0 640 
0 640 
0 640 
0 640 
0 640 
0 640 
0 640 
0 640 
0 640 
0 640 
0 640 
0 640 
0 640 
0 640 
0 640 
0 640 
0 640 
0 640 
0 640 
0 640 
0 640 
0 640 
0 640 
0 640 
0 640 
0 640 
0 640 
0 640 
0 640 
0 640 
0 640 
0 640 
0 640 
0 640 
0 640 
0 640 
0 640 
0 640 
0 640 
0 640 
0 640 
0 640 
0 640 
0 640 
0 640 
0 640 
0 640 
0 640 
0 640 
0 640 
0 640 
0 640 
0 640 
0 640 
0 640 
0 640 
0 640 
0 640 
0 640 
0 640 
0 640 
0 640 
0 640 
0 640 
0 640 
0 640 
0 640 
0 640 
0 640 
0 640 
0 155 156 157 162 640 
0 154 166 640 
0 153 169 640 
0 152 171 640 
0 151 174 640 
0 150 176 640 
0 148 179 640 
0 148 181 640 
0 147 184 640 
0 146 186 640 
0 145 188 640 
0 143 190 640 
0 143 192 640 
0 142 194 640 
0 141 195 640 
0 140 197 640 
0 139 199 640 
0 138 200 640 
0 137 202 640 
0 136 203 640 
0 135 204 640 
0 134 205 640 
0 133 207 640 
0 132 208 640 
0 131 208 640 
0 130 209 640 
0 130 210 640 
0 129 212 640 
0 127 213 640 
0 126 213 640 
0 125 214 640 
0 124 215 640 
0 124 216 640 
0 123 217 640 
0 122 217 640 
0 125 218 640 
0 129 152 153 166 173 178 181 219 640 
0 132 144 183 185 186 219 640 
0 190 220 640 
0 192 220 640 
0 194 220 640 
0 197 220 640 
0 200 220 640 
0 202 220 640 
0 204 220 640 
0 206 220 640 
0 207 221 640 
0 209 221 640 
0 210 221 640 
0 212 220 640 
0 212 220 640 
0 214 219 640 
0 215 219 640 
0 216 219 640 
0 217 219 640 
0 640 
0 640 
0 640 
0 640 
0 640 
0 640 
0 640 
0 640 
0 640 
0 640 
0 640 
0 640 
0 640 
0 640 
0 640 
0 640 
0 640 
0 640 
0 640 
0 640 
0 640 
0 640 
0 640 
0 640 
0 640 
0 640 
0 640 
0 640 
0 640 
0 640 
0 640 
0 640 
0 640 
0 640 
0 640 
0 640 
0 640 
0 640 
0 640 
0 640 
0 640 
0 640 
0 640 
0 640 
0 640 
0 640 
0 640 
0 640 
0 360 362 640 
0 359 364 640 
0 358 365 640 
0 358 366 640 
0 358 367 640 
0 357 368 640 
0 357 369 640 
0 357 370 640 
0 357 372 640 
0 356 373 640 
0 356 375 640 
0 356 376 640 
0 356 377 640 
0 356 378 640 
0 138 139 355 380 640 
0 136 140 355 381 640 
0 134 140 355 382 640 
0 133 141 355 383 640 
0 132 141 355 385 640 
0 132 141 355 387 640 
0 131 141 355 389 640 
0 131 141 355 390 640 
0 130 141 355 392 640 
0 130 142 355 394 640 
0 130 142 355 396 640 
0 129 142 355 397 640 
0 129 142 355 399 640 
0 128 142 355 401 640 
0 128 142 355 403 640 
0 128 142 356 406 640 
0 127 143 356 409 640 
0 127 143 356 411 640 
0 126 143 356 414 640 
0 126 144 357 417 640 
0 125 144 357 420 640 
0 125 144 326 327 358 424 640 
0 126 145 325 328 359 427 640 
0 126 145 324 328 360 432 640 
0 126 145 324 328 361 437 640 
0 126 145 324 328 362 438 640 
0 127 146 324 328 363 439 640 
0 127 146 324 329 364 439 640 
0 127 147 323 329 366 439 640 
0 127 147 323 330 367 439 640 
0 127 147 323 330 368 438 640 
0 127 148 323 330 369 438 640 
0 128 148 323 331 370 438 640 
0 128 149 323 331 371 438 640 
0 128 149 168 169 323 331 372 438 640 
0 128 150 167 171 323 332 373 437 640 
0 128 150 167 172 323 332 375 437 640 
0 128 151 168 173 323 333 378 437 640 
0 129 151 168 174 323 333 380 436 640 
0 129 152 168 175 323 334 382 436 640 
0 130 152 168 175 323 334 385 436 640 
0 130 153 169 176 323 334 388 435 640 
0 130 153 169 177 323 335 391 435 640 
0 131 154 169 178 323 335 394 435 640 
0 131 154 169 179 322 336 397 434 640 
0 131 155 170 180 322 336 399 434 640 
0 132 155 170 181 322 337 402 433 640 
0 132 156 171 182 322 337 405 433 640 
0 133 157 171 183 322 337 411 432 640 
0 133 158 171 184 322 338 417 431 640 
0 134 158 172 185 322 338 640 
0 134 159 172 186 322 338 640 
0 135 160 173 187 322 339 640 
0 135 161 174 188 322 339 640 
0 135 161 174 189 322 340 640 
0 136 162 175 191 322 340 640 
0 137 163 175 192 322 341 640 
0 137 164 176 193 322 341 640 
0 138 165 177 194 322 342 640 
0 138 166 178 196 322 342 640 
0 139 168 178 197 322 343 640 
0 139 169 179 198 322 343 640 
0 140 171 180 200 322 344 640 
0 141 172 181 201 322 344 640 
0 141 174 182 203 322 345 640 
0 142 175 183 205 322 346 640 
0 143 177 184 206 322 346 529 531 640 
0 144 179 185 208 322 347 528 532 640 
0 144 181 186 209 322 347 527 533 640 
0 145 184 187 211 322 348 476 479 526 534 640 
0 146 185 188 212 322 348 475 480 524 535 640 
0 147 187 189 214 322 349 474 483 523 534 640 
0 147 216 322 350 473 485 522 534 640 
0 148 217 322 350 472 488 521 533 640 
0 149 219 322 351 471 491 520 533 640 
0 150 221 322 351 470 494 518 532 640 
0 151 222 322 352 469 498 517 531 640 
0 151 224 322 352 468 501 515 530 640 
0 152 226 322 353 467 504 511 529 640 
0 153 228 322 354 466 528 640 
0 154 229 322 354 464 527 640 
0 155 231 323 355 463 526 640 
0 156 233 323 355 462 525 640 
0 157 235 323 356 461 523 640 
0 157 236 323 357 460 521 640 
0 158 238 323 358 458 520 640 
0 159 240 323 363 457 518 640 
0 160 241 323 366 456 516 640 
0 161 243 323 374 454 515 640 
0 162 245 323 386 452 513 640 
0 162 247 323 405 450 512 640 
0 164 249 323 406 422 425 449 510 640 
0 165 250 323 406 421 428 446 508 640 
0 166 252 323 406 420 431 443 506 640 
0 167 254 323 405 419 504 640 
0 168 256 323 404 419 501 640 
0 169 259 324 403 419 498 640 
0 171 261 324 401 420 497 640 
0 172 262 324 400 422 496 640 
0 174 265 324 398 424 496 640 
0 176 266 324 397 427 497 640 
0 178 269 324 396 431 498 640 
0 179 271 324 394 436 499 640 
0 181 273 324 392 440 499 640 
0 183 276 324 391 443 501 640 
0 185 278 324 389 444 502 640 
0 187 279 324 387 443 502 640 
0 189 280 324 386 442 503 640 
0 191 280 325 384 441 504 640 
0 193 280 325 382 440 505 640 
0 195 281 325 381 438 506 640 
0 197 281 325 379 437 507 640 
0 200 281 325 378 436 508 640 
0 205 282 325 377 435 509 640 
0 207 282 325 378 433 510 640 
0 209 282 325 378 432 511 640 
0 210 283 326 379 431 512 640 
0 210 283 326 380 430 513 640 
0 210 284 326 381 429 514 640 
0 211 284 326 382 428 515 640 
0 211 285 326 382 427 516 640 
0 212 286 326 383 425 517 640 
0 211 286 325 384 425 518 640 
0 211 286 325 385 423 519 640 
0 210 286 324 386 422 520 640 
0 210 286 324 387 421 521 640 
0 209 286 323 388 420 522 640 
0 209 286 323 389 419 523 640 
0 208 286 322 390 418 525 640 
0 208 286 322 390 417 525 640 
0 208 286 321 392 416 527 640 
0 207 286 321 393 415 528 640 
0 207 286 320 394 414 529 640 
0 206 286 320 395 413 530 640 
0 205 286 320 396 411 531 640 
0 205 287 320 397 410 533 640 
0 205 287 320 398 409 534 640 
0 205 287 320 399 408 536 640 
0 205 287 320 399 407 537 640 
0 205 287 321 400 406 539 640 
0 205 287 321 401 405 541 640 
0 205 287 322 402 404 542 640 
0 206 287 322 544 640 
0 207 288 323 545 640 
0 207 290 323 547 640 
0 208 292 324 547 640 
0 209 296 325 548 640 
0 211 299 326 549 640 
0 215 302 326 548 640 
0 218 304 327 548 640 
0 219 304 328 547 640 
0 219 304 329 546 640 
0 220 305 329 547 640 
0 220 301 303 305 330 547 640 
0 220 301 331 548 640 
0 221 305 332 549 640 
0 221 310 333 549 640 
0 222 314 334 471 473 550 640 
0 222 328 334 449 454 472 475 550 640 
0 222 328 336 448 455 473 478 550 640 
0 223 329 338 436 442 447 457 474 481 551 640 
0 223 329 339 427 458 474 484 533 535 551 640 
0 224 330 340 427 459 475 486 531 535 551 640 
0 224 330 341 429 460 476 489 530 535 551 640 
0 224 330 342 430 461 477 492 528 535 551 640 
0 223 330 342 432 462 478 494 526 534 551 640 
0 223 330 343 434 463 479 497 524 534 550 640 
0 223 330 344 436 464 480 500 521 533 550 640 
0 222 330 344 438 465 480 505 517 533 550 640 
0 222 330 345 440 466 482 532 549 640 
0 222 330 346 441 467 483 531 549 640 
0 221 331 346 443 468 484 531 549 640 
0 221 331 347 444 469 486 530 548 640 
0 221 331 348 445 470 487 529 548 640 
0 220 331 348 445 471 489 528 548 640 
0 220 331 349 446 472 491 527 547 640 
0 220 332 350 446 473 493 525 546 640 
0 220 332 351 446 474 494 523 546 640 
0 220 332 352 359 362 445 475 496 521 545 640 
0 220 333 364 444 477 499 519 545 640 
0 220 333 366 442 478 501 515 544 640 
0 220 333 368 441 479 505 511 544 640 
0 221 334 370 440 480 543 640 
0 221 334 372 438 482 542 640 
0 222 334 374 437 483 541 640 
0 222 334 376 435 484 540 640 
0 222 335 378 434 486 539 640 
0 223 335 380 432 487 538 640 
0 223 335 382 430 489 536 640 
0 224 335 384 429 491 534 640 
0 224 336 387 426 492 533 640 
0 225 336 389 424 494 531 640 
0 226 336 392 422 496 529 640 
0 227 335 395 418 499 526 640 
0 228 334 402 414 501 523 640 
0 229 332 503 521 640 
0 231 331 507 516 640 
0 232 329 640 
0 234 327 640 
0 236 325 640 
0 237 323 640 
0 239 321 640 
0 242 318 640 
0 245 314 640 
0 250 310 640 
0 251 309 640 
