

















392 395 
390 396 
388 398 
384 399 
378 400 
374 403 
373 405 
371 406 
370 408 
369 409 
369 411 
368 412 
367 414 
367 415 
366 416 
366 417 
366 418 
366 419 
365 421 
365 422 
365 423 
365 424 
365 425 
365 426 
364 427 
364 428 
364 429 
364 430 
364 432 
364 435 
364 438 456 468 
365 440 453 472 
365 442 449 477 
365 444 447 479 
365 481 
365 483 
365 484 
366 485 
366 486 
366 488 
366 489 
367 490 
367 491 
367 492 
368 493 
368 494 
369 495 
369 495 
370 496 
370 497 
370 498 
371 499 
371 499 
371 500 
369 501 
367 502 
365 503 
363 503 
361 504 
359 505 
357 505 
356 506 
354 506 
352 507 
351 507 
349 508 
348 508 
347 509 
346 509 
344 510 
343 510 
342 510 
341 511 
340 511 
339 511 
338 512 
337 512 
336 512 
335 512 
334 512 
333 512 
332 512 
331 513 
330 513 
329 513 
328 513 
327 513 
326 513 
326 514 
325 514 
324 514 
324 515 
323 515 
322 516 
322 516 
321 517 
321 517 
320 518 
319 518 
319 518 
318 519 
318 519 
317 520 
316 520 
316 521 
316 521 
315 522 
315 522 
315 522 
315 523 
314 523 
314 523 
314 524 
313 524 
313 524 
313 525 
312 525 
312 525 
312 526 
312 526 
312 527 
312 527 
312 527 
312 527 
312 528 
312 528 
311 528 
311 529 
311 529 
311 529 
311 530 
311 530 
310 530 
310 530 
310 531 
310 531 
309 531 
309 532 
308 532 
308 532 
308 532 
307 533 
307 533 
306 533 
305 533 
305 309 311 533 
304 308 310 534 
303 307 310 534 
303 305 310 534 
310 534 
310 534 
310 311 312 535 
309 310 313 535 
309 310 313 535 
313 535 
313 536 
313 536 
313 536 
313 537 
314 537 
314 537 
314 537 
314 537 
313 537 
313 537 
313 537 
313 316 318 538 
313 316 318 538 
313 315 318 538 
313 315 319 538 
314 315 319 538 
319 538 
320 538 
320 539 
321 323 324 539 
325 328 329 539 
327 328 330 539 
331 340 341 539 
334 340 342 539 
334 341 342 539 
335 341 343 539 
336 342 343 540 
337 342 343 540 
339 342 347 540 
340 343 347 540 
341 343 347 540 
347 540 
347 540 
347 540 
347 540 
347 540 
346 540 
346 541 
346 541 
345 541 
345 541 
344 541 
343 541 
342 541 
342 541 
341 541 
340 541 
339 541 
339 541 
339 541 
339 541 
340 541 
342 542 
343 542 
345 542 
347 542 
350 542 
351 542 
351 542 
351 542 
352 542 
352 542 
352 542 
352 542 
353 542 
353 542 
355 542 
356 542 
357 542 
358 542 
359 542 
359 542 
360 542 
362 542 
363 542 
364 542 
365 543 
366 543 
366 543 
367 543 
367 543 
368 543 
368 543 
369 543 
369 401 402 543 
369 401 402 543 
369 401 403 543 
369 401 404 543 
369 401 404 543 
369 401 405 543 
369 401 405 543 
369 401 406 543 
369 400 406 543 
369 400 407 543 
369 400 407 543 
368 400 408 543 
368 400 408 543 
368 400 407 543 
368 400 405 543 
368 400 404 515 516 544 
368 400 403 515 516 544 
367 400 401 515 517 544 
367 515 517 544 
369 515 517 544 
373 516 518 544 
373 516 518 544 
372 516 518 544 
372 516 519 544 
216 218 372 516 519 544 
215 218 373 516 519 544 
215 218 372 516 520 544 
214 218 372 516 520 531 532 544 
214 218 372 516 520 531 533 544 
214 218 371 516 521 531 533 544 
214 219 371 517 521 531 534 544 
214 219 371 517 521 531 535 545 
215 219 373 517 521 532 535 545 
215 219 238 239 374 517 522 532 536 545 
215 219 228 247 374 517 522 532 536 545 
215 249 375 517 522 532 537 545 
215 251 375 517 523 532 537 545 
214 252 375 518 523 532 538 545 
212 254 375 518 524 532 539 546 
209 254 375 518 524 532 539 546 
205 255 375 518 524 532 540 546 
201 256 375 518 525 533 540 546 
199 257 376 518 525 533 541 546 
197 257 376 519 526 533 541 547 
196 258 376 510 511 519 526 533 542 547 
194 258 376 510 511 519 527 534 543 547 
192 259 376 510 511 519 527 534 543 547 
191 259 376 510 512 519 528 534 544 547 
189 260 377 510 512 519 528 534 545 547 
188 260 377 510 513 520 529 534 545 548 
187 260 377 510 513 520 529 535 546 548 
187 261 377 510 514 520 530 535 547 548 
187 261 377 510 514 520 530 535 
186 261 378 510 514 520 530 535 
186 262 378 510 515 521 531 535 
186 262 377 510 515 521 531 536 
185 262 377 510 516 521 532 536 
185 262 377 510 516 521 532 536 
185 262 376 511 517 521 533 537 
185 262 376 511 517 522 534 537 
185 262 375 511 517 522 534 537 
184 263 375 511 518 522 535 537 
184 263 375 511 519 522 535 538 
184 263 374 511 519 522 536 538 
183 263 374 511 519 522 536 538 
183 263 373 511 520 523 537 538 
183 263 373 511 521 523 
182 263 373 511 521 523 
182 263 372 511 521 523 
181 263 372 512 
181 263 371 512 
181 263 371 512 
181 263 371 504 505 512 
181 263 370 504 505 511 
181 263 370 505 506 512 
182 263 370 505 506 512 
182 263 369 505 506 512 
182 263 369 494 497 512 
183 262 350 357 368 494 499 512 
183 262 348 360 368 494 500 512 
183 263 346 363 368 494 502 512 
184 264 345 365 367 494 502 512 
184 264 344 495 503 512 
184 265 343 495 503 512 
185 266 342 495 503 513 
185 267 342 495 503 512 
185 268 342 495 503 512 
185 268 342 496 504 513 
185 269 342 496 504 514 
185 270 342 496 505 514 
185 270 342 496 505 514 
185 271 274 275 342 497 506 514 
185 277 342 497 506 514 
185 279 342 497 507 514 
186 281 342 497 509 514 
186 282 342 497 
186 284 343 498 
186 286 343 498 
187 288 343 498 
187 289 343 498 
188 291 343 498 
188 293 343 498 
189 295 343 499 
189 296 343 499 
190 298 343 499 
191 300 343 499 
192 301 343 499 
193 303 343 499 
193 305 342 500 
194 306 341 500 
195 308 340 500 
196 310 340 500 
197 311 339 500 
197 313 338 501 
198 315 337 501 
199 316 336 501 
200 318 335 501 
201 319 334 502 
202 320 333 502 
203 322 333 502 
204 324 332 502 
206 325 331 502 
209 327 330 502 
211 328 329 502 
214 502 
216 502 
221 502 
224 503 
230 503 
232 503 
237 503 
236 504 
236 504 
236 504 
235 504 
235 504 
235 504 
235 504 
234 505 
234 505 
234 505 
233 505 
233 505 
233 504 
233 504 
232 504 
232 505 
232 505 
232 506 
232 506 
231 506 
231 507 
231 507 
231 507 
231 507 
231 507 
231 508 
230 508 
230 508 
230 508 540 550 
230 508 538 556 
230 508 536 556 
230 508 533 555 
230 508 531 554 
230 509 528 553 
230 509 525 551 
230 509 523 550 
230 509 521 549 
230 509 518 548 
230 509 516 548 
230 509 513 551 
230 509 511 551 
230 550 
230 548 
230 546 
230 544 
230 541 
230 538 
230 532 
230 528 
230 524 
230 523 
230 522 
230 522 
231 522 
231 522 
231 522 
231 522 
230 522 
230 522 
230 522 
229 522 
229 522 
228 522 
228 522 
228 522 
227 522 
227 522 
227 522 
227 522 
227 522 
226 522 
226 523 
226 523 
226 523 
226 524 
226 524 
226 524 
225 525 
225 525 
225 526 
225 526 
225 527 
225 527 
225 528 
225 528 
225 529 
225 530 
224 530 
224 531 
224 531 
224 532 
224 532 
