0 238 616 640 
0 238 617 640 
0 238 617 640 
0 238 618 640 
0 238 619 640 
0 238 620 640 
0 238 622 640 
0 238 622 640 
0 237 629 640 
0 237 632 640 
0 237 632 640 
0 237 632 640 
0 236 632 640 
0 236 633 640 
0 236 634 640 
0 236 634 640 
0 235 636 640 
0 235 636 640 
0 235 637 640 
0 235 637 640 
0 235 637 640 
0 234 637 640 
0 234 637 640 
0 234 637 640 
0 234 637 640 
0 234 638 640 
0 234 638 640 
0 234 638 640 
0 234 638 640 
0 233 638 640 
0 233 638 640 
0 234 638 640 
0 233 637 640 
0 233 638 640 
0 233 638 640 
0 233 638 640 
0 233 637 640 
0 233 637 640 
0 232 637 640 
0 232 637 640 
0 232 637 640 
0 232 637 640 
0 232 637 640 
0 232 637 640 
0 232 636 640 
0 231 636 640 
0 231 636 640 
0 231 636 640 
0 231 636 640 
0 231 636 640 
0 231 636 640 
0 230 635 640 
0 48 55 230 635 640 
0 46 57 230 635 640 
0 44 58 230 635 640 
0 42 60 230 635 640 
0 41 61 230 635 640 
10 40 61 230 635 640 
16 39 62 230 635 640 
20 38 62 229 635 640 
23 37 62 229 634 640 
0 3 25 27 33 36 62 229 634 640 
0 6 34 35 62 229 634 640 
0 11 62 229 634 640 
0 14 61 71 94 229 634 640 
0 18 61 69 98 229 634 640 
0 21 60 67 101 229 634 640 
0 24 60 65 100 229 634 640 
0 24 59 64 100 229 633 640 
0 25 59 62 100 228 633 640 
0 26 102 228 633 640 
0 26 103 228 633 640 
0 27 104 228 633 640 
0 27 105 228 633 640 
0 27 106 228 633 640 
0 26 106 228 633 640 
0 25 105 228 633 640 
0 25 106 228 634 640 
0 24 106 228 634 640 
0 23 106 228 634 640 
0 22 105 106 107 228 635 640 
0 22 107 228 636 640 
0 21 108 228 636 640 
0 21 108 228 637 640 
0 20 104 105 107 228 637 640 
0 20 105 228 638 640 
0 20 105 228 638 640 
0 19 106 228 638 640 
0 19 107 110 113 227 
0 19 113 227 
0 19 113 228 
0 19 114 228 
0 19 114 228 
0 20 114 228 
0 20 115 228 
0 22 38 42 116 228 
0 23 37 42 116 228 
0 25 34 42 117 228 
0 42 117 229 
0 42 117 229 
0 42 117 229 
0 42 118 230 639 640 
0 42 118 230 638 640 
0 42 119 230 637 640 
0 42 119 230 636 640 
0 42 120 230 635 640 
0 42 120 230 624 640 
0 42 120 230 620 621 623 640 
0 42 120 230 619 640 
0 42 119 231 619 640 
0 42 118 231 619 621 624 640 
0 42 118 231 619 621 624 640 
0 42 117 231 618 640 
0 42 115 231 618 640 
0 42 115 231 618 640 
0 42 114 232 618 640 
0 42 114 232 618 640 
0 42 114 232 618 640 
0 42 114 232 618 640 
0 42 114 233 618 640 
0 42 115 234 618 640 
0 42 115 234 618 640 
0 43 116 234 618 640 
0 43 116 234 617 640 
0 43 117 234 616 640 
0 44 119 234 616 640 
0 44 120 235 616 640 
0 44 121 235 615 640 
0 45 122 235 616 640 
0 45 122 235 616 640 
0 45 123 235 616 640 
0 45 125 235 615 640 
0 46 127 235 615 640 
0 46 129 236 614 640 
0 46 131 236 614 640 
0 47 133 236 613 638 
0 47 135 236 614 634 
0 47 136 236 614 634 
0 47 138 237 614 634 
0 47 140 237 614 634 
0 47 141 237 614 633 
0 47 142 237 613 633 
0 47 143 237 612 632 
0 47 143 238 611 629 
0 47 144 238 611 629 
0 47 145 238 611 629 
0 47 145 238 611 629 
0 47 146 239 610 628 
0 47 147 239 610 627 
0 47 147 239 610 627 
0 47 148 240 610 627 
0 46 149 240 610 627 
0 46 150 240 610 628 
0 46 151 241 609 628 
0 46 153 241 609 627 
0 46 154 242 609 628 
0 45 155 242 610 628 
0 45 156 243 612 616 617 623 624 627 
0 45 157 243 
0 45 159 243 
0 44 160 244 
0 44 162 245 
0 43 164 245 
0 43 165 245 
0 42 167 246 
0 41 168 246 
0 41 170 247 
0 40 171 247 
0 39 172 248 
0 39 173 248 
0 38 173 249 
0 37 174 249 
0 36 174 250 
0 35 175 250 
0 35 175 251 
0 34 175 251 
0 33 176 251 
0 32 176 251 
0 31 176 252 
0 30 176 252 
0 30 176 253 
0 29 175 253 
0 28 175 254 
0 27 175 254 
0 26 174 255 
0 25 174 255 
0 24 173 255 
0 24 173 256 
0 23 173 256 
0 22 172 257 
0 21 172 257 
0 20 172 257 
0 19 171 259 
0 18 171 259 
0 17 171 259 
0 16 171 259 
0 15 171 259 
0 15 171 260 
0 14 171 260 
0 13 171 260 
0 12 171 261 
0 11 171 261 
0 10 171 262 
0 10 171 262 
0 9 171 262 
0 8 171 264 
0 7 171 266 
0 6 171 266 
0 6 120 121 171 267 
0 5 119 121 171 267 
0 4 95 96 119 122 171 268 
0 3 95 96 119 122 171 268 
0 3 94 95 119 123 171 269 
0 2 94 95 119 123 171 269 
0 2 93 94 118 123 172 270 
0 2 118 124 172 270 
0 1 118 124 172 270 
118 124 172 270 
118 125 172 271 
118 125 172 272 
98 100 118 125 172 272 
98 100 118 125 172 273 
97 100 118 125 172 274 
96 100 118 125 173 274 
95 100 118 126 173 275 
94 100 118 125 173 275 
92 101 117 125 173 276 
91 101 117 125 173 277 
91 101 117 125 173 280 
90 101 117 125 173 280 
89 101 117 125 173 285 
88 101 117 124 174 285 
88 101 117 124 174 286 
87 102 116 123 174 286 
87 102 116 123 174 286 
87 102 116 122 174 286 
87 102 116 122 174 286 
86 102 116 121 175 286 
86 102 116 121 175 286 
86 102 116 120 175 286 
85 102 116 119 175 286 
85 102 115 119 175 285 
85 102 115 118 176 285 
85 102 115 117 176 285 
85 102 115 117 176 284 
84 102 115 116 176 283 
84 102 176 283 
36 38 84 102 176 283 
35 38 84 102 177 283 
33 38 40 41 83 102 177 283 
32 38 39 41 83 102 177 283 
31 41 83 102 177 283 
30 41 83 102 178 283 
29 40 83 101 178 283 
28 40 83 100 178 283 
24 25 26 40 80 82 83 100 178 282 
23 24 25 40 80 99 179 284 
22 40 79 99 179 284 
21 39 79 98 179 284 
20 39 79 98 179 284 
19 39 78 97 180 284 
18 39 78 97 180 284 
17 39 77 97 180 284 
9 10 16 38 77 97 180 284 
8 11 15 38 77 97 181 282 
7 10 14 38 76 98 102 103 181 282 
6 9 13 38 58 59 76 98 101 104 181 282 
5 8 12 38 50 52 58 59 75 99 101 104 181 281 
4 7 12 38 50 52 58 59 75 99 102 103 182 281 
3 6 11 38 47 48 50 51 58 59 75 99 182 281 
2 5 10 38 47 51 58 59 74 100 182 281 
1 5 8 38 47 51 58 59 74 100 182 280 
0 4 7 38 46 51 58 59 74 100 183 280 
0 4 6 38 46 51 74 101 183 280 
0 4 5 37 45 51 74 101 183 280 
0 37 45 51 74 100 184 279 
0 37 45 51 75 100 184 279 
0 37 44 51 75 99 184 280 
0 37 44 51 75 99 185 280 
0 38 44 51 76 99 185 280 
0 37 43 50 76 98 185 279 
0 37 43 48 76 98 186 278 
0 38 43 47 76 98 186 278 
0 39 42 46 76 97 186 278 
0 39 42 45 76 97 186 277 
0 39 42 44 76 96 187 277 
0 39 41 43 76 96 187 276 
0 39 41 42 76 95 187 276 
0 39 76 95 187 275 
0 39 76 95 188 272 
0 39 40 41 62 66 70 71 76 94 188 271 
0 41 61 71 76 94 188 270 
0 41 60 71 76 93 189 269 
0 40 59 72 75 93 189 268 
0 40 58 73 74 93 189 267 
0 40 57 92 190 267 
0 40 57 92 190 266 
0 40 56 91 190 266 
0 40 56 91 191 265 
0 40 55 90 191 265 
0 41 55 90 191 264 
0 41 54 89 191 264 
0 42 54 89 192 264 
0 42 53 88 192 264 
0 42 53 88 192 263 
0 42 53 88 193 263 
0 42 52 87 193 262 
0 42 51 86 193 262 
0 42 50 86 193 262 
0 42 48 85 194 262 
0 43 47 85 194 261 
0 43 47 85 194 261 
0 44 46 84 195 260 
0 45 46 84 195 260 
0 83 195 260 
0 83 196 260 
0 82 196 260 
0 82 196 259 
0 81 197 259 
0 80 197 259 
0 80 197 259 
0 79 197 258 
0 79 198 258 
0 78 198 257 
0 78 198 256 
0 77 199 256 
0 77 199 256 
0 76 199 256 
0 76 200 255 
0 75 200 255 
0 74 200 255 
0 74 201 255 
0 73 201 255 
0 73 201 254 
0 72 202 254 
0 71 202 254 
0 71 202 254 
0 70 202 254 
0 70 203 254 
0 69 203 254 
0 69 203 255 
0 68 203 256 
0 68 203 256 
0 67 204 256 
0 67 204 257 
0 66 204 257 
0 65 204 257 
0 65 205 257 
0 65 205 258 
0 66 205 258 
0 65 206 258 
0 65 206 258 
0 64 207 258 
0 64 207 258 
0 63 208 259 
0 62 208 259 
0 61 209 260 
0 61 209 260 
0 60 210 260 
0 59 62 63 210 260 
0 59 61 62 207 208 210 260 
0 58 207 209 211 260 
0 57 59 61 208 209 211 260 
0 57 59 61 208 210 211 260 
0 56 58 60 208 210 212 260 
0 55 57 59 208 210 212 261 
0 54 57 59 209 261 
0 53 56 58 209 261 
0 53 56 58 210 211 212 261 
0 52 56 58 210 211 213 261 
0 51 55 57 210 211 213 261 
0 51 55 56 213 261 
0 51 54 56 211 212 213 261 
0 52 53 55 211 212 214 261 
0 51 53 55 214 262 
0 50 52 53 214 262 
0 50 214 263 
0 51 215 264 
0 49 50 51 215 264 
0 49 50 51 215 264 
0 49 215 265 
0 47 48 50 215 265 
0 46 215 266 
0 45 215 266 
0 45 215 265 
0 44 216 266 
0 44 216 267 
0 44 216 268 
0 44 217 269 
0 44 217 269 
0 45 217 270 
0 44 217 270 
0 44 217 271 
0 43 217 271 
0 43 217 271 
0 42 217 271 
0 41 217 271 
0 41 217 272 
0 40 217 272 
0 40 217 272 
0 39 217 272 
0 38 217 272 
0 38 217 273 
0 37 217 273 
0 39 217 273 
0 40 217 273 
0 39 217 274 
0 39 217 274 
0 39 217 275 
0 39 217 275 
0 39 217 276 
0 38 217 276 
0 38 217 277 
0 38 217 278 
0 38 217 278 
0 38 217 278 
0 38 218 278 
0 38 218 278 
0 37 218 279 
0 37 218 280 
0 37 218 280 
0 37 218 280 
0 37 218 281 
0 37 218 281 
0 37 218 281 
0 38 218 282 
0 38 45 47 58 66 217 282 
0 38 44 50 52 68 217 282 
0 39 43 69 216 282 
0 39 41 69 215 282 
0 70 207 282 
0 70 204 282 
0 71 203 282 
0 71 202 282 
0 72 201 283 
0 72 200 283 
0 72 200 283 
0 72 199 284 
0 73 198 284 
0 73 198 284 
0 74 197 285 
0 75 83 97 196 285 
0 100 195 285 
0 102 160 175 193 286 
0 102 156 181 192 287 
0 102 156 288 
0 102 155 288 
0 102 155 288 
0 102 155 289 
0 102 155 289 
0 102 129 135 155 290 
0 102 124 135 155 290 
0 102 124 135 155 290 
0 102 123 136 155 291 
0 102 123 136 155 291 
0 102 123 136 155 291 
0 101 122 136 155 292 
0 101 122 136 155 292 
0 101 122 136 155 291 
0 101 122 137 155 291 
0 101 122 137 155 291 
0 101 121 137 155 292 
0 100 121 137 155 294 
0 100 121 137 154 295 
0 100 120 137 154 295 
0 100 120 137 154 296 
0 100 120 137 154 297 
0 100 120 137 154 297 
0 100 119 137 154 298 
0 100 119 137 154 298 
0 99 119 137 154 298 
0 99 119 137 154 298 
0 99 118 137 154 299 
0 99 118 137 154 299 
0 99 118 137 154 299 
0 99 118 137 154 299 
0 98 117 137 154 299 
0 98 117 137 154 299 
0 98 117 137 153 299 
0 99 116 137 153 299 
