0 640 
0 640 
0 640 
0 640 
0 640 
0 640 
0 640 
0 640 
0 640 
0 640 
0 640 
0 640 
0 640 
0 640 
0 640 
0 640 
0 640 
0 640 
0 640 
0 640 
0 640 
0 640 
0 640 
0 640 
0 640 
0 640 
0 640 
0 640 
0 640 
0 640 
0 640 
0 640 
0 640 
0 640 
0 640 
0 640 
0 640 
0 640 
0 640 
0 640 
0 640 
0 640 
0 640 
0 640 
0 640 
0 640 
0 640 
0 640 
0 640 
0 640 
0 640 
0 640 
0 640 
0 640 
0 640 
0 640 
0 640 
0 640 
0 640 
0 640 
0 640 
0 640 
0 640 
0 640 
0 640 
0 640 
0 640 
0 340 366 640 
0 334 371 640 
0 330 374 640 
0 326 378 640 
0 323 380 640 
0 320 382 640 
0 316 385 640 
0 313 386 640 
0 310 388 640 
0 308 390 640 
0 306 391 640 
0 303 392 640 
0 301 394 640 
0 299 395 640 
0 297 396 640 
0 295 397 640 
0 294 398 640 
0 292 399 640 
0 291 400 640 
0 289 401 640 
0 288 402 640 
0 286 404 640 
0 285 406 640 
0 283 407 640 
0 282 409 640 
0 281 410 640 
0 280 410 640 
0 279 411 640 
0 278 412 640 
0 277 413 640 
0 276 414 640 
0 276 415 640 
0 275 416 640 
0 274 417 640 
0 274 418 640 
0 273 419 640 
0 272 419 640 
0 272 420 640 
0 271 420 640 
0 271 420 640 
0 270 421 640 
0 270 421 640 
0 269 422 640 
0 269 422 640 
0 268 422 640 
0 268 423 640 
0 267 423 640 
0 267 424 640 
0 266 424 640 
0 266 425 640 
0 265 425 640 
0 265 426 640 
0 265 426 640 
0 264 426 640 
0 264 427 640 
0 263 427 640 
0 263 427 640 
0 263 428 640 
0 262 428 640 
0 262 428 640 
0 262 428 640 
0 261 429 640 
0 261 429 640 
0 261 429 640 
0 260 430 640 
0 260 430 640 
0 260 431 640 
0 260 431 640 
0 259 431 640 
0 259 432 640 
0 259 432 640 
0 258 432 640 
0 258 433 640 
0 258 433 640 
0 258 433 640 
0 258 433 640 
0 257 433 640 
0 257 434 640 
0 257 260 262 434 640 
0 257 260 262 434 640 
0 257 260 262 434 640 
0 257 259 262 434 640 
0 257 259 262 434 640 
0 256 258 263 435 640 
0 256 258 263 435 640 
0 263 435 640 
0 263 435 640 
0 263 435 640 
0 263 435 640 
0 263 436 640 
0 263 436 640 
0 264 266 267 436 640 
0 264 266 268 436 640 
0 264 266 268 436 640 
0 264 266 268 437 640 
0 265 266 269 437 640 
0 265 266 269 437 640 
0 265 266 269 437 640 
0 270 437 640 
0 270 437 640 
0 271 437 640 
0 271 437 640 
0 272 276 277 438 640 
0 272 276 278 438 640 
0 273 276 278 438 640 
0 273 276 278 288 290 438 640 
0 274 276 279 282 284 289 292 438 640 
0 275 277 279 281 283 290 292 438 640 
0 275 277 279 281 285 290 292 438 640 
0 279 281 287 290 292 438 640 
0 288 290 292 438 640 
0 289 290 292 439 640 
0 291 439 640 
0 290 439 640 
0 290 439 640 
0 290 439 640 
0 289 439 640 
0 289 439 640 
0 288 439 640 
0 286 439 640 
0 285 439 640 
0 285 439 640 
0 284 439 640 
0 284 439 640 
0 285 439 640 
0 286 439 640 
0 287 439 640 
0 289 439 640 
0 291 439 640 
0 292 439 640 
0 293 440 640 
0 293 440 640 
0 294 440 640 
0 294 440 640 
0 294 440 640 
0 294 440 640 
0 295 440 640 
0 296 440 640 
0 297 440 640 
0 298 440 640 
0 299 440 640 
0 299 440 640 
0 299 440 640 
0 300 440 640 
0 301 440 640 
0 303 440 640 
0 304 440 640 
0 305 440 640 
0 305 440 640 
0 306 440 640 
0 306 440 640 
0 307 440 640 
0 307 440 640 
0 308 440 640 
0 308 440 640 
0 309 440 640 
0 310 440 640 
0 311 440 640 
0 313 440 640 
0 313 440 640 
0 313 440 640 
0 313 440 640 
0 313 440 640 
0 313 440 640 
0 313 439 640 
0 313 439 640 
0 313 439 640 
0 313 439 640 
0 313 439 640 
0 313 439 640 
0 313 439 640 
0 313 439 640 
0 313 439 640 
0 312 439 640 
0 312 439 640 
0 312 439 640 
0 312 439 640 
0 312 439 640 
0 312 439 640 
0 312 439 640 
0 312 439 640 
0 312 439 640 
0 312 439 640 
0 311 439 640 
0 311 439 640 
0 311 439 640 
0 311 439 640 
0 311 439 640 
0 310 439 640 
0 310 439 640 
0 310 439 640 
0 310 439 640 
0 309 439 640 
0 308 439 640 
0 307 439 640 
0 306 439 640 
0 306 439 640 
0 305 439 640 
0 304 439 640 
0 304 439 640 
0 303 440 640 
0 302 440 640 
0 302 440 640 
0 301 440 640 
0 300 440 640 
0 300 440 640 
0 300 440 640 
0 300 440 640 
0 300 441 640 
0 300 441 640 
0 300 441 640 
0 299 441 640 
0 299 441 640 
0 298 441 640 
0 298 441 640 
0 298 441 640 
0 297 441 640 
0 297 441 640 
0 295 442 640 
0 295 442 640 
0 293 442 640 
0 292 442 640 
0 291 442 640 
0 290 442 640 
0 289 442 640 
0 288 442 640 
0 287 442 640 
0 285 442 640 
0 284 443 640 
0 283 443 640 
0 282 443 640 
0 281 443 640 
0 280 443 640 
0 279 443 640 
0 279 282 289 443 640 
0 289 443 640 
0 289 443 640 
0 288 443 640 
0 288 444 640 
0 287 444 640 
0 287 444 640 
0 286 444 640 
0 285 444 640 
0 285 444 640 
0 284 444 640 
0 284 444 640 
0 284 444 640 
0 283 444 640 
0 283 444 640 
0 282 445 640 
0 282 445 640 
0 282 445 640 
0 281 445 640 
0 280 445 640 
0 280 445 640 
0 280 445 640 
0 279 445 640 
0 279 445 640 
0 278 445 640 
0 278 446 640 
0 278 446 640 
0 279 446 640 
0 279 446 640 
0 280 446 640 
0 280 446 640 
0 280 446 640 
0 280 446 640 
0 279 446 640 
0 279 446 640 
0 278 447 640 
0 278 447 640 
0 278 447 640 
0 277 447 640 
0 277 447 640 
0 276 447 640 
0 276 447 640 
0 275 447 640 
0 275 447 640 
0 275 447 640 
0 274 447 640 
0 274 447 640 
0 274 447 640 
0 273 448 640 
0 273 448 640 
0 273 448 640 
0 273 448 640 
0 273 448 640 
0 272 448 640 
0 272 448 640 
0 272 448 640 
0 272 448 640 
0 271 448 640 
0 271 448 640 
0 271 448 640 
0 271 448 640 
0 270 448 640 
0 270 448 640 
0 270 448 640 
0 270 448 640 
0 270 448 640 
0 270 448 640 
0 270 448 640 
0 270 448 640 
0 270 448 640 
0 270 448 640 
0 270 448 640 
0 271 448 640 
0 271 448 640 
0 271 448 640 
0 271 448 640 
0 272 448 640 
0 272 448 640 
0 272 448 640 
0 272 448 640 
0 272 448 640 
0 273 448 640 
0 273 448 640 
0 273 448 640 
0 273 448 640 
0 273 448 640 
0 274 448 640 
0 274 448 640 
0 274 448 640 
0 275 448 640 
0 275 448 640 
0 275 448 640 
0 275 448 640 
0 276 448 640 
0 276 448 640 
0 277 448 640 
0 277 448 640 
0 277 448 640 
0 278 447 640 
0 278 447 640 
0 278 447 640 
0 279 447 640 
0 279 447 640 
0 279 447 640 
0 280 447 640 
0 280 447 640 
0 281 447 640 
0 281 447 640 
0 282 447 640 
0 282 447 640 
0 282 447 640 
0 283 447 640 
0 283 447 640 
0 283 447 640 
0 284 448 640 
0 284 448 640 
0 285 448 640 
0 285 448 640 
0 285 448 640 
0 285 448 640 
0 286 448 640 
0 286 448 640 
0 286 448 640 
0 287 448 640 
0 287 448 640 
0 287 448 640 
0 287 448 640 
0 288 449 640 
0 288 449 640 
0 288 449 640 
0 288 449 640 
0 288 449 640 
0 288 450 640 
0 288 450 640 
0 288 451 640 
0 288 451 640 
0 288 451 640 
0 288 452 640 
0 288 452 640 
0 288 453 640 
0 287 453 640 
0 287 453 640 
0 287 454 640 
0 287 455 640 
0 287 455 640 
0 287 455 640 
0 287 456 640 
0 287 456 640 
0 286 457 640 
0 286 457 640 
0 286 457 640 
0 286 458 640 
0 286 458 640 
0 285 458 640 
0 285 459 640 
0 285 459 640 
0 285 460 640 
0 285 460 640 
0 285 460 640 
0 285 461 640 
0 285 461 640 
0 284 461 640 
0 284 462 640 
0 284 462 640 
0 284 462 640 
0 284 462 640 
0 284 463 640 
0 284 463 640 
0 284 463 640 
0 283 464 640 
0 283 464 640 
0 283 464 640 
0 283 464 640 
0 283 465 640 
0 283 465 640 
0 282 466 640 
0 282 466 640 
0 283 466 640 
0 283 466 640 
