0 640 
0 640 
0 640 
0 640 
0 640 
0 640 
0 640 
0 640 
0 640 
0 640 
0 640 
0 640 
0 640 
0 640 
0 640 
0 640 
0 640 
0 640 
0 640 
0 640 
0 640 
0 640 
0 640 
0 640 
0 640 
0 640 
0 640 
0 640 
0 640 
0 640 
0 640 
0 640 
0 640 
0 640 
0 640 
0 640 
0 640 
0 640 
0 640 
0 640 
0 640 
0 640 
0 640 
0 640 
0 640 
0 640 
0 640 
0 640 
0 640 
0 640 
0 640 
0 640 
0 640 
0 640 
0 640 
0 640 
0 640 
0 640 
0 640 
0 640 
0 640 
0 640 
0 640 
0 640 
0 640 
0 640 
0 640 
0 640 
0 640 
0 640 
0 640 
0 640 
0 640 
0 640 
0 640 
0 640 
0 640 
0 640 
0 640 
0 640 
0 640 
0 640 
0 640 
0 640 
0 640 
0 640 
0 640 
0 640 
0 640 
0 640 
0 640 
0 640 
0 640 
0 640 
0 640 
0 640 
0 640 
0 640 
0 640 
0 640 
0 640 
0 640 
0 640 
0 640 
0 640 
0 640 
0 640 
0 640 
0 640 
0 640 
0 640 
0 640 
0 640 
0 640 
0 640 
0 640 
0 640 
0 640 
0 640 
0 422 432 640 
0 421 434 640 
0 419 435 640 
0 418 436 640 
0 416 437 640 
0 416 437 640 
0 415 438 640 
0 414 438 640 
0 414 439 640 
0 413 439 640 
0 412 440 640 
0 412 440 640 
0 411 440 640 
0 410 440 640 
0 410 440 640 
0 410 440 640 
0 409 439 640 
0 408 439 640 
0 408 439 640 
0 408 439 640 
0 407 440 640 
0 406 440 640 
0 405 440 640 
0 390 392 402 441 640 
0 390 395 401 441 640 
0 392 397 399 441 640 
0 393 441 640 
0 395 442 640 
0 396 442 640 
0 396 443 640 
0 396 443 640 
0 395 445 640 
0 393 449 640 
0 391 453 640 
0 389 458 640 
0 386 462 640 
0 384 467 640 
0 383 470 640 
0 382 471 640 
0 382 472 640 
0 381 471 640 
0 382 391 401 470 640 
0 383 387 401 469 640 
0 402 468 640 
0 402 467 640 
0 402 465 640 
0 403 457 458 464 640 
0 404 450 640 
0 405 450 640 
0 405 452 640 
0 405 453 640 
0 405 454 640 
0 405 455 640 
0 405 456 640 
0 405 457 640 
0 405 457 640 
0 405 458 640 
0 405 459 640 
0 405 459 640 
0 405 459 640 
0 406 459 640 
0 407 460 640 
0 406 461 640 
0 406 462 640 
0 406 463 640 
0 406 464 640 
0 405 456 458 465 640 
0 405 456 459 460 463 465 640 
0 404 456 640 
0 404 455 640 
0 404 454 640 
0 403 445 446 450 451 453 640 
0 403 445 446 449 452 453 640 
0 402 445 446 448 640 
0 402 445 640 
0 402 445 640 
0 402 446 640 
0 402 446 640 
0 402 446 469 474 640 
0 402 446 465 474 640 
0 403 446 462 474 640 
0 403 446 460 474 640 
0 404 446 458 474 640 
0 404 446 456 474 640 
0 405 446 454 473 640 
0 405 446 452 473 640 
0 406 445 450 473 640 
0 406 444 448 472 640 
0 406 443 447 472 640 
0 406 443 446 472 640 
0 406 471 640 
0 406 471 640 
0 407 470 640 
0 407 470 640 
0 408 469 640 
0 408 469 640 
0 410 468 640 
0 412 467 640 
0 412 467 640 
0 413 466 640 
0 413 465 640 
0 413 465 640 
0 413 465 640 
0 414 464 474 490 640 
0 414 464 467 499 640 
0 414 463 466 499 504 506 508 510 640 
0 415 463 465 499 504 509 640 
0 415 500 504 507 640 
0 415 505 640 
0 415 505 640 
0 415 505 640 
0 414 507 640 
0 413 509 640 
0 413 511 640 
0 413 513 640 
0 413 516 640 
0 412 517 640 
0 412 515 640 
0 412 515 640 
0 412 515 640 
0 412 518 640 
0 411 521 640 
0 411 524 640 
0 410 526 640 
0 408 528 640 
0 407 526 640 
0 405 520 640 
0 404 521 640 
0 402 522 640 
0 401 524 640 
0 400 525 640 
0 399 529 640 
0 398 524 526 530 640 
0 397 525 526 530 640 
0 396 531 640 
0 395 406 407 521 526 532 640 
0 379 389 395 405 407 521 528 529 532 533 640 
0 378 391 394 403 406 520 640 
0 377 403 405 521 640 
0 377 522 640 
0 377 523 640 
0 377 520 522 523 640 
0 377 521 522 524 640 
0 377 525 640 
0 378 522 524 526 640 
0 378 521 525 527 640 
0 379 523 527 528 640 
0 381 524 640 
0 384 525 640 
0 384 526 640 
0 384 387 388 527 640 
0 383 387 390 521 524 527 640 
0 383 387 391 521 640 
0 383 387 392 521 640 
0 382 387 392 521 640 
0 383 387 393 524 640 
0 384 386 393 434 439 526 640 
0 394 433 440 526 640 
0 394 433 441 524 525 527 640 
0 396 432 442 527 640 
0 397 402 406 432 444 528 640 
0 398 400 406 432 446 530 640 
0 398 400 407 432 446 519 520 533 640 
0 399 401 409 431 447 518 523 529 532 535 640 
0 61 63 399 402 414 431 447 518 525 529 534 536 640 
0 61 64 399 402 415 431 447 518 528 530 640 
0 61 64 400 403 415 430 448 519 640 
0 60 65 400 403 415 430 448 520 640 
0 59 66 401 402 415 430 448 504 505 520 640 
0 58 67 401 402 415 430 448 504 507 508 510 523 640 
0 58 66 415 429 448 505 511 515 519 527 640 
0 60 64 415 429 449 467 469 506 513 515 523 529 640 
0 61 64 415 429 449 467 471 507 514 515 640 
0 61 64 415 428 449 467 473 494 495 510 515 516 640 
0 61 64 415 428 449 467 475 493 497 513 640 
0 61 64 416 428 449 467 476 493 499 504 508 513 640 
0 60 64 416 428 449 467 477 493 500 505 510 513 640 
0 60 64 416 427 449 467 479 493 501 505 512 514 640 
0 60 64 417 427 449 467 480 493 502 506 514 516 640 
0 59 64 417 427 450 466 484 493 504 506 640 
0 58 65 418 426 450 466 486 493 505 507 640 
0 54 66 419 426 450 466 487 493 505 507 640 
0 52 67 420 425 450 465 488 493 506 508 640 
0 50 70 422 423 451 465 488 493 507 508 640 
0 49 73 451 465 490 492 508 509 640 
0 48 75 452 464 490 492 640 
0 48 75 453 461 488 491 640 
0 49 75 455 459 489 491 640 
0 50 74 489 491 640 
0 50 73 489 491 640 
0 50 73 640 
0 50 73 640 
0 50 73 640 
0 50 73 640 
0 50 73 640 
0 50 73 640 
0 50 73 640 
0 50 73 640 
0 50 73 640 
0 50 73 640 
0 50 73 640 
0 50 73 640 
0 50 73 640 
0 49 73 640 
0 48 73 640 
0 45 74 640 
0 44 77 640 
0 41 78 640 
0 34 80 640 
0 32 88 640 
0 32 89 640 
0 31 90 640 
0 31 91 640 
0 30 91 237 240 640 
0 30 91 237 240 640 
0 29 92 236 241 640 
0 29 92 235 242 640 
0 28 93 234 243 640 
0 28 93 234 243 640 
0 27 93 233 244 640 
0 27 94 107 109 232 245 640 
0 26 94 106 110 232 245 640 
0 26 95 106 111 231 246 640 
0 25 95 105 111 230 246 640 
0 25 95 104 112 230 247 640 
0 26 96 104 112 229 248 640 
0 27 95 103 113 228 248 640 
0 28 94 103 114 228 249 640 
0 28 94 102 114 227 250 640 
0 28 94 101 115 227 250 640 
0 28 94 101 115 226 251 640 
0 27 93 100 116 226 251 640 
0 27 93 99 117 226 251 640 
0 27 93 99 117 226 251 640 
0 27 93 98 118 226 251 640 
0 27 93 97 118 226 251 640 
0 27 93 97 119 226 251 640 
0 27 93 96 119 226 251 640 
0 27 93 95 120 226 251 640 
0 27 93 95 121 226 251 640 
0 27 93 95 121 226 251 640 
0 27 93 95 121 226 251 640 
0 27 93 95 121 226 251 640 
0 27 93 95 121 226 251 640 
0 27 93 95 121 226 251 640 
0 27 93 95 121 227 251 640 
0 27 93 95 121 227 250 640 
0 27 93 95 121 227 250 640 
0 27 93 95 121 227 250 640 
0 27 93 95 121 227 250 640 
0 27 93 95 121 227 250 640 
0 27 93 94 120 227 250 640 
0 27 93 94 120 227 250 640 
0 26 93 94 120 227 250 640 
0 26 93 94 120 227 250 640 
0 26 93 94 120 227 250 640 
0 26 93 95 121 227 250 640 
0 26 93 95 132 227 250 640 
0 26 93 95 155 227 250 640 
0 26 93 95 183 227 250 640 
0 26 93 95 205 227 250 640 
0 25 208 227 250 640 
0 14 209 227 250 640 
210 227 250 640 
212 227 250 640 
213 227 250 640 
214 227 250 640 
215 227 250 640 
216 227 250 640 
217 227 250 640 
218 227 250 640 
219 227 250 640 
220 227 250 640 
221 227 250 640 
222 227 250 640 
223 227 250 640 
224 227 250 640 
225 227 250 640 
250 640 
250 640 
250 640 
250 640 
250 640 
250 640 
250 640 
250 640 
250 640 
250 640 
250 640 
250 640 
249 640 
249 640 
249 640 
249 640 
249 640 
249 640 
249 640 
249 640 
249 640 
249 640 
249 640 
249 640 
249 640 
249 640 
249 640 
249 640 
249 640 
249 640 
249 640 
249 640 
249 640 
249 640 
249 640 
249 640 
249 640 
249 640 
249 640 
249 640 
249 640 
249 640 
249 640 
249 640 
249 640 
249 640 
249 640 
249 640 
249 640 
249 640 
249 640 
249 640 
249 640 
249 640 
249 640 
249 640 
249 640 
249 640 
249 640 
249 640 
249 640 
249 640 
249 640 
249 640 
249 640 
249 640 
249 640 
249 640 
249 640 
249 640 
249 640 
249 640 
249 640 
249 640 
249 640 
249 640 
249 640 
249 640 
249 640 
249 640 
249 640 
249 640 
248 640 
