477 640 
477 640 
476 640 
476 640 
475 640 
475 640 
474 640 
474 640 
473 640 
472 640 
471 640 
471 640 
471 472 474 640 
471 472 474 640 
473 640 
476 640 
476 640 
476 640 
476 640 
476 640 
476 640 
476 640 
476 640 
476 640 
476 640 
476 640 
477 640 
476 640 
476 640 
477 640 
477 640 
476 640 
475 640 
475 640 
475 640 
475 640 
476 640 
476 640 
477 640 
477 640 
477 640 
478 640 
478 640 
478 640 
478 640 
477 478 479 640 
477 478 480 640 
480 640 
478 479 481 640 
481 640 
483 640 
483 640 
482 483 485 487 488 640 
484 640 
493 494 505 640 
501 503 507 509 510 640 
507 509 511 640 
511 640 
510 640 
510 513 515 640 
515 640 
515 640 
515 640 
515 640 
516 640 
516 640 
516 640 
517 640 
517 640 
517 640 
516 640 
515 517 518 640 
518 640 
518 640 
518 640 
518 640 
517 640 
517 518 519 640 
517 518 520 640 
520 640 
519 640 
519 640 
520 525 527 640 
523 525 527 529 530 640 
521 522 527 529 530 531 532 640 
532 640 
533 640 
533 640 
534 640 
535 640 
535 640 
536 640 
534 535 536 640 
537 640 
538 640 
538 640 
539 640 
536 537 539 640 
537 538 539 640 
537 640 
537 640 
536 640 
535 640 
533 640 
532 640 
531 640 
529 640 
528 640 
528 640 
526 640 
526 527 529 640 
530 640 
531 640 
532 640 
533 640 
535 640 
535 640 
536 640 
537 640 
538 640 
538 640 
538 640 
536 537 539 640 
536 538 540 640 
537 538 539 640 
538 640 
538 640 
538 640 
538 640 
538 640 
537 640 
537 640 
538 640 
539 640 
537 538 539 640 
537 538 540 640 
538 539 541 640 
542 640 
539 540 543 640 
544 640 
544 640 
544 640 
543 640 
543 640 
543 640 
543 640 
541 542 544 640 
169 185 541 542 544 640 
168 191 542 543 545 640 
168 194 545 640 
167 197 546 640 
167 200 546 640 
167 202 546 640 
166 205 546 640 
165 208 546 640 
164 211 545 640 
164 215 545 640 
163 219 545 640 
162 222 545 546 548 640 
162 226 545 546 548 640 
162 230 548 640 
162 235 546 547 548 640 
163 239 546 547 548 640 
164 243 547 640 
165 245 547 640 
166 248 547 548 549 640 
167 249 550 640 
169 171 173 251 550 640 
174 254 548 549 551 640 
178 180 182 256 551 640 
184 259 551 640 
182 262 550 568 569 640 
179 267 550 567 570 640 
174 271 550 566 567 568 570 640 
170 275 550 564 570 640 
165 280 549 563 570 640 
158 283 549 562 570 640 
149 286 548 561 569 640 
142 289 548 560 568 640 
137 291 548 559 568 640 
128 293 547 556 568 640 
118 294 547 555 567 640 
110 295 546 551 567 607 608 640 
107 297 546 550 567 601 602 603 605 607 608 640 
104 298 545 549 567 600 606 607 609 640 
102 300 545 547 567 589 593 594 595 599 609 640 
100 301 544 545 567 589 596 599 607 608 609 640 
99 303 566 574 575 576 577 589 596 599 607 608 609 640 
98 304 566 573 577 580 583 589 593 594 597 598 607 608 609 640 
98 306 566 573 581 586 587 589 609 640 
98 307 566 572 581 582 583 586 588 589 608 640 
98 309 566 569 570 571 583 586 607 640 
98 310 566 568 584 586 607 640 
98 311 565 567 582 583 607 640 
98 313 564 566 582 583 607 640 
98 314 607 640 
98 316 606 640 
99 317 606 640 
99 319 606 640 
101 320 605 640 
102 321 607 640 
106 323 607 640 
110 324 606 640 
109 326 606 640 
109 327 606 640 
109 329 606 640 
108 330 606 640 
108 331 606 640 
109 333 606 640 
110 334 605 640 
111 335 609 640 
111 337 610 640 
112 338 610 640 
113 340 608 640 
114 341 608 640 
115 343 607 640 
117 344 606 640 
118 346 605 640 
120 347 605 640 
121 122 123 348 604 640 
123 350 583 640 
123 351 579 640 
123 352 576 640 
123 354 574 640 
124 355 572 640 
124 357 571 640 
125 358 569 640 
125 360 567 640 
126 361 565 640 
126 362 563 640 
127 364 561 640 
127 365 540 546 549 640 
128 366 538 640 
129 368 536 640 
129 369 535 640 
132 371 534 640 
139 372 531 640 
144 147 148 374 529 640 
148 375 527 640 
148 376 526 640 
148 378 524 640 
148 379 523 640 
148 381 522 640 
148 382 522 640 
148 383 521 640 
148 385 521 640 
148 386 521 640 
149 388 521 640 
145 146 147 389 521 640 
137 390 521 640 
136 392 521 640 
136 393 519 640 
136 394 500 503 520 640 
136 395 500 506 520 640 
136 397 500 508 519 640 
136 398 500 511 519 640 
136 400 497 498 499 640 
137 401 492 495 497 640 
137 402 492 640 
137 403 490 640 
138 405 490 640 
138 406 490 640 
138 408 490 640 
138 273 274 409 490 640 
139 270 275 410 490 640 
139 269 276 412 490 640 
139 267 278 413 491 640 
140 266 279 414 491 640 
140 264 280 415 491 640 
140 262 281 417 491 640 
141 260 282 418 491 640 
141 259 283 419 489 640 
142 257 285 420 487 640 
142 255 285 421 483 640 
143 253 288 423 480 640 
144 251 289 424 476 640 
144 251 290 425 472 640 
145 250 291 426 468 640 
146 249 292 427 465 640 
146 248 294 428 462 640 
147 247 295 429 459 640 
148 246 296 430 455 640 
149 245 297 432 452 640 
150 244 299 433 449 640 
151 243 300 434 447 640 
152 242 301 435 444 640 
153 241 303 437 441 640 
154 240 304 640 
155 239 304 640 
157 238 306 640 
158 237 307 640 
159 235 308 640 
160 235 309 640 
162 234 310 640 
163 233 311 640 
164 233 313 640 
165 232 314 640 
165 232 315 640 
165 231 315 640 
166 231 318 640 
166 230 320 640 
166 230 320 640 
167 230 321 640 
167 230 322 640 
168 229 323 640 
168 229 324 640 
168 229 325 640 
169 228 326 640 
169 228 328 640 
168 227 328 640 
168 227 330 640 
167 228 330 640 
167 228 333 640 
167 228 333 640 
167 229 335 640 
167 229 335 640 
167 229 337 640 
168 229 338 640 
168 229 339 640 
170 229 340 640 
170 229 341 640 
170 228 343 640 
171 227 344 640 
172 225 344 640 
173 220 346 640 
175 210 346 640 
349 640 
349 640 
350 640 
352 640 
353 640 
355 640 
356 640 
356 640 
358 640 
359 640 
361 640 
362 640 
363 640 
364 640 
366 640 
367 640 
368 640 
369 640 
371 640 
373 640 
374 640 
375 640 
376 640 
379 640 
380 640 
382 640 
384 640 
386 640 
388 640 
390 640 
392 640 
394 640 
396 640 
398 498 506 640 
401 491 505 640 
403 485 505 640 
405 477 505 640 
408 470 505 640 
412 464 505 640 
414 456 505 640 
418 448 505 640 
422 439 505 640 
505 640 
505 640 
505 640 
505 640 
505 640 
504 640 
505 640 
504 640 
504 640 
504 640 
504 640 
504 640 
504 640 
504 640 
504 640 
505 640 
504 640 
504 640 
504 640 
504 640 
504 640 
504 640 
504 640 
504 640 
504 640 
504 640 
504 640 
504 640 
504 640 
504 640 
504 640 
504 640 
504 640 
504 640 
504 640 
504 640 
504 640 
504 640 
505 640 
505 640 
505 640 
505 640 
505 640 
505 640 
505 640 
505 640 
505 640 
505 640 
504 640 
504 640 
504 640 
504 640 
504 640 
504 640 
504 640 
504 640 
504 640 
504 640 
504 640 
504 640 
504 640 
504 640 
504 640 
504 640 
504 640 
504 640 
504 640 
504 640 
504 640 
504 640 
503 640 
503 640 
504 640 
504 640 
503 640 
503 640 
503 640 
503 640 
503 640 
503 640 
503 640 
503 640 
503 640 
503 640 
503 640 
503 640 
503 640 
503 640 
503 640 
502 640 
502 640 
502 640 
502 640 
502 640 
502 640 
502 640 
502 640 
502 640 
502 640 
502 640 
502 640 
501 640 
501 640 
501 640 
501 640 
501 640 
501 640 
501 640 
501 640 
501 640 
502 640 
502 640 
