0 640 
0 640 
0 640 
0 640 
0 640 
0 640 
0 640 
0 640 
0 640 
0 640 
0 640 
0 640 
0 640 
0 640 
0 640 
0 640 
0 640 
0 640 
0 640 
0 640 
0 640 
0 640 
0 640 
0 640 
0 640 
0 640 
0 640 
0 640 
0 640 
0 640 
0 640 
0 640 
0 640 
0 640 
0 640 
0 640 
0 640 
0 285 286 640 
0 284 288 640 
0 283 289 640 
0 283 290 640 
0 283 290 640 
0 282 291 640 
0 282 291 640 
0 282 292 640 
0 282 292 640 
0 282 293 640 
0 282 293 640 
0 282 294 640 
0 282 294 640 
0 281 295 640 
0 281 296 640 
0 281 296 456 457 640 
0 281 297 455 457 640 
0 281 298 454 457 640 
0 281 298 453 456 640 
0 281 299 453 456 640 
0 281 299 452 456 640 
0 281 300 451 456 640 
0 281 301 450 455 640 
0 280 301 450 455 640 
0 280 302 449 455 640 
0 280 302 448 455 640 
0 280 303 448 455 640 
0 280 304 447 454 640 
0 280 304 446 454 640 
0 280 305 446 454 640 
0 280 305 445 454 640 
0 280 306 444 454 640 
0 280 306 444 454 640 
0 280 307 443 454 640 
0 280 307 442 454 640 
0 280 308 320 356 442 453 640 
0 279 308 314 374 441 453 640 
0 244 247 258 309 312 387 440 453 640 
0 243 396 439 453 640 
0 242 401 439 453 640 
0 243 406 438 453 640 
0 243 411 438 453 640 
0 244 414 437 453 640 
0 245 416 436 453 640 
0 246 418 436 453 640 
0 247 419 435 453 640 
0 248 420 434 453 640 
0 249 421 433 453 640 
0 250 422 431 453 640 
0 251 422 430 453 640 
0 252 423 428 453 640 
0 253 423 427 453 640 
0 255 423 426 453 640 
0 256 453 640 
0 257 455 640 
0 258 457 640 
0 260 460 640 
0 261 461 640 
0 262 462 640 
0 264 462 640 
0 265 463 640 
0 267 463 640 
0 269 463 640 
0 271 464 640 
0 271 464 640 
0 270 464 640 
0 268 465 640 
0 267 465 640 
0 265 465 640 
0 264 465 640 
0 262 465 640 
0 261 465 640 
0 260 465 640 
0 258 465 640 
0 257 466 640 
0 256 468 640 
0 255 470 640 
0 254 473 640 
0 252 476 640 
0 251 478 640 
0 250 481 640 
0 249 483 640 
0 248 486 640 
0 247 488 640 
0 246 490 640 
0 244 492 640 
0 243 492 640 
0 242 491 640 
0 241 489 640 
0 240 487 640 
0 239 484 640 
0 238 482 640 
0 237 480 640 
0 236 477 640 
0 235 475 640 
0 234 472 640 
0 233 469 640 
0 232 466 640 
0 232 247 250 462 640 
0 232 242 251 459 640 
0 233 236 252 459 640 
0 254 463 640 
0 256 465 640 
0 259 467 640 
0 261 468 640 
0 264 469 640 
0 268 472 640 
0 272 473 640 
0 278 473 640 
0 284 474 640 
0 288 474 640 
0 290 473 640 
0 290 473 640 
0 289 472 640 
0 288 470 640 
0 287 467 640 
0 287 464 640 
0 286 452 456 460 640 
0 286 451 640 
0 285 446 640 
0 285 433 640 
0 285 430 640 
0 285 430 640 
0 285 430 640 
0 285 431 640 
0 285 431 640 
0 285 431 640 
0 285 431 640 
0 285 431 640 
0 285 431 640 
0 285 431 640 
0 285 431 640 
0 286 431 640 
0 286 431 640 
0 286 431 640 
0 286 431 640 
0 286 431 640 
0 287 431 640 
0 287 431 640 
0 287 431 640 
0 287 431 640 
0 287 431 640 
0 287 431 640 
0 287 430 640 
0 287 430 640 
0 287 430 640 
0 286 430 640 
0 286 430 640 
0 286 429 640 
0 286 429 640 
0 286 429 640 
0 286 428 640 
0 286 428 640 
0 286 428 640 
0 286 427 640 
0 285 427 640 
0 285 427 640 
0 285 427 640 
0 285 426 640 
0 285 426 640 
0 285 426 640 
0 285 425 640 
0 285 425 640 
0 285 425 640 
0 285 424 640 
0 285 424 640 
0 285 424 640 
0 284 423 640 
0 284 423 640 
0 284 423 640 
0 284 423 640 
0 284 422 640 
0 284 422 640 
0 284 422 640 
0 284 422 640 
0 284 422 640 
0 284 422 640 
0 284 422 640 
0 284 421 640 
0 284 421 640 
0 284 421 640 
0 284 421 640 
0 284 421 640 
0 284 421 640 
0 283 421 640 
0 283 421 640 
0 283 421 640 
0 283 421 640 
0 283 421 640 
0 283 421 640 
0 283 421 640 
0 283 421 640 
0 283 421 640 
0 283 421 640 
0 283 421 640 
0 283 421 640 
0 283 421 640 
0 283 421 640 
0 283 421 640 
0 283 421 640 
0 283 421 640 
0 283 421 640 
0 283 421 640 
0 283 421 640 
0 283 421 640 
0 283 421 640 
0 283 421 640 
0 283 421 640 
0 283 421 640 
0 283 421 640 
0 283 421 640 
0 283 421 640 
0 283 421 640 
0 283 421 640 
0 283 421 640 
0 283 421 640 
0 283 421 640 
0 283 421 640 
0 283 421 640 
0 283 421 640 
0 283 421 640 
0 283 421 640 
0 283 421 640 
0 283 421 640 
0 283 421 640 
0 283 421 640 
0 283 421 640 
0 283 421 640 
0 283 421 640 
0 283 421 640 
0 284 421 640 
0 284 421 640 
0 284 420 640 
0 281 420 640 
0 277 420 640 
0 272 420 640 
0 269 420 640 
0 266 421 640 
0 264 422 640 
0 262 423 640 
0 261 425 640 
0 259 426 640 
0 257 427 640 
0 256 428 640 
0 254 429 640 
0 253 430 640 
0 251 431 640 
0 250 432 640 
0 249 433 640 
0 248 434 640 
0 246 435 640 
0 245 436 640 
0 243 436 640 
0 242 437 640 
0 241 438 640 
0 239 438 640 
0 238 439 640 
0 237 440 640 
0 236 440 640 
0 235 441 640 
0 234 441 640 
0 232 442 640 
0 231 442 640 
0 230 442 640 
0 229 443 640 
0 228 443 640 
0 227 443 640 
0 226 444 640 
0 225 444 640 
0 225 444 640 
0 223 445 640 
0 223 445 640 
0 222 445 640 
0 221 446 640 
0 221 446 640 
0 220 447 640 
0 219 447 640 
0 219 447 640 
0 218 448 640 
0 218 448 640 
0 218 448 640 
0 217 449 640 
0 217 449 640 
0 216 450 640 
0 216 450 640 
0 216 450 640 
0 216 451 640 
0 216 451 640 
0 216 451 640 
0 215 452 640 
0 215 452 640 
0 215 452 640 
0 216 452 640 
0 216 453 640 
0 216 453 640 
0 216 453 640 
0 216 453 640 
0 217 454 640 
0 217 454 640 
0 217 454 640 
0 215 455 640 
0 214 455 640 
0 213 455 640 
0 212 455 640 
0 211 455 640 
0 210 455 640 
0 210 455 640 
0 209 455 640 
0 208 455 640 
0 207 455 640 
0 206 455 640 
0 205 455 640 
0 204 455 640 
0 203 454 640 
0 203 454 640 
0 202 454 640 
0 202 453 640 
0 201 453 640 
0 201 453 640 
0 201 452 640 
0 201 452 640 
0 201 451 640 
0 201 451 640 
0 201 450 640 
0 202 449 640 
0 202 448 640 
0 202 448 640 
0 202 276 279 447 640 
0 201 271 279 446 640 
0 200 266 279 445 640 
0 200 265 278 444 640 
0 199 264 278 443 640 
0 198 264 278 443 640 
0 198 263 278 443 640 
0 197 263 274 443 640 
0 197 263 268 443 640 
0 196 443 640 
0 195 443 640 
0 194 443 640 
0 194 443 640 
0 194 443 640 
0 193 443 640 
0 192 443 640 
0 192 443 640 
0 191 443 640 
0 190 443 640 
0 190 443 640 
0 189 443 640 
0 189 442 640 
0 188 442 640 
0 188 441 640 
0 187 441 640 
0 186 440 640 
0 185 439 640 
0 184 439 640 
0 184 439 640 
0 183 439 640 
0 183 439 640 
0 182 439 640 
0 182 439 640 
0 182 439 640 
0 181 439 640 
0 181 439 640 
0 181 438 640 
0 181 438 640 
0 180 438 640 
0 180 438 640 
0 180 439 640 
0 180 439 640 
0 180 439 640 
0 180 439 640 
0 180 438 640 
0 180 438 640 
0 180 438 640 
0 181 438 640 
0 181 438 640 
0 181 438 640 
0 181 438 640 
0 181 438 640 
0 181 438 640 
0 182 272 273 438 640 
0 182 268 274 438 640 
0 182 265 274 438 640 
0 182 261 274 438 640 
0 183 258 274 438 640 
0 183 254 274 439 640 
0 183 251 274 439 640 
0 184 248 274 439 640 
0 184 244 274 440 640 
0 185 240 274 440 640 
0 185 237 274 440 640 
0 186 233 274 441 640 
0 186 229 274 441 640 
0 187 225 274 441 640 
0 188 221 274 298 300 444 640 
0 189 217 274 298 300 452 640 
0 190 213 274 298 300 460 640 
0 192 208 273 297 300 465 640 
0 194 203 273 297 301 466 640 
0 273 297 301 467 640 
0 273 297 301 467 640 
0 274 297 301 467 640 
0 274 297 302 467 640 
0 274 296 302 467 640 
0 274 296 302 467 640 
0 274 296 302 466 640 
0 274 296 302 466 640 
0 274 296 302 466 640 
0 274 296 302 466 640 
0 274 296 302 465 640 
0 274 296 302 465 640 
0 274 296 302 465 640 
0 274 296 302 465 640 
0 274 295 302 464 640 
0 274 295 302 464 640 
0 274 295 302 463 640 
0 274 295 302 463 640 
0 274 295 303 462 640 
0 275 295 303 462 640 
0 275 295 303 462 640 
0 275 295 303 461 640 
0 273 461 640 
0 266 460 640 
0 261 459 640 
0 257 459 640 
0 252 458 640 
0 249 457 640 
0 246 457 640 
0 243 456 640 
0 241 455 640 
0 239 454 640 
0 236 454 640 
0 234 453 640 
0 232 452 640 
0 230 452 640 
0 228 451 640 
0 227 450 640 
0 225 450 640 
0 224 449 640 
0 225 449 640 
0 226 448 640 
0 226 448 640 
0 227 448 640 
