










































































































344 349 
341 342 343 347 348 349 
340 347 348 349 
337 347 348 349 
332 346 
331 346 347 348 
331 346 
330 345 
330 346 
330 346 
329 345 
329 345 
329 344 
328 344 345 346 
328 344 345 346 
328 344 345 346 
328 344 345 346 
328 343 345 346 
328 343 345 346 
328 343 
328 343 
328 344 
328 344 
328 344 
328 344 
328 344 
328 343 344 345 
328 344 370 395 
329 344 365 398 
329 344 360 401 
329 345 356 405 
329 344 351 408 
329 409 
330 411 
330 412 
329 414 
326 416 
323 417 
320 418 
316 419 
312 421 
308 422 
304 423 
298 424 
294 425 
290 426 
288 426 
286 427 
282 428 
281 429 
280 429 
278 430 
277 430 
276 431 
275 432 
273 432 
272 433 
271 433 
270 434 
270 434 
269 434 
268 435 
268 435 
267 435 
266 436 
266 436 
265 436 
265 437 
264 437 
264 438 
263 438 
263 438 
263 438 
262 439 
262 439 
262 439 
261 439 
261 439 
261 439 
260 440 
260 440 
260 440 
260 440 
260 440 
259 440 
259 441 
259 441 
259 441 
259 441 
259 442 
259 442 
258 442 
258 442 
258 442 
258 442 
258 442 
258 442 
258 442 
258 442 
258 442 
258 442 
258 442 
258 442 
258 443 
259 443 
259 443 
259 443 
259 443 
259 443 
259 443 
259 443 
260 443 
260 443 
260 443 
260 443 
260 443 
260 443 
260 443 
261 443 
261 443 
261 443 
262 443 
262 443 
262 442 
262 442 
262 442 
263 442 
263 442 
263 442 
263 442 
264 442 
264 442 
264 442 
264 442 
265 442 
265 442 
265 441 
266 441 
266 441 
267 441 
267 441 
268 440 
268 440 
269 440 
269 440 
270 439 
270 439 
270 439 
271 439 
271 439 
272 439 
272 438 
273 438 
273 438 
274 438 
274 437 
275 437 
275 436 
276 436 
276 435 
277 435 
278 435 
278 434 
279 434 
280 434 
280 433 
281 433 
281 433 
282 432 
283 432 
283 431 
284 430 
285 430 
286 429 
286 428 
287 428 
288 427 
289 426 
289 426 
290 424 
291 423 
292 422 
292 421 
293 419 
294 418 
295 417 
296 415 
297 413 
298 411 
299 410 
300 408 
301 407 
302 405 
303 404 
304 402 
305 400 
306 397 
307 394 
309 390 
310 387 
311 361 368 382 
313 360 
314 359 
316 358 
318 356 
320 354 
322 352 
324 349 
329 345 
332 342 



































































































































































