182 293 
182 293 
181 294 
180 294 
179 295 
179 295 
178 296 
177 297 
177 297 
176 298 
175 298 
175 298 
174 299 
174 299 
173 299 
173 300 
172 300 
172 300 
171 301 
171 301 
170 301 
170 302 
170 302 
169 302 
169 302 
169 302 
168 302 
168 303 
168 303 
168 303 
167 303 
167 303 
167 303 
167 303 
166 303 
166 303 
166 303 
166 303 
166 303 
166 303 
166 303 
166 303 
166 303 
166 303 
166 303 
166 302 
166 302 
166 302 
166 302 
167 302 
167 302 
167 302 
167 302 
167 302 
168 302 
168 303 
168 303 
169 304 
169 305 
169 305 
169 305 
170 305 
170 305 
170 308 
171 310 
171 313 
172 315 
172 317 
173 319 
173 321 
174 322 
174 324 
175 325 
175 326 
176 327 
177 329 
177 330 
178 330 
179 331 
179 332 
180 333 
180 333 
181 334 
182 335 
183 335 
184 336 
185 336 
185 337 
186 337 
188 338 
189 338 
190 339 
190 339 
192 339 
193 340 
194 340 
196 340 
197 341 
199 341 
201 341 
202 341 
205 342 
207 342 
210 342 
213 342 
217 342 
223 342 
223 342 
219 342 
216 342 
203 210 214 342 
194 342 
193 342 
192 342 
192 342 
191 342 
191 342 
190 342 
190 342 490 497 
190 342 490 499 
190 342 487 500 
190 342 487 501 
189 341 488 502 
189 341 489 503 
189 341 490 503 
188 340 490 504 
187 340 489 504 
186 340 488 504 
185 339 487 504 
184 339 486 504 
182 338 484 504 
181 338 483 504 
180 338 482 504 608 614 
179 337 480 504 598 614 
178 337 479 504 593 614 
177 336 478 504 589 612 
176 335 470 474 477 503 586 612 
175 335 469 503 583 611 
175 334 467 502 579 610 
174 334 466 502 577 610 
173 186 189 333 466 501 574 610 
172 185 189 333 465 500 572 609 
172 184 189 243 244 332 465 500 569 607 
172 185 189 243 245 331 465 499 567 605 
171 242 245 330 465 498 565 603 
171 241 246 330 464 497 562 602 
171 241 246 329 464 496 560 600 
171 240 247 329 462 494 558 598 
172 240 248 329 461 492 556 597 
172 239 249 329 459 490 552 595 
173 178 180 238 250 330 458 488 547 593 
175 176 180 237 251 331 401 417 447 486 544 592 
182 237 252 331 398 421 445 484 540 591 
183 236 253 332 392 424 444 485 537 589 
184 235 254 333 386 427 443 485 535 588 
185 234 255 333 372 429 442 485 533 588 
186 233 256 334 372 432 441 485 531 588 
187 232 257 334 375 435 441 485 529 587 
187 230 259 335 374 437 440 485 527 587 
188 230 260 335 371 485 525 587 
189 230 262 336 368 484 523 587 
189 231 264 336 367 484 521 585 
190 231 265 336 367 484 520 583 
190 232 268 306 311 336 368 476 477 484 519 577 
191 233 270 303 313 335 367 475 476 484 517 576 
191 234 272 299 314 335 366 474 476 483 515 578 
192 234 276 295 315 334 366 474 475 483 512 580 
193 235 281 289 316 334 367 474 475 483 510 581 
193 236 317 333 367 482 507 583 
194 237 318 332 367 482 502 584 
195 238 319 330 366 481 496 585 
195 238 320 329 365 480 491 587 
195 240 320 327 364 480 485 588 
195 241 321 325 363 589 
196 243 363 590 
196 244 362 591 
197 243 361 591 
197 242 361 590 
197 242 360 590 
197 242 359 590 
197 240 359 589 
197 238 358 582 
196 239 357 569 
196 239 357 543 545 565 
196 239 357 541 549 562 
196 240 356 540 
196 240 356 538 
196 240 359 537 
195 241 359 535 
195 241 359 534 
195 242 358 532 
195 242 358 530 
195 242 358 528 
195 243 359 526 
195 243 359 525 
195 199 200 244 359 523 
195 197 201 244 359 521 
201 244 359 361 362 519 
200 245 359 361 362 517 
200 245 359 361 362 515 
200 246 359 360 363 513 
200 246 342 347 362 511 
200 246 341 350 360 509 
199 247 341 357 358 506 
199 205 207 247 341 504 
199 205 207 248 341 501 
199 205 207 248 341 500 
199 206 208 248 342 500 
199 249 342 501 507 519 
199 249 342 501 503 522 
198 249 342 525 
198 250 343 527 
198 250 342 528 
197 251 342 530 
197 251 341 531 
197 251 340 533 
196 252 338 534 
196 252 337 535 
196 252 337 536 
196 253 336 537 
195 253 336 538 
195 202 206 253 336 539 
195 202 207 254 337 540 
195 201 207 254 337 541 
195 201 207 254 337 542 
195 201 207 255 335 543 
194 200 207 255 334 544 
194 200 207 213 214 255 333 544 
194 200 207 213 214 256 333 545 
194 200 206 212 214 256 333 545 
194 201 206 212 215 257 333 546 
194 212 215 257 333 546 
193 212 215 257 332 546 
194 212 216 257 332 546 
193 211 216 258 331 546 
193 211 216 258 331 546 
193 210 217 258 330 546 
193 210 217 258 330 546 
193 210 218 258 329 546 
194 210 218 258 329 546 
194 210 218 259 328 546 
194 209 219 261 328 546 
193 209 219 264 328 545 
193 200 201 209 220 267 328 545 
193 199 202 209 220 270 328 545 
193 199 202 209 220 273 329 544 
192 199 202 209 221 276 329 544 
192 198 202 208 221 279 330 544 
192 198 202 208 221 281 331 544 
192 198 202 208 222 284 332 543 
192 198 202 208 223 286 334 543 
192 198 201 208 223 289 335 543 
191 199 201 207 224 291 335 542 
191 207 224 293 337 542 
191 207 225 295 338 541 
191 207 226 298 339 541 
190 207 226 300 340 540 
190 207 227 302 341 540 
189 207 228 304 343 539 
189 207 229 306 344 539 
189 206 230 308 345 539 
188 206 231 310 345 538 
188 206 232 312 346 538 
188 206 233 314 347 537 
187 206 234 316 347 537 
187 194 199 206 235 318 348 536 
187 194 199 206 236 320 347 535 
187 193 199 205 237 321 347 534 
187 193 199 205 238 323 347 534 
186 193 199 205 239 325 346 532 
186 193 199 205 241 327 346 532 
186 193 199 205 242 328 345 531 
186 192 199 205 243 330 345 530 
185 192 198 204 245 332 345 530 
185 192 198 204 246 334 344 529 
185 192 197 204 248 335 344 529 
185 204 250 337 343 528 
185 203 251 339 342 528 
185 203 253 341 342 527 
185 203 255 526 
185 202 257 526 
185 202 259 525 
184 202 261 523 
184 201 263 522 
185 201 265 521 
185 201 267 521 
185 200 270 520 
184 200 271 519 
184 191 193 200 273 519 
184 190 193 200 275 518 
183 190 193 199 277 517 
183 190 193 199 280 516 
183 189 193 199 281 515 
183 189 193 199 284 477 478 514 
183 189 192 199 286 477 478 513 
182 189 192 198 288 476 477 511 
182 188 192 198 290 476 477 511 
182 189 192 198 293 475 478 510 
182 198 294 475 477 510 
181 197 297 475 478 509 
181 197 299 474 478 508 
181 197 301 473 478 507 
180 197 303 473 478 506 
180 197 305 473 478 505 
179 197 307 472 478 504 
179 197 310 472 478 502 
179 197 312 471 482 500 
178 197 314 471 482 499 
178 197 316 470 482 498 
178 197 318 470 482 498 
177 185 188 196 320 470 483 494 
177 184 190 196 320 469 483 494 
177 183 190 196 316 469 483 493 
177 183 190 196 315 469 483 491 
177 183 190 196 314 468 484 489 
177 183 190 195 313 468 485 488 
176 183 189 195 312 468 
176 182 189 195 312 467 
176 182 189 195 311 467 
176 182 189 194 310 467 
176 183 188 194 309 466 
175 194 308 466 
175 194 306 466 
175 193 305 465 
175 193 303 465 
175 193 302 465 
175 192 302 464 
175 192 301 464 
175 192 300 464 
175 192 300 463 
175 191 299 463 
175 191 299 463 
175 190 298 463 
174 190 298 462 
174 181 183 190 298 462 
174 180 183 190 297 462 
174 180 183 189 297 462 
173 179 183 189 297 462 
173 179 183 189 297 462 
173 179 183 189 297 462 
173 179 183 189 297 462 
173 179 182 188 296 461 
172 178 182 188 296 461 
172 179 182 188 295 461 
172 180 181 188 295 461 
171 188 294 461 
171 187 293 460 
171 187 292 460 
170 187 291 460 
170 187 291 460 
170 187 290 460 
169 187 289 460 
169 187 288 460 
169 187 288 460 
169 187 287 459 
168 187 286 459 
168 187 286 459 
168 175 177 179 180 187 285 459 
168 175 181 187 285 459 
168 174 181 187 284 459 
168 174 181 187 283 459 
167 174 181 187 283 459 
167 174 180 186 282 459 
167 174 180 186 282 459 
167 174 180 186 281 458 
167 173 180 186 281 458 
167 174 180 186 280 458 
167 175 179 186 280 458 
167 186 279 458 
167 185 279 458 
167 185 279 458 
167 185 278 458 
167 185 278 458 
167 185 278 458 
167 185 277 458 
167 184 277 457 
167 184 277 457 
167 184 276 458 
167 184 276 458 
167 184 276 458 
166 184 276 457 
166 174 176 183 276 457 
166 174 176 183 275 458 
166 173 176 183 275 458 
166 173 176 183 275 458 
166 173 176 183 275 458 
165 173 176 183 275 458 
165 172 176 183 275 458 
165 172 175 183 275 459 
165 172 175 182 275 459 
165 172 175 182 274 459 
165 172 174 182 274 459 
165 182 274 459 
165 182 274 459 
164 182 274 459 
164 181 274 459 
164 181 274 459 
164 181 274 459 
164 182 274 459 
163 182 274 460 
163 182 274 460 
163 182 274 460 
163 183 274 460 
163 183 274 460 
163 183 274 460 
163 183 274 460 
163 171 175 183 274 460 
163 171 176 183 274 460 
163 171 176 184 274 461 
163 171 176 184 274 461 
163 171 176 184 274 461 
163 171 176 184 274 461 
163 171 177 184 274 461 
163 171 176 184 274 461 
163 171 176 184 274 461 
163 171 176 184 274 461 
163 172 174 184 274 461 
163 184 274 461 
163 184 274 461 
164 184 274 462 
164 184 274 462 
164 184 274 382 383 462 
164 184 274 381 383 462 
164 184 274 381 384 462 
165 184 274 380 384 462 
165 184 274 380 385 462 
165 184 274 379 385 462 
165 183 274 379 385 462 
165 183 274 378 386 462 
165 183 274 378 386 462 
165 183 274 378 387 462 
165 184 274 377 387 462 
165 174 175 184 274 377 387 462 
165 174 176 184 274 377 388 462 
165 174 175 184 274 377 388 462 
165 175 176 184 275 377 389 462 
165 184 275 376 389 462 
165 174 175 184 275 376 390 462 
165 174 175 185 275 376 390 462 
165 174 175 185 275 375 391 462 
166 185 275 375 391 462 
166 185 275 375 391 462 
166 185 275 375 392 462 
166 185 275 375 392 462 
166 185 275 374 393 462 
166 185 275 374 393 462 
166 186 275 374 394 462 
166 186 275 374 394 462 
166 187 275 374 395 462 
166 187 275 374 395 462 
166 188 275 374 396 462 
166 188 275 374 396 462 
166 189 275 374 397 462 
166 189 275 374 397 462 
166 189 275 374 398 462 
166 177 180 190 275 374 398 462 
167 176 180 190 276 375 399 462 
167 177 181 190 276 375 399 462 
167 177 181 191 276 375 400 462 
167 176 182 191 276 375 400 462 
167 177 182 191 276 375 401 462 
168 177 182 191 276 375 401 462 
168 177 182 192 276 375 402 462 
168 192 276 376 402 462 
169 192 276 376 403 462 
169 192 276 376 403 462 
169 193 276 376 404 462 
169 193 276 376 404 462 
170 193 276 376 405 462 
170 193 277 376 405 462 
170 193 277 377 406 462 
171 192 277 377 407 462 
171 192 277 377 407 461 
172 192 277 377 408 461 
172 193 277 377 408 461 
173 193 277 377 409 461 
174 194 277 377 409 461 
174 194 277 378 410 461 
175 195 277 378 411 460 
175 195 277 378 411 460 
