0 640 
0 640 
0 640 
0 640 
0 640 
0 640 
0 640 
0 640 
0 640 
0 640 
0 640 
0 640 
0 640 
0 640 
0 640 
0 640 
0 640 
0 640 
0 640 
0 640 
0 640 
0 640 
0 640 
0 640 
0 640 
0 640 
0 640 
0 640 
0 640 
0 640 
0 640 
0 640 
0 640 
0 640 
0 640 
0 640 
0 640 
0 640 
0 640 
0 640 
0 640 
0 640 
0 640 
0 640 
0 640 
0 640 
0 640 
0 640 
0 640 
0 640 
0 640 
0 640 
0 640 
0 640 
0 640 
0 640 
0 640 
0 640 
0 640 
0 640 
0 640 
0 640 
0 640 
0 640 
0 640 
0 640 
0 640 
0 640 
0 640 
0 640 
0 640 
0 640 
0 640 
0 640 
0 640 
0 640 
0 640 
0 640 
0 640 
0 640 
0 640 
0 640 
0 640 
0 640 
0 640 
0 640 
0 640 
0 640 
0 640 
0 640 
0 640 
0 640 
0 640 
0 640 
0 640 
0 640 
0 640 
0 640 
0 640 
0 640 
0 640 
0 640 
0 640 
0 640 
0 640 
0 640 
0 640 
0 640 
0 640 
0 640 
0 640 
0 640 
0 640 
0 640 
0 640 
0 640 
0 640 
0 640 
0 640 
0 640 
0 640 
0 640 
0 640 
0 640 
0 640 
0 640 
0 640 
0 640 
0 640 
0 640 
0 640 
0 640 
0 640 
0 640 
0 640 
0 640 
0 640 
0 640 
0 640 
0 640 
0 640 
0 640 
0 640 
0 640 
0 640 
0 640 
0 640 
0 640 
0 640 
0 640 
0 640 
0 640 
0 640 
0 640 
0 640 
0 640 
0 640 
0 640 
0 640 
0 640 
0 640 
0 640 
0 640 
0 640 
0 640 
0 640 
0 640 
0 640 
0 640 
0 640 
0 640 
0 640 
0 640 
0 640 
0 640 
0 640 
0 640 
0 640 
0 640 
0 640 
0 640 
0 640 
0 640 
0 640 
0 640 
0 640 
0 640 
0 640 
0 640 
0 640 
0 640 
0 640 
0 640 
0 640 
0 640 
0 640 
0 640 
0 640 
0 640 
0 640 
0 640 
0 640 
0 640 
0 640 
0 640 
0 640 
0 640 
0 640 
0 640 
0 640 
0 640 
0 640 
0 640 
0 640 
0 640 
0 640 
0 640 
0 640 
0 640 
0 640 
0 640 
0 640 
0 640 
0 640 
0 640 
0 640 
0 640 
0 640 
0 640 
0 640 
0 640 
0 640 
0 640 
0 640 
0 640 
0 640 
0 640 
0 640 
0 640 
0 640 
0 640 
0 640 
0 640 
0 640 
0 640 
0 640 
0 640 
0 640 
0 640 
0 640 
0 640 
0 640 
0 640 
0 640 
0 640 
0 640 
0 640 
0 640 
0 640 
0 640 
0 640 
0 640 
0 640 
0 304 318 640 
0 300 322 640 
0 297 325 640 
0 295 327 640 
0 293 330 640 
0 291 332 640 
0 289 333 640 
0 288 334 640 
0 287 336 640 
0 285 338 640 
0 285 339 640 
0 284 340 640 
0 282 341 640 
0 281 341 640 
0 280 342 640 
0 279 343 640 
0 278 344 640 
0 278 344 640 
0 277 345 640 
0 277 345 640 
0 276 346 640 
0 275 347 640 
0 274 347 640 
0 274 347 640 
0 274 348 640 
0 273 347 640 
0 273 348 640 
0 273 348 640 
0 272 348 640 
0 273 348 640 
0 272 348 640 
0 272 348 640 
0 272 349 640 
0 272 349 640 
0 272 349 640 
0 272 349 640 
0 272 349 640 
0 272 349 640 
0 272 349 640 
0 272 348 640 
0 272 348 640 
0 272 348 640 
0 272 348 640 
0 272 348 640 
0 272 347 640 
0 272 347 640 
0 272 346 640 
0 272 346 640 
0 272 346 640 
0 272 345 640 
0 272 345 640 
0 273 344 640 
0 273 344 640 
0 273 343 640 
0 274 342 640 
0 274 342 640 
0 274 342 640 
0 274 341 640 
0 275 340 640 
0 276 339 640 
0 277 338 640 
0 278 337 640 
0 278 336 640 
0 279 335 640 
0 280 335 640 
0 281 336 640 
0 282 337 640 
0 284 339 640 
0 285 340 640 
0 287 341 640 
0 288 342 640 
0 290 343 640 
0 293 344 640 
0 293 344 640 
0 293 345 640 
0 293 345 640 
0 292 346 640 
0 292 346 640 
0 291 347 640 
0 291 347 640 
0 291 347 640 
0 290 347 640 
0 290 348 640 
0 290 348 640 
0 290 348 640 
0 289 348 640 
0 289 348 640 
0 289 348 640 
0 289 349 640 
0 289 349 640 
0 289 349 640 
0 288 350 640 
0 288 350 640 
0 288 350 640 
0 288 350 640 
0 288 350 640 
0 288 350 640 
0 288 350 640 
0 288 350 640 
0 288 350 640 
0 287 351 640 
0 287 351 640 
0 287 351 640 
0 287 351 640 
0 287 351 640 
0 287 351 640 
0 287 351 640 
0 287 351 640 
0 287 351 640 
0 287 351 640 
0 287 351 640 
0 287 351 640 
0 287 351 640 
0 287 351 640 
0 286 352 640 
0 286 352 640 
0 286 352 640 
0 286 352 640 
0 286 352 640 
0 286 352 640 
0 286 352 640 
0 286 352 640 
0 286 352 640 
0 286 352 640 
0 286 352 640 
0 286 352 640 
0 286 352 640 
0 286 352 640 
0 286 352 640 
0 286 352 640 
0 286 352 640 
0 286 352 640 
0 286 352 640 
0 285 353 640 
0 285 353 640 
0 285 353 640 
0 285 353 640 
0 285 353 640 
0 285 353 640 
0 285 353 640 
0 285 353 640 
0 285 353 640 
0 285 353 640 
0 285 353 640 
0 285 353 640 
0 285 353 640 
0 285 353 640 
0 285 353 640 
0 285 353 640 
0 285 353 640 
0 285 353 640 
0 285 353 640 
0 285 353 640 
0 285 353 640 
0 285 353 640 
0 285 353 640 
0 285 353 640 
0 285 353 640 
0 285 353 640 
0 285 353 640 
0 285 353 640 
0 285 353 640 
0 285 353 640 
0 285 353 640 
0 285 353 640 
0 285 353 640 
0 285 353 640 
0 285 353 640 
0 285 353 640 
0 285 353 640 
0 282 355 640 
0 277 362 640 
0 271 368 640 
0 268 371 640 
0 263 375 640 
0 259 378 640 
0 255 382 640 
0 252 386 640 
0 249 389 640 
0 247 391 640 
0 244 394 640 
0 241 396 640 
0 240 399 640 
0 237 401 640 
0 235 403 640 
0 233 404 640 
0 232 407 640 
0 229 409 640 
0 228 410 640 
0 226 412 640 
0 224 414 640 
0 223 415 640 
0 221 416 640 
0 220 418 640 
0 219 419 640 
0 218 420 640 
0 217 422 640 
0 216 423 640 
0 214 424 640 
0 213 425 640 
0 212 425 640 
0 212 283 285 353 355 426 640 
0 211 281 285 353 357 427 640 
0 210 279 285 353 359 428 640 
0 209 278 285 353 360 429 640 
0 209 276 285 353 361 429 640 
0 208 276 285 353 362 430 640 
0 207 275 285 353 363 431 640 
0 207 274 285 353 364 431 640 
0 206 273 285 352 365 432 640 
0 206 272 285 353 366 433 640 
0 205 272 285 353 366 433 640 
0 205 271 285 353 366 433 640 
0 204 271 285 353 366 434 640 
0 204 271 285 353 367 434 640 
0 204 271 285 353 367 434 640 
0 204 271 285 352 368 434 640 
