0 320 
0 320 
0 320 
0 320 
0 320 
0 320 
0 320 
0 320 
0 320 
0 320 
0 320 
0 320 
0 320 
0 320 
0 320 
0 320 
0 320 
0 320 
0 320 
0 320 
0 320 
0 320 
0 320 
0 320 
0 320 
0 320 
0 320 
0 320 
0 320 
0 320 
0 320 
0 320 
0 320 
0 320 
0 320 
0 320 
0 320 
0 320 
0 320 
0 320 
0 320 
0 320 
0 320 
0 320 
0 320 
0 320 
0 320 
0 320 
0 320 
0 320 
0 320 
0 320 
0 320 
0 320 
0 320 
0 320 
0 320 
0 320 
0 320 
0 320 
0 320 
0 320 
0 320 
0 320 
0 320 
0 320 
0 320 
0 320 
0 320 
0 320 
0 320 
0 320 
0 320 
0 320 
0 320 
0 320 
0 320 
0 320 
0 320 
0 320 
0 320 
0 320 
0 320 
0 320 
0 320 
0 320 
0 320 
0 320 
0 320 
0 320 
0 320 
0 320 
0 320 
0 320 
0 320 
0 320 
0 320 
0 320 
0 320 
0 320 
0 320 
0 320 
0 320 
0 320 
0 320 
0 320 
0 320 
0 320 
0 320 
0 320 
0 320 
0 320 
0 320 
0 320 
0 320 
0 320 
0 320 
0 320 
0 320 
0 320 
0 321 
0 318 319 325 
0 317 320 326 
0 315 320 327 
0 314 320 328 
0 313 320 330 
0 312 320 330 
0 311 320 331 
0 310 320 332 
0 310 320 333 
0 309 320 334 
0 308 320 335 
0 307 320 335 
0 306 320 337 
0 305 320 340 
0 301 320 344 374 380 
0 296 320 347 373 380 
0 262 267 294 320 350 371 381 
0 262 268 291 320 352 370 381 
0 261 270 289 320 353 369 382 
0 261 271 287 320 355 368 382 
0 260 272 286 320 356 367 382 
0 260 273 284 320 357 366 382 
0 260 275 283 320 358 365 382 
0 260 276 282 320 359 364 382 
0 260 277 281 320 360 362 382 
0 260 278 280 320 382 
0 260 320 382 
0 260 320 382 
0 260 320 382 
0 260 320 382 
0 260 320 382 
0 260 320 382 
0 260 320 382 
0 261 320 382 
0 261 320 382 
0 261 320 381 
0 261 320 381 
0 261 320 381 
0 262 320 381 
0 262 320 381 
0 262 320 381 
0 262 320 380 
0 262 320 380 
0 262 320 380 
0 262 320 380 
0 263 320 380 
0 263 320 380 
0 263 320 379 
0 263 320 379 
0 263 320 379 
0 263 320 379 
0 264 320 379 
0 264 320 379 
0 264 320 378 
0 264 320 378 
0 252 254 265 320 378 
0 250 255 265 320 378 
0 250 257 265 320 378 
0 250 258 265 320 378 387 388 
0 250 260 262 320 377 384 390 
0 250 320 378 382 390 
0 250 320 390 
0 250 320 390 
0 246 320 390 
0 247 320 390 
0 248 320 390 
0 250 320 390 
0 252 320 389 
0 254 320 389 
0 255 320 380 383 388 
0 258 260 263 320 379 385 387 
0 266 320 379 
0 266 320 378 
0 265 320 378 
0 264 320 377 
0 263 320 378 
0 261 320 379 
0 256 320 381 
0 254 320 383 
0 254 320 385 
0 254 320 385 
0 253 320 386 
0 252 320 386 
0 250 320 386 
0 250 320 387 
0 250 320 387 
0 251 320 388 
0 252 320 389 
0 255 320 389 
0 255 266 268 320 390 
0 255 265 269 320 377 378 391 
0 254 264 269 320 376 379 392 
0 253 263 269 320 376 380 392 
0 253 261 269 320 375 383 393 
0 253 260 269 320 376 384 393 
0 252 259 269 320 376 385 394 
0 252 258 268 320 377 386 394 
0 252 257 268 320 377 387 394 
0 252 257 268 320 378 388 394 
0 251 256 268 320 378 388 394 
0 251 256 268 320 379 388 394 
0 251 255 267 320 379 389 394 
0 251 255 267 320 380 389 394 
0 251 255 266 320 380 389 394 
0 251 255 266 320 381 389 394 
0 251 255 265 320 381 389 394 
0 251 256 265 320 378 379 381 389 394 
0 252 256 264 265 268 320 378 388 394 
0 252 256 268 272 274 320 378 388 394 
0 252 256 268 272 274 320 378 387 393 
0 253 257 268 271 274 320 367 368 378 387 393 
0 253 257 268 271 275 320 366 369 373 374 378 386 393 
0 253 258 268 270 276 320 366 370 372 375 378 386 392 
0 254 258 268 270 276 320 365 376 378 385 392 
0 254 259 277 320 365 384 391 
0 255 260 278 320 365 383 391 
0 255 261 278 280 281 320 364 383 390 
0 256 262 279 280 282 320 364 382 390 
0 257 263 282 320 364 381 389 
0 257 264 282 320 363 380 388 
0 258 265 283 320 363 379 387 
0 259 265 283 320 362 377 387 
0 259 267 284 288 289 320 362 376 386 
0 260 267 284 288 290 320 362 375 385 
0 261 269 285 288 290 304 305 320 361 374 384 
0 262 270 285 288 290 303 305 320 355 356 361 373 383 
0 263 271 285 287 290 304 305 320 355 357 360 372 382 
0 263 272 285 287 290 320 355 357 360 370 381 
0 264 274 285 287 289 298 300 320 356 357 360 369 380 
0 265 275 285 287 289 298 301 320 344 345 360 368 379 
0 266 276 285 287 288 298 302 320 343 346 360 366 378 
0 268 278 285 298 302 320 342 346 360 365 378 
0 268 279 285 296 301 320 342 347 377 
0 269 281 285 296 300 320 341 347 375 
0 271 296 300 320 340 348 374 
0 272 295 299 320 340 348 373 
0 273 295 299 320 340 349 372 
0 274 294 298 320 339 349 371 
0 276 294 297 320 340 349 370 
0 277 320 368 
0 277 320 370 
0 274 320 373 
0 271 320 374 
0 270 320 374 
0 270 320 374 
0 270 320 374 
0 270 320 374 
0 270 320 374 
0 270 320 374 
0 270 320 374 
0 270 320 374 
0 270 320 374 
0 270 320 374 
0 271 320 374 
0 271 320 374 
0 271 320 374 
0 270 320 375 
0 269 320 376 
0 268 320 377 
0 267 320 378 
0 266 320 379 
0 265 320 380 
0 264 320 380 
0 264 320 381 
0 263 320 381 
0 263 320 382 
0 262 320 382 
0 262 320 383 
0 261 320 383 
0 261 320 384 
0 260 320 384 
0 260 320 384 
0 260 320 384 
0 259 320 385 
0 259 320 385 
0 259 320 386 
0 258 320 386 
0 258 320 387 
0 257 320 387 
0 257 320 388 
0 256 320 388 
0 256 320 389 
0 255 320 389 
0 254 320 390 
0 254 320 390 
0 253 320 391 
0 253 320 391 
0 252 320 392 
0 252 320 392 
0 251 320 393 
0 251 320 393 
0 250 320 393 
0 250 320 394 
0 249 320 394 
0 249 320 395 
0 249 320 395 
0 248 320 395 
0 248 320 395 
0 248 320 395 
0 248 320 395 
0 248 320 395 
0 249 320 395 
0 249 320 396 
0 249 320 396 
0 249 320 396 
0 249 320 396 
0 249 320 396 
0 249 320 397 
0 249 320 397 
0 248 320 397 
0 248 320 397 
0 248 320 397 
0 248 320 398 
0 247 320 398 
0 247 320 398 
0 246 320 399 
0 246 320 399 
0 245 320 399 
0 245 320 399 
0 245 320 399 
0 245 320 387 388 399 
0 245 320 387 389 399 
0 245 320 387 390 399 
0 245 320 387 391 399 
0 245 320 387 391 399 
0 245 251 253 320 387 392 398 
0 245 251 253 320 388 392 398 
0 245 251 253 320 388 393 398 
0 246 250 253 320 388 394 397 
0 247 249 253 320 388 
0 254 320 388 
0 254 320 388 
0 256 320 388 
0 256 320 388 
0 256 320 388 
0 256 320 388 
0 256 320 388 
0 257 320 388 
0 257 320 388 
0 257 320 388 
0 257 320 388 
0 257 320 388 
0 257 320 387 
0 257 320 387 
0 257 320 387 
0 257 320 387 
0 257 320 387 
0 257 320 387 
0 257 320 387 
0 257 320 387 
0 257 320 387 
0 257 320 387 
0 257 320 387 
0 256 320 386 
0 256 320 386 
0 256 320 387 
0 256 320 387 
0 256 320 386 
0 256 320 386 
0 255 320 386 
0 255 320 386 
0 255 320 386 
0 255 320 386 
0 255 320 386 
0 255 320 386 
0 255 320 386 
0 255 320 386 
0 255 320 386 
0 255 320 386 
0 255 320 386 
0 255 320 386 
0 256 320 386 
0 256 320 386 
0 257 320 385 
0 257 320 385 
0 258 320 385 
0 258 320 385 
0 259 320 385 
0 259 320 384 
0 259 320 384 
0 260 320 384 
0 260 320 384 
0 260 320 384 
0 260 264 265 320 384 
0 260 264 266 320 384 
0 260 264 267 320 384 
0 260 264 269 320 384 
0 260 264 270 320 377 378 384 
0 260 264 271 320 376 378 384 
0 260 264 270 320 375 378 384 
0 260 265 270 320 375 377 384 
0 260 265 269 320 375 377 384 
0 260 265 269 320 376 377 384 
0 260 265 268 320 384 
0 261 265 268 320 384 
0 261 265 267 320 384 
0 261 265 267 320 384 
0 261 265 266 320 384 
0 261 320 384 
0 261 320 384 
0 261 320 384 
0 261 320 384 
0 261 320 384 
0 261 320 384 
0 261 320 384 
0 261 320 384 
0 261 320 384 
0 261 320 384 
0 261 320 384 
0 261 320 384 
0 260 320 384 
0 260 320 385 
0 259 320 385 
0 259 320 386 
0 258 320 386 
0 258 320 387 
0 257 320 387 
0 257 320 388 
0 257 320 388 
0 256 320 388 
0 256 320 389 
0 255 320 389 
0 255 320 390 
0 254 320 390 
0 254 320 390 
0 254 320 391 
0 253 320 391 
0 253 320 392 
0 252 320 392 
0 252 320 393 
0 252 320 393 
0 251 320 393 
0 251 320 393 
0 250 320 394 
0 250 320 394 
0 250 320 395 
0 249 320 395 
0 249 320 395 
0 249 320 396 
0 248 320 396 
0 248 320 396 
0 248 320 397 
0 248 320 397 
0 247 320 397 
0 247 320 398 
0 248 320 397 
0 248 320 397 
0 248 320 397 
0 248 320 397 
0 248 320 397 
0 247 320 397 
0 247 320 398 
0 247 320 398 
0 246 320 399 
0 245 320 399 
0 244 320 400 
0 244 320 401 
0 243 320 402 
0 243 319 403 
