












































































285 286 
285 287 
276 278 285 287 
276 279 285 289 
277 280 286 290 
278 282 286 291 
279 283 286 292 296 297 469 475 
280 284 287 292 295 297 320 325 467 477 
281 286 287 297 318 327 466 484 
282 297 316 329 465 486 
283 301 315 333 464 487 
276 281 283 301 314 334 464 488 
277 301 313 336 464 489 
278 301 312 338 343 346 463 490 
279 302 310 348 463 491 
280 303 307 351 462 492 
282 352 462 493 
283 354 462 493 
283 355 461 494 
281 356 461 495 
281 357 461 495 
280 358 460 496 
280 358 460 496 
280 358 459 497 
280 358 460 498 
279 358 458 498 
279 358 458 498 
279 357 457 499 
278 357 457 499 
277 357 456 500 
275 357 455 500 
273 357 455 500 
267 357 454 501 
267 357 413 416 453 501 
268 357 413 418 452 502 
268 359 402 408 411 425 451 502 
269 359 401 426 450 502 
270 358 401 427 449 502 
270 358 400 428 447 503 
271 357 400 430 446 503 
271 357 400 430 445 503 
259 262 272 357 399 430 443 503 
260 264 272 356 397 429 441 503 
261 268 272 356 396 429 440 504 
261 270 272 356 395 430 437 504 
261 356 395 430 435 504 
261 357 395 432 433 504 
262 358 394 504 
262 359 394 504 
262 360 394 504 
262 361 395 504 
259 361 395 504 
259 362 395 504 
258 363 395 504 
259 363 396 504 
259 363 396 504 
259 364 396 504 
259 364 397 454 468 504 
260 365 397 451 470 503 
260 365 397 450 473 503 
260 365 396 452 475 503 
259 365 393 453 476 502 
258 365 392 454 478 502 
258 365 389 455 479 502 
258 365 387 456 481 501 
258 365 385 438 439 456 483 500 
258 365 383 437 441 457 487 499 
259 365 381 438 442 458 490 498 
260 365 380 438 443 458 
260 365 379 438 443 458 
260 365 378 439 443 459 
261 365 377 439 444 459 
262 365 376 440 444 459 
263 365 375 440 445 459 
265 365 375 441 444 459 
266 365 374 441 443 459 
268 364 371 442 443 459 
271 364 369 399 400 459 
273 365 366 396 401 458 
274 394 401 458 
274 390 401 458 
274 389 400 457 
275 388 398 457 
275 387 395 455 
275 387 394 455 
275 386 393 453 
275 386 391 452 
275 369 373 386 390 451 
276 366 374 387 388 450 
276 363 374 448 
276 362 374 446 
277 361 375 444 
277 360 375 443 
278 360 376 444 
278 361 377 444 
278 361 377 445 
279 361 377 445 
279 362 376 445 
279 362 374 446 
280 362 373 446 
280 363 371 446 
280 363 370 447 
280 364 368 447 
281 364 366 447 
281 448 
281 448 
282 448 
282 449 
282 449 
283 449 
283 450 
283 450 
282 451 
281 451 
281 282 284 451 
284 452 
285 452 
285 453 
285 453 
285 454 564 570 575 593 601 603 
285 454 560 604 
285 400 402 455 555 606 
285 399 403 455 552 606 
284 402 403 456 547 605 
284 456 545 604 
284 457 542 604 
284 457 541 604 
285 458 540 604 
285 415 418 458 536 537 540 604 
285 417 419 459 536 537 540 604 
285 459 535 536 537 538 539 604 
283 460 535 537 539 604 
269 461 535 536 538 604 
267 461 538 605 
267 462 534 535 538 606 
265 462 534 535 537 607 
265 463 533 534 537 608 635 640 
265 463 537 540 542 609 627 640 
265 464 536 540 542 609 618 640 
265 464 532 533 536 539 542 640 
265 465 532 533 536 538 542 640 
264 465 532 533 536 538 542 640 
264 466 531 533 535 538 542 640 
264 466 532 533 535 538 541 640 
265 466 532 533 535 538 540 640 
265 466 531 532 534 537 540 634 
266 466 531 532 534 622 634 640 
267 466 531 532 533 613 626 640 
268 465 530 609 615 640 
268 465 529 640 
269 464 526 527 529 640 
269 464 526 527 530 638 639 640 
270 463 531 534 536 631 
270 462 532 533 537 538 540 621 
270 461 541 613 636 640 
270 461 541 609 633 640 
270 459 542 609 631 640 
270 458 542 543 546 609 629 640 
270 456 543 545 546 608 627 640 
270 455 547 608 627 640 
271 452 550 608 627 640 
272 410 422 445 552 608 626 640 
273 408 550 551 553 608 625 640 
273 382 384 407 553 608 624 640 
274 383 386 405 554 607 624 640 
275 383 554 607 625 640 
275 384 552 553 555 608 625 640 
276 385 555 609 625 640 
276 385 553 554 555 609 620 640 
277 386 553 554 556 609 619 640 
277 387 553 554 556 609 616 640 
277 387 553 554 556 609 614 640 
277 388 556 608 612 640 
278 388 557 609 610 640 
278 389 554 555 557 609 610 640 
279 389 557 640 
280 390 557 640 
281 390 555 556 557 640 
282 390 555 556 557 640 
283 391 555 556 557 640 
284 391 558 640 
285 391 558 640 
286 391 558 640 
289 392 557 640 
291 392 557 558 559 640 
293 392 559 640 
298 392 559 640 
300 392 559 640 
300 392 560 640 
300 393 560 640 
300 393 560 640 
301 393 560 640 
301 393 560 640 
302 393 560 640 
302 393 559 640 
302 393 559 640 
302 393 559 640 
303 393 559 640 
303 393 561 640 
304 393 561 640 
304 393 561 640 
304 393 561 640 
305 393 561 640 
305 393 561 640 
305 393 561 640 
306 393 561 640 
306 393 561 640 
306 393 561 640 
306 393 562 640 
306 393 562 640 
306 393 563 637 
307 393 562 634 
307 393 563 632 
308 393 564 629 
308 393 565 627 
307 393 566 625 
307 393 568 621 
307 393 570 618 
307 393 572 615 
307 393 575 612 
307 393 577 608 
307 393 584 603 
306 393 
306 393 
306 393 
306 393 
305 393 
305 393 
304 393 
304 393 
304 392 
305 392 
306 392 
308 392 
310 392 
311 392 
313 392 
314 392 
314 392 
314 392 
314 392 
313 392 
312 392 
311 391 
311 391 
311 390 
311 388 
311 387 
311 385 
311 385 
310 385 
309 386 
309 386 
308 386 
307 386 
306 386 
305 386 
305 386 
304 386 
303 386 
302 387 
302 387 
301 387 
300 388 
300 388 
299 389 
299 390 
298 390 
298 391 
297 391 
297 392 
296 392 
296 393 
295 393 
295 394 
295 394 
294 394 
294 395 
293 395 
293 395 
293 396 
292 396 
292 396 
292 397 
291 397 
291 397 
290 398 
290 398 
290 398 
290 399 
290 399 
289 399 
289 399 
289 400 
288 400 
288 400 
288 401 
288 401 
287 401 
287 402 
287 402 
287 402 
286 402 
286 403 
286 403 
285 403 
285 403 
285 404 
284 404 
284 404 
284 404 
284 405 
283 405 
283 405 
283 405 
282 406 
282 406 
282 406 
281 407 
281 407 
281 407 
281 408 
280 408 
280 408 
280 408 
279 409 
279 409 
279 409 
278 409 
278 410 
278 410 
277 410 
277 410 
277 411 
276 411 
276 412 
275 412 
275 412 
274 412 
274 413 
274 413 
274 413 
273 413 
273 414 
272 414 
272 414 
271 414 
271 415 
270 415 
270 415 
270 416 
269 416 
269 416 
268 417 
268 417 
267 417 
267 417 
266 418 
266 418 
266 418 
265 418 
264 419 
264 419 
263 419 
263 419 
262 420 
262 420 
261 420 
260 420 
260 421 
259 421 
259 421 
258 422 
258 422 
257 422 
256 422 
256 422 
255 422 
254 423 
254 423 
253 423 
252 423 
251 423 
250 423 
249 423 
249 423 
248 424 
248 424 
246 424 
245 424 
245 424 
244 424 
244 424 
242 424 
242 424 
242 424 
240 424 
240 424 
239 424 
239 424 639 640 
239 424 638 640 
238 424 637 640 
238 424 637 640 
