533 640 
533 640 
534 640 
534 640 
534 640 
534 640 
534 640 
535 640 
535 640 
535 640 
535 640 
535 640 
536 640 
536 640 
536 640 
536 640 
536 640 
536 640 
537 640 
537 640 
537 640 
537 640 
538 640 
538 640 
537 640 
535 640 
534 640 
532 640 
531 640 
530 640 
528 640 
527 640 
526 640 
524 640 
523 640 
522 640 
521 640 
520 640 
519 640 
517 640 
515 640 
513 640 
512 640 
511 640 
510 640 
508 640 
507 640 
506 640 
505 640 
504 640 
503 640 
502 640 
501 640 
500 640 
499 640 
498 640 
497 640 
496 640 
495 640 
495 640 
493 640 
492 640 
491 640 
491 640 
490 640 
489 640 
489 640 
488 640 
488 640 
487 640 
486 640 
486 640 
485 640 
485 640 
484 640 
483 640 
483 640 
482 640 
482 640 
481 640 
481 640 
480 640 
480 640 
479 640 
479 640 
478 640 
478 640 
477 640 
477 640 
477 640 
476 640 
476 640 
475 640 
475 640 
475 640 
474 640 
474 640 
473 640 
473 640 
473 640 
472 640 
472 640 
471 640 
471 640 
470 640 
470 640 
470 640 
469 640 
469 640 
469 640 
469 640 
468 640 
468 640 
468 640 
468 640 
467 640 
467 640 
467 640 
466 640 
466 640 
466 640 
466 640 
466 640 
465 640 
465 640 
465 640 
464 640 
464 640 
464 640 
464 640 
332 333 464 640 
332 334 464 640 
333 334 336 338 464 640 
333 335 336 339 464 640 
333 335 337 339 464 640 
333 336 337 339 464 640 
333 336 337 340 464 640 
333 340 464 640 
332 341 464 640 
332 341 464 640 
332 341 464 640 
332 342 464 640 
332 342 464 640 
332 343 464 640 
332 343 464 640 
332 344 464 640 
332 344 464 640 
332 344 464 640 
333 345 464 640 
333 345 464 640 
333 346 464 640 
334 346 464 640 
334 346 464 640 
335 347 464 640 
335 347 464 640 
335 348 463 640 
336 348 463 640 
336 348 463 640 
336 348 463 640 
337 349 463 640 
337 349 463 640 
337 350 463 640 
338 350 463 640 
338 350 463 640 
338 351 462 640 
338 351 462 640 
339 351 462 640 
339 352 462 640 
339 352 462 640 
339 353 462 640 
338 354 462 640 
338 356 462 640 
338 357 462 640 
338 358 462 640 
338 358 462 640 
338 359 462 640 
338 359 461 640 
339 360 461 640 
339 360 461 640 
339 361 461 640 
340 361 461 466 467 640 
340 362 461 466 467 640 
340 362 461 462 463 466 467 640 
341 362 463 466 467 640 
341 363 467 640 
341 363 467 640 
341 363 467 640 
342 364 467 640 
342 364 467 640 
342 365 467 640 
343 365 467 640 
343 365 467 640 
343 366 467 640 
344 366 467 640 
344 367 468 469 470 640 
344 367 470 640 
345 368 470 640 
345 368 470 640 
345 368 470 473 475 640 
345 368 471 472 475 640 
346 369 476 640 
346 369 476 640 
346 369 476 640 
347 370 477 640 
347 370 477 640 
348 371 477 640 
348 371 477 640 
348 371 477 640 
349 372 478 640 
349 372 479 640 
349 373 480 640 
350 373 480 640 
350 373 480 640 
347 373 481 640 
344 374 482 640 
325 331 342 374 482 640 
323 334 339 375 485 513 514 640 
322 335 337 378 486 513 515 640 
320 381 486 513 516 640 
319 382 487 490 492 514 518 640 
318 384 487 490 492 514 519 640 
317 385 488 491 493 515 520 640 
316 386 488 491 494 516 521 640 
314 386 489 491 494 499 500 504 506 516 522 640 
312 387 495 499 500 504 507 517 522 640 
311 388 497 499 501 504 507 518 523 640 
310 389 502 505 508 518 523 640 
310 390 502 505 509 519 524 640 
309 391 503 505 510 520 522 523 524 640 
309 392 511 520 522 640 
308 393 513 522 524 640 
308 394 514 522 523 640 
307 394 514 640 
306 395 515 640 
306 395 516 640 
305 395 518 640 
305 396 518 640 
305 396 519 640 
304 396 520 640 
304 397 519 640 
303 397 519 640 
303 397 516 517 518 640 
303 397 515 516 517 640 
303 397 516 640 
304 397 515 640 
304 397 515 640 
305 398 511 512 513 640 
306 398 510 640 
306 398 511 640 
306 398 510 640 
307 398 507 640 
308 398 507 640 
308 398 507 640 
309 399 507 640 
310 399 508 640 
311 399 508 640 
312 399 509 640 
311 399 510 640 
310 399 511 640 
310 399 511 640 
309 399 513 640 
308 399 514 640 
308 399 515 640 
307 399 516 640 
307 399 516 640 
306 399 517 640 
305 399 518 640 
305 399 520 640 
304 399 521 640 
304 399 522 640 
303 398 523 640 
302 398 525 640 
302 398 528 640 
301 398 530 640 
301 398 531 640 
300 398 531 640 
300 397 532 640 
299 397 532 640 
299 397 532 640 
299 397 532 640 
298 396 533 640 
298 396 534 640 
298 396 534 640 
297 396 535 640 
297 397 536 640 
296 397 537 640 
296 397 539 640 
296 397 540 640 
295 398 541 640 
295 398 542 640 
295 398 543 640 
295 399 544 640 
295 399 544 640 
294 399 545 640 
294 400 547 640 
294 400 548 640 
293 400 549 640 
293 400 550 640 
293 401 551 640 
293 401 552 640 
292 401 553 640 
292 402 554 640 
292 402 555 640 
292 402 556 640 
291 383 385 403 557 640 
291 383 385 403 557 640 
291 382 385 403 558 640 
291 381 386 404 558 640 
291 381 386 404 559 640 
290 380 387 404 559 640 
290 379 387 404 560 640 
290 379 388 405 561 640 
290 378 388 405 561 640 
290 378 388 405 562 640 
290 377 389 406 563 640 
289 376 389 406 564 640 
289 376 390 406 565 640 
289 375 390 407 565 640 
289 374 390 407 567 640 
289 374 391 407 568 640 
288 373 391 408 569 640 
288 372 392 408 571 640 
288 371 392 408 572 640 
288 371 393 409 573 640 
287 370 393 409 574 606 607 640 
287 369 393 409 575 603 607 640 
287 368 394 409 576 602 606 640 
287 368 394 410 578 599 603 640 
286 367 395 410 579 595 602 640 
286 366 395 410 580 592 601 640 
286 365 396 411 600 640 
286 365 396 411 596 598 599 640 
286 363 396 411 595 640 
286 362 397 412 596 640 
285 361 397 412 595 640 
285 360 398 412 591 592 594 640 
285 359 398 413 591 640 
285 359 398 413 591 640 
285 358 399 413 590 640 
285 357 399 414 586 587 589 640 
285 356 400 414 586 587 588 640 
284 356 400 414 584 585 587 640 
284 355 401 414 583 640 
284 354 401 415 582 640 
284 352 402 415 581 640 
284 351 402 415 582 640 
284 350 402 416 578 580 581 640 
283 349 403 416 580 640 
283 348 403 416 576 577 579 640 
283 348 404 417 575 576 578 640 
283 346 404 417 574 575 577 640 
283 345 405 417 575 640 
283 345 405 417 572 573 574 640 
283 345 405 418 573 640 
283 345 406 418 572 640 
283 346 406 418 570 640 
283 347 407 418 568 640 
283 347 407 419 566 640 
283 348 408 419 563 640 
283 348 408 419 560 561 563 640 
283 349 409 420 558 640 
283 349 409 420 558 640 
283 350 410 420 554 640 
283 350 410 420 554 640 
283 350 411 421 552 640 
284 351 411 421 548 640 
284 351 411 421 548 640 
284 352 412 422 547 640 
284 352 412 422 546 640 
284 352 413 422 545 640 
284 352 413 422 542 543 544 640 
284 353 414 422 541 542 543 640 
284 353 415 423 542 640 
284 353 415 423 541 640 
285 354 416 423 541 640 
285 354 416 423 541 640 
285 354 417 424 540 640 
285 354 417 424 540 640 
285 355 418 424 540 640 
285 355 418 424 539 640 
285 355 419 424 529 530 534 536 537 640 
286 356 419 424 525 640 
286 356 420 424 510 640 
286 356 421 424 499 640 
286 357 421 424 490 491 492 640 
286 357 422 424 486 640 
286 357 422 424 479 640 
286 357 476 640 
287 358 474 640 
287 358 472 640 
287 358 470 640 
287 358 468 640 
287 359 466 640 
287 359 467 640 
288 359 465 640 
288 359 465 640 
288 360 464 640 
288 360 463 640 
288 360 463 640 
289 360 462 640 
289 361 462 640 
289 361 461 640 
289 362 461 640 
290 362 461 640 
290 362 461 640 
290 362 461 640 
290 363 460 640 
290 363 460 640 
290 363 460 640 
290 363 460 640 
291 364 460 640 
291 364 459 640 
291 364 460 640 
291 364 459 640 
291 365 458 640 
292 365 458 640 
292 365 455 640 
292 365 452 640 
292 366 451 640 
292 366 449 640 
293 366 447 640 
293 367 444 640 
293 367 441 640 
293 367 440 640 
293 368 436 437 438 640 
294 368 436 640 
294 368 432 640 
294 368 429 640 
294 368 428 640 
294 369 427 640 
295 369 422 424 425 640 
295 369 422 640 
295 370 420 640 
295 370 418 640 
295 370 416 640 
295 371 416 640 
295 371 416 640 
296 371 416 640 
296 372 416 640 
296 372 417 640 
296 372 417 640 
296 372 417 640 
297 373 417 640 
297 373 416 640 
297 373 414 640 
297 373 411 640 
297 374 407 640 
297 374 408 640 
298 374 405 640 
298 375 401 640 
298 375 399 400 401 640 
298 375 397 640 
298 376 397 640 
299 376 394 640 
299 376 394 640 
299 377 391 640 
299 377 390 640 
299 377 388 640 
299 378 385 640 
300 378 381 640 
300 378 382 640 
300 379 380 640 
300 640 
300 640 
300 640 
300 640 
301 640 
301 640 
301 640 
301 640 
301 640 
302 640 
302 640 
302 640 
302 640 
302 640 
303 640 
303 640 
303 640 
303 640 
