





































































































































261 263 275 281 
260 263 270 286 
259 288 
259 289 
258 291 
258 291 
257 292 
257 293 
257 294 
256 295 
256 296 
256 297 
255 298 
255 298 
256 299 
256 299 
255 299 
255 300 
255 300 
255 301 
255 302 
255 303 
255 303 
256 304 
257 304 
257 304 
258 305 
259 305 
261 305 
262 305 
262 305 
262 304 
261 304 
261 304 
262 304 
263 304 
264 303 
264 303 
265 303 
265 303 
266 302 
266 301 
267 301 
267 295 297 300 
268 295 
268 290 291 294 
267 289 
263 289 
262 290 
262 291 
262 292 
263 293 
264 293 
264 293 
263 294 
262 294 
262 295 
261 295 
260 295 
259 296 
258 296 
258 297 
257 297 
256 298 
256 298 
256 298 
255 298 
255 298 
254 298 
253 298 
252 298 
251 298 
251 299 
251 299 
250 301 
250 301 
250 300 
250 300 
250 299 
251 299 
251 300 
252 300 
253 300 
254 301 
256 301 
257 302 
258 302 
258 302 
258 303 
258 303 
258 303 
258 304 
258 304 
258 287 289 305 
258 287 289 305 
258 286 289 305 
258 286 289 305 
258 286 288 305 
258 286 288 305 
258 286 288 305 
257 286 287 304 
257 304 
256 303 
256 303 
255 303 
255 302 
254 302 
254 302 
254 301 
253 301 
253 301 
253 300 
253 300 
253 300 
252 300 
252 300 
251 299 
251 299 
251 299 
250 299 
250 299 
250 298 
250 298 
251 297 
250 297 
249 296 
249 297 
248 297 
248 297 
247 298 
247 298 
246 298 
246 299 
246 299 
246 299 
246 300 
245 300 
245 300 
245 300 
245 301 
245 301 
244 301 
244 301 
244 302 
243 302 
243 302 
243 302 
243 303 
243 303 
243 303 
242 303 
242 304 
242 304 
242 304 
242 304 
242 304 
242 305 
242 305 
241 305 
241 305 
241 305 
241 306 
241 306 
241 306 
241 306 
240 306 
240 306 
240 307 
240 307 
240 307 
240 307 
240 307 
239 307 
239 307 
239 307 
239 308 
239 308 
239 308 
238 308 
238 308 
238 308 
238 308 
238 308 
238 308 
238 308 
238 308 
238 309 
238 309 
237 309 
237 309 
237 309 
237 309 
237 309 
237 309 
237 309 
237 309 
237 309 
237 309 
237 309 
236 309 
236 309 
236 310 
236 310 
236 310 
236 310 
236 310 
236 310 
236 310 
236 310 
236 310 
236 310 
236 310 
236 310 
235 310 
235 310 
235 311 
235 311 
235 311 
235 311 
235 311 
235 311 
235 311 
235 311 
235 311 
235 312 
235 312 
235 312 
235 312 
235 312 
235 312 
235 312 
235 312 
235 313 
235 313 
235 313 
235 313 
235 313 
235 313 
235 313 
235 313 
235 313 
235 313 
235 313 
235 313 
235 313 
235 313 
236 313 
237 313 
239 313 
240 313 
241 313 
243 312 
245 312 
247 311 
249 309 
253 307 
254 305 
256 304 
259 300 
264 296 
269 293 
271 291 
272 291 
272 293 
273 294 
273 294 
273 294 
273 294 
272 294 
270 294 
269 294 
266 295 
248 295 
240 296 
237 297 
235 300 
233 304 
233 307 
232 309 
232 311 
232 312 
233 312 
233 313 
234 313 
234 313 
235 313 
236 312 
238 312 
240 311 
244 310 
249 310 
254 309 
257 308 
260 268 270 307 
277 305 
279 304 
280 300 
284 291 
















































