








































































































































407 409 
406 409 
405 412 
405 414 
404 415 
403 416 
403 416 
402 416 
401 416 
401 416 
400 416 
399 416 
398 415 
397 415 
397 415 
395 415 
395 415 
394 414 
393 414 
393 414 
392 414 
392 413 
392 413 
392 412 
392 412 
392 412 
392 411 
391 411 
391 411 
391 410 
391 410 
391 410 
391 409 
391 409 
390 409 
390 408 
390 408 
390 408 
389 407 
389 407 
389 407 
388 406 
388 406 
388 405 
387 405 
385 405 
385 405 
384 405 
383 405 
383 406 
383 406 
383 407 
382 407 
382 407 
382 407 
381 406 
381 406 
381 406 
380 405 
380 405 
380 405 
380 405 
379 404 
379 404 
379 404 
378 404 
378 403 
378 403 
377 403 
377 402 
377 402 
377 402 
376 402 
376 401 
376 401 
376 401 
375 400 
375 400 
375 400 
375 400 
374 399 
374 399 
374 399 
373 398 
373 398 
373 398 
373 398 
372 397 
372 397 
372 397 
371 397 
371 396 
371 396 
371 395 
371 395 
370 395 
370 395 
370 394 
369 394 
369 394 
369 394 
368 393 
368 393 
368 393 
368 393 
367 393 
367 392 
367 392 
367 392 
366 391 
366 391 
366 391 
365 391 
365 390 
365 390 
365 390 
364 389 
364 389 
364 389 
363 389 
363 388 
363 388 
362 388 
362 388 
362 387 
361 387 
361 387 
361 386 
360 386 
360 386 
360 386 
360 385 
360 385 
359 385 
359 385 
358 384 
358 384 
358 384 
358 384 
357 383 
357 383 
357 383 
356 383 
356 382 
356 382 
355 382 
355 382 
355 381 
354 381 
354 381 
354 380 
354 380 
353 380 
353 379 
353 379 
352 379 
352 379 
352 378 
352 378 
351 378 
351 378 
351 377 
350 377 
350 377 
350 376 
350 376 
349 376 
349 376 
349 375 
348 375 
348 375 
348 374 
347 374 
347 374 
347 374 
346 373 
346 373 
346 373 
345 373 
345 372 
345 372 
345 372 
345 372 
344 371 
344 371 
344 370 
344 370 
343 370 
343 370 
342 369 
342 369 
342 369 
342 368 
341 368 
341 368 
341 368 
341 367 
340 367 
340 367 
340 367 
340 366 
339 366 
339 366 
338 365 
338 365 
338 365 
338 365 
338 364 
337 364 
337 364 
337 363 
336 363 
336 363 
336 363 
335 362 
335 362 
335 362 
335 362 
335 361 
335 361 
334 361 
333 360 
333 360 
333 360 
333 360 
332 359 
332 359 
332 359 
332 358 
331 358 
331 358 
330 358 
330 358 
330 357 
330 357 
330 357 
330 356 
329 356 
329 356 
329 355 
329 355 
328 355 
327 355 
327 354 
327 354 
327 354 
326 354 
326 353 
326 353 
326 353 
326 353 
326 352 
325 352 
325 352 
324 351 
324 351 
324 351 
324 350 
323 350 
323 350 
323 350 
322 349 
322 349 
322 349 
322 349 
321 348 
322 348 
321 348 
321 348 
321 347 
320 347 
320 347 
320 346 
320 346 
319 346 
319 345 
319 345 
318 345 
318 345 
318 344 
318 344 
318 344 
317 344 
317 343 
317 343 
316 343 
316 343 
316 342 
315 342 
315 342 
315 341 
315 341 
315 341 
315 340 
314 340 
314 340 
314 339 
313 339 
313 339 
313 339 
313 338 
313 338 
313 338 
312 337 
312 337 
312 337 
312 336 
311 336 
311 336 
311 335 
311 335 
310 335 
310 335 
310 334 
310 334 
310 334 
310 333 
310 333 
310 332 
310 332 
312 332 
316 331 
318 320 321 331 
321 331 
321 330 
323 330 
323 329 
323 329 
323 329 
323 328 
323 328 
323 327 
323 326 
323 326 
324 325 








