0 320 
0 320 
0 320 
0 320 
0 320 
0 320 
0 320 
0 320 
0 320 
0 320 
0 320 
0 320 
0 320 
0 320 
0 320 
0 320 
0 320 
0 320 
0 320 
0 320 
0 320 
0 320 
0 320 
0 320 
0 320 
0 320 
0 320 
0 320 
0 320 
0 320 
0 320 
0 320 
0 320 
0 320 
0 320 
0 320 
0 320 
0 320 
0 320 
0 320 
0 320 
0 320 
0 320 
0 320 
0 320 
0 320 
0 320 
0 320 
0 320 
0 320 
0 320 
0 320 
0 320 
0 320 
0 320 
0 320 
0 320 
0 320 
0 320 
0 320 
0 320 
0 320 
0 320 
0 320 
0 320 
0 320 
0 320 
0 320 
0 320 
0 320 
0 320 
0 320 
0 320 
0 320 
0 320 
0 320 
0 320 
0 320 
0 320 
0 320 
0 320 
0 320 
0 320 
0 320 
0 320 
0 320 
0 320 
0 320 
0 320 
0 320 
0 320 
0 320 
0 320 
0 320 
0 320 
0 320 
0 320 
0 320 
0 320 
0 320 
0 320 
0 320 
0 320 
0 320 
0 320 
0 320 
0 320 
0 320 
0 320 
0 320 
0 320 
0 320 
0 320 
0 320 
0 320 
0 320 
0 320 
0 320 
0 320 
0 320 
0 320 
0 320 
0 320 
0 320 
0 320 
0 320 
0 320 
0 320 
0 320 
0 320 
0 320 
0 320 
0 320 
0 320 
0 320 
0 320 
0 320 
0 320 
0 320 
0 320 
0 320 
0 320 
0 320 
0 320 
0 320 
0 320 
0 320 
0 320 
0 320 
0 320 
0 320 
0 312 313 315 316 333 
0 308 320 339 
0 301 320 343 
0 298 320 346 
0 295 320 348 
0 294 320 350 
0 292 320 352 
0 290 320 354 
0 288 320 355 
0 287 320 356 
0 285 320 357 
0 284 320 358 
0 283 320 359 
0 283 320 360 
0 282 320 362 
0 281 320 362 
0 280 320 363 
0 279 320 364 
0 278 320 365 
0 277 320 365 
0 276 320 366 
0 275 320 368 
0 274 320 369 
0 272 320 371 
0 268 320 372 
0 264 320 376 
0 260 320 380 
0 255 320 384 
0 252 320 386 
0 249 320 389 
0 247 320 392 
0 244 320 394 
0 242 320 396 
0 240 320 399 
0 237 320 401 
0 236 320 402 
0 234 320 404 
0 233 252 253 320 405 
0 232 250 253 320 407 
0 230 247 253 320 408 
0 230 245 253 320 410 
0 229 243 253 320 410 
0 228 241 253 320 390 393 411 
0 227 239 254 320 390 395 412 
0 226 238 254 320 390 397 413 
0 225 236 254 320 390 399 414 
0 225 235 254 320 390 400 415 
0 224 234 254 320 390 402 415 
0 224 233 254 320 390 403 416 
0 224 233 254 320 390 405 416 
0 224 232 254 320 389 406 417 
0 224 231 254 320 389 406 417 
0 224 231 254 320 389 407 417 
0 224 232 253 320 389 408 418 
0 224 232 252 320 388 408 418 
0 224 233 252 320 388 408 417 
0 225 234 251 320 388 408 417 
0 225 235 250 320 388 408 417 
0 226 236 249 320 388 407 417 
0 226 237 248 320 388 406 416 
0 227 238 247 320 387 405 416 
0 228 240 247 320 387 403 416 
0 229 242 246 320 388 401 415 
0 229 244 246 320 388 399 415 
0 230 320 388 397 414 
0 232 320 387 395 413 
0 233 320 387 392 412 
0 234 320 411 
0 235 320 410 
0 237 320 409 
0 239 320 408 
0 240 320 406 
0 242 320 405 
0 244 320 403 
0 247 320 401 
0 250 320 399 
0 252 320 397 
0 252 320 394 
0 252 320 391 
0 252 320 385 
0 251 320 383 
0 251 320 383 
0 251 320 382 
0 251 320 382 
0 251 320 382 
0 252 320 381 
0 252 320 381 
0 253 320 381 
0 254 320 380 
0 255 320 380 
0 256 320 380 
0 256 320 380 
0 258 320 379 
0 261 320 379 
0 262 320 379 
0 263 320 378 
0 263 320 378 
0 263 320 378 
0 264 320 377 
0 264 320 377 
0 265 320 377 
0 266 320 377 
0 266 320 377 
0 268 320 377 
0 269 320 377 
0 269 320 372 
0 268 320 372 
0 268 320 372 
0 268 320 373 
0 268 320 373 
0 268 320 373 
0 268 320 373 
0 268 320 373 
0 268 320 373 
0 268 320 373 
0 268 320 373 
0 268 320 373 
0 268 320 373 
0 269 320 374 
0 267 320 375 
0 266 320 376 
0 264 320 378 
0 264 320 379 
0 262 320 380 
0 261 320 381 
0 260 320 381 
0 260 320 382 
0 259 320 383 
0 259 320 383 
0 258 320 384 
0 258 320 384 
0 257 320 384 
0 257 320 385 
0 257 320 385 
0 256 320 385 
0 256 320 386 
0 256 320 386 
0 255 320 387 
0 255 320 387 
0 255 320 388 
0 254 320 388 
0 254 320 388 
0 254 320 389 
0 253 320 389 
0 253 320 390 
0 253 320 390 
0 252 320 391 
0 252 320 391 
0 251 320 392 
0 251 320 392 
0 250 320 393 
0 250 320 393 
0 250 320 393 
0 250 320 394 
0 249 320 394 
0 249 320 394 
0 249 320 394 
0 248 320 395 
0 248 320 395 
0 248 320 395 
0 248 320 395 
0 248 320 395 
0 247 320 395 
0 248 320 395 
0 248 320 395 
0 248 320 395 
0 248 320 395 
0 249 320 395 
0 250 320 395 
0 251 320 395 
0 252 320 396 
0 252 320 396 
0 252 320 396 
0 252 320 396 
0 252 320 396 
0 252 320 397 
0 252 320 397 
0 252 320 397 
0 251 320 397 
0 251 320 398 
0 250 320 398 
0 250 320 398 
0 250 320 398 
0 250 320 386 387 398 
0 250 320 386 388 397 
0 250 320 386 389 397 
0 250 320 387 389 397 
0 250 320 387 390 397 
0 250 320 387 390 396 
0 250 320 387 391 396 
0 251 320 387 391 395 
0 251 320 387 392 395 
0 252 320 387 
0 252 320 387 
0 253 262 263 320 387 
0 255 262 263 320 387 
0 259 320 387 
0 259 320 386 
0 259 320 386 
0 259 320 386 
0 259 320 386 
0 259 320 386 
0 259 320 386 
0 260 320 386 
0 260 320 386 
0 260 320 385 
0 260 320 385 
0 260 320 385 
0 260 320 385 
0 260 320 385 
0 260 320 385 
0 260 320 385 
0 260 320 385 
0 260 320 385 
0 260 320 385 
0 260 320 385 
0 260 320 385 
0 260 320 385 
0 261 320 385 
0 261 264 265 320 385 
0 261 263 265 320 385 
0 261 264 265 320 385 
0 261 264 265 320 385 
0 261 264 265 320 385 
0 261 264 265 320 385 
0 261 263 265 320 385 
0 261 264 265 320 385 
0 261 320 385 
0 261 320 385 
0 261 320 384 
0 261 320 384 
0 261 320 384 
0 262 265 266 320 384 
0 262 265 266 320 384 
0 262 265 267 320 384 
0 262 265 267 320 384 
0 262 265 267 320 384 
0 262 265 268 320 384 
0 262 265 268 320 384 
0 262 265 269 320 384 
0 262 265 269 320 384 
0 262 265 269 320 384 
0 262 265 270 320 384 
0 262 265 270 320 384 
0 262 265 271 320 384 
0 262 265 271 320 384 
0 262 265 272 320 384 
0 262 265 272 320 384 
0 262 265 272 320 384 
0 262 265 271 320 384 
0 262 266 271 320 384 
0 262 266 270 320 384 
0 262 266 270 320 384 
0 262 266 269 320 384 
0 262 266 268 320 384 
0 262 266 268 320 384 
0 262 266 267 320 376 377 384 
0 262 320 375 377 384 
0 262 320 375 377 384 
0 262 320 375 377 384 
0 262 320 376 377 384 
0 262 320 384 
0 262 320 384 
0 262 320 384 
0 262 320 384 
0 262 320 384 
0 263 320 384 
0 262 320 384 
0 262 320 384 
0 261 320 384 
0 260 320 384 
0 260 320 384 
0 259 320 384 
0 259 320 384 
0 258 320 384 
0 258 320 384 
0 258 320 384 
0 257 320 384 
0 257 320 385 
0 256 320 385 
0 256 320 385 
0 255 320 385 
0 255 320 386 
0 255 320 386 
0 254 320 387 
0 254 320 387 
0 253 320 388 
0 253 320 388 
0 253 320 388 
0 252 320 389 
0 252 320 389 
0 251 320 389 
0 251 320 390 
0 251 320 390 
0 250 320 390 
0 250 320 391 
0 249 320 391 
0 249 320 392 
0 249 320 392 
0 248 320 392 
0 248 320 393 
0 248 320 393 
0 247 320 393 
0 247 320 394 
0 247 320 394 
0 246 320 394 
0 246 320 395 
0 245 320 395 
0 245 320 395 
0 245 320 395 
0 246 320 395 
0 246 320 395 
0 246 320 394 
0 246 320 394 
0 246 320 395 
0 245 320 395 
0 245 320 396 
0 245 320 396 
0 244 320 397 
0 243 320 398 
0 243 320 398 
0 242 320 399 
0 241 320 400 
0 240 320 400 
0 240 320 401 
0 239 320 402 
0 238 320 403 
0 238 320 403 
0 238 319 404 
