0 640 
0 640 
0 640 
0 640 
0 640 
0 640 
0 640 
0 640 
0 640 
0 640 
0 640 
0 640 
0 640 
0 640 
0 640 
0 640 
0 640 
0 640 
0 640 
0 640 
0 640 
0 640 
0 640 
0 640 
0 640 
0 640 
0 640 
0 640 
0 640 
0 640 
0 640 
0 640 
0 640 
0 640 
0 640 
0 640 
0 640 
0 640 
0 640 
0 640 
0 640 
0 640 
0 640 
0 640 
0 640 
0 640 
0 640 
0 640 
0 640 
0 640 
0 640 
0 640 
0 640 
0 640 
0 640 
0 640 
0 640 
0 640 
0 640 
0 640 
0 640 
0 640 
0 640 
0 640 
0 640 
0 640 
0 640 
0 640 
0 640 
0 640 
0 640 
0 640 
0 640 
0 640 
0 640 
0 640 
0 640 
0 261 262 640 
0 261 263 640 
0 260 263 640 
0 259 263 640 
0 259 263 366 400 640 
0 258 263 361 406 640 
0 258 264 358 410 640 
0 258 264 355 413 640 
0 258 264 351 416 640 
0 258 264 349 419 640 
0 258 265 347 420 640 
0 258 265 275 290 346 422 640 
0 258 265 272 297 344 424 640 
0 258 265 269 300 343 425 640 
0 258 302 342 427 640 
0 259 303 341 429 640 
0 259 303 339 430 640 
0 259 303 338 431 640 
0 260 303 337 432 640 
0 260 303 336 434 640 
0 259 302 335 435 640 
0 258 302 334 436 640 
0 258 301 333 438 640 
0 257 300 332 439 640 
0 257 300 331 440 640 
0 257 299 331 441 640 
0 257 298 330 442 640 
0 257 297 329 443 640 
0 257 296 328 445 640 
0 257 296 327 446 640 
0 257 295 327 447 640 
0 258 294 326 449 640 
0 258 293 325 450 640 
0 259 293 324 452 640 
0 259 292 324 453 640 
0 260 292 323 454 640 
0 261 291 322 456 640 
0 262 291 322 457 640 
0 263 291 321 459 640 
0 264 291 320 460 640 
0 266 291 318 461 640 
0 232 238 267 291 305 311 314 463 640 
0 233 244 269 291 298 418 427 464 640 
0 234 250 272 291 295 415 431 466 640 
0 235 253 274 414 434 468 640 
0 235 259 275 413 437 469 640 
0 233 265 277 413 439 470 640 
0 230 271 278 413 440 472 640 
0 230 277 279 413 442 473 640 
0 230 413 444 475 640 
0 231 413 446 476 640 
0 234 235 236 414 447 478 640 
0 236 414 449 480 640 
0 235 414 451 481 640 
0 234 414 453 482 640 
0 232 414 455 483 640 
0 232 414 457 484 640 
0 233 414 460 485 640 
0 235 414 465 485 640 
0 236 413 474 482 640 
0 236 413 640 
0 237 413 640 
0 237 413 640 
0 239 413 640 
0 240 413 640 
0 247 413 640 
0 248 413 640 
0 249 413 640 
0 249 413 640 
0 249 413 640 
0 250 413 640 
0 251 413 640 
0 252 413 640 
0 253 413 640 
0 254 415 640 
0 256 419 640 
0 258 424 640 
0 259 427 640 
0 261 431 640 
0 264 434 640 
0 266 438 640 
0 268 442 640 
0 272 446 640 
0 274 449 640 
0 276 453 640 
0 278 456 640 
0 281 459 640 
0 282 461 640 
0 283 464 640 
0 284 467 640 
0 285 470 640 
0 287 471 640 
0 290 472 640 
0 292 474 640 
0 295 476 640 
0 298 477 640 
0 299 478 640 
0 299 480 640 
0 300 481 640 
0 300 483 640 
0 300 484 640 
0 301 484 640 
0 302 312 314 485 640 
0 305 312 316 486 640 
0 307 312 317 487 640 
0 311 312 318 488 640 
0 319 489 640 
0 320 490 640 
0 321 491 640 
0 321 491 640 
0 320 492 640 
0 320 492 640 
0 318 492 640 
0 317 491 640 
0 317 489 640 
0 316 486 640 
0 316 486 640 
0 318 487 640 
0 320 487 640 
0 322 487 640 
0 322 486 640 
0 323 486 640 
0 323 485 640 
0 324 483 640 
0 325 482 640 
0 312 315 325 482 640 
0 307 318 327 482 640 
0 305 320 328 483 640 
0 303 321 329 483 640 
0 294 295 302 322 330 485 640 
0 294 296 301 323 331 487 640 
0 295 297 300 324 331 490 640 
0 295 297 299 325 332 348 350 494 640 
0 296 326 333 346 351 497 640 
0 297 327 333 344 351 501 640 
0 296 327 334 341 352 505 640 
0 295 328 335 339 351 512 640 
0 294 329 350 513 640 
0 293 329 350 512 640 
0 291 330 350 499 503 509 640 
0 290 330 350 499 640 
0 289 331 351 501 517 518 640 
0 288 331 352 515 640 
0 287 331 353 515 640 
0 287 332 353 526 640 
0 286 332 354 526 640 
0 285 332 354 522 640 
0 285 332 355 522 640 
0 285 333 355 525 640 
0 285 333 355 527 640 
0 285 333 355 530 640 
0 285 333 355 534 640 
0 286 332 355 538 640 
0 286 332 355 523 531 538 640 
0 286 331 355 494 498 524 640 
0 286 331 355 495 501 526 640 
0 286 330 353 498 503 518 521 528 640 
0 287 329 353 501 506 519 523 529 640 
0 287 329 352 503 508 521 526 531 640 
0 287 330 352 505 510 523 529 533 640 
0 288 331 351 507 513 525 532 534 640 
0 289 332 352 509 516 527 640 
0 290 333 352 511 518 529 640 
0 290 334 352 513 520 530 640 
0 292 335 352 515 523 531 640 
0 293 335 352 517 526 533 640 
0 294 336 351 519 529 534 640 
0 295 337 350 520 531 536 640 
0 296 337 349 523 534 537 640 
0 298 338 348 525 640 
0 299 338 346 526 640 
0 301 339 345 506 507 528 640 
0 304 339 344 508 512 529 640 
0 310 340 343 510 515 531 640 
0 320 340 342 511 519 533 640 
0 321 340 341 514 523 534 640 
0 322 481 482 492 496 515 526 536 640 
0 322 449 450 481 484 493 499 515 530 537 640 
0 323 450 452 482 491 493 501 518 536 538 640 
0 323 430 432 450 453 483 506 507 512 520 640 
0 323 431 433 451 455 485 516 521 640 
0 323 431 435 452 456 486 520 522 640 
0 323 432 436 454 458 488 640 
0 323 432 437 455 459 474 477 490 640 
0 323 433 439 456 460 474 483 491 640 
0 324 433 441 457 462 475 486 492 640 
0 324 434 443 445 448 458 463 476 489 494 640 
0 324 434 449 460 464 477 491 495 640 
0 324 435 451 454 457 461 466 477 640 
0 324 435 453 455 457 462 468 478 640 
0 324 436 456 457 460 463 469 478 640 
0 324 436 456 457 461 465 470 479 640 
0 324 437 462 465 472 474 475 479 640 
0 324 437 464 467 476 480 640 
0 324 438 466 467 477 480 640 
0 325 438 467 468 478 481 640 
0 325 439 478 485 640 
0 325 439 470 471 474 488 505 518 640 
0 325 440 470 488 500 519 640 
0 325 440 469 489 496 520 640 
0 325 440 467 490 492 520 640 
0 325 441 466 521 640 
0 325 441 465 521 640 
0 325 441 464 521 640 
0 325 442 463 522 640 
0 325 442 463 522 640 
0 325 443 462 522 640 
0 325 443 462 522 640 
0 326 443 461 522 640 
0 326 444 461 522 640 
0 326 444 460 522 640 
0 326 445 460 523 640 
0 326 445 460 523 640 
0 326 445 459 523 640 
0 326 446 459 523 640 
0 326 446 459 523 640 
0 326 446 459 523 640 
0 326 447 458 523 640 
0 327 447 458 523 640 
0 327 447 458 523 640 
0 327 448 458 523 640 
0 326 448 458 524 640 
0 326 448 457 524 640 
0 327 449 457 524 640 
0 327 452 457 524 640 
0 327 524 640 
0 327 524 640 
0 327 523 640 
0 327 366 368 523 640 
0 327 366 368 523 640 
0 327 365 369 523 640 
0 327 365 370 523 640 
0 328 365 371 523 640 
0 328 365 372 523 640 
0 328 365 372 523 640 
0 328 364 373 524 640 
0 329 364 374 524 640 
0 329 364 375 524 640 
0 330 363 375 524 640 
0 333 363 376 523 640 
0 335 336 339 363 377 523 640 
0 340 363 378 523 640 
0 340 362 378 523 640 
0 339 362 379 522 640 
0 339 362 380 522 640 
0 339 362 380 522 640 
0 338 361 381 522 640 
0 338 361 382 521 640 
0 337 361 382 521 640 
0 336 360 383 521 640 
0 335 360 384 521 640 
0 334 360 384 521 640 
0 333 360 385 522 640 
0 333 359 385 523 640 
0 332 359 386 526 640 
0 331 358 386 530 640 
0 331 358 387 535 640 
0 330 358 387 465 467 539 640 
0 329 357 388 467 468 543 640 
0 329 357 388 468 470 546 640 
0 328 356 389 470 471 552 640 
0 328 356 390 471 473 557 640 
0 327 355 391 472 474 561 640 
0 327 355 391 474 476 566 640 
0 326 354 391 475 477 570 640 
0 326 354 391 477 478 574 640 
0 325 353 390 479 480 579 640 
0 324 352 390 585 640 
0 324 352 390 589 640 
0 323 351 389 593 640 
0 323 350 389 598 640 
0 322 349 388 604 640 
0 322 349 388 493 494 608 640 
0 321 348 387 493 496 613 640 
0 321 347 387 493 498 616 640 
0 320 347 386 494 499 617 640 
0 320 345 385 495 500 515 516 618 640 
0 319 345 385 496 501 515 519 549 553 618 640 
0 319 344 383 498 503 515 520 551 558 620 640 
0 318 343 382 499 504 514 522 553 561 620 640 
0 317 342 381 501 506 514 524 555 566 619 640 
0 317 342 381 502 508 514 527 558 571 619 640 
0 316 341 380 504 509 513 529 561 575 618 640 
0 315 340 379 506 531 563 580 618 640 
0 315 339 378 508 533 565 585 619 640 
0 314 339 378 509 535 568 591 619 640 
0 314 338 376 512 538 571 595 620 640 
0 313 337 375 514 540 575 598 621 638 
0 312 336 374 517 543 578 602 622 632 
0 312 335 372 518 546 581 606 623 628 
0 311 335 371 521 548 584 610 
0 310 334 370 523 551 587 611 
0 309 333 370 526 553 590 610 
0 309 333 368 529 556 594 606 
0 308 332 367 532 559 596 602 
0 307 331 365 535 562 
0 306 331 364 539 565 
5 305 330 363 545 568 
12 304 329 362 553 571 
20 304 329 360 559 575 
36 303 328 359 564 575 
51 302 327 358 569 573 
53 301 327 356 
59 300 326 355 
65 299 326 353 
75 298 325 352 
84 297 325 351 
94 296 325 349 
105 295 324 348 
112 295 324 347 
122 294 323 345 
134 293 323 344 
144 293 323 343 
155 291 323 342 
161 290 323 340 
172 290 323 339 
186 288 323 337 
200 288 322 336 
213 287 322 334 
222 286 322 331 
237 285 
254 284 
267 283 









1 5 
0 8 
0 13 15 22 
0 31 
0 34 
0 35 
0 38 
0 38 
0 38 
0 37 
0 37 
0 37 133 136 
0 37 53 54 135 144 
0 37 53 55 74 75 138 155 
0 37 53 55 72 77 139 164 170 172 
0 37 52 55 71 80 143 176 179 182 
0 37 52 55 70 86 145 190 
0 37 53 57 70 89 148 208 209 217 
0 37 53 58 69 91 151 232 
0 37 53 60 68 95 153 258 
0 38 53 62 67 98 155 260 
0 38 54 63 64 100 159 286 289 291 306 307 
0 38 54 103 162 286 289 291 297 299 305 307 312 315 
0 39 55 105 164 292 297 300 305 308 311 316 
0 40 55 107 168 292 296 300 304 309 310 317 
0 39 56 109 112 113 171 293 296 302 303 319 
0 41 43 46 57 110 113 114 173 294 295 302 303 320 
0 41 43 49 58 116 174 322 
0 53 59 117 172 324 
0 55 56 58 59 117 152 154 171 327 
0 119 120 122 153 156 170 326 
0 120 123 125 154 159 170 325 
0 124 126 127 156 161 170 324 
0 126 158 164 171 323 
0 127 160 166 171 322 
0 128 161 322 
0 131 162 321 
0 132 163 320 
0 135 164 320 
0 136 138 139 166 319 
0 138 140 141 167 319 
0 139 141 142 168 319 
0 140 169 319 
0 142 170 319 
0 144 171 319 
0 146 173 319 
0 147 174 319 
0 151 176 319 
0 150 151 153 177 319 
0 152 178 319 
0 152 154 155 180 320 
0 154 181 320 
0 156 182 320 
0 158 184 320 
0 160 185 320 
0 160 187 321 
0 161 188 321 
0 164 189 323 
0 163 165 166 190 323 
0 167 192 324 391 393 566 568 
0 166 167 168 194 325 374 378 385 387 566 569 
0 169 195 328 365 373 384 393 566 571 
0 171 196 329 360 371 375 400 562 563 565 573 
0 172 198 332 336 354 359 361 363 403 564 576 
0 173 199 353 357 406 563 577 
0 174 200 407 562 581 
0 175 201 410 557 558 561 583 
0 176 200 412 416 417 559 587 
0 177 198 421 558 590 
0 179 195 424 558 595 
0 180 195 424 558 595 
