0 640 
0 640 
0 640 
0 640 
0 640 
0 640 
0 640 
0 640 
0 640 
0 640 
0 640 
0 640 
0 640 
0 640 
0 640 
0 640 
0 640 
0 640 
0 640 
0 640 
0 640 
0 640 
0 640 
0 640 
0 640 
0 640 
0 640 
0 640 
0 640 
0 640 
0 640 
0 640 
0 640 
0 640 
0 640 
0 640 
0 640 
0 640 
0 640 
0 640 
0 640 
0 640 
0 640 
0 640 
0 640 
0 640 
0 640 
0 640 
0 640 
0 640 
0 640 
0 640 
0 640 
0 640 
0 640 
0 640 
0 640 
0 640 
0 640 
0 640 
0 640 
0 640 
0 640 
0 640 
0 640 
0 640 
0 640 
0 640 
0 640 
0 640 
0 640 
0 640 
0 640 
0 640 
0 640 
0 640 
0 640 
0 640 
0 640 
0 640 
0 640 
0 640 
0 640 
0 323 326 640 
0 322 329 640 
0 321 332 640 
0 321 334 640 
0 320 336 640 
0 320 337 348 349 640 
0 308 312 319 338 347 351 640 
0 304 313 319 338 345 351 640 
0 302 314 319 338 344 352 640 
0 300 315 318 338 342 352 640 
0 299 315 318 338 341 353 640 
0 299 316 318 353 640 
0 298 353 640 
0 298 354 640 
0 297 354 640 
0 297 355 640 
0 298 356 364 368 640 
0 298 369 640 
0 298 370 640 
0 299 372 640 
0 299 373 640 
0 299 373 640 
0 300 374 640 
0 300 375 640 
0 300 376 640 
0 301 377 640 
0 301 377 640 
0 301 378 640 
0 300 378 640 
0 298 379 640 
0 298 379 640 
0 297 380 640 
0 296 380 640 
0 296 380 640 
0 295 380 640 
0 295 380 640 
0 294 379 640 
0 293 379 640 
0 292 379 640 
0 291 379 640 
0 290 379 640 
0 289 379 640 
0 289 380 640 
0 288 380 640 
0 288 381 640 
0 287 382 640 
0 287 382 640 
0 287 383 640 
0 286 384 640 
0 286 386 640 
0 286 389 640 
0 285 390 640 
0 285 390 640 
0 285 389 640 
0 285 388 640 
0 285 388 640 
0 284 388 640 
0 284 388 640 
0 284 388 640 
0 284 388 640 
0 285 388 640 
0 285 388 640 
0 285 388 640 
0 285 388 640 
0 284 389 640 
0 284 389 640 
0 283 389 640 
0 283 389 640 
0 285 389 640 
0 286 389 640 
0 286 389 640 
0 287 389 640 
0 287 389 640 
0 287 389 640 
0 287 389 640 
0 287 291 294 389 640 
0 287 291 294 388 640 
0 289 291 294 388 640 
0 289 291 294 388 640 
0 290 291 294 388 640 
0 294 388 640 
0 293 388 640 
0 293 388 640 
0 293 387 640 
0 293 387 640 
0 293 387 640 
0 293 387 640 
0 293 387 640 
0 293 387 640 
0 293 387 640 
0 292 386 640 
0 292 386 640 
0 292 386 640 
0 292 386 640 
0 292 386 640 
0 292 385 640 
0 292 385 640 
0 292 385 640 
0 292 385 640 
0 292 384 640 
0 292 384 640 
0 292 384 640 
0 291 295 296 383 640 
0 291 295 297 383 640 
0 291 294 296 383 640 
0 290 294 297 302 303 383 640 
0 290 293 297 302 304 383 640 
0 290 292 296 301 304 383 640 
0 290 291 297 301 303 305 306 383 640 
0 297 301 303 305 307 383 640 
0 296 301 303 304 308 383 640 
0 296 300 308 383 640 
0 296 300 309 383 640 
0 296 299 309 375 376 383 640 
0 296 299 309 375 377 384 640 
0 296 299 311 375 377 384 640 
0 296 299 311 314 316 374 377 384 640 
0 296 299 312 313 317 374 378 381 640 
0 295 299 312 313 317 374 378 381 640 
0 295 299 312 313 317 373 379 381 640 
0 294 299 318 373 379 381 640 
0 191 195 294 298 318 373 640 
0 189 198 294 299 319 360 361 373 640 
0 188 200 294 299 320 359 361 372 640 
0 186 204 295 299 319 359 362 372 640 
0 185 206 262 264 295 299 315 356 357 358 362 369 640 
0 184 207 262 265 294 299 312 356 363 369 640 
0 183 207 262 265 289 301 310 355 364 368 640 
0 183 208 261 268 286 302 309 349 350 355 364 368 640 
0 182 210 261 270 281 304 308 349 350 355 364 368 640 
0 182 211 226 227 261 271 278 355 364 367 640 
0 181 213 224 227 260 272 275 356 364 367 640 
0 181 214 220 221 223 228 260 356 364 367 640 
0 180 216 218 231 260 356 365 366 640 
0 178 234 259 355 365 366 640 
0 174 235 259 355 640 
0 171 236 258 356 640 
0 169 236 258 357 640 
0 167 236 257 357 640 
0 165 236 256 358 640 
0 163 237 256 358 640 
0 161 237 255 358 640 
0 160 239 254 358 640 
0 158 241 254 358 640 
0 156 244 253 358 640 
0 155 247 253 358 640 
0 154 250 252 358 640 
0 152 358 640 
0 151 358 640 
0 150 358 640 
0 149 358 640 
0 134 137 149 358 640 
0 134 141 147 358 640 
0 134 143 146 358 640 
0 135 357 640 
0 136 357 640 
0 137 357 640 
0 138 183 184 357 640 
0 140 182 184 357 640 
0 141 177 184 357 640 
0 140 173 184 357 640 
0 140 164 185 357 640 
0 139 152 185 199 203 357 640 
0 139 150 186 197 206 356 640 
0 139 147 187 196 207 356 640 
0 139 143 145 146 188 195 208 356 640 
0 189 194 208 356 640 
0 190 192 209 356 640 
0 210 356 640 
0 210 225 227 356 640 
0 211 225 229 355 640 
0 213 224 232 355 640 
0 214 224 234 355 640 
0 216 223 236 355 640 
0 217 222 238 355 640 
0 218 222 240 354 640 
0 219 221 242 354 640 
0 245 354 640 
0 245 354 640 
0 245 353 640 
0 245 353 640 
0 245 353 640 
0 245 353 640 
0 244 352 640 
0 244 352 640 
0 244 352 640 
0 244 352 640 
0 243 351 640 
0 243 351 640 
0 243 351 640 
0 243 350 640 
0 243 350 640 
0 243 350 640 
0 242 350 640 
0 242 349 640 
0 242 349 640 
0 242 349 640 
0 242 348 640 
0 241 348 640 
0 241 348 640 
0 241 348 640 
0 240 347 640 
0 240 347 640 
0 240 347 640 
0 240 347 640 
0 240 346 640 
0 240 346 640 
0 240 346 640 
0 240 267 268 345 640 
0 240 267 268 345 640 
0 240 266 269 345 640 
0 241 266 268 345 640 
0 242 266 268 344 640 
0 243 265 268 344 640 
0 244 263 268 344 640 
0 245 259 268 343 640 
0 247 255 268 343 640 
0 249 253 268 343 640 
0 268 343 640 
0 268 342 640 
0 268 342 640 
0 268 342 640 
0 268 342 640 
0 268 342 640 
0 268 341 640 
0 268 341 640 
0 268 341 640 
0 268 341 640 
0 268 340 640 
0 268 340 640 
0 268 340 640 
0 267 340 640 
0 267 340 640 
0 267 339 640 
0 267 339 640 
0 267 339 640 
0 267 339 640 
0 267 339 640 
0 267 339 640 
0 266 339 640 
0 266 339 640 
0 266 339 640 
0 266 339 640 
0 265 339 640 
0 265 339 640 
0 265 341 640 
0 265 343 640 
0 265 344 640 
0 264 345 640 
0 264 346 640 
0 264 348 640 
0 264 349 640 
0 263 350 640 
0 263 350 640 
0 263 351 640 
0 262 353 640 
0 262 355 640 
0 262 358 640 
0 262 360 640 
0 263 361 640 
0 264 363 640 
0 265 365 640 
0 265 366 640 
0 265 368 640 
0 265 369 640 
0 264 371 640 
0 263 372 640 
0 263 374 640 
0 263 375 640 
0 262 377 640 
0 262 378 640 
0 262 380 640 
0 261 381 640 
0 260 382 640 
0 260 384 640 
0 260 385 640 
0 259 386 640 
0 259 387 640 
0 258 388 640 
0 258 388 640 
0 258 388 640 
0 257 389 640 
0 257 389 640 
0 257 389 640 
0 256 388 640 
0 256 388 640 
0 255 388 640 
0 255 388 640 
0 255 388 640 
0 254 388 640 
0 254 388 640 
0 254 388 640 
0 254 388 640 
0 253 388 640 
0 253 388 640 
0 253 388 640 
0 253 388 640 
0 253 388 640 
0 252 388 640 
0 252 388 640 
0 252 387 640 
0 251 387 640 
0 251 386 640 
0 250 386 640 
0 250 386 640 
0 250 385 640 
0 249 385 640 
0 249 384 640 
0 249 383 640 
0 248 383 640 
0 248 382 640 
0 248 382 640 
0 248 381 640 
0 247 380 640 
0 247 380 640 
0 247 379 640 
0 246 378 640 
0 246 377 640 
0 245 377 640 
0 245 376 640 
0 244 375 640 
0 244 373 640 
0 244 371 640 
0 244 370 640 
0 243 369 640 
0 243 369 640 
0 243 369 640 
0 242 370 640 
0 242 370 640 
0 242 370 640 
0 241 370 640 
0 241 370 640 
0 241 371 640 
0 241 371 640 
0 240 371 640 
0 240 371 640 
0 240 371 640 
0 240 371 640 
0 239 372 640 
0 239 372 640 
0 239 372 640 
0 239 372 640 
0 239 372 640 
0 239 373 640 
0 238 373 640 
0 238 373 640 
0 239 373 640 
0 239 373 640 
0 239 373 640 
0 239 373 640 
0 239 374 640 
0 239 374 640 
0 239 374 640 
0 239 374 640 
0 239 375 640 
0 239 375 640 
0 239 375 640 
0 239 375 640 
0 238 375 640 
0 238 375 640 
0 237 375 640 
0 236 375 640 
0 236 375 640 
0 235 375 640 
0 235 376 640 
0 234 376 640 
0 233 376 640 
0 232 376 640 
0 232 376 640 
0 231 376 640 
0 231 376 640 
0 230 376 640 
0 230 377 640 
0 230 377 640 
0 230 378 640 
0 230 378 640 
0 230 378 640 
0 231 379 640 
0 231 379 640 
0 232 380 640 
0 232 380 640 
0 232 381 640 
0 233 381 640 
0 234 382 640 
0 234 382 640 
0 235 383 640 
0 235 383 640 
0 236 384 640 
0 236 384 640 
0 237 385 640 
0 237 385 640 
0 238 385 640 
0 239 386 640 
0 240 386 640 
0 240 386 640 
0 241 386 640 
0 242 386 640 
