0 640 
0 640 
0 640 
0 640 
0 640 
0 640 
0 640 
0 640 
0 640 
0 640 
0 640 
0 640 
0 640 
0 640 
0 640 
0 640 
0 640 
0 640 
0 640 
0 640 
0 640 
0 640 
0 640 
0 640 
0 640 
0 640 
0 273 274 640 
0 272 277 640 
0 271 280 640 
0 270 283 640 
0 270 287 640 
0 269 292 640 
0 268 294 640 
0 268 297 640 
0 268 300 640 
0 267 302 640 
0 266 304 640 
0 266 306 640 
0 265 308 640 
0 265 309 640 
0 264 311 640 
0 264 312 640 
0 264 314 640 
0 263 315 640 
0 263 317 640 
0 262 318 640 
0 262 320 392 402 640 
0 261 321 382 403 640 
0 261 322 377 403 640 
0 260 324 373 403 640 
0 260 325 369 403 640 
0 259 327 367 402 640 
0 259 328 364 403 640 
0 259 329 361 402 640 
0 259 330 358 402 640 
0 258 332 334 346 355 402 640 
0 258 348 354 402 640 
0 258 402 640 
0 257 401 640 
0 257 401 640 
0 257 401 640 
0 256 401 640 
0 256 401 640 
0 256 400 640 
0 255 400 640 
0 255 400 640 
0 255 400 640 
0 254 400 640 
0 254 399 640 
0 254 399 640 
0 254 399 640 
0 254 399 640 
0 254 398 640 
0 254 398 640 
0 254 398 640 
0 254 398 640 
0 254 397 640 
0 255 397 640 
0 256 397 640 
0 257 281 284 397 640 
0 258 276 284 396 640 
0 260 270 284 396 640 
0 284 396 640 
0 284 396 640 
0 284 396 640 
0 283 395 640 
0 282 395 640 
0 282 395 640 
0 281 395 640 
0 280 394 640 
0 280 394 640 
0 279 393 640 
0 279 393 640 
0 278 393 640 
0 278 392 640 
0 277 392 640 
0 276 391 640 
0 276 391 640 
0 275 386 388 389 640 
0 275 386 640 
0 274 387 640 
0 274 387 640 
0 273 388 640 
0 273 388 640 
0 272 389 640 
0 272 389 640 
0 272 390 640 
0 271 390 640 
0 271 391 640 
0 270 391 640 
0 270 391 640 
0 269 392 640 
0 269 392 640 
0 269 392 640 
0 268 392 640 
0 268 392 640 
0 268 392 640 
0 268 393 640 
0 267 393 640 
0 267 393 640 
0 267 393 640 
0 266 393 640 
0 266 393 640 
0 266 393 640 
0 265 393 640 
0 265 392 640 
0 265 392 640 
0 265 392 640 
0 264 392 640 
0 264 392 640 
0 264 392 640 
0 264 391 640 
0 264 391 640 
0 264 391 640 
0 264 391 640 
0 264 391 640 
0 263 390 640 
0 263 390 640 
0 263 389 640 
0 263 389 640 
0 263 388 640 
0 263 388 640 
0 263 387 640 
0 262 387 640 
0 141 148 262 386 640 
0 138 149 262 385 640 
0 136 150 262 384 640 
0 135 150 262 384 640 
0 134 151 262 383 640 
0 134 152 262 382 640 
0 134 152 262 377 379 382 640 
0 133 153 262 377 379 382 640 
0 133 153 261 376 379 381 640 
0 133 153 261 375 379 381 640 
0 133 154 261 375 378 380 640 
0 133 154 261 374 378 380 640 
0 132 154 261 373 378 379 640 
0 132 154 261 372 640 
0 132 154 260 371 640 
0 132 154 260 369 370 371 640 
0 131 154 260 369 640 
0 131 154 260 369 640 
0 131 154 260 369 640 
0 131 155 158 159 160 161 260 369 640 
0 131 164 259 369 640 
0 130 165 259 368 640 
0 129 166 259 368 640 
0 128 166 259 368 640 
0 128 168 258 369 640 
0 128 169 258 369 640 
0 127 170 258 369 640 
0 126 170 258 369 640 
0 126 171 258 369 640 
0 125 171 257 369 640 
0 125 171 257 369 640 
0 125 172 257 369 640 
0 125 172 257 369 640 
0 125 172 256 369 640 
0 124 172 256 369 640 
0 124 172 256 369 640 
0 124 172 255 369 640 
0 124 172 255 369 640 
0 124 172 255 369 640 
0 124 172 255 369 640 
0 124 172 254 369 640 
0 124 172 254 369 640 
0 124 172 254 369 640 
0 124 172 254 369 640 
0 123 172 254 368 640 
0 123 172 253 368 640 
0 123 172 253 368 640 
0 122 172 253 368 640 
0 121 172 253 368 640 
0 121 172 253 369 640 
0 120 172 252 370 640 
0 120 172 252 372 640 
0 121 173 252 372 640 
0 121 173 252 373 640 
0 121 173 251 372 640 
0 121 173 251 372 640 
0 122 173 251 372 640 
0 122 173 250 372 640 
0 122 173 243 371 640 
0 122 173 242 371 640 
0 122 173 242 372 380 381 640 
0 122 173 241 374 376 383 640 
0 123 173 241 383 640 
0 123 173 241 383 640 
0 123 173 241 383 640 
0 123 173 241 383 640 
0 123 173 240 383 640 
0 123 173 240 384 640 
0 123 173 240 384 640 
0 122 173 240 384 640 
0 122 173 240 384 640 
0 121 172 240 384 640 
0 121 172 240 384 640 
0 121 172 240 385 640 
0 122 172 239 385 640 
0 122 173 239 386 640 
0 122 173 239 387 640 
0 122 173 239 387 640 
0 122 173 238 388 640 
0 122 174 238 388 640 
0 123 174 238 389 640 
0 123 174 239 390 640 
0 124 174 240 390 640 
0 124 174 240 391 514 516 640 
0 124 173 240 391 513 516 640 
0 125 173 239 392 513 517 640 
0 125 172 238 393 512 517 640 
0 125 171 238 394 510 517 640 
0 126 169 237 394 509 517 640 
0 126 168 237 395 500 505 509 517 640 
0 126 166 236 395 499 506 508 518 640 
0 126 166 236 396 498 518 640 
0 127 166 235 397 497 518 640 
0 127 165 235 397 497 518 640 
0 128 165 234 398 497 519 640 
0 128 164 234 399 497 519 640 
0 129 163 233 399 497 520 640 
0 130 160 232 400 497 520 640 
0 130 159 232 400 497 520 640 
0 133 158 231 401 497 520 640 
0 134 158 231 402 497 521 640 
0 136 157 230 402 496 524 640 
0 137 156 230 403 495 527 640 
0 138 153 229 403 495 527 640 
0 139 151 229 404 494 528 640 
0 141 150 228 405 493 529 640 
0 142 149 228 405 493 529 640 
0 143 149 227 405 493 530 640 
0 227 406 493 530 640 
0 100 103 112 113 124 132 226 406 493 531 640 
0 100 105 111 115 118 150 226 407 493 532 640 
0 99 106 111 153 225 407 493 534 640 
0 96 107 111 154 225 407 493 535 640 
0 96 108 111 156 224 407 493 536 640 
0 96 109 112 159 171 174 224 229 231 407 494 536 640 
0 96 110 112 160 169 175 224 228 230 407 493 536 640 
0 97 162 168 177 182 185 223 228 230 407 493 536 640 
0 98 163 167 186 223 228 230 407 493 536 640 
0 99 188 223 227 229 407 492 536 640 
0 100 190 223 227 229 406 492 536 640 
0 101 191 222 226 229 406 491 536 640 
0 103 192 222 226 229 405 483 485 491 536 640 
0 104 194 221 226 228 405 483 486 491 536 640 
0 106 195 221 225 228 404 483 535 640 
0 108 196 221 225 227 403 485 535 640 
0 110 197 220 224 227 403 485 535 640 
0 111 198 220 224 227 403 485 535 640 
0 114 200 220 223 226 403 485 535 640 
0 118 201 220 223 226 403 486 535 640 
0 122 202 219 222 226 403 486 535 640 
0 125 204 219 222 225 403 487 535 640 
0 128 205 219 222 225 404 487 535 640 
0 134 207 219 221 225 404 488 535 640 
0 143 208 219 221 224 404 488 535 640 
0 152 210 219 221 224 404 488 535 640 
0 155 212 218 220 224 404 489 535 640 
0 155 213 218 220 225 405 490 534 640 
0 154 215 218 219 225 405 490 534 640 
0 154 219 224 405 491 534 640 
0 155 219 224 405 492 533 640 
0 157 220 224 405 493 533 640 
0 159 405 493 533 640 
0 160 405 493 532 640 
0 161 405 493 531 640 
0 161 405 493 531 640 
0 161 405 493 530 640 
0 161 406 493 529 640 
0 162 406 493 528 640 
0 162 406 493 527 640 
0 163 406 493 527 640 
0 164 406 494 510 512 526 640 
0 166 370 371 406 494 508 514 526 640 
0 168 370 372 406 495 507 515 523 640 
0 171 370 372 406 502 506 516 522 640 
0 174 370 372 406 517 521 640 
0 177 370 372 407 640 
0 180 370 373 408 640 
0 182 369 373 411 640 
0 185 369 373 417 640 
0 187 369 373 424 640 
0 189 369 374 431 640 
0 191 368 374 442 640 
0 193 368 375 456 457 459 640 
0 195 368 375 465 640 
0 197 368 375 466 640 
0 198 368 375 467 640 
0 200 368 376 468 491 517 640 
0 202 368 376 469 489 520 640 
0 204 367 377 471 487 524 640 
0 205 367 377 476 485 526 640 
0 207 367 378 478 483 526 640 
0 209 368 378 478 481 527 640 
0 210 371 378 478 479 527 640 
0 212 372 379 526 640 
0 214 372 379 525 640 
0 215 371 380 515 519 523 640 
0 217 238 240 371 381 509 640 
0 218 238 240 371 381 507 640 
0 220 234 236 238 240 370 382 508 529 530 541 542 640 
0 223 230 237 238 241 370 383 509 527 531 539 543 640 
0 241 370 383 510 525 531 537 543 640 
0 241 369 384 517 524 531 535 544 640 
0 242 368 385 545 640 
0 242 368 386 547 640 
0 237 239 242 367 387 547 640 
0 234 367 389 547 640 
0 233 366 390 546 640 
0 233 365 394 545 640 
0 233 365 403 542 640 
0 233 365 412 539 640 
0 233 365 417 534 640 
0 234 365 424 528 640 
0 234 367 430 524 640 
0 234 368 435 476 478 518 640 
0 234 370 440 476 480 513 640 
0 234 370 443 475 483 509 640 
0 234 371 446 466 471 475 487 503 640 
0 234 372 449 465 490 497 640 
0 234 261 262 372 453 464 640 
0 234 261 263 372 458 463 640 
0 234 261 263 372 640 
0 234 246 247 261 263 372 640 
0 235 244 248 261 264 372 640 
0 235 242 248 261 264 372 640 
0 248 261 264 372 640 
0 249 261 265 372 640 
0 249 261 265 372 640 
0 250 261 265 372 640 
0 250 261 266 372 640 
0 250 262 266 372 640 
0 251 262 267 372 640 
0 251 262 267 371 640 
0 251 263 267 371 640 
0 252 263 267 371 640 
0 252 263 267 371 640 
0 252 257 258 264 267 371 640 
0 252 257 258 264 267 371 640 
0 252 257 258 261 263 265 267 371 640 
0 252 257 259 261 263 265 267 371 640 
0 252 257 259 261 264 265 267 371 640 
0 252 257 259 261 268 371 640 
0 252 258 259 261 268 371 640 
0 252 258 260 261 268 371 640 
0 252 258 260 262 268 371 640 
0 252 258 260 261 268 371 640 
0 253 256 260 261 267 371 640 
0 253 256 267 372 640 
0 253 256 266 372 640 
0 253 255 266 372 640 
0 253 255 266 373 640 
0 253 255 265 373 640 
0 253 255 265 374 640 
0 254 255 265 374 640 
0 254 255 264 374 640 
0 254 255 264 375 640 
0 253 255 264 375 640 
0 253 255 263 376 640 
0 253 255 263 376 640 
0 253 255 263 376 640 
0 253 255 262 377 640 
0 253 254 262 377 640 
0 262 377 640 
0 262 377 640 
0 261 378 640 
0 261 378 640 
0 260 379 640 
0 260 379 640 
0 259 380 640 
0 259 380 640 
0 259 381 640 
0 258 381 640 
0 258 382 640 
0 257 382 640 
0 257 383 640 
0 256 383 640 
0 256 383 640 
0 255 384 640 
0 255 384 640 
0 255 385 640 
0 254 385 640 
0 254 386 640 
0 253 386 640 
0 253 387 640 
0 252 387 640 
0 252 387 640 
0 252 388 640 
0 251 388 640 
0 251 389 640 
0 250 389 640 
0 250 389 640 
0 250 390 640 
0 249 390 640 
0 249 391 640 
0 249 391 640 
0 248 391 640 
0 248 392 640 
0 248 392 640 
0 248 392 640 
0 247 392 640 
0 247 393 640 
0 247 393 640 
0 247 393 640 
0 246 394 640 
0 246 394 640 
0 245 395 640 
0 245 395 640 
0 245 395 640 
0 245 396 640 
0 244 396 640 
0 244 396 640 
0 244 397 640 
0 244 397 640 
0 243 397 640 
0 243 398 640 
0 243 398 640 
0 242 398 640 
0 242 399 640 
0 242 399 640 
0 242 400 640 
0 241 400 640 
0 241 400 640 
0 240 401 640 
0 240 401 640 
0 240 401 640 
0 239 402 640 
0 239 402 640 
0 239 402 640 
0 239 403 640 
0 238 403 640 
0 238 403 640 
0 238 403 640 
0 238 404 640 
0 237 404 640 
0 237 405 640 
0 237 405 640 
0 237 405 640 
0 236 406 640 
0 236 406 640 
0 236 406 640 
0 235 407 640 
0 235 407 640 
0 235 407 640 
0 235 407 640 
0 235 408 640 
0 234 408 640 
0 234 408 640 
0 234 408 640 
0 234 409 640 
0 233 409 640 
0 233 409 640 
0 233 410 640 
0 233 410 640 
0 233 410 640 
0 233 410 640 
0 233 411 640 
0 233 411 640 
