220 222 223 411 
142 143 220 411 
141 146 214 416 
140 152 211 418 
140 156 169 172 175 176 184 192 203 205 210 420 423 424 
140 167 170 173 202 424 425 429 
139 172 175 180 184 192 200 431 
138 432 
138 434 436 437 
138 436 437 439 
137 442 
137 444 
136 446 
136 448 
136 448 451 452 
135 453 
135 454 455 456 
135 457 
134 460 
134 462 
133 462 
133 461 
133 461 
132 460 473 474 
132 460 473 474 
131 459 472 474 
131 458 472 473 
131 457 471 473 
131 457 471 473 
130 457 471 473 
130 456 471 472 
130 456 471 472 
129 455 471 472 
129 455 470 471 
128 455 470 471 
128 455 470 471 
127 454 
127 454 
127 454 
127 454 
126 454 
126 453 
126 453 
125 453 
125 453 
125 454 
124 454 
124 454 
124 454 
124 454 
123 454 
123 454 
123 454 
122 454 
122 455 
122 455 
121 455 
121 455 
121 455 
120 456 
120 456 
120 456 
119 457 
119 457 
119 457 
118 458 
118 458 
118 459 
118 459 
117 459 
117 460 
117 460 
116 460 
116 461 
116 461 
115 462 
115 462 
115 463 
115 463 
115 464 
114 464 
114 464 
114 465 
114 465 
113 465 
113 466 
113 466 
112 467 
112 467 
112 467 
112 468 
112 468 
112 468 
111 469 
111 469 
111 470 
111 470 
110 471 
110 472 
110 472 
110 473 
110 474 
109 475 
109 476 
109 476 
109 477 
108 478 
108 479 
108 480 
108 481 
107 483 
107 484 
107 486 
107 488 
107 490 
106 493 
106 503 
106 506 
106 509 
106 510 
105 511 
105 512 
105 512 
105 513 
104 514 
104 515 
104 518 
104 518 
103 518 
103 517 
103 516 
103 516 
103 515 
102 515 
102 514 
102 513 
102 513 
102 512 
101 512 
101 511 
101 511 
101 510 
101 510 
100 509 
100 509 
100 509 
100 508 
100 508 
99 508 
99 508 
99 507 
98 507 
98 506 
98 506 
98 505 
98 505 
97 504 
97 504 
97 504 
97 504 
97 503 
96 503 
96 503 
96 503 
96 503 
96 503 
96 503 
95 502 
95 502 
95 502 
95 501 
94 501 
94 501 
94 501 
94 500 
93 500 
93 500 
93 499 
93 499 
93 499 
93 499 
92 498 
92 498 
92 498 
92 498 
92 498 
91 497 
91 497 500 501 
91 497 500 501 
91 497 500 501 514 515 
91 497 499 501 513 516 
90 497 499 501 503 505 513 517 
90 496 498 501 503 505 512 517 
90 496 498 501 503 505 512 518 
90 496 497 501 503 505 511 519 
90 500 502 505 511 519 
89 500 502 506 511 519 
89 500 501 506 511 519 
89 506 511 519 
88 506 510 519 
88 506 510 518 
88 506 509 518 
88 507 509 518 
88 507 508 518 
87 507 508 518 
87 518 
87 518 
87 518 
87 517 
87 517 
86 517 
86 517 
86 517 
86 517 
86 517 
85 516 
85 516 
85 516 
85 516 
85 516 
84 516 
84 515 
84 515 
84 515 
83 515 
83 515 
83 515 
83 515 
83 515 
82 515 
82 514 
82 514 
82 514 
82 514 
82 514 
81 514 
81 514 
81 514 
81 514 
81 514 
80 514 
80 513 
80 513 
80 513 
80 513 
79 513 
79 513 
79 513 
79 513 
78 513 
78 513 
78 513 
78 513 
78 513 
77 513 
77 512 
77 512 
77 512 
77 512 
77 512 
76 512 
76 512 
76 512 
76 512 
76 512 
75 512 
75 512 
75 512 
75 512 
75 513 
75 513 
74 513 
74 513 
74 513 
74 513 
73 513 
73 513 
73 513 
73 513 
73 513 
72 513 
72 513 
72 513 
72 513 
72 513 
72 513 
71 513 
71 513 
71 514 
71 514 
71 514 
71 514 
70 514 
70 514 
70 514 
70 514 
70 514 
70 514 
70 514 
69 514 
69 514 
69 514 
69 514 
68 514 
68 515 
68 515 
68 515 
68 515 
68 515 
67 515 
67 515 
67 515 
67 515 
67 515 
67 515 
67 515 
66 515 
66 515 
66 515 
66 515 
66 515 
66 515 
65 515 
65 515 
65 515 
65 516 
65 516 
65 516 
64 516 
64 516 
64 516 
64 516 
64 516 
64 516 
63 516 
63 516 
63 516 
63 516 
63 516 
63 516 
63 516 
63 516 
62 516 
62 516 
62 516 
62 516 
62 516 
62 516 
62 517 
62 517 
61 517 
61 517 
61 517 
61 517 
61 517 
61 517 
61 517 
60 517 
60 517 
60 517 
60 517 
60 517 
60 517 
60 517 
60 518 
60 518 
60 518 
59 518 
59 518 
59 518 
59 518 
59 518 
59 518 
58 518 
58 518 
58 518 
58 518 
58 518 
58 518 
58 518 
58 518 
58 518 
58 518 
58 518 
57 518 
57 518 
57 518 
57 518 
57 518 
57 518 
57 518 
57 518 
57 517 
57 517 
57 517 
57 517 
57 516 
56 516 
56 516 
56 516 
56 515 
56 515 
56 515 
56 515 
56 514 
56 514 
56 513 
56 513 
56 513 
56 512 
56 512 
56 511 
56 511 
56 510 
55 510 
55 510 
55 509 
55 509 
55 508 
55 507 
55 507 
55 506 
55 506 
55 505 
55 504 
55 504 
55 503 
55 502 
55 502 
55 501 
55 500 
55 500 
55 499 
55 498 
55 497 
55 497 
55 496 
55 495 
55 495 
55 494 
55 493 
55 492 
55 491 
55 491 
55 490 
55 489 
55 488 
55 488 
55 487 
55 486 
55 485 
55 485 
55 484 
55 483 
55 482 
55 481 
55 481 
55 480 
55 479 
55 478 
55 478 
55 477 
55 476 
55 475 
55 475 
55 474 
55 473 
55 473 
55 472 
55 471 
55 471 
55 470 
55 469 
55 469 
55 468 
55 467 
55 466 
55 466 
55 465 
55 465 
