297 543 594 600 606 640 
297 543 594 600 606 640 
297 543 595 601 607 640 
297 544 596 601 607 640 
297 544 597 602 607 640 
297 545 597 604 607 640 
297 545 598 604 607 640 
297 545 599 604 607 640 
298 546 599 605 607 640 
298 546 600 606 607 640 
298 547 601 640 
298 547 601 640 
298 547 550 552 602 640 
298 548 551 552 602 640 
298 549 603 640 
298 550 604 640 
298 550 604 640 
298 550 605 640 
298 549 605 640 
298 549 606 640 
298 548 606 640 
298 547 607 640 
298 546 607 640 
297 545 607 640 
298 544 607 640 
298 544 607 640 
298 543 606 640 
298 542 605 640 
298 541 604 640 
298 540 604 640 
298 540 604 640 
298 541 605 640 
298 542 605 640 
298 542 605 640 
298 542 605 640 
298 542 606 640 
298 541 607 640 
298 540 608 640 
298 541 609 640 
298 541 609 640 
298 388 391 541 606 608 610 640 
298 387 393 541 606 640 
298 387 397 540 607 640 
298 387 400 540 607 640 
298 387 403 539 607 608 609 640 
298 388 405 539 608 640 
298 388 408 539 608 640 
298 388 415 538 609 640 
298 388 418 538 610 640 
298 389 420 538 610 640 
298 389 421 537 586 587 607 608 611 640 
298 389 422 536 585 587 607 609 611 640 
298 390 425 535 586 587 607 610 611 640 
298 391 428 534 586 588 607 610 611 640 
298 392 430 533 586 588 607 640 
298 395 433 533 607 640 
298 397 436 532 607 640 
298 399 439 531 553 554 607 640 
298 402 442 530 553 555 607 640 
298 396 399 405 445 530 552 556 604 605 606 640 
298 399 401 402 404 408 448 529 552 556 604 605 606 640 
298 402 405 410 450 528 552 556 604 640 
298 406 408 410 453 528 551 557 603 640 
298 407 456 527 551 557 603 640 
298 409 459 526 549 557 604 640 
298 409 462 526 550 558 604 640 
298 408 465 525 550 558 604 640 
298 408 468 524 550 558 605 640 
298 409 471 523 550 557 605 640 
298 410 474 523 548 556 605 640 
298 411 426 427 477 522 543 544 546 547 548 555 605 640 
298 412 425 426 480 520 547 554 605 640 
298 413 416 417 423 424 425 426 483 519 546 553 605 640 
298 413 416 418 426 430 487 518 544 551 605 640 
298 415 416 419 420 422 425 430 490 517 543 549 606 640 
298 414 415 419 424 432 435 436 453 454 493 515 534 537 541 546 608 640 
298 414 415 420 423 434 436 438 455 458 496 514 533 536 540 543 609 640 
298 436 456 460 499 513 532 535 537 539 611 640 
298 438 458 464 502 512 530 534 613 640 
298 439 440 441 460 466 505 511 529 533 615 640 
298 441 444 445 463 470 528 531 617 640 
298 443 465 472 619 640 
298 445 447 448 465 476 620 640 
298 448 450 451 464 480 622 640 
298 449 464 482 624 640 
298 451 466 487 625 640 
298 456 467 490 603 604 627 640 
298 457 469 493 628 640 
298 459 470 496 601 602 630 640 
298 461 471 500 602 605 621 623 631 640 
298 463 472 504 603 606 608 610 622 624 632 640 
298 464 473 507 603 611 622 625 633 640 
298 465 475 509 604 612 624 626 634 640 
298 467 476 510 605 612 624 627 635 640 
298 468 475 511 606 611 612 613 625 628 637 640 
298 469 474 514 515 517 607 612 613 614 626 629 638 640 
298 470 474 517 609 612 613 615 627 631 639 640 
298 516 610 614 627 632 
298 515 517 518 612 615 628 632 
298 517 613 616 629 632 
298 517 615 616 
298 517 
298 516 
298 516 
298 516 
298 517 
298 517 
298 518 
298 519 
298 520 
298 521 
298 522 
298 523 524 526 
298 526 527 528 
298 525 534 537 
298 525 540 543 
298 530 
298 536 
298 544 
298 546 
298 549 
298 550 552 553 
298 552 553 554 
298 553 554 556 
298 555 
298 556 558 559 
298 560 
298 559 561 562 
298 560 562 563 
298 562 
298 563 564 566 
298 565 
298 565 611 613 
298 565 608 609 
298 565 606 607 608 609 
298 565 604 605 611 614 
298 565 586 588 610 615 
298 565 585 586 595 596 598 599 600 601 606 616 
298 565 584 585 592 594 600 602 605 618 
298 565 584 585 601 602 604 619 621 622 
298 565 584 590 603 620 622 624 
298 565 584 593 595 621 624 626 
298 564 583 623 
298 564 583 625 
298 564 583 626 629 632 
298 563 582 632 
298 563 580 582 583 630 
298 564 576 577 579 581 583 633 
298 564 575 576 582 634 639 640 
298 565 574 575 582 638 
298 565 573 574 580 640 
298 566 572 573 575 640 
298 569 570 572 575 640 
298 570 574 640 
298 570 573 640 
298 570 572 640 
298 640 
298 640 
298 640 
298 640 
298 640 
298 640 
298 640 
298 640 
298 640 
298 640 
298 640 
298 640 
298 640 
298 640 
298 640 
298 640 
298 640 
298 640 
298 640 
298 640 
298 640 
298 640 
298 640 
92 105 298 640 
85 124 298 640 
82 128 298 640 
79 132 298 640 
77 135 298 640 
75 137 298 640 
72 140 298 640 
70 142 298 640 
69 144 298 640 
68 145 298 640 
66 147 298 640 
64 148 298 640 
63 149 298 640 
62 150 298 640 
61 151 298 640 
60 153 298 640 
59 154 298 640 
58 155 298 640 
57 156 298 640 
56 157 298 640 
55 158 298 640 
54 158 298 640 
53 159 298 640 
53 159 298 640 
52 160 298 640 
51 161 298 640 
51 162 298 640 
50 162 298 640 
50 163 298 640 
49 164 298 640 
48 164 298 640 
48 164 298 640 
47 165 298 640 
47 166 298 640 
46 166 298 640 
46 167 298 640 
46 167 298 640 
45 167 298 640 
45 168 298 640 
45 168 298 640 
45 169 298 640 
44 169 298 640 
44 169 298 640 
44 169 298 640 
43 169 298 640 
43 170 298 640 
43 170 298 640 
43 170 298 640 
43 170 298 640 
43 170 298 640 
42 171 298 640 
42 171 298 640 
42 171 298 640 
42 171 298 640 
42 171 298 640 
42 171 298 640 
42 171 298 640 
42 171 298 640 
42 171 298 640 
42 171 298 640 
42 171 298 640 
42 171 298 640 
42 171 298 640 
42 170 298 640 
42 170 298 640 
43 170 298 640 
43 170 298 640 
43 170 298 640 
43 169 298 640 
43 169 298 640 
43 169 298 640 
44 169 298 640 
44 169 298 640 
44 169 298 640 
45 168 298 640 
45 168 298 640 
45 167 298 640 
46 167 298 640 
46 166 298 640 
46 166 298 640 
47 166 298 640 
47 166 298 640 
48 165 298 640 
48 165 298 640 
49 164 298 640 
49 163 298 640 
50 162 298 640 
50 162 298 640 
51 162 298 640 
52 160 298 640 
52 160 298 640 
53 159 298 640 
54 158 298 640 
55 158 298 640 
56 156 298 640 
56 156 298 640 
57 155 298 640 
58 154 298 640 
59 153 298 640 
60 152 298 640 
62 151 298 640 
63 150 298 640 
64 148 298 640 
66 146 298 640 
67 145 298 640 
68 144 298 640 
70 142 298 640 
72 140 298 640 
74 138 298 640 
76 135 298 640 
78 132 298 640 
82 128 298 640 
85 124 298 640 
91 110 298 640 
298 640 
298 640 
298 640 
298 640 
298 640 
298 640 
298 640 
298 640 
298 640 
298 640 
298 640 
298 640 
298 640 
298 640 
298 640 
298 640 
298 640 
298 640 
298 640 
298 640 
298 640 
298 640 
298 640 
298 640 
298 640 
298 640 
298 640 
298 640 
298 640 
298 640 
298 640 
298 640 
298 640 
298 640 
298 640 
298 640 
298 640 
298 640 
298 640 
298 640 
298 640 
298 640 
298 640 
298 640 
298 640 
298 640 
298 640 
298 640 
298 640 
298 640 
298 640 
298 640 
298 640 
298 640 
298 640 
298 640 
298 640 
298 640 
298 640 
298 640 
298 640 
298 640 
298 640 
298 640 
298 640 
298 640 
298 640 
298 640 
298 640 
298 640 
298 640 
298 640 
298 640 
298 640 
298 640 
298 640 
298 640 
298 640 
298 640 
298 640 
298 640 
298 640 
298 640 
298 640 
298 640 
298 640 
298 640 
298 640 
298 640 
298 640 
298 640 
298 640 
298 640 
298 640 
298 640 
298 640 
298 640 
298 640 
298 640 
298 640 
298 640 
298 640 
298 640 
298 640 
298 640 
298 640 
298 640 
298 640 
298 640 
298 640 
298 640 
298 640 
298 640 
298 640 
298 640 
298 640 
298 640 
298 640 
298 640 
298 640 
298 640 
298 640 
298 640 
298 640 
298 640 
298 640 
298 640 
298 640 
298 640 
298 640 
298 640 
298 640 
298 640 
298 640 
298 640 
298 640 
298 640 
298 640 
298 640 
298 640 
298 640 
298 640 
298 640 
298 640 
298 640 
298 640 
298 640 
298 640 
298 640 
298 640 
298 640 
298 640 
298 640 
298 640 
298 640 
298 640 
298 640 
298 640 
298 640 
298 640 
298 640 
298 640 
298 640 
298 640 
298 640 
298 640 
298 640 
298 640 
298 640 
298 640 
298 640 
298 640 
298 640 
298 640 
298 640 
298 640 
298 640 
298 640 
298 640 
298 640 
298 640 
298 640 
298 640 
298 640 
298 640 
298 640 
298 640 
