0 268 366 640 
0 268 366 640 
0 268 367 640 
0 268 367 640 
0 267 367 640 
0 267 368 640 
0 267 368 640 
0 266 368 640 
0 266 368 640 
0 266 368 640 
0 266 369 640 
0 266 369 640 
0 265 369 640 
0 265 369 640 
0 265 369 640 
0 265 369 640 
0 265 369 640 
0 265 370 640 
0 265 370 640 
0 265 370 640 
0 264 370 640 
0 264 370 640 
0 264 370 640 
0 264 370 640 
0 264 370 640 
0 264 370 640 
0 264 370 640 
0 264 370 640 
0 264 370 640 
0 264 370 640 
0 264 370 640 
0 264 370 640 
0 265 369 640 
0 265 369 640 
0 265 369 640 
0 265 369 640 
0 265 369 640 
0 265 369 640 
0 265 369 640 
0 266 369 640 
0 266 368 640 
0 266 368 640 
0 266 368 640 
0 267 368 640 
0 267 367 640 
0 267 367 640 
0 268 367 640 
0 268 367 640 
0 268 367 640 
0 269 366 640 
0 269 366 640 
0 270 365 640 
0 270 365 640 
0 270 365 640 
0 271 364 640 
0 271 364 640 
0 272 364 640 
0 273 363 640 
0 273 363 640 
0 274 362 640 
0 275 361 640 
0 275 361 640 
0 276 360 640 
0 277 360 640 
0 278 359 640 
0 278 359 640 
0 279 358 640 
0 280 357 640 
0 281 356 640 
0 282 356 640 
0 282 355 640 
0 283 354 640 
0 284 353 640 
0 285 353 640 
0 285 352 640 
0 286 351 640 
0 287 350 640 
0 288 349 640 
0 289 349 640 
0 290 348 640 
0 290 347 640 
0 291 346 640 
0 292 345 640 
0 293 344 640 
0 293 343 640 
0 294 342 640 
0 295 341 640 
0 296 340 640 
0 297 339 640 
0 298 338 640 
0 298 337 640 
0 299 336 640 
0 300 335 640 
0 301 334 640 
0 302 333 640 
0 303 332 640 
0 303 332 640 
0 304 331 640 
0 305 330 640 
0 306 329 640 
0 307 328 640 
0 308 327 640 
0 309 326 640 
0 309 326 640 
0 310 325 640 
0 311 324 640 
0 312 324 640 
0 313 323 640 
0 313 323 640 
0 314 322 640 
0 315 322 640 
0 315 322 640 
0 316 322 640 
0 316 321 640 
0 317 321 640 
0 317 321 640 
0 318 321 640 
0 318 321 640 
0 319 320 640 
0 319 320 640 
0 319 320 640 
0 640 
0 640 
0 640 
0 640 
0 640 
0 640 
0 640 
0 640 
0 640 
0 640 
0 640 
0 640 
0 640 
0 640 
0 306 307 640 
0 306 308 640 
0 306 308 640 
0 306 308 640 
0 306 308 640 
0 306 309 640 
0 306 310 640 
0 305 311 640 
0 305 311 640 
0 305 311 640 
0 305 311 640 
0 306 313 640 
0 306 314 640 
0 305 313 640 
0 305 313 315 316 640 
0 304 305 306 313 315 317 640 
0 303 304 306 314 640 
0 303 305 306 314 640 
0 303 305 309 315 640 
0 303 305 309 323 640 
0 307 327 640 
0 303 330 640 
0 302 332 640 
0 299 334 640 
0 298 335 640 
0 296 336 640 
0 295 337 640 
0 295 338 640 
0 293 339 640 
0 293 340 640 
0 292 341 640 
0 291 341 640 
0 290 342 640 
0 290 342 640 
0 289 343 640 
0 288 344 640 
0 288 344 640 
0 288 345 640 
0 287 346 640 
0 287 347 640 
0 287 347 640 
0 286 348 640 
0 286 349 640 
0 286 351 640 
0 286 364 640 
0 286 369 640 
0 285 373 640 
0 285 376 640 
0 285 379 640 
0 285 382 640 
0 284 384 640 
0 284 387 640 
0 284 390 640 
0 284 392 640 
0 284 395 640 
0 283 397 640 
0 282 398 640 
0 280 400 640 
0 278 401 640 
0 276 403 640 
0 274 404 640 
0 272 405 640 
0 270 407 640 
0 268 408 640 
0 266 408 640 
0 264 409 640 
0 263 409 640 
0 261 410 640 
0 260 410 640 
0 260 407 408 410 640 
0 258 405 409 410 640 
0 258 404 409 411 640 
0 256 404 409 411 640 
0 255 403 409 411 640 
0 255 403 410 411 640 
0 253 403 410 412 640 
0 253 403 410 412 640 
0 252 404 410 412 640 
0 251 404 410 412 640 
0 250 405 411 412 640 
0 249 406 411 412 640 
0 249 407 411 413 640 
0 248 408 411 413 640 
0 247 410 411 413 640 
0 247 406 408 413 640 
0 246 406 408 413 640 
0 245 400 404 406 410 412 640 
0 244 395 404 406 640 
0 243 391 404 405 640 
0 243 388 403 405 640 
0 242 385 403 405 640 
0 241 383 403 405 640 
0 240 381 403 404 640 
0 240 380 402 404 640 
0 239 378 402 404 640 
0 238 377 402 403 640 
0 238 376 401 403 640 
0 237 375 401 402 640 
0 237 374 400 402 640 
0 236 373 400 401 640 
0 236 372 399 400 640 
0 235 375 398 400 640 
0 235 379 397 399 640 
0 235 370 371 373 375 383 395 398 640 
0 234 368 376 388 392 397 640 
0 235 362 363 367 380 395 640 
0 236 239 240 243 246 344 364 366 383 393 640 
0 236 238 240 242 247 336 364 365 640 
0 236 240 249 332 363 365 640 
0 237 239 250 330 362 364 640 
0 237 239 250 330 361 363 640 
0 237 239 251 330 361 362 640 
0 238 239 251 325 326 330 360 361 640 
0 238 240 252 278 280 325 327 330 359 360 640 
0 238 240 253 275 285 326 327 330 358 360 640 
0 238 240 253 268 284 331 357 358 640 
0 239 241 254 264 284 331 356 357 640 
0 239 241 254 260 284 331 354 356 640 
0 239 241 254 261 284 331 353 355 640 
0 239 241 253 256 257 262 284 331 350 354 640 
0 240 242 252 255 260 263 284 332 348 352 640 
0 240 242 250 253 261 265 284 332 347 351 640 
0 241 243 249 252 262 266 284 336 343 348 640 
0 242 250 263 267 283 346 640 
0 245 248 265 268 283 341 640 
0 266 270 283 333 640 
0 267 272 283 333 640 
0 268 273 283 333 640 
0 270 276 283 333 640 
0 271 333 640 
0 274 333 640 
0 275 278 281 334 640 
0 281 334 640 
0 280 335 640 
0 280 336 640 
0 280 337 640 
0 280 337 640 
0 280 337 640 
0 280 338 640 
0 281 335 336 337 640 
0 281 335 640 
0 281 336 640 
0 281 336 640 
0 281 336 640 
0 280 336 640 
0 280 336 640 
0 280 336 640 
0 279 337 640 
0 279 337 640 
0 279 337 640 
0 279 338 640 
0 278 338 640 
0 278 339 640 
0 278 325 327 340 640 
0 278 325 327 340 354 355 640 
0 278 325 328 341 353 357 640 
0 278 326 329 342 353 357 640 
0 278 326 330 342 353 358 640 
0 278 326 331 342 353 358 640 
0 278 280 281 327 332 343 353 359 640 
0 277 278 279 280 281 327 332 343 354 359 640 
0 277 327 333 343 354 359 640 
0 277 328 335 343 354 359 640 
0 276 328 335 343 354 359 640 
0 276 277 278 328 335 343 354 359 640 
0 276 277 278 329 336 343 353 359 640 
0 276 277 278 329 336 343 353 359 640 
0 275 277 278 330 336 342 352 358 640 
0 275 276 278 330 337 342 352 358 640 
0 275 276 279 330 337 342 350 357 640 
0 275 276 279 331 337 343 349 357 640 
0 280 331 338 356 640 
0 280 331 338 355 640 
0 280 331 339 354 640 
0 280 332 340 353 640 
0 280 332 341 351 640 
0 280 332 343 349 640 
0 280 332 640 
0 280 332 640 
0 280 333 640 
0 280 333 640 
0 280 333 640 
0 280 333 640 
0 280 333 640 
0 280 333 640 
0 280 334 640 
0 280 334 640 
0 280 334 640 
0 281 334 640 
0 281 334 640 
0 281 334 640 
0 281 335 640 
0 280 335 640 
0 279 335 640 
0 279 335 640 
0 279 335 640 
0 279 335 640 
0 279 335 640 
0 280 335 640 
0 280 336 640 
0 279 336 640 
0 279 336 640 
0 279 336 640 
0 278 336 640 
0 278 336 640 
0 277 337 640 
0 277 337 640 
0 277 337 640 
0 276 337 640 
0 275 337 640 
0 275 337 640 
0 274 338 640 
0 274 338 640 
0 273 338 640 
0 273 338 640 
0 272 338 640 
0 272 339 640 
0 271 339 640 
0 271 339 640 
0 270 340 640 
0 270 340 640 
0 269 340 640 
0 269 341 640 
0 268 341 640 
0 267 341 640 
0 267 341 640 
0 266 342 640 
0 266 342 640 
0 265 342 640 
0 265 342 640 
0 264 343 640 
0 264 343 640 
0 263 343 640 
0 263 344 640 
0 262 344 640 
0 261 345 640 
0 261 345 640 
0 260 345 640 
0 259 346 640 
0 259 346 640 
0 258 346 640 
0 258 347 640 
0 258 347 640 
0 257 347 640 
0 257 348 640 
0 256 348 640 
0 255 348 640 
0 255 349 640 
0 254 349 640 
0 254 350 640 
0 254 350 640 
0 253 351 640 
0 253 351 640 
0 253 351 640 
0 253 352 640 
0 252 352 640 
0 252 352 640 
0 252 353 640 
0 251 353 640 
0 251 353 640 
0 251 354 640 
0 250 354 640 
0 251 355 640 
0 252 355 640 
0 253 355 640 
0 253 356 640 
0 253 356 640 
0 253 356 640 
0 253 357 640 
0 253 357 640 
0 253 357 640 
0 252 357 640 
0 253 354 640 
0 253 353 640 
0 253 353 640 
0 254 353 640 
0 258 353 640 
0 261 353 640 
0 262 353 640 
0 263 354 640 
0 264 354 640 
0 265 354 640 
0 265 355 640 
0 266 347 353 355 640 
0 267 335 640 
0 268 328 640 
0 272 327 640 
0 277 328 640 
0 278 328 640 
0 280 327 640 
0 281 327 640 
0 283 299 301 312 316 327 640 
0 284 296 302 312 316 326 640 
0 286 294 303 312 317 326 640 
0 303 312 317 326 640 
0 303 312 317 326 640 
0 303 312 318 326 640 
0 303 312 318 326 640 
0 303 312 318 326 640 
0 303 312 318 326 640 
0 303 312 317 326 640 
0 303 314 317 328 640 
0 303 330 640 
0 302 331 640 
0 302 332 640 
0 302 332 640 
0 302 333 640 
0 302 333 640 
0 302 333 640 
0 302 333 640 
0 302 332 640 
0 302 331 640 
0 302 314 317 329 640 
0 303 311 318 327 640 
0 304 310 319 326 640 
0 640 
0 640 
0 640 
0 640 
0 640 
0 640 
0 640 
0 640 
0 640 
0 640 
0 640 
0 640 
0 640 
0 640 
0 640 
0 640 
0 640 
0 640 
0 640 
0 640 
0 640 
0 640 
0 640 
0 640 
0 640 
0 640 
0 640 
0 640 
0 640 
0 640 
