

















































369 387 
364 394 
360 395 
357 397 
355 399 
353 400 
351 402 
350 403 
348 404 
347 406 
345 406 
344 407 
343 408 
342 409 
335 339 340 410 
334 411 
333 412 
333 413 
333 414 
333 415 
333 417 
334 418 
333 418 
333 419 
332 420 
331 420 
331 421 
330 422 
330 422 
329 423 
329 423 
328 424 
328 424 
328 425 
327 425 
327 425 
326 426 
326 426 
326 427 
325 427 
325 427 
325 427 
325 428 
325 428 
325 428 
324 428 
324 429 
324 429 
324 429 
324 429 
324 430 
324 430 
323 430 
323 430 
323 431 
323 431 
323 431 
323 432 
323 432 
323 432 
323 433 
323 433 
323 433 
323 434 
323 434 
323 435 
323 435 
323 436 
324 436 
326 437 
326 328 329 437 
326 328 330 438 
330 438 
331 439 
332 439 
333 335 336 439 
333 336 337 440 
334 336 338 440 
335 336 339 340 342 440 
343 441 
345 441 
347 438 439 442 
347 439 440 442 
347 439 440 442 
347 439 
346 440 
345 440 
345 441 
344 441 
344 437 438 442 
344 437 439 442 
346 438 441 442 
347 438 
350 438 
351 438 
352 438 
352 439 
353 439 
354 439 
355 435 437 439 
357 435 
358 435 
360 435 
361 435 
362 435 
362 377 379 436 
363 377 379 436 
365 371 374 377 379 433 434 437 
366 368 374 376 380 433 435 437 
373 376 380 432 
373 376 379 432 
374 375 378 431 
376 427 428 431 
376 427 428 430 
376 427 429 430 
375 426 
374 416 417 426 
373 416 419 426 
372 417 420 425 
371 417 421 425 
370 418 421 425 
369 419 422 424 
368 419 
366 420 
366 420 
364 421 
363 421 
362 422 
361 422 
360 423 
290 295 359 423 
289 296 358 423 
288 296 357 424 
281 297 356 424 
279 297 356 424 
276 297 355 425 
275 298 354 425 
274 298 353 425 
273 299 352 425 
272 299 352 426 
271 300 350 426 
270 301 350 427 
269 302 349 427 
269 303 348 427 
268 303 347 427 
268 304 346 428 
268 304 346 428 
268 304 346 350 351 428 
267 304 346 348 351 429 
267 304 345 347 350 429 
267 304 345 347 350 429 
267 303 350 429 
267 303 349 430 
267 302 349 430 
267 298 348 430 
267 298 348 430 
267 299 347 431 
267 300 347 431 
267 300 346 431 
267 299 346 431 
267 299 345 432 
267 298 345 432 
267 298 344 432 
267 297 344 432 
267 296 343 432 
267 296 343 432 
267 296 343 431 
267 296 342 427 
266 296 342 425 
266 296 342 421 422 425 
266 296 342 420 423 424 
266 297 341 419 
266 298 341 418 
266 298 341 417 
266 299 340 416 
266 299 340 416 
266 299 340 415 
266 299 340 415 
266 299 340 415 
266 299 340 415 
266 300 340 414 
265 300 340 414 
265 300 340 414 
265 301 340 414 
265 301 340 413 
265 302 340 413 
265 304 340 413 
264 307 340 413 
264 310 341 413 
264 313 341 414 
264 315 341 414 
264 319 341 415 
263 323 341 415 
263 326 342 415 
263 328 342 413 
263 330 342 411 
263 331 342 411 
263 334 343 410 
262 336 343 410 
262 338 343 410 
262 340 344 410 
262 341 344 410 
262 343 344 410 
262 409 
262 409 
262 409 
262 409 
262 409 
262 409 
262 409 
262 409 
262 409 
262 409 
262 409 
262 409 
262 409 
262 409 
262 409 
263 409 
263 409 
263 409 
263 409 
263 321 323 410 
263 319 325 410 
263 317 326 410 
263 317 328 410 
263 317 329 410 
263 317 331 410 
264 317 332 410 
264 317 333 410 
265 317 335 410 
265 317 337 410 
265 318 338 411 
266 318 340 411 
268 318 341 411 
268 318 342 412 
268 318 344 412 
269 318 345 412 
269 318 345 413 
269 318 345 413 
270 318 345 413 
270 318 345 414 
270 318 345 414 
270 318 345 414 
269 319 345 415 
269 319 345 415 
268 319 345 415 
268 319 345 415 
268 319 346 415 
267 319 346 415 
267 319 346 415 
267 319 346 415 
267 319 346 416 
266 320 346 417 
266 320 347 417 
265 320 347 418 
265 320 347 418 
265 320 347 419 
264 320 347 420 
264 320 347 420 
263 321 347 421 
263 321 347 422 
263 321 347 422 
262 321 347 423 
262 321 346 424 
262 321 346 424 
261 322 346 425 
261 322 346 425 
261 322 346 426 
260 322 346 427 
260 322 345 427 
259 322 345 428 
259 322 345 429 
259 323 345 429 
258 323 345 430 
258 323 345 430 
258 323 344 431 
257 323 344 431 
257 323 344 432 
257 323 343 433 
256 324 343 433 
256 324 343 434 
256 324 343 435 
255 324 342 435 
255 324 342 436 
255 324 342 436 
254 324 342 437 
254 323 341 437 
254 323 341 438 
255 323 341 438 
254 323 341 439 
254 323 340 439 
254 324 340 440 
253 324 340 440 
253 324 340 441 
257 324 339 441 
258 324 339 442 
260 261 267 324 339 442 
268 323 339 443 
269 323 339 443 
272 323 339 444 
274 323 338 444 
275 323 338 445 
276 321 338 445 
276 314 315 319 337 445 
277 299 307 313 337 446 
278 296 337 446 
278 294 337 447 
279 294 337 447 
280 295 336 448 
281 296 336 448 
282 296 336 448 
282 297 336 449 
283 297 336 449 
284 298 335 450 
285 298 335 450 
286 299 335 450 
286 299 335 451 
287 300 335 451 
289 300 335 452 
290 300 334 452 
294 300 334 452 
295 300 334 453 
296 300 333 453 
333 453 
334 454 
334 454 
334 455 
333 455 
333 455 
333 456 
333 456 
333 457 
333 457 
332 457 
332 458 
332 458 
332 459 
332 459 
332 459 
332 460 
332 460 
331 461 
331 461 
331 461 
331 462 
331 462 
330 463 
330 463 
330 463 
330 464 
329 464 
329 465 
329 465 
329 465 
328 466 
328 467 
328 467 
328 467 
327 468 
327 468 
327 469 
326 469 
326 469 
326 470 
326 470 
325 471 
325 471 
325 472 
325 472 
324 473 
324 473 
324 474 
323 474 
323 475 
323 475 
322 476 
322 476 
322 477 
322 477 
321 478 
321 479 
321 479 
320 479 
320 480 
320 481 
319 481 
319 482 
319 483 
318 483 
318 483 
318 484 
317 485 
317 485 
317 486 
316 486 
316 487 
316 488 
315 488 
315 489 
315 489 
314 490 
314 491 
313 491 
313 492 
313 492 
312 493 
312 494 
312 494 
311 495 
311 495 
310 496 
310 497 
310 497 
310 498 
309 498 
309 499 
308 499 
308 500 
308 500 
307 501 
307 501 
307 502 
306 502 
306 503 
305 503 
305 504 
305 504 
304 504 
304 505 
