205 640 
205 640 
205 640 
205 640 
205 640 
205 640 
205 640 
205 640 
205 640 
205 640 
205 640 
206 640 
206 640 
206 640 
206 640 
206 640 
206 640 
206 640 
206 640 
206 640 
206 640 
206 640 
206 640 
206 640 
206 640 
206 640 
206 640 
206 640 
206 640 
206 640 
206 640 
206 640 
206 640 
206 640 
206 640 
206 640 
206 640 
206 640 
206 640 
206 640 
206 640 
206 640 
206 640 
206 640 
205 640 
205 640 
205 640 
205 640 
205 640 
205 640 
205 640 
205 640 
205 640 
204 640 
204 640 
204 640 
204 640 
204 640 
204 640 
203 640 
203 640 
203 640 
203 640 
202 640 
202 640 
202 640 
202 640 
201 640 
201 640 
201 640 
200 640 
200 640 
200 640 
200 640 
200 640 
199 640 
199 640 
199 640 
199 640 
199 640 
198 640 
197 640 
197 640 
196 640 
196 640 
196 640 
195 640 
195 640 
195 640 
194 640 
194 640 
194 640 
193 640 
193 640 
193 640 
192 640 
191 640 
191 640 
190 640 
190 640 
190 640 
189 640 
188 640 
188 640 
187 417 456 461 471 640 
187 411 475 640 
186 409 478 640 
186 408 480 640 
185 407 482 640 
185 406 485 640 
184 407 486 640 
183 407 487 640 
183 408 489 640 
182 408 490 640 
182 408 492 640 
181 409 493 640 
180 410 494 640 
180 411 495 640 
179 412 495 640 
179 413 496 640 
178 413 497 640 
177 415 498 640 
176 416 499 640 
175 417 499 640 
175 418 500 640 
174 419 501 640 
173 420 501 640 
172 421 502 640 
172 422 502 640 
171 423 503 640 
170 424 504 640 
170 424 504 640 
169 423 505 640 
168 423 505 640 
167 423 505 640 
167 422 506 640 
166 422 506 640 
165 422 507 640 
163 422 507 640 
162 422 507 640 
161 422 508 640 
160 422 508 640 
160 422 509 640 
159 422 509 640 
158 421 509 640 
157 421 510 640 
156 421 510 640 
155 421 511 640 
154 421 511 640 
153 421 512 640 
151 423 513 640 
150 423 514 640 
149 424 515 640 
149 424 516 640 
147 424 516 640 
146 425 517 640 
144 426 518 640 
143 427 518 640 
142 428 519 640 
141 429 520 640 
139 437 521 640 
138 440 522 640 
136 441 522 640 
135 441 523 640 
133 441 523 640 
131 441 524 640 
130 440 524 640 
129 440 525 640 
128 439 525 640 
126 439 526 640 
124 441 526 640 
122 444 526 640 
120 445 527 640 
119 446 527 640 
117 447 527 640 
115 448 527 640 
113 450 528 640 
110 451 528 640 
109 452 462 464 528 640 
106 452 460 464 528 640 
103 454 458 464 528 640 
100 463 528 640 
98 462 529 640 
94 460 529 640 
92 459 529 640 
89 461 529 640 
86 462 529 640 
0 1 82 463 529 640 
0 6 78 463 530 640 
0 12 73 463 530 640 
0 17 66 462 530 640 
0 25 61 461 530 640 
0 32 49 460 530 640 
0 459 530 640 
0 458 530 640 
0 457 530 640 
0 456 529 640 
0 455 529 640 
0 454 529 640 
0 453 529 640 
0 453 529 640 
0 453 529 640 
0 452 529 640 
0 452 529 640 
0 452 529 640 
0 452 529 640 
0 452 529 640 
0 451 529 640 
0 451 530 640 
0 451 530 640 
0 450 530 640 
0 450 531 640 
0 450 531 640 
0 450 531 640 
0 449 532 640 
0 449 532 640 
0 448 533 640 
0 448 533 640 
0 447 533 640 
0 446 534 640 
0 445 534 640 
0 444 534 640 
0 444 535 640 
0 443 535 640 
0 443 535 640 
0 442 535 640 
0 441 535 640 
0 440 536 640 
0 440 536 640 
0 440 536 640 
0 439 536 640 
0 439 537 640 
0 438 537 640 
0 438 537 640 
0 438 537 640 
0 437 537 640 
0 437 538 640 
0 437 538 640 
0 437 538 640 
0 437 538 640 
0 437 539 640 
0 437 539 640 
0 437 539 640 
0 437 539 640 
0 437 539 640 
0 437 538 640 
0 438 538 640 
0 438 538 640 
0 439 538 640 
0 439 538 640 
0 440 538 640 
0 442 538 640 
0 443 537 640 
0 445 537 640 
0 446 537 640 
0 448 537 640 
0 450 537 640 
0 450 537 640 
0 451 536 640 
0 451 536 640 
0 451 536 640 
0 452 536 640 
0 452 536 640 
0 452 535 640 
0 452 535 640 
0 452 535 640 
0 452 535 640 
0 452 535 640 
0 452 535 640 
0 452 535 640 
0 453 535 640 
0 453 535 640 
0 453 535 640 
0 453 535 640 
0 453 535 640 
0 453 530 531 535 640 
0 453 530 532 535 640 
0 453 531 532 535 640 
0 453 531 533 535 640 
0 453 531 532 535 640 
0 453 534 640 
0 453 534 640 
0 454 534 640 
0 454 533 640 
0 455 533 640 
0 455 533 640 
0 455 534 640 
0 455 534 640 
0 455 534 640 
0 455 534 640 
0 455 535 640 
0 454 535 640 
0 454 535 640 
0 454 535 640 
0 454 535 640 
0 453 536 640 
0 453 536 640 
0 453 536 640 
0 453 536 640 
0 452 536 640 
0 452 536 640 
0 452 536 640 
0 452 536 640 
0 451 536 640 
0 451 536 640 
0 451 536 640 
0 451 536 640 
0 450 536 640 
0 450 536 640 
0 450 536 640 
0 450 536 640 
0 449 536 640 
0 449 536 640 
0 449 536 640 
0 449 536 640 
0 449 536 640 
0 449 535 640 
0 448 535 640 
0 448 535 640 
0 448 535 640 
0 448 534 640 
0 448 534 640 
0 448 533 640 
0 447 533 640 
0 447 533 640 
0 447 533 640 
0 447 532 640 
0 447 532 640 
0 447 531 640 
0 447 531 640 
0 446 530 640 
0 446 529 640 
0 446 529 640 
0 446 529 640 
0 446 528 640 
0 445 528 640 
0 445 528 640 
0 445 528 640 
0 445 528 640 
0 445 528 640 
0 444 529 640 
0 444 529 640 
0 444 529 640 
0 443 530 640 
0 443 530 640 
0 443 530 640 
0 443 531 640 
0 442 531 640 
0 442 531 640 
0 443 532 640 
0 443 532 640 
0 443 532 640 
0 443 533 640 
0 443 533 640 
0 443 533 640 
0 443 534 640 
0 442 534 640 
0 442 535 640 
0 442 535 640 
0 442 535 640 
0 442 536 640 
0 442 536 640 
0 442 536 640 
0 441 536 640 
0 441 537 640 
0 441 537 640 
0 440 538 640 
0 440 538 640 
0 440 538 640 
0 440 539 640 
0 440 539 640 
0 439 540 640 
0 439 540 640 
0 439 540 640 
0 439 541 640 
0 439 541 640 
0 438 542 640 
0 438 542 640 
0 438 542 640 
0 438 543 640 
0 437 543 640 
0 437 543 640 
0 437 544 640 
0 437 545 640 
0 436 545 640 
0 436 545 640 
0 436 546 640 
0 435 546 640 
0 435 546 640 
0 435 547 640 
0 434 547 640 
0 434 548 640 
0 434 548 640 
0 434 549 640 
0 433 549 640 
0 433 550 640 
0 433 550 640 
0 432 551 640 
0 432 551 640 
0 432 552 640 
0 431 552 640 
0 431 553 640 
0 430 553 640 
0 430 554 640 
0 430 554 640 
0 430 555 640 
0 429 555 640 
0 429 556 640 
0 429 556 640 
0 428 557 640 
0 428 557 640 
0 428 558 640 
0 427 558 640 
0 427 559 640 
0 427 559 640 
0 426 560 640 
0 426 560 640 
0 426 561 640 
0 425 561 640 
0 425 562 640 
0 425 563 640 
0 424 563 640 
0 424 564 640 
0 424 564 640 
0 424 565 640 
0 423 565 640 
0 423 566 640 
0 423 566 640 
0 423 567 640 
0 423 567 640 
0 422 568 640 
0 422 568 640 
0 422 568 640 
0 422 569 640 
0 422 569 640 
0 422 570 640 
0 421 570 640 
0 421 571 640 
0 421 571 640 
0 421 572 640 
0 421 572 640 
0 420 573 640 
0 420 573 640 
0 420 573 640 
0 420 574 640 
0 420 574 640 
0 419 575 640 
0 419 575 640 
0 419 575 640 
0 419 576 640 
0 419 576 640 
0 418 576 640 
0 418 577 640 
0 418 577 640 
0 418 577 640 
0 417 578 640 
0 417 578 640 
0 417 578 640 
0 417 579 640 
0 416 579 640 
0 416 579 640 
0 415 580 640 
0 415 580 640 
0 415 580 640 
0 414 580 640 
0 414 581 640 
0 414 581 640 
0 414 581 640 
0 413 581 640 
0 413 582 640 
0 413 582 640 
0 412 582 640 
0 412 582 640 
0 412 582 640 
0 412 583 640 
0 412 583 640 
0 412 583 640 
0 413 583 640 
0 413 583 640 
0 414 583 640 
