




























388 391 
387 392 
384 394 
379 396 
376 399 
373 401 
371 403 
370 405 
368 406 
367 408 
366 409 
366 410 
365 412 
364 413 
364 415 
363 416 
363 417 
363 418 
363 419 
362 420 
362 422 
362 423 
362 424 
362 426 
362 430 
362 433 450 465 
362 435 447 470 
362 437 444 472 
362 439 441 474 
362 476 
362 478 
362 479 
363 480 
363 481 
363 482 
363 483 
363 485 
364 486 
364 487 
364 488 
365 489 
365 489 
365 490 
366 491 
366 492 
367 493 
367 494 
368 494 
367 495 
367 496 
366 497 
364 498 
362 498 
360 499 
358 499 
357 500 
355 500 
354 501 
352 501 
351 502 
350 503 
348 503 
347 503 
345 504 
344 504 
343 504 
342 504 
341 505 
340 505 
339 505 
338 505 
336 505 
335 505 
334 505 
333 506 
333 506 
332 506 
331 506 
330 506 
329 506 
328 507 
327 507 
327 507 
326 508 
325 508 
325 509 
324 509 
323 510 
323 510 
322 510 
322 511 
321 511 
321 512 
320 512 
319 513 
319 514 
318 514 
318 514 
317 515 
317 515 
317 515 
316 516 
316 516 
316 517 
315 517 
315 517 
315 518 
315 518 
314 518 
314 519 
314 519 
314 519 
314 520 
314 520 
313 520 
313 521 
313 521 
313 521 
313 522 
313 522 
313 522 
313 522 
313 522 
312 523 
312 523 
312 523 
312 523 
312 524 
312 524 
311 524 
311 524 
311 524 
310 525 
310 525 
310 525 
309 525 
309 526 
308 526 
307 526 
306 311 312 526 
306 310 312 527 
305 308 312 527 
305 307 311 314 315 527 
311 313 315 527 
311 313 315 527 
311 312 315 528 
315 528 
315 528 
315 528 
316 528 
316 528 
316 528 
316 528 
316 529 
316 529 
315 529 
315 529 
315 529 
315 529 
315 319 320 529 
316 318 321 530 
316 318 321 530 
321 530 
322 324 325 530 
322 324 325 530 
322 530 
323 325 326 530 
323 325 326 330 331 530 
332 530 
335 530 
336 342 343 530 
337 343 344 531 
338 343 344 531 
339 343 345 531 
340 344 346 347 348 531 
341 344 348 531 
342 344 348 531 
348 531 
348 531 
348 531 
348 531 
348 531 
348 531 
348 531 
347 531 
347 531 
346 531 
346 531 
345 531 
344 531 
343 532 
342 532 
342 532 
341 532 
341 532 
341 532 
342 532 
343 532 
344 532 
346 532 
349 532 
351 532 
352 532 
353 532 
353 532 
353 532 
353 532 
354 532 
354 532 
355 532 
355 532 
357 532 
358 532 
360 532 
360 532 
360 532 
362 532 
363 532 
364 532 
365 532 
366 532 
367 532 
368 532 
368 532 
368 399 400 533 
368 399 401 533 
368 398 402 533 
367 398 402 533 
367 398 403 533 
367 398 404 533 
367 398 404 533 
367 398 404 533 
367 398 405 533 
367 398 405 533 
367 397 406 533 
367 397 406 533 
367 397 407 533 
367 397 407 533 
366 397 408 533 
366 397 407 533 
366 397 406 533 
366 397 404 533 
366 398 403 533 
365 398 401 533 
365 398 400 533 
365 397 399 533 
371 533 
371 508 509 533 
371 508 509 533 
370 508 510 533 
370 509 510 534 
370 509 510 534 
370 509 511 534 
371 509 511 534 
370 509 511 534 
370 510 511 534 
369 510 512 534 
369 510 512 534 
369 510 512 523 524 534 
370 510 513 522 524 534 
207 209 371 511 513 522 525 535 
206 209 372 511 514 522 525 535 
206 209 372 511 514 523 526 535 
205 209 372 511 514 523 527 535 
206 209 372 501 502 512 515 523 527 535 
206 210 372 500 502 512 515 523 528 535 
206 210 372 500 503 512 516 524 529 536 
206 210 373 500 503 512 516 524 529 536 
206 210 373 500 503 512 517 524 530 536 
206 210 221 235 373 500 504 512 517 524 530 536 
206 210 215 238 373 500 505 512 518 524 531 536 
206 240 373 500 505 512 518 525 532 537 
206 241 373 500 505 513 519 525 532 537 
204 243 373 500 506 513 519 525 533 537 
201 244 373 500 506 513 520 525 534 537 
199 245 374 501 507 513 520 526 535 537 
195 245 374 501 507 513 521 526 536 537 
192 246 374 501 507 514 521 526 
190 247 374 501 508 514 521 526 
188 247 375 501 508 514 522 527 
186 248 375 501 509 514 522 527 
185 248 375 502 509 514 523 527 
184 249 375 502 510 513 524 528 
181 249 375 502 510 513 524 528 
180 250 375 502 511 514 525 528 
180 250 375 502 511 514 525 528 
180 250 374 502 512 514 526 529 
179 250 374 502 512 514 526 529 
179 250 373 502 513 514 527 529 
178 251 373 502 528 529 
178 251 373 502 
178 251 372 502 
178 252 372 502 
177 252 371 502 
177 252 371 502 
177 252 371 503 
177 253 370 503 
176 252 370 503 
176 252 369 503 
176 252 369 503 
175 252 368 503 
175 252 350 360 368 503 
175 252 348 363 367 490 491 503 
175 252 346 365 367 489 492 503 
175 252 345 490 495 503 
174 252 345 490 496 504 
174 252 344 490 497 504 
175 252 343 490 498 504 
175 253 343 490 498 504 
175 253 343 491 498 505 
175 252 343 491 498 506 
175 252 343 491 498 506 
176 252 343 492 499 507 
176 253 343 491 499 508 
176 253 343 491 499 508 
177 254 343 492 500 509 
177 255 343 492 501 509 
177 256 343 492 501 509 
177 257 343 493 502 508 
177 258 343 493 505 506 
177 258 343 493 
177 259 343 493 
177 259 343 493 
177 263 343 493 
177 268 343 493 
178 270 343 494 
178 273 343 494 
178 276 343 494 
179 279 343 494 
179 282 343 494 
179 284 342 495 
180 287 341 495 
180 290 341 495 
180 293 340 495 
181 296 339 495 
181 298 338 496 
182 300 337 496 
183 303 336 496 
184 306 335 497 
185 308 334 497 
185 310 333 497 
186 313 332 497 
187 315 331 497 
188 317 330 497 
189 320 329 497 
190 321 328 497 
190 323 327 497 
191 325 327 498 
192 498 
193 498 
194 498 
195 499 
196 499 
198 499 
200 499 
203 499 
206 499 
209 500 
212 500 
217 500 
222 500 
229 500 
231 500 
232 500 
231 500 
231 500 
231 500 
230 501 
230 501 
230 502 
230 502 
230 502 
229 502 
229 502 
229 503 
229 503 
229 503 
228 503 
228 503 
228 503 
228 503 
228 504 533 543 
228 504 531 548 
228 504 528 549 
227 504 526 548 
227 504 523 547 
227 504 520 545 
227 504 518 544 
227 504 515 543 
227 505 513 542 
227 505 510 541 
227 505 508 542 
227 543 
227 543 
227 541 
227 539 
227 536 
227 534 
227 531 
227 526 
227 519 
227 517 
227 517 
227 517 
227 516 
227 516 
227 515 
227 515 
227 515 
228 515 
228 515 
228 515 
228 515 
228 515 
228 515 
227 515 
227 515 
227 515 
226 515 
226 515 
226 515 
225 516 
225 516 
225 517 
225 517 
224 517 
224 518 
224 518 
224 518 
223 519 
223 519 
223 520 
223 520 
223 521 
223 521 
223 522 
223 522 
222 523 
222 523 
222 524 
222 524 
222 525 
222 525 
222 526 
222 526 
222 527 
222 527 
222 528 
222 528 
222 529 
222 529 
