0 110 132 144 190 401 534 640 
0 110 132 144 191 401 533 640 
0 110 132 143 192 400 504 505 533 640 
0 110 133 143 197 400 501 509 533 603 609 640 
0 110 134 143 200 400 500 512 533 602 611 640 
0 110 135 143 200 399 500 513 532 602 612 640 
0 110 135 143 204 398 499 515 532 601 613 640 
0 110 135 143 206 397 499 517 531 601 613 640 
0 110 135 143 208 397 498 518 531 600 615 640 
0 110 136 142 210 396 498 519 530 598 616 640 
0 110 136 142 211 396 497 520 530 597 616 640 
0 110 211 395 497 520 529 595 616 640 
0 84 87 88 89 110 213 217 220 395 496 520 528 594 618 640 
0 83 90 110 222 394 496 521 527 593 618 640 
0 81 91 110 226 394 495 521 526 592 619 640 
0 80 92 110 227 394 493 522 526 592 619 620 621 640 
0 80 92 109 228 394 493 591 621 640 
0 79 93 109 229 393 493 591 622 640 
0 79 98 108 229 393 492 590 623 640 
0 78 100 108 229 393 492 590 624 640 
0 78 102 107 229 393 492 590 625 640 
0 70 104 106 230 392 493 590 625 640 
0 69 230 368 369 392 493 590 626 640 
0 68 230 368 372 392 493 590 626 640 
0 67 230 367 373 392 493 590 626 640 
0 67 231 367 376 392 493 590 626 640 
0 67 231 366 378 392 493 590 626 640 
0 67 231 365 380 392 492 590 626 640 
0 67 231 365 380 393 492 590 626 640 
0 67 231 364 381 393 492 590 626 640 
0 67 232 364 381 393 492 590 626 640 
0 67 232 364 381 393 492 590 626 640 
0 67 233 364 382 394 492 590 625 640 
0 67 234 364 382 394 492 590 625 640 
0 67 234 364 382 395 492 590 625 640 
0 67 234 364 383 395 492 590 625 640 
0 67 235 364 383 395 492 590 624 640 
0 67 236 364 383 395 492 590 624 640 
0 67 237 364 367 369 383 395 492 590 624 640 
0 67 237 364 366 369 383 395 492 590 624 640 
0 67 238 369 383 395 492 589 622 640 
0 66 238 368 383 395 492 589 622 640 
0 66 239 368 383 394 492 590 622 640 
0 66 104 105 239 368 383 394 492 589 622 640 
0 66 104 105 239 367 384 393 492 589 622 640 
0 66 104 105 240 364 384 393 492 589 621 640 
0 66 104 105 240 364 384 392 492 588 621 640 
0 66 103 105 240 364 385 392 492 588 621 640 
0 65 103 105 240 364 386 390 493 588 620 640 
0 64 103 105 240 364 386 390 493 588 620 640 
0 64 102 105 240 364 493 588 620 640 
0 63 102 105 241 364 494 588 620 640 
0 63 102 105 241 364 495 588 619 640 
0 63 101 105 241 364 496 587 619 640 
0 62 101 106 241 363 497 584 585 586 618 640 
0 62 101 106 241 363 499 583 618 640 
0 61 101 106 242 364 502 582 617 640 
0 61 101 107 242 364 503 582 617 640 
0 61 101 107 242 364 505 582 616 640 
0 61 101 108 242 364 505 582 616 640 
0 61 101 108 242 364 505 571 575 582 615 640 
0 60 101 108 242 364 506 509 512 571 575 582 614 640 
0 60 101 109 242 364 514 571 576 582 613 640 
0 60 101 109 242 365 515 571 576 582 613 640 
0 60 101 109 242 366 514 571 575 584 612 640 
0 59 101 109 242 366 514 571 575 584 611 640 
0 59 101 109 243 366 515 571 575 586 610 640 
0 58 101 110 243 367 515 570 575 588 609 640 
0 58 101 110 243 368 515 570 575 589 609 640 
0 57 100 110 243 368 516 570 574 590 607 640 
0 53 98 110 243 368 516 570 574 591 606 640 
0 52 87 90 98 110 243 368 516 570 574 592 606 640 
0 51 86 92 97 110 243 369 518 571 573 593 604 640 
0 51 85 93 97 110 243 369 518 571 572 594 604 640 
0 50 85 93 96 110 243 369 519 594 602 640 
0 23 24 49 85 93 96 110 243 369 519 596 600 640 
0 23 26 48 85 93 96 110 243 370 519 640 
0 23 29 45 85 93 96 111 243 370 519 640 
0 24 32 43 85 93 97 111 243 370 519 640 
0 24 36 41 85 92 97 111 243 370 519 640 
0 22 37 40 86 92 97 111 243 371 520 640 
0 21 86 92 97 111 243 371 521 640 
0 21 87 90 98 111 244 372 522 640 
0 20 99 111 244 372 525 640 
0 20 99 111 244 373 526 640 
0 20 99 111 245 373 527 640 
0 19 99 110 246 374 527 640 
0 19 99 110 246 374 528 640 
0 17 99 109 247 374 528 640 
0 16 99 109 247 374 528 640 
0 16 99 108 248 374 529 640 
0 15 99 108 248 374 530 640 
0 15 99 107 249 374 530 640 
0 14 98 107 250 374 530 640 
0 14 98 107 250 374 531 640 
0 14 98 107 250 374 531 640 
0 14 97 105 250 373 532 640 
0 14 97 105 250 373 532 640 
0 14 97 106 251 373 533 640 
0 14 97 106 251 373 533 544 546 640 
0 14 97 106 252 374 533 544 546 640 
0 14 97 105 252 374 534 544 546 640 
0 14 96 105 252 374 534 640 
0 15 96 105 252 374 535 543 544 640 
0 15 96 104 252 345 350 373 537 542 546 640 
0 15 96 104 251 344 352 373 546 640 
0 15 96 104 250 342 352 373 546 640 
0 15 98 104 250 341 353 373 547 640 
0 16 98 104 249 341 354 373 547 640 
0 16 98 103 248 340 354 372 547 640 
0 16 99 102 248 340 354 372 547 640 
0 16 248 340 354 371 547 640 
0 16 246 339 354 370 548 640 
0 16 245 338 354 369 549 640 
0 16 245 337 355 368 549 640 
0 16 245 337 355 363 364 365 367 368 549 640 
0 17 245 337 355 363 550 640 
0 17 245 336 356 363 550 640 
0 17 245 336 356 363 550 640 
0 17 245 335 357 363 551 640 
0 17 244 334 358 361 551 640 
0 17 244 333 359 360 552 640 
0 18 244 332 552 640 
0 18 244 331 552 640 
0 18 244 330 553 640 
0 19 244 330 553 640 
0 19 244 329 553 640 
0 20 244 329 554 640 
0 21 244 328 554 640 
0 21 244 328 554 640 
0 21 244 265 266 328 347 357 554 640 
0 22 244 264 267 327 345 359 554 640 
0 22 244 264 267 328 344 363 554 640 
0 23 244 263 267 328 343 364 554 640 
0 23 244 262 267 327 342 365 554 640 
0 23 244 262 267 326 342 368 554 640 
0 24 245 261 270 326 342 370 554 640 
0 24 245 261 270 325 341 372 554 640 
0 24 245 260 270 324 340 374 554 640 
0 24 245 259 271 323 339 375 554 640 
0 24 245 258 271 322 338 375 554 640 
0 24 245 257 271 322 338 375 555 640 
0 24 246 252 272 322 338 375 555 640 
0 24 246 252 272 322 337 375 555 640 
0 25 246 247 248 251 272 321 337 375 556 640 
0 25 272 321 337 375 556 640 
0 26 273 320 337 376 556 640 
0 28 273 320 337 376 556 640 
0 29 274 320 336 376 560 640 
0 30 275 320 336 376 562 640 
0 31 276 320 335 376 564 640 
0 32 276 320 335 376 565 640 
0 32 277 320 333 376 566 640 
0 32 277 320 333 376 566 640 
0 33 277 320 333 377 567 640 
0 33 277 320 332 377 567 640 
0 34 277 320 330 378 568 640 
0 34 277 321 329 379 568 640 
0 34 276 321 328 379 569 640 
0 35 276 322 327 380 569 640 
0 35 275 323 325 381 570 640 
0 35 275 324 325 381 572 640 
0 35 275 382 574 640 
0 36 275 382 576 640 
0 36 275 383 576 640 
0 36 275 383 577 640 
0 36 274 383 578 640 
0 36 273 383 579 640 
0 35 272 383 579 640 
0 35 272 383 579 640 
0 35 272 384 581 640 
0 36 272 384 582 640 
0 36 272 384 583 640 
0 36 272 384 585 640 
0 37 272 384 586 640 
0 37 272 384 588 640 
0 37 270 383 589 640 
0 38 270 383 590 640 
0 38 269 383 590 640 
0 39 268 383 591 640 
0 39 267 383 591 640 
0 40 266 383 591 640 
0 40 266 382 592 640 
0 40 265 382 593 640 
0 41 265 383 596 640 
0 41 265 383 596 640 
0 41 265 383 596 640 
0 41 265 383 596 640 
0 40 265 383 595 640 
0 40 265 383 595 640 
0 41 264 383 595 640 
0 41 264 384 595 640 
0 42 263 384 594 640 
0 42 262 384 594 640 
0 42 262 385 594 640 
0 42 261 385 594 640 
0 42 260 385 593 640 
0 42 259 385 593 640 
0 42 258 385 593 640 
0 43 258 385 593 640 
0 43 258 386 593 640 
0 43 257 386 593 640 
0 44 256 386 593 640 
0 44 256 386 593 640 
0 44 256 386 593 640 
0 44 255 386 593 640 
0 44 255 387 593 640 
0 44 255 387 594 640 
0 44 255 387 593 640 
0 44 254 387 594 640 
0 44 254 387 594 640 
0 44 254 388 594 640 
0 44 254 388 593 640 
0 45 254 388 593 640 
0 45 254 388 593 640 
0 45 254 389 593 640 
0 45 254 388 591 640 
0 45 253 387 591 640 
0 45 254 386 591 640 
0 45 255 384 591 640 
0 45 258 381 590 640 
0 45 259 379 589 640 
0 46 261 372 588 640 
0 46 264 366 588 640 
0 47 270 362 586 640 
0 47 273 360 585 640 
0 48 274 358 584 640 
0 48 277 357 584 640 
0 48 285 355 583 640 
0 48 289 353 583 640 
0 49 292 309 324 350 582 640 
0 50 294 306 325 347 581 640 
0 51 297 304 328 345 581 640 
0 51 299 303 329 340 580 640 
0 51 330 337 580 640 
0 51 331 333 580 640 
0 51 579 640 
0 51 579 640 
0 51 579 640 
0 51 578 640 
0 51 578 640 
0 50 578 640 
0 48 578 640 
0 41 577 640 
0 39 577 640 
0 38 577 640 
0 37 577 640 
0 37 575 576 577 640 
0 37 576 640 
0 37 575 640 
0 37 575 640 
0 37 575 640 
0 37 575 640 
0 37 575 640 
0 38 575 640 
0 38 574 640 
0 40 574 640 
0 40 573 640 
0 42 573 640 
0 43 572 640 
0 44 572 640 
0 46 572 640 
0 46 572 640 
0 46 571 640 
0 47 571 640 
0 48 571 640 
0 49 571 640 
0 49 571 640 
0 50 571 640 
0 50 571 640 
0 51 571 640 
0 51 571 640 
0 53 571 640 
0 54 570 640 
0 56 570 640 
0 59 569 640 
0 61 569 640 
0 61 569 640 
0 61 568 640 
0 61 568 640 
0 61 567 640 
0 61 567 640 
0 61 566 640 
0 61 565 640 
0 61 565 640 
0 61 564 640 
0 62 563 640 
0 62 562 640 
0 62 561 640 
0 62 560 640 
0 64 559 640 
0 62 557 640 
0 62 556 640 
0 58 63 64 556 640 
0 58 555 640 
0 59 554 640 
0 60 553 640 
0 61 552 640 
0 61 552 640 
0 62 551 640 
0 63 551 640 
0 64 551 640 
0 65 550 640 
0 68 549 640 
0 69 549 640 
0 70 549 640 
0 71 549 640 
0 71 549 640 
0 71 549 640 
0 72 549 640 
0 72 549 640 
0 72 549 640 
0 73 548 640 
0 74 548 640 
0 74 548 640 
0 73 547 640 
0 72 547 640 
0 70 546 640 
0 69 546 640 
0 68 546 640 
0 67 545 640 
0 66 545 640 
0 66 544 640 
0 65 543 640 
0 65 543 640 
0 65 542 640 
0 64 541 640 
0 64 540 640 
0 64 541 640 
0 63 543 640 
0 63 546 640 
0 63 550 640 
0 62 552 640 
0 62 552 640 
0 62 553 640 
0 61 557 640 
0 61 557 640 
0 61 559 640 
0 62 560 640 
0 62 562 640 
0 63 564 640 
0 63 400 401 564 640 
0 64 400 401 564 640 
0 64 400 401 565 640 
0 66 400 402 565 640 
0 67 401 402 566 640 
0 69 401 402 566 640 
0 72 401 402 567 640 
0 74 401 402 567 640 
0 76 401 403 567 640 
0 76 401 403 567 640 
0 77 401 405 567 640 
0 77 401 405 567 640 
0 78 401 406 567 640 
0 78 401 407 567 640 
0 78 401 408 566 640 
0 79 402 408 565 640 
0 79 189 191 192 194 226 232 402 409 564 640 
0 79 185 197 225 232 402 410 563 640 
0 79 185 198 207 216 223 232 402 410 561 640 
0 80 185 218 222 232 402 412 559 640 
0 80 185 232 402 413 555 640 
0 81 184 232 402 414 553 640 
0 81 184 232 402 416 553 640 
0 82 184 232 402 417 552 640 
0 82 184 232 402 418 552 640 
0 82 184 232 402 419 552 640 
0 83 184 232 402 420 551 640 
0 83 184 231 403 422 551 640 
0 83 184 231 403 423 550 640 
0 84 184 231 403 428 550 640 
0 84 184 231 403 427 549 640 
0 85 186 231 403 427 549 640 
0 85 186 231 403 427 548 640 
0 86 186 231 403 426 547 640 
0 87 187 231 403 425 546 640 
0 87 188 231 403 425 545 640 
0 88 189 231 403 425 544 640 
0 89 190 230 404 424 544 640 
0 89 191 230 404 424 543 640 
0 90 193 230 404 424 542 640 
0 90 194 230 404 424 541 640 
0 91 194 230 404 423 540 640 
0 92 195 230 404 423 539 640 
0 93 196 230 404 423 539 640 
0 94 197 230 404 423 537 640 
0 95 198 230 405 422 537 640 
0 96 198 230 405 422 536 640 
0 97 199 229 405 423 535 640 
0 98 200 229 405 422 534 640 
0 100 200 229 405 422 532 640 
0 101 201 229 405 422 531 640 
0 103 201 229 405 421 530 640 
0 105 201 229 405 421 529 640 
0 107 202 229 405 421 528 640 
0 109 202 229 405 420 527 640 
0 111 203 229 405 420 525 640 
0 113 203 229 406 419 524 640 
0 115 204 229 406 419 522 640 
0 117 204 229 406 418 521 640 
0 120 205 228 406 418 518 640 
0 122 205 228 406 417 515 640 
0 124 205 228 406 417 513 640 
0 125 205 228 406 417 509 640 
0 126 206 228 406 416 506 640 
0 125 206 228 406 416 502 640 
0 124 206 228 406 415 499 640 
0 124 206 228 406 415 497 640 
0 123 206 228 407 415 497 640 
0 123 206 228 407 415 497 640 
0 123 206 228 407 415 498 640 
0 122 206 228 407 415 499 640 
0 122 207 228 407 415 499 640 
0 123 207 228 407 414 499 640 
0 122 207 227 407 414 500 640 
0 122 207 227 407 414 500 640 
0 122 207 227 407 414 500 640 
0 121 207 227 407 414 501 640 
0 121 207 227 407 414 501 640 
0 120 207 227 407 414 501 640 
0 120 207 227 407 414 501 640 
0 119 207 227 407 414 502 640 
0 119 207 227 408 414 502 640 
0 119 207 227 408 414 502 640 
0 119 207 227 408 414 502 640 
0 119 207 227 408 414 502 640 
0 119 207 226 408 414 502 640 
0 119 208 226 408 414 502 640 
0 119 208 226 408 414 502 640 
0 119 208 226 408 414 502 640 
0 119 208 226 408 414 502 640 
0 119 208 226 408 414 502 640 
0 119 208 226 408 413 502 640 
0 119 208 226 408 413 502 640 
0 119 208 225 408 413 502 640 
0 120 208 225 408 413 502 640 
0 120 208 224 408 413 501 640 
0 121 209 220 409 413 501 640 
0 121 209 215 409 413 501 640 
0 121 209 211 409 413 500 640 
0 122 409 413 500 640 
0 122 409 413 500 640 
0 122 409 413 499 640 
0 123 409 413 499 640 
0 123 410 413 499 640 
0 124 410 412 498 640 
0 124 410 412 498 640 
0 125 410 412 497 640 
0 125 497 640 
0 126 496 640 
0 126 496 640 
0 127 495 640 
0 127 495 640 
0 128 494 640 
0 128 494 640 
0 129 493 640 
0 130 493 640 
0 130 492 640 
0 131 492 640 
0 132 492 640 
0 132 491 640 
0 133 490 640 
0 134 490 640 
0 134 490 640 
0 135 489 640 
0 136 489 640 
0 136 488 640 
0 137 488 640 
0 137 487 640 
0 138 487 640 
0 139 486 640 
0 139 486 640 
0 139 486 640 
0 140 485 640 
0 140 485 640 
0 141 485 640 
0 141 484 640 
0 142 484 640 
0 142 483 640 
0 143 483 640 
