0 640 
0 640 
0 640 
0 640 
0 640 
0 640 
0 640 
0 640 
0 640 
0 640 
0 640 
0 640 
0 640 
0 640 
0 640 
0 640 
0 640 
0 640 
0 640 
0 640 
0 640 
0 640 
0 640 
0 640 
0 640 
0 640 
0 640 
0 640 
0 640 
0 640 
0 640 
0 640 
0 640 
0 640 
0 640 
0 640 
0 640 
0 640 
0 640 
0 640 
0 640 
0 640 
0 640 
0 640 
0 640 
0 640 
0 640 
0 640 
0 640 
0 640 
0 640 
0 640 
0 640 
0 640 
0 640 
0 640 
0 640 
0 640 
0 640 
0 640 
0 640 
0 640 
0 640 
0 640 
0 640 
0 640 
0 640 
0 640 
0 640 
0 640 
0 640 
0 640 
0 640 
0 332 343 640 
0 322 349 640 
0 316 355 640 
0 314 358 640 
0 309 361 640 
0 306 363 640 
0 303 365 640 
0 300 368 640 
0 298 369 640 
0 295 371 640 
0 293 372 640 
0 290 374 640 
0 288 375 640 
0 286 377 640 
0 284 378 640 
0 282 379 640 
0 280 380 640 
0 278 381 640 
0 277 382 640 
0 275 384 640 
0 274 386 640 
0 272 387 640 
0 271 389 640 
0 270 390 640 
0 268 391 640 
0 267 392 640 
0 265 393 640 
0 264 394 640 
0 263 395 640 
0 262 396 640 
0 262 397 640 
0 260 398 640 
0 259 399 640 
0 259 400 640 
0 258 400 640 
0 257 401 640 
0 257 401 640 
0 256 402 640 
0 255 402 640 
0 255 403 640 
0 254 403 640 
0 254 403 640 
0 253 404 640 
0 253 404 640 
0 252 405 640 
0 252 405 640 
0 251 406 640 
0 251 406 640 
0 250 407 640 
0 250 407 640 
0 250 408 640 
0 249 408 640 
0 249 408 640 
0 248 409 640 
0 248 409 640 
0 247 409 640 
0 247 410 640 
0 247 410 640 
0 246 410 640 
0 246 411 640 
0 246 411 640 
0 245 412 640 
0 245 412 640 
0 245 413 640 
0 244 413 640 
0 244 413 640 
0 244 414 640 
0 243 414 640 
0 243 414 640 
0 243 415 640 
0 243 415 640 
0 243 415 640 
0 242 415 640 
0 242 416 640 
0 242 416 640 
0 242 416 640 
0 242 416 640 
0 241 416 640 
0 241 417 640 
0 240 417 640 
0 240 417 640 
0 240 245 246 417 640 
0 241 244 246 418 640 
0 241 244 246 418 640 
0 241 243 246 418 640 
0 241 243 246 418 640 
0 241 243 246 418 640 
0 241 242 247 419 640 
0 240 242 247 419 640 
0 240 241 247 419 640 
0 247 419 640 
0 247 419 640 
0 248 419 640 
0 248 420 640 
0 248 250 252 420 640 
0 248 250 252 420 640 
0 249 251 253 420 640 
0 249 251 253 420 640 
0 249 251 253 420 640 
0 249 251 254 420 640 
0 250 251 254 420 640 
0 254 420 640 
0 255 420 640 
0 255 421 640 
0 256 421 640 
0 256 261 262 421 640 
0 257 261 262 421 640 
0 257 261 263 421 640 
0 258 261 263 421 640 
0 259 261 264 267 268 275 276 421 640 
0 260 262 264 266 270 275 277 421 640 
0 260 262 264 266 271 421 640 
0 265 266 272 421 640 
0 273 275 276 421 640 
0 274 275 276 422 640 
0 275 422 640 
0 275 422 640 
0 275 422 640 
0 275 422 640 
0 274 422 640 
0 273 422 640 
0 272 422 640 
0 271 422 640 
0 270 422 640 
0 269 422 640 
0 270 422 640 
0 270 422 640 
0 272 422 640 
0 273 422 640 
0 275 422 640 
0 277 422 640 
0 278 423 640 
0 279 423 640 
0 279 423 640 
0 279 423 640 
0 279 423 640 
0 279 423 640 
0 280 423 640 
0 280 423 640 
0 282 423 640 
0 283 423 640 
0 284 423 640 
0 284 423 640 
0 285 423 640 
0 285 423 640 
0 287 423 640 
0 288 423 640 
0 289 423 640 
0 290 423 640 
0 291 423 640 
0 291 423 640 
0 292 423 640 
0 293 423 640 
0 293 423 640 
0 294 423 640 
0 294 423 640 
0 295 423 640 
0 295 423 640 
0 296 423 640 
0 297 423 640 
0 297 423 640 
0 297 423 640 
0 297 423 640 
0 297 423 640 
0 297 423 640 
0 298 423 640 
0 297 423 640 
0 297 423 640 
0 297 423 640 
0 297 422 640 
0 297 422 640 
0 297 422 640 
0 297 422 640 
0 297 422 640 
0 296 422 640 
0 296 422 640 
0 296 422 640 
0 296 422 640 
0 296 422 640 
0 296 422 640 
0 295 422 640 
0 295 422 640 
0 295 422 640 
0 295 422 640 
0 295 422 640 
0 295 422 640 
0 295 422 640 
0 294 422 640 
0 294 422 640 
0 294 422 640 
0 294 422 640 
0 294 423 640 
0 294 423 640 
0 294 423 640 
0 294 423 640 
0 293 423 640 
0 293 423 640 
0 293 423 640 
0 293 423 640 
0 292 423 640 
0 292 424 640 
0 291 424 640 
0 291 424 640 
0 290 424 640 
0 289 424 640 
0 289 424 640 
0 288 424 640 
0 288 424 640 
0 288 424 640 
0 287 425 640 
0 287 425 640 
0 286 425 640 
0 285 425 640 
0 285 425 640 
0 284 425 640 
0 283 425 640 
0 282 425 640 
0 280 425 640 
0 280 425 640 
0 278 425 640 
0 278 425 640 
0 277 426 640 
0 276 426 640 
0 275 426 640 
0 274 426 640 
0 273 426 640 
0 272 426 640 
0 271 426 640 
0 271 426 640 
0 270 426 640 
0 269 426 640 
0 268 427 640 
0 267 427 640 
0 266 427 640 
0 266 427 640 
0 265 427 640 
0 264 273 275 427 640 
0 265 270 275 427 640 
0 275 427 640 
0 274 427 640 
0 274 427 640 
0 273 427 640 
0 273 428 640 
0 272 428 640 
0 272 428 640 
0 271 428 640 
0 271 428 640 
0 270 428 640 
0 270 428 640 
0 269 428 640 
0 269 428 640 
0 268 428 640 
0 268 429 640 
0 268 429 640 
0 267 429 640 
0 267 429 640 
0 266 429 640 
0 265 429 640 
0 265 429 640 
0 265 429 640 
0 265 429 640 
0 265 429 640 
0 265 430 640 
0 266 430 640 
0 267 430 640 
0 268 430 640 
0 268 430 640 
0 268 430 640 
0 268 430 640 
0 267 430 640 
0 267 430 640 
0 266 430 640 
0 266 430 640 
0 265 430 640 
0 265 430 640 
0 265 430 640 
0 264 430 640 
0 264 431 640 
0 264 431 640 
0 263 431 640 
0 263 431 640 
0 263 431 640 
0 262 431 640 
0 262 431 640 
0 262 431 640 
0 262 431 640 
0 261 431 640 
0 261 431 640 
0 261 431 640 
0 260 431 640 
0 260 431 640 
0 260 431 640 
0 260 431 640 
0 260 431 640 
0 259 431 640 
0 259 431 640 
0 259 431 640 
0 259 431 640 
0 259 431 640 
0 259 431 640 
0 259 431 640 
0 259 431 640 
0 259 431 640 
0 259 431 640 
0 259 431 640 
0 259 431 640 
0 259 432 640 
0 260 432 640 
0 260 432 640 
0 260 432 640 
0 260 432 640 
0 260 432 640 
0 261 432 640 
0 261 432 640 
0 261 432 640 
0 262 432 640 
0 262 432 640 
0 262 432 640 
0 262 432 640 
0 263 432 640 
0 263 432 640 
0 263 432 640 
0 263 432 640 
0 264 432 640 
0 264 432 640 
0 264 432 640 
0 265 432 640 
0 265 433 640 
0 265 433 640 
0 266 434 640 
0 266 435 640 
0 267 435 640 
0 267 436 640 
0 268 436 640 
0 268 437 640 
0 268 437 640 
0 269 438 640 
0 269 439 640 
0 270 439 640 
0 270 440 640 
0 271 441 640 
0 271 441 640 
0 272 442 640 
0 271 442 640 
0 272 443 640 
0 272 443 640 
0 271 444 640 
0 271 445 640 
0 271 445 640 
0 270 446 640 
0 270 446 640 
0 270 447 640 
0 270 448 640 
0 270 448 640 
0 270 449 640 
0 270 449 640 
0 270 450 640 
0 270 451 640 
0 269 451 640 
0 269 452 640 
0 269 452 640 
0 269 453 640 
0 269 453 640 
0 269 454 640 
0 269 454 640 
0 268 455 640 
0 268 455 640 
0 268 456 640 
0 268 456 640 
0 268 457 640 
0 268 457 640 
0 268 458 640 
0 267 459 640 
0 267 459 640 
0 267 460 640 
0 267 460 640 
0 267 461 640 
0 267 461 640 
0 267 461 640 
0 266 462 640 
0 266 462 640 
0 266 463 640 
0 266 463 640 
0 266 463 640 
0 266 464 640 
0 266 464 640 
0 265 465 640 
0 265 465 640 
0 265 466 640 
0 265 466 640 
0 265 466 640 
0 265 467 640 
0 265 467 640 
0 264 467 640 
0 264 468 640 
0 264 468 640 
0 264 468 640 
0 264 469 640 
0 264 469 640 
0 264 470 640 
0 264 470 640 
0 263 470 640 
0 263 471 640 
0 263 471 640 
0 263 472 640 
0 263 472 640 
0 263 472 640 
