181 473 494 563 
180 472 494 563 
178 471 494 563 
178 471 494 563 
180 470 494 563 
179 469 494 564 
180 469 494 564 
181 200 203 468 494 564 
203 468 494 564 
203 467 494 564 
203 466 493 565 
203 466 493 565 
203 465 493 565 
203 465 493 565 
202 464 493 565 
202 464 493 565 
202 278 280 464 493 566 
202 279 280 464 493 566 
202 279 281 464 493 566 
202 279 281 284 286 464 492 566 
202 280 281 284 287 465 492 566 
202 284 287 465 492 567 
201 465 492 567 
201 465 492 567 
201 465 492 567 
201 466 492 567 
201 212 214 466 491 567 
201 212 214 295 297 456 458 466 491 568 
201 212 215 287 288 296 298 456 458 466 491 568 
200 210 215 298 300 455 459 466 491 568 
200 209 215 299 302 455 460 466 491 568 
200 209 216 300 304 455 460 464 491 568 
200 208 216 302 305 456 461 464 491 568 
200 207 216 304 307 456 462 464 491 568 
200 206 216 306 308 457 490 568 
200 206 216 309 311 458 490 569 
199 205 217 311 312 459 490 569 
199 204 217 460 490 569 
200 203 217 461 490 569 
217 463 490 569 
218 464 490 569 
218 466 490 569 
218 468 490 569 
218 319 320 469 489 569 
218 321 322 471 489 570 
219 474 489 570 
219 476 489 570 
219 477 489 570 
220 476 489 570 
220 474 489 570 
220 450 455 474 489 570 
220 450 488 570 
221 450 488 570 
221 450 488 571 
221 226 227 450 488 571 
222 226 227 450 488 571 
222 226 228 451 488 571 
222 225 228 451 488 571 
222 225 228 451 488 571 
223 225 228 450 488 572 
223 225 228 450 488 572 
228 244 245 450 488 572 
228 234 235 244 246 450 488 572 
229 234 235 244 246 450 488 572 
229 233 235 244 247 450 488 572 
229 233 236 244 247 450 488 572 
229 233 236 244 247 450 488 572 
230 232 236 244 247 438 439 450 488 572 
230 232 236 244 247 437 439 450 488 572 
230 232 237 243 248 437 440 450 488 572 
237 243 248 436 440 450 488 572 
237 243 248 435 440 450 488 573 
238 243 248 256 257 435 441 451 488 573 
238 243 248 256 257 434 441 451 488 573 
238 243 249 256 257 434 442 451 488 573 
239 242 249 256 257 433 443 451 488 573 
239 242 249 255 257 433 443 452 488 573 638 640 
239 242 249 255 257 432 444 452 488 573 636 640 
240 242 250 255 258 422 423 432 444 452 488 573 634 640 
240 242 250 255 258 262 263 422 423 431 445 451 488 573 632 640 
0 2 241 242 250 255 258 262 264 421 423 430 446 451 489 573 631 640 
0 3 241 242 250 255 258 262 266 421 423 430 446 451 489 573 629 640 
0 5 251 255 258 261 267 385 386 421 423 430 447 451 489 573 627 640 
0 7 251 255 258 261 267 385 387 421 423 429 448 451 489 573 625 640 
0 9 251 255 259 261 267 351 353 384 387 421 424 429 448 450 489 574 624 640 
0 11 251 255 259 260 267 351 353 384 387 402 403 422 424 428 449 450 489 574 622 640 
0 13 252 255 267 350 353 383 387 402 403 422 424 427 489 574 620 640 
0 14 252 255 267 350 353 362 363 383 387 402 403 422 424 427 490 574 619 640 
0 16 252 255 267 276 277 349 354 362 363 382 387 402 403 422 424 426 490 574 617 640 
0 18 252 255 267 275 278 349 354 362 363 382 387 402 403 422 490 574 616 640 
0 19 253 254 267 275 278 349 354 361 363 381 387 402 403 417 418 423 490 574 614 640 
0 21 253 254 266 274 279 348 354 361 363 381 387 402 403 416 418 422 490 567 568 574 612 640 
0 23 266 274 280 284 285 348 354 361 363 380 387 401 403 415 419 420 490 567 569 574 611 640 
0 24 266 274 281 283 285 348 354 361 363 380 387 401 403 415 490 567 569 574 609 640 
0 26 266 273 276 278 281 283 286 348 350 360 363 379 387 401 403 415 491 567 569 574 607 640 
0 28 266 273 275 284 287 348 350 360 362 378 388 401 403 409 411 414 491 567 570 572 606 640 
0 29 266 272 275 348 349 360 362 378 388 401 403 409 411 414 491 567 570 571 604 640 
0 31 266 272 276 360 362 377 388 401 403 409 411 413 491 567 570 571 602 640 
0 32 266 271 276 360 362 377 388 401 403 409 411 412 491 566 600 640 
0 34 266 271 276 359 362 376 388 401 403 409 491 566 598 640 
0 36 266 271 276 359 362 376 388 401 403 408 492 566 597 637 
0 38 266 270 276 359 362 375 389 400 403 408 492 566 595 635 
0 40 267 270 277 359 362 375 389 400 403 408 492 566 593 632 
0 41 267 269 277 359 362 374 389 400 403 408 492 565 591 630 
0 43 277 357 362 374 389 394 395 400 403 408 493 565 589 629 
4 45 277 357 362 373 390 393 395 400 403 408 493 565 587 627 
6 47 278 356 362 372 390 393 395 400 403 407 493 565 585 625 
9 48 278 356 362 368 369 372 390 393 395 400 403 407 494 565 583 623 
11 50 278 355 363 367 369 371 390 392 395 400 403 407 494 564 581 622 
13 52 279 355 363 367 396 400 403 407 494 564 578 621 
15 54 279 355 363 366 396 400 403 407 494 564 576 619 
17 57 279 355 363 366 396 400 403 407 495 564 573 618 
18 59 279 355 363 366 396 400 403 407 495 563 569 616 
20 61 279 355 363 365 396 399 403 406 495 563 567 615 
22 63 278 356 363 365 396 399 403 406 461 467 495 564 565 614 
23 66 276 358 363 364 396 399 403 406 459 475 495 612 
24 69 274 361 397 399 403 406 458 483 496 611 
0 1 26 72 168 178 270 364 397 399 403 405 457 494 496 610 
0 1 27 76 161 180 267 367 397 399 403 405 456 608 
0 2 29 79 156 181 264 370 397 399 455 607 
0 2 30 84 149 182 261 373 397 398 454 606 
0 2 31 91 140 182 257 376 453 604 
0 2 33 98 127 183 254 379 453 603 
0 3 34 184 251 382 452 602 639 640 
0 3 35 184 248 385 452 602 639 640 
0 3 37 185 245 387 451 602 638 640 
0 4 38 186 242 390 451 602 638 640 
0 4 39 186 240 392 450 602 638 640 
0 5 40 187 237 394 450 602 637 640 
0 5 41 187 235 396 449 602 637 640 
0 5 40 188 233 398 448 601 636 640 
0 6 40 189 231 400 448 601 636 640 
0 6 40 189 229 402 447 601 636 640 
0 6 40 190 227 403 447 601 635 640 
0 6 40 190 225 405 446 602 635 640 
0 7 40 191 223 406 446 603 635 640 
0 8 41 192 221 408 445 604 634 640 
0 8 41 192 220 410 444 559 577 606 634 640 
0 8 41 193 218 411 444 554 577 608 633 640 
0 9 40 193 217 412 443 553 576 609 633 640 
0 9 38 194 215 413 443 553 575 611 633 640 
0 9 36 69 118 194 214 415 442 553 574 612 633 640 
0 10 35 64 128 195 213 415 441 552 573 612 633 640 
0 10 33 65 134 196 212 417 441 552 572 613 634 640 
0 10 32 66 135 196 211 418 440 475 478 551 571 613 634 640 
0 10 30 67 136 197 210 419 440 474 478 551 570 614 634 640 
0 10 30 68 136 161 162 198 209 420 439 473 478 551 569 614 634 640 
0 10 29 69 136 161 164 198 208 421 438 472 478 550 569 614 635 640 
0 10 29 70 135 161 165 199 207 422 438 471 479 550 569 615 635 640 
0 10 28 71 133 160 166 199 206 423 437 470 479 550 568 615 635 640 
0 10 28 72 131 160 167 200 205 424 436 469 480 549 568 616 635 640 
0 10 27 72 130 160 168 201 203 425 436 468 481 549 567 616 635 640 
0 10 27 73 128 159 169 426 435 467 482 549 567 616 636 640 
0 9 27 73 127 159 170 426 434 467 481 549 567 617 636 640 
0 9 26 73 125 157 170 428 434 466 481 549 566 617 636 640 
0 9 26 74 124 157 171 429 433 465 480 549 566 618 636 640 
0 9 25 74 123 158 172 430 432 464 479 549 565 618 637 640 
0 8 25 74 122 159 173 463 478 536 537 549 565 618 637 640 
0 8 25 75 121 160 174 463 477 535 537 549 565 619 637 640 
0 8 24 75 121 160 175 462 477 535 537 548 565 619 637 640 
0 7 24 76 120 161 176 461 476 535 537 548 564 619 638 640 
0 7 23 76 120 162 176 460 476 535 537 546 564 620 638 640 
0 7 23 76 120 162 177 459 476 535 537 545 564 620 638 640 
0 6 23 77 119 163 178 458 475 534 537 545 563 620 638 640 
0 6 22 77 119 163 179 457 475 534 537 544 563 621 639 640 
0 6 22 77 118 163 180 457 475 534 536 543 562 621 639 640 
0 5 21 78 118 164 180 456 474 534 536 542 562 622 639 640 
0 5 21 78 117 164 181 455 474 534 536 542 562 622 639 640 
0 5 21 79 117 165 182 454 474 534 536 541 561 623 
0 5 20 79 117 165 183 453 473 534 536 541 561 623 
0 4 20 79 116 165 184 452 473 533 536 540 561 623 
0 4 19 79 116 165 185 452 472 533 536 540 560 624 
0 4 19 80 115 166 185 454 472 533 535 539 560 624 
0 4 19 80 115 166 184 455 472 533 535 538 560 624 
0 4 18 80 114 167 184 457 471 533 535 537 559 624 
0 3 18 81 114 167 183 458 471 533 559 624 
0 3 18 81 114 167 182 460 471 532 558 624 
0 3 18 82 113 168 181 461 470 532 558 624 
0 3 18 82 113 168 180 463 470 532 558 624 
0 2 18 83 112 169 179 464 470 532 558 624 
0 2 18 83 112 169 177 465 469 532 558 623 
0 2 18 83 112 169 176 467 469 531 559 623 
0 2 18 83 111 170 175 531 559 623 
0 2 18 83 111 170 174 531 559 623 
0 2 18 83 110 170 173 530 560 622 
0 2 19 82 110 530 560 622 
0 1 19 82 109 531 560 622 
0 1 19 82 109 531 560 622 
20 82 109 531 561 621 
20 81 108 531 561 621 
20 81 108 531 561 621 
20 81 108 531 561 620 
21 80 108 530 562 620 
21 80 108 530 562 620 
21 80 109 530 562 620 
21 80 109 530 562 619 
21 80 109 530 562 619 
22 79 110 530 563 619 
22 79 110 529 563 619 
22 79 110 529 563 619 
22 79 110 529 563 618 
22 78 110 529 564 618 
23 78 110 529 564 618 
23 78 111 528 564 618 
23 78 111 528 564 618 
23 77 111 528 565 617 
24 77 111 528 565 617 
24 77 112 528 565 617 
24 77 112 528 565 617 
24 76 112 527 566 616 
25 76 112 527 566 616 
25 76 112 527 566 616 
25 76 112 527 566 616 
25 76 113 527 567 615 
26 75 113 526 567 615 
26 75 113 526 567 615 
26 75 113 526 567 614 
26 75 113 526 568 614 
26 74 114 525 568 614 
27 74 114 525 568 614 
27 74 114 525 568 614 
27 73 114 525 569 614 
27 73 115 525 569 613 
28 73 115 525 569 613 
28 73 115 524 569 613 
28 73 115 524 570 613 
28 72 115 524 570 612 
29 72 116 524 570 612 
29 72 116 524 570 612 
29 72 116 523 571 612 
29 71 116 523 571 611 
30 71 116 523 571 611 
30 71 116 523 571 611 
30 71 117 523 572 610 
30 70 117 522 572 610 
31 70 117 522 572 610 
31 70 117 522 572 610 
31 69 117 522 573 609 
31 69 118 521 573 609 
31 69 118 477 479 521 573 609 
32 69 118 477 479 521 573 609 
32 68 118 478 479 521 573 608 
32 68 118 521 574 608 
32 68 119 520 575 608 
33 68 119 520 575 608 
33 68 119 376 467 520 576 607 
33 67 119 307 
33 67 120 271 
34 67 120 242 
34 66 120 216 
34 66 120 191 
34 65 121 163 
35 65 121 141 
35 65 
35 64 
35 64 
36 60 
37 44 






























407 483 
344 484 493 511 588 596 
278 485 494 511 587 596 
242 485 494 511 587 596 
208 486 494 511 587 595 
178 486 494 511 588 594 
149 486 494 511 588 594 
130 487 495 510 592 593 
130 487 495 510 
130 488 495 510 
130 488 495 510 
130 488 496 510 
130 489 496 510 
131 489 496 509 
131 489 497 509 
131 490 497 509 
131 490 497 509 
131 490 497 509 
131 491 498 508 
132 491 498 508 
132 491 499 508 
132 492 499 507 
133 492 500 507 
133 493 500 506 
134 493 501 506 
134 493 504 505 
135 493 
136 494 
138 494 
138 494 
138 495 
137 495 
137 495 
137 496 
136 496 
136 496 
136 497 
135 497 
135 497 
135 498 
134 498 
134 498 
134 499 
133 499 
133 499 
133 499 
132 500 
132 500 
132 500 
131 501 
131 501 
131 501 
131 502 
130 502 
130 502 
130 502 
129 503 
129 503 
129 503 
128 503 
128 504 
128 504 
128 504 
127 504 
127 505 
127 505 
127 505 
126 505 
126 199 200 506 
126 199 200 506 
126 198 200 506 
125 198 200 506 
125 198 200 507 
125 197 200 507 
125 197 200 507 
124 196 200 507 
124 196 200 508 
124 196 200 508 
123 195 200 508 
123 195 200 508 
123 195 200 508 
123 194 200 509 
123 194 200 509 
122 194 200 509 
122 193 200 509 
122 193 200 509 
122 193 200 509 
122 192 200 510 
121 192 200 510 
121 191 200 510 
121 191 200 510 
121 191 200 510 
121 190 200 510 
121 190 200 510 
120 190 200 511 
120 189 200 439 441 511 
120 189 200 439 441 511 
120 189 200 439 442 511 
120 188 200 439 442 512 
119 188 200 438 442 512 
119 188 200 438 443 512 
119 187 200 438 443 512 
119 187 200 438 443 512 
119 186 200 438 444 512 
118 186 200 438 444 512 
118 186 200 438 444 512 
118 185 200 438 445 512 
118 185 200 438 445 513 
118 185 200 438 446 513 
118 184 200 438 446 513 
118 184 201 438 446 513 
117 183 201 438 447 513 
117 183 201 438 447 513 
116 183 201 438 447 514 
114 182 201 438 448 516 
112 182 201 438 448 519 
110 182 201 437 449 520 
107 181 201 437 449 523 
105 181 201 437 449 525 
103 180 201 437 450 528 
101 180 201 437 450 530 
99 180 201 437 450 532 
97 179 202 437 451 534 
95 179 202 437 451 536 
93 178 202 437 452 538 
92 178 202 437 452 540 
90 178 202 437 452 542 
88 177 202 437 453 544 
86 177 202 436 453 546 
84 176 202 435 453 547 
83 176 202 435 454 549 
81 175 202 436 454 551 
79 175 202 436 455 553 
77 175 201 437 455 555 
76 174 201 437 456 557 
74 174 201 437 456 558 
73 173 201 437 456 560 
71 173 201 437 457 562 
69 173 201 437 457 564 
67 172 201 437 458 566 
66 172 201 437 458 567 
64 171 201 437 459 569 
62 171 201 437 459 571 
61 170 201 437 460 573 
59 170 201 438 460 575 
57 169 201 438 460 576 
56 169 201 438 461 578 
54 168 201 438 461 580 
52 168 201 438 462 582 
51 167 201 438 462 583 
49 167 200 438 463 585 
47 166 200 438 463 587 
46 165 200 438 464 589 
44 165 200 438 464 590 
43 165 200 438 465 592 
41 164 200 438 466 594 
39 163 200 438 466 596 
38 163 200 438 467 598 
36 162 200 438 467 599 
34 161 200 438 468 601 
33 161 200 439 469 603 
31 160 200 439 469 605 
29 159 200 439 470 606 
28 159 200 439 471 608 
26 158 200 439 471 610 
24 157 200 439 472 612 
23 157 200 439 473 613 
21 156 200 439 474 615 
19 155 199 439 474 617 
18 154 199 439 475 619 
16 153 199 440 476 621 
14 152 199 440 477 622 
13 151 199 440 478 624 
11 150 199 440 479 626 
9 149 199 440 480 628 
8 148 199 440 481 629 
6 147 199 440 482 631 
4 146 199 440 483 633 
2 144 198 441 484 635 
0 143 198 441 485 637 
0 142 198 441 486 638 
0 141 198 441 488 640 
0 139 198 441 489 640 
0 138 198 442 490 640 
0 136 198 441 492 640 
0 135 198 442 493 640 
0 134 198 442 495 640 
0 132 198 442 496 640 
0 131 197 441 498 640 
0 129 197 441 499 640 
0 127 198 441 501 640 
0 127 199 442 502 640 
