0 640 
0 640 
0 640 
0 640 
0 640 
0 640 
0 640 
0 640 
0 640 
0 640 
0 640 
0 640 
0 640 
0 640 
0 640 
0 640 
0 640 
0 640 
0 640 
0 640 
0 640 
0 640 
0 640 
0 640 
0 640 
0 640 
0 640 
0 640 
0 640 
0 640 
0 640 
0 640 
0 640 
0 640 
0 640 
0 640 
0 640 
0 640 
0 640 
0 640 
0 640 
0 640 
0 640 
0 640 
0 640 
0 640 
0 640 
0 640 
0 640 
0 640 
0 640 
0 640 
0 640 
0 640 
0 640 
0 640 
0 640 
0 640 
0 640 
0 640 
0 640 
0 640 
0 640 
0 640 
0 640 
0 640 
0 640 
0 640 
0 640 
0 640 
0 640 
0 640 
0 640 
0 640 
0 640 
0 640 
0 640 
0 640 
0 640 
0 640 
0 640 
0 640 
0 640 
0 640 
0 640 
0 640 
0 640 
0 640 
0 640 
0 640 
0 640 
0 640 
0 640 
0 640 
0 640 
0 640 
0 640 
0 640 
0 640 
0 640 
0 640 
0 640 
0 640 
0 640 
0 640 
0 640 
0 640 
0 640 
0 640 
0 640 
0 640 
0 640 
0 640 
0 640 
0 420 428 640 
0 418 430 640 
0 416 431 640 
0 415 432 640 
0 414 433 640 
0 413 434 640 
0 412 435 640 
0 412 435 640 
0 411 436 640 
0 410 437 640 
0 409 437 640 
0 409 437 640 
0 408 437 640 
0 402 404 408 437 640 
0 402 406 407 435 640 
0 402 435 640 
0 403 435 640 
0 403 435 640 
0 403 435 640 
0 404 436 640 
0 404 436 640 
0 404 436 640 
0 386 387 403 437 640 
0 386 388 401 437 640 
0 387 391 399 437 640 
0 388 393 398 437 640 
0 390 438 640 
0 392 438 640 
0 394 438 640 
0 394 439 640 
0 393 439 640 
0 392 440 640 
0 391 444 640 
0 390 447 640 
0 386 453 640 
0 384 458 640 
0 382 463 640 
0 381 466 640 
0 379 467 640 
0 379 467 640 
0 379 391 394 467 640 
0 379 389 398 466 640 
0 379 385 398 465 640 
0 379 381 398 464 640 
0 398 463 640 
0 398 463 640 
0 399 460 640 
0 400 459 640 
0 401 459 640 
0 402 460 640 
0 402 462 640 
0 402 463 640 
0 402 464 640 
0 402 462 640 
0 402 456 457 459 640 
0 403 454 640 
0 403 453 640 
0 403 449 451 453 640 
0 403 451 640 
0 403 456 640 
0 403 456 640 
0 403 454 640 
0 403 450 640 
0 403 450 640 
0 403 449 640 
0 403 449 640 
0 403 449 640 
0 402 446 640 
0 402 443 445 446 640 
0 401 440 441 443 446 447 640 
0 400 443 640 
0 400 441 442 444 640 
0 399 441 442 444 640 
0 399 441 640 
0 399 441 640 
0 398 442 640 
0 398 442 640 
0 398 442 640 
0 398 442 464 470 640 
0 399 442 461 470 640 
0 399 442 459 470 640 
0 400 442 456 470 640 
0 400 442 454 470 640 
0 401 442 452 469 640 
0 401 442 450 469 640 
0 402 442 449 469 640 
0 402 442 447 468 640 
0 402 441 446 468 640 
0 403 440 444 468 640 
0 403 440 442 468 640 
0 403 467 640 
0 403 466 640 
0 403 466 640 
0 403 465 640 
0 404 465 640 
0 404 464 640 
0 406 463 640 
0 408 463 640 
0 409 462 640 
0 409 462 640 
0 409 461 640 
0 410 460 640 
0 410 460 640 
0 410 460 465 473 474 492 500 501 640 
0 410 459 463 495 500 506 640 
0 410 459 462 495 500 505 640 
0 411 495 499 503 640 
0 412 500 640 
0 412 449 450 500 640 
0 412 450 452 500 640 
0 412 451 452 502 640 
0 411 505 640 
0 410 507 640 
0 410 510 640 
0 410 512 640 
0 409 509 510 513 640 
0 409 511 640 
0 409 510 640 
0 409 511 640 
0 408 513 640 
0 408 517 640 
0 408 521 640 
0 407 523 640 
0 407 524 640 
0 405 521 640 
0 404 518 640 
0 402 518 640 
0 401 518 640 
0 400 519 640 
0 399 521 640 
0 398 525 640 
0 397 520 522 526 640 
0 396 521 523 526 640 
0 396 404 405 522 524 526 640 
0 395 402 405 518 521 528 640 
0 394 401 405 517 528 529 640 
0 394 400 404 517 640 
0 377 379 383 384 393 398 403 517 640 
0 375 387 392 397 403 519 640 
0 374 397 402 519 640 
0 373 517 518 519 640 
0 373 517 519 520 640 
0 373 517 519 521 640 
0 374 519 520 522 640 
0 374 519 520 523 640 
0 374 521 640 
0 375 521 640 
0 376 521 640 
0 378 522 640 
0 381 517 520 523 640 
0 381 517 521 523 640 
0 380 518 640 
0 380 384 387 520 640 
0 379 384 388 400 402 520 640 
0 379 384 389 398 403 521 640 
0 379 384 391 399 402 520 640 
0 380 383 392 400 402 431 434 520 640 
0 382 383 393 400 402 430 436 520 640 
0 394 400 403 429 437 522 640 
0 396 400 403 429 439 522 524 525 640 
0 397 400 403 429 441 526 640 
0 398 400 403 428 442 513 517 525 528 530 640 
0 403 428 443 514 519 525 529 532 640 
0 405 428 443 514 522 526 531 532 640 
0 410 428 443 507 509 515 640 
0 411 427 444 507 510 513 514 516 640 
0 412 427 444 512 515 516 640 
0 63 65 412 427 444 500 502 512 515 517 640 
0 62 65 412 426 444 495 497 501 507 512 514 520 640 
0 62 65 412 426 444 496 498 502 508 512 517 525 640 
0 62 66 412 426 445 503 509 512 521 525 640 
0 61 67 412 426 445 463 467 475 476 505 510 512 640 
0 60 68 412 425 445 463 469 508 511 512 640 
0 59 67 412 425 445 464 470 491 494 509 640 
0 61 66 412 425 445 464 472 490 495 501 505 509 640 
0 62 65 412 424 445 464 473 489 496 501 507 510 640 
0 62 65 413 424 446 463 475 489 498 502 509 511 640 
0 62 65 413 424 446 463 478 489 499 502 510 512 640 
0 62 65 413 424 446 463 481 489 500 503 640 
0 62 65 414 423 446 462 482 489 501 503 640 
0 62 65 415 423 446 462 484 489 502 504 640 
0 62 65 416 423 447 462 484 490 503 505 640 
0 61 65 417 422 447 461 484 488 489 490 504 505 640 
0 60 66 447 461 484 485 486 488 640 
0 57 67 448 460 484 485 486 488 640 
0 54 68 449 459 487 488 640 
0 51 70 450 458 486 487 640 
0 50 73 452 455 486 487 640 
0 49 76 485 487 640 
0 49 77 485 487 640 
0 49 77 485 486 640 
0 50 76 640 
0 51 75 640 
0 51 75 640 
0 51 75 640 
0 51 74 640 
0 51 74 640 
0 51 74 640 
0 51 74 640 
0 51 74 640 
0 51 74 640 
0 51 74 640 
0 51 74 640 
0 51 74 640 
0 51 74 640 
0 51 74 640 
0 51 74 640 
0 51 74 640 
0 50 75 640 
0 46 76 640 
0 45 79 640 
0 42 80 640 
0 34 83 640 
0 33 89 640 
0 32 91 640 
0 32 92 640 
0 31 92 640 
0 31 93 242 244 640 
0 30 93 241 245 640 
0 30 94 240 246 640 
0 29 94 240 246 640 
0 29 94 239 247 640 
0 28 95 238 248 640 
0 28 95 111 112 238 248 640 
0 28 96 110 113 237 249 640 
0 27 96 110 113 236 249 640 
0 26 96 109 114 235 250 640 
0 26 97 108 115 235 251 640 
0 25 97 108 115 234 251 640 
0 26 98 107 116 233 252 640 
0 28 97 106 116 233 253 640 
0 28 96 106 117 232 253 640 
0 28 96 105 118 231 254 640 
0 28 95 105 118 230 255 640 
0 28 95 104 119 230 255 640 
0 28 95 103 119 230 255 640 
0 28 95 102 120 230 255 640 
0 28 95 102 120 230 255 640 
0 28 95 101 121 230 255 640 
0 28 95 101 122 230 255 640 
0 28 95 100 122 230 255 640 
0 28 95 99 123 230 255 640 
0 28 95 99 123 230 255 640 
0 28 95 98 124 230 255 640 
0 28 95 98 124 230 255 640 
0 28 95 98 124 230 255 640 
0 28 95 98 124 230 255 640 
0 28 95 98 124 230 255 640 
0 28 95 98 124 230 255 640 
0 28 95 98 124 231 255 640 
0 28 95 98 124 231 255 640 
0 28 94 98 124 231 255 640 
0 28 94 98 124 231 255 640 
0 28 94 98 124 231 255 640 
0 28 94 98 124 231 255 640 
0 28 94 98 124 231 255 640 
0 28 94 98 124 231 255 640 
0 28 94 98 124 231 255 640 
0 27 94 98 124 231 255 640 
0 27 94 98 124 231 255 640 
0 27 94 98 124 231 255 640 
0 27 94 99 127 231 255 640 
0 27 94 99 143 231 255 640 
0 27 94 99 170 231 255 640 
0 27 94 99 192 231 255 640 
0 27 94 98 211 231 255 640 
0 26 213 231 255 640 
214 231 254 640 
215 231 254 640 
216 231 254 640 
217 231 254 640 
218 231 254 640 
219 231 254 640 
220 231 254 640 
221 231 254 640 
222 231 254 640 
223 231 254 640 
224 231 254 640 
225 231 254 640 
226 231 254 640 
227 231 254 640 
228 231 254 640 
230 231 254 640 
254 640 
254 640 
254 640 
254 640 
254 640 
254 640 
254 640 
254 640 
254 640 
254 640 
254 640 
254 640 
254 640 
254 640 
254 640 
254 640 
254 640 
254 640 
254 640 
254 640 
254 640 
254 640 
254 640 
254 640 
254 640 
254 640 
254 640 
254 640 
254 640 
254 640 
254 640 
254 640 
254 640 
254 640 
254 640 
254 640 
254 640 
254 640 
254 640 
254 640 
254 640 
254 640 
254 640 
254 640 
254 640 
254 640 
254 640 
254 640 
254 640 
254 640 
254 640 
254 640 
254 640 
254 640 
254 640 
254 640 
253 640 
253 640 
253 640 
253 640 
253 640 
253 640 
253 640 
253 640 
253 640 
253 640 
253 640 
253 640 
253 640 
253 640 
253 640 
253 640 
253 640 
253 640 
253 640 
253 640 
253 640 
253 640 
253 640 
253 640 
253 640 
253 640 
253 640 
