274 640 
274 640 
274 640 
274 640 
274 640 
274 640 
274 640 
274 640 
274 640 
274 640 
274 640 
274 640 
274 640 
274 640 
274 640 
274 640 
274 640 
274 640 
274 640 
274 640 
274 640 
274 640 
274 640 
274 640 
274 640 
274 640 
274 640 
274 640 
274 640 
274 640 
274 640 
274 640 
274 640 
274 640 
274 640 
274 640 
274 640 
274 640 
274 640 
274 640 
274 640 
274 640 
274 640 
274 640 
274 640 
274 640 
274 640 
274 640 
274 640 
274 640 
274 640 
274 640 
274 640 
274 640 
274 640 
274 640 
274 640 
274 640 
274 640 
274 640 
274 640 
274 640 
274 640 
274 640 
274 640 
274 640 
274 640 
274 640 
274 640 
274 640 
274 640 
274 640 
274 640 
274 640 
274 640 
274 640 
274 640 
274 640 
274 640 
274 640 
274 640 
274 640 
274 640 
274 640 
274 640 
274 640 
274 640 
274 640 
274 640 
274 640 
274 640 
274 640 
274 640 
274 640 
274 640 
274 640 
274 640 
274 640 
274 640 
274 640 
274 640 
274 640 
274 640 
274 640 
274 640 
274 640 
274 640 
274 640 
274 640 
274 640 
274 640 
274 640 
274 640 
274 640 
274 640 
274 640 
274 640 
274 640 
274 640 
274 640 
274 640 
274 640 
274 640 
274 640 
274 640 
274 640 
274 640 
274 640 
274 640 
274 640 
274 640 
274 640 
274 640 
274 640 
274 640 
274 640 
274 640 
274 640 
274 640 
274 640 
274 640 
274 640 
274 640 
274 640 
274 640 
274 640 
274 640 
274 640 
274 640 
274 640 
274 640 
274 640 
274 640 
274 640 
274 640 
274 640 
274 640 
274 640 
274 640 
274 640 
274 640 
274 640 
274 640 
274 640 
274 640 
274 640 
274 640 
274 640 
274 640 
274 640 
274 640 
274 640 
274 640 
274 640 
274 640 
274 640 
274 640 
274 640 
274 640 
79 83 274 640 
69 94 274 640 
64 99 274 640 
61 102 274 640 
58 105 274 640 
55 107 274 640 
53 110 274 640 
51 112 274 640 
49 113 274 640 
48 115 274 640 
46 116 274 640 
45 118 274 640 
43 120 274 467 486 640 
42 121 274 460 490 640 
41 122 274 456 493 640 
40 123 274 453 495 640 
39 124 274 451 497 640 
38 125 274 449 499 640 
37 126 274 446 501 640 
36 127 274 444 502 640 
35 128 274 443 504 640 
34 128 274 441 505 640 
34 129 274 440 506 640 
33 130 274 438 507 640 
32 131 274 437 508 640 
31 131 274 436 509 640 
31 132 274 435 510 640 
30 133 274 434 511 640 
29 133 274 433 512 640 
29 134 274 432 513 640 
28 135 274 432 514 640 
28 135 274 431 515 640 
27 135 274 430 515 640 
27 136 274 430 516 640 
26 136 274 429 516 640 
26 137 274 429 517 640 
26 137 274 428 518 640 
25 138 274 427 519 640 
25 138 274 426 519 640 
25 138 274 426 520 640 
24 139 274 426 520 640 
24 139 274 425 522 640 
24 139 274 425 522 640 
23 140 274 424 523 640 
23 140 274 424 524 531 533 640 
23 140 274 424 532 640 
23 140 274 423 531 640 
23 140 274 423 529 555 556 640 
22 140 274 423 528 553 558 640 
22 141 274 423 529 544 558 640 
22 141 274 422 539 540 559 640 
22 141 274 421 560 640 
22 141 274 414 561 640 
22 141 274 411 562 640 
22 141 274 402 404 408 563 640 
22 141 274 400 563 640 
22 141 274 398 564 640 
22 141 274 398 569 640 
22 141 274 397 568 640 
22 141 274 396 568 640 
22 141 274 395 568 640 
22 141 274 395 568 640 
22 141 274 395 568 640 
22 141 274 395 565 640 
22 141 274 395 565 640 
22 140 274 395 564 640 
22 140 274 395 563 640 
23 140 274 395 563 640 
23 140 274 395 563 640 
23 140 274 396 563 640 
23 139 274 397 562 640 
24 139 274 398 560 640 
24 139 274 401 560 640 
24 139 274 415 559 640 
24 138 274 424 559 640 
25 138 274 425 558 640 
25 138 274 425 556 640 
26 137 274 425 555 640 
26 137 274 425 525 530 547 640 
26 136 274 426 524 533 535 640 
27 136 274 426 524 640 
27 136 274 427 523 640 
28 135 274 427 523 640 
28 134 274 428 522 640 
29 134 274 428 522 640 
29 133 274 429 521 640 
30 133 274 430 520 640 
30 132 274 430 520 640 
31 132 274 431 519 640 
31 131 274 432 518 640 
33 130 274 432 517 640 
33 129 274 434 516 640 
34 129 274 434 515 640 
35 128 274 435 513 640 
36 127 274 436 512 640 
37 126 274 437 511 640 
38 125 274 439 509 640 
39 124 274 440 507 640 
39 123 274 441 505 640 
40 122 274 443 504 640 
42 121 274 445 502 640 
43 120 274 446 500 640 
45 118 274 448 498 640 
46 116 274 451 496 640 
47 115 274 453 494 640 
49 114 274 455 492 640 
51 112 274 459 489 640 
53 110 274 465 485 640 
55 108 274 640 
57 106 274 640 
60 102 274 640 
65 99 274 640 
68 95 274 640 
76 87 274 640 
274 640 
274 640 
274 640 
274 640 
274 640 
274 640 
274 640 
274 640 
274 640 
274 640 
274 640 
274 640 
274 640 
274 640 
274 640 
274 640 
274 640 
274 640 
274 640 
274 640 
274 640 
274 640 
274 640 
274 640 
274 640 
274 640 
274 640 
274 640 
274 640 
274 640 
274 640 
274 640 
274 640 
274 640 
274 640 
274 640 
274 640 
274 640 
274 640 
274 640 
274 640 
274 640 
274 640 
274 640 
274 640 
274 640 
274 640 
274 640 
274 640 
274 640 
274 640 
274 640 
274 640 
274 640 
274 640 
274 640 
274 640 
274 640 
274 640 
274 640 
274 640 
274 640 
274 640 
274 640 
274 640 
274 640 
274 640 
274 640 
274 640 
274 640 
274 640 
274 640 
274 640 
274 640 
274 640 
274 640 
274 640 
274 640 
274 640 
274 640 
274 640 
274 640 
274 640 
274 640 
274 640 
274 640 
274 640 
274 640 
274 640 
274 640 
274 640 
274 640 
274 640 
274 640 
274 640 
274 640 
274 640 
274 640 
274 640 
274 640 
274 640 
274 640 
274 640 
274 640 
274 640 
274 640 
274 640 
274 640 
274 640 
274 640 
274 640 
274 640 
274 640 
274 640 
274 640 
274 640 
274 640 
274 640 
274 640 
274 640 
274 640 
274 640 
274 640 
274 640 
274 640 
274 640 
274 640 
274 640 
274 640 
274 640 
274 640 
274 640 
274 640 
274 640 
274 640 
274 640 
274 640 
274 640 
274 640 
274 640 
274 640 
274 640 
274 640 
274 640 
274 640 
274 640 
274 640 
274 640 
274 640 
274 640 
274 640 
274 640 
274 640 
274 640 
274 640 
274 640 
274 640 
274 640 
274 640 
274 640 
274 640 
274 640 
274 640 
274 640 
274 640 
274 640 
274 640 
274 640 
274 640 
274 640 
274 640 
274 640 
274 640 
274 640 
274 640 
274 640 
274 640 
274 640 
274 640 
274 640 
274 640 
274 640 
274 640 
274 640 
274 640 
274 640 
274 640 
