








































































350 351 
349 352 
349 352 353 355 
345 355 
346 355 
346 355 
347 356 
348 357 
347 358 
346 357 
346 356 
347 356 
348 359 552 556 
349 360 552 557 
163 165 348 362 553 558 
162 166 348 363 554 559 
161 166 347 365 555 559 
160 166 346 367 555 559 
159 166 346 368 556 559 
156 166 345 370 556 559 
156 166 345 371 380 381 556 559 
157 168 344 373 378 382 555 559 
157 170 344 383 548 550 554 559 
158 170 343 383 548 551 552 559 
158 171 342 382 548 558 
157 172 342 381 548 557 
157 173 342 381 549 557 
156 174 341 380 548 558 
156 175 341 380 546 559 
156 175 340 379 545 560 
156 176 340 379 545 561 
155 176 339 379 544 562 
154 175 335 379 543 563 
153 175 333 379 541 564 
152 175 332 379 540 566 
150 174 332 380 539 566 
149 174 332 380 539 567 
148 174 334 381 537 569 
146 173 335 382 537 570 
145 174 336 382 535 574 
144 175 337 382 531 533 534 576 
143 176 338 382 530 578 
142 177 339 383 528 579 
133 138 141 178 339 382 527 581 
132 139 140 178 339 383 524 582 
131 179 339 382 522 582 
130 179 339 382 521 581 
130 180 339 381 522 580 
130 181 338 380 522 580 
131 183 338 380 523 579 
132 184 338 379 524 578 
133 189 338 378 525 578 
134 190 338 377 525 577 613 618 
134 189 338 377 526 576 613 619 
135 188 338 377 527 575 611 620 
135 187 338 377 527 575 610 620 
135 186 337 377 528 575 609 619 
136 186 337 377 529 576 607 618 
136 185 337 377 529 577 606 616 
136 184 336 377 529 577 605 615 
136 184 336 378 528 577 603 613 
135 183 335 378 401 405 528 577 602 612 
135 184 335 375 376 378 400 407 527 577 601 611 
135 184 334 375 376 379 399 409 527 577 599 610 
134 184 333 376 377 379 398 411 527 577 597 610 
134 185 333 379 398 411 436 437 526 577 596 608 
134 185 333 381 387 396 397 411 434 438 526 577 595 607 
134 186 333 411 432 439 526 578 594 605 
134 186 333 411 431 439 526 578 592 603 
134 186 333 335 336 413 429 440 525 577 590 602 
134 187 333 335 336 414 428 440 525 577 589 600 
134 187 336 416 425 440 525 577 588 599 
135 187 336 440 525 578 587 596 
136 188 336 340 342 440 525 577 585 595 
137 188 336 339 341 392 394 440 525 577 584 594 
139 188 335 392 396 440 525 577 582 593 
140 189 334 393 395 440 526 577 581 591 
140 189 333 440 526 577 580 589 
142 189 333 440 526 577 578 588 
142 189 332 440 527 587 
142 189 333 440 527 585 
143 190 332 417 418 440 527 584 
143 190 333 417 420 439 528 582 
143 190 333 417 421 439 528 581 
143 190 334 417 422 439 528 580 
144 189 335 417 422 438 529 578 
144 189 335 417 423 438 529 576 
145 189 336 416 424 437 530 575 
145 189 336 416 424 437 530 574 
146 189 336 416 425 436 531 575 
146 188 337 417 425 435 532 576 
146 188 337 418 425 435 532 580 
148 187 338 419 426 433 521 525 534 585 
150 187 339 420 427 432 519 527 534 586 
150 186 340 420 428 431 519 587 
152 183 340 420 518 588 
151 182 341 393 398 420 518 589 
147 181 342 390 400 420 518 592 
144 180 343 388 402 420 518 597 
143 180 344 387 404 420 518 601 
141 181 346 387 406 419 518 602 
140 182 347 387 408 418 518 603 
140 183 347 387 410 417 518 603 
139 183 347 386 413 415 517 603 
139 184 347 386 516 603 
138 185 348 386 514 603 610 613 
138 185 348 386 513 603 608 616 
138 186 348 386 512 619 
138 187 348 386 511 620 
137 188 348 386 500 503 511 621 
137 188 348 386 497 504 510 622 
137 189 348 386 497 505 510 623 
137 190 348 385 494 506 510 624 
137 190 348 385 493 625 
137 190 347 385 487 625 
136 190 347 385 485 626 
136 190 346 384 483 626 
136 190 346 384 482 626 
136 189 345 384 482 626 
136 189 345 383 481 629 
136 188 344 383 480 578 583 629 
136 187 344 383 480 577 584 630 
136 187 344 382 480 577 586 631 
135 187 345 382 479 577 588 632 
135 187 346 381 480 525 526 577 589 632 
135 187 347 381 480 524 527 577 595 632 
135 186 347 380 479 480 481 523 528 577 600 632 
135 186 347 380 480 523 529 577 603 632 
135 186 347 380 481 522 530 577 604 611 612 632 
134 185 347 380 482 522 530 577 611 629 
133 185 347 381 483 521 530 577 611 626 
132 185 346 381 485 520 531 577 610 612 615 624 
130 185 346 382 486 519 531 577 616 622 
127 185 345 383 487 488 489 519 531 577 617 620 
125 185 344 383 490 518 531 577 
122 185 344 384 490 517 532 576 
120 185 343 384 488 517 532 576 
117 185 343 385 488 491 492 493 494 515 532 576 
47 61 113 185 342 385 499 514 532 575 
42 62 110 185 342 385 501 513 532 575 
37 63 109 185 342 386 503 505 506 510 532 575 
33 63 108 185 341 386 531 575 
27 64 107 185 341 386 531 575 
21 64 104 140 142 186 341 387 531 575 
16 65 100 137 143 186 341 387 531 575 
11 66 91 134 143 187 341 387 531 574 
7 67 84 131 144 187 340 388 531 574 
5 69 83 129 144 188 340 388 533 574 
4 72 82 126 145 188 340 388 534 574 
3 75 81 124 145 189 340 389 534 574 
3 77 80 122 146 189 340 389 534 574 
3 89 91 120 146 189 339 389 534 574 
3 87 94 118 147 189 339 389 533 574 
3 86 98 112 113 117 147 188 339 390 533 574 
3 87 100 111 147 186 339 390 531 573 
4 90 100 106 108 110 143 185 339 390 530 572 
4 92 98 105 141 185 338 390 529 572 
4 95 98 104 140 186 338 391 528 571 
5 103 135 137 138 187 338 391 527 570 
5 102 135 187 338 391 526 570 
6 102 134 188 338 392 525 570 
7 105 134 189 338 392 524 571 
8 107 113 117 128 191 337 392 523 571 
10 192 337 393 523 572 
12 193 337 393 522 572 
14 194 337 393 521 572 
16 195 337 393 521 572 
18 195 336 394 520 572 
20 196 336 394 520 572 
23 197 336 394 519 572 
25 198 336 394 518 572 
27 137 138 198 335 395 518 573 
29 133 138 199 335 395 517 573 
31 135 139 143 145 199 335 395 516 573 
33 142 150 200 335 396 516 573 
35 141 149 200 335 396 515 573 
38 143 149 201 334 396 515 573 
40 146 149 201 334 397 514 573 
42 202 334 397 513 573 
44 202 333 397 513 573 
46 203 333 398 512 573 
48 203 333 398 511 573 
51 204 333 399 511 573 
53 204 333 399 510 573 
55 205 332 400 509 572 
57 205 332 400 508 572 
59 206 332 401 508 572 
61 206 332 401 507 572 
63 207 332 402 506 572 
65 208 332 402 505 572 
68 209 331 403 504 572 
70 209 331 403 503 572 
72 210 331 404 502 572 
74 210 331 404 501 571 
76 211 331 404 500 571 
78 212 331 404 499 571 
80 212 331 404 498 571 
83 213 331 405 497 571 
85 214 331 405 496 571 
87 214 331 405 495 570 
89 215 331 405 494 570 
91 216 331 405 493 570 
93 216 331 404 492 570 
95 217 331 403 490 570 
97 218 332 403 489 570 
100 218 332 403 488 570 
102 219 332 401 487 570 
104 219 333 400 486 570 
106 220 333 398 485 570 
108 221 333 397 484 569 
110 221 334 394 483 569 
113 222 335 393 483 569 
115 222 336 390 482 569 
117 223 337 388 482 569 
119 223 337 387 482 569 
121 140 142 223 338 382 482 569 
123 136 142 224 340 382 482 568 
142 224 340 366 368 382 482 568 
141 224 340 356 368 383 483 568 
141 224 340 355 368 383 483 568 
141 224 339 354 368 383 484 568 
140 224 338 354 368 383 485 568 
140 224 338 353 369 383 486 568 
140 223 337 353 368 383 487 568 
139 222 337 353 368 383 488 568 
138 222 336 352 368 383 489 567 
138 220 336 352 368 383 490 567 
137 219 336 351 368 382 492 567 
136 217 335 351 368 382 494 567 
136 215 335 350 368 383 495 567 
136 213 335 350 368 383 497 567 
136 212 335 350 368 383 500 566 
137 211 335 349 368 382 503 566 
137 209 335 349 368 382 506 565 
139 207 335 349 368 382 508 565 
140 202 335 348 368 382 510 564 
139 194 334 348 368 382 513 564 
139 190 334 348 368 381 513 564 
138 188 334 347 368 381 514 564 
138 187 334 347 368 381 514 564 
138 160 162 186 334 347 368 380 513 533 537 564 
137 159 162 186 334 346 368 380 513 532 542 563 
137 158 162 185 334 346 368 380 513 532 544 563 
137 158 162 185 334 345 368 380 513 532 545 563 
136 157 161 184 334 345 368 379 513 531 545 563 
136 157 161 184 333 345 368 379 513 531 545 563 
136 156 161 183 333 344 368 379 513 531 545 563 
136 155 161 183 332 344 368 378 513 530 546 563 
136 155 160 182 332 345 368 378 512 530 546 563 
136 154 160 181 331 345 368 378 512 530 546 563 
135 154 160 181 331 345 367 379 512 530 546 563 
135 153 160 180 331 345 367 379 511 529 547 563 
135 153 160 180 331 345 367 379 511 529 547 564 
135 154 160 179 332 345 366 379 510 529 547 564 
135 156 160 179 332 344 366 379 509 528 547 564 
135 157 159 178 332 343 366 379 508 528 547 564 
135 177 332 343 366 379 507 527 547 564 
136 178 331 343 366 379 506 527 548 564 
136 178 331 343 367 379 506 526 548 565 
136 179 331 343 367 378 505 525 548 565 
137 180 330 343 367 377 505 525 548 565 
138 181 330 343 367 377 504 524 548 565 
139 181 330 343 367 377 503 523 548 565 
139 182 330 344 367 377 503 523 548 565 
140 183 330 344 366 377 502 522 548 565 
142 183 330 344 366 377 502 522 548 564 
143 184 330 344 366 377 502 521 547 564 
144 185 329 344 365 377 502 520 547 564 
146 185 329 344 365 378 501 520 547 564 
147 186 329 344 365 378 501 519 547 564 
148 186 328 344 364 379 380 397 501 519 547 564 
149 186 328 345 360 401 500 518 547 563 
151 187 328 345 354 403 500 517 547 563 
152 187 328 346 347 404 500 517 547 563 
153 188 328 405 500 516 547 563 
154 188 328 406 500 516 547 562 
155 189 328 406 499 515 547 562 
156 189 328 407 499 515 547 562 
157 189 328 407 499 514 547 561 
158 189 328 407 499 513 548 561 
159 190 328 407 498 513 548 561 
160 190 329 407 498 512 548 560 
161 190 329 407 498 512 548 560 
161 190 330 407 497 511 547 559 
162 190 330 407 497 510 547 559 
162 190 331 406 496 510 547 560 
163 191 333 405 495 510 546 560 
164 191 334 404 494 509 546 560 
165 191 335 403 494 509 545 561 
166 191 336 401 493 509 545 561 
169 191 336 400 493 509 545 561 
170 192 336 399 493 509 545 561 
170 192 337 397 493 508 545 561 
170 193 337 396 493 508 546 561 
169 194 338 394 493 508 547 560 
168 195 339 392 494 507 547 559 
167 195 340 391 493 507 547 558 
165 195 340 392 493 506 546 558 
164 195 341 393 492 505 545 558 
163 195 341 398 492 504 545 558 
163 195 341 402 491 504 544 558 
162 195 340 404 491 503 544 558 
161 195 340 413 490 503 543 558 
160 195 340 418 490 504 533 542 543 559 
158 194 340 423 490 504 523 559 
156 194 339 424 490 505 518 559 
155 194 339 425 490 505 511 560 
154 194 339 425 490 506 508 560 
153 195 339 425 490 561 
152 195 339 425 490 563 
152 196 340 391 396 424 489 563 
151 196 341 391 401 423 489 564 
149 197 341 392 401 421 490 565 
148 197 342 393 400 420 490 565 
147 198 344 396 397 419 490 566 
147 198 344 418 490 567 
147 198 345 417 489 567 
61 67 147 199 346 416 488 568 
58 69 148 199 347 416 487 568 
54 70 149 202 352 416 486 569 
51 72 149 205 352 417 486 570 
49 73 149 208 354 418 486 570 
46 74 147 211 359 419 486 570 
44 76 146 213 376 421 486 571 
40 77 144 215 385 422 486 571 
38 79 142 217 391 424 486 572 
35 80 141 218 396 427 486 572 
32 81 140 220 405 445 486 573 
30 83 139 222 408 446 487 574 
26 84 137 223 413 415 421 446 488 574 
24 86 135 225 423 447 489 575 
22 87 133 226 425 446 490 575 
19 89 128 227 427 446 492 576 
16 90 124 228 428 446 493 576 
14 92 120 228 428 445 494 576 
12 93 117 228 429 444 496 577 
11 94 115 228 430 443 497 577 
10 96 111 228 430 441 499 578 
10 97 108 227 431 439 502 578 
10 99 104 227 432 436 506 579 
10 132 138 227 512 579 
11 128 142 226 520 580 
12 126 142 225 525 580 
13 122 142 224 526 581 
14 117 143 223 526 581 
16 115 143 221 523 582 
17 114 144 220 519 582 
18 113 144 219 517 584 
19 113 145 217 516 586 
20 113 146 216 516 588 
21 114 146 214 514 589 
23 116 147 211 511 591 
24 117 147 208 509 592 
25 118 147 205 506 593 
26 120 147 200 504 593 
27 121 146 199 502 593 
29 123 145 198 501 593 
30 124 144 198 500 594 
31 126 144 198 500 595 
33 127 143 198 500 524 526 595 
34 129 142 198 500 521 536 596 
35 130 141 198 500 518 537 596 
36 131 141 198 500 517 537 597 
38 133 141 197 500 516 538 597 
39 134 141 197 500 516 539 598 623 624 
40 135 140 196 500 516 540 598 619 625 
41 136 139 195 500 516 541 599 614 625 
42 193 500 516 541 600 609 625 
44 192 500 517 542 624 
45 191 500 517 544 621 
46 191 500 517 545 615 
47 188 500 517 547 610 
48 185 500 517 549 607 
49 184 500 518 551 607 
51 183 500 518 553 607 
52 183 501 518 554 608 
53 181 501 518 558 609 
54 177 502 519 557 610 
56 174 502 520 555 611 
57 168 169 171 503 521 550 612 
58 162 504 523 546 613 
59 160 505 525 541 562 566 614 
60 160 505 526 535 556 567 615 
62 161 506 551 568 615 
63 162 507 548 569 616 
64 163 508 543 571 618 
65 165 509 538 572 618 
66 167 510 533 573 620 
68 168 511 532 574 620 
69 170 512 531 574 621 
70 171 514 530 575 622 
71 172 517 528 577 623 
72 174 578 624 
74 175 580 625 
75 177 583 626 
76 178 587 627 
77 179 598 627 
78 181 600 627 
80 182 601 628 
80 184 603 628 
82 185 604 629 
83 187 605 629 
84 188 606 629 
86 189 607 629 
87 190 607 629 
89 190 608 629 
89 190 608 629 
