0 640 
0 640 
0 640 
0 640 
0 640 
0 640 
0 640 
0 640 
0 640 
0 640 
0 640 
0 640 
0 640 
0 640 
0 640 
0 640 
0 640 
0 640 
0 640 
0 640 
0 640 
0 640 
0 640 
0 640 
0 640 
0 640 
0 640 
0 640 
0 640 
0 640 
0 640 
0 640 
0 640 
0 640 
0 640 
0 640 
0 640 
0 640 
0 640 
0 640 
0 640 
0 640 
0 640 
0 640 
0 640 
0 640 
0 640 
0 640 
0 640 
0 640 
0 640 
0 640 
0 640 
0 640 
0 640 
0 640 
0 640 
0 640 
0 640 
0 640 
0 640 
0 640 
0 640 
0 640 
0 640 
0 640 
0 640 
0 640 
0 640 
0 640 
0 640 
0 640 
0 640 
0 640 
0 640 
0 640 
0 640 
0 448 461 640 
0 444 464 640 
0 441 467 640 
0 439 469 640 
0 437 471 640 
0 436 473 640 
0 434 475 640 
0 433 478 640 
0 432 480 640 
0 431 482 640 
0 430 485 640 
0 430 490 640 
0 429 493 640 
0 428 495 640 
0 427 494 640 
0 427 465 473 492 640 
0 426 465 476 491 640 
0 426 465 479 489 640 
0 425 465 640 
0 425 465 640 
0 424 465 640 
0 423 465 640 
0 387 392 420 465 640 
0 387 393 417 465 640 
0 386 394 414 465 640 
0 386 395 412 465 640 
0 387 396 410 465 640 
0 388 397 409 466 640 
0 390 400 407 466 640 
0 392 403 406 466 640 
0 393 466 640 
0 390 466 640 
0 390 468 640 
0 391 473 640 
0 391 476 640 
0 385 480 519 520 640 
0 385 484 516 520 640 
0 385 487 506 510 514 519 640 
0 385 490 503 510 512 517 640 
0 386 492 499 507 509 517 640 
0 387 515 519 523 640 
0 386 515 516 524 640 
0 386 388 390 523 640 
0 392 522 640 
0 395 521 640 
0 397 520 640 
0 403 519 640 
0 404 518 640 
0 405 511 512 517 640 
0 408 511 512 517 524 529 640 
0 412 516 520 528 640 
0 415 526 640 
0 416 524 640 
0 420 523 640 
0 421 423 424 521 640 
0 425 519 640 
0 426 517 640 
0 426 513 514 516 640 
0 423 513 515 516 640 
0 420 513 640 
0 418 512 640 
0 418 511 640 
0 416 509 640 
0 416 506 640 
0 415 494 497 504 640 
0 414 437 438 494 640 
0 414 433 439 494 640 
0 413 433 438 495 640 
0 413 433 437 495 640 
0 413 433 436 493 640 
0 413 433 436 498 640 
0 413 432 435 500 640 
0 414 432 435 502 640 
0 414 433 435 509 640 
0 415 506 640 
0 416 502 640 
0 417 490 493 502 640 
0 418 491 497 503 640 
0 420 480 483 493 640 
0 425 481 485 495 640 
0 427 483 488 497 640 
0 428 479 480 485 491 498 640 
0 428 480 484 489 494 499 640 
0 428 480 485 490 640 
0 428 475 477 481 484 490 640 
0 428 475 478 481 483 490 640 
0 428 476 480 490 640 
0 428 476 480 491 640 
0 428 477 481 491 640 
0 428 477 481 491 640 
0 428 478 481 492 640 
0 428 478 481 492 510 519 640 
0 428 478 481 492 506 520 640 
0 427 479 481 493 503 520 640 
0 427 479 481 493 501 520 640 
0 427 479 481 493 499 520 640 
0 427 480 482 494 498 520 640 
0 427 480 482 494 496 520 640 
0 427 480 482 520 640 
0 427 520 640 
0 427 520 640 
0 427 520 640 
0 427 520 640 
0 427 438 440 520 640 
0 427 437 441 520 640 
0 428 437 441 520 640 
0 429 436 441 520 640 
0 431 435 441 520 640 
0 441 519 640 
0 440 519 640 
0 440 518 640 
0 440 518 640 
0 440 519 541 557 640 
0 440 524 530 556 640 
0 439 555 640 
0 439 555 640 
0 439 556 640 
0 438 560 640 
0 437 450 451 538 539 542 543 561 640 
0 437 449 451 561 640 
0 436 449 452 561 640 
0 435 448 453 498 501 562 612 629 631 639 640 
0 435 448 454 498 503 563 604 
0 434 448 454 498 505 516 519 564 595 
0 433 447 453 500 507 515 526 561 589 
0 433 447 453 502 508 515 533 548 585 
0 432 446 453 504 510 514 580 
0 432 445 452 506 512 513 576 
0 431 445 452 508 572 
0 431 444 451 510 567 
0 430 443 451 513 563 
0 430 442 450 516 559 
0 429 442 449 520 555 
0 428 441 449 525 528 548 551 
0 428 440 448 
0 427 439 446 
0 426 439 446 
0 426 438 445 
0 425 437 444 
0 424 437 443 
0 424 436 442 
0 423 435 441 
0 422 435 440 
0 421 434 438 
0 420 433 437 
0 420 433 436 
0 419 433 435 
0 298 317 319 325 417 433 434 
0 297 332 417 
0 297 344 416 
0 297 357 415 
0 297 373 414 
0 298 386 413 
0 298 
0 299 
0 300 
0 300 
0 302 
0 304 
0 306 
0 314 
0 320 
0 321 
0 321 
0 321 368 379 
0 320 327 329 336 338 368 409 
0 320 327 330 336 342 370 414 422 423 
0 321 327 331 335 345 370 416 417 419 421 426 
0 321 327 332 335 348 371 425 
0 323 327 350 372 424 
0 325 328 353 376 423 
0 356 380 422 
0 359 383 422 502 510 
0 362 383 421 502 515 
0 365 382 421 502 523 
0 370 382 421 502 525 
0 374 382 421 502 527 
0 377 382 421 502 529 
0 422 450 460 469 474 502 530 
0 423 444 462 466 478 503 533 
0 425 440 478 503 535 
0 430 434 478 503 537 
0 478 503 539 
0 478 503 542 
0 478 503 546 
0 479 503 550 
0 479 503 556 
0 479 503 561 
0 480 503 567 
0 481 503 576 
0 481 503 584 
0 481 503 590 635 636 
0 482 503 593 
0 482 503 598 
0 482 503 604 
0 482 503 612 
0 483 503 616 
0 483 503 618 
0 483 503 620 
0 484 503 621 
0 485 502 623 626 628 
0 486 502 624 628 631 
0 487 501 625 628 633 
0 488 501 627 629 636 
0 488 500 629 631 640 
0 489 499 630 632 640 
0 491 498 631 633 640 
0 492 497 632 635 640 
0 633 635 640 
0 635 636 640 
0 640 
0 640 
0 640 
0 640 
0 640 
0 640 
0 640 
0 640 
0 640 
0 640 
0 640 
0 640 
0 640 
0 640 
0 640 
0 640 
0 640 
0 640 
0 640 
0 640 
0 640 
0 640 
0 640 
0 640 
0 640 
0 640 
0 640 
0 640 
0 640 
0 640 
0 640 
0 640 
0 640 
0 640 
0 640 
0 640 
0 640 
0 640 
0 640 
0 640 
0 640 
0 640 
0 640 
0 640 
0 640 
0 640 
0 640 
0 640 
0 640 
0 640 
0 640 
0 640 
0 640 
0 640 
0 640 
0 640 
0 640 
0 640 
0 640 
0 640 
0 640 
0 640 
0 640 
0 640 
0 640 
0 640 
0 640 
0 640 
0 640 
0 640 
0 640 
0 640 
0 640 
0 640 
0 640 
0 640 
0 640 
0 640 
0 640 
0 640 
0 640 
0 640 
0 640 
0 640 
0 640 
0 640 
0 640 
0 640 
0 640 
0 640 
0 640 
0 640 
0 640 
0 640 
0 640 
0 640 
0 640 
0 640 
0 640 
0 640 
0 640 
0 640 
0 640 
0 640 
0 640 
0 640 
0 640 
0 640 
0 640 
0 640 
0 640 
0 640 
0 640 
0 640 
0 640 
0 640 
0 640 
0 640 
0 640 
0 640 
0 640 
0 640 
0 640 
0 640 
0 640 
0 640 
0 640 
0 640 
0 640 
0 640 
0 640 
0 640 
0 640 
0 640 
0 640 
0 640 
0 640 
0 640 
0 640 
0 640 
0 640 
0 640 
0 640 
0 640 
0 640 
0 640 
0 640 
0 640 
0 640 
0 640 
0 640 
0 640 
0 640 
0 640 
0 640 
0 640 
0 640 
0 640 
0 640 
0 640 
0 640 
0 640 
0 640 
0 640 
0 640 
0 640 
0 640 
0 640 
0 640 
0 640 
0 640 
0 640 
0 640 
0 640 
0 640 
0 640 
0 640 
0 640 
0 640 
0 640 
0 640 
0 640 
0 640 
0 640 
0 640 
0 640 
0 640 
0 640 
0 640 
0 640 
0 640 
0 640 
0 640 
