0 640 
0 640 
0 640 
0 640 
0 640 
0 640 
0 640 
0 640 
0 640 
0 640 
0 640 
0 640 
0 640 
0 640 
0 640 
0 640 
0 640 
0 640 
0 640 
0 640 
0 640 
0 640 
0 640 
0 640 
0 640 
0 640 
0 640 
0 640 
0 640 
0 640 
0 640 
0 640 
0 502 503 509 518 640 
0 497 523 640 
0 493 525 640 
0 489 528 640 
0 486 530 640 
0 483 534 640 
0 480 536 640 
0 478 538 640 
0 476 540 640 
0 474 541 640 
0 472 543 640 
0 471 547 640 
0 470 550 640 
0 468 553 640 
0 466 555 640 
0 463 557 640 
0 459 559 640 
0 454 560 640 
0 451 562 640 
0 449 563 640 
0 447 563 640 
0 446 564 640 
0 445 565 640 
0 444 565 640 
0 443 565 640 
0 442 566 640 
0 440 566 640 
0 439 567 640 
0 438 568 640 
0 438 569 640 
0 437 569 640 
0 436 569 640 
0 435 569 640 
0 434 569 640 
0 433 569 640 
0 432 570 640 
0 431 570 640 
0 430 570 640 
0 428 569 640 
0 427 569 640 
0 426 570 640 
0 425 570 640 
0 424 570 640 
0 422 570 640 
0 421 570 640 
0 420 570 640 
0 130 142 419 570 640 
0 127 146 418 570 640 
0 124 150 417 569 640 
0 122 154 416 569 640 
0 121 158 416 562 563 569 640 
0 121 161 415 568 640 
0 120 165 414 568 640 
0 120 169 413 568 640 
0 120 172 412 561 562 568 640 
0 120 175 411 561 563 567 640 
0 120 179 410 561 562 567 640 
0 120 182 409 566 640 
0 120 186 409 565 640 
0 121 189 408 560 562 564 640 
0 122 192 407 560 561 564 640 
0 124 195 406 563 640 
0 125 198 406 562 640 
0 125 201 405 562 640 
0 126 204 404 553 555 561 640 
0 127 207 403 554 556 560 640 
0 128 210 402 555 556 560 640 
0 130 213 402 555 557 559 640 
0 131 216 401 556 557 559 640 
0 131 219 400 556 557 559 640 
0 131 221 400 558 640 
0 131 224 399 558 640 
0 130 226 398 558 640 
0 130 229 397 559 640 
0 130 231 396 562 640 
0 130 233 396 564 640 
0 129 234 395 565 640 
0 129 236 394 564 640 
0 129 237 393 564 640 
0 128 237 392 563 640 
0 128 238 392 562 640 
0 128 239 391 562 640 
0 127 242 390 562 640 
0 127 245 389 562 640 
0 127 249 388 562 640 
0 127 252 388 563 640 
0 126 257 387 563 640 
0 126 260 386 563 640 
0 126 264 385 563 640 
0 125 267 384 563 640 
0 125 271 383 563 640 
0 125 275 382 562 640 
0 125 279 381 562 640 
0 124 283 380 562 640 
0 124 286 379 562 640 
0 124 290 378 562 640 
0 123 294 376 384 385 562 640 
0 123 219 222 234 240 298 375 382 384 562 640 
0 123 218 243 302 374 379 382 562 640 
0 123 218 246 305 373 378 381 563 640 
0 122 217 251 309 371 376 378 564 640 
0 122 217 254 314 367 565 640 
0 122 216 258 317 366 371 375 566 640 
0 122 216 261 321 366 369 373 567 640 
0 121 216 265 324 367 368 370 568 640 
0 121 215 269 329 370 561 563 569 640 
0 121 215 272 333 367 561 565 570 640 
0 121 215 276 337 368 561 567 571 640 
0 120 214 279 341 368 561 570 571 640 
0 120 214 283 344 365 561 640 
0 120 214 287 349 365 561 640 
0 120 213 291 353 365 440 442 561 640 
0 119 213 294 357 363 440 442 561 640 
0 119 213 298 439 443 560 640 
0 119 212 302 378 381 439 443 558 640 
0 119 212 306 371 378 380 382 438 443 558 640 
0 119 211 309 374 379 437 443 553 555 558 640 
0 118 211 313 377 379 435 443 550 557 559 640 
0 118 211 317 388 389 435 443 543 545 549 559 560 640 
0 118 210 320 387 390 434 443 541 546 549 640 
0 118 210 325 433 444 541 548 550 640 
0 117 210 328 432 444 542 549 550 640 
0 117 209 332 432 444 542 640 
0 117 209 336 430 444 543 640 
0 117 209 340 430 444 543 640 
0 116 208 344 429 444 543 640 
0 116 208 347 428 444 544 640 
0 116 208 351 426 444 544 640 
0 116 207 355 426 444 545 640 
0 115 207 360 429 444 545 640 
0 115 207 363 433 444 546 640 
0 115 206 367 438 444 550 640 
0 115 206 371 556 640 
0 115 206 376 558 640 
0 114 205 379 560 640 
0 114 205 383 561 640 
0 114 205 387 562 640 
0 114 204 387 564 640 
0 114 204 386 389 391 565 640 
0 113 204 386 388 391 566 640 
0 113 203 386 387 390 568 640 
0 113 203 389 400 401 571 640 
0 113 203 389 399 400 409 412 582 640 
0 113 202 388 398 399 407 417 591 640 
0 112 202 388 397 399 406 421 595 640 
0 112 202 387 396 399 404 425 598 640 
0 112 202 387 395 399 403 429 600 640 
0 112 201 386 394 399 400 434 602 640 
0 112 201 388 393 437 604 640 
0 112 201 388 392 439 606 640 
0 111 200 438 607 640 
0 111 200 437 609 640 
0 111 200 437 610 640 
0 111 200 436 611 640 
0 111 199 435 612 640 
0 111 199 435 612 640 
0 111 199 434 613 640 
0 110 198 433 614 640 
0 110 198 433 614 640 
0 110 198 432 615 640 
0 110 197 431 615 640 
0 110 197 430 616 640 
0 110 197 430 616 640 
0 110 197 429 434 435 617 640 
0 110 196 428 432 435 617 640 
0 109 196 428 430 434 617 640 
0 109 196 434 618 640 
0 109 196 433 437 438 618 640 
0 109 195 433 436 438 622 640 
0 109 195 433 436 438 626 640 
0 109 195 432 435 438 632 640 
0 108 195 431 434 438 639 640 
0 108 194 431 433 438 
0 108 194 430 433 437 
0 108 194 430 432 437 
0 108 193 429 431 437 
0 108 193 428 430 437 
0 108 193 428 430 437 
0 108 193 437 
0 108 192 437 
0 107 192 437 
0 107 192 436 
0 107 192 436 
0 107 192 436 
0 107 191 436 
0 107 191 436 
0 107 191 436 616 622 
0 107 191 436 440 441 615 627 
0 107 191 436 439 441 615 633 
0 107 190 436 438 441 615 638 639 640 
0 107 190 435 438 441 617 640 
0 107 190 435 438 441 443 445 458 459 618 640 
0 107 190 435 437 441 443 445 457 460 620 640 
0 107 190 441 443 445 450 452 456 460 621 640 
0 106 190 441 443 445 450 453 456 461 622 640 
0 106 190 440 442 445 449 453 456 461 623 640 
0 106 189 440 442 445 448 453 455 461 623 640 
0 106 189 440 442 445 447 453 455 460 625 640 
0 106 189 440 441 445 446 453 455 461 626 640 
0 106 189 440 441 444 446 453 455 461 627 640 
0 106 188 444 445 454 455 461 627 640 
0 106 188 461 628 640 
0 106 188 461 628 640 
0 106 188 461 629 640 
0 106 188 462 629 640 
0 106 188 462 630 640 
0 106 188 462 630 640 
0 106 188 462 631 640 
0 106 188 462 631 640 
0 106 188 462 631 640 
0 106 188 463 631 640 
0 106 187 463 631 640 
0 106 187 463 631 640 
0 106 187 464 631 640 
0 106 187 464 630 640 
0 106 187 463 630 640 
0 106 187 462 629 640 
0 106 187 461 629 640 
0 106 187 460 628 640 
0 106 187 460 627 640 
0 106 187 459 627 640 
0 106 187 458 627 640 
0 106 187 457 627 640 
0 106 187 456 628 640 
0 106 187 455 629 640 
0 106 187 455 630 640 
0 106 187 454 630 640 
0 106 186 453 631 640 
0 106 186 452 632 640 
0 106 186 451 633 640 
0 106 186 451 634 640 
0 106 186 450 634 640 
0 106 186 449 635 640 
0 106 186 448 636 640 
0 106 186 447 636 640 
0 106 186 447 637 640 
0 106 186 446 638 640 
0 106 186 445 638 640 
0 106 186 444 
0 106 186 444 
0 106 186 443 
0 106 186 442 
0 106 186 441 
0 106 186 441 489 491 
0 106 186 440 488 491 
0 106 186 440 487 492 
0 106 185 439 486 492 
0 106 185 438 485 492 
0 106 185 438 483 492 
0 106 185 437 482 492 
0 106 185 437 481 492 
0 107 185 436 480 492 
0 107 185 435 480 492 
0 107 185 435 478 493 
0 107 185 435 478 493 
0 107 185 434 477 492 
0 107 185 434 475 493 
0 107 185 434 474 493 
0 107 185 433 473 493 
0 107 185 433 472 493 
0 107 185 433 470 494 
0 107 185 433 469 494 
0 107 185 432 468 494 
0 107 185 432 467 494 
0 108 185 432 466 494 
0 108 185 432 465 494 
0 108 185 432 466 494 
0 108 185 432 467 495 
0 108 185 432 468 495 
0 108 185 432 469 495 
0 108 185 432 470 496 
0 108 185 432 470 496 
0 108 185 432 472 496 
0 109 185 432 473 496 
0 109 185 432 474 497 
0 109 185 433 475 497 
0 109 185 433 476 497 611 612 
0 109 185 433 477 497 610 612 
0 109 185 434 478 496 609 613 
0 109 185 434 479 496 608 614 
0 109 185 434 480 496 607 614 
0 109 185 435 481 495 606 615 
0 110 185 436 481 495 605 616 
0 110 185 437 482 495 604 617 
0 110 186 437 483 494 604 618 
0 110 186 439 484 494 605 619 
0 110 186 440 485 494 605 620 
0 110 186 440 486 494 606 621 
0 110 186 442 487 494 607 622 
0 110 186 443 488 494 607 624 
0 110 186 444 489 494 608 625 
0 111 186 445 490 494 608 625 
0 111 186 446 491 494 609 627 
0 111 186 447 492 495 609 628 
0 111 186 448 494 495 610 629 
0 111 186 449 494 496 610 631 
0 111 186 450 610 632 
0 112 186 451 610 633 
0 112 186 452 498 499 610 635 
0 112 186 453 498 499 610 637 
0 112 186 454 610 637 
0 112 186 455 610 640 
0 112 187 456 610 640 
0 112 187 458 610 640 
0 112 187 459 609 640 
0 113 187 460 609 640 
0 113 187 460 608 640 
0 113 187 462 608 640 
0 113 187 463 607 640 
0 113 187 464 606 640 
0 114 187 466 606 640 
0 114 187 466 606 640 
0 114 187 468 606 640 
0 114 187 469 606 640 
0 115 188 470 606 640 
0 115 188 471 606 640 
0 115 188 472 606 640 
0 115 188 473 606 640 
0 115 188 475 606 640 
0 115 188 475 607 640 
0 116 188 477 607 640 
0 116 188 478 607 640 
0 116 189 479 607 640 
0 116 189 480 607 640 
0 116 189 481 607 640 
0 117 189 483 607 640 
0 117 189 484 607 640 
0 117 190 485 607 640 
0 117 190 486 607 640 
0 118 190 487 607 640 
0 118 190 488 607 640 
0 118 190 489 607 640 
0 118 191 490 607 640 
0 119 191 491 608 640 
0 119 191 492 609 640 
0 119 191 493 610 640 
0 119 192 495 611 640 
0 120 192 495 612 640 
0 120 192 496 613 640 
0 120 192 497 614 640 
0 121 192 498 615 640 
0 121 193 499 616 640 
0 121 193 499 617 640 
0 121 193 498 618 640 
0 122 193 497 618 640 
0 122 194 497 619 640 
0 122 194 496 619 640 
0 122 194 495 620 640 
0 123 195 494 621 640 
0 123 195 493 622 640 
0 123 195 492 622 640 
0 123 196 492 623 640 
0 124 196 491 623 640 
0 124 196 490 623 640 
0 125 197 489 623 640 
0 125 197 488 623 640 
0 125 197 488 623 640 
0 126 198 487 623 640 
0 126 198 486 623 640 
0 126 198 485 623 640 
0 127 199 484 623 640 
0 127 199 484 622 640 
0 127 199 483 622 640 
0 128 200 482 621 640 
0 128 200 481 621 640 
0 129 200 480 622 640 
0 129 201 480 622 640 
0 129 201 479 623 640 
0 130 201 478 623 640 
0 130 202 477 624 640 
0 131 202 476 624 640 
0 131 202 475 625 640 
0 131 203 475 625 640 
0 132 203 474 626 640 
0 132 203 473 626 640 
0 132 204 472 627 640 
0 133 204 471 627 640 
0 133 205 470 628 640 
0 134 205 470 628 640 
0 134 205 469 629 640 
0 135 206 468 630 640 
0 135 206 467 630 640 
0 136 207 466 630 640 
0 136 207 465 631 640 
0 136 207 464 631 640 
0 137 208 463 632 640 
0 137 208 462 632 640 
0 138 209 461 633 640 
0 138 209 460 633 640 
0 139 210 459 634 640 
0 139 210 458 634 640 
0 140 210 457 635 640 
0 140 211 456 635 640 
0 141 211 455 636 640 
0 141 211 454 636 640 
0 142 212 453 637 640 
0 142 212 452 638 640 
0 143 213 451 638 640 
0 143 213 450 
0 144 214 449 
0 144 214 448 
0 145 214 447 
0 145 215 446 
0 146 215 445 
0 146 216 443 
0 147 216 442 
0 147 216 441 
0 148 217 440 
0 148 217 439 
0 149 218 438 
0 149 218 437 
0 150 219 435 
0 150 219 434 
0 151 219 433 
0 151 220 432 
0 152 220 431 
0 153 221 430 
0 153 221 428 
0 154 222 427 
0 154 222 426 
0 155 222 425 
0 155 223 424 
0 156 223 422 
0 156 224 421 
0 157 224 420 
0 158 225 419 
0 158 225 417 
0 159 225 416 
0 159 226 415 
0 160 227 414 
0 161 227 413 
0 161 227 412 
0 162 228 410 
0 162 228 409 
0 163 229 408 
0 163 229 406 
0 164 229 405 
0 164 230 404 
0 165 230 403 
0 166 231 401 
0 166 231 400 
0 166 231 399 
0 167 232 398 
0 168 232 396 
0 168 233 395 
0 169 233 394 
0 170 233 392 
0 170 233 392 
