











243 248 
242 252 
244 254 
246 255 
247 257 
249 259 
250 261 
250 262 
251 264 
252 265 
252 265 
252 266 
253 267 
253 267 
253 268 
253 268 
252 268 
252 268 
252 268 
251 269 
251 268 
250 268 
249 268 
248 268 
232 235 247 268 
232 238 244 267 
233 266 
234 265 
235 264 
237 264 
237 263 
236 262 263 264 
234 260 
233 259 
232 258 
230 258 
229 259 
227 260 
226 262 
225 263 
224 264 
222 265 
221 265 
220 266 
218 267 
217 268 
215 269 
214 269 
0 2 6 9 212 270 
0 12 211 271 
0 14 210 272 
0 16 209 273 
0 17 208 274 
0 15 206 275 
0 15 185 190 205 275 
0 15 184 192 204 276 
0 16 18 19 183 193 195 199 203 277 
0 16 18 19 182 278 
0 17 18 19 182 279 
0 17 181 280 
0 17 18 19 181 280 
0 20 180 281 
0 20 179 282 
0 20 71 75 179 283 
0 19 21 22 69 81 179 283 
0 20 58 59 62 82 84 85 179 285 
0 20 55 83 85 86 179 285 
0 20 53 85 180 286 289 292 
0 20 21 22 51 86 87 89 181 286 288 291 
0 20 50 90 182 291 
0 19 49 90 183 290 292 293 
0 17 48 90 184 290 292 293 
0 16 47 91 184 290 291 293 
0 16 46 91 185 294 
0 15 17 18 45 92 185 294 
0 15 16 17 44 93 95 96 186 294 
0 14 15 17 44 93 186 293 295 297 
0 16 43 95 187 298 
0 18 43 95 96 97 187 298 
0 17 42 96 97 98 188 300 
0 20 32 39 42 96 97 98 188 302 
0 22 26 96 98 99 189 305 
0 97 189 306 
0 97 189 306 
0 97 190 305 
0 98 190 304 
0 98 100 101 190 303 
0 98 100 101 191 301 
0 98 191 300 
0 98 191 299 
0 99 191 298 
0 99 191 297 
0 99 190 297 
0 99 189 297 
0 99 189 296 
0 99 188 295 296 297 
0 99 188 294 
0 99 188 294 
0 99 100 101 187 294 
0 98 100 101 187 292 
0 98 186 292 
0 98 186 293 
0 97 185 294 
0 98 185 294 
0 96 97 98 185 294 
0 96 185 294 
0 97 184 295 
0 97 184 295 
0 94 95 96 183 295 
0 94 183 295 
0 93 183 296 
0 91 183 296 
0 90 183 296 
0 87 183 297 
0 84 184 297 
0 81 184 297 
0 78 184 297 
0 76 185 297 
0 71 186 297 
0 63 187 297 
0 64 187 297 
0 63 64 65 188 298 
0 64 189 299 
0 64 189 299 
0 66 68 69 190 300 
0 66 191 299 353 354 
0 67 191 299 350 356 
0 68 192 298 348 357 
0 71 193 196 197 298 345 359 
0 69 71 72 193 196 197 298 342 360 
0 70 71 72 194 197 198 298 338 361 
0 71 195 299 335 363 
0 71 196 299 332 364 
0 72 199 298 328 365 
0 73 74 75 199 299 323 345 349 367 
0 73 75 76 199 299 319 367 
0 74 75 77 200 299 315 368 
0 75 200 299 312 369 
0 76 200 299 308 371 
0 77 200 298 304 372 
0 77 200 373 
0 78 200 374 
0 79 201 375 
0 80 81 83 201 377 
0 81 82 84 201 309 310 377 
0 81 83 84 201 378 
0 83 202 353 358 378 
0 84 85 86 202 352 354 376 377 378 
0 85 202 359 360 361 363 374 376 377 378 380 
0 86 203 342 344 356 363 371 377 379 
0 87 203 347 364 366 367 368 
0 88 89 90 203 345 363 368 
0 88 203 340 357 359 
0 89 91 92 204 334 354 355 
0 90 92 93 204 333 
0 91 93 94 204 326 
0 92 93 94 205 322 334 337 
0 93 205 310 312 320 323 325 328 334 
0 94 206 307 308 312 314 317 319 320 
0 95 97 98 206 306 308 312 314 316 
0 99 122 136 138 141 206 301 304 306 310 312 
0 97 98 99 118 139 140 143 206 301 304 305 
0 97 98 99 115 144 146 147 206 297 299 302 303 304 
0 97 98 100 113 144 203 296 
0 97 98 100 109 143 146 147 199 293 
0 97 104 143 145 146 194 293 
0 96 98 142 144 146 189 293 
0 142 144 146 186 292 
0 142 145 146 179 182 183 288 
0 142 143 145 178 288 
0 142 143 145 172 287 
0 142 143 144 169 283 285 287 
0 142 165 282 
0 144 160 281 
0 145 155 284 
0 145 147 285 
0 286 
0 287 
0 50 54 288 
0 46 59 290 
0 43 71 72 73 289 
0 41 73 290 
0 39 72 156 158 290 
0 40 71 150 153 290 
0 40 71 292 
0 40 42 43 71 292 
0 40 70 291 
0 42 70 291 292 293 
0 41 70 152 157 292 
0 42 69 149 155 292 
0 42 69 145 153 293 
0 42 69 145 152 293 
0 42 69 147 151 293 
0 43 68 146 147 148 149 293 
0 43 68 145 148 294 
0 43 45 46 68 145 148 293 
0 43 45 46 68 145 147 294 
0 43 45 46 68 74 77 145 147 295 
0 43 69 73 79 145 147 295 
0 43 70 73 79 145 147 295 
0 44 70 72 80 97 98 145 146 295 
0 44 80 95 99 145 146 294 
0 44 81 91 99 294 
0 44 46 47 82 86 100 294 
0 44 100 294 
0 44 100 294 
0 44 101 296 
0 45 101 296 
0 45 101 294 295 296 
0 45 101 294 
0 45 102 295 
0 45 102 295 
0 45 102 296 
0 45 102 296 
0 45 102 296 
0 45 103 296 
0 45 103 296 
0 46 47 48 103 296 
0 46 47 49 103 297 
0 46 48 49 103 297 
0 46 48 49 103 297 
0 46 48 49 103 298 
0 46 48 49 104 298 
0 46 48 49 104 298 
0 46 48 49 104 298 
0 46 104 298 
0 47 49 50 105 299 
0 47 49 50 105 299 
0 46 105 299 
0 47 49 50 105 300 
0 47 49 50 106 300 
0 47 49 50 106 300 
0 47 106 301 
0 47 49 50 106 301 
0 46 49 50 106 302 
0 46 49 50 105 302 
0 46 105 302 
0 46 105 302 
0 46 105 302 
0 45 105 303 
0 44 105 303 
0 41 105 303 
0 41 106 303 
0 40 43 44 106 303 
0 41 107 304 
0 42 108 304 
0 42 109 304 
0 42 43 44 108 304 
0 42 43 44 106 304 
0 42 105 305 
0 43 105 305 
0 44 45 46 106 305 
0 44 106 304 
0 45 106 304 
0 46 48 49 105 304 
0 47 105 305 
0 47 104 142 146 306 
0 48 104 139 147 305 
0 49 51 52 103 137 148 305 
0 49 103 130 134 135 148 305 
0 50 102 128 150 305 
0 51 52 53 100 126 151 305 
0 52 100 126 154 307 
0 52 54 55 101 126 158 307 
0 55 101 125 160 179 194 306 
0 54 102 125 162 177 200 211 212 306 
0 54 102 124 168 170 214 306 
0 54 56 57 103 125 214 306 
0 54 57 58 104 124 215 306 
0 55 104 124 215 307 
0 55 105 124 216 307 
0 56 58 59 105 123 216 307 
0 56 58 59 106 122 216 307 
0 57 59 60 106 122 216 307 
0 57 59 60 107 121 216 307 
0 58 60 61 108 119 216 307 
0 58 60 61 110 117 215 307 
0 58 215 307 
0 59 215 308 
0 59 62 63 215 308 
0 60 62 63 215 308 
0 60 62 63 215 308 
0 61 62 64 215 308 
0 61 62 64 215 308 
0 63 64 65 215 309 
0 63 216 309 
0 63 217 309 
0 63 218 309 
0 64 219 309 
0 64 220 307 308 309 
0 65 221 222 224 307 
0 65 67 68 224 307 
0 65 225 308 
0 66 68 69 225 307 
0 66 67 69 224 306 
0 67 223 306 
0 67 222 304 
0 68 222 304 
0 69 71 72 222 302 
0 69 222 301 
0 69 222 302 
0 70 222 302 
0 70 73 74 222 302 
0 71 73 74 221 301 
0 71 220 302 
0 72 219 302 
0 73 218 302 
0 73 75 76 217 302 303 304 
0 74 76 77 216 304 
0 74 215 304 
0 75 77 78 214 304 
0 75 77 78 213 305 
0 76 212 305 
0 76 79 80 211 305 
0 77 79 81 211 306 307 308 
0 78 210 306 
0 80 209 307 
0 80 208 308 
0 80 208 308 
0 81 207 309 
0 81 207 309 
0 82 84 85 206 309 
0 83 206 309 
0 83 205 309 
0 84 85 86 205 310 
0 85 204 310 
0 85 204 311 
0 86 203 311 
0 87 203 312 
0 88 202 312 
0 89 202 312 
0 89 201 312 
0 90 201 312 
0 91 201 313 
0 92 94 96 200 313 
0 93 95 96 200 313 
0 94 95 97 199 313 
0 95 199 313 
0 96 97 98 198 313 
0 97 198 313 
0 98 99 100 197 313 
0 99 101 102 197 314 
0 100 102 103 196 314 
0 101 196 314 
0 102 196 314 
0 104 195 314 
0 105 195 315 
0 106 194 315 
0 107 194 314 
0 108 109 110 193 314 
0 109 110 111 193 314 
0 110 192 314 
0 110 192 315 
0 111 191 315 
0 112 114 115 191 315 
0 113 115 116 190 315 
0 113 190 315 
0 115 189 315 
0 116 117 118 189 315 
0 117 118 119 188 315 
0 117 118 120 188 315 
0 120 187 316 
0 120 187 316 
0 119 186 316 
0 119 186 316 
0 119 185 316 
0 119 185 316 
0 120 184 317 
0 119 184 316 
0 119 183 316 
0 119 182 317 
0 119 182 317 
0 118 181 317 
0 117 181 317 
0 117 180 317 
0 116 180 317 
0 115 179 317 
0 114 179 318 
0 114 178 319 
0 114 178 319 
0 114 177 319 
0 114 177 319 
0 113 176 319 
0 112 175 319 
0 112 175 319 
0 110 174 319 
0 110 174 319 
0 109 173 319 320 321 
0 108 173 319 
0 106 172 319 
0 105 171 320 
0 104 171 320 
0 103 170 321 
0 102 170 321 
0 100 169 321 
0 99 168 320 321 322 
0 98 168 321 322 323 
0 96 167 321 
0 95 167 322 
0 93 166 323 
0 92 166 324 
0 91 165 322 
0 89 165 322 
0 87 164 323 
0 85 163 323 
0 84 163 323 
0 83 162 324 
0 81 162 324 
0 80 162 324 
0 78 161 325 
0 76 161 325 
0 74 160 325 
0 67 160 325 327 328 
0 65 160 328 
0 64 159 328 
0 63 159 327 
0 62 159 329 
0 55 158 328 
0 50 158 328 
0 49 158 328 
0 48 157 328 
0 48 157 329 
0 46 157 329 
0 45 156 329 
0 46 48 49 156 329 
0 46 48 49 156 330 
2 46 156 330 
5 47 49 50 155 330 
5 47 49 50 155 330 
6 47 48 50 155 330 
6 47 49 50 155 330 
6 48 154 331 
6 48 154 331 
7 48 154 331 
7 48 153 331 
7 48 153 331 
7 48 153 331 
7 48 153 332 
8 49 153 332 333 334 
8 49 153 334 
8 49 153 334 
8 49 51 52 153 334 
8 49 51 52 152 333 
9 49 152 334 
9 49 51 52 152 334 
9 49 51 52 152 334 
10 49 51 52 152 333 
10 49 51 52 152 332 
10 49 151 332 
10 49 151 331 
10 49 151 331 
10 49 151 330 
11 49 50 51 151 330 
11 49 151 330 
11 49 151 329 
11 49 151 329 
11 49 151 329 
11 49 151 328 
12 49 50 51 151 327 
12 49 50 51 151 327 
12 48 49 50 151 327 
12 48 49 50 152 326 
12 48 49 50 152 324 
13 48 49 50 153 323 
13 48 49 50 154 322 
13 48 155 321 
13 48 158 320 
13 47 159 320 
