0 640 
0 640 
0 640 
0 640 
0 640 
0 640 
0 640 
0 640 
0 640 
0 640 
0 640 
0 640 
0 640 
0 640 
0 640 
0 640 
0 640 
0 640 
0 640 
0 640 
0 640 
0 640 
0 640 
0 640 
0 640 
0 640 
0 640 
0 640 
0 640 
0 640 
0 640 
0 640 
0 640 
0 640 
0 640 
0 640 
0 640 
0 640 
0 640 
0 640 
0 640 
0 640 
0 640 
0 640 
0 640 
0 640 
0 640 
0 640 
0 640 
0 640 
0 640 
0 640 
0 640 
0 640 
0 640 
0 640 
0 640 
0 640 
0 640 
0 640 
0 640 
0 640 
0 640 
0 640 
0 640 
0 640 
0 640 
0 640 
0 640 
0 640 
0 640 
0 640 
0 640 
0 640 
0 640 
0 640 
0 640 
0 640 
0 640 
0 640 
0 640 
0 640 
0 640 
0 640 
0 640 
0 640 
0 640 
0 640 
0 640 
0 640 
0 640 
0 640 
0 640 
0 640 
0 640 
0 640 
0 640 
0 640 
0 640 
0 640 
0 640 
0 640 
0 640 
0 640 
0 640 
0 640 
0 640 
0 295 297 334 344 640 
0 294 298 301 309 331 348 640 
0 293 310 329 352 640 
0 292 310 328 354 640 
0 292 310 327 356 640 
0 292 309 325 357 640 
0 292 309 324 358 640 
0 293 309 323 360 640 
0 293 309 322 361 640 
0 290 292 293 309 322 362 640 
0 290 309 321 363 640 
0 290 364 640 
0 289 365 640 
0 290 366 640 
0 290 367 640 
0 290 353 356 368 640 
0 291 352 359 369 640 
0 292 352 360 370 640 
0 294 352 362 372 640 
0 294 352 364 373 640 
0 295 352 365 374 640 
0 296 352 367 375 640 
0 297 351 368 375 640 
0 298 351 372 376 640 
0 300 351 640 
0 302 351 640 
0 304 351 640 
0 305 352 640 
0 306 353 640 
0 308 356 640 
0 310 358 640 
0 311 360 640 
0 313 363 640 
0 315 365 640 
0 317 366 640 
0 318 368 640 
0 317 370 640 
0 317 371 640 
0 318 372 640 
0 319 373 640 
0 310 313 319 374 640 
0 307 315 320 375 640 
0 305 316 321 375 640 
0 304 317 321 375 640 
0 303 317 323 325 328 374 640 
0 303 317 328 373 640 
0 302 317 329 372 640 
0 302 317 329 372 640 
0 302 317 330 373 640 
0 302 317 330 374 640 
0 302 316 330 376 640 
0 303 316 330 378 640 
0 304 317 330 379 640 
0 305 318 329 380 640 
0 306 319 329 380 640 
0 309 319 328 380 640 
0 312 320 328 382 640 
0 313 320 327 383 384 385 640 
0 313 321 326 386 640 
0 314 321 326 386 640 
0 314 322 326 382 383 386 640 
0 315 322 326 382 384 386 640 
0 315 323 325 383 640 
0 315 323 324 383 640 
0 316 360 362 384 640 
0 316 360 363 385 640 
0 316 357 360 361 365 370 373 382 384 386 640 
0 317 357 367 370 371 381 385 386 640 
0 317 357 369 381 640 
0 317 358 369 381 640 
0 317 358 368 381 640 
0 318 358 367 381 640 
0 318 359 367 381 640 
0 318 359 366 381 640 
0 318 359 365 381 640 
0 319 360 365 381 640 
0 319 360 364 381 640 
0 320 381 640 
0 321 331 333 381 640 
0 322 330 334 381 640 
0 322 330 334 381 640 
0 321 330 335 381 640 
0 321 329 335 381 640 
0 320 329 336 381 640 
0 320 328 337 381 640 
0 319 328 337 381 640 
0 319 327 338 382 640 
0 318 327 338 384 640 
0 317 326 339 389 640 
0 317 326 340 392 640 
0 316 325 341 398 640 
0 316 325 340 403 640 
0 315 324 340 407 640 
0 315 324 339 411 640 
0 315 323 339 379 382 393 397 414 640 
0 314 322 338 378 384 394 402 416 640 
0 314 322 337 378 386 396 406 416 445 456 640 
0 313 321 337 380 387 397 409 416 438 462 640 
0 313 320 335 381 389 398 412 416 432 467 640 
0 312 320 335 384 391 400 428 470 640 
0 312 319 333 386 392 401 422 472 640 
0 311 319 332 388 394 403 416 474 640 
0 195 208 311 318 330 392 395 404 411 474 640 
0 194 220 310 318 329 474 640 
0 194 224 309 317 328 477 640 
0 195 231 309 317 327 477 640 
0 195 243 308 317 325 477 640 
0 196 254 307 317 324 477 640 
0 196 264 306 317 323 478 640 
0 197 272 304 317 322 478 640 
0 198 289 304 478 640 
0 199 479 640 
0 200 482 640 
0 205 482 640 
0 214 482 640 
0 218 482 640 
0 219 484 486 488 640 
0 219 244 250 485 486 488 640 
0 219 230 232 246 264 485 487 491 640 
0 219 229 235 248 282 485 487 491 640 
0 220 228 239 252 299 493 640 
0 220 223 225 227 242 255 306 310 312 496 640 
0 221 223 244 260 314 493 640 
0 223 224 247 264 315 492 640 
0 249 264 316 493 640 
0 252 264 316 492 640 
0 254 265 315 492 640 
0 256 266 315 493 640 
0 258 267 315 494 640 
0 260 269 315 494 640 
0 261 270 316 495 640 
0 263 272 317 338 349 377 378 386 387 391 396 495 640 
0 264 274 319 332 356 376 398 491 640 
0 266 275 356 376 400 492 640 
0 267 275 357 376 402 492 640 
0 269 274 357 377 405 491 640 
0 270 274 357 377 409 491 640 
0 271 273 357 377 413 492 640 
0 357 377 419 485 486 494 640 
0 357 378 426 489 492 494 640 
0 357 378 434 480 481 489 640 
0 357 378 438 480 483 489 640 
0 357 366 367 378 442 480 484 489 640 
0 357 366 368 379 447 475 477 479 487 489 640 
0 357 366 368 378 450 471 472 476 640 
0 357 366 368 378 451 477 640 
0 357 365 369 378 453 455 457 475 640 
0 357 365 369 377 454 456 459 473 640 
0 358 365 370 376 461 470 640 
0 358 364 372 375 457 458 463 469 640 
0 359 363 458 459 464 468 640 
0 459 460 466 467 640 
0 460 461 640 
0 461 462 640 
0 640 
0 640 
0 640 
0 640 
0 640 
0 640 
0 640 
0 640 
0 640 
0 640 
0 640 
0 640 
0 640 
0 640 
0 640 
0 640 
0 640 
0 640 
0 640 
0 640 
0 640 
0 640 
0 640 
0 640 
0 640 
0 640 
0 640 
0 640 
0 640 
0 640 
0 640 
0 640 
0 640 
0 640 
0 640 
0 640 
0 640 
0 640 
0 640 
0 640 
0 640 
0 640 
0 640 
0 640 
0 640 
0 640 
0 640 
0 640 
0 640 
0 640 
0 640 
0 640 
0 640 
0 640 
0 640 
0 640 
0 640 
0 640 
0 640 
0 640 
0 640 
0 640 
0 640 
0 640 
0 640 
0 640 
0 640 
0 640 
0 640 
0 640 
0 640 
0 640 
0 640 
0 640 
0 640 
0 640 
0 640 
0 640 
0 640 
0 640 
0 640 
0 640 
0 640 
0 640 
0 640 
0 640 
0 640 
0 640 
0 640 
0 640 
0 640 
0 640 
0 640 
0 640 
0 640 
0 640 
0 640 
0 640 
0 640 
0 640 
0 640 
0 640 
0 640 
0 640 
0 640 
0 640 
0 640 
0 640 
0 640 
0 640 
0 640 
0 640 
0 640 
0 640 
0 640 
0 640 
0 640 
0 640 
0 640 
0 640 
0 640 
0 640 
0 640 
0 640 
0 640 
0 640 
0 640 
0 640 
0 640 
0 640 
0 640 
0 640 
0 640 
0 640 
0 640 
0 640 
0 640 
0 640 
0 640 
0 640 
0 640 
0 640 
0 640 
0 640 
0 640 
0 640 
0 640 
0 640 
0 640 
0 640 
0 640 
0 640 
0 640 
0 640 
0 640 
0 640 
0 640 
0 640 
0 640 
0 640 
0 640 
0 640 
0 640 
0 640 
0 640 
0 640 
0 640 
0 640 
0 640 
0 640 
0 640 
0 640 
0 640 
0 640 
0 640 
0 640 
0 640 
0 640 
0 640 
0 640 
0 640 
0 640 
0 640 
0 640 
0 640 
0 640 
0 640 
0 640 
0 640 
0 640 
0 640 
0 640 
0 640 
0 640 
0 640 
0 640 
0 640 
0 640 
0 640 
0 640 
0 640 
0 640 
0 640 
0 640 
0 640 
0 640 
0 640 
0 640 
0 640 
0 640 
0 640 
0 640 
0 640 
0 640 
0 640 
0 640 
0 640 
0 640 
0 640 
