0 198 410 517 
0 198 409 517 
0 198 406 518 
0 198 404 519 
0 198 403 520 
0 198 401 521 
0 197 398 522 
0 196 396 523 
0 195 394 524 
0 195 392 525 
0 194 388 526 
0 193 386 527 
0 192 384 528 
0 191 381 529 
0 191 378 530 
0 190 375 531 
0 189 372 532 
0 188 368 533 
0 187 365 534 
0 186 361 535 
0 185 357 536 
0 184 353 538 
0 183 349 539 
0 182 345 540 
0 181 340 541 
0 180 334 542 
0 179 330 543 
0 178 325 545 
0 177 320 546 
0 176 316 547 
0 176 313 549 
0 177 310 550 
0 179 308 551 
0 180 307 552 
0 182 306 554 
0 183 305 555 
0 184 304 557 
0 185 304 558 
0 186 303 560 
0 188 303 561 
0 189 303 563 
0 190 302 564 
0 191 302 566 
0 192 302 567 
0 193 302 569 
0 194 302 571 
0 195 302 573 
0 196 302 574 
0 197 302 576 
0 198 303 578 
0 200 303 580 
0 201 303 581 
0 202 303 583 
0 203 303 585 
0 204 303 587 
0 205 304 589 
0 206 304 591 
0 207 304 593 
0 208 304 595 
0 209 304 597 
0 210 305 599 
0 210 305 601 
0 212 305 603 
0 213 305 605 
0 214 306 607 
0 215 306 609 
0 215 306 612 
0 216 306 614 
0 217 307 616 
0 218 307 618 
0 219 307 620 
0 220 308 622 
0 221 308 624 
0 222 308 626 
0 223 309 628 
0 223 309 630 
0 224 309 632 
0 225 310 634 
0 225 310 635 
0 226 310 637 
0 226 311 639 
0 227 311 640 
0 227 311 640 
0 227 312 640 
0 227 312 640 
0 227 312 640 
0 227 313 640 
0 226 313 640 
0 226 314 640 
0 225 314 640 
0 224 314 640 
0 223 315 640 
0 222 315 640 
0 221 316 640 
0 219 316 640 
0 217 316 640 
0 216 317 640 
0 214 317 640 
0 212 318 640 
0 210 318 640 
0 209 319 640 
0 207 319 640 
0 205 320 640 
0 204 320 640 
0 202 321 640 
0 200 321 640 
0 198 322 640 
0 196 322 640 
0 194 323 640 
0 192 323 640 
0 190 324 640 
0 188 324 640 
0 186 325 640 
0 184 325 640 
0 181 326 640 
0 181 326 640 
0 181 327 639 
0 181 327 638 
0 182 328 638 
0 182 329 637 
0 183 329 637 
0 183 330 636 
0 184 331 636 
0 184 331 635 
0 185 332 635 
0 185 332 634 
0 186 333 633 
0 186 334 633 
0 187 334 632 
0 187 335 631 
0 188 336 630 
0 188 336 630 
0 189 337 629 
0 189 338 629 
0 189 338 628 
0 190 339 627 
0 190 340 626 
0 191 341 626 
0 191 342 625 
0 192 342 624 
0 192 343 623 
0 192 344 447 448 623 
0 193 345 446 448 622 
0 193 346 446 448 621 
0 194 346 445 448 620 
0 194 347 445 448 619 
0 194 348 445 448 619 
0 195 349 444 448 618 
0 195 350 444 449 617 
0 195 351 443 449 616 
0 196 352 443 449 615 
0 196 353 443 449 614 
0 196 354 442 449 614 
0 197 355 442 449 613 
0 197 356 441 449 612 
0 198 357 441 449 611 
0 198 358 441 449 610 
0 198 359 440 449 609 
0 199 360 440 449 608 
0 199 362 440 449 607 
0 200 363 439 449 606 
0 200 364 439 449 605 
0 200 365 439 449 604 
0 200 366 438 449 603 
0 201 368 438 449 602 
0 201 369 437 449 601 
0 201 370 437 449 600 
0 202 372 437 449 599 
0 202 373 436 449 598 
0 202 374 436 449 597 
0 202 376 435 449 595 
0 37 40 203 377 435 449 594 
0 36 41 203 379 434 449 593 
0 35 42 121 124 203 380 434 449 592 
0 34 43 121 126 203 382 434 450 591 
0 33 44 120 128 203 383 433 450 589 
2 32 45 120 130 204 385 432 450 588 
2 31 46 119 132 204 387 432 450 587 
3 30 47 119 134 204 388 432 450 585 
4 28 48 118 137 204 390 431 450 584 
5 27 49 118 139 204 392 430 450 582 
5 26 50 117 142 204 394 430 450 581 
6 24 51 116 144 204 396 429 451 580 
7 23 52 116 146 204 398 429 451 578 
9 22 53 115 149 204 400 428 451 577 
10 19 54 115 152 203 403 427 451 575 
11 16 55 114 155 203 406 425 451 573 
57 114 158 203 408 423 452 571 
58 113 160 202 412 421 452 570 
59 112 163 202 453 568 
60 112 167 201 453 566 
61 111 171 200 454 563 
62 110 174 199 455 561 
64 110 179 198 455 558 
65 109 184 195 456 556 
66 109 457 553 
67 108 459 550 
68 107 460 548 
69 107 462 544 
70 106 464 540 
72 105 467 536 
73 105 470 531 
74 104 474 526 
75 103 482 519 
76 103 492 505 
78 102 
79 101 
80 100 
81 100 
82 99 
85 97 
86 96 
88 95 



























488 492 
50 54 486 496 
49 55 485 497 
48 56 484 499 
48 58 483 502 
47 59 482 503 
46 60 481 505 
46 61 480 506 
45 61 480 508 
45 62 479 510 
44 63 479 511 
44 64 478 513 
43 65 477 514 
43 66 477 516 
43 67 477 517 
42 67 476 518 
42 69 475 520 
41 69 475 521 
41 70 475 523 
40 71 474 524 
40 72 277 280 474 526 
40 73 273 282 473 527 584 589 
40 74 269 282 473 529 581 591 
39 75 266 282 472 530 579 592 
39 75 263 283 472 532 578 594 
39 76 259 283 471 533 577 595 
38 77 256 283 471 535 576 596 
38 78 253 282 470 536 575 597 
37 79 250 282 470 537 574 598 
37 80 246 282 469 539 572 599 
37 81 243 281 469 540 571 600 
36 82 239 281 468 542 570 601 
36 82 236 280 468 543 569 602 
36 83 232 280 467 544 568 603 
35 84 230 279 467 546 567 603 
35 85 226 278 374 384 466 547 566 604 
35 86 222 278 370 394 466 548 565 605 
35 87 218 277 367 401 465 550 565 606 
34 87 215 276 365 406 465 551 564 607 
34 88 212 276 364 410 465 552 563 607 
34 89 209 275 363 416 464 553 562 608 
33 90 205 275 362 420 464 554 561 609 
33 91 202 274 362 424 463 555 560 610 
33 91 199 273 361 428 463 556 559 610 
33 92 196 273 361 432 463 611 
32 93 193 272 361 435 462 611 
32 94 190 271 360 439 462 612 
32 95 188 271 360 443 462 613 
32 95 185 270 360 446 461 613 
31 96 183 270 360 448 461 614 
31 97 180 269 360 452 460 614 
31 98 178 269 360 455 460 615 
31 98 176 268 360 458 460 615 
31 99 174 268 360 616 
30 100 172 267 360 616 
30 100 169 266 361 617 
30 101 167 266 361 617 
30 102 165 265 361 618 
30 103 164 265 361 618 
29 103 162 264 361 619 
29 104 160 264 362 619 
29 104 158 263 362 620 
29 105 156 263 362 620 
29 105 155 262 363 620 
29 106 154 261 363 621 
29 107 152 261 363 621 
29 107 151 260 364 622 
29 108 149 260 364 622 
28 108 148 260 365 622 637 640 
28 109 146 259 365 623 628 640 
28 109 145 258 365 640 
28 110 144 258 366 640 
28 110 143 257 366 640 
28 110 141 257 366 640 
28 111 140 256 367 640 
28 111 139 255 367 640 
28 111 138 255 368 640 
28 112 137 255 368 640 
28 112 136 254 369 640 
28 112 135 254 369 640 
28 113 134 253 370 640 
28 113 133 253 370 640 
29 113 131 252 371 640 
29 113 130 252 371 640 
29 113 130 251 372 640 
29 113 129 250 372 640 
30 113 128 250 373 640 
30 113 127 249 373 640 
30 113 126 249 374 640 
30 113 125 248 374 640 
30 114 124 247 375 640 
31 114 123 247 375 640 
31 113 123 246 376 640 
31 113 122 246 376 640 
32 113 121 245 377 640 
32 113 120 245 377 640 
33 113 119 244 378 640 
33 113 118 243 378 640 
34 113 118 243 379 640 
34 112 117 242 380 640 
34 112 116 241 380 640 
35 112 115 241 380 640 
35 112 114 240 381 640 
36 112 113 240 382 640 
37 111 113 239 382 640 
37 111 112 238 383 640 
38 238 384 640 
38 237 384 640 
39 236 385 640 
0 1 40 236 385 640 
0 8 40 235 386 640 
0 13 41 234 386 640 
0 17 42 233 387 640 
0 20 43 232 388 640 
0 23 43 232 388 640 
0 25 44 231 389 640 
0 28 45 230 389 640 
0 30 45 230 390 640 
0 32 46 229 390 640 
0 34 47 228 391 640 
0 36 48 227 392 640 
0 38 49 226 393 640 
0 40 50 225 393 640 
0 41 50 225 394 640 
0 43 51 223 394 640 
0 45 52 222 395 640 
0 47 53 221 396 640 
0 48 54 220 397 640 
0 50 55 220 397 640 
0 52 55 219 397 640 
0 54 56 218 395 640 
0 56 57 217 393 640 
0 215 392 640 
0 214 390 640 
0 213 389 640 
0 211 386 640 
0 210 385 640 
0 209 384 640 
0 208 382 640 
0 207 381 640 
0 205 379 640 
0 204 378 640 
0 203 376 640 
0 201 375 640 
0 199 374 640 
0 197 372 640 
0 196 371 640 
0 194 369 640 
0 193 368 640 
0 191 367 640 
0 189 365 640 
0 186 364 640 
0 185 362 640 
0 183 361 640 
0 181 360 640 
0 179 358 640 
0 176 357 640 
0 174 356 640 
0 172 354 640 
0 170 353 640 
0 167 352 640 
0 165 351 640 
0 165 350 640 
0 176 349 640 
0 182 348 640 
0 186 347 640 
0 189 347 640 
0 192 346 640 
0 194 346 640 
3 196 346 640 
5 198 346 640 
8 200 346 640 
12 202 346 640 
16 203 346 640 
20 205 346 640 
24 206 347 640 
27 208 347 640 
30 209 348 640 
33 210 348 640 
35 211 349 640 
37 213 350 640 
38 215 351 640 
38 216 352 640 
38 217 352 640 
38 218 354 640 
37 219 355 640 
36 220 356 542 546 640 
36 221 357 543 549 640 
35 222 358 522 525 535 536 543 551 640 
34 224 359 521 526 535 538 544 554 640 
33 225 360 521 527 536 539 545 556 640 
32 226 362 521 529 536 541 546 558 640 
31 227 362 511 513 521 530 536 542 546 559 640 
30 228 364 511 514 521 531 537 544 547 560 640 
29 229 365 510 515 521 532 537 545 548 562 640 
28 230 366 510 516 521 533 538 546 548 563 640 
27 231 368 510 516 521 534 538 564 640 
26 232 369 511 517 521 535 539 565 640 
24 233 370 511 518 521 536 539 566 640 
23 234 371 511 519 522 538 539 567 640 
21 235 373 511 520 522 567 640 
20 236 374 505 506 511 521 523 568 640 
18 237 375 505 507 511 522 523 569 640 
17 238 376 505 509 511 570 640 
15 239 377 505 511 512 571 640 
13 240 379 505 572 640 
12 241 380 506 572 640 
10 242 381 506 573 640 
9 54 59 121 122 242 382 506 574 640 
7 50 60 121 123 243 384 506 575 640 
5 47 61 122 124 245 385 507 576 640 
3 45 61 122 125 245 386 507 577 640 
0 43 62 122 126 246 388 508 578 640 
0 40 62 123 126 247 389 508 580 640 
0 39 62 123 127 248 390 509 581 638 
0 36 62 123 128 249 392 509 582 638 
0 35 62 124 129 250 393 509 583 637 
0 33 62 124 130 251 394 510 584 636 
0 32 62 124 130 252 396 510 585 636 
0 30 62 125 131 253 397 510 585 636 
0 29 62 125 132 254 399 510 585 636 
0 27 62 125 133 255 400 501 503 511 586 636 
0 25 62 126 134 256 402 501 504 511 586 636 
0 24 62 126 135 256 403 502 505 511 586 636 
0 23 62 126 136 257 404 502 505 511 587 636 
0 21 62 127 137 259 406 502 506 512 587 636 
0 20 62 127 137 259 409 501 507 512 588 636 
0 18 62 127 138 260 410 501 507 513 589 637 
0 17 62 128 139 261 412 501 508 513 590 637 
0 16 62 128 140 262 413 502 509 514 590 637 
0 14 62 128 141 263 414 502 509 514 591 638 
0 13 61 129 142 264 413 502 510 515 592 638 
0 12 61 129 143 265 412 502 511 515 592 639 
0 10 61 129 144 265 411 502 511 516 593 640 
0 9 61 130 146 266 410 502 512 517 594 640 
0 8 61 130 147 267 410 502 513 517 595 640 
0 6 61 130 147 268 409 502 514 518 596 640 
0 5 61 130 149 269 408 503 514 518 596 640 
0 3 61 130 150 270 407 503 515 519 597 640 
0 1 61 131 150 271 407 503 516 519 598 640 
