


















































421 423 425 426 
418 426 
416 426 
416 426 
415 426 
412 426 
329 354 411 427 
316 359 411 427 
309 362 408 427 
298 365 407 427 
290 368 406 427 
286 370 405 427 
283 371 404 428 
281 373 403 428 
278 375 402 428 
276 376 401 428 
274 377 400 428 
273 378 399 429 
272 379 397 429 
270 380 396 429 
269 381 395 430 
268 382 394 430 
267 383 393 430 
266 384 393 431 
265 385 390 431 
264 387 389 432 
263 433 
262 433 
262 434 
261 434 
260 435 
260 436 
259 436 
259 437 
258 437 
258 438 
257 439 
257 440 
256 441 
256 442 
256 442 
255 443 
255 444 
255 445 
254 445 
254 447 
254 448 
254 450 
253 452 
253 453 
253 454 
253 455 
253 455 
252 456 
252 456 
252 456 
252 455 
252 451 452 453 
252 450 
251 445 
251 435 437 441 
251 434 
251 429 
251 429 
251 429 
251 430 
251 430 
251 430 
251 430 
251 431 
251 431 
251 431 
251 431 
251 432 
251 432 
252 432 
252 432 
252 432 
252 432 
253 432 
253 432 
253 432 
254 432 
254 399 403 431 
255 400 405 431 
254 400 407 431 
253 401 410 431 
253 402 415 430 
252 402 418 430 
251 403 420 430 
250 404 421 430 
249 405 425 430 
248 406 427 430 
247 407 
246 408 
245 409 
244 411 
243 412 
241 413 
238 414 
232 415 
231 415 
230 415 
230 415 
230 415 
231 415 
231 415 
231 415 
232 415 
231 415 
231 414 
230 414 
229 414 
228 413 
227 412 
227 405 
228 405 
229 404 
230 404 
233 403 
234 403 
236 402 
237 402 
238 401 
240 402 
241 402 
243 402 
244 402 
246 256 258 399 
247 256 257 397 
249 255 261 397 
250 254 262 397 
263 397 
263 397 
263 398 
263 398 
263 399 
262 264 266 399 
266 400 
266 401 
265 401 
265 402 
264 403 
264 404 
263 404 
263 405 
262 407 
262 408 
261 410 
261 412 
260 412 
260 411 
259 403 
258 401 
258 400 
257 401 
256 401 
254 402 
253 402 
253 261 263 403 
263 403 
263 404 
262 396 397 404 
262 386 388 395 398 405 
262 269 271 385 388 395 399 406 
262 268 271 385 389 394 401 406 
261 267 272 384 389 394 402 407 
261 266 272 384 390 394 404 407 
261 266 273 383 391 393 
260 265 273 383 392 393 
260 264 274 382 
260 263 275 382 593 596 
259 262 275 282 283 381 593 597 
259 261 276 282 284 381 592 598 
277 281 285 381 592 599 
127 129 277 281 285 302 304 364 365 371 375 380 591 600 
126 129 278 281 286 292 293 302 305 360 361 364 365 371 375 380 591 600 
125 129 278 280 286 292 293 302 305 359 361 364 365 370 375 379 591 601 
123 129 277 280 287 292 294 303 306 359 361 363 365 370 375 378 590 602 
122 129 277 280 287 292 295 303 307 356 361 363 365 369 375 378 590 602 
121 129 277 279 287 293 295 303 308 355 361 362 365 368 375 377 590 603 
120 129 287 293 296 303 308 355 361 362 365 368 375 376 590 604 
119 129 287 288 290 293 297 300 301 303 309 355 366 367 589 604 
118 129 287 288 291 293 298 300 310 354 588 605 
117 129 298 300 310 353 586 606 
117 129 311 354 584 606 
115 129 311 356 581 607 
115 129 310 358 578 607 
114 130 309 360 576 608 
113 131 307 364 574 608 
112 132 304 370 571 609 
111 134 302 378 568 610 
110 136 299 385 566 610 
110 138 297 389 564 611 
109 140 295 393 562 611 
108 142 291 396 560 612 
107 144 287 399 558 613 
106 146 282 401 557 613 
105 148 279 403 555 614 
104 149 275 405 553 615 
103 151 273 406 552 615 
102 153 270 407 550 616 
101 155 268 408 549 617 
100 156 266 409 547 617 
99 158 265 410 546 618 
98 159 263 411 544 619 
97 160 262 411 543 619 
96 162 261 412 541 620 
96 163 260 412 540 621 
95 164 259 413 539 621 
93 165 258 413 537 622 
92 166 258 414 536 623 
91 167 257 414 534 623 
90 168 256 415 533 624 
89 170 256 415 531 625 
88 171 255 416 530 626 
87 172 254 416 528 626 
86 174 254 417 527 627 
85 175 253 417 525 628 
83 175 253 418 523 629 
82 176 252 418 522 630 
81 178 251 419 520 631 
80 179 251 419 518 631 
79 180 250 420 516 632 
78 182 250 420 513 633 
76 183 249 420 511 634 
75 184 249 421 508 635 
74 185 248 421 453 456 457 458 505 636 
73 186 248 422 450 462 502 636 
72 188 247 422 448 469 497 637 
70 189 247 422 448 638 
69 190 246 423 447 640 
68 191 246 423 447 640 
67 192 245 424 447 640 
65 194 245 425 447 640 
64 195 245 428 446 640 
62 197 244 434 436 438 439 442 444 640 
61 199 244 640 
60 200 243 640 
58 202 243 640 
57 205 243 640 
56 207 242 640 
54 209 242 640 
53 212 242 640 
51 216 241 640 
50 220 240 640 
48 640 
47 640 
45 640 
44 640 
42 640 
40 640 
39 640 
37 640 
36 640 
34 640 
33 640 
31 640 
30 429 431 640 
28 428 435 640 
26 427 438 640 
25 426 440 600 605 640 
23 425 443 598 606 640 
21 424 446 597 607 640 
20 422 449 596 608 640 
18 420 451 580 585 595 608 640 
16 97 101 418 453 576 585 595 609 640 
15 95 102 415 455 573 585 594 610 640 
13 94 104 121 127 414 458 570 585 593 610 640 
11 93 105 119 130 415 460 568 585 593 610 640 
10 92 105 118 132 415 461 566 585 592 611 640 
8 91 106 118 134 415 463 564 585 592 611 640 
6 90 107 117 135 416 465 518 528 562 585 591 612 640 
5 89 107 117 137 416 467 516 531 560 585 591 612 640 
3 88 108 117 138 417 469 514 534 560 585 590 613 640 
2 87 108 116 140 417 471 512 536 559 585 590 613 640 
0 87 109 116 141 418 473 510 537 558 586 589 614 640 
0 86 109 116 142 418 475 509 539 557 586 588 614 640 
0 85 110 116 143 419 476 508 541 556 615 640 
0 84 110 116 144 419 478 506 542 555 615 640 
0 84 110 115 145 420 480 505 544 555 615 640 
0 83 111 115 146 422 481 504 545 555 616 640 
0 82 111 115 147 423 483 503 546 554 616 640 
0 24 39 82 112 115 148 177 187 244 247 424 485 502 547 554 617 640 
0 16 41 81 112 114 148 174 190 243 249 423 486 501 549 554 617 640 
0 11 43 80 149 171 192 242 250 421 488 500 550 553 618 640 
0 3 46 80 149 169 194 240 249 416 490 498 618 640 
48 79 150 166 195 239 249 414 491 497 618 640 
50 78 150 164 197 237 249 413 619 636 
52 77 150 162 199 236 249 413 620 633 
54 77 150 160 200 234 250 412 621 629 
56 76 151 158 201 233 251 413 
57 75 151 156 202 231 253 413 
59 75 151 154 203 230 254 413 
61 74 204 229 254 413 
63 73 205 227 254 413 
64 72 207 226 254 413 
67 71 207 225 254 413 
208 223 254 413 
210 222 254 413 
211 221 254 413 
212 219 254 414 
213 218 254 414 
254 414 
254 414 
253 414 
253 414 
253 414 
253 415 
253 415 
253 415 
253 415 
253 415 
253 415 
253 415 
252 415 
252 415 
252 416 
252 416 
252 416 
252 416 
252 417 
252 417 
251 417 
251 417 
251 417 
251 417 
251 417 
251 417 
251 417 
251 417 
250 417 
250 417 
250 417 
250 417 
250 416 
250 416 
250 416 
250 416 
250 415 
250 415 
251 415 
251 283 284 415 
252 283 284 415 
253 282 284 414 
254 281 284 414 
255 281 284 413 
256 280 284 412 
258 279 284 410 
260 278 284 409 
262 277 284 408 
265 275 283 405 
283 402 
283 396 
283 394 
283 393 
282 393 
282 393 
282 393 
282 393 
281 393 
281 393 
281 393 
281 393 
280 393 
280 393 
280 393 
280 393 
279 393 
279 393 
278 394 
278 395 
277 399 
277 400 
275 401 
274 401 
272 401 
271 402 
271 402 
272 403 
272 404 
272 405 
271 406 
271 406 
271 407 
270 407 
270 407 
270 406 
269 406 
269 405 
268 405 
268 404 
267 404 
267 403 
266 403 
265 402 
264 402 
264 401 
264 401 
264 401 
264 401 
264 402 
265 402 
265 403 
265 404 
265 404 
265 405 
265 268 269 406 
265 267 271 406 
272 407 
272 408 
272 408 
271 409 
271 409 
271 410 
270 411 
270 411 
269 412 
269 412 
268 413 
268 413 
267 414 
267 414 
267 415 
266 415 
266 416 
265 417 
265 417 
265 418 
