0 640 
0 640 
0 640 
0 640 
0 640 
0 640 
0 640 
0 640 
0 640 
0 640 
0 640 
0 640 
0 640 
0 640 
0 640 
0 640 
0 640 
0 640 
0 640 
0 640 
0 640 
0 640 
0 640 
0 640 
0 640 
0 640 
0 640 
0 640 
0 640 
0 640 
0 640 
0 640 
0 640 
0 640 
0 640 
0 640 
0 640 
0 640 
0 640 
0 640 
0 640 
0 640 
0 640 
0 640 
0 640 
0 640 
0 640 
0 640 
0 640 
0 640 
0 640 
0 640 
0 640 
0 640 
0 640 
0 640 
0 640 
0 640 
0 640 
0 332 334 640 
0 330 334 640 
0 329 334 640 
0 328 334 640 
0 327 334 640 
0 326 334 640 
0 325 333 640 
0 324 333 640 
0 323 333 640 
0 322 333 640 
0 321 333 640 
0 320 333 640 
0 320 333 640 
0 319 332 640 
0 318 332 640 
0 317 332 640 
0 316 332 640 
0 315 332 640 
0 314 332 640 
0 313 331 640 
0 312 331 640 
0 312 331 640 
0 311 331 640 
0 310 331 640 
0 309 330 640 
0 227 228 306 330 640 
0 227 230 297 330 640 
0 228 232 291 329 640 
0 229 233 285 329 640 
0 229 235 280 329 640 
0 230 236 275 329 640 
0 230 238 271 328 640 
0 231 240 268 328 640 
0 232 241 264 328 640 
0 233 242 260 327 640 
0 233 244 258 327 640 
0 234 246 254 327 341 347 640 
0 235 247 252 326 334 360 640 
0 235 249 251 326 330 367 640 
0 236 367 640 
0 237 366 640 
0 238 365 640 
0 238 363 640 
0 239 361 640 
0 240 358 640 
0 241 357 640 
0 242 355 640 
0 242 352 640 
0 243 350 640 
0 244 349 640 
0 244 347 640 
0 244 345 640 
0 244 343 640 
0 243 350 640 
0 243 355 640 
0 243 355 640 
0 243 353 640 
0 243 352 640 
0 243 349 640 
0 242 346 640 
0 242 343 640 
0 242 339 640 
0 242 337 640 
0 242 337 640 
0 242 338 640 
0 241 338 640 
0 241 339 640 
0 241 340 640 
0 241 340 640 
0 241 341 640 
0 241 342 640 
0 241 342 640 
0 241 342 640 
0 240 343 640 
0 237 344 640 
0 234 345 640 
0 230 345 640 
0 228 345 640 
0 225 346 640 
0 222 346 640 
0 220 347 640 
0 219 347 640 
0 218 236 241 347 640 
0 218 229 241 347 640 
0 241 348 640 
0 241 348 640 
0 240 349 640 
0 240 349 640 
0 240 350 640 
0 240 350 640 
0 240 351 640 
0 240 351 640 
0 240 351 640 
0 239 352 640 
0 239 352 640 
0 240 352 640 
0 240 352 640 
0 240 353 640 
0 240 353 640 
0 240 353 640 
0 240 353 640 
0 241 354 640 
0 243 354 640 
0 244 354 640 
0 246 355 640 
0 247 355 640 
0 248 355 640 
0 250 252 254 355 640 
0 251 253 255 356 640 
0 255 356 640 
0 255 356 640 
0 254 356 640 
0 255 357 640 
0 255 357 640 
0 256 357 640 
0 256 357 640 
0 256 357 640 
0 256 358 640 
0 257 358 640 
0 257 358 640 
0 257 358 640 
0 257 358 640 
0 257 358 640 
0 257 359 640 
0 257 359 640 
0 258 359 640 
0 258 359 640 
0 258 359 640 
0 258 360 640 
0 258 360 640 
0 258 360 640 
0 259 360 640 
0 259 360 640 
0 259 361 640 
0 259 361 640 
0 259 361 640 
0 259 287 288 361 640 
0 259 286 289 361 640 
0 260 278 279 282 289 361 640 
0 260 278 279 282 289 362 640 
0 260 282 288 362 640 
0 260 278 280 282 287 362 640 
0 260 278 281 282 287 362 640 
0 260 279 286 362 640 
0 261 279 286 362 640 
0 261 279 284 362 640 
0 261 279 282 362 640 
0 261 363 640 
0 261 363 640 
0 262 363 640 
0 262 363 640 
0 262 363 640 
0 262 363 640 
0 262 363 640 
0 262 363 640 
0 261 364 640 
0 260 364 640 
0 259 364 640 
0 258 364 640 
0 257 364 640 
0 257 365 640 
0 256 365 640 
0 256 366 640 
0 255 366 640 
0 254 366 640 
0 253 367 640 
0 253 367 640 
0 253 367 640 
0 252 367 640 
0 252 368 640 
0 251 368 640 
0 251 368 640 
0 251 369 640 
0 250 369 640 
0 250 370 640 
0 250 370 640 
0 250 370 640 
0 250 371 640 
0 249 371 640 
0 249 371 640 
0 249 372 640 
0 249 372 640 
0 249 372 640 
0 249 373 640 
0 248 373 640 
0 248 374 640 
0 248 374 640 
0 248 375 640 
0 248 376 640 
0 248 376 640 
0 248 377 640 
0 248 377 640 
0 248 377 640 
0 248 377 640 
0 248 378 640 
0 248 378 640 
0 248 379 640 
0 248 379 640 
0 248 380 640 
0 248 380 640 
0 248 381 640 
0 249 381 640 
0 249 382 640 
0 249 382 640 
0 249 382 640 
0 250 383 640 
0 250 383 640 
0 250 383 640 
0 250 384 640 
0 250 384 640 
0 250 385 640 
0 250 385 640 
0 250 385 640 
0 250 385 640 
0 250 385 640 
0 250 386 640 
0 250 386 640 
0 250 386 640 
0 251 386 640 
0 251 386 640 
0 251 387 640 
0 251 387 640 
0 251 387 640 
0 251 387 640 
0 251 387 640 
0 252 388 640 
0 252 388 640 
0 252 388 640 
0 252 375 376 388 640 
0 252 375 376 388 640 
0 252 375 376 383 384 388 640 
0 252 375 377 383 385 388 640 
0 252 375 377 383 385 388 640 
0 252 375 378 383 386 388 640 
0 252 375 380 383 386 388 640 
0 252 375 386 388 640 
0 252 375 387 388 640 
0 252 375 640 
0 252 376 640 
0 252 376 640 
0 252 377 640 
0 252 377 640 
0 252 378 640 
0 252 378 640 
0 252 379 640 
0 252 379 640 
0 253 380 640 
0 253 380 640 
0 253 380 640 
0 253 381 640 
0 253 382 640 
0 253 382 640 
0 253 383 640 
0 253 383 640 
0 253 383 640 
0 253 384 640 
0 253 385 640 
0 253 385 640 
0 253 386 640 
0 253 386 640 
0 253 386 640 
0 253 387 640 
0 253 387 640 
0 253 387 640 
0 253 387 640 
0 252 388 640 
0 252 388 640 
0 250 388 640 
0 246 389 640 
0 242 390 640 
0 239 390 640 
0 236 390 640 
0 234 391 640 
0 232 391 640 
0 231 391 640 
0 231 392 640 
0 230 392 640 
0 230 392 640 
0 230 392 640 
0 230 393 640 
0 230 393 640 
0 230 393 640 
0 231 390 392 394 640 
0 231 390 392 394 640 
0 232 389 392 395 640 
0 232 389 393 395 640 
0 232 389 394 395 640 
0 233 388 394 396 640 
0 233 388 640 
0 234 387 640 
0 234 387 640 
0 235 387 640 
0 235 387 640 
0 236 386 640 
0 237 386 640 
0 236 386 640 
0 235 386 640 
0 234 387 640 
0 232 387 640 
0 231 387 640 
0 230 388 640 
0 228 388 640 
0 226 388 640 
0 225 389 640 
0 223 385 386 389 640 
0 221 384 387 390 640 
0 220 384 387 390 640 
0 218 384 388 390 640 
0 217 384 388 391 640 
0 216 384 389 391 640 
0 215 383 390 391 640 
0 214 383 390 392 640 
0 213 383 640 
0 212 382 640 
0 211 351 353 382 640 
0 210 351 354 382 640 
0 209 352 356 382 640 
0 209 353 357 381 640 
0 208 353 359 380 640 
0 207 354 360 380 640 
0 206 354 361 380 640 
0 205 355 363 379 640 
0 205 355 364 378 640 
0 204 356 365 377 640 
0 204 356 367 376 640 
0 203 357 368 375 640 
0 203 357 640 
0 202 358 640 
0 202 358 640 
0 202 358 640 
0 201 359 640 
0 201 359 640 
0 201 360 640 
0 201 360 640 
0 201 361 640 
0 200 361 640 
0 200 362 640 
0 200 362 640 
0 200 363 640 
0 200 363 640 
0 200 363 640 
0 200 364 640 
0 200 365 640 
0 201 365 640 
0 201 365 640 
0 201 366 640 
0 201 366 640 
0 202 367 640 
0 202 367 640 
0 202 367 640 
0 202 207 208 368 640 
0 203 207 208 368 640 
0 204 368 640 
0 206 369 640 
0 206 369 640 
0 206 370 640 
0 205 370 640 
0 205 371 640 
0 204 371 640 
0 204 371 640 
0 203 372 640 
0 203 372 640 
0 202 372 640 
0 202 373 640 
0 201 373 640 
0 201 374 640 
0 200 374 640 
0 199 374 640 
0 199 374 640 
0 198 375 640 
0 198 375 640 
0 198 376 640 
0 197 376 640 
0 197 377 640 
0 197 377 640 
0 196 377 640 
0 196 378 640 
0 195 378 640 
0 195 379 640 
0 195 379 640 
0 194 380 640 
0 194 380 640 
0 193 381 640 
0 190 191 193 381 640 
0 189 190 193 382 640 
0 188 190 192 383 640 
0 188 190 193 383 640 
0 187 190 192 384 640 
0 187 190 192 385 640 
0 186 190 192 386 640 
0 185 190 192 388 640 
0 185 189 191 389 640 
0 184 189 191 391 640 
0 184 189 191 393 640 
0 183 188 190 389 391 392 640 
0 183 188 190 381 383 386 640 
0 182 189 190 381 383 387 640 
0 182 189 190 381 383 387 640 
0 181 381 383 387 640 
0 181 381 383 388 640 
0 180 381 383 389 640 
0 180 381 384 389 640 
0 180 381 384 389 640 
0 179 382 384 390 640 
0 179 382 384 390 640 
0 179 383 385 390 640 
0 179 384 385 391 640 
0 178 384 386 391 640 
0 178 385 386 391 640 
0 178 385 387 391 640 
0 178 385 387 392 640 
0 178 386 387 392 640 
0 177 386 388 392 640 
0 177 387 388 392 640 
0 177 387 389 393 640 
0 177 387 389 393 640 
0 177 388 390 393 640 
0 177 388 391 393 640 
0 177 388 392 394 640 
0 177 388 640 
0 177 387 640 
