0 640 
0 640 
0 640 
0 640 
0 640 
0 640 
0 640 
0 640 
0 640 
0 640 
0 640 
0 640 
0 640 
0 640 
0 640 
0 640 
0 640 
0 640 
0 640 
0 640 
0 640 
0 640 
0 640 
0 640 
0 640 
0 640 
0 640 
0 640 
0 640 
0 640 
0 640 
0 640 
0 640 
0 640 
0 640 
0 640 
0 640 
0 640 
0 640 
0 640 
0 640 
0 640 
0 640 
0 640 
0 640 
0 640 
0 640 
0 640 
0 640 
0 640 
0 640 
0 640 
0 640 
0 640 
0 640 
0 640 
0 640 
0 640 
0 640 
0 640 
0 640 
0 640 
0 640 
0 640 
0 640 
0 640 
0 640 
0 640 
0 640 
0 640 
0 640 
0 640 
0 640 
0 640 
0 640 
0 640 
0 640 
0 640 
0 640 
0 640 
0 640 
0 640 
0 640 
0 640 
0 640 
0 640 
0 640 
0 640 
0 640 
0 640 
0 640 
0 640 
0 640 
0 298 307 640 
0 297 309 640 
0 295 312 640 
0 294 314 640 
0 293 314 640 
0 293 315 324 328 640 
0 292 315 323 330 640 
0 291 315 321 331 640 
0 274 279 291 315 320 332 640 
0 272 281 290 315 319 333 640 
0 271 282 290 316 318 333 640 
0 270 283 289 334 640 
0 269 285 287 334 640 
0 268 335 343 347 640 
0 267 335 341 349 640 
0 266 351 640 
0 265 352 640 
0 264 354 640 
0 263 354 640 
0 262 354 640 
0 261 354 640 
0 261 355 640 
0 261 355 640 
0 261 355 640 
0 261 355 640 
0 261 355 640 
0 261 354 640 
0 262 354 640 
0 263 354 640 
0 264 354 640 
0 265 353 640 
0 265 353 640 
0 265 353 640 
0 255 353 640 
0 253 353 640 
0 251 353 640 
0 251 353 640 
0 251 354 640 
0 251 354 640 
0 250 355 640 
0 251 356 640 
0 251 357 640 
0 251 357 640 
0 251 359 640 
0 251 359 640 
0 250 358 640 
0 249 358 640 
0 249 357 640 
0 249 356 640 
0 250 356 640 
0 250 355 640 
0 251 355 640 
0 252 354 640 
0 253 354 640 
0 255 353 640 
0 255 353 640 
0 256 353 640 
0 257 353 640 
0 258 354 640 
0 258 355 640 
0 258 355 640 
0 257 355 640 
0 257 356 640 
0 257 356 640 
0 256 356 640 
0 256 356 640 
0 256 357 640 
0 256 357 640 
0 256 357 640 
0 255 357 640 
0 255 357 640 
0 255 358 640 
0 255 358 640 
0 255 358 640 
0 255 358 640 
0 255 358 640 
0 255 256 258 359 640 
0 258 359 640 
0 257 359 640 
0 257 359 640 
0 257 354 355 359 640 
0 257 354 356 359 640 
0 257 354 357 360 640 
0 257 354 358 360 640 
0 256 354 359 360 640 
0 256 354 640 
0 256 354 640 
0 256 354 640 
0 256 354 640 
0 256 354 640 
0 256 355 640 
0 256 355 640 
0 256 355 640 
0 255 355 640 
0 255 355 640 
0 255 355 640 
0 255 355 640 
0 254 356 640 
0 254 356 640 
0 253 357 640 
0 254 357 640 
0 255 357 640 
0 255 357 640 
0 255 358 640 
0 255 358 640 
0 255 358 640 
0 254 358 640 
0 254 258 260 359 640 
0 256 258 260 264 266 355 357 359 640 
0 261 264 266 350 351 355 357 359 640 
0 261 264 266 349 351 355 359 360 640 
0 261 263 267 349 351 355 640 
0 262 263 267 344 345 348 352 355 640 
0 267 343 346 348 352 355 640 
0 268 343 346 348 353 356 640 
0 268 342 353 356 640 
0 268 342 640 
0 269 342 640 
0 269 341 640 
0 269 341 640 
0 270 340 640 
0 270 340 640 
0 270 272 273 339 640 
0 274 286 288 339 640 
0 274 286 288 339 640 
0 274 286 288 319 320 338 640 
0 274 286 288 327 328 339 640 
0 274 286 288 327 328 339 640 
0 273 286 289 326 328 338 640 
0 271 284 285 286 289 326 327 338 640 
0 271 283 289 338 640 
0 271 283 289 338 640 
0 271 286 290 338 640 
0 271 285 290 337 640 
0 272 279 282 283 290 336 640 
0 272 279 289 336 640 
0 272 278 288 336 640 
0 273 278 287 337 640 
0 273 278 286 338 640 
0 273 278 285 339 640 
0 273 278 284 340 640 
0 273 278 283 341 640 
0 272 278 281 342 640 
0 272 278 280 343 640 
0 273 278 279 344 640 
0 273 345 640 
0 273 346 640 
0 273 347 640 
0 272 348 640 
0 272 349 640 
0 271 349 640 
0 270 350 640 
0 269 351 640 
0 269 351 640 
0 268 352 640 
0 268 353 640 
0 268 354 640 
0 267 355 640 
0 267 355 640 
0 267 356 640 
0 267 357 640 
0 266 358 640 
0 266 358 640 
0 266 359 640 
0 266 360 640 
0 266 361 640 
0 265 362 640 
0 265 362 640 
0 265 363 640 
0 265 364 640 
0 265 364 640 
0 265 365 640 
0 264 366 640 
0 264 366 640 
0 264 367 640 
0 264 367 640 
0 264 368 640 
0 263 368 640 
0 263 369 640 
0 263 370 640 
0 263 370 640 
0 263 370 640 
0 263 370 640 
0 262 371 640 
0 262 371 640 
0 262 372 640 
0 262 372 640 
0 262 372 640 
0 262 372 640 
0 262 373 640 
0 262 373 640 
0 262 373 640 
0 263 373 640 
0 263 374 640 
0 263 374 640 
0 263 374 640 
0 264 374 640 
0 264 374 640 
0 265 374 640 
0 266 374 640 
0 267 374 640 
0 268 374 640 
0 270 375 640 
0 271 375 640 
0 272 375 640 
0 273 375 640 
0 273 375 640 
0 273 375 640 
0 273 375 640 
0 273 376 640 
0 273 379 640 
0 274 378 379 381 640 
0 274 382 640 
0 274 383 640 
0 274 384 640 
0 274 384 640 
0 274 384 640 
0 275 384 640 
0 276 385 640 
0 277 385 640 
0 278 385 640 
0 278 386 640 
0 278 386 640 
0 278 385 640 
0 278 385 640 
0 278 386 640 
0 278 386 640 
0 278 386 640 
0 279 386 640 
0 279 385 640 
0 279 385 640 
0 279 384 640 
0 279 384 640 
0 279 382 640 
0 279 382 640 
0 280 382 640 
0 280 382 640 
0 280 382 640 
0 280 382 640 
0 280 382 640 
0 280 382 640 
0 280 382 640 
0 280 383 640 
0 281 383 640 
0 281 384 640 
0 281 374 376 384 640 
0 281 374 377 385 640 
0 282 374 377 385 640 
0 282 373 376 384 640 
0 282 373 375 383 640 
0 282 373 375 382 640 
0 281 373 374 381 640 
0 275 373 374 380 640 
0 271 373 374 379 640 
0 268 373 374 378 640 
0 266 373 374 377 640 
0 263 373 374 376 640 
0 261 373 640 
0 261 373 640 
0 260 373 640 
0 260 373 640 
0 260 373 640 
0 260 373 640 
0 259 373 640 
0 259 373 640 
0 259 373 640 
0 258 373 640 
0 258 373 640 
0 258 370 640 
0 258 369 640 
0 257 369 640 
0 257 369 640 
0 257 372 640 
0 256 374 640 
0 256 375 640 
0 255 376 640 
0 255 377 640 
0 255 377 640 
0 254 377 640 
0 254 377 640 
0 253 377 640 
0 252 376 640 
0 252 375 640 
0 251 374 640 
0 251 373 640 
0 251 372 640 
0 250 372 640 
0 250 373 640 
0 250 373 640 
0 249 373 640 
0 249 374 640 
0 249 374 640 
0 249 375 640 
0 249 375 640 
0 249 376 640 
0 249 377 640 
0 249 378 640 
0 249 379 640 
0 249 275 276 379 640 
0 248 274 277 380 640 
0 249 274 277 381 640 
0 249 273 277 381 640 
0 249 273 277 382 640 
0 249 272 277 382 640 
0 249 272 276 382 640 
0 249 271 276 382 640 
0 250 271 276 383 640 
0 250 270 276 383 640 
0 250 270 275 383 640 
0 250 269 275 383 640 
0 250 268 275 383 640 
0 251 268 275 384 640 
0 251 267 275 384 640 
0 252 267 274 384 640 
0 252 266 274 385 640 
0 252 266 274 385 640 
0 252 265 274 385 640 
0 253 265 274 385 640 
0 253 264 274 385 640 
0 252 263 274 385 640 
0 251 262 274 385 640 
0 251 262 273 385 640 
0 250 261 273 385 640 
0 250 260 273 385 640 
0 249 260 273 385 640 
0 248 259 273 385 640 
0 248 258 273 385 640 
0 247 258 273 384 640 
0 246 257 273 384 640 
0 246 256 272 384 640 
0 245 255 272 383 640 
0 244 254 272 383 640 
0 243 254 272 383 640 
0 243 253 272 383 640 
0 242 252 272 382 640 
0 241 252 272 382 640 
0 240 251 272 381 640 
0 240 250 272 381 640 
0 239 249 272 380 640 
0 237 248 272 380 640 
0 234 248 272 380 640 
0 232 247 272 380 640 
0 230 246 272 380 640 
0 228 245 272 380 640 
0 226 244 272 380 640 
0 225 244 272 380 640 
0 225 243 272 380 640 
0 224 242 271 380 640 
0 223 241 271 380 640 
0 223 240 271 380 640 
0 222 240 271 380 640 
0 221 239 271 381 640 
0 221 238 271 381 640 
0 220 237 271 381 640 
0 219 235 271 381 640 
0 219 234 271 381 640 
0 218 234 271 381 640 
0 217 232 271 382 640 
0 217 232 271 382 640 
0 216 230 271 382 640 
0 215 230 271 382 640 
0 215 229 270 382 640 
0 214 227 270 382 640 
0 213 226 270 382 640 
0 212 225 270 382 640 
0 212 224 270 383 640 
0 211 223 270 383 640 
0 210 221 270 383 640 
0 209 220 270 383 640 
0 208 218 270 383 640 
0 207 217 270 383 640 
0 206 216 269 383 640 
0 205 214 269 384 640 
0 203 213 269 384 640 
0 202 211 269 384 640 
0 200 210 269 385 640 
0 198 208 268 385 640 
0 197 206 268 385 640 
0 195 204 268 383 384 385 640 
0 193 203 268 385 640 
0 191 201 267 384 385 386 640 
0 190 199 267 386 640 
0 188 197 266 388 640 
0 186 196 266 389 640 
0 185 194 266 388 640 
0 183 191 266 391 640 
0 182 191 266 391 640 
