122 389 
120 389 
117 390 
115 391 
114 391 
113 392 
113 393 
113 393 
113 394 
113 395 
113 147 148 396 
113 144 148 396 
113 142 148 397 
114 139 148 398 
114 137 148 398 
115 135 147 399 
115 134 147 400 
116 132 147 400 
117 130 147 401 
118 130 147 402 
119 131 147 402 
121 125 127 132 147 403 
128 133 147 403 
128 135 147 404 
129 137 146 404 
129 140 146 405 
130 142 146 405 
130 144 146 406 
131 406 
131 407 
132 407 
132 407 
133 408 
133 408 
134 408 
134 409 
134 409 
135 409 
135 410 
135 410 
136 410 
136 410 
136 410 
136 410 
137 411 
137 411 
137 412 
137 411 
137 411 
137 411 
138 411 
138 411 
138 411 
138 411 
138 411 
138 411 
139 411 
139 411 
139 411 
139 411 
139 411 
140 411 
140 411 
140 228 230 411 
141 227 231 411 
141 225 231 412 
141 223 231 411 
142 220 231 411 
142 217 231 411 
142 217 231 411 
143 218 231 410 
143 218 231 410 
143 219 231 410 
143 211 217 218 231 410 
143 206 232 410 
144 205 232 410 
144 205 232 409 
144 205 232 409 
144 205 232 409 
145 206 233 409 
145 206 233 408 
145 207 233 408 
145 207 233 408 
145 208 234 408 
145 208 234 407 
145 209 235 407 
146 210 235 407 
146 210 235 406 
146 211 235 406 
146 212 236 406 
146 212 236 405 
146 213 237 405 
145 213 237 405 
145 214 237 404 
145 214 238 404 
144 215 238 403 
144 215 239 403 
144 216 239 403 
143 216 240 402 
142 217 240 402 
142 218 241 401 
141 219 241 401 
141 220 242 400 
140 222 242 399 
140 223 243 399 
140 224 243 398 
139 225 244 398 
139 225 245 397 
139 225 245 396 
139 211 215 224 246 396 
138 211 219 223 246 395 
138 212 247 394 
138 212 248 394 
137 212 249 393 
137 212 249 392 
136 213 250 391 
136 213 251 390 
135 213 252 390 
135 213 252 389 
136 147 148 213 253 388 
148 214 254 387 
148 214 255 386 
148 214 256 384 
147 214 257 383 
147 214 258 382 
147 214 259 381 
147 215 260 380 
147 215 262 379 
147 215 263 377 
146 215 264 376 
146 215 265 374 
146 216 267 373 
146 216 268 371 
146 216 270 370 
146 216 271 368 
145 216 273 366 
145 217 275 364 
145 217 277 362 
145 217 279 360 
145 217 282 359 
145 218 284 357 
145 218 287 355 436 438 
145 218 290 353 436 448 
145 218 293 351 438 454 
145 218 296 350 441 458 
145 218 299 349 426 429 444 461 
145 219 302 348 424 442 445 464 471 476 
145 219 304 347 423 480 
145 219 306 347 423 483 
145 219 308 346 425 486 
145 219 309 346 428 489 
145 220 310 346 430 493 
145 220 310 346 432 496 
145 220 311 346 433 498 
146 220 311 346 432 500 
146 220 311 346 430 502 
146 220 312 345 428 505 
146 221 312 345 421 424 425 508 
146 221 312 345 419 511 
146 221 312 345 417 514 
146 221 312 345 419 516 
146 222 312 345 419 518 
145 222 313 345 418 520 
145 222 313 345 417 522 
145 222 313 345 416 523 
145 156 157 222 313 345 414 524 
145 156 157 223 313 345 413 525 
145 156 157 223 314 345 412 527 
145 156 157 223 314 345 410 528 
145 156 158 223 314 345 409 530 
144 155 158 223 314 345 408 531 
144 155 158 223 315 345 406 532 
144 155 158 224 315 345 405 534 
144 155 158 224 315 345 404 535 
144 155 158 224 315 344 402 536 
144 155 158 224 316 343 401 537 
143 155 158 224 316 342 400 538 
143 155 158 225 317 341 399 540 
143 155 158 225 318 336 398 541 
143 155 158 225 318 329 396 542 
143 155 156 225 319 328 395 543 
143 225 319 327 395 544 
143 225 319 326 398 545 
143 225 320 326 397 546 
142 226 320 326 396 547 
141 226 320 325 395 548 
140 226 321 324 395 549 
140 226 394 550 
140 226 393 551 
139 226 393 552 
139 227 392 553 
139 227 392 555 
138 227 394 555 
138 227 393 556 
138 227 393 557 
137 150 151 227 392 558 
137 150 153 228 391 559 
137 150 154 228 391 560 
137 149 161 228 394 561 
137 149 161 228 393 561 
137 149 161 228 392 562 
136 148 161 228 391 401 402 563 
136 148 161 228 390 399 403 564 
136 148 161 228 360 365 390 398 403 565 
136 148 160 229 359 365 389 397 402 566 593 600 
136 148 160 229 358 366 388 395 403 567 593 603 
136 147 160 229 357 367 389 395 402 567 594 605 
136 147 160 229 357 368 389 393 402 568 595 607 
136 147 160 229 356 370 389 393 402 569 595 608 
135 147 160 229 356 371 389 392 401 570 597 609 
135 147 160 229 356 372 388 392 400 570 598 610 
135 147 160 229 355 374 388 390 400 571 599 611 
135 146 160 229 355 375 387 390 400 572 594 612 
135 146 159 229 355 377 387 389 399 573 590 613 635 640 
135 146 159 229 355 379 398 574 586 614 626 640 
135 146 159 229 355 381 396 575 582 640 
135 146 159 229 355 385 393 577 579 640 
135 146 158 229 354 640 
135 149 158 229 354 640 
135 152 158 229 354 640 
135 154 158 230 354 640 
135 156 157 230 353 640 
135 230 353 640 
135 230 352 640 
135 230 350 640 
135 230 348 640 
135 230 345 640 
135 167 168 231 341 640 
135 167 168 231 340 640 
135 166 169 232 339 640 
135 165 169 233 338 640 
135 164 170 234 338 640 
136 163 170 235 337 640 
136 163 170 236 337 640 
136 162 171 237 337 640 
136 150 151 162 171 238 337 640 
136 148 152 162 172 239 337 640 
136 148 152 162 172 240 337 640 
136 148 152 162 173 241 337 640 
136 147 152 162 173 242 337 640 
135 147 152 162 173 244 337 640 
135 147 152 162 174 245 336 640 
135 147 152 162 174 246 336 640 
135 147 151 162 175 247 336 640 
135 147 151 162 175 248 335 640 
135 147 151 162 176 249 335 640 
135 147 151 162 176 250 334 640 
135 146 151 162 177 251 333 640 
135 146 151 161 177 252 332 640 
135 146 151 161 178 253 320 322 330 640 
134 146 150 161 178 255 318 640 
134 146 150 161 179 256 317 640 
134 146 150 161 180 257 317 640 
134 146 150 161 180 258 317 640 
134 145 150 161 181 259 317 640 
134 145 150 161 181 260 317 640 
134 145 150 160 182 261 316 640 
134 145 150 160 182 262 315 640 
133 145 150 160 183 263 315 640 
133 145 149 160 184 264 314 640 
133 146 149 160 184 265 313 640 
133 160 185 266 312 640 
133 160 186 267 311 640 
133 160 186 268 310 640 
132 162 187 269 309 640 
131 163 188 270 309 640 
130 163 188 271 308 640 
130 163 189 272 307 640 
130 163 190 273 307 640 
130 163 190 274 306 640 
129 163 191 275 305 640 
129 163 192 276 305 640 
129 163 192 277 305 640 
129 163 193 278 305 640 
128 163 194 278 305 640 
128 163 195 279 305 640 
128 163 195 280 305 640 
127 140 144 163 196 281 305 640 
127 140 152 163 197 282 306 640 
127 139 152 163 197 283 306 640 
127 139 152 163 198 284 306 640 
127 139 152 163 199 285 307 640 
127 139 152 163 200 286 307 640 
127 139 152 163 201 287 308 640 
126 139 152 163 202 288 309 640 
126 138 152 163 202 289 309 640 
126 138 152 162 203 290 310 640 
126 138 151 162 204 290 310 640 
126 138 151 162 205 291 311 640 
126 138 151 162 206 292 311 640 
126 138 151 162 206 293 312 640 
126 138 151 162 207 294 313 640 
125 138 151 162 208 295 313 635 
125 137 150 162 209 295 314 629 
125 137 150 162 210 296 314 623 
125 137 150 162 210 297 315 620 
125 137 150 161 211 298 315 616 
125 137 150 161 212 299 316 610 
125 137 150 161 213 300 316 606 
125 137 150 161 213 301 317 605 
125 137 150 161 214 302 317 605 
125 137 149 161 215 302 317 605 
125 143 149 160 216 303 318 606 
125 146 148 160 217 304 318 609 
125 160 217 305 319 611 
125 160 218 306 319 613 
125 159 219 306 319 615 
125 159 220 307 320 616 
125 159 221 308 320 618 
125 159 222 309 320 619 
125 158 223 310 320 620 
125 158 224 311 321 621 
125 158 224 311 321 622 
125 157 225 312 321 623 
125 156 226 313 321 624 
126 155 227 314 322 640 
127 155 228 315 322 640 
127 154 228 315 322 640 
127 154 229 316 322 640 
127 140 142 154 230 317 322 640 
127 139 143 154 231 318 322 640 
127 139 143 154 232 318 322 640 
126 139 143 154 233 319 323 640 
126 139 143 154 233 320 323 640 
126 139 143 154 234 321 323 640 
126 139 142 154 235 322 323 640 
126 138 143 154 236 322 323 640 
126 138 143 154 237 640 
126 138 142 154 238 640 
126 138 142 154 238 640 
126 138 142 154 239 640 
126 138 142 153 240 640 
125 138 142 153 241 640 
125 138 142 153 242 640 
125 138 142 153 243 640 
125 137 142 153 243 640 
125 137 141 153 245 640 
125 137 141 153 245 640 
125 137 141 153 246 640 
125 137 141 153 247 640 
125 137 141 153 248 640 
125 137 141 152 249 640 
125 137 141 152 249 640 
125 137 141 152 250 640 
125 137 141 152 251 640 
124 152 252 640 
124 152 253 640 
124 152 254 640 
124 152 255 640 
124 154 256 640 
123 155 257 640 
122 155 257 640 
121 155 258 640 
121 155 259 640 
121 155 260 640 
121 155 261 640 
120 155 262 640 
120 155 263 640 
120 155 264 640 
120 155 264 640 
119 155 265 640 
119 156 266 640 
119 156 267 640 
118 133 134 156 268 640 
118 131 143 156 268 640 
118 131 143 156 269 640 
118 131 143 156 270 640 
118 131 143 156 271 640 
118 131 143 155 272 640 
118 131 143 155 273 640 
118 131 143 155 274 640 
118 131 143 155 274 640 
117 130 143 155 275 640 
117 130 143 155 276 640 
117 130 143 155 278 640 
117 130 143 155 279 640 
117 130 143 155 279 640 
117 130 143 155 280 640 
117 130 143 155 281 640 
117 130 142 155 282 640 
117 130 142 155 283 640 
117 130 142 154 284 640 
116 130 142 154 285 640 
116 129 142 154 286 640 
116 130 142 154 286 640 
116 129 142 154 288 640 
116 129 142 154 289 640 
116 129 142 154 290 640 
116 129 141 154 291 640 
116 129 141 154 292 640 
116 153 293 640 
116 153 294 640 
116 153 295 640 
116 153 295 640 
116 152 296 640 
116 152 296 640 
117 152 296 640 
117 152 295 640 
117 151 295 640 
117 151 294 640 
117 151 293 640 
117 150 293 640 
117 149 292 640 
118 149 291 640 
119 148 291 640 
120 148 290 640 
120 148 289 640 
120 148 289 640 
120 134 135 148 288 640 
119 133 136 148 288 640 
119 133 136 148 287 640 
119 133 136 148 286 640 
119 132 136 148 286 640 
119 132 136 148 285 640 
118 132 136 148 285 640 
118 132 136 148 284 640 
118 132 136 148 283 640 
118 132 136 148 283 640 
118 131 135 148 282 640 
118 132 135 148 281 640 
118 132 135 148 281 640 
118 132 135 148 280 640 
118 132 135 148 279 640 
118 132 135 148 273 640 
118 132 135 148 270 640 
118 132 135 148 269 640 
118 132 135 147 268 640 
118 132 135 147 267 640 
118 131 135 147 266 640 
118 132 135 147 266 640 
118 132 134 147 265 640 
118 131 134 147 264 640 
118 131 134 147 264 640 
118 132 134 146 263 640 
117 146 263 640 
117 147 262 640 
117 147 262 640 
117 148 262 640 
117 150 261 640 
117 150 261 640 
117 150 261 640 
116 150 260 640 
115 150 260 640 
115 150 260 640 
115 151 259 640 
114 151 259 640 
114 151 258 640 
114 151 258 640 
114 152 257 640 
114 152 256 640 
113 152 255 640 
113 152 254 550 551 640 
113 152 253 549 550 640 
113 151 253 548 550 640 
113 134 137 151 252 547 549 640 
112 128 138 152 251 546 550 640 
112 126 138 152 251 546 550 640 
112 127 138 152 250 545 550 640 
112 127 138 152 250 544 550 640 
112 127 138 152 249 543 550 640 
112 126 138 152 248 542 550 640 
112 126 138 152 248 541 550 640 
112 126 138 152 247 540 550 640 
112 126 138 152 247 540 550 640 
112 126 138 152 247 539 550 640 
112 126 138 152 246 538 551 640 
112 126 138 152 246 537 551 640 
112 125 138 152 246 536 551 640 
112 125 138 152 245 535 552 640 
111 126 138 152 245 535 552 640 
111 126 138 152 245 534 551 640 
111 125 138 152 245 533 551 640 
111 126 138 151 244 533 551 632 635 638 
111 125 138 151 244 532 550 630 
111 125 138 151 244 531 550 629 
111 125 138 151 243 531 550 629 
111 125 138 150 243 530 550 629 
111 126 138 150 243 530 550 628 
111 126 137 151 243 529 550 627 
111 127 137 151 243 529 550 626 
