605 640 
605 640 
605 640 
605 640 
605 640 
605 640 
605 640 
605 640 
605 640 
605 640 
605 640 
605 640 
605 640 
605 640 
605 640 
605 640 
605 640 
605 640 
605 640 
605 640 
605 640 
605 640 
605 640 
605 640 
605 640 
605 640 
605 640 
605 640 
605 640 
605 640 
605 640 
605 640 
605 640 
605 640 
605 640 
605 640 
605 640 
605 640 
605 640 
605 640 
605 640 
605 640 
605 640 
605 640 
605 640 
605 640 
605 640 
605 640 
605 640 
605 640 
605 640 
605 640 
605 640 
605 640 
605 640 
605 640 
605 640 
605 640 
605 640 
605 640 
605 640 
605 640 
605 640 
605 640 
605 640 
605 640 
605 640 
605 640 
605 640 
605 640 
605 640 
605 640 
605 640 
605 640 
605 640 
605 640 
605 640 
605 640 
605 640 
605 640 
605 640 
605 640 
605 640 
605 640 
605 640 
605 640 
605 640 
605 640 
605 640 
605 640 
605 640 
605 640 
605 640 
605 640 
605 640 
605 640 
605 640 
605 640 
605 640 
605 640 
605 640 
605 640 
605 640 
605 640 
605 640 
605 640 
605 640 
605 640 
605 640 
605 640 
605 640 
605 640 
605 640 
605 640 
605 640 
605 640 
605 640 
605 640 
605 640 
605 640 
605 640 
605 640 
605 640 
324 326 605 640 
322 327 605 640 
320 328 605 640 
320 329 605 640 
320 329 605 640 
320 330 605 640 
320 330 605 640 
321 330 605 640 
321 330 605 640 
322 330 605 640 
322 330 605 640 
322 331 605 640 
322 331 605 640 
322 331 605 640 
322 331 605 640 
323 331 605 640 
323 331 605 640 
323 331 605 640 
323 331 605 640 
323 332 605 640 
323 332 605 640 
324 332 605 640 
324 332 605 640 
324 332 605 640 
324 332 605 640 
324 332 605 640 
324 332 605 640 
315 333 605 640 
292 334 605 640 
287 350 605 640 
284 365 605 640 
281 368 605 640 
280 370 605 640 
278 373 605 640 
276 375 605 640 
275 376 605 640 
273 378 605 640 
272 379 605 640 
271 380 605 640 
271 381 605 640 
270 382 605 640 
269 383 605 640 
268 384 605 640 
267 385 605 640 
266 386 605 640 
266 387 605 640 
265 387 605 640 
264 388 605 640 
264 389 605 640 
263 389 605 640 
263 390 605 640 
262 390 605 640 
262 390 605 640 
262 391 605 640 
261 391 605 640 
261 391 605 640 
261 392 605 640 
261 392 605 640 
260 393 605 640 
260 393 605 640 
260 393 605 640 
260 394 605 640 
260 394 605 640 
260 394 605 640 
259 394 605 640 
259 394 605 640 
259 394 605 640 
259 395 605 640 
259 395 605 640 
258 395 605 640 
258 395 605 640 
258 395 605 640 
258 395 605 640 
258 395 605 640 
258 395 605 640 
258 395 605 640 
258 395 605 640 
258 395 605 640 
258 395 605 640 
258 395 605 640 
258 395 605 640 
259 395 605 640 
259 395 605 640 
259 395 605 640 
259 395 605 640 
259 395 605 640 
259 394 605 640 
259 394 605 640 
259 394 605 640 
260 394 605 640 
260 394 605 640 
260 394 605 640 
260 394 605 640 
260 394 605 640 
261 394 605 640 
261 393 605 640 
261 393 605 640 
261 393 605 640 
261 393 605 640 
261 393 605 640 
262 393 605 640 
262 393 605 640 
262 392 605 640 
262 392 605 640 
262 392 605 640 
263 392 605 640 
263 391 605 640 
263 391 605 640 
264 391 605 640 
264 390 605 640 
264 390 605 640 
265 390 605 640 
265 390 605 640 
265 389 605 640 
266 389 605 640 
266 389 605 640 
266 388 605 640 
267 388 605 640 
267 388 605 640 
267 387 605 640 
268 387 605 640 
268 386 605 640 
269 386 605 640 
269 385 605 640 
270 385 605 640 
270 384 605 640 
271 384 605 640 
271 383 605 640 
272 383 605 640 
272 382 605 640 
273 382 605 640 
274 381 605 640 
274 380 605 640 
275 380 605 640 
275 379 605 640 
276 378 605 640 
277 377 605 640 
277 376 605 640 
278 376 605 640 
279 375 605 640 
280 374 605 640 
280 373 605 640 
281 372 605 640 
282 371 605 640 
283 370 605 640 
284 369 605 640 
285 368 605 640 
286 367 605 640 
287 366 605 640 
288 365 605 640 
290 364 605 640 
291 362 605 640 
293 322 325 360 605 640 
296 319 328 359 605 640 
298 317 331 356 605 640 
302 315 333 353 605 640 
338 348 605 640 
605 640 
605 640 
605 640 
605 640 
605 640 
605 640 
605 640 
605 640 
605 640 
605 640 
605 640 
605 640 
605 640 
605 640 
605 640 
605 640 
605 640 
605 640 
605 640 
605 640 
605 640 
605 640 
605 640 
605 640 
605 640 
605 640 
605 640 
605 640 
605 640 
605 640 
605 640 
605 640 
605 640 
605 640 
605 640 
605 640 
605 640 
605 640 
605 640 
605 640 
605 640 
605 640 
605 640 
605 640 
605 640 
605 640 
605 640 
605 640 
605 640 
605 640 
605 640 
605 640 
605 640 
605 640 
605 640 
605 640 
605 640 
605 640 
605 640 
0 1 605 640 
0 2 605 640 
0 2 605 640 
0 2 605 640 
0 2 605 640 
0 2 605 640 
0 2 605 640 
0 2 605 640 
0 2 605 640 
0 3 605 640 
0 3 605 640 
0 3 605 640 
0 3 605 640 
0 3 605 640 
0 3 605 640 
0 3 605 640 
0 3 605 640 
0 3 605 640 
0 3 605 640 
0 4 605 640 
0 4 605 640 
0 4 605 640 
0 4 605 640 
0 5 605 640 
0 5 605 640 
0 6 605 640 
0 7 605 640 
0 7 605 640 
0 8 605 640 
0 8 605 640 
0 9 605 640 
0 10 605 640 
0 11 605 640 
0 11 605 640 
0 4 6 12 605 640 
0 4 9 13 605 640 
0 4 605 640 
0 4 605 640 
0 4 605 640 
0 4 605 640 
0 4 605 640 
0 4 605 640 
0 4 605 640 
0 4 605 640 
0 4 605 640 
0 4 605 640 
0 4 605 640 
0 4 605 640 
0 5 605 640 
0 5 605 640 
0 5 605 640 
0 5 605 640 
0 5 605 640 
0 5 605 640 
0 5 605 640 
0 5 605 640 
0 5 605 640 
0 5 605 640 
0 5 605 640 
0 5 605 640 
0 5 605 640 
0 5 605 640 
0 5 605 640 
0 5 605 640 
0 5 605 640 
0 5 605 640 
0 5 605 640 
0 5 605 640 
0 5 605 640 
0 5 605 640 
0 5 605 640 
0 5 605 640 
0 5 605 640 
0 5 605 640 
0 5 605 640 
0 5 605 640 
0 5 605 640 
0 5 605 640 
0 5 605 640 
0 5 605 640 
0 5 605 640 
0 5 605 640 
0 5 605 640 
0 5 605 640 
0 5 605 640 
0 5 605 640 
0 5 605 640 
0 5 605 640 
0 5 605 640 
0 5 605 640 
0 5 605 640 
0 5 605 640 
0 5 605 640 
0 5 605 640 
0 5 605 640 
0 5 605 640 
0 5 605 640 
0 5 605 640 
0 5 605 640 
0 5 605 640 
0 5 605 640 
0 5 605 640 
0 5 605 640 
0 5 605 640 
0 2 3 5 605 640 
3 5 605 640 
3 6 605 640 
4 6 605 640 
4 6 605 640 
4 6 605 640 
4 6 605 640 
4 6 605 640 
4 6 605 640 
4 6 605 640 
4 6 605 640 
4 6 605 640 
5 6 605 640 
5 6 605 640 
5 6 605 640 
5 6 605 640 
605 640 
605 640 
605 640 
605 640 
605 640 
605 640 
605 640 
605 640 
605 640 
605 640 
605 640 
605 640 
605 640 
605 640 
605 640 
605 640 
605 640 
605 640 
605 640 
605 640 
605 640 
