0 521 
0 521 
0 521 
0 521 
0 521 
0 521 
0 520 
0 520 
0 520 
0 520 
0 520 
0 520 
0 520 
0 520 
0 520 
0 520 
0 520 
0 520 
0 520 
0 520 
0 520 
0 520 
0 520 
0 520 
0 520 
0 520 
0 520 
0 520 
0 520 
0 520 
0 520 
0 520 
0 520 
0 520 
0 520 
0 520 
0 520 
0 520 
0 520 
0 520 
0 520 
0 520 
0 520 
0 520 
0 520 
0 520 
0 521 
0 521 
0 521 
0 521 
0 521 
0 521 
0 521 
0 521 
0 522 
0 522 
0 522 
0 522 
0 522 
0 522 
0 523 
0 523 
0 523 
0 523 
0 524 
0 524 
0 524 
0 524 
0 524 
0 525 
0 525 
0 525 
0 526 
0 526 
0 526 
0 527 
0 527 
0 527 
0 528 
0 528 
0 528 
0 528 
0 529 
0 529 
0 530 
0 530 
0 530 
0 531 
0 531 
0 531 
0 532 
0 532 
0 533 
0 533 
0 534 
0 534 
0 534 
0 535 
0 535 
0 536 
0 536 
0 537 
0 538 
0 538 
0 538 
0 539 
0 539 
0 540 
0 540 
0 541 
0 542 
0 542 
0 543 
0 543 
0 544 
0 545 
0 545 
0 546 
0 547 
0 547 
0 548 
0 549 
0 549 
0 550 
0 551 
0 552 
0 552 
0 553 
0 554 
0 555 
0 555 
0 556 
0 557 
0 558 
0 559 
0 559 
0 560 
0 561 
0 305 312 562 
0 300 316 563 
0 297 319 564 
0 295 321 565 
0 293 324 566 
0 291 326 567 
0 289 327 568 
0 287 329 569 
0 286 330 570 
0 285 331 571 
0 283 332 572 
0 282 332 573 
0 281 334 575 
0 280 334 575 
0 278 335 577 
0 277 336 577 
0 276 337 579 
0 275 338 580 
0 275 338 581 
0 274 339 582 
0 273 340 584 
0 272 341 585 
0 271 341 587 
0 271 342 588 
0 270 342 590 
0 270 343 591 
0 270 343 592 
0 269 344 594 
0 269 344 595 
0 268 345 597 
0 268 345 598 
0 268 346 600 
0 268 346 602 
0 267 346 604 
0 267 346 606 
0 267 347 608 
0 267 347 610 
0 267 347 612 
0 267 348 614 
0 267 348 615 
0 267 348 618 
0 267 349 620 
0 267 349 623 
0 267 349 625 
0 267 350 628 
0 267 350 630 
0 267 350 634 
0 267 350 637 
0 268 351 640 
0 268 351 640 
0 268 269 270 351 640 
0 271 352 640 
0 271 352 640 
0 272 352 640 
0 272 352 640 
0 273 352 640 
0 275 353 640 
0 277 353 640 
0 278 353 640 
0 281 353 640 
0 281 283 286 353 640 
0 287 354 640 
0 287 354 640 
0 287 354 640 
0 286 354 640 
0 286 355 640 
0 288 355 640 
0 290 355 640 
0 291 355 640 
0 292 355 640 
0 293 355 640 
0 295 355 640 
0 296 309 311 356 640 
0 298 309 311 356 640 
0 298 309 312 356 640 
0 298 310 311 356 640 
0 298 310 312 356 640 
0 298 310 312 356 640 
0 298 310 312 356 640 
0 298 310 312 357 640 
0 298 310 312 357 640 
0 298 311 312 357 640 
0 298 357 640 
0 298 357 640 
0 298 358 640 
0 298 358 640 
0 298 358 640 
0 298 359 640 
0 298 359 640 
0 298 359 640 
0 298 359 640 
0 297 360 640 
0 294 360 640 
0 293 360 640 
0 292 360 640 
0 292 360 640 
0 292 361 640 
0 292 361 640 
0 292 361 640 
0 293 361 640 
0 294 362 640 
0 294 362 640 
0 293 362 640 
0 293 362 640 
0 292 362 640 
0 292 363 640 
0 291 363 640 
0 291 363 640 
0 291 363 640 
0 290 364 640 
0 290 364 640 
0 289 364 640 
0 289 364 640 
0 289 365 640 
0 289 365 640 
0 288 365 640 
0 288 365 640 
0 288 365 640 
0 288 365 640 
0 288 365 640 
0 287 365 640 
0 287 366 640 
0 286 366 640 
0 286 366 640 
0 286 366 640 
0 285 366 640 
0 285 366 640 
0 285 366 640 
0 285 366 640 
0 284 366 640 
0 284 367 640 
0 284 367 640 
0 284 367 640 
0 284 367 640 
0 284 367 640 
0 284 367 640 
0 284 367 640 
0 284 367 640 
0 284 367 640 
0 284 367 640 
0 284 367 640 
0 285 367 640 
0 285 367 640 
0 285 367 640 
0 285 367 640 
0 286 367 640 
0 286 368 640 
0 286 368 640 
0 287 368 640 
0 287 368 640 
0 287 368 640 
0 287 368 640 
0 288 368 640 
0 288 369 640 
0 288 369 640 
0 289 369 640 
0 289 369 640 
0 289 369 640 
0 289 369 640 
0 290 369 640 
0 290 370 640 
0 290 370 640 
0 290 370 640 
0 290 370 640 
0 291 370 640 
0 291 370 640 
0 291 370 640 
0 291 370 640 
0 291 370 640 
0 291 370 640 
0 291 370 640 
0 291 370 640 
0 291 371 640 
0 291 371 640 
0 290 371 640 
0 290 371 640 
0 290 371 640 
0 290 371 640 
0 290 371 640 
0 290 371 640 
0 290 371 640 
0 290 371 640 
0 290 371 640 
0 290 371 640 
0 290 371 640 
0 290 371 640 
0 289 371 640 
0 289 371 640 
0 289 371 640 
0 289 371 640 
0 289 371 640 
0 289 371 640 
0 289 371 640 
0 289 371 640 
0 289 371 640 
0 288 371 640 
0 288 371 640 
0 288 371 640 
0 288 371 640 
0 288 371 640 
0 288 371 640 
0 288 371 640 
0 288 371 640 
0 288 371 640 
0 287 371 640 
0 287 371 640 
0 287 371 640 
0 287 371 640 
0 287 371 640 
0 287 371 640 
0 287 371 640 
0 287 371 640 
0 287 371 640 
0 286 371 640 
0 286 371 640 
0 286 371 640 
0 286 371 640 
0 286 371 640 
0 286 371 640 
0 285 371 640 
0 285 371 640 
0 285 371 640 
0 284 371 640 
0 284 371 640 
0 283 371 640 
0 283 371 640 
0 282 371 640 
0 282 371 640 
0 281 371 640 
0 280 371 640 
0 280 371 640 
0 279 371 640 
0 279 371 640 
0 278 371 640 
0 278 371 640 
0 278 371 640 
0 278 371 640 
0 280 371 640 
0 276 277 280 371 640 
0 276 371 640 
0 277 371 640 
0 278 371 640 
0 280 371 640 
0 280 371 640 
0 279 371 640 
0 279 371 640 
0 280 371 640 
0 281 371 640 
0 284 371 640 
0 286 371 640 
0 287 371 640 
0 287 371 640 
0 287 371 640 
0 287 371 640 
0 287 371 640 
0 287 371 640 
0 287 371 640 
0 287 371 640 
0 287 371 640 
0 287 371 640 
0 287 371 640 
0 287 371 640 
0 287 371 640 
0 287 371 640 
0 287 371 640 
0 287 371 640 
0 286 371 640 
0 286 371 640 
0 286 371 640 
0 286 371 640 
0 286 371 640 
0 286 371 640 
0 286 371 640 
0 286 371 640 
0 286 371 640 
0 286 371 640 
0 286 372 640 
0 286 372 640 
0 286 372 640 
0 286 372 640 
0 286 372 640 
0 286 373 640 
0 285 373 640 
0 285 373 640 
0 285 373 640 
0 285 373 640 
0 285 374 640 
0 285 374 640 
0 285 374 640 
0 285 374 640 
0 285 374 640 
0 285 374 640 
0 285 375 640 
0 285 375 640 
0 285 375 640 
0 285 375 640 
0 284 375 640 
0 284 376 640 
0 284 376 640 
0 284 376 640 
0 284 376 640 
0 284 377 640 
0 284 377 640 
0 284 377 640 
0 284 377 640 
0 284 377 640 
0 284 378 640 
0 283 378 640 
0 283 378 640 
0 283 378 640 
0 283 378 640 
0 283 379 640 
0 283 379 640 
0 283 379 640 
0 283 379 640 
0 283 380 640 
0 283 380 640 
0 282 380 640 
0 282 380 640 
0 282 380 640 
0 282 381 640 
0 282 381 640 
0 282 381 640 
0 282 381 640 
0 282 382 640 
0 281 382 640 
0 281 382 640 
0 281 382 640 
0 281 383 640 
0 281 383 640 
0 281 383 640 
0 281 383 640 
0 280 384 640 
0 280 384 640 
0 280 384 640 
0 280 384 640 
0 280 385 640 
0 280 385 640 
0 280 385 640 
0 280 385 640 
0 280 385 640 
0 280 385 640 
