





















































291 312 421 423 
286 336 418 423 
283 347 416 423 
280 352 415 423 
277 356 414 424 
275 359 413 424 
273 362 411 424 
272 364 410 424 
270 366 410 424 
269 367 409 424 
267 369 406 424 
266 371 405 424 
265 372 404 424 
264 373 403 424 
263 374 403 424 
262 375 402 424 
261 376 401 424 
261 377 400 425 
260 378 399 425 
259 379 397 425 
259 380 395 425 
258 381 394 426 
257 381 394 426 
257 382 392 426 
256 383 392 427 
256 384 391 427 
255 384 387 428 
255 385 386 428 
254 429 
254 429 
253 429 
253 430 
252 430 
252 431 
252 431 
251 432 
251 433 
251 433 
251 434 
250 435 
250 435 
250 436 
250 437 
249 437 
249 438 
249 438 
249 439 
248 440 
248 441 
248 443 
248 444 
248 445 
247 446 
247 446 
247 446 
247 447 
247 447 
247 446 
247 446 
247 444 
247 441 
247 440 
247 436 
247 434 
247 427 428 431 
247 421 422 426 
248 420 
248 421 
248 421 
249 421 
249 421 
249 421 
248 422 
247 422 
246 422 
245 422 
244 421 
242 422 
241 422 
239 422 
238 421 
229 235 236 421 
228 421 
227 421 
227 420 
227 393 394 420 
227 394 396 420 
226 394 399 420 
226 395 400 419 
225 395 405 419 
224 396 408 419 
222 397 410 419 
221 398 412 418 
220 398 415 418 
220 399 
220 401 
221 402 
222 403 
223 404 
224 405 
225 406 
226 406 
227 406 
228 406 
229 406 
230 406 
231 406 
232 407 
233 407 
234 406 
235 406 
236 406 
237 243 245 406 
238 242 246 405 
246 395 398 404 
247 394 399 403 
248 394 
248 393 
249 392 
249 392 
250 391 
251 391 
251 390 
252 390 
253 390 
253 382 383 390 
254 382 384 390 
253 382 384 390 
253 382 385 387 388 390 
252 383 
251 383 
251 384 
250 385 
250 385 
249 386 
248 386 
248 387 
247 388 
246 388 
245 389 
245 390 
243 391 
242 392 
241 394 
241 395 
247 396 
250 396 
250 396 
249 396 
249 389 
248 385 
248 255 256 386 
247 254 256 386 
247 253 257 387 
247 252 257 387 
247 252 258 265 266 387 
246 250 258 265 266 388 
246 249 258 264 267 379 380 389 
245 248 259 264 267 370 371 379 382 389 
245 247 259 264 268 370 371 378 383 390 
260 264 269 370 372 378 384 390 
260 263 269 370 372 377 385 390 
270 369 373 377 387 390 
271 369 373 376 388 390 
271 369 374 375 
271 369 
271 369 
273 344 346 355 356 365 366 369 
274 344 346 355 357 364 367 369 
274 278 279 288 289 343 346 354 357 364 
275 278 280 285 286 288 291 342 346 354 357 363 
276 278 280 285 293 341 346 353 357 363 
281 285 294 340 345 352 358 362 
281 284 294 340 345 346 348 352 358 361 
282 284 294 339 348 351 358 361 
75 79 295 339 348 350 359 360 
73 79 296 338 
72 79 295 338 
71 79 293 340 
70 79 291 342 
69 79 287 344 
68 79 280 347 
68 79 273 349 
67 79 267 352 
66 79 260 356 
65 80 257 360 
65 81 253 366 
64 82 250 371 
63 84 248 376 
62 85 246 379 
62 88 245 382 
61 91 243 386 
60 93 242 387 
59 96 241 389 552 555 
58 99 240 391 550 556 
58 101 239 392 549 557 
57 104 238 394 548 558 
56 106 238 395 548 559 
55 108 237 396 548 560 
55 110 236 396 548 560 
54 112 236 397 548 561 
53 114 235 398 548 562 
52 115 235 398 547 563 
52 117 234 399 547 564 
51 118 234 399 547 564 
50 120 233 400 547 565 
50 121 233 401 546 566 
49 123 232 401 545 567 
48 124 232 402 543 567 
47 125 232 403 541 568 
46 127 231 403 538 569 
45 128 231 404 534 570 
45 130 230 404 531 571 
44 131 230 405 529 571 
43 132 230 405 526 572 
42 134 229 406 524 573 
41 135 229 407 521 574 
40 136 228 407 519 575 
39 138 228 407 517 575 
38 139 228 408 515 576 
38 141 227 408 513 577 
37 143 227 409 511 577 
36 144 227 410 509 578 
35 145 227 410 508 579 
34 147 226 410 506 580 
33 149 226 411 504 580 
32 151 226 411 503 582 
31 153 225 412 501 583 
30 154 225 412 500 584 
29 156 225 413 498 584 
28 158 225 413 496 585 
27 161 224 414 495 586 
26 164 224 414 493 587 
25 167 205 217 224 414 491 588 
24 172 198 219 224 415 490 589 
23 219 224 415 488 590 
21 220 223 415 486 591 
20 220 223 416 484 592 
19 220 223 416 482 592 
18 220 223 416 481 593 
17 416 479 594 
16 417 476 595 
15 420 474 596 
13 425 471 597 
12 430 468 598 
11 437 465 599 
10 445 457 600 
9 601 
7 602 
5 603 
4 604 
3 605 
2 607 
0 608 
0 609 
0 610 
0 611 
0 612 
0 613 
0 614 
0 230 234 615 
0 228 235 617 
0 226 235 617 
0 224 234 619 
0 221 233 620 
0 219 232 621 
0 56 59 218 231 623 
0 55 60 216 231 624 
0 54 62 79 86 214 230 625 
0 53 64 78 90 212 230 626 
0 52 65 78 92 211 230 628 
0 51 65 77 94 209 232 629 
0 50 66 77 95 207 234 630 
0 50 67 77 97 206 236 632 
0 49 67 77 99 204 235 633 
0 48 68 77 100 203 234 634 
0 48 68 77 102 201 234 406 408 636 
0 47 69 77 103 200 234 405 410 637 
0 47 70 77 105 138 150 198 234 403 411 638 
0 46 70 77 106 134 152 197 235 403 413 640 
0 45 71 77 107 132 154 195 236 403 414 640 
0 45 71 75 107 130 156 194 237 404 416 640 
0 44 72 75 108 128 158 193 239 404 417 640 
0 44 73 74 109 126 159 191 241 404 418 640 
0 43 109 124 161 190 242 404 419 640 
0 43 110 123 162 188 242 404 421 640 
0 42 110 121 163 187 242 404 422 640 
0 42 110 120 164 186 242 405 423 640 
0 41 110 118 165 184 242 405 424 640 
0 40 111 117 166 183 242 405 425 536 546 569 572 640 
2 40 111 115 167 182 242 366 368 405 426 532 549 567 574 640 
6 39 111 114 169 180 242 366 368 405 428 473 480 528 551 566 576 640 
9 39 170 179 242 367 368 405 429 471 482 526 551 565 577 640 
12 38 171 177 242 367 368 405 430 468 486 523 551 564 579 640 
15 38 242 367 368 405 432 465 488 520 551 563 580 640 
18 37 242 367 369 406 432 464 490 519 551 562 581 640 
20 35 242 367 369 406 434 462 491 517 551 561 582 640 
23 34 242 367 369 406 434 460 493 515 551 560 582 640 
26 33 242 368 369 406 435 459 495 515 551 560 583 640 
242 368 369 406 437 458 496 514 551 559 584 640 
242 368 369 406 438 456 497 513 551 558 585 640 
242 368 369 407 439 455 499 513 551 558 585 640 
242 368 370 407 440 453 500 512 551 557 586 640 
242 368 370 407 441 452 501 512 550 556 587 640 
242 368 370 407 443 451 503 512 550 555 587 640 
242 368 370 407 444 449 504 511 550 554 588 640 
243 368 370 407 505 510 551 553 588 640 
243 368 370 408 507 509 551 552 589 640 
243 368 370 408 590 640 
243 368 370 408 590 640 
243 368 371 408 591 640 
243 368 371 408 591 640 
243 368 371 408 592 640 
243 368 371 408 593 640 
243 368 371 408 593 635 638 640 
243 368 371 408 594 631 
243 367 371 408 595 629 
243 367 371 408 595 625 
243 367 372 408 596 622 
243 367 372 408 596 620 
243 367 372 408 597 618 
243 367 372 408 598 615 
243 367 372 408 599 613 
243 367 372 408 600 611 
243 366 372 408 601 608 
243 366 373 407 
243 366 373 407 
244 366 373 407 
245 366 373 408 
246 365 373 407 
246 365 373 407 
248 365 374 407 
249 365 374 406 
251 365 374 405 
252 365 375 404 
253 365 375 404 
253 364 376 402 
252 364 377 401 
252 364 378 400 
252 364 379 398 
252 364 380 395 
251 364 384 392 
251 364 386 388 
251 364 
251 364 
251 364 
251 364 
250 364 
250 364 
250 364 
250 364 
249 364 
249 364 
249 364 
249 364 
249 364 
248 364 
247 364 
244 364 
241 364 
239 365 
237 365 
235 365 
234 365 
233 366 
233 366 
234 367 
235 368 
236 369 
237 370 
237 371 
237 372 
237 373 
238 374 
238 375 
238 375 
238 375 
238 376 
238 375 
238 375 
238 375 
236 374 
236 374 
236 374 
236 373 
237 373 
237 372 
238 372 
239 371 
239 371 
240 370 
240 369 
240 369 
240 368 
239 368 
238 368 
238 369 
237 369 
237 370 
236 370 
236 371 
235 371 
234 372 
234 372 
233 373 
233 373 
232 374 
232 374 
231 375 
231 375 
230 375 
230 376 
229 376 
229 377 
228 377 
227 378 
227 378 
226 379 
226 379 
225 379 
225 380 
224 380 
224 381 
223 382 
222 382 
222 382 
