0 640 
0 640 
0 640 
0 640 
0 640 
0 640 
0 640 
0 640 
0 640 
0 640 
0 640 
0 640 
0 640 
0 640 
0 640 
0 640 
0 640 
0 640 
0 640 
0 640 
0 92 93 640 
0 91 94 640 
0 91 94 640 
0 91 94 640 
0 91 94 640 
0 91 94 640 
0 91 94 640 
0 91 94 261 288 640 
0 91 94 252 296 640 
0 92 93 246 300 640 
0 240 302 640 
0 236 304 640 
0 232 305 640 
0 228 306 640 
0 225 307 640 
0 222 304 640 
0 220 304 640 
0 217 304 640 
0 215 305 640 
0 212 305 640 
0 210 306 640 
0 208 306 640 
0 206 306 640 
0 204 307 640 
0 202 307 640 
0 200 308 640 
0 198 308 640 
0 196 308 640 
0 194 308 640 
0 193 308 640 
0 191 308 640 
0 189 308 640 
0 188 308 640 
0 186 307 640 
0 185 306 640 
0 183 302 640 
0 182 295 640 
0 181 294 640 
0 179 294 640 
0 178 294 640 
0 176 294 640 
0 175 294 640 
0 174 294 640 
0 173 294 640 
0 171 294 640 
0 170 295 640 
0 168 295 640 
0 167 295 640 
0 166 295 640 
0 165 295 640 
0 164 295 640 
0 163 295 615 620 640 
0 111 112 161 295 612 622 640 
0 112 114 160 295 614 619 640 
0 113 115 159 295 640 
0 114 117 158 295 640 
0 115 118 157 294 640 
0 115 120 156 294 640 
0 116 122 155 293 640 
0 117 123 154 293 640 
0 118 125 152 292 640 
0 119 126 151 291 640 
0 120 127 150 290 640 
0 122 129 150 289 640 
0 123 130 149 287 640 
0 124 132 148 285 640 
0 125 133 147 280 640 
0 126 134 146 277 640 
0 127 135 145 275 640 
0 129 137 144 275 640 
0 130 138 143 274 526 527 640 
0 131 139 142 274 525 528 640 
0 132 274 524 528 640 
0 133 273 523 529 640 
0 134 274 522 529 640 
0 136 274 522 530 640 
0 137 276 521 530 640 
0 137 278 521 530 640 
0 137 280 520 530 640 
0 136 281 520 530 640 
0 136 283 521 530 640 
0 135 284 521 529 640 
0 134 286 522 529 640 
0 134 287 523 528 640 
0 133 288 523 528 640 
0 132 289 524 527 640 
0 131 290 640 
0 131 292 640 
0 130 293 640 
0 129 294 640 
0 129 295 640 
0 128 295 640 
0 128 296 640 
0 127 296 640 
0 127 297 514 516 517 519 640 
0 126 297 511 520 640 
0 125 298 514 515 516 518 640 
0 125 298 640 
0 124 299 640 
0 124 300 640 
0 123 300 640 
0 123 301 640 
0 122 301 640 
0 122 301 640 
0 121 302 640 
0 121 302 640 
0 120 303 640 
0 120 303 640 
0 119 303 640 
0 118 304 640 
0 118 304 640 
0 118 304 640 
0 117 304 640 
0 117 304 640 
0 116 303 640 
0 116 303 640 
0 91 93 115 302 640 
0 92 94 115 302 640 
0 93 95 114 302 640 
0 94 96 114 301 640 
0 95 97 113 300 640 
0 96 98 113 300 640 
0 97 99 113 299 640 
0 98 100 112 299 640 
0 99 100 112 298 640 
0 111 291 293 297 640 
0 111 291 293 296 640 
0 110 290 293 294 640 
0 110 290 292 293 640 
0 110 289 640 
0 109 289 454 455 640 
0 109 289 454 456 640 
0 109 288 453 458 640 
0 108 288 454 458 640 
0 108 288 454 459 640 
0 108 288 454 459 640 
0 107 288 454 460 640 
0 107 287 454 460 640 
0 107 287 454 460 640 
0 106 287 455 460 640 
0 106 287 455 460 640 
0 106 287 456 460 640 
0 105 287 456 460 640 
0 105 287 456 460 640 
0 105 286 450 461 640 
0 59 62 105 286 451 462 640 
0 59 67 104 282 284 286 452 465 640 
0 59 71 104 282 285 286 455 467 640 
0 59 73 104 282 285 287 458 468 640 
0 60 74 104 277 278 282 286 287 462 465 640 
0 60 75 103 276 278 283 640 
0 61 76 103 276 278 283 640 
0 62 77 103 273 278 281 282 283 640 
0 62 78 103 267 268 273 278 280 640 
0 63 78 102 265 269 272 278 279 376 377 640 
0 64 79 102 264 269 271 277 279 287 288 376 380 640 
0 65 80 102 263 277 278 286 288 377 381 640 
0 67 80 102 262 276 277 285 288 378 382 640 
0 71 80 102 263 276 277 283 287 379 383 640 
0 75 80 102 264 275 276 279 284 380 384 640 
0 101 265 275 276 382 384 640 
0 101 267 268 272 274 276 383 384 640 
0 101 277 640 
0 101 215 218 278 640 
0 101 214 218 279 640 
0 101 213 217 280 640 
0 100 213 215 281 640 
0 100 212 219 225 227 281 640 
0 100 211 227 281 640 
0 100 211 227 281 640 
0 99 210 227 281 640 
0 99 209 226 237 238 282 640 
0 99 208 225 232 235 236 238 282 640 
0 99 207 222 229 238 282 383 384 640 
0 99 206 223 226 238 283 382 384 640 
0 99 204 238 284 296 297 382 385 640 
0 99 202 238 285 296 297 382 385 640 
0 99 200 238 286 296 297 381 385 640 
0 99 197 238 287 296 297 381 386 640 
0 99 194 238 288 381 385 640 
0 99 190 238 290 381 385 640 
0 99 188 238 291 381 385 640 
0 99 187 238 292 382 385 640 
0 99 186 237 293 382 385 640 
0 99 186 237 294 382 385 640 
0 99 186 237 296 383 385 640 
0 99 185 237 297 640 
0 99 185 237 298 640 
0 99 185 237 299 640 
0 99 185 237 300 640 
0 99 185 237 301 546 548 640 
0 99 185 237 302 546 549 640 
0 99 185 237 303 545 550 640 
0 99 185 237 304 545 551 640 
0 99 185 237 305 545 551 640 
0 99 185 237 306 545 551 640 
0 99 184 237 307 545 551 640 
0 99 184 237 307 545 551 640 
0 99 184 237 308 546 552 640 
0 99 183 237 308 547 552 640 
0 100 183 237 309 548 551 640 
0 100 182 237 309 549 551 640 
0 100 182 237 310 640 
0 100 181 237 310 640 
0 100 180 237 310 640 
0 101 180 237 310 640 
0 101 178 237 311 640 
0 101 177 236 311 640 
0 101 176 236 312 640 
0 101 174 236 313 640 
0 101 172 236 315 640 
0 102 170 236 316 640 
0 102 165 236 317 640 
0 102 160 235 318 362 368 640 
0 102 158 235 320 361 370 640 
0 71 72 102 157 235 321 360 372 640 
0 69 72 102 156 235 322 360 373 640 
0 68 73 103 156 235 311 312 323 361 375 640 
0 67 73 103 156 234 311 314 325 362 376 640 
0 48 49 66 73 103 156 234 311 315 326 363 377 640 
0 47 51 65 72 103 156 234 311 317 327 364 378 640 
0 46 51 65 71 103 156 234 310 318 328 366 378 640 
0 46 52 65 70 103 156 234 310 319 329 368 379 640 
0 47 51 66 69 104 156 234 310 320 331 370 380 640 
0 47 51 66 67 104 156 233 310 321 338 370 380 640 
0 48 51 104 156 233 310 323 340 371 381 640 
0 104 155 233 309 324 341 372 381 640 
0 105 155 233 309 325 342 372 381 640 
0 105 155 233 309 325 344 373 382 640 
0 105 155 233 308 325 344 373 382 640 
0 106 154 233 308 325 346 374 382 640 
0 106 154 232 308 325 347 374 382 640 
0 106 153 232 307 325 348 374 382 640 
0 107 152 232 307 325 349 374 382 640 
0 107 151 232 307 325 352 374 382 463 469 640 
0 108 150 232 306 325 354 374 382 462 470 640 
0 108 148 232 306 325 355 374 382 461 470 640 
0 108 145 232 306 324 356 374 382 462 469 640 
0 109 132 232 305 324 356 374 382 465 467 640 
0 109 131 231 305 324 356 373 382 640 
0 110 131 231 304 317 356 373 381 640 
0 110 131 231 304 312 356 372 381 640 
0 111 131 231 357 371 381 640 
0 111 131 231 359 370 380 640 
0 112 132 230 360 369 380 640 
0 113 132 230 379 640 
0 113 132 230 378 640 
0 114 132 230 378 640 
0 115 132 230 377 640 
0 115 132 230 351 353 376 640 
0 119 132 230 351 355 375 640 
0 121 131 229 350 356 373 640 
0 124 129 229 349 358 371 640 
0 229 348 361 369 640 
0 229 347 640 
0 229 346 640 
0 229 345 640 
0 230 343 640 
0 230 341 640 
0 230 340 640 
0 231 338 640 
0 231 337 640 
0 232 337 640 
0 232 337 640 
0 233 336 640 
0 233 334 640 
0 234 330 355 356 640 
0 235 329 356 357 640 
0 235 328 356 358 640 
0 236 327 356 358 640 
0 237 325 357 358 640 
0 237 315 357 358 640 
0 238 310 640 
0 238 310 397 399 640 
0 239 309 394 402 640 
0 239 308 397 403 640 
0 240 308 640 
0 240 308 640 
0 241 309 640 
0 242 309 640 
0 242 309 640 
0 243 309 640 
0 243 309 640 
0 244 309 640 
0 244 310 640 
0 243 310 640 
0 242 310 640 
0 241 310 640 
0 240 310 640 
0 239 310 640 
0 238 310 640 
0 237 310 640 
0 237 310 640 
0 236 310 640 
0 235 310 640 
0 234 310 640 
0 233 311 640 
0 233 311 640 
0 232 311 640 
0 231 311 640 
0 230 311 640 
0 229 311 640 
0 229 311 640 
0 228 311 640 
0 227 311 640 
0 226 311 640 
0 225 311 640 
0 225 312 640 
0 224 312 640 
0 223 312 640 
0 222 312 640 
0 221 312 640 
0 221 312 640 
0 220 312 640 
0 219 312 640 
0 218 312 640 
0 217 313 640 
0 216 313 640 
0 124 127 128 132 215 313 640 
0 122 135 215 313 640 
0 122 136 214 313 640 
0 123 138 213 313 640 
0 124 139 212 313 640 
0 125 139 211 313 640 
0 126 138 210 314 640 
0 127 136 209 314 640 
0 130 132 209 314 640 
0 208 314 640 
0 207 314 640 
0 205 314 640 
0 205 315 640 
0 204 315 640 
0 203 315 640 
0 202 315 640 
0 200 315 640 
0 199 315 640 
0 199 315 640 
0 198 315 640 
0 197 315 640 
0 195 315 602 606 640 
0 194 315 603 609 640 
0 193 315 532 536 537 538 604 610 640 
0 192 315 533 542 605 612 640 
0 190 316 535 543 607 613 640 
0 189 316 539 541 608 614 640 
0 188 316 609 615 640 
0 187 316 610 616 640 
0 185 316 611 617 640 
0 184 316 612 618 640 
0 183 316 614 619 640 
0 181 316 615 619 640 
0 179 316 617 620 640 
0 178 316 640 
0 176 316 640 
0 175 316 640 
0 50 52 173 316 640 
0 49 52 171 316 640 
0 49 53 170 316 640 
0 48 53 168 316 640 
0 48 53 166 316 640 
0 48 53 164 316 640 
0 47 54 162 316 640 
0 47 54 161 316 640 
0 47 54 159 316 640 
0 47 53 156 316 640 
0 48 53 155 316 640 
0 48 52 153 316 640 
0 48 52 151 316 640 
0 49 52 149 316 640 
0 50 51 147 316 640 
0 144 316 640 
0 143 316 640 
0 140 316 640 
0 138 316 640 
0 136 316 542 552 640 
0 133 316 539 558 640 
0 131 316 537 558 640 
0 128 316 535 557 640 
0 126 316 534 557 640 
0 124 317 532 556 640 
0 121 317 531 555 640 
0 119 317 531 553 640 
0 118 317 532 552 640 
0 116 317 535 550 640 
0 114 317 539 548 640 
0 113 317 640 
0 111 317 640 
0 110 317 640 
0 109 317 640 
0 108 317 640 
0 107 317 640 
0 106 317 640 
0 105 317 640 
0 105 317 640 
0 105 317 640 
0 105 317 640 
0 104 317 640 
0 104 317 640 
0 104 317 640 
0 104 317 640 
0 103 317 640 
0 103 317 640 
0 102 317 640 
0 101 317 640 
0 99 317 640 
0 98 317 640 
0 97 317 640 
0 96 317 640 
0 95 317 640 
0 94 317 640 
0 93 317 640 
0 92 317 640 
0 91 317 640 
0 91 317 640 
0 90 317 640 
0 89 317 640 
0 89 318 640 
0 89 318 640 
0 89 318 640 
0 90 318 640 
0 91 318 640 
0 92 318 640 
0 94 319 640 
0 96 319 640 
0 98 319 640 
0 100 319 640 
0 101 319 640 
0 102 319 640 
0 103 320 640 
0 104 320 640 
0 105 320 640 
0 106 320 640 
0 106 320 640 
0 107 320 640 
0 107 320 640 
0 108 320 640 
0 109 320 640 
0 111 320 640 
0 113 320 640 
0 115 320 640 
0 122 320 640 
0 128 320 640 
0 133 320 640 
0 137 320 640 
0 139 320 640 
0 141 320 640 
0 142 320 640 
0 143 320 640 
0 144 320 640 
0 145 320 640 
0 147 320 640 
0 147 320 640 
0 148 320 640 
0 148 320 640 
0 148 320 640 
0 147 320 640 
0 146 151 152 320 640 
0 146 150 154 320 640 
0 146 149 155 320 640 
0 146 147 155 320 640 
