



















































































































































































































































579 608 
24 48 569 623 
10 63 559 635 639 640 
0 76 550 640 
0 86 544 640 
0 91 540 640 
2 97 535 637 
8 104 530 631 
16 110 525 621 
27 114 521 608 
36 119 518 593 
46 124 515 577 
56 129 511 563 
65 135 506 552 
73 141 502 544 
81 145 500 536 
90 150 496 530 
97 155 492 525 
105 161 489 519 
112 166 485 515 
118 170 482 511 
126 175 478 506 
134 180 474 500 
140 184 470 497 
147 190 467 492 
151 152 153 194 464 487 488 489 
160 198 459 483 
167 203 455 478 
172 207 451 474 
179 212 448 469 
182 216 444 464 
191 220 440 459 
197 225 435 456 
202 231 431 450 
208 235 426 444 
212 239 422 438 
220 243 417 432 
227 249 412 428 
234 254 408 420 
240 260 402 414 
246 266 395 410 
256 272 389 400 
266 278 383 386 388 391 
276 281 285 286 381 387 
































































































































































































