






































383 389 
383 390 
383 391 
384 392 
385 393 
386 394 
387 395 
352 366 388 396 
346 374 389 397 
343 378 390 398 
341 380 391 399 
339 384 392 400 
337 386 393 401 
336 388 393 402 
334 390 394 402 
333 392 395 403 
332 394 395 404 
331 395 396 405 
330 405 
329 406 
328 407 
328 407 
307 318 327 408 
303 322 326 408 
301 408 
300 409 
300 409 
301 409 
302 410 
302 410 
303 410 
304 410 
305 410 
305 410 
306 410 
307 409 
308 408 
309 313 316 408 
315 409 
313 409 
312 409 
311 410 
310 410 
308 411 
307 412 
307 413 
307 414 
308 416 
310 418 
312 420 
313 422 
313 423 
312 425 
311 426 
310 426 
309 427 
308 427 
307 427 
306 428 
305 429 
305 429 
305 430 
305 431 
306 432 
306 431 
307 430 
307 428 
308 425 
309 422 
310 422 
310 422 
311 422 
312 422 
312 422 
313 422 
313 417 419 422 
314 415 
314 414 
315 413 
315 412 
316 411 
316 410 
317 410 
317 409 
317 408 
317 408 
317 407 
317 406 
317 406 
317 405 
317 404 
317 403 
317 403 
317 403 
316 403 
316 403 
316 403 
316 403 
316 403 
316 403 
316 403 
316 403 
316 404 408 409 
316 405 406 411 
316 412 
316 413 
316 414 
316 416 
316 417 
316 418 
316 419 
316 421 
316 422 
316 423 
316 425 
316 426 
316 427 
315 428 
315 430 
315 431 
315 432 
315 433 
315 435 
315 436 
315 437 
315 438 
315 440 
314 441 
314 442 
313 444 
312 445 
312 446 
311 447 
310 448 
309 448 
309 448 
308 447 
308 447 
307 446 
307 445 
307 445 
306 444 
306 443 
306 443 
306 443 
306 443 
306 444 
306 442 
306 441 
306 440 
306 439 
306 438 
306 437 
306 437 
306 436 
306 435 
306 435 
306 434 
306 433 
306 433 
306 432 
306 432 
306 432 
307 433 
307 433 
307 434 
307 434 
307 435 
307 435 
307 436 
308 436 
308 437 
308 438 
309 438 
310 312 313 439 
313 439 
314 440 
313 440 
313 441 
313 442 
313 442 
312 443 
312 443 
312 444 
312 444 
312 444 
311 445 
311 445 
311 445 
311 444 
311 444 
310 444 
310 444 
310 444 
310 444 
310 443 
309 443 
309 443 
309 410 413 442 
309 410 415 441 
308 410 416 440 
308 410 417 439 
308 410 418 439 
308 410 419 438 
307 410 421 436 
307 410 425 433 
307 410 
307 411 
307 411 
307 411 
307 412 
306 413 
306 413 
306 414 
306 414 
306 415 
305 415 
305 415 
305 416 
305 416 
305 308 309 417 
304 417 
304 418 
304 418 
304 306 310 418 
303 306 310 418 
303 306 307 309 310 419 
303 305 309 419 
304 305 309 420 
309 420 
302 305 309 421 
302 305 309 421 
309 415 417 422 
309 413 418 422 
308 410 418 423 
308 407 419 423 
308 407 419 424 
308 406 419 424 
308 406 420 425 
308 406 420 425 
308 406 421 426 
308 406 421 427 
308 406 422 427 
307 406 422 428 
307 406 423 429 
307 407 424 430 
307 407 424 431 
307 407 425 431 
307 407 427 430 
307 407 
307 407 
307 407 
307 407 
307 407 
307 407 
307 408 
309 408 
309 408 
306 307 309 408 
309 408 
309 408 
309 408 
309 408 
309 408 
309 408 
309 408 
308 409 
308 409 
308 409 
308 409 
308 409 
309 409 
307 409 
307 310 311 410 
307 309 311 410 
307 309 311 410 
307 309 311 410 
308 309 310 410 
310 410 
310 410 
310 411 
310 411 
310 411 
310 411 
310 411 
310 412 
310 412 
310 412 
310 412 
310 412 
310 412 
310 412 
310 412 
309 413 
309 413 
309 413 
309 413 
309 413 
309 413 
309 413 
309 414 
308 414 
308 414 
308 414 
308 414 
308 414 
308 414 
308 415 
308 415 
308 415 
308 415 
308 415 
308 415 
308 415 
308 415 
308 416 
308 416 
308 416 
308 417 
308 417 
308 417 
307 417 
307 417 
307 418 
307 418 
307 418 
307 418 
307 418 
307 419 
307 419 
307 419 
307 419 
307 419 
307 420 
307 420 
307 420 
307 420 
306 421 
306 421 
306 421 
306 421 
306 422 
306 422 
306 422 
306 422 
306 423 
306 423 
306 423 
306 423 
306 423 
306 424 
306 424 
305 424 
305 424 
305 424 
305 425 
305 425 
305 425 
305 425 
305 425 
305 426 
305 426 
305 426 
305 426 
305 427 
305 427 
304 427 
304 427 
304 428 
304 428 
304 428 
304 428 
304 428 
304 428 
304 429 
303 429 
303 429 
303 429 
303 429 
303 430 
303 430 
303 430 
303 430 
303 430 
303 430 
303 431 
303 431 
303 431 
303 432 
302 432 
302 432 
302 432 
302 432 
302 433 
302 433 
302 433 
302 433 
302 433 
302 434 
302 434 
302 434 
302 434 
302 434 
302 434 
302 434 
302 435 
301 435 
301 435 
301 435 
301 435 
301 436 
301 436 
301 436 
301 436 
301 436 
301 437 
301 437 
301 437 
301 437 
301 437 
301 437 
300 437 
300 438 
300 438 
300 438 
300 438 
300 438 
300 438 
300 438 
300 439 
300 439 
300 439 
300 439 
300 439 
300 439 
300 439 
300 439 
300 440 
300 440 
300 440 
299 440 
