0 140 443 501 
0 139 444 502 
0 137 444 503 
0 136 445 505 
0 135 446 506 
0 133 446 507 
0 132 447 508 
0 131 448 510 
0 130 449 511 
0 128 449 512 
0 127 450 513 
0 126 450 514 
0 125 451 516 
0 124 451 517 
0 122 452 518 
0 121 453 519 
0 120 454 520 
0 119 454 521 
0 118 455 522 
0 117 455 523 
0 115 456 525 
0 115 456 525 
0 114 457 527 
0 113 457 528 
0 112 458 529 
0 110 458 530 
0 109 458 531 
0 109 459 532 
0 107 459 533 
0 106 460 534 
0 105 460 535 
0 105 461 536 
0 104 461 537 
0 103 461 538 
0 102 462 539 
0 101 463 540 
0 100 463 540 
0 99 464 541 
0 98 464 542 
0 97 464 543 
0 96 464 544 
0 95 465 545 
0 95 465 546 
0 94 466 547 
0 93 466 548 
0 92 466 548 
0 91 466 549 
0 90 466 550 
0 90 467 551 
0 89 467 552 
0 88 467 552 
0 87 468 553 
0 86 319 340 468 554 
0 85 314 345 469 555 
0 85 311 348 469 556 
0 84 309 351 469 556 
0 83 306 353 469 557 
0 82 305 355 469 558 
0 82 303 356 469 559 
0 81 302 358 470 559 
0 80 300 360 470 560 
0 79 299 361 470 561 
0 79 298 362 470 562 
0 78 297 363 470 562 
0 77 296 364 470 563 
0 76 295 366 471 564 
0 76 294 367 471 565 
0 75 293 367 471 565 
0 74 292 368 471 566 
0 74 292 369 471 567 
0 73 291 369 472 567 
0 72 290 370 472 568 
0 71 290 371 472 569 
0 71 290 371 472 569 
0 70 290 372 472 570 
0 70 289 372 473 571 
0 69 289 372 473 571 
0 68 288 373 473 572 
0 68 288 373 473 572 
0 67 288 374 473 573 
0 66 288 374 473 574 
0 66 288 374 473 574 
0 65 287 374 473 575 
0 65 287 375 473 576 
0 64 287 375 473 576 
0 63 287 375 473 577 
0 63 287 375 473 577 
0 62 286 375 473 578 
0 62 286 375 473 578 
0 61 286 375 473 579 
0 60 286 375 473 580 
0 60 286 375 473 580 
0 59 286 375 473 581 
0 59 286 375 473 581 
0 58 286 375 473 582 
0 58 286 375 473 582 
0 57 287 375 473 583 
0 57 287 375 473 584 
0 56 287 375 473 584 
0 55 287 375 473 585 
0 55 287 375 473 585 
0 54 288 374 473 586 
0 54 288 374 473 586 
0 53 288 374 473 586 
0 53 289 374 473 587 
0 52 289 374 473 588 
0 52 290 373 473 588 
0 51 290 373 473 589 
0 51 290 372 473 589 
0 50 291 372 472 590 
0 50 291 371 472 590 
0 49 292 371 472 590 
0 49 292 370 472 591 
0 49 293 370 471 591 
0 48 294 369 471 592 
0 48 295 369 471 592 
0 47 296 368 471 593 
0 47 296 367 470 593 
0 46 297 366 470 594 
0 46 298 365 470 594 
0 45 300 364 470 595 
0 45 301 363 470 595 
0 45 302 362 470 595 
0 44 303 361 470 596 
0 44 305 360 470 596 
0 43 307 357 470 597 
0 43 309 356 470 597 
0 43 311 354 469 597 
0 42 314 351 469 598 
0 42 317 348 469 598 
0 41 324 344 468 599 
0 41 468 599 
0 40 468 599 
0 40 467 600 
0 40 467 600 
0 39 466 600 
0 39 466 601 
0 39 465 601 
0 38 465 602 
0 38 465 602 
0 37 465 602 
0 37 464 603 
0 37 464 603 
0 36 464 603 
0 36 463 604 
0 36 463 604 
0 35 462 604 
0 35 462 605 
0 35 461 605 
0 35 461 605 
0 34 460 606 
0 34 460 606 
0 34 460 606 
0 33 459 606 
0 33 459 607 
0 33 459 607 
0 32 458 607 
0 32 458 608 
0 32 457 608 
0 31 456 608 
0 31 456 608 
0 31 455 609 
0 31 455 609 
0 30 454 609 
0 30 454 610 
0 30 453 610 
0 30 452 610 
0 29 452 610 
0 29 451 611 
0 29 451 611 
0 29 450 611 
0 28 450 611 
0 28 449 611 
0 28 448 612 
0 28 448 612 
0 27 447 612 
0 27 446 612 
0 27 445 613 
0 27 445 613 
0 27 444 613 
0 26 443 613 
0 26 442 613 
0 26 442 614 
0 26 441 614 
0 26 440 614 
0 26 439 614 
0 25 439 614 
0 25 437 615 
0 25 436 615 
0 25 435 615 
0 25 435 615 
0 25 434 615 
0 25 433 615 
0 25 432 615 
0 24 431 616 
0 24 430 616 
0 24 429 616 
0 24 428 616 
0 24 427 616 
0 24 426 616 
0 24 425 616 
0 24 424 617 
0 24 422 617 
0 23 421 617 
0 23 420 617 
0 23 418 617 
0 23 418 617 
0 23 416 617 
0 23 415 617 
0 23 414 617 
0 23 412 618 
0 23 411 618 
0 23 409 618 
0 23 408 618 
0 23 406 618 
0 23 405 618 
0 22 404 618 
0 22 402 618 
0 22 400 618 
0 22 398 618 
0 22 396 618 
0 22 395 619 
0 22 392 619 
0 22 390 619 
0 22 390 619 
0 22 386 619 
0 22 384 619 
0 22 382 619 
0 22 379 619 
0 21 377 619 
0 21 374 619 
0 21 371 619 
0 21 367 619 
0 21 365 619 
0 21 361 619 
0 21 356 619 
0 21 352 619 
0 21 346 619 
0 21 287 322 337 619 
0 21 279 619 
0 21 273 619 
0 21 268 619 
0 21 265 619 
0 21 262 619 
0 21 258 619 
0 21 255 619 
0 21 251 619 
0 21 249 619 
0 21 246 619 
0 21 245 619 
0 21 242 619 
0 21 240 619 
0 21 237 619 
0 21 235 619 
0 21 234 619 
0 21 231 619 
0 21 229 619 
0 21 228 619 
0 21 226 619 
0 21 225 618 
0 21 223 618 
0 21 221 618 
0 22 219 618 
0 22 218 618 
0 22 217 618 
0 22 215 618 
0 22 214 618 
0 22 212 618 
0 22 211 618 
0 22 210 618 
0 22 208 618 
0 22 207 617 
0 22 206 617 
0 23 205 617 
0 23 204 617 
0 23 202 617 
0 23 201 617 
0 23 201 617 
0 23 200 617 
0 23 198 616 
0 24 197 616 
0 24 196 616 
0 24 195 616 
0 24 194 616 
0 24 193 616 
0 24 192 615 
0 24 191 615 
0 24 190 615 
0 25 189 615 
0 25 188 615 
0 25 187 615 
0 25 186 615 
0 25 186 614 
0 26 185 614 
0 26 184 614 
0 26 184 614 
0 26 183 614 
0 26 182 613 
0 27 181 613 
0 27 180 613 
0 27 179 613 
0 27 178 613 
0 27 178 612 
0 28 177 612 
0 28 177 612 
0 28 176 612 
0 28 175 611 
0 29 175 611 
0 29 174 611 
0 29 174 611 
0 29 173 610 
0 30 173 610 
0 30 171 610 
0 30 171 610 
0 30 170 610 
0 30 170 609 
0 31 169 609 
0 31 169 609 
0 31 168 608 
0 32 168 608 
0 32 167 608 
0 32 167 608 
0 32 166 607 
0 33 166 607 
0 33 165 607 
0 33 165 606 
0 34 164 606 
0 34 164 606 
0 34 163 605 
0 35 163 605 
0 35 162 605 
0 35 162 605 
0 35 162 604 
0 36 161 604 
0 36 161 604 
0 36 160 603 
0 37 160 603 
0 37 160 603 
0 38 160 602 
0 38 159 602 
0 38 159 601 
0 39 159 601 
0 39 159 601 
0 39 158 600 
0 40 158 600 
0 40 157 600 
0 40 157 599 
0 41 157 599 
0 41 157 598 
0 42 156 598 
0 42 156 598 
0 42 156 597 
0 43 156 302 314 597 
0 43 156 300 317 596 
0 44 155 297 319 596 
0 44 155 295 320 596 
0 45 155 294 322 595 
0 45 155 293 323 595 
0 45 155 291 324 594 
0 46 155 290 326 594 
0 46 154 288 327 594 
0 47 154 287 328 593 
0 47 154 287 328 593 
0 48 154 286 329 592 
0 48 154 285 330 592 
0 49 153 284 330 591 
0 49 153 283 331 591 
0 49 153 283 332 590 
0 50 153 282 333 590 
0 50 153 282 333 589 
0 51 153 281 334 589 
0 51 153 281 334 588 
0 52 152 280 335 588 
0 52 152 280 335 587 
0 53 151 280 336 587 
0 53 151 279 336 586 
0 54 152 278 336 586 
0 55 152 278 336 585 
0 55 151 278 336 585 
0 55 151 277 336 584 
0 56 151 277 336 584 
0 57 151 277 336 583 
0 57 151 277 337 583 
0 58 151 277 338 582 
0 58 151 277 337 582 
0 59 151 277 337 581 
0 59 151 277 337 580 
0 60 151 277 337 580 
0 60 151 277 337 579 
0 61 151 277 337 579 
0 62 151 277 337 578 
0 62 151 277 337 578 
0 63 151 277 336 577 
0 63 151 277 336 576 
0 64 151 277 336 576 
0 64 151 278 336 575 
0 65 151 278 335 575 
0 66 151 279 335 574 
0 66 151 279 335 574 
0 67 151 279 335 573 
0 68 152 279 334 572 
0 68 152 280 334 571 
0 69 152 280 333 571 
0 70 152 281 332 570 
0 70 152 282 332 570 
0 71 152 282 331 569 
0 71 152 283 331 568 
0 72 153 284 330 568 
0 73 153 284 329 567 
0 73 153 285 328 566 
0 74 153 286 328 566 
0 75 153 287 326 565 
0 76 153 288 325 564 
0 76 153 289 325 563 
0 77 154 290 323 563 
0 78 154 292 321 562 
0 78 154 293 320 561 
0 79 154 295 319 560 
0 80 154 297 317 560 
0 81 154 298 314 559 
0 81 154 302 311 558 
0 82 154 558 
0 83 155 557 
0 84 155 556 
0 85 156 555 
0 85 156 554 
0 86 156 554 
0 87 156 553 
0 88 157 552 
0 89 157 551 
0 90 157 550 
0 90 158 550 
0 91 158 549 
0 92 159 548 
0 93 159 547 
0 94 159 546 
0 95 160 545 
0 95 160 544 
0 96 160 544 
0 97 160 543 
0 98 161 542 
0 99 161 541 
0 100 161 540 
0 101 162 539 
0 102 162 538 
0 103 163 537 
0 104 163 536 
0 105 164 535 
0 106 164 535 
0 107 165 534 
0 108 165 532 
0 109 166 531 
0 110 166 530 
0 111 166 530 
0 112 167 529 
0 113 167 527 
0 114 168 527 
0 115 169 526 
0 116 169 524 
0 117 170 523 
0 118 170 522 
0 119 171 521 
0 121 171 520 
0 122 172 519 
0 123 172 518 
0 124 173 517 
0 125 173 515 
0 126 174 514 
0 127 175 513 
0 129 175 512 
0 130 176 510 
0 131 176 510 
0 133 177 508 
0 134 178 507 
0 135 179 506 
0 136 179 505 
0 138 180 503 
0 139 181 502 
0 141 182 500 
0 142 182 500 
