













































239 243 
237 245 
235 248 
233 250 
231 252 
230 253 
228 254 
227 256 
226 257 
225 258 
224 259 
223 260 
221 261 
195 196 219 262 
192 202 215 263 
188 207 213 263 
186 263 
184 264 
183 264 
181 264 
180 264 
179 265 
178 266 
177 267 
176 269 
175 270 
174 271 
173 273 
173 274 
172 275 
171 276 
170 278 
170 278 
169 279 
168 280 
168 280 
167 281 
167 281 
166 281 
165 281 
165 282 
164 282 
164 283 
164 284 
163 285 
163 287 
163 288 
163 289 
163 290 
163 291 
163 292 
162 293 
163 294 
162 295 
162 296 
161 297 
161 298 
161 298 
160 299 
160 300 
160 301 
159 301 
159 302 
158 303 
157 303 
157 304 
157 305 
156 305 
156 306 
155 306 
155 307 
155 307 
154 308 
154 308 
153 308 
153 309 
153 309 
153 309 
152 309 
152 310 
151 310 
151 310 
151 310 
150 310 
150 310 
150 310 
150 310 
149 311 
149 311 
149 311 
148 311 
148 312 
148 312 
148 312 
147 312 
147 313 
147 313 
147 313 
147 314 
146 314 
146 315 
146 316 
146 313 314 317 
145 310 315 317 
145 310 
145 310 
145 310 
145 310 
145 310 
144 309 
144 309 
144 309 
144 309 
144 309 
144 309 
143 309 
143 309 
143 306 308 309 
143 306 
143 305 
143 301 302 305 
143 300 302 304 
142 297 
142 297 
142 296 
142 295 
142 288 290 294 
142 285 286 288 289 293 
142 284 289 292 
142 283 289 290 
142 284 
142 284 
142 284 
141 285 
141 285 
141 286 
141 287 
141 288 
141 289 
141 290 
141 291 
141 292 
141 292 
141 291 
141 290 
141 287 
141 284 
141 282 
141 281 
141 281 
141 281 
141 280 
141 280 
141 280 
141 279 
141 277 
141 276 
140 275 
140 274 
140 273 
140 272 
140 272 
140 272 
140 272 
140 272 
140 272 
140 272 
140 272 
140 272 
140 272 
140 272 
140 272 
140 272 
140 272 
140 272 
140 272 
140 272 
140 272 
141 272 
141 273 
141 273 
141 269 
141 269 
141 268 
141 268 
141 268 
141 268 
141 268 
141 268 
141 268 
142 268 
142 268 
142 267 
142 267 
142 267 
142 267 
142 267 
142 267 471 472 
142 162 163 266 470 473 
142 161 162 266 470 473 
142 160 162 266 453 461 469 473 
142 150 151 160 162 266 446 464 469 473 
142 150 151 160 162 266 443 466 468 472 
142 143 145 149 151 160 162 267 441 472 
146 149 151 159 162 267 439 472 
146 149 151 159 162 268 438 473 
147 148 150 159 162 268 437 475 
150 159 162 269 437 477 
150 158 162 270 436 479 
151 158 164 270 435 481 
151 153 155 158 166 271 435 482 
155 158 166 271 434 483 
155 157 167 272 434 484 
155 157 168 180 181 273 433 485 
155 157 168 179 180 273 433 486 
155 156 168 179 180 274 433 486 
169 178 180 275 432 487 
169 178 182 275 432 488 
169 178 181 275 432 488 
169 177 181 275 431 488 
169 177 181 276 287 294 431 489 
169 177 181 276 285 295 431 489 
170 177 181 277 283 295 431 489 
170 177 180 277 283 296 431 490 
170 172 173 176 180 277 281 296 430 490 
174 176 180 278 281 296 430 490 
180 278 280 297 430 490 
179 297 430 490 
179 298 430 490 
178 298 430 490 
178 298 430 490 
178 299 430 490 
178 299 430 490 
178 300 430 490 
180 300 430 490 
183 301 430 489 
185 301 430 489 
185 302 431 489 
185 303 431 489 
185 304 431 489 
185 304 431 488 
185 305 432 488 
185 307 432 488 
185 309 432 488 
185 311 433 488 
185 313 434 487 
185 315 417 426 434 487 
185 317 412 427 433 486 
185 319 405 429 432 486 
185 321 398 485 
185 323 391 485 
185 325 385 485 
185 327 378 484 
182 329 374 484 
178 331 369 484 
174 333 363 483 
174 335 359 483 
176 337 355 482 
178 339 351 482 
180 341 347 481 
182 480 
185 480 
185 479 
185 478 
185 477 
185 476 
185 475 
185 474 
185 473 
185 470 
185 467 
185 464 
185 458 
185 450 
184 444 
184 443 
184 443 
184 444 
184 444 
184 444 
184 444 
185 445 
185 445 
185 445 
185 445 
185 445 
184 445 
185 446 
185 446 
185 446 
185 446 
185 447 
185 447 
185 447 
185 447 
185 447 
185 447 
185 447 
185 448 
185 448 
185 448 
185 448 
185 297 298 448 
185 296 298 448 
185 289 290 296 299 448 
185 289 290 295 299 448 
185 289 290 295 299 448 
185 289 290 295 299 448 
185 288 290 295 300 448 
185 288 290 295 300 449 
185 289 290 295 300 449 
185 288 290 294 300 449 
185 289 292 294 301 449 
185 288 292 294 301 449 
185 288 301 449 
185 288 301 449 
185 288 301 449 
185 288 301 449 
185 288 301 449 
185 288 301 449 
185 289 302 449 
185 289 302 449 
185 289 302 449 
185 289 302 449 
185 289 302 449 
185 289 302 449 
185 289 302 449 
185 289 302 449 
185 289 302 449 
185 290 302 449 
185 290 302 449 
185 290 302 449 
185 290 302 449 
185 290 302 449 
185 290 302 449 
185 290 302 449 
184 290 302 448 
184 290 302 448 
184 290 302 448 
184 290 302 448 
184 290 302 448 
184 290 302 448 
183 291 303 448 
183 291 303 448 
183 291 303 448 
183 291 303 448 
183 291 303 448 
182 291 303 448 
182 291 303 447 
182 292 303 447 
182 292 303 447 
182 292 303 447 
182 292 303 447 
181 292 303 447 
181 292 303 446 
181 292 303 446 
181 292 303 446 
181 292 303 446 
180 292 303 446 
180 292 303 445 
180 293 303 445 
180 293 303 445 
180 293 303 445 
179 293 303 445 
179 293 303 445 
179 293 303 444 
179 293 303 444 
179 293 303 444 
178 293 303 444 
178 292 303 444 
178 292 303 443 
178 293 303 443 
178 292 303 443 
178 292 303 443 
178 293 303 443 
178 293 303 442 
177 293 303 442 
177 294 303 442 
177 294 303 442 
177 294 303 441 
178 295 303 441 
179 295 304 441 
179 295 304 440 
179 295 304 440 
179 295 304 440 
179 295 304 440 
179 295 304 439 
178 295 304 439 
177 295 304 439 
177 295 304 439 
176 294 304 438 
176 294 304 438 
175 293 304 438 
175 293 304 437 
174 292 304 437 
174 291 305 437 
173 291 305 436 
173 290 305 436 
172 290 305 436 
171 290 305 435 
171 289 305 435 
171 289 305 434 
170 289 306 434 
170 289 306 434 
169 289 306 433 
169 288 306 433 
168 287 306 432 
168 286 306 432 
167 283 306 431 
167 282 307 430 
167 282 307 430 
166 282 307 429 
166 282 307 428 
166 282 307 427 
165 282 308 426 
165 282 308 425 
165 282 309 423 
164 282 309 421 
164 282 309 419 
163 282 310 419 
163 282 310 418 
163 282 310 418 
162 282 311 409 411 418 
162 283 311 408 412 418 
162 283 312 407 412 418 
161 283 312 406 412 418 
161 283 313 396 399 405 412 417 
161 283 314 393 398 404 412 417 
161 283 314 389 398 403 
160 283 315 386 398 403 
160 283 316 384 399 402 
160 283 317 380 
160 283 318 376 
160 284 319 375 
