0 640 
0 640 
0 640 
0 640 
0 640 
0 640 
0 640 
0 640 
0 640 
0 640 
0 640 
0 640 
0 640 
0 640 
0 640 
0 640 
0 640 
0 640 
0 640 
0 640 
0 640 
0 640 
0 640 
0 640 
0 640 
0 640 
0 640 
0 640 
0 640 
0 640 
0 640 
0 640 
0 640 
0 640 
0 640 
0 640 
0 640 
0 640 
0 640 
0 640 
0 640 
0 640 
0 640 
0 640 
0 640 
0 640 
0 640 
0 640 
0 640 
0 640 
0 640 
0 640 
0 640 
0 640 
0 640 
0 640 
0 640 
0 640 
0 640 
0 640 
0 640 
0 640 
0 640 
0 640 
0 640 
0 640 
0 640 
0 640 
0 640 
0 640 
0 640 
0 640 
0 640 
0 640 
0 640 
0 640 
0 640 
0 640 
0 640 
0 640 
0 640 
0 640 
0 640 
0 640 
0 640 
0 640 
0 640 
0 640 
0 640 
0 640 
0 640 
0 339 342 640 
0 338 344 640 
0 337 346 640 
0 337 348 640 
0 337 349 640 
0 336 350 640 
0 336 351 640 
0 335 351 640 
0 335 352 361 362 640 
0 334 352 359 363 640 
0 158 161 320 327 334 352 358 364 640 
0 157 161 317 329 333 351 356 365 640 
0 156 161 316 330 333 351 354 365 640 
0 156 161 315 365 640 
0 154 161 314 365 640 
0 153 161 314 365 640 
0 152 161 314 366 640 
0 152 161 314 367 640 
0 151 161 166 168 314 369 376 379 640 
0 151 160 163 168 315 381 640 
0 151 160 162 168 315 382 640 
0 152 167 315 383 640 
0 152 167 316 384 640 
0 152 166 316 385 640 
0 152 165 316 385 640 
0 152 164 316 386 640 
0 153 164 316 386 640 
0 153 163 316 387 640 
0 153 163 316 387 640 
0 153 163 314 387 640 
0 153 163 313 388 640 
0 154 164 311 388 640 
0 154 164 309 388 640 
0 154 167 308 388 640 
0 154 170 306 388 640 
0 154 172 305 388 640 
0 155 173 304 389 640 
0 155 174 303 388 640 
0 155 173 302 389 640 
0 155 169 301 388 640 
0 155 170 300 388 640 
0 156 170 299 388 640 
0 156 171 299 388 640 
0 156 172 298 387 640 
0 156 174 298 388 640 
0 157 175 297 388 640 
0 157 176 296 389 640 
0 157 178 296 389 640 
0 157 179 295 390 640 
0 157 180 190 194 295 391 640 
0 157 181 187 196 295 391 640 
0 157 198 201 204 294 392 640 
0 157 204 294 392 640 
0 158 205 294 393 640 
0 158 205 294 394 640 
0 158 206 294 395 640 
0 159 206 294 397 640 
0 160 206 293 398 640 
0 160 208 293 398 640 
0 161 208 293 398 640 
0 163 208 294 397 640 
0 164 209 294 397 640 
0 165 209 294 397 640 
0 166 209 295 397 640 
0 168 209 295 398 640 
0 169 210 295 398 640 
0 171 211 294 398 640 
0 172 213 293 398 640 
0 173 215 293 399 640 
0 176 217 218 222 293 399 640 
0 177 228 295 297 300 399 640 
0 179 231 296 297 300 399 640 
0 180 233 296 297 300 399 640 
0 180 234 296 298 299 399 640 
0 179 235 297 400 640 
0 179 235 297 400 640 
0 179 234 297 400 640 
0 178 233 297 301 303 399 640 
0 178 232 297 300 303 399 640 
0 178 232 298 300 303 399 640 
0 178 233 298 299 302 398 640 
0 179 235 302 398 640 
0 179 236 302 398 640 
0 181 238 302 398 640 
0 185 239 301 398 640 
0 186 241 301 397 640 
0 185 196 197 243 301 397 640 
0 185 194 198 244 301 397 640 
0 186 192 199 246 301 397 640 
0 188 189 199 248 300 396 640 
0 200 249 300 396 640 
0 201 251 300 396 640 
0 201 253 300 395 640 
0 202 255 300 395 640 
0 202 256 300 395 640 
0 202 258 299 394 640 
0 202 259 299 394 640 
0 202 261 299 394 640 
0 202 262 299 393 640 
0 203 264 299 393 640 
0 203 266 298 392 640 
0 204 267 298 392 640 
0 204 269 298 392 640 
0 205 270 297 391 640 
0 205 216 219 271 297 300 302 391 640 
0 207 215 220 272 296 299 302 391 640 
0 208 215 221 273 295 298 302 390 640 
0 209 214 223 274 294 298 302 390 640 
0 210 213 224 278 289 390 640 
0 210 212 226 307 310 389 640 
0 227 307 310 389 640 
0 228 307 309 311 312 389 640 
0 230 311 314 388 640 
0 231 311 314 388 640 
0 232 313 315 388 640 
0 234 388 640 
0 235 388 640 
0 236 388 640 
0 238 388 640 
0 239 388 640 
0 240 388 640 
0 242 388 640 
0 243 378 380 389 640 
0 245 377 380 389 640 
0 246 377 380 389 640 
0 247 377 379 390 640 
0 246 376 379 384 386 390 640 
0 244 376 379 383 387 390 640 
0 242 376 379 381 383 384 389 390 640 
0 240 366 367 375 378 381 640 
0 239 366 368 375 378 381 640 
0 239 365 368 375 378 380 640 
0 240 365 368 375 378 380 640 
0 242 365 368 374 378 379 640 
0 244 365 369 374 378 379 640 
0 244 366 369 373 640 
0 244 366 369 373 640 
0 243 361 364 366 369 373 640 
0 243 361 364 366 369 372 640 
0 242 361 370 372 640 
0 241 360 370 372 640 
0 241 360 370 371 640 
0 240 360 370 371 640 
0 240 360 370 371 640 
0 239 359 640 
0 238 359 640 
0 238 358 640 
0 237 358 640 
0 237 357 640 
0 236 358 640 
0 235 358 640 
0 235 358 640 
0 234 358 640 
0 234 358 640 
0 233 358 640 
0 233 358 640 
0 232 358 640 
0 231 358 640 
0 231 358 640 
0 230 358 640 
0 229 358 640 
0 229 357 640 
0 228 357 640 
0 228 357 640 
0 227 357 640 
0 226 357 640 
0 226 357 640 
0 225 356 640 
0 225 356 640 
0 224 356 640 
0 224 356 640 
0 223 355 640 
0 223 355 640 
0 222 355 640 
0 222 355 640 
0 221 354 640 
0 221 354 640 
0 220 353 640 
0 220 353 640 
0 220 353 640 
0 220 263 265 352 640 
0 220 261 266 352 640 
0 221 259 267 352 640 
0 222 257 267 351 640 
0 222 254 267 351 640 
0 223 251 267 351 640 
0 224 249 267 350 640 
0 225 247 266 350 640 
0 227 245 266 349 640 
0 229 244 265 349 640 
0 265 348 640 
0 265 348 640 
0 265 348 640 
0 265 347 640 
0 264 347 640 
0 264 346 640 
0 264 346 640 
0 264 345 640 
0 263 345 640 
0 263 345 640 
0 263 344 640 
0 263 344 640 
0 263 343 640 
0 263 343 640 
0 263 342 640 
0 262 342 640 
0 262 341 640 
0 262 341 640 
0 262 341 640 
0 262 340 640 
0 262 340 640 
0 262 339 640 
0 262 339 640 
0 262 338 640 
0 262 338 640 
0 262 337 640 
0 261 337 640 
0 261 337 640 
0 261 336 640 
0 261 336 640 
0 261 335 640 
0 261 335 640 
0 261 335 640 
0 261 334 640 
0 261 334 640 
0 261 333 640 
0 261 333 640 
0 261 333 640 
0 261 334 640 
0 261 334 640 
0 261 335 640 
0 261 335 640 
0 261 335 640 
0 261 336 640 
0 261 336 640 
0 261 337 640 
0 261 338 640 
0 261 338 640 
0 261 339 640 
0 261 340 640 
0 261 340 640 
0 261 341 640 
0 261 343 640 
0 262 344 640 
0 262 345 640 
0 262 346 640 
0 262 347 640 
0 262 348 640 
0 262 348 640 
0 262 349 640 
0 262 350 640 
0 262 350 640 
0 262 351 640 
0 262 353 640 
0 261 354 640 
0 261 356 640 
0 261 358 640 
0 261 359 640 
0 261 360 640 
0 261 362 640 
0 261 363 640 
0 261 364 640 
0 262 366 640 
0 263 367 640 
0 264 368 640 
0 265 336 339 370 640 
0 266 337 340 371 640 
0 266 338 340 372 640 
0 266 339 341 373 640 
0 266 339 341 374 640 
0 266 340 342 374 640 
0 265 375 640 
0 265 375 640 
0 265 376 640 
0 265 376 640 
0 264 376 640 
0 264 377 640 
0 264 347 349 377 640 
0 264 347 350 377 640 
0 264 348 350 377 640 
0 263 348 350 378 640 
0 263 348 350 378 640 
0 263 349 351 379 640 
0 263 350 351 379 640 
0 263 350 351 380 640 
0 263 352 354 380 640 
0 263 352 355 381 640 
0 262 352 355 382 640 
0 262 352 355 382 640 
0 262 353 355 383 640 
0 262 353 356 383 640 
0 262 354 356 384 640 
0 262 354 356 384 640 
0 262 355 357 384 640 
0 262 355 357 384 640 
0 262 355 357 384 640 
0 261 356 357 383 640 
0 261 356 357 383 640 
0 261 356 357 383 640 
0 261 383 640 
0 261 383 640 
0 261 383 640 
0 261 382 640 
0 260 382 640 
0 260 382 640 
0 260 382 640 
0 260 381 640 
0 260 381 640 
0 260 381 640 
0 259 380 640 
0 259 379 640 
0 259 379 640 
0 259 378 640 
0 259 378 640 
0 259 374 375 376 640 
0 258 374 640 
0 258 374 640 
0 258 374 640 
0 258 374 640 
0 258 375 640 
0 258 375 640 
0 257 375 640 
0 257 375 640 
0 257 376 640 
0 257 376 640 
0 257 376 640 
0 256 376 640 
0 256 377 640 
0 256 377 640 
0 256 377 640 
0 256 377 640 
0 255 378 640 
0 255 378 640 
0 255 378 640 
0 255 378 640 
0 255 379 640 
0 255 379 640 
0 255 379 640 
0 254 379 640 
0 254 380 640 
0 254 380 640 
0 254 380 640 
0 254 380 640 
0 254 381 640 
0 254 381 640 
0 254 381 640 
0 254 381 640 
0 253 382 640 
0 253 382 640 
0 253 382 640 
0 253 383 640 
0 253 383 640 
0 253 383 640 
0 253 383 640 
0 253 383 640 
0 253 384 640 
0 253 384 640 
0 253 384 640 
0 253 385 640 
0 253 385 640 
0 253 385 640 
0 253 385 640 
0 253 386 640 
0 253 386 640 
0 253 386 640 
0 253 387 640 
0 253 387 640 
0 253 387 640 
0 253 387 640 
0 253 388 640 
0 253 388 640 
0 253 388 640 
0 253 388 640 
0 253 388 640 
0 253 389 640 
0 253 389 640 
0 253 390 640 
0 253 390 640 
0 253 390 640 
0 253 390 640 
0 253 391 640 
0 254 391 640 
0 254 391 640 
0 254 391 640 
0 254 392 640 
0 255 392 640 
0 255 392 640 
0 255 392 640 
0 256 392 640 
