0 640 
0 640 
0 640 
0 640 
0 640 
0 640 
0 640 
0 640 
0 640 
0 640 
0 640 
0 640 
0 640 
0 640 
0 640 
0 640 
0 640 
0 640 
0 640 
0 640 
0 640 
0 640 
0 640 
0 640 
0 640 
0 640 
0 640 
0 640 
0 640 
0 640 
0 640 
0 640 
0 640 
0 640 
0 640 
0 640 
0 640 
0 640 
0 640 
0 640 
0 640 
0 640 
0 640 
0 640 
0 640 
0 640 
0 640 
0 640 
0 640 
0 640 
0 640 
0 640 
0 640 
0 640 
0 640 
0 640 
0 640 
0 640 
0 640 
0 640 
0 640 
0 640 
0 640 
0 640 
0 640 
0 640 
0 640 
0 640 
0 640 
0 640 
0 640 
0 640 
0 640 
0 640 
0 640 
0 640 
0 640 
0 640 
0 640 
0 640 
0 640 
0 640 
0 640 
0 640 
0 640 
0 640 
0 640 
0 640 
0 640 
0 640 
0 640 
0 640 
0 640 
0 640 
0 640 
0 640 
0 640 
0 640 
0 640 
0 640 
0 640 
0 640 
0 640 
0 640 
0 640 
0 640 
0 640 
0 640 
0 640 
0 640 
0 640 
0 640 
0 640 
0 640 
0 640 
0 640 
0 640 
0 640 
0 640 
0 283 284 640 
0 283 285 295 309 640 
0 283 285 294 311 640 
0 283 286 292 312 640 
0 283 286 290 314 322 328 640 
0 282 286 290 316 318 328 640 
0 283 287 289 327 640 
0 279 287 289 326 640 
0 274 325 640 
0 274 324 640 
0 275 324 640 
0 277 325 640 
0 278 325 640 
0 279 326 640 
0 279 326 640 
0 279 327 640 
0 279 326 640 
0 279 327 640 
0 278 326 640 
0 278 325 640 
0 278 324 640 
0 279 323 640 
0 279 322 640 
0 281 321 640 
0 283 320 640 
0 284 321 640 
0 285 321 640 
0 287 321 640 
0 287 321 640 
0 288 321 640 
0 288 321 640 
0 289 321 640 
0 289 321 640 
0 289 322 640 
0 289 322 640 
0 289 322 640 
0 289 322 640 
0 289 322 640 
0 289 322 640 
0 289 322 640 
0 289 322 640 
0 289 322 640 
0 289 322 640 
0 289 322 640 
0 289 322 640 
0 289 322 640 
0 288 325 640 
0 287 327 640 
0 286 329 640 
0 285 331 640 
0 284 331 640 
0 283 332 640 
0 282 332 640 
0 282 333 640 
0 281 333 640 
0 280 334 640 
0 280 335 640 
0 279 336 640 
0 279 336 640 
0 278 336 640 
0 278 337 640 
0 278 337 640 
0 278 338 640 
0 278 339 640 
0 278 339 640 
0 279 340 640 
0 279 325 326 340 640 
0 279 325 329 341 640 
0 279 325 331 341 640 
0 279 325 331 341 640 
0 279 326 330 341 640 
0 279 326 330 341 640 
0 279 326 329 340 640 
0 279 326 329 340 640 
0 279 326 328 339 640 
0 279 326 328 338 640 
0 278 326 327 338 640 
0 278 325 326 337 640 
0 278 325 326 336 640 
0 278 325 326 336 640 
0 278 335 640 
0 278 335 640 
0 277 334 640 
0 277 333 640 
0 277 332 640 
0 276 332 640 
0 276 331 640 
0 275 330 640 
0 272 330 640 
0 269 329 640 
0 269 328 640 
0 270 328 640 
0 270 327 640 
0 270 328 640 
0 271 330 640 
0 271 331 640 
0 271 332 640 
0 272 331 640 
0 272 330 640 
0 273 330 640 
0 273 330 640 
0 273 329 640 
0 273 328 640 
0 273 328 640 
0 273 328 640 
0 273 327 640 
0 273 327 640 
0 273 327 640 
0 272 326 640 
0 272 326 640 
0 272 326 640 
0 272 326 640 
0 272 327 640 
0 272 328 640 
0 272 328 640 
0 271 329 640 
0 271 330 640 
0 271 330 640 
0 271 331 640 
0 270 331 640 
0 270 332 640 
0 270 332 640 
0 270 333 640 
0 271 334 640 
0 271 334 640 
0 271 335 640 
0 272 335 640 
0 272 336 640 
0 272 337 640 
0 272 336 640 
0 271 339 640 
0 271 340 640 
0 270 336 338 340 640 
0 270 336 338 341 640 
0 270 336 338 341 640 
0 270 272 273 337 339 341 640 
0 269 271 273 337 339 341 640 
0 269 271 273 338 339 340 640 
0 269 271 272 340 640 
0 268 340 640 
0 268 340 640 
0 268 270 272 341 640 
0 272 341 640 
0 272 342 640 
0 272 343 640 
0 272 343 640 
0 272 344 640 
0 272 345 640 
0 272 345 640 
0 271 346 640 
0 271 347 640 
0 270 348 640 
0 270 348 640 
0 270 349 640 
0 269 350 640 
0 269 350 640 
0 269 351 640 
0 268 352 640 
0 268 352 640 
0 268 353 640 
0 267 354 640 
0 267 354 640 
0 267 355 640 
0 266 356 640 
0 266 356 640 
0 265 357 640 
0 265 358 640 
0 264 358 640 
0 264 359 640 
0 264 360 640 
0 263 360 640 
0 263 361 640 
0 263 362 640 
0 262 362 640 
0 262 360 640 
0 262 357 640 
0 261 357 640 
0 261 358 640 
0 261 358 640 
0 260 359 640 
0 260 359 640 
0 260 360 640 
0 259 360 640 
0 259 359 640 
0 259 352 640 
0 259 351 640 
0 259 349 640 
0 258 347 640 
0 258 345 640 
0 258 344 640 
0 258 342 640 
0 259 336 640 
0 261 335 640 
0 262 334 640 
0 262 333 640 
0 262 332 640 
0 262 331 640 
0 262 330 640 
0 262 329 640 
0 263 327 640 
0 263 326 640 
0 269 326 640 
0 269 325 640 
0 269 325 640 
0 269 311 313 325 640 
0 269 310 313 325 640 
0 269 282 290 308 313 325 640 
0 269 279 292 306 314 325 640 
0 268 279 295 305 314 325 640 
0 266 280 298 302 314 325 640 
0 266 280 314 325 640 
0 266 280 312 325 640 
0 266 280 312 326 640 
0 266 280 312 326 640 
0 267 279 312 326 640 
0 267 279 312 326 640 
0 267 279 312 326 640 
0 267 279 313 326 640 
0 267 278 313 326 640 
0 266 278 313 326 640 
0 266 278 313 326 640 
0 266 278 313 326 640 
0 266 278 313 326 640 
0 266 278 313 326 640 
0 266 278 313 326 640 
0 266 278 313 326 640 
0 266 278 313 326 640 
0 266 278 313 326 640 
0 266 277 313 326 640 
0 265 277 313 326 640 
0 264 277 313 326 640 
0 261 277 313 325 640 
0 259 277 313 325 640 
0 259 278 313 325 640 
0 258 278 313 325 640 
0 258 278 313 325 640 
0 258 278 313 325 640 
0 258 278 313 325 640 
0 258 278 312 325 640 
0 259 278 312 326 640 
0 260 278 311 326 640 
0 263 277 311 326 640 
0 266 276 312 326 640 
0 271 274 312 326 640 
0 313 325 640 
0 314 325 640 
0 314 324 640 
0 317 323 640 
0 640 
0 640 
0 640 
0 640 
0 640 
0 640 
0 640 
0 640 
0 640 
0 640 
0 640 
0 640 
0 640 
0 640 
0 640 
0 640 
0 640 
0 640 
0 640 
0 640 
0 640 
0 640 
0 640 
0 640 
0 640 
0 640 
0 640 
0 640 
0 640 
0 640 
0 640 
0 640 
0 640 
0 640 
0 640 
0 640 
0 640 
0 640 
0 640 
0 640 
0 640 
0 640 
0 640 
0 640 
0 640 
0 640 
0 640 
0 640 
0 640 
0 640 
0 640 
0 640 
0 640 
0 640 
0 640 
0 640 
0 640 
0 640 
0 640 
0 640 
0 640 
0 640 
0 640 
0 640 
0 640 
0 640 
0 640 
0 640 
0 640 
0 640 
0 640 
0 640 
0 640 
0 640 
0 640 
0 640 
0 640 
0 640 
0 640 
0 640 
0 640 
0 640 
0 640 
0 640 
0 640 
0 640 
0 640 
0 640 
0 640 
0 640 
0 640 
0 640 
0 640 
0 640 
0 640 
0 640 
0 640 
0 640 
0 640 
0 640 
0 640 
0 640 
0 640 
0 640 
0 640 
0 640 
0 640 
0 640 
0 640 
0 640 
0 640 
0 640 
0 640 
