0 640 
0 640 
0 640 
0 640 
0 640 
0 640 
0 640 
0 640 
0 640 
0 640 
0 640 
0 256 257 640 
0 255 258 640 
0 254 258 640 
0 253 259 640 
0 252 260 640 
0 250 260 640 
0 250 261 640 
0 249 262 640 
0 248 262 640 
0 247 263 640 
0 246 264 640 
0 245 265 640 
0 245 265 640 
0 244 266 640 
0 243 267 640 
0 242 267 640 
0 241 268 640 
0 240 268 640 
0 240 269 640 
0 239 269 640 
0 238 270 640 
0 238 270 640 
0 237 271 640 
0 236 271 640 
0 236 272 640 
0 235 272 640 
0 234 273 640 
0 234 273 640 
0 233 274 640 
0 232 274 640 
0 232 275 640 
0 231 275 640 
0 230 276 640 
0 229 276 640 
0 228 277 640 
0 228 277 640 
0 227 277 640 
0 226 278 640 
0 226 279 640 
0 225 279 640 
0 224 280 640 
0 223 280 640 
0 216 281 640 
0 203 281 640 
0 196 282 640 
0 194 283 640 
0 189 285 640 
0 185 289 640 
0 182 292 640 
0 180 295 640 
0 179 297 640 
0 176 299 640 
0 174 301 640 
0 173 303 640 
0 171 305 640 
0 170 306 640 
0 168 308 640 
0 167 310 640 
0 165 311 640 
0 164 312 640 
0 163 314 640 
0 162 315 640 
0 162 316 640 
0 160 318 640 
0 159 319 640 
0 158 320 640 
0 157 320 640 
0 156 321 640 
0 155 322 640 
0 155 323 640 
0 154 325 640 
0 154 326 640 
0 153 327 640 
0 152 327 640 
0 151 328 640 
0 151 329 640 
0 150 330 640 
0 149 330 640 
0 149 331 640 
0 148 332 640 
0 147 332 640 
0 147 333 640 
0 146 334 640 
0 146 334 640 
0 145 335 640 
0 145 336 640 
0 145 336 640 
0 144 337 640 
0 144 337 640 
0 143 338 640 
0 143 339 640 
0 142 339 640 
0 142 340 640 
0 142 340 640 
0 141 341 640 
0 141 341 640 
0 141 342 640 
0 140 342 640 
0 140 342 640 
0 140 342 640 
0 139 343 640 
0 139 343 640 
0 139 344 640 
0 138 344 640 
0 138 344 640 
0 138 345 640 
0 138 345 640 
0 137 345 640 
0 137 346 640 
0 137 346 640 
0 137 346 574 576 640 
0 137 347 573 577 640 
0 137 347 574 578 640 
0 136 347 575 578 640 
0 136 347 577 578 640 
0 136 347 640 
0 136 347 640 
0 135 347 640 
0 135 348 640 
0 135 348 640 
0 135 348 640 
0 135 348 640 
0 135 348 640 
0 135 348 640 
0 134 349 640 
0 134 349 640 
0 134 349 640 
0 134 349 640 
0 134 348 640 
0 134 348 640 
0 134 348 640 
0 134 348 640 
0 134 348 640 
0 134 348 640 
0 134 348 640 
0 134 348 640 
0 135 348 640 
0 135 348 640 
0 135 347 640 
0 135 347 640 
0 136 347 640 
0 136 347 640 
0 136 347 640 
0 137 346 640 
0 137 346 640 
0 137 345 640 
0 136 345 640 
0 134 345 640 
0 132 345 640 
0 131 346 640 
0 129 346 640 
0 127 346 640 
0 106 113 125 347 640 
0 105 115 123 347 640 
0 104 117 122 348 640 
0 103 348 640 
0 103 349 425 427 430 432 640 
0 103 349 424 428 430 432 640 
0 103 350 424 432 640 
0 103 351 424 432 640 
0 103 351 424 432 640 
0 103 352 424 432 640 
0 103 352 424 432 640 
0 103 353 424 432 640 
0 104 354 424 432 640 
0 104 354 424 432 640 
0 105 355 424 431 640 
0 105 357 424 431 640 
0 105 357 425 431 640 
0 104 358 425 431 640 
0 103 360 425 430 640 
0 102 360 426 430 640 
0 101 362 426 430 640 
0 100 362 426 430 640 
0 99 363 426 430 640 
0 97 364 426 429 640 
0 96 365 427 429 640 
0 96 365 427 429 640 
0 96 364 427 429 640 
0 98 363 428 429 640 
0 99 363 640 
0 101 362 640 
0 102 361 640 
0 103 360 640 
0 104 359 640 
0 106 358 640 
0 107 357 640 
0 109 356 640 
0 110 354 640 
0 112 350 640 
0 113 350 640 
0 115 350 640 
0 116 350 640 
0 118 350 640 
0 119 132 134 350 640 
0 120 132 135 350 640 
0 122 131 136 351 640 
0 124 130 138 351 640 
0 126 129 138 351 640 
0 138 352 640 
0 138 352 640 
0 138 352 640 
0 138 352 640 
0 137 352 640 
0 137 353 640 
0 137 353 640 
0 137 353 640 
0 137 353 640 
0 137 354 640 
0 137 354 640 
0 136 354 640 
0 136 355 640 
0 136 355 640 
0 135 355 640 
0 135 355 640 
0 135 356 640 
0 135 356 640 
0 135 356 640 
0 134 356 640 
0 134 357 640 
0 134 357 640 
0 134 357 640 
0 134 357 640 
0 133 357 640 
0 133 358 640 
0 133 358 640 
0 133 358 640 
0 133 358 640 
0 132 358 640 
0 132 359 640 
0 132 359 640 
0 132 360 640 
0 132 360 640 
0 131 360 640 
0 131 360 640 
0 131 361 640 
0 130 361 640 
0 130 361 640 
0 130 361 640 
0 129 362 640 
0 129 362 640 
0 129 362 640 
0 129 362 640 
0 129 363 640 
0 128 363 640 
0 128 363 640 
0 128 363 640 
0 128 364 640 
0 127 364 640 
0 127 365 640 
0 127 365 640 
0 126 365 640 
0 126 365 640 
0 125 366 640 
0 125 366 640 
0 125 366 640 
0 124 367 640 
0 124 367 640 
0 124 367 640 
0 123 367 640 
0 123 367 640 
0 123 368 640 
0 123 368 640 
0 122 368 640 
0 122 369 640 
0 122 369 640 
0 121 370 640 
0 121 370 640 
0 121 370 640 
0 120 371 640 
0 120 371 640 
0 119 371 640 
0 119 372 640 
0 119 372 640 
0 118 372 640 
0 118 372 640 
0 117 372 640 
0 117 373 640 
0 117 373 640 
0 116 373 640 
0 116 374 640 
0 115 374 640 
0 115 375 640 
0 114 375 640 
0 114 375 640 
0 114 376 640 
0 114 376 640 
0 113 376 640 
0 112 377 640 
0 112 377 640 
0 112 377 640 
0 111 378 640 
0 111 378 640 
0 110 367 369 378 640 
0 110 365 370 379 640 
0 109 363 372 379 640 
0 109 295 297 361 373 380 640 
0 108 118 121 295 304 359 374 381 640 
0 108 117 123 296 309 357 375 381 640 
0 107 115 125 299 313 321 328 356 377 382 640 
0 106 114 127 301 329 354 378 383 640 
0 105 113 129 304 331 352 378 384 640 
0 104 111 131 308 333 351 379 384 640 
0 103 110 132 165 166 311 334 349 380 385 640 
0 102 109 134 163 164 314 336 346 382 385 640 
0 102 108 135 162 163 316 383 386 640 
0 101 106 137 159 160 319 383 386 640 
0 100 105 139 321 384 386 640 
0 100 105 141 156 158 324 385 386 640 
0 99 103 144 152 154 327 640 
0 99 102 153 331 640 
0 99 101 152 335 640 
0 98 100 150 337 640 
0 149 338 640 
0 148 340 640 
0 147 341 640 
0 145 343 640 
0 144 344 640 
0 144 346 640 
0 143 347 640 
0 143 348 640 
0 143 350 640 
0 143 351 640 
0 143 352 640 
0 143 353 640 
0 143 354 640 
0 143 355 640 
0 143 355 640 
0 143 355 640 
0 143 356 640 
0 143 356 640 
0 143 356 640 
0 143 356 640 
0 143 356 359 364 640 
0 143 377 388 389 640 
0 143 393 640 
0 142 398 640 
0 142 404 640 
0 142 408 640 
0 141 414 640 
0 140 417 640 
0 140 423 640 
0 139 426 640 
0 139 429 640 
0 138 432 640 
0 138 434 640 
0 138 437 640 
0 137 440 640 
0 137 443 640 
0 136 448 640 
0 136 449 640 
0 135 451 640 
0 135 454 640 
0 134 456 640 
0 126 457 640 
0 125 459 640 
0 124 461 640 
0 54 60 124 463 640 
0 53 61 124 465 640 
0 52 61 123 467 640 
0 52 61 123 468 640 
0 52 61 123 470 640 
0 53 61 123 471 640 
0 55 61 123 475 640 
0 58 61 123 476 640 
0 123 478 640 
0 123 480 640 
0 123 481 640 
0 123 482 640 
0 123 484 640 
0 123 485 640 
0 123 486 640 
0 123 488 640 
0 123 490 640 
0 122 491 640 
0 122 492 640 
0 122 494 640 
0 121 495 640 
0 119 496 640 
0 118 498 640 
0 117 499 640 
0 118 501 640 
0 118 502 640 
0 118 503 640 
0 117 505 640 
0 117 505 640 
0 116 507 640 
0 115 508 640 
0 114 509 640 
0 113 510 640 
0 112 511 640 
0 113 512 640 
0 112 513 640 
0 112 514 640 
0 113 515 640 
0 113 516 640 
0 113 518 640 
0 113 519 640 
0 113 520 640 
0 113 521 640 
0 113 522 640 
0 113 523 640 
0 113 524 640 
0 113 525 640 
0 113 526 640 
0 112 526 640 
0 111 527 640 
0 111 528 640 
0 110 528 640 
0 110 529 640 
0 109 530 640 
0 109 531 640 
0 109 532 640 
0 110 533 640 
0 110 533 640 
0 110 534 640 
0 110 535 640 
0 111 536 640 
0 111 537 640 
0 111 538 640 
0 111 539 640 
0 112 539 640 
0 112 540 640 
0 112 541 640 
0 112 542 640 
0 112 543 640 
0 112 543 640 
0 111 544 640 
0 110 545 640 
0 109 546 640 
0 109 546 640 
0 108 547 640 
0 108 547 640 
0 107 547 640 
0 106 548 640 
0 106 549 640 
0 105 550 640 
0 104 550 640 
0 103 551 640 
0 102 552 640 
0 101 552 640 
0 101 553 640 
0 100 553 640 
0 99 554 640 
0 98 555 640 
0 97 555 640 
0 96 556 640 
0 95 557 640 
0 94 557 640 
0 94 558 640 
0 93 558 640 
0 92 559 640 
0 91 559 640 
0 90 560 640 
0 89 560 640 
0 89 561 640 
0 88 561 640 
0 87 562 640 
0 87 562 640 
0 85 563 640 
0 85 563 640 
0 84 563 640 
0 83 564 640 
0 83 564 640 
0 82 565 640 
0 81 565 640 
0 80 566 640 
0 79 566 640 
0 79 566 640 
