0 640 
0 640 
0 640 
0 640 
0 640 
0 640 
0 640 
0 640 
0 640 
0 640 
0 640 
0 640 
0 640 
0 640 
0 640 
0 640 
0 640 
0 640 
0 640 
0 640 
0 640 
0 640 
0 640 
0 640 
0 640 
0 640 
0 640 
0 640 
0 640 
0 640 
0 640 
0 640 
0 640 
0 640 
0 640 
0 640 
0 640 
0 640 
0 640 
0 640 
0 640 
0 640 
0 640 
0 640 
0 640 
0 640 
0 640 
0 640 
0 334 350 640 
0 292 312 328 356 640 
0 287 360 640 
0 284 363 640 
0 282 366 640 
0 279 368 640 
0 277 370 640 
0 275 371 640 
0 273 373 640 
0 272 374 640 
0 270 375 640 
0 269 376 640 
0 268 377 640 
0 267 378 640 
0 266 379 640 
0 265 380 640 
0 265 381 640 
0 264 382 640 
0 263 383 640 
0 262 383 640 
0 262 384 640 
0 261 385 640 
0 261 385 640 
0 260 386 640 
0 260 386 640 
0 259 387 640 
0 259 387 398 402 640 
0 259 387 396 405 640 
0 258 388 395 407 640 
0 258 388 394 409 640 
0 258 389 393 411 640 
0 257 389 392 412 640 
0 257 390 392 414 640 
0 257 390 391 415 640 
0 256 416 640 
0 256 417 640 
0 256 418 640 
0 256 419 640 
0 255 420 640 
0 255 421 640 
0 255 422 640 
0 255 423 640 
0 255 424 640 
0 254 425 640 
0 254 425 640 
0 254 426 640 
0 254 427 640 
0 254 428 640 
0 254 428 640 
0 254 429 640 
0 254 429 640 
0 254 429 640 
0 254 430 640 
0 254 430 640 
0 254 431 640 
0 254 431 640 
0 254 431 640 
0 254 432 640 
0 254 432 640 
0 255 432 640 
0 255 433 640 
0 255 433 640 
0 256 433 640 
0 256 434 640 
0 257 434 640 
0 257 434 640 
0 257 435 640 
0 257 435 640 
0 257 435 640 
0 257 435 640 
0 257 435 640 
0 257 435 640 
0 256 435 640 
0 256 435 640 
0 255 435 640 
0 255 436 640 
0 254 436 640 
0 254 436 640 
0 253 436 640 
0 253 436 640 
0 252 436 640 
0 251 436 640 
0 251 435 640 
0 250 435 640 
0 249 435 640 
0 248 435 640 
0 247 393 394 435 640 
0 246 392 395 434 640 
0 245 392 397 434 640 
0 245 391 397 434 640 
0 243 391 398 433 640 
0 242 390 398 433 640 
0 241 390 398 433 640 
0 239 389 398 432 640 
0 238 389 399 432 640 
0 237 388 399 432 640 
0 235 388 399 432 640 
0 234 387 399 432 640 
0 234 387 399 432 640 
0 235 386 399 433 640 
0 236 386 399 433 640 
0 237 386 399 434 640 
0 238 386 399 434 640 
0 240 241 246 386 400 435 640 
0 247 256 262 386 400 435 640 
0 249 255 263 386 400 436 640 
0 251 253 262 386 400 436 640 
0 262 386 400 437 640 
0 262 387 400 437 640 
0 261 387 400 437 640 
0 260 388 400 438 640 
0 260 390 400 438 640 
0 259 391 400 439 640 
0 259 393 400 439 640 
0 258 395 400 439 640 
0 258 388 401 440 640 
0 257 387 401 440 640 
0 256 388 401 440 640 
0 255 388 401 441 640 
0 255 260 262 388 401 441 640 
0 254 258 263 379 380 388 401 442 640 
0 253 257 263 378 380 389 401 442 640 
0 253 254 263 377 381 389 402 442 640 
0 263 266 268 377 382 387 388 389 402 443 640 
0 262 266 268 373 374 377 383 386 402 443 640 
0 262 265 269 373 375 376 384 387 402 443 640 
0 262 265 269 373 385 387 402 444 640 
0 262 264 270 372 402 444 640 
0 262 264 271 274 275 372 402 445 640 
0 271 273 275 372 402 445 640 
0 272 273 275 372 402 445 640 
0 275 371 403 446 640 
0 276 371 403 446 640 
0 276 371 403 447 640 
0 276 356 357 370 403 406 408 447 640 
0 276 355 357 370 404 406 408 447 640 
0 277 291 293 354 357 370 404 406 408 446 640 
0 277 291 293 354 357 370 404 407 409 446 640 
0 277 291 293 353 357 370 405 407 409 447 640 
0 277 291 294 353 357 369 405 447 640 
0 277 292 294 352 357 369 405 447 640 
0 277 292 296 352 357 369 406 447 640 
0 277 283 284 292 297 350 356 369 406 447 640 
0 277 282 285 291 298 349 357 369 407 447 640 
0 278 283 285 291 299 348 357 361 362 366 367 369 407 447 640 
0 278 283 285 291 299 347 357 361 362 365 368 369 408 447 640 
0 278 282 285 291 301 346 357 361 362 365 368 370 408 414 415 448 640 
0 278 282 285 291 302 345 357 360 362 365 368 370 409 414 415 448 640 
0 278 282 285 291 302 343 357 360 362 365 369 370 410 448 640 
0 279 282 285 291 302 342 357 360 362 365 410 448 640 
0 279 281 285 291 302 342 357 360 362 364 411 448 640 
0 279 281 285 291 302 342 357 360 362 364 412 448 640 
0 279 281 285 290 303 341 357 360 362 364 413 447 640 
0 279 281 285 287 288 290 303 341 357 360 362 364 413 440 441 448 640 
0 279 280 285 286 288 290 303 341 357 360 362 363 414 440 441 448 640 
0 279 280 285 286 288 290 303 340 358 360 362 363 415 441 442 448 640 
0 279 280 285 286 288 290 304 340 358 360 362 363 415 441 443 447 640 
0 288 290 304 340 358 360 362 363 416 441 443 447 640 
0 288 290 304 340 358 360 362 363 416 441 443 447 640 
0 288 289 303 340 358 360 417 441 443 447 640 
0 71 76 288 289 302 342 358 359 417 442 444 447 640 
0 70 78 300 343 358 359 418 442 444 447 640 
0 68 80 298 345 418 442 445 447 640 
0 67 82 296 347 419 442 445 447 640 
0 66 84 293 349 419 443 445 447 640 
0 64 87 290 351 420 443 445 447 640 
0 63 89 287 354 420 443 445 447 640 
0 62 92 284 357 421 443 445 447 640 
0 61 94 282 359 421 425 426 441 442 443 445 447 546 547 548 549 640 
0 60 97 280 361 422 426 427 441 445 446 544 551 640 
0 59 99 277 364 422 426 428 441 542 552 640 
0 58 102 275 366 423 426 428 432 433 441 540 553 640 
0 57 104 274 368 425 426 428 432 434 441 539 554 640 
0 56 107 272 369 429 432 434 441 536 555 640 
0 55 109 271 371 430 433 434 442 534 556 640 
0 54 73 77 111 270 373 430 433 435 439 440 442 532 557 640 
0 53 72 78 114 269 374 431 432 435 439 440 442 530 557 640 
0 52 71 80 116 267 375 436 440 441 442 527 558 640 
0 51 70 83 118 266 376 437 440 526 559 640 
0 50 69 85 121 265 377 438 440 523 560 640 
0 49 68 86 123 264 378 521 561 640 
0 48 67 88 125 264 379 519 562 640 
0 47 66 90 128 263 380 516 545 547 562 640 
0 46 66 93 129 262 381 515 544 548 563 640 
0 45 65 95 131 262 382 512 542 549 564 640 
0 44 64 97 133 261 383 510 540 550 565 640 
0 43 63 98 135 260 383 508 539 551 566 640 
0 41 62 96 137 260 384 506 537 552 567 640 
0 40 61 92 139 259 385 504 535 552 568 640 
0 39 60 90 140 259 385 503 533 553 569 640 
0 38 60 89 142 258 386 501 531 554 570 640 
0 37 60 87 116 120 144 257 386 499 529 554 570 640 
0 35 62 86 116 123 146 257 387 497 526 555 571 640 
0 34 63 86 116 126 148 256 387 495 526 556 572 640 
0 33 63 85 116 129 150 256 388 494 526 557 573 640 
0 32 64 85 116 131 151 255 389 492 528 557 574 640 
0 30 64 84 116 132 154 254 389 490 530 557 575 640 
0 29 64 84 117 135 155 254 390 488 531 556 577 640 
0 28 65 84 117 136 158 253 390 487 532 551 578 640 
0 26 65 83 117 138 160 224 228 253 391 485 504 506 532 548 579 640 
0 25 66 83 117 140 162 220 230 252 391 484 502 506 533 546 580 640 
0 24 66 83 117 141 165 217 233 251 392 482 500 505 533 544 581 640 
0 22 66 82 117 143 168 212 236 251 392 479 498 505 534 543 582 640 
0 21 66 81 117 144 171 209 240 250 393 478 496 504 534 543 583 640 
0 20 66 81 117 146 175 204 243 250 393 476 495 504 535 542 584 640 
0 18 66 81 116 147 181 196 393 411 415 474 493 504 535 541 586 640 
0 17 66 80 116 149 394 407 418 471 492 503 535 541 587 640 
0 15 67 80 116 150 394 403 422 469 490 503 535 540 588 640 
0 14 67 80 116 151 395 400 425 467 488 503 535 540 589 640 
0 12 67 80 115 151 429 464 487 504 535 540 590 640 
0 11 67 79 115 148 434 460 486 504 534 539 592 640 
0 9 67 79 114 145 441 454 484 504 534 540 593 640 
0 7 67 78 114 141 483 505 534 540 595 640 
0 6 67 78 113 139 482 505 533 540 571 572 596 640 
0 4 66 78 112 137 483 506 532 540 570 573 597 640 
0 3 66 77 111 136 170 180 217 234 488 507 532 541 570 574 599 640 
66 77 109 135 167 179 216 240 490 508 531 541 570 576 600 640 
65 76 107 135 166 178 215 244 491 509 530 541 569 577 602 640 
65 76 106 134 165 176 215 244 492 510 529 542 569 578 603 640 
64 75 104 134 165 175 214 243 493 511 529 542 568 579 605 640 
63 75 103 133 166 174 213 243 400 403 408 419 494 512 528 543 567 581 606 640 
25 27 62 75 101 132 166 173 212 243 398 421 455 465 494 513 527 543 567 582 608 640 
23 26 61 75 100 132 166 171 212 244 398 422 456 466 495 514 525 544 565 583 610 640 
21 26 60 74 98 131 166 170 212 245 398 423 457 466 495 515 525 544 564 582 611 640 
20 26 58 74 97 130 166 169 212 245 397 423 459 466 496 517 524 545 562 580 613 640 
18 26 57 73 95 130 166 168 212 246 395 424 460 466 496 518 522 545 559 579 615 640 
16 25 55 73 94 129 211 245 393 424 461 466 496 519 521 546 556 578 617 640 
15 25 53 73 92 129 211 244 390 424 463 466 497 547 552 577 619 640 
15 25 52 72 91 128 210 243 391 424 464 466 497 576 620 640 
15 24 50 72 89 127 210 243 392 424 465 466 497 575 622 640 
15 24 49 72 88 127 209 242 392 425 498 575 624 640 
15 24 47 71 86 126 208 242 393 425 498 574 626 640 
16 23 45 71 85 126 207 242 394 425 498 574 628 640 
16 23 44 70 83 125 206 242 395 426 499 573 603 606 630 640 
16 22 43 71 82 124 205 242 396 426 499 573 603 609 633 640 
16 22 41 71 80 124 204 241 397 427 500 573 604 610 635 640 
16 22 40 71 78 123 203 241 397 427 500 573 604 612 637 640 
16 21 38 71 77 122 202 241 398 428 500 573 604 614 639 640 
16 21 36 71 76 122 201 241 398 429 500 573 604 616 
16 21 35 72 74 122 200 240 398 430 501 573 603 616 
16 21 33 121 199 240 399 431 501 574 603 615 
16 21 32 120 197 240 399 432 501 574 603 614 
16 21 30 120 193 240 399 433 502 575 602 612 
16 21 29 119 189 240 399 434 502 575 602 611 
16 21 27 119 185 240 399 435 501 575 601 611 
16 21 25 118 181 240 400 436 486 492 500 576 601 610 
16 22 23 117 178 240 400 438 486 496 499 577 600 609 
15 117 174 240 400 441 488 578 598 609 
15 116 170 239 400 447 490 581 597 608 
15 116 166 239 400 453 490 584 595 608 
15 115 161 239 400 459 492 608 637 640 
14 114 158 239 401 464 493 607 637 640 
14 114 154 239 401 469 495 607 637 640 
13 113 150 239 401 476 495 607 637 640 
12 112 132 135 146 239 401 482 495 606 637 640 
12 112 130 133 142 239 401 488 494 606 637 640 
11 111 129 134 139 239 401 491 493 606 637 640 
9 111 127 239 401 607 637 640 
8 110 125 238 401 608 636 640 
6 110 123 238 402 609 636 638 
5 110 121 238 402 610 635 637 
3 110 120 238 402 611 635 636 
2 110 118 238 402 613 633 634 
0 110 116 238 402 614 632 634 
0 109 114 238 402 616 631 634 
0 109 112 238 402 618 629 636 
0 238 403 621 626 637 
0 237 403 638 
0 237 403 640 
0 237 403 640 
0 237 403 640 
0 237 403 640 
0 237 403 640 
0 237 242 244 403 640 
0 237 242 244 403 640 
0 237 241 244 404 640 
0 237 239 244 404 640 
0 244 404 640 
0 243 404 640 
0 243 405 640 
0 243 405 640 
0 243 405 640 
0 243 405 640 
0 243 405 640 
0 242 405 640 
0 242 405 640 
0 242 406 640 
0 242 406 640 
0 242 395 396 406 640 
0 242 395 397 406 640 
0 242 395 397 406 640 
0 242 395 398 407 640 
0 241 395 399 407 640 
0 241 395 400 407 640 
0 241 395 400 407 640 
0 241 395 401 407 640 
0 240 395 402 407 640 
0 240 395 402 407 640 
0 240 268 269 395 403 407 640 
0 240 267 269 396 404 407 640 
0 240 267 269 396 405 406 640 
0 240 267 269 396 640 
0 239 267 269 396 640 
0 239 267 269 396 640 
0 239 267 269 396 640 
0 239 266 269 396 640 
0 238 266 269 396 640 
0 238 266 269 396 640 
0 238 265 269 397 640 
0 237 265 269 397 640 
0 237 265 269 397 640 
0 236 265 269 397 640 
0 236 264 269 398 640 
0 235 264 269 398 640 
0 235 264 269 399 640 
0 235 264 268 399 640 
0 234 263 268 400 640 
0 234 263 268 400 640 
0 234 263 268 400 640 
0 234 263 268 401 640 
0 233 263 268 401 640 
0 233 263 268 401 640 
0 233 262 267 402 640 
0 233 262 267 402 640 
0 232 262 267 402 640 
0 232 262 267 402 640 
0 232 262 267 403 640 
0 232 261 266 403 640 
0 231 261 267 403 640 
0 231 261 267 403 640 
0 231 261 268 403 640 
0 230 260 268 371 373 404 640 
0 230 260 268 371 374 404 640 
0 230 260 268 371 374 404 640 
0 230 259 267 371 374 405 640 
0 230 259 267 371 374 405 640 
0 229 259 267 371 375 405 640 
0 229 258 267 371 375 405 640 
0 229 258 266 372 375 405 640 
0 229 258 266 372 376 406 640 
0 229 257 265 373 376 406 640 
0 228 257 265 373 376 406 640 
0 228 257 264 374 377 406 640 
0 228 256 264 374 377 406 640 
0 228 256 263 375 377 407 640 
0 228 256 263 375 378 407 640 
0 227 255 262 376 378 407 640 
0 227 255 262 376 379 407 640 
0 227 255 262 376 379 407 640 
0 227 255 261 377 379 407 640 
0 227 254 261 377 379 408 640 
0 226 254 260 377 380 408 640 
0 226 253 260 378 380 408 640 
0 226 253 259 378 381 408 640 
0 226 252 259 379 381 408 640 
0 225 252 258 380 381 409 640 
0 225 252 258 380 382 409 640 
0 225 252 258 381 382 409 640 
0 225 251 257 381 383 410 640 
0 225 251 257 410 640 
0 225 251 256 410 640 
0 224 250 256 410 640 
0 224 250 255 410 640 
0 224 250 255 410 640 
0 224 249 255 411 640 
0 224 249 254 411 640 
0 223 248 254 411 640 
0 223 248 254 411 640 
0 223 248 253 411 640 
0 223 247 253 411 640 
0 223 247 253 412 640 
0 223 247 252 412 640 
0 222 246 252 412 640 
0 222 246 251 412 640 
0 222 246 251 412 640 
0 222 245 251 413 640 
0 222 245 250 413 640 
0 222 245 250 413 640 
0 221 244 250 413 640 
0 221 244 249 413 640 
0 221 243 249 414 640 
0 221 243 249 414 640 
0 220 243 249 414 640 
0 220 242 248 414 640 
0 220 242 248 415 640 
0 220 242 248 415 640 
0 220 241 248 391 392 415 640 
0 219 241 247 391 393 415 640 
0 219 241 247 391 393 415 640 
0 219 240 247 392 393 415 640 
0 219 240 246 392 394 416 640 
0 219 240 246 392 394 416 640 
0 218 239 246 392 394 416 640 
0 218 239 246 393 395 416 640 
0 218 239 245 393 395 416 640 
0 218 238 245 393 395 417 640 
0 218 238 245 393 395 417 640 
0 218 238 245 394 396 417 640 
0 217 237 244 394 396 417 640 
0 217 237 244 395 396 417 640 
0 217 237 244 395 396 417 640 
0 217 236 244 417 640 
0 217 236 243 418 640 
0 217 236 243 418 640 
0 217 236 243 418 640 
0 217 236 242 418 640 
0 216 236 242 418 640 
0 216 236 242 419 640 
0 216 236 242 419 640 
0 216 236 241 419 640 
0 216 236 241 419 640 
0 215 236 241 420 640 
0 215 236 240 420 640 
0 215 236 240 420 640 
0 215 236 240 420 640 
0 215 236 239 420 640 
0 214 236 239 421 640 
0 214 237 239 421 640 
0 214 237 239 421 640 
0 214 237 238 421 640 
0 214 422 640 
0 214 422 640 
0 214 422 640 
0 213 422 640 
0 213 422 640 
0 213 422 640 
0 213 422 640 
0 213 423 640 
0 213 423 640 
0 213 423 640 
0 213 423 640 
0 213 423 640 
