0 380 534 540 546 640 
0 380 534 540 546 640 
0 379 534 540 546 640 
0 377 534 541 545 640 
0 376 534 541 545 640 
0 375 533 542 544 640 
0 374 533 542 544 640 
0 372 533 542 543 640 
0 371 533 640 
0 370 533 640 
0 369 533 640 
0 368 533 640 
0 367 533 640 
0 365 532 640 
0 364 532 640 
0 363 532 640 
0 362 532 640 
0 361 532 640 
0 360 532 640 
0 359 532 640 
0 358 532 640 
0 357 531 640 
0 356 531 640 
0 355 531 640 
0 354 531 640 
0 353 531 640 
0 352 531 640 
0 351 531 640 
0 350 531 640 
0 349 530 640 
0 348 530 640 
0 347 530 640 
0 346 530 640 
0 345 530 640 
0 344 530 640 
0 343 530 640 
0 342 530 640 
0 341 530 640 
0 340 530 640 
0 339 530 640 
0 338 529 640 
0 338 529 640 
0 336 529 640 
0 335 529 640 
0 334 529 640 
0 333 529 640 
0 332 528 640 
0 331 528 640 
0 330 528 640 
0 329 528 640 
0 328 528 640 
0 327 528 640 
0 326 528 640 
0 325 528 640 
0 324 528 640 
0 323 527 640 
0 322 527 640 
0 321 527 640 
0 320 527 640 
0 318 527 640 
0 318 527 640 
0 316 527 640 
0 315 527 640 
0 314 526 640 
0 312 526 640 
0 311 526 640 
0 310 526 640 
0 309 526 640 
0 308 526 640 
0 306 526 640 
0 305 525 640 
0 303 525 640 
0 302 525 640 
0 301 525 640 
0 299 525 640 
0 297 525 640 
0 295 525 640 
0 293 525 640 
0 292 524 640 
0 290 524 640 
0 288 524 640 
0 287 524 640 
0 285 524 640 
0 284 524 640 
0 282 524 640 
0 281 523 640 
0 279 523 640 
0 278 523 640 
0 277 523 640 
0 275 523 640 
0 274 523 640 
0 273 523 640 
0 271 522 640 
0 270 522 640 
0 269 522 640 
0 267 522 640 
0 266 522 640 
0 265 522 640 
0 264 522 640 
0 263 521 640 
0 262 521 640 
0 261 521 640 
0 260 521 640 
0 260 521 640 
0 259 521 640 
0 258 521 640 
0 257 520 640 
0 256 520 640 
0 255 520 640 
0 255 520 640 
0 254 520 640 
0 253 520 640 
0 253 520 640 
0 252 520 640 
0 251 519 640 
0 251 519 640 
0 250 519 640 
0 249 519 640 
0 249 519 640 
0 248 519 640 
0 248 519 640 
0 247 519 640 
0 247 518 640 
0 246 518 640 
0 246 518 640 
0 245 518 640 
0 245 518 640 
0 244 518 640 
0 244 518 640 
0 244 518 640 
0 243 517 640 
0 243 517 640 
0 243 517 640 
0 242 517 640 
0 242 517 640 
0 241 517 640 
0 240 517 640 
0 240 517 640 
0 240 517 640 
0 239 517 640 
0 238 517 640 
0 238 517 640 
0 237 517 640 
0 236 517 640 
0 235 517 640 
0 234 517 640 
0 233 517 640 
0 232 517 640 
0 230 517 640 
0 229 517 640 
0 227 517 640 
0 225 517 640 
0 222 517 640 
0 135 139 220 517 640 
0 134 141 216 517 640 
0 133 145 212 517 640 
0 132 147 210 517 640 
0 131 150 206 517 640 
0 131 153 200 517 640 
0 130 156 194 517 640 
0 130 160 187 517 640 
0 130 166 181 517 640 
0 130 518 640 
0 129 518 640 
0 129 518 640 
0 129 518 640 
0 129 518 640 
0 129 518 640 
0 129 518 640 
0 128 518 640 
0 128 518 640 
0 128 518 640 
0 128 518 640 
0 129 519 640 
0 129 519 640 
0 129 519 640 
0 129 519 640 
0 130 519 640 
0 130 520 640 
0 130 155 160 520 640 
0 131 151 161 520 640 
0 132 146 162 520 640 
0 133 142 163 520 640 
0 135 138 164 520 640 
0 165 520 640 
0 165 520 640 
0 166 520 640 
0 167 520 640 
0 168 520 640 
0 168 520 640 
0 169 520 640 
0 169 520 640 
0 170 520 640 
0 170 520 640 
0 171 520 640 
0 172 201 203 520 640 
0 173 190 203 520 640 
0 175 184 203 520 640 
0 203 520 640 
0 202 520 640 
0 201 520 640 
0 201 520 640 
0 201 520 640 
0 200 520 640 
0 199 520 640 
0 199 520 640 
0 198 520 640 
0 197 519 640 
0 197 519 640 
0 196 519 640 
0 196 519 640 
0 195 518 640 
0 195 518 640 
0 194 518 640 
0 194 518 640 
0 193 518 640 
0 193 518 640 
0 192 518 640 
0 192 517 640 
0 191 204 205 517 640 
0 191 203 205 517 640 
0 190 202 204 517 640 
0 190 202 204 517 640 
0 189 201 203 516 640 
0 188 200 203 516 640 
0 188 200 203 516 640 
0 187 199 203 516 640 
0 187 198 202 515 640 
0 186 197 202 515 640 
0 186 196 202 515 640 
0 185 195 201 515 640 
0 184 194 201 514 640 
0 184 193 200 514 640 
0 184 192 200 514 640 
0 183 191 200 513 640 
0 183 190 200 513 640 
0 182 189 199 512 640 
0 182 187 199 512 640 
0 181 184 198 512 640 
0 181 182 198 511 640 
0 197 511 640 
0 197 511 640 
0 196 511 640 
0 196 511 640 
0 195 511 640 
0 195 511 640 
0 194 511 640 
0 194 512 640 
0 193 197 198 512 640 
0 193 197 199 512 640 
0 192 196 199 512 640 
0 191 195 199 512 640 
0 191 194 199 512 640 
0 190 193 200 512 640 
0 190 192 200 512 640 
0 189 191 200 512 640 
0 189 190 199 513 640 
0 188 190 199 513 640 
0 199 513 640 
0 199 513 640 
0 199 513 640 
0 199 513 640 
0 199 513 640 
0 199 513 640 
0 199 513 640 
0 199 513 640 
0 199 513 640 
0 200 513 640 
0 200 513 640 
0 200 513 640 
0 200 513 640 
0 200 513 640 
0 201 513 640 
0 201 513 640 
0 201 208 209 513 640 
0 201 208 210 513 640 
0 202 207 210 513 640 
0 202 207 210 512 640 
0 202 207 210 512 640 
0 202 207 210 512 640 
0 202 207 210 512 640 
0 203 207 210 512 640 
0 203 207 210 512 640 
0 203 207 211 512 640 
0 204 207 211 512 640 
0 204 207 211 215 216 512 640 
0 204 206 211 215 216 512 640 
0 205 206 211 214 216 512 640 
0 205 206 211 214 216 512 640 
0 211 213 217 512 640 
0 211 213 217 512 640 
0 211 213 218 222 223 512 640 
0 212 213 218 222 223 512 640 
0 219 222 224 512 640 
0 220 222 224 513 640 
0 220 222 224 513 640 
0 225 236 238 514 640 
0 226 236 238 515 640 
0 226 236 238 515 640 
0 227 236 239 516 640 
0 228 236 240 517 640 
0 231 236 240 519 640 
0 231 236 241 520 640 
0 232 236 241 521 640 
0 233 236 242 522 640 
0 235 237 243 523 640 
0 235 238 244 525 640 
0 236 238 245 526 640 
0 237 238 246 528 640 
0 246 529 640 
0 247 531 640 
0 249 533 640 
0 250 534 640 
0 249 536 640 
0 249 512 516 537 640 
0 249 511 520 539 640 
0 248 511 521 540 640 
0 248 511 522 541 640 
0 247 510 522 542 640 
0 247 510 524 544 640 
0 246 510 525 545 640 
0 245 510 526 546 640 
0 244 510 527 547 640 
0 243 510 528 548 640 
0 243 509 529 549 640 
0 242 509 530 549 640 
0 241 509 531 550 640 
0 239 509 532 551 640 
0 238 508 532 552 640 
0 236 508 533 552 640 
0 235 508 534 553 640 
0 233 508 535 553 640 
0 232 507 536 554 640 
0 230 507 537 554 640 
0 228 507 538 555 640 
0 226 506 539 555 640 
0 225 506 540 555 640 
0 224 506 541 555 640 
0 223 505 542 554 640 
0 223 505 543 553 640 
0 223 505 544 552 640 
0 223 504 546 549 640 
0 223 504 640 
0 224 504 640 
0 224 503 640 
0 225 503 640 
0 226 502 640 
0 227 503 640 
0 228 503 640 
0 230 502 640 
0 232 502 640 
0 234 503 640 
0 236 503 640 
0 238 502 640 
0 240 503 640 
0 241 503 640 
0 242 503 640 
0 243 503 640 
0 243 504 640 
0 243 504 640 
0 244 504 640 
0 244 505 640 
0 244 505 640 
0 244 505 640 
0 244 505 640 
0 244 506 640 
0 244 507 640 
0 244 507 640 
0 244 508 640 
0 244 509 640 
0 244 510 640 
0 244 510 640 
0 244 511 640 
0 244 493 495 512 640 
0 245 493 495 512 640 
0 245 492 495 503 504 514 640 
0 246 492 496 503 506 515 640 
0 246 492 496 503 513 515 640 
0 248 491 496 504 640 
0 249 491 497 504 640 
0 251 490 498 505 640 
0 252 490 498 505 640 
0 252 490 499 505 640 
0 252 489 499 506 640 
0 252 489 500 506 640 
0 252 488 501 507 640 
0 253 488 501 508 640 
0 253 488 502 508 640 
0 254 487 502 509 640 
0 254 487 503 510 640 
0 257 486 504 510 640 
0 258 486 505 511 640 
0 259 486 506 512 640 
0 260 485 507 512 640 
0 260 485 508 513 640 
0 261 484 509 514 640 
0 261 484 511 514 640 
0 262 483 512 515 640 
0 262 483 513 516 640 
0 263 483 514 516 640 
0 263 482 515 517 640 
0 264 481 516 518 640 
0 264 481 517 519 640 
0 264 480 640 
0 265 480 640 
0 265 479 640 
0 266 478 640 
0 266 478 640 
0 266 469 471 478 640 
0 267 469 472 477 640 
0 267 469 473 477 640 
0 267 469 474 476 640 
0 268 469 640 
0 268 469 640 
0 268 426 427 469 640 
0 269 320 323 426 427 460 461 468 640 
0 269 319 323 426 428 459 461 468 640 
0 270 318 323 426 428 459 461 468 640 
0 270 318 323 426 428 458 461 468 640 
0 270 308 311 317 323 426 428 458 462 468 640 
0 271 305 311 316 323 427 428 458 462 468 640 
0 272 304 310 315 323 427 428 458 462 468 640 
0 273 304 310 315 323 427 428 457 462 467 640 
0 274 303 310 314 323 427 428 457 462 467 640 
0 275 288 291 302 310 313 323 427 428 457 462 467 640 
0 280 282 291 302 310 312 322 432 434 457 463 467 640 
0 291 300 310 311 322 432 435 457 463 467 640 
0 290 298 322 433 436 457 463 467 640 
0 290 297 322 432 436 457 463 467 640 
0 290 296 322 432 437 457 463 467 640 
0 290 295 322 432 438 457 464 467 640 
0 290 294 322 431 438 457 464 467 640 
0 289 294 322 421 423 428 429 431 439 457 464 467 640 
0 289 293 321 421 424 431 440 458 464 467 638 
0 288 292 321 420 425 430 440 458 465 467 636 
0 288 291 321 420 426 428 441 458 465 466 634 
0 288 290 321 420 427 428 442 458 633 
0 321 419 443 458 631 
0 321 419 443 458 630 
0 320 419 444 458 627 
0 320 418 445 458 619 622 625 
0 320 405 407 418 445 458 619 
0 320 405 408 417 446 458 617 
0 320 405 408 417 447 458 614 
0 318 405 409 417 447 458 613 
0 315 405 409 417 448 458 611 
0 314 405 409 416 450 458 609 
0 312 405 409 416 450 458 503 518 607 
0 310 405 409 416 451 458 501 520 606 
0 308 405 409 416 452 458 499 520 605 
0 306 405 409 415 453 458 498 520 606 
0 304 405 410 415 454 459 497 521 606 624 627 
0 303 406 410 415 455 458 496 523 607 622 627 
0 301 406 410 415 455 458 495 526 606 619 627 
0 299 406 410 415 457 458 493 528 605 617 627 
0 298 406 410 414 492 529 604 614 627 
0 296 406 410 414 491 531 602 611 627 
0 295 406 410 414 490 532 601 609 627 
0 294 406 410 414 489 533 600 605 628 
0 293 406 411 414 488 534 598 604 627 
0 291 407 411 413 480 535 596 601 627 
0 290 409 412 413 478 535 595 599 627 
0 289 410 412 413 478 537 595 597 627 
0 287 411 478 537 594 595 627 
0 286 412 477 538 627 
0 285 413 477 538 627 
0 283 414 476 539 627 
0 282 415 476 540 627 
0 281 417 475 540 552 574 627 
0 280 418 474 541 548 575 627 
0 279 419 473 542 545 577 627 
0 278 420 473 578 627 
0 277 422 476 580 628 
0 276 423 477 581 627 
0 275 425 478 581 628 
0 274 426 478 582 606 621 628 
0 273 427 477 582 603 
0 272 428 477 582 600 
0 271 429 476 484 485 583 595 
0 271 430 476 483 485 583 594 
