205 640 
205 640 
205 640 
205 640 
205 640 
205 640 
205 640 
205 640 
205 640 
205 640 
205 640 
206 640 
206 640 
206 640 
206 640 
206 640 
206 640 
206 640 
206 640 
206 640 
206 640 
206 640 
206 640 
206 640 
206 640 
206 640 
206 640 
206 640 
206 640 
206 640 
206 640 
206 640 
206 640 
206 640 
206 640 
206 640 
206 640 
206 640 
206 640 
206 640 
206 640 
206 640 
206 640 
206 640 
205 640 
205 640 
205 640 
205 640 
205 640 
205 640 
205 640 
205 640 
205 640 
204 640 
204 640 
204 640 
204 640 
204 640 
204 640 
203 640 
203 640 
203 640 
203 640 
202 640 
202 640 
202 640 
202 640 
201 640 
201 640 
201 640 
200 640 
200 640 
200 640 
200 640 
200 640 
199 640 
199 640 
199 640 
199 640 
199 640 
198 640 
197 640 
197 640 
196 640 
196 640 
196 640 
195 640 
195 640 
195 640 
194 640 
194 640 
194 640 
193 640 
193 640 
193 640 
192 640 
191 640 
191 640 
190 640 
190 640 
190 640 
189 640 
188 640 
188 640 
187 640 
187 640 
186 640 
186 640 
185 640 
185 640 
184 640 
183 514 522 640 
183 501 527 640 
182 478 529 640 
182 464 531 640 
181 459 534 640 
180 457 536 640 
180 456 537 640 
179 455 540 640 
179 454 541 640 
178 454 543 640 
177 455 544 640 
176 456 545 640 
175 456 546 640 
175 457 547 640 
174 458 548 640 
173 458 549 640 
172 460 550 640 
172 461 550 640 
171 462 551 640 
170 463 552 640 
170 464 553 640 
169 465 554 640 
168 467 555 640 
167 468 555 640 
167 469 556 640 
166 470 557 640 
165 471 557 640 
163 473 558 640 
162 473 559 640 
161 473 560 640 
160 473 560 640 
160 473 561 640 
159 472 561 640 
158 472 562 640 
157 472 563 640 
156 472 563 640 
155 472 564 640 
154 472 565 640 
153 472 565 640 
151 472 566 640 
150 471 566 640 
149 471 567 640 
149 471 567 640 
147 471 567 640 
146 471 568 640 
144 470 569 640 
143 470 570 640 
142 470 571 640 
141 470 472 473 573 640 
139 473 574 640 
138 474 575 640 
136 474 576 640 
135 474 577 640 
133 476 578 640 
131 477 579 640 
130 477 580 640 
129 478 581 640 
128 480 481 487 491 492 582 640 
126 490 491 492 582 640 
124 491 583 640 
122 492 584 640 
120 493 585 640 
119 492 586 640 
117 492 586 640 
115 491 587 640 
112 490 587 640 
110 492 588 640 
108 494 589 640 
106 495 589 640 
103 496 590 640 
100 497 590 640 
98 498 591 640 
94 500 591 640 
92 501 592 640 
89 502 515 517 593 640 
86 504 513 517 593 640 
0 1 82 505 511 517 541 543 594 640 
0 6 78 517 542 545 594 640 
0 12 73 516 544 546 595 640 
0 17 65 514 595 640 
0 25 61 513 595 640 
0 32 50 514 596 640 
0 515 597 640 
0 516 597 640 
0 516 598 640 
0 515 600 640 
0 514 600 640 
0 512 602 640 
0 511 603 640 
0 509 604 640 
0 508 605 640 
0 507 606 640 
0 506 607 640 
0 506 608 640 
0 505 609 640 
0 505 610 640 
0 504 611 640 
0 504 612 640 
0 504 613 640 
0 503 614 640 
0 503 615 640 
0 503 616 640 
0 503 560 561 617 640 
0 503 560 562 617 640 
0 503 560 563 618 640 
0 503 560 563 619 640 
0 503 561 564 620 640 
0 502 562 564 621 640 
0 502 562 565 622 640 
0 502 563 565 623 640 
0 501 564 566 623 640 
0 501 565 566 624 640 
0 500 566 567 624 640 
0 499 625 640 
0 498 625 640 
0 498 625 640 
0 497 626 640 
0 496 626 640 
0 495 627 640 
0 495 628 640 
0 494 628 640 
0 494 629 640 
0 493 629 640 
0 493 630 640 
0 492 630 640 
0 492 630 640 
0 491 631 640 
0 490 631 640 
0 490 631 640 
0 490 632 640 
0 489 578 580 632 640 
0 489 578 581 632 640 
0 489 577 582 632 640 
0 489 577 582 633 640 
0 488 576 583 633 640 
0 488 575 583 633 640 
0 488 575 584 634 640 
0 488 576 585 634 640 
0 489 579 586 635 640 
0 489 580 586 635 640 
0 490 580 587 636 640 
0 490 579 588 636 640 
0 491 578 589 637 640 
0 492 578 590 638 640 
0 493 579 590 639 640 
0 494 578 591 
0 494 577 592 
0 496 576 593 
0 497 576 594 
0 499 577 595 
0 501 577 597 
0 504 578 598 
0 504 578 599 
0 503 579 599 
0 502 579 600 
0 503 580 601 
0 503 580 602 
0 504 581 603 
0 504 581 604 
0 505 554 556 581 606 
0 505 554 557 582 607 
0 505 554 558 582 608 
0 505 554 559 583 610 
0 505 554 559 583 610 
0 505 554 560 584 611 
0 505 554 561 584 612 
0 505 554 562 585 613 
0 506 554 562 585 614 
0 506 554 563 586 614 
0 506 554 563 586 615 
0 506 555 563 586 616 
0 506 555 563 586 617 
0 506 555 563 586 618 
0 506 556 563 586 618 
0 506 556 563 586 619 
0 506 557 563 586 620 
0 506 557 563 586 620 
0 506 557 564 587 621 
0 505 557 564 587 621 
0 505 557 564 587 622 
0 504 557 564 587 623 
0 504 557 564 587 623 
0 504 557 564 587 624 
0 503 557 564 587 624 
0 503 557 565 587 625 
0 503 557 565 587 625 
0 502 558 565 587 627 
0 502 559 565 587 628 
0 502 560 565 587 629 
0 501 561 565 587 630 
0 501 561 565 587 631 
0 500 562 565 587 632 
0 500 563 566 587 632 
0 500 564 566 587 633 
0 499 564 566 587 634 
0 499 565 566 587 635 
0 498 587 635 
0 498 587 636 638 640 
0 498 587 636 638 640 
0 497 588 637 639 640 
0 497 588 638 
0 497 588 638 
0 496 588 638 
0 495 588 638 
0 495 588 639 
0 495 588 639 
0 494 588 640 
0 494 588 640 
0 494 588 640 
0 493 588 640 
0 493 588 640 
0 492 588 640 
0 492 588 640 
0 491 588 640 
0 491 588 640 
0 490 588 640 
0 490 589 640 
0 489 589 640 
0 489 589 640 
0 488 589 640 
0 487 589 640 
0 487 589 640 
0 486 589 640 
0 485 589 640 
0 485 590 640 
0 484 590 640 
0 484 590 640 
0 483 590 640 
0 483 591 640 
0 482 591 640 
0 482 591 640 
0 482 592 640 
0 481 592 640 
0 480 592 640 
0 480 593 640 
0 479 593 640 
0 479 593 640 
0 478 500 501 593 640 
0 478 500 501 593 640 
0 478 499 501 593 640 
0 478 499 501 593 640 
0 478 498 501 594 640 
0 479 498 501 594 640 
0 479 498 500 594 640 
0 480 498 499 594 640 
0 480 594 640 
0 480 594 640 
0 481 594 640 
0 481 594 640 
0 482 594 640 
0 484 595 640 
0 485 595 640 
0 492 496 500 595 640 
0 500 596 640 
0 500 596 640 
0 500 596 640 
0 500 597 640 
0 500 598 640 
0 500 598 640 
0 500 599 640 
0 500 599 640 
0 500 600 640 
0 500 600 640 
0 500 601 640 
0 500 601 640 
0 499 602 640 
0 499 602 640 
0 499 603 640 
0 499 603 640 
0 499 604 640 
0 499 605 640 
0 499 605 640 
0 499 606 640 
0 499 606 640 
0 499 607 640 
0 499 608 640 
0 498 608 640 
0 498 609 640 
0 498 610 640 
0 498 610 640 
0 498 611 640 
0 498 611 640 
0 498 612 640 
0 498 612 640 
0 498 613 640 
0 497 614 640 
0 497 615 640 
0 497 615 640 
0 497 616 640 
0 497 617 640 
0 497 618 640 
0 497 618 640 
0 497 619 640 
0 496 620 640 
0 496 620 640 
0 496 621 640 
0 496 622 640 
0 496 623 640 
0 496 623 640 
0 495 624 640 
0 495 625 640 
0 495 626 640 
0 495 627 640 
0 495 627 640 
0 495 628 640 
0 495 629 640 
0 494 630 640 
0 494 630 640 
0 494 631 640 
0 494 632 640 
0 494 633 640 
0 493 634 640 
0 493 634 640 
0 493 635 640 
0 493 636 640 
0 493 637 640 
0 493 638 640 
0 493 638 640 
0 493 639 640 
0 493 
0 493 
0 493 
0 493 
0 493 
0 493 
0 493 
0 493 
0 493 
0 493 
0 493 
0 493 
0 493 
0 493 
0 493 
0 493 
0 493 
0 493 
0 493 
0 493 
0 493 
0 494 
0 494 
0 494 
0 494 
0 494 
0 494 
0 494 
0 494 
0 494 
0 494 
0 494 
0 494 
0 494 
0 494 
0 494 
0 494 
0 494 
0 494 
0 494 
0 494 
0 494 
0 494 
0 494 
0 494 
0 494 
0 494 
0 494 
0 494 
0 494 
