386 474 
386 474 
386 475 
387 476 
387 476 
387 477 
387 478 
388 479 
388 479 
388 480 
389 481 
389 482 
390 482 
390 483 
391 484 
391 484 
392 485 
392 486 495 500 
393 509 
393 511 
394 514 
394 517 
395 519 
396 520 
397 522 
397 523 
398 525 
399 527 
400 527 
400 528 
400 529 
396 530 
390 531 
386 532 
382 533 
379 534 
376 535 
373 536 
371 536 
369 537 
366 538 
364 539 
362 539 
360 540 
358 540 
356 541 
355 542 
353 543 
351 543 
350 544 
348 545 
346 545 
345 546 
344 546 
342 547 
341 547 
340 547 
339 548 
337 548 
336 549 
335 549 
334 550 
333 550 
332 550 
331 551 
330 551 
329 552 
328 552 
327 552 
326 553 
325 553 
324 553 
323 553 
322 553 
321 554 
321 554 
320 554 
319 554 
318 554 
318 555 
317 555 
317 556 
316 556 
315 557 
315 557 
314 558 
313 558 
312 558 
312 559 
311 559 
310 559 
310 560 
309 560 
309 561 
308 561 
308 562 
307 562 
307 563 
307 563 
306 563 
306 564 
305 564 
305 564 
305 565 
304 565 
304 566 
303 566 
303 567 
303 567 
303 568 
303 568 
303 568 
302 569 
302 569 
302 569 
302 570 
301 570 
301 570 
301 571 
300 571 
300 571 
299 572 
299 572 
298 572 
298 573 
298 573 
297 573 
297 574 
296 574 
296 574 
295 574 
295 575 
294 575 
293 575 
293 299 300 576 
292 298 300 576 
291 297 299 576 
290 296 299 577 
289 295 299 577 
288 294 298 577 
287 292 298 577 
286 290 298 578 
298 578 
297 578 
297 578 
297 579 
297 579 
297 579 
296 579 
296 298 299 579 
296 298 299 580 
299 580 
299 580 
298 580 
298 581 
298 581 
298 581 
298 581 
298 582 
298 582 
298 582 
298 582 
298 582 
298 582 
298 301 303 583 
298 301 303 583 
297 300 304 583 
297 299 304 583 
298 299 304 583 
304 584 
305 584 
305 308 309 584 
305 308 310 584 
305 308 310 584 
306 308 310 585 
306 308 310 585 
306 309 310 585 
306 309 310 585 
307 309 312 585 
312 585 
313 585 
313 586 
313 316 317 586 
317 321 322 586 
318 321 322 586 
318 321 323 586 
319 321 323 587 
323 587 
324 587 
324 336 337 587 
324 327 328 336 337 587 
328 587 
329 587 
330 587 
331 333 334 588 
334 337 338 588 
334 337 338 588 
335 336 338 588 
337 588 
337 588 
337 588 
336 589 
336 589 
336 589 
335 589 
335 589 
334 589 
333 589 
332 589 
332 589 
330 589 
329 590 
328 590 
327 590 
326 590 
325 590 
325 590 
325 590 
326 590 
326 590 
327 590 
328 590 
329 590 
331 590 
332 590 
335 590 
336 591 
338 591 
338 591 
339 591 
339 591 
339 591 
340 591 
272 274 340 591 
271 274 340 592 
270 274 340 592 
270 274 340 592 
270 275 340 591 
270 275 340 592 
270 275 341 592 
270 275 342 592 
270 275 343 592 
270 275 344 592 
270 276 294 308 348 592 
271 276 283 311 352 592 
271 276 278 314 353 592 
271 316 354 592 
271 317 354 592 
270 319 353 592 
267 320 353 592 
264 321 353 592 
261 322 352 592 
258 323 353 592 
256 323 353 592 
253 324 354 592 
251 325 355 592 
249 325 356 593 
247 326 357 593 
246 326 358 593 
245 327 359 593 
244 328 360 593 
243 328 360 593 
242 328 361 593 
239 329 362 593 
238 329 362 593 
236 329 363 593 
236 330 363 593 
235 330 364 593 
235 330 365 593 
234 330 365 593 
234 331 366 593 
233 331 366 593 
233 331 367 593 
233 331 368 593 
233 332 368 593 
232 332 368 593 
232 332 368 594 
232 332 368 594 
232 332 368 408 409 594 
232 332 367 408 410 594 
232 333 367 408 410 594 
231 333 368 408 411 594 
231 333 368 408 412 594 
231 333 368 408 411 594 
231 333 368 408 410 594 
231 333 367 594 
230 333 367 594 
230 333 367 594 
230 333 367 594 
229 333 366 594 
229 333 366 594 
228 333 366 595 
228 333 369 595 
228 333 370 371 372 595 
228 333 372 595 
228 333 372 595 
228 333 371 595 
229 333 371 595 
229 333 370 595 
229 333 370 558 559 595 
230 333 371 558 559 595 
230 333 373 558 559 595 
230 332 373 558 559 595 
231 332 374 558 560 595 
231 332 374 558 560 595 
231 332 374 558 560 595 
231 331 375 558 561 595 
232 331 375 558 561 596 
232 332 375 557 561 596 
232 333 375 557 562 596 
232 333 375 557 562 596 
233 334 375 557 562 596 
233 335 375 557 563 596 
233 336 376 557 563 596 
234 337 376 557 563 578 579 596 
234 337 376 557 564 578 580 596 
234 338 376 557 564 578 580 597 
234 339 376 557 565 578 581 597 
235 339 376 557 565 578 581 597 
235 340 376 558 566 578 582 597 
235 340 377 558 566 578 582 597 
235 341 377 558 566 578 583 598 
235 342 377 558 566 579 584 598 
236 342 377 558 567 579 584 598 
236 343 377 558 567 579 585 598 
236 343 378 558 568 579 586 598 
237 344 378 559 568 579 586 598 
237 344 378 559 568 579 587 599 
237 345 378 559 569 580 588 599 
237 345 378 559 569 580 588 599 
238 346 379 559 570 580 589 599 
238 346 379 560 570 581 590 599 
239 347 379 560 571 581 590 599 
240 347 379 560 571 581 591 600 
241 348 380 560 572 582 592 600 
242 349 380 561 573 582 592 600 
242 350 380 561 573 582 593 600 
243 351 380 561 574 582 594 601 
244 352 381 562 574 583 594 601 
245 353 381 562 575 583 595 601 
246 354 381 562 575 583 596 602 
247 355 380 562 576 583 596 602 
247 356 380 563 576 584 597 602 
248 356 379 563 577 584 598 602 
249 357 378 563 578 584 599 602 
250 358 377 557 558 563 578 584 600 603 
250 359 376 557 558 563 579 585 601 603 
252 359 374 557 559 564 579 585 
253 360 373 557 559 564 580 585 
254 360 372 557 560 564 581 586 
254 361 371 557 560 564 581 586 
255 362 370 557 561 565 582 587 
256 362 369 557 561 565 582 587 
257 363 368 557 562 565 583 587 
259 363 366 558 563 566 583 588 
260 364 365 533 534 558 563 566 584 588 
262 534 535 558 564 567 585 588 
264 534 535 558 564 567 585 588 
268 534 535 558 565 568 586 589 
271 535 536 558 566 568 587 589 
271 535 536 558 587 590 
271 535 536 558 588 590 
271 535 536 559 589 590 
270 535 537 559 
270 534 537 540 541 559 
269 534 537 540 542 559 
269 535 538 540 542 559 
268 535 538 540 543 559 
268 536 539 540 543 545 547 560 
267 536 543 544 547 560 
267 537 548 560 
266 537 548 560 
266 537 549 560 
266 538 549 560 
265 538 550 560 
265 538 550 561 
265 538 550 561 
264 538 551 561 
264 537 551 561 
263 538 552 561 
263 539 552 561 
262 540 553 562 
262 540 553 562 
262 540 553 562 
262 541 554 562 
261 541 554 562 
261 541 555 562 
261 542 555 562 
261 542 556 562 
260 542 556 562 
260 542 557 563 
260 542 557 563 
259 542 558 563 
259 542 558 563 
259 543 559 563 
259 543 560 563 
259 544 560 563 
258 544 561 563 
258 544 561 563 
258 545 562 563 
258 545 
258 545 
258 545 
257 545 
257 546 
257 546 
257 546 
257 546 
257 546 
257 547 
257 547 
257 547 
257 548 
256 548 
256 548 
256 548 
256 549 
256 549 
256 549 
256 550 
256 550 
256 550 
256 550 
256 550 
256 551 
255 551 
255 551 
255 552 
255 552 
255 552 
255 552 
255 552 
255 552 
254 551 
254 552 
254 552 
254 553 
253 553 
253 355 356 554 
253 354 356 554 
253 353 356 554 
253 352 355 554 
253 351 355 555 
253 350 355 555 
253 350 355 555 
253 349 355 555 
253 348 355 556 
253 347 355 556 617 620 
253 347 355 556 608 621 
253 346 354 556 604 621 
253 345 354 557 602 620 
253 344 354 557 601 619 
252 344 354 557 599 618 
252 343 354 557 598 618 
252 343 354 558 596 617 
252 342 354 558 595 616 
252 341 354 558 593 615 
252 341 354 558 592 615 
252 340 354 559 590 614 
252 340 354 559 589 613 
252 339 354 560 587 612 
252 339 354 560 585 611 
252 338 354 561 584 611 612 613 616 619 
251 337 354 561 583 620 
251 337 354 562 581 619 
251 337 354 562 580 618 
251 336 354 563 578 616 
251 335 354 563 576 615 
251 335 354 564 574 613 
250 335 354 564 571 611 
250 334 354 565 568 610 
250 334 354 608 
250 333 354 607 
250 333 354 604 
250 332 354 602 
249 332 354 599 
249 331 354 596 
249 331 354 593 
248 330 353 591 
248 330 353 590 
