



































306 315 
306 318 
306 320 
308 322 
309 323 
311 325 
313 326 
314 328 
316 329 
317 330 
318 330 
303 306 319 332 
289 316 319 332 
282 333 
278 334 
276 334 
273 335 
272 335 
270 336 
269 336 
267 336 
266 337 
265 337 
265 338 
264 338 
263 339 
262 339 
262 340 
261 341 
261 342 
260 342 
260 343 
259 343 
259 344 
259 344 
258 345 
250 345 
246 346 
244 347 
241 350 
240 353 
238 355 
237 357 
236 358 
235 359 
234 360 
233 361 
233 362 
234 363 
235 363 
236 361 
238 360 
239 249 250 360 
240 247 249 361 
241 245 249 362 
248 363 
248 363 
247 363 
247 362 
247 359 
247 357 
247 351 
249 351 
249 353 
245 354 
244 354 
244 354 
244 354 
244 354 
244 353 
245 352 
245 351 
245 350 
245 350 
245 349 
244 349 
244 348 
245 348 
246 347 
248 346 
249 346 
251 345 
253 345 
255 343 
258 261 264 343 
264 343 
265 343 
265 343 
265 343 
265 343 
265 343 
265 343 
265 343 
265 343 
266 343 
266 343 
266 343 
266 343 
266 343 
266 343 
266 343 
266 343 
266 343 
266 343 349 354 
267 343 348 360 
267 343 347 361 
267 343 346 363 
267 343 345 364 
267 343 345 365 
267 367 
267 368 
267 370 
268 371 
268 372 
268 373 
268 375 
268 376 
268 377 
268 378 
269 379 
269 381 
268 382 
266 384 
265 385 
264 386 
263 388 
262 389 
261 390 
261 391 
260 393 
260 394 
259 395 
259 396 
258 396 
258 396 
258 396 
258 395 
257 394 
257 394 
257 393 
257 392 
256 392 
256 391 
256 390 
256 390 
256 389 
256 388 
256 388 
256 387 
256 387 
256 386 
256 385 
256 385 
256 384 
256 383 
256 383 
256 384 
256 384 
256 384 
256 384 
256 384 
256 384 
256 384 
256 384 
256 384 
256 384 
257 384 
257 383 
258 383 
259 383 
259 382 
259 382 
259 381 
259 381 
260 380 
260 380 
260 380 
260 379 
260 379 
260 378 
260 378 
260 378 
260 377 
260 377 
260 376 
260 376 
260 376 
260 375 
260 375 
260 375 
260 374 
260 374 
260 374 
260 374 
260 373 
260 373 
260 373 
260 372 
260 372 
260 370 
259 369 
259 368 
258 365 
258 356 
257 357 
257 357 
257 358 
256 359 
255 359 
255 360 
255 360 
254 361 
254 362 
253 362 
252 363 
252 364 
251 365 
251 366 
250 366 
250 360 362 367 
249 359 362 368 
249 358 363 369 
249 357 364 370 
248 356 365 370 
248 354 366 371 
248 353 366 372 
247 354 367 373 
247 354 367 374 
247 354 368 375 
247 354 369 377 
247 355 370 378 
247 355 370 378 
246 355 371 378 
246 355 372 377 
246 355 
246 356 
246 356 
246 356 
246 355 
246 355 
247 350 351 355 
247 350 352 356 
247 350 352 356 
247 350 352 356 
247 350 353 356 
248 350 353 357 
248 351 354 357 
248 351 354 357 
249 351 354 357 
249 351 355 358 
249 351 355 358 
250 351 355 358 
250 352 356 358 
250 352 356 358 
251 352 357 359 
251 352 
252 352 
253 352 
254 352 
254 352 
255 352 
256 352 
256 352 
256 352 
256 352 
256 352 
256 352 
255 352 
255 352 
255 352 
255 352 
255 352 
255 352 
255 352 
255 352 
254 352 
254 352 
254 352 
254 352 
254 352 
254 352 
254 351 
254 351 
254 351 
253 351 
253 351 
253 351 
253 352 
253 352 
253 352 
253 352 
252 352 
252 352 
252 352 
252 353 
252 353 
252 353 
251 353 
251 353 
251 353 
251 353 
251 353 
251 353 
251 354 
250 354 
250 354 
250 354 
250 354 
250 354 
250 354 
250 354 
250 355 
249 355 
249 355 
249 355 
249 355 
249 355 
248 355 
248 356 
248 356 
248 356 
248 356 
248 356 
248 357 
247 357 
247 357 
247 357 
247 357 
247 357 
247 357 
246 358 
246 358 
246 358 
246 358 
246 358 
246 358 
246 358 
245 358 
245 358 
245 359 
245 359 
245 359 
245 359 
245 359 
244 359 
244 359 
244 360 
244 360 
244 360 
244 360 
243 360 
243 360 
243 361 
243 361 
243 361 
243 361 
243 361 
242 361 
242 362 
242 362 
242 362 
242 362 
242 362 
242 362 
241 362 
241 363 
241 363 
241 363 
241 363 
241 363 
241 363 
240 363 
240 364 
240 364 
240 364 
240 364 
240 364 
240 364 
240 364 
240 364 
239 365 
239 365 
239 365 
239 365 
239 365 
239 365 
238 365 
238 365 
238 366 
238 366 
238 366 
238 366 
238 366 
238 367 
238 367 
237 367 
237 367 
237 367 
237 367 
237 367 
237 367 
237 368 
237 368 
236 368 
236 368 
236 368 
236 368 
236 368 
236 368 
236 369 
236 369 
236 369 
235 369 
235 369 
235 369 
235 369 
235 369 
235 370 
235 370 
235 370 
235 370 
235 370 
235 370 
235 370 
234 370 
234 370 
234 371 
234 371 
234 371 
234 371 
234 371 
234 371 
234 372 
234 372 
234 372 
234 372 
234 372 
233 372 
233 373 
233 373 
233 372 
233 372 
233 372 
233 373 
