0 640 
0 640 
0 640 
0 640 
0 640 
0 640 
0 640 
0 640 
0 640 
0 640 
0 640 
0 640 
0 640 
0 640 
0 640 
0 640 
0 640 
0 640 
0 640 
0 640 
0 640 
0 640 
0 640 
0 640 
0 640 
0 640 
0 640 
0 640 
0 640 
0 640 
0 640 
0 640 
0 640 
0 640 
0 640 
0 640 
0 640 
0 640 
0 640 
0 640 
0 640 
0 640 
0 640 
0 640 
0 640 
0 640 
0 640 
0 640 
0 640 
0 640 
0 640 
0 640 
0 640 
0 640 
0 640 
0 640 
0 640 
0 640 
0 640 
0 640 
0 640 
0 640 
0 640 
0 640 
0 640 
0 640 
0 640 
0 640 
0 640 
0 640 
0 640 
0 640 
0 640 
0 640 
0 640 
0 640 
0 640 
0 640 
0 640 
0 640 
0 640 
0 640 
0 640 
0 640 
0 640 
0 640 
0 640 
0 640 
0 640 
0 640 
0 640 
0 640 
0 640 
0 640 
0 640 
0 640 
0 640 
0 640 
0 640 
0 640 
0 640 
0 640 
0 640 
0 640 
0 395 405 640 
0 394 406 640 
0 392 407 640 
0 391 408 640 
0 390 409 640 
0 389 410 640 
0 388 410 640 
0 388 411 640 
0 387 411 640 
0 387 411 640 
0 386 412 640 
0 385 411 640 
0 385 411 640 
0 384 411 640 
0 384 410 640 
0 384 411 640 
0 383 411 640 
0 383 411 640 
0 382 412 640 
0 382 412 640 
0 381 412 640 
0 381 412 640 
0 380 413 640 
0 380 413 640 
0 378 413 640 
0 375 414 640 
0 374 414 640 
0 364 365 373 415 640 
0 365 368 373 415 640 
0 366 416 640 
0 368 420 640 
0 368 425 640 
0 366 428 640 
0 364 433 640 
0 361 439 640 
0 359 441 640 
0 358 442 640 
0 356 443 640 
0 354 443 640 
0 353 443 640 
0 352 442 640 
0 354 441 640 
0 354 355 356 440 640 
0 357 369 370 439 640 
0 356 367 375 438 640 
0 356 360 361 364 376 436 640 
0 378 435 640 
0 378 433 640 
0 378 433 640 
0 379 434 640 
0 379 436 640 
0 379 437 640 
0 379 432 435 438 640 
0 379 432 640 
0 379 430 640 
0 379 428 640 
0 379 424 640 
0 379 425 640 
0 379 426 640 
0 379 422 424 428 640 
0 379 381 382 423 424 429 640 
0 382 424 640 
0 381 424 640 
0 381 424 640 
0 380 424 640 
0 380 418 419 424 640 
0 379 418 420 422 640 
0 378 418 640 
0 378 418 640 
0 377 418 640 
0 377 418 640 
0 376 418 640 
0 376 418 640 
0 375 418 640 
0 375 418 640 
0 376 418 440 445 640 
0 376 418 437 445 640 
0 377 418 435 444 640 
0 377 418 433 444 640 
0 377 418 430 444 640 
0 377 418 428 444 640 
0 378 418 426 444 640 
0 378 418 424 443 640 
0 378 418 423 443 640 
0 378 417 421 443 640 
0 378 416 419 442 640 
0 378 416 418 442 640 
0 378 442 640 
0 378 441 640 
0 378 441 640 
0 378 440 640 
0 379 440 640 
0 380 439 640 
0 382 438 640 
0 385 438 640 
0 385 437 640 
0 385 436 640 
0 386 436 439 453 640 
0 386 463 469 470 472 473 640 
0 386 464 467 473 640 
0 386 464 467 471 640 
0 387 465 467 469 640 
0 387 468 640 
0 387 469 640 
0 388 470 640 
0 388 471 640 
0 388 474 640 
0 387 476 640 
0 386 478 640 
0 386 480 640 
0 386 478 640 
0 385 478 640 
0 385 478 640 
0 385 479 640 
0 385 483 640 
0 384 487 640 
0 384 492 640 
0 384 492 640 
0 384 488 640 
0 382 484 640 
0 380 484 640 
0 378 485 640 
0 377 487 640 
0 375 488 640 
0 375 483 485 488 489 492 640 
0 374 483 485 487 489 493 640 
0 372 483 485 487 489 493 640 
0 371 483 485 487 489 494 640 
0 371 483 490 495 640 
0 370 483 640 
0 369 484 640 
0 368 484 640 
0 368 378 380 485 640 
0 368 377 380 483 485 486 640 
0 367 375 379 483 485 486 640 
0 366 374 378 487 640 
0 360 373 378 484 485 488 640 
0 357 483 486 489 640 
0 356 483 485 487 640 
0 356 487 640 
0 356 487 640 
0 356 488 640 
0 356 482 485 489 640 
0 356 482 640 
0 357 484 640 
0 357 486 640 
0 359 487 640 
0 361 487 640 
0 362 486 640 
0 362 486 640 
0 361 365 366 487 640 
0 361 365 367 489 640 
0 360 365 367 405 409 491 640 
0 360 365 370 377 379 404 412 480 482 492 640 
0 361 365 372 377 379 404 413 476 478 480 484 492 494 496 640 
0 80 82 362 363 373 377 380 403 414 480 486 492 495 498 640 
0 79 83 374 378 380 403 416 481 488 492 497 498 640 
0 79 83 375 379 380 403 417 481 491 492 640 
0 79 83 376 379 381 402 418 480 640 
0 78 84 377 379 382 402 418 466 468 480 640 
0 78 85 377 378 384 402 418 466 469 483 640 
0 76 86 386 402 419 463 465 467 474 478 482 488 640 
0 75 86 387 401 419 463 465 468 475 477 484 491 640 
0 76 85 386 401 419 470 477 478 490 491 640 
0 78 84 386 401 419 435 437 473 477 478 640 
0 79 83 386 401 419 436 438 476 640 
0 79 83 386 400 420 436 440 458 462 467 470 476 640 
0 79 83 386 400 420 436 441 458 463 468 473 477 640 
0 79 83 387 400 420 437 443 455 456 458 464 468 475 477 640 
0 79 82 387 399 420 437 444 455 456 457 466 469 476 478 640 
0 79 82 387 399 420 437 448 457 467 470 640 
0 78 82 387 399 420 437 450 457 468 470 640 
0 78 83 388 398 420 437 451 457 469 471 640 
0 77 83 388 398 421 437 452 454 455 457 470 471 640 
0 76 84 389 398 421 437 452 457 470 471 640 
0 75 85 390 397 421 437 454 457 640 
0 71 85 391 397 421 436 454 456 640 
0 68 85 393 395 422 436 454 456 640 
0 66 87 422 435 454 455 640 
0 64 91 423 434 454 455 640 
0 64 95 423 433 453 455 640 
0 64 96 425 432 453 454 640 
0 64 96 427 429 640 
0 64 96 640 
0 66 96 640 
0 66 95 640 
0 66 94 640 
0 66 94 640 
0 66 94 640 
0 66 94 640 
0 66 94 640 
0 66 93 640 
0 66 93 640 
0 66 93 640 
0 66 93 640 
0 66 93 640 
0 66 93 640 
0 66 93 640 
0 66 93 640 
0 66 93 640 
0 66 93 640 
0 66 93 640 
0 66 93 640 
0 65 93 640 
0 63 93 640 
0 60 95 640 
0 59 99 640 
0 57 100 640 
0 47 101 640 
0 45 105 640 
0 44 110 640 
0 44 113 640 
0 43 114 640 
0 43 114 299 300 640 
0 42 115 298 300 640 
0 42 115 297 301 640 
0 41 115 297 302 640 
0 41 116 296 302 640 
0 40 116 156 159 295 303 640 
0 40 117 156 159 294 304 640 
0 39 117 155 160 294 304 640 
0 39 117 154 160 293 305 640 
0 38 118 154 161 293 305 640 
0 38 118 153 161 292 306 640 
0 37 119 152 162 291 307 640 
0 37 119 152 163 290 307 640 
0 36 119 151 163 290 308 640 
0 36 120 150 164 289 309 640 
0 36 120 150 164 288 309 640 
0 38 121 149 165 288 310 640 
0 39 121 149 165 287 311 640 
0 39 120 148 166 287 311 640 
0 39 119 147 167 286 312 640 
0 39 118 147 167 286 312 640 
0 39 118 146 168 285 313 640 
0 39 118 145 168 285 313 640 
0 39 118 145 169 285 313 640 
0 39 118 144 169 285 313 640 
0 39 118 144 170 285 313 640 
0 39 118 143 170 285 313 640 
0 39 118 142 171 285 313 640 
0 39 118 142 172 285 313 640 
0 39 117 142 172 285 313 640 
0 39 117 141 173 285 313 640 
0 39 117 141 173 285 313 640 
0 39 117 141 173 285 313 640 
0 39 117 141 173 284 313 640 
0 39 117 141 173 284 313 640 
0 38 117 141 173 284 313 640 
0 38 117 141 173 284 313 640 
0 38 117 141 173 284 313 640 
0 38 117 141 173 284 313 640 
0 38 117 141 173 285 313 640 
0 38 117 141 173 286 313 640 
0 38 117 140 173 286 313 640 
0 38 117 140 173 286 313 640 
0 38 117 140 173 286 313 640 
0 38 117 140 173 286 313 640 
0 38 117 140 173 286 313 640 
0 38 117 140 173 286 313 640 
0 38 117 140 173 286 313 640 
0 38 117 140 173 286 313 640 
0 38 117 140 173 286 313 640 
0 38 117 140 173 286 313 640 
0 38 117 141 173 286 313 640 
0 38 117 142 173 286 313 640 
0 38 117 142 178 286 313 640 
0 38 117 142 191 286 313 640 
0 37 117 142 207 286 313 640 
0 37 117 142 226 286 313 640 
0 37 117 142 243 286 313 640 
0 37 117 142 259 286 313 640 
0 37 117 141 264 286 313 640 
0 36 265 286 313 640 
0 11 266 286 313 640 
267 286 313 640 
268 286 313 640 
269 286 313 640 
270 286 313 640 
271 286 313 640 
272 286 313 640 
273 286 313 640 
274 286 313 640 
275 286 313 640 
276 286 313 640 
277 286 313 640 
278 286 313 640 
279 286 313 640 
280 286 313 640 
281 286 313 640 
282 286 313 640 
283 286 313 640 
285 286 313 640 
313 640 
313 640 
313 640 
313 640 
313 640 
313 640 
312 640 
312 640 
312 640 
312 640 
312 640 
312 640 
312 640 
312 640 
312 640 
312 640 
312 640 
312 640 
312 640 
312 640 
312 640 
312 640 
312 640 
312 640 
312 640 
312 640 
312 640 
312 640 
312 640 
312 640 
312 640 
312 640 
312 640 
312 640 
312 640 
312 640 
312 640 
312 640 
312 640 
312 640 
312 640 
312 640 
312 640 
312 640 
312 640 
312 640 
312 640 
312 640 
312 640 
312 640 
312 640 
312 640 
312 640 
312 640 
312 640 
312 640 
312 640 
312 640 
312 640 
312 640 
312 640 
312 640 
312 640 
312 640 
312 640 
312 640 
312 640 
312 640 
312 640 
312 640 
312 640 
312 640 
312 640 
312 640 
312 640 
312 640 
312 640 
312 640 
312 640 
312 640 
312 640 
312 640 
312 640 
