0 640 
0 640 
0 640 
0 640 
0 640 
0 640 
0 640 
0 640 
0 640 
0 640 
0 640 
0 640 
0 640 
0 640 
0 640 
0 640 
0 640 
0 640 
0 640 
0 640 
0 640 
0 640 
0 640 
0 640 
0 640 
0 640 
0 640 
0 640 
0 640 
0 640 
0 640 
0 640 
0 640 
0 640 
0 640 
0 640 
0 640 
0 640 
0 640 
0 640 
0 640 
0 640 
0 640 
0 640 
0 640 
0 640 
0 640 
0 640 
0 640 
0 640 
0 640 
0 640 
0 640 
0 640 
0 640 
0 640 
0 640 
0 640 
0 640 
0 640 
0 640 
0 640 
0 640 
0 640 
0 640 
0 640 
0 640 
0 640 
0 640 
0 640 
0 640 
0 640 
0 640 
0 640 
0 640 
0 640 
0 640 
0 640 
0 640 
0 640 
0 640 
0 640 
0 640 
0 640 
0 640 
0 640 
0 640 
0 640 
0 640 
0 640 
0 640 
0 640 
0 640 
0 640 
0 640 
0 640 
0 640 
0 640 
0 640 
0 640 
0 640 
0 640 
0 640 
0 640 
0 640 
0 640 
0 640 
0 640 
0 640 
0 640 
0 640 
0 640 
0 640 
0 640 
0 640 
0 640 
0 640 
0 640 
0 640 
0 640 
0 640 
0 640 
0 317 332 640 
0 278 281 314 336 640 
0 277 282 313 338 640 
0 277 282 285 293 311 340 640 
0 277 282 284 295 310 342 640 
0 277 296 309 343 640 
0 277 295 308 345 640 
0 278 295 307 346 640 
0 279 294 306 347 640 
0 280 293 306 348 640 
0 281 293 305 349 640 
0 282 293 304 351 640 
0 274 277 283 293 302 352 640 
0 273 281 284 354 640 
0 273 337 344 355 640 
0 273 336 346 357 640 
0 274 336 349 358 640 
0 274 336 350 360 640 
0 274 336 351 361 640 
0 275 336 354 359 640 
0 277 336 640 
0 278 336 640 
0 279 336 640 
0 280 336 640 
0 282 336 640 
0 284 336 640 
0 286 336 640 
0 288 338 640 
0 290 341 640 
0 292 343 640 
0 294 346 640 
0 296 349 640 
0 297 352 640 
0 298 354 640 
0 303 355 640 
0 303 357 640 
0 304 358 640 
0 303 360 640 
0 302 361 640 
0 303 361 640 
0 304 360 640 
0 305 360 640 
0 306 359 640 
0 294 300 307 359 640 
0 292 301 308 358 640 
0 291 302 309 310 314 358 640 
0 290 302 314 360 640 
0 289 303 315 362 640 
0 288 303 315 364 640 
0 288 303 316 367 640 
0 288 303 316 366 640 
0 288 303 316 366 640 
0 288 303 316 367 640 
0 289 303 315 372 640 
0 290 303 315 373 640 
0 291 304 315 373 640 
0 292 305 314 374 640 
0 293 306 313 370 372 374 640 
0 296 306 313 371 640 
0 300 307 312 372 640 
0 300 307 311 373 640 
0 301 308 312 374 640 
0 301 308 312 375 640 
0 301 309 311 346 348 356 358 360 361 367 368 370 640 
0 302 309 310 342 344 346 349 357 363 367 640 
0 302 342 351 356 640 
0 302 342 353 356 640 
0 302 343 354 356 359 365 640 
0 303 343 356 366 640 
0 303 343 355 366 640 
0 303 344 354 366 640 
0 303 344 354 366 640 
0 303 345 353 366 640 
0 304 345 352 366 640 
0 304 345 352 366 640 
0 304 346 351 366 640 
0 304 346 350 366 640 
0 305 346 350 366 640 
0 305 367 640 
0 306 317 319 367 640 
0 307 317 319 367 640 
0 308 317 320 367 640 
0 308 316 321 367 640 
0 308 316 322 367 640 
0 307 315 323 367 640 
0 307 315 323 367 640 
0 306 315 324 367 640 
0 305 314 324 368 640 
0 304 313 325 371 640 
0 304 313 326 374 640 
0 303 313 327 377 640 
0 303 312 327 381 640 
0 303 311 326 357 358 385 640 
0 302 311 326 389 640 
0 302 310 325 392 640 
0 301 309 325 364 368 378 381 396 640 
0 301 309 324 364 369 379 384 400 640 
0 300 308 323 365 371 380 387 402 435 441 640 
0 300 307 322 366 372 381 391 402 424 450 640 
0 299 307 321 368 374 383 395 402 419 455 640 
0 299 306 320 370 376 385 399 402 411 460 640 
0 298 306 319 372 378 387 401 403 408 460 640 
0 297 305 318 375 379 388 400 460 640 
0 180 194 297 305 317 378 381 389 397 459 640 
0 180 204 296 304 316 461 640 
0 180 211 295 304 315 463 640 
0 180 220 294 303 313 463 640 
0 180 230 293 303 312 463 640 
0 181 242 292 303 311 464 640 
0 182 250 291 303 310 465 640 
0 182 264 290 302 309 465 640 
0 183 277 289 303 307 466 640 
0 184 468 640 
0 187 469 640 
0 192 469 640 
0 201 470 640 
0 204 475 640 
0 205 474 640 
0 205 472 475 477 640 
0 205 215 220 244 254 478 640 
0 205 215 224 244 272 472 473 480 640 
0 206 209 212 214 228 250 288 482 640 
0 207 210 230 250 292 296 298 480 640 
0 233 245 246 251 300 480 640 
0 236 247 302 479 640 
0 239 248 302 478 640 
0 241 250 302 479 640 
0 243 252 302 480 640 
0 244 254 302 480 640 
0 246 255 302 480 640 
0 248 257 302 480 640 
0 250 259 302 482 640 
0 251 260 303 327 335 381 383 478 480 481 640 
0 253 262 304 319 336 339 343 379 384 478 640 
0 254 261 344 377 386 479 640 
0 256 260 344 376 389 475 640 
0 257 260 343 365 369 372 392 477 640 
0 343 363 396 469 470 479 640 
0 343 363 400 471 474 476 477 480 640 
0 343 363 406 473 640 
0 343 364 414 465 469 475 640 
0 344 364 421 465 470 476 640 
0 344 364 425 466 472 476 640 
0 344 364 429 467 474 476 640 
0 344 352 353 364 434 458 460 463 465 466 640 
0 343 352 354 364 437 459 460 463 640 
0 343 352 354 364 439 461 640 
0 343 352 355 364 440 442 445 461 640 
0 344 351 356 363 442 443 447 456 640 
0 344 351 356 363 449 455 640 
0 345 350 358 361 450 455 640 
0 346 349 452 454 640 
0 347 348 640 
0 448 449 640 
0 640 
0 640 
0 640 
0 640 
0 640 
0 640 
0 640 
0 640 
0 640 
0 640 
0 640 
0 640 
0 640 
0 640 
0 640 
0 640 
0 640 
0 640 
0 640 
0 640 
0 640 
0 640 
0 640 
0 640 
0 640 
0 640 
0 640 
0 640 
0 640 
0 640 
0 640 
0 640 
0 640 
0 640 
0 640 
0 640 
0 640 
0 640 
0 640 
0 640 
0 640 
0 640 
0 640 
0 640 
0 640 
0 640 
0 640 
0 640 
0 640 
0 640 
0 640 
0 640 
0 640 
0 640 
0 640 
0 640 
0 640 
0 640 
0 640 
0 640 
0 640 
0 640 
0 640 
0 640 
0 640 
0 640 
0 640 
0 640 
0 640 
0 640 
0 640 
0 640 
0 640 
0 640 
0 640 
0 640 
0 640 
0 640 
0 640 
0 640 
0 640 
0 640 
0 640 
0 640 
0 640 
0 640 
0 640 
0 640 
0 640 
0 640 
0 640 
0 640 
0 640 
0 640 
0 640 
0 640 
0 640 
0 640 
0 640 
0 640 
0 640 
0 640 
0 640 
0 640 
0 640 
0 640 
0 640 
0 640 
0 640 
0 640 
0 640 
0 640 
0 640 
0 640 
0 640 
0 640 
0 640 
0 640 
0 640 
0 640 
0 640 
0 640 
0 640 
0 640 
0 640 
0 640 
0 640 
0 640 
0 640 
0 640 
0 640 
0 640 
0 640 
0 640 
0 640 
0 640 
0 640 
0 640 
0 640 
0 640 
0 640 
0 640 
0 640 
0 640 
0 640 
0 640 
0 640 
0 640 
0 640 
0 640 
0 640 
0 640 
0 640 
0 640 
0 640 
0 640 
0 640 
0 640 
0 640 
0 640 
0 640 
0 640 
0 640 
0 640 
0 640 
0 640 
0 640 
0 640 
0 640 
0 640 
0 640 
0 640 
0 640 
0 640 
0 640 
0 640 
0 640 
0 640 
0 640 
0 640 
0 640 
0 640 
0 640 
0 640 
0 640 
0 640 
0 640 
0 640 
0 640 
0 640 
0 640 
0 640 
0 640 
0 640 
0 640 
0 640 
0 640 
0 640 
0 640 
0 640 
0 640 
0 640 
0 640 
0 640 
