561 640 
561 640 
561 640 
561 640 
561 640 
561 640 
561 640 
561 640 
561 640 
561 640 
561 640 
561 640 
561 640 
561 640 
561 640 
561 640 
561 640 
561 640 
561 640 
561 640 
561 640 
561 640 
561 640 
561 640 
561 640 
561 640 
561 640 
561 640 
561 640 
561 640 
561 640 
561 640 
561 640 
561 640 
561 640 
561 640 
561 640 
561 640 
561 640 
561 640 
561 640 
561 640 
561 640 
561 640 
561 640 
561 640 
561 640 
561 640 
561 640 
561 640 
561 640 
561 640 
561 640 
561 640 
561 640 
561 640 
561 640 
561 640 
561 640 
561 640 
561 640 
561 640 
561 640 
561 640 
561 640 
561 640 
561 640 
561 640 
561 640 
561 640 
561 640 
561 640 
561 640 
561 640 
561 640 
561 640 
561 640 
561 640 
561 640 
561 640 
561 640 
561 640 
561 640 
561 640 
561 640 
561 640 
561 640 
561 640 
561 640 
561 640 
561 640 
561 640 
561 640 
561 640 
561 640 
561 640 
561 640 
561 640 
561 640 
561 640 
561 640 
561 640 
561 640 
561 640 
561 640 
561 640 
561 640 
561 640 
561 640 
561 640 
561 640 
561 640 
561 640 
561 640 
561 640 
561 640 
561 640 
561 640 
561 640 
561 640 
561 640 
561 640 
561 640 
561 640 
561 640 
561 640 
561 640 
561 640 
561 640 
561 640 
311 315 561 640 
310 316 561 640 
310 317 561 640 
310 318 561 640 
310 318 561 640 
310 319 561 640 
311 319 561 640 
311 319 561 640 
312 320 561 640 
312 320 561 640 
313 320 561 640 
313 321 561 640 
313 321 561 640 
314 321 561 640 
314 322 561 640 
314 322 561 640 
315 322 561 640 
315 322 561 640 
315 323 561 640 
315 323 561 640 
315 324 561 640 
316 324 334 339 561 640 
316 323 330 347 561 640 
316 323 326 352 561 640 
316 356 561 640 
316 360 561 640 
306 364 561 640 
297 368 561 640 
293 370 561 640 
291 371 561 640 
289 373 561 640 
286 375 561 640 
284 376 561 640 
282 377 561 640 
281 378 561 640 
279 379 561 640 
277 380 561 640 
275 381 561 640 
274 382 561 640 
272 383 561 640 
271 384 561 640 
270 385 561 640 
268 385 561 640 
267 386 561 640 
266 387 561 640 
265 387 561 640 
264 388 561 640 
264 388 561 640 
263 389 561 640 
262 389 561 640 
262 389 561 640 
261 390 561 640 
261 390 561 640 
260 390 561 640 
260 391 561 640 
260 391 561 640 
259 391 561 640 
259 392 561 640 
258 392 561 640 
258 392 561 640 
258 393 561 640 
258 393 561 640 
257 393 561 640 
257 393 561 640 
257 393 561 640 
257 393 561 640 
257 393 561 640 
257 394 561 640 
257 394 561 640 
257 394 561 640 
257 394 561 640 
257 394 561 640 
257 394 561 640 
257 394 561 640 
257 394 561 640 
257 394 561 640 
257 394 561 640 
257 394 561 640 
257 394 561 640 
257 394 561 640 
258 394 561 640 
258 394 561 640 
258 394 561 640 
258 394 561 640 
258 394 561 640 
258 394 561 640 
258 394 561 640 
259 394 561 640 
259 394 561 640 
259 394 561 640 
259 394 561 640 
260 394 561 640 
260 394 561 640 
260 394 561 640 
260 394 561 640 
261 394 561 640 
261 394 561 640 
261 393 561 640 
261 393 561 640 
262 393 561 640 
262 393 561 640 
262 393 561 640 
263 393 561 640 
263 393 561 640 
263 393 561 640 
264 392 561 640 
264 392 561 640 
264 392 561 640 
265 392 561 640 
265 391 561 640 
266 391 561 640 
266 390 561 640 
266 390 561 640 
267 390 561 640 
267 389 561 640 
267 389 561 640 
268 389 561 640 
268 388 561 640 
269 388 561 640 
269 388 561 640 
270 387 561 640 
270 387 561 640 
271 386 561 640 
271 386 561 640 
272 385 561 640 
273 385 561 640 
273 384 561 640 
274 384 561 640 
275 383 561 640 
275 383 561 640 
276 382 561 640 
277 381 561 640 
277 381 561 640 
278 380 561 640 
278 379 561 640 
279 379 561 640 
280 378 561 640 
281 377 561 640 
282 376 561 640 
283 375 561 640 
283 374 561 640 
284 373 561 640 
285 372 561 640 
286 371 561 640 
287 369 561 640 
288 367 561 640 
289 365 561 640 
290 363 561 640 
292 334 337 358 561 640 
294 332 340 352 561 640 
295 330 561 640 
297 328 561 640 
300 323 561 640 
303 317 561 640 
561 640 
561 640 
561 640 
561 640 
561 640 
561 640 
561 640 
561 640 
561 640 
561 640 
561 640 
561 640 
561 640 
561 640 
561 640 
561 640 
561 640 
561 640 
561 640 
561 640 
561 640 
561 640 
561 640 
561 640 
561 640 
561 640 
561 640 
561 640 
561 640 
561 640 
561 640 
561 640 
561 640 
561 640 
561 640 
561 640 
561 640 
561 640 
561 640 
561 640 
561 640 
561 640 
561 640 
561 640 
561 640 
561 640 
561 640 
561 640 
561 640 
561 640 
561 640 
561 640 
561 640 
561 640 
561 640 
561 640 
561 640 
561 640 
561 640 
561 640 
561 640 
561 640 
561 640 
561 640 
561 640 
561 640 
561 640 
561 640 
561 640 
561 640 
561 640 
561 640 
561 640 
561 640 
561 640 
561 640 
561 640 
561 640 
561 640 
561 640 
561 640 
561 640 
561 640 
561 640 
561 640 
561 640 
561 640 
561 640 
561 640 
561 640 
561 640 
561 640 
561 640 
561 640 
561 640 
561 640 
561 640 
561 640 
561 640 
561 640 
561 640 
561 640 
561 640 
561 640 
561 640 
561 640 
561 640 
561 640 
561 640 
561 640 
561 640 
561 640 
561 640 
561 640 
561 640 
561 640 
561 640 
561 640 
561 640 
561 640 
561 640 
561 640 
561 640 
561 640 
561 640 
561 640 
561 640 
561 640 
561 640 
561 640 
561 640 
561 640 
561 640 
561 640 
561 640 
561 640 
561 640 
561 640 
561 640 
561 640 
561 640 
561 640 
561 640 
561 640 
561 640 
561 640 
561 640 
561 640 
561 640 
561 640 
561 640 
561 640 
561 640 
561 640 
561 640 
561 640 
561 640 
561 640 
561 640 
561 640 
561 640 
561 640 
561 640 
561 640 
561 640 
561 640 
561 640 
561 640 
561 640 
561 640 
561 640 
561 640 
561 640 
561 640 
561 640 
561 640 
561 640 
561 640 
561 640 
561 640 
561 640 
561 640 
561 640 
561 640 
561 640 
561 640 
561 640 
561 640 
561 640 
561 640 
561 640 
561 640 
561 640 
561 640 
561 640 
561 640 
