97 567 
97 566 
98 565 
98 563 
99 555 556 563 
99 538 541 553 557 562 
99 536 541 552 558 562 
100 520 521 530 532 533 542 552 
100 517 523 530 
101 516 524 526 
101 515 
102 514 
102 513 
102 513 
103 512 
103 513 
104 512 
104 512 
105 512 
105 512 
106 512 
106 513 
106 512 
106 512 
107 513 
107 513 
108 513 
108 513 
109 513 
109 513 
110 120 121 513 
110 120 121 513 
110 120 122 514 
111 120 122 514 
111 120 123 514 
112 121 123 514 
112 121 123 514 
113 122 123 514 
113 122 123 514 
114 122 123 514 
115 514 
118 514 
119 514 
119 515 
120 515 
121 515 
121 515 
121 515 
122 515 
122 515 
122 515 
123 515 
123 515 
123 515 
123 515 
123 515 
123 515 
123 515 
123 515 
123 515 
123 515 
123 515 
123 515 
123 515 
123 515 
123 515 
123 515 
123 515 
123 515 
123 515 
123 515 
123 515 
123 515 
123 515 
123 515 
123 515 
123 515 
123 515 
123 515 
123 515 
123 515 
123 515 
123 515 
123 515 
111 112 122 515 
109 114 119 120 122 515 
109 115 119 514 
109 117 120 514 
110 118 120 170 171 514 
110 169 171 514 
111 169 172 514 
112 169 172 514 
112 169 173 514 
112 169 173 514 
113 169 173 514 
113 169 174 514 
114 170 174 513 
114 171 175 513 
114 172 175 513 
113 173 175 513 
113 513 
113 513 
113 513 
113 513 
113 177 178 513 
113 176 178 513 
113 175 177 513 
112 175 177 512 
112 174 176 512 
112 173 176 512 
112 173 175 512 
112 174 175 512 
112 174 175 512 
112 512 
112 512 
112 511 
112 511 
112 511 
111 511 
111 511 
111 510 
111 510 
111 510 
111 510 
111 510 
111 510 
111 510 
111 509 
111 509 
110 484 485 509 
110 484 485 509 
110 484 485 509 
110 484 485 509 
110 483 485 508 
110 483 485 508 
110 483 485 508 
110 483 485 508 
110 483 485 508 
110 483 485 508 
110 483 485 507 
110 483 485 507 
110 482 485 507 
109 482 485 507 
109 482 485 507 
109 482 485 506 
109 482 484 506 
109 482 484 506 
109 482 484 506 
109 482 484 505 
109 481 484 505 
109 481 484 505 
109 481 484 505 
109 481 484 505 
109 481 484 505 
108 481 484 504 
108 265 266 480 484 504 
108 264 266 480 484 504 
108 263 267 480 484 504 
108 263 267 480 484 504 
108 262 267 480 484 503 
108 261 267 479 484 503 
108 261 267 479 484 503 
108 260 267 479 484 503 
108 259 267 479 483 503 
107 259 267 479 483 502 
107 258 267 478 483 502 
107 257 267 478 483 502 
107 256 267 478 483 502 
107 256 267 478 483 502 
107 255 267 478 483 502 
107 254 266 477 483 501 
107 254 266 477 482 501 
107 253 265 477 482 501 
107 252 265 501 502 503 
107 252 265 504 
106 251 264 505 
106 251 264 505 
106 250 263 505 
106 250 263 505 
106 249 262 506 
106 249 262 506 
106 248 262 506 
106 248 261 506 
106 248 261 506 
106 247 261 506 
106 247 261 506 
106 246 260 506 
106 246 260 505 
106 245 259 505 
106 245 259 505 
105 244 258 504 
104 244 257 504 
104 243 255 504 
103 243 254 503 
103 242 251 503 
101 242 244 503 
101 502 
100 502 
100 502 
100 501 
101 501 
102 500 
103 500 
105 500 
106 499 
106 499 
109 498 
111 498 
112 498 
111 497 
111 497 
111 496 
111 496 
110 496 
110 495 
110 495 
110 494 
110 494 
110 494 
110 496 
110 498 
110 500 
110 503 
109 504 
109 507 
109 508 
109 510 
109 512 
109 514 
109 516 
109 517 
109 519 
108 521 
108 522 
108 524 
108 526 
108 527 
108 528 
108 530 
108 532 
107 533 
107 534 
107 535 
107 537 
107 538 
107 539 
107 541 
107 542 
107 543 
107 544 
106 546 
106 546 
106 548 
106 549 
106 550 
106 551 
105 552 
105 553 
105 554 
104 555 
103 556 
102 556 
102 558 
101 558 
100 559 
100 560 
100 561 
102 561 
103 562 
104 563 
98 564 
95 564 
95 565 
94 566 
93 566 
93 567 
92 567 
91 568 
91 568 
90 569 
90 570 
89 570 
89 570 
89 571 
90 571 
90 572 
87 572 
85 573 
84 573 
83 573 
82 574 
82 574 
81 574 
80 575 
80 575 
79 575 
79 575 
78 576 
78 576 
78 576 
77 577 
77 577 
76 577 
76 577 
75 577 
74 578 
73 578 
72 578 
72 578 
71 578 
70 578 
70 579 
69 579 
68 579 
68 579 
67 579 
66 579 
66 579 
65 580 
64 580 
64 580 
63 580 
63 580 
62 580 
62 580 
61 580 
60 581 
59 581 
59 581 
60 581 
61 581 
61 581 
61 582 
61 582 
60 582 
58 582 
55 582 
54 582 
54 582 
53 582 
52 582 
51 583 
50 583 
50 583 
49 583 
49 583 
49 583 
48 583 
48 584 
47 584 
46 584 
46 584 
45 584 
45 584 
44 584 
44 585 
43 585 
43 585 
42 585 
41 585 
41 585 
42 586 
44 586 
44 586 
44 586 
43 586 
42 587 
42 587 
41 587 
37 587 
36 588 
35 588 
35 588 
34 588 
33 588 
33 588 
32 589 
32 589 
31 589 
31 589 
30 589 
30 590 
29 590 
29 590 
28 590 
28 591 
27 591 
27 591 
27 592 
26 592 
26 592 
25 592 
25 592 
24 593 
24 593 
23 593 
23 593 
22 594 
22 594 
22 594 
22 594 
22 595 
22 595 
21 595 
21 595 
20 596 
20 596 
19 597 
18 597 
18 597 
17 597 
16 598 
16 598 
16 598 
15 603 
15 628 
15 635 
14 640 
13 640 
13 640 
13 640 
12 640 
12 640 
12 640 
11 640 
11 640 
10 640 
10 640 
10 640 
9 640 
9 640 
9 640 
8 640 
8 640 
7 640 
7 640 
6 640 
6 640 
6 640 
5 640 
5 640 
6 640 
7 640 
7 640 
7 640 
6 640 
6 640 
5 640 
5 640 
5 640 
4 640 
4 640 
3 640 
2 640 
1 640 
0 640 
0 640 
0 640 
0 640 
0 640 
0 640 
0 640 
0 640 
0 640 
0 640 
0 640 
0 640 
2 640 
2 640 
2 640 
1 640 
0 640 
0 640 
0 640 
0 640 
0 640 
0 640 
0 640 
0 640 
0 640 
