

















































367 389 
362 394 
359 395 
356 397 
354 399 
352 400 
350 402 
348 403 
347 404 
346 405 
344 406 
343 407 
341 408 
340 409 
335 338 339 410 
333 411 
332 412 
332 413 
332 414 
332 415 
332 417 
332 418 
332 418 
332 419 
331 420 
331 420 
330 421 
329 422 
329 422 
328 423 
328 423 
327 424 
327 424 
327 425 
326 425 
326 425 
325 426 
325 426 
325 427 
324 427 
324 427 
324 427 
324 428 
323 428 
323 428 
323 428 
323 429 
323 429 
323 429 
323 429 
323 430 
323 430 
323 430 
323 430 
323 431 
323 431 
323 431 
323 432 
323 432 
322 432 
322 433 
322 433 
322 433 
322 434 
322 434 
322 435 
322 435 
322 436 
322 436 
322 437 
325 327 328 437 
325 327 328 438 
325 326 329 438 
330 439 
330 439 
331 439 
332 334 336 440 
332 335 336 440 
333 335 337 440 
338 339 341 441 
343 441 
344 438 439 442 
346 439 440 442 
347 439 440 442 
346 439 
346 440 
345 440 
344 441 
344 441 
343 442 
343 437 439 442 
343 437 440 442 
345 438 
346 438 
350 438 
350 438 
351 439 
352 439 
352 439 
353 440 
355 435 437 440 
356 435 
357 435 
359 435 
360 435 
361 436 
362 377 378 436 
363 377 378 437 
364 371 373 376 379 433 434 437 
373 376 379 433 435 437 
373 376 379 432 436 437 
373 375 379 432 
377 427 428 431 
376 427 428 431 
376 427 428 430 
375 426 
374 426 
374 415 417 426 
373 416 419 426 
372 417 420 425 
370 418 421 425 
370 418 421 425 
369 419 422 424 
367 419 
366 420 
365 420 
364 421 
363 421 
362 422 
361 422 
359 423 
288 291 358 423 
287 293 358 423 
286 293 357 424 
281 294 356 424 
278 294 355 424 
274 294 354 425 
272 295 353 425 
271 295 353 425 
270 296 352 426 
269 296 351 426 
268 297 350 426 
267 298 349 427 
266 299 349 427 
266 299 348 427 
266 300 347 428 
265 300 346 428 
265 301 346 428 
265 302 345 349 350 428 
265 302 345 348 350 429 
264 303 345 346 350 429 
264 301 344 345 350 429 
264 301 344 345 349 429 
264 300 349 430 
264 300 348 430 
264 299 348 430 
264 295 347 430 
264 295 347 431 
263 297 346 431 
263 297 346 431 
263 297 345 431 
263 296 345 432 
263 296 344 432 
263 295 344 432 
263 295 343 432 
263 294 343 432 
263 293 343 432 
263 293 342 432 
263 293 342 429 430 432 
263 293 342 426 
263 293 341 425 
263 293 341 421 422 425 
263 294 341 420 423 425 
263 294 340 419 424 425 
263 295 340 418 
263 295 340 417 
263 296 340 416 
263 296 339 416 
263 297 339 415 
263 296 339 415 
263 296 339 415 
262 296 339 415 
262 297 339 414 
262 297 339 414 
262 298 339 414 
262 298 339 414 
262 298 339 414 
261 299 339 413 
261 301 340 413 
261 304 340 413 
261 307 340 413 
261 310 340 414 
261 312 340 414 
260 316 341 414 
260 319 341 415 
260 322 341 415 
260 325 341 414 
260 327 342 411 
259 329 342 411 
259 331 342 411 
259 333 342 410 
258 335 343 410 
259 337 343 410 
258 339 343 410 
258 341 343 410 
258 343 344 409 
258 409 
258 409 
258 409 
258 409 
258 409 
258 409 
258 409 
258 409 
258 409 
259 409 
259 409 
259 409 
259 409 
259 409 
259 409 
259 409 
259 409 
259 410 
260 410 
260 318 321 410 
260 316 323 410 
260 314 324 410 
260 314 326 410 
260 314 327 410 
260 314 328 410 
261 315 330 410 
261 315 332 410 
261 315 333 410 
262 315 335 411 
262 315 336 411 
263 315 338 411 
265 315 339 411 
265 315 341 412 
266 316 342 412 
266 316 344 413 
266 316 345 413 
266 316 345 414 
266 316 345 414 
267 316 345 414 
267 317 345 414 
267 317 345 415 
267 317 345 415 
266 317 345 415 
266 317 345 415 
266 317 345 415 
265 317 345 415 
265 317 345 415 
265 317 345 415 
264 317 345 416 
264 318 345 416 
263 318 346 417 
263 318 346 418 
263 318 346 418 
262 318 347 419 
262 318 347 419 
262 318 347 420 
262 319 347 421 
261 319 346 421 
261 319 346 422 
260 319 346 423 
260 319 346 423 
260 319 346 424 
259 319 346 425 
259 320 346 425 
259 320 345 426 
258 320 345 426 
258 320 345 427 
257 320 345 428 
257 320 345 428 
257 320 344 429 
256 321 344 429 
256 321 344 430 
256 321 344 431 
256 321 343 431 
255 321 343 432 
255 322 343 432 
254 322 343 433 
254 322 342 434 
254 322 342 434 
253 322 342 435 
253 322 342 435 
253 323 342 436 
252 323 341 437 
252 322 341 437 
252 322 341 438 
252 322 340 438 
252 322 340 439 
252 322 340 439 
252 322 340 440 
252 322 339 440 
251 322 339 441 
251 323 339 441 
251 323 339 442 
253 322 338 442 
255 322 338 443 
260 322 338 443 
265 322 338 444 
267 322 338 444 
268 321 338 444 
271 321 337 445 
272 320 337 445 
273 319 337 446 
274 312 315 318 337 446 
274 296 305 310 336 447 
275 293 336 447 
276 292 336 448 
277 292 336 448 
277 293 336 448 
278 294 335 449 
279 294 335 449 
280 294 335 450 
281 295 335 450 
281 295 335 450 
282 296 334 451 
283 296 334 451 
284 297 334 452 
285 298 334 452 
286 298 334 452 
287 298 333 453 
291 298 333 453 
293 298 333 454 
294 297 333 454 
333 454 
333 455 
333 455 
333 455 
333 456 
332 456 
332 457 
332 457 
332 458 
332 458 
332 458 
332 459 
332 459 
332 459 
331 460 
331 460 
331 461 
331 461 
331 461 
330 462 
330 462 
330 463 
330 463 
330 463 
329 464 
329 464 
329 465 
328 465 
328 465 
328 466 
328 466 
327 467 
327 467 
327 468 
327 468 
326 468 
326 469 
326 469 
326 470 
325 470 
325 471 
325 471 
325 472 
324 472 
324 473 
323 473 
323 474 
323 474 
323 474 
322 475 
322 475 
322 476 
322 477 
321 477 
321 478 
321 478 
321 479 
320 479 
320 480 
319 480 
319 481 
319 481 
318 482 
318 483 
318 483 
317 484 
317 484 
317 485 
316 485 
316 486 
316 487 
315 487 
315 488 
315 489 
314 489 
314 490 
313 490 
313 491 
313 492 
312 492 
312 493 
312 493 
311 494 
311 494 
311 495 
311 495 
310 496 
310 497 
309 497 
309 498 
308 498 
308 499 
308 499 
307 500 
307 500 
307 501 
306 502 
306 502 
306 503 
305 503 
305 504 
305 504 
