0 295 552 640 
0 295 552 640 
0 295 552 640 
0 295 552 640 
0 295 552 640 
0 295 552 640 
0 295 552 640 
0 295 551 640 
0 294 552 640 
0 294 552 640 
0 294 552 640 
0 294 552 640 
0 294 552 640 
0 294 552 640 
0 294 552 640 
0 294 552 640 
0 294 553 640 
0 294 553 640 
0 294 554 640 
0 294 554 640 
0 294 554 640 
0 294 555 640 
0 294 555 640 
0 294 556 640 
0 294 557 640 
0 294 557 640 
0 294 558 640 
0 294 558 640 
0 295 558 640 
0 295 559 640 
0 295 560 640 
0 295 560 640 
0 295 561 640 
0 295 562 640 
0 295 562 640 
0 295 563 640 
0 296 564 640 
0 296 565 640 
0 296 565 640 
0 296 566 640 
0 296 566 640 
0 296 567 640 
0 296 567 640 
0 295 568 640 
0 295 569 640 
0 296 571 640 
0 296 572 640 
0 296 573 640 
0 52 57 296 580 640 
0 49 60 296 582 640 
0 47 61 297 587 640 
9 46 62 296 598 640 
15 44 63 296 601 640 
19 43 64 296 603 640 
0 4 22 42 65 296 606 640 
0 6 25 41 65 296 610 612 614 640 
0 9 28 31 35 40 65 296 620 640 
0 12 36 39 65 296 623 640 
0 15 65 296 624 640 
0 18 65 295 625 640 
0 21 64 294 626 640 
0 24 64 74 93 292 627 640 
0 26 63 71 99 290 630 640 
0 27 63 69 103 290 631 640 
0 28 62 68 105 287 631 632 633 640 
0 28 62 66 102 285 634 640 
0 29 62 64 102 283 635 640 
0 30 103 282 636 640 
0 30 105 280 636 640 
0 30 106 279 636 640 
0 29 107 279 637 640 
0 28 108 279 
0 27 109 279 
0 27 108 279 
0 26 108 278 
0 25 108 278 
0 25 109 279 
0 24 109 278 
0 24 110 278 
0 23 110 277 
0 23 110 277 
0 22 110 277 
0 22 108 276 
0 21 108 276 
0 21 108 276 
0 21 109 275 
0 21 110 113 115 275 
0 21 116 274 
0 22 116 274 
0 22 116 273 
0 23 41 43 116 272 
0 24 40 44 116 271 
0 26 38 44 116 270 
0 28 30 31 33 44 117 270 
0 43 118 270 
0 43 118 270 
0 43 119 269 
0 43 119 269 
0 43 119 269 
0 43 119 270 
0 43 120 270 
0 43 120 270 
0 43 121 270 
0 43 122 270 
0 43 122 269 
0 43 122 269 
0 43 122 269 270 271 
0 43 121 271 
0 43 120 271 
0 43 119 271 
0 43 118 269 270 271 
0 43 117 269 270 271 
0 43 116 270 
0 43 116 270 
0 43 116 269 
0 43 115 269 
0 43 115 269 
0 43 116 269 
0 43 116 269 
0 44 116 269 
0 44 117 270 
0 44 117 270 
0 45 118 270 
0 45 120 269 
0 45 121 269 
0 46 122 269 
0 46 123 269 
0 46 124 269 
0 47 125 269 
0 47 126 269 
0 47 128 268 
0 47 130 268 
0 47 132 268 
0 47 133 268 
0 47 135 267 
0 47 137 267 
0 47 138 267 
0 47 140 267 
0 47 141 267 
0 47 142 266 
0 47 143 266 
0 47 144 266 
0 47 145 266 
0 47 145 266 
0 47 146 265 
0 47 147 265 
0 47 147 265 
0 46 148 264 
0 46 148 264 
0 46 149 263 
0 46 150 262 
0 45 151 262 
0 45 153 261 
0 45 154 261 
0 44 155 261 
0 44 156 261 
0 43 158 260 
0 43 159 260 
0 42 160 260 
0 41 162 260 
0 41 163 259 
0 40 165 259 
0 39 167 259 
0 39 168 258 
0 38 169 258 
0 37 171 257 
0 36 172 257 
0 35 173 256 
0 35 173 256 
0 34 174 256 
0 33 175 255 
0 32 175 255 
0 31 175 254 
0 30 176 253 
0 29 176 253 
0 28 176 252 
0 27 176 250 
0 26 176 250 
0 25 176 249 
0 25 176 249 
0 23 176 249 
0 23 175 249 
0 22 30 31 175 248 
0 21 29 30 175 248 
0 20 28 29 174 248 
0 19 174 248 
0 18 173 248 
0 17 173 248 
0 16 173 248 
0 15 172 248 
0 15 172 248 
0 14 172 248 
0 13 172 248 
0 12 102 104 172 248 
0 11 102 104 172 248 
0 10 102 104 171 248 
0 10 103 104 171 248 
0 9 171 248 
0 8 171 248 
0 7 171 248 
0 7 99 100 171 247 
0 6 99 101 171 247 
0 5 99 102 171 247 
0 5 98 103 171 247 
0 4 98 103 171 247 
0 3 97 103 172 247 
0 3 97 103 172 247 
0 2 96 103 120 122 172 247 
0 2 96 102 120 122 172 246 
96 102 119 122 172 246 
95 102 119 123 172 246 
95 102 119 123 172 246 
94 101 119 124 172 246 
94 101 119 124 172 246 
93 101 119 124 172 247 
93 101 119 125 172 247 
93 101 119 125 172 246 
92 101 119 125 172 246 
92 101 119 126 173 247 
91 101 119 126 173 247 
91 101 119 126 173 247 
70 71 91 101 118 126 173 247 
69 71 91 101 118 126 173 247 
68 70 91 101 118 126 173 247 
67 70 91 101 118 126 173 247 
67 70 91 102 118 126 173 247 
66 70 90 102 118 126 173 247 
59 60 65 70 90 102 118 125 174 247 
59 60 65 69 90 102 118 125 174 247 
58 59 64 69 90 102 117 125 174 247 
57 59 63 69 89 102 117 124 174 247 
52 53 56 58 63 69 89 102 117 124 174 246 
50 53 55 57 62 69 89 102 117 123 174 246 
49 53 54 57 61 69 88 102 117 123 174 246 
48 52 53 56 60 69 88 102 117 123 175 246 
47 56 59 69 88 102 117 122 175 246 
46 55 58 68 87 102 117 121 175 245 
45 55 58 68 87 102 117 121 175 245 
44 54 56 68 87 102 116 120 175 245 
43 54 56 68 87 102 116 119 176 245 
2 3 43 53 55 68 86 102 116 119 176 245 
42 53 54 68 86 102 116 118 176 245 
41 52 53 68 86 102 116 118 176 245 
41 51 52 67 85 102 176 245 
40 67 85 102 176 244 
39 67 85 102 177 244 
38 67 84 102 177 244 
37 67 84 102 177 244 
37 67 83 102 177 244 
36 67 83 102 178 244 
35 66 83 102 178 244 
34 66 82 102 178 244 
34 66 82 102 178 244 
33 66 82 101 178 244 
32 66 81 100 179 243 
31 65 81 99 179 243 
30 65 81 99 179 243 
29 65 80 98 180 243 
29 65 80 98 180 243 
28 65 80 98 180 243 
28 65 79 98 180 243 
27 65 79 98 181 243 
26 64 78 98 181 243 
26 64 78 98 181 243 
25 64 78 99 103 104 181 242 
24 64 77 99 103 104 182 242 
24 64 77 99 182 242 
24 64 77 100 182 242 
23 63 76 100 182 242 
17 18 23 63 76 101 183 241 
17 19 22 63 76 101 183 241 
15 20 22 62 76 101 183 241 
15 60 76 101 184 241 
15 59 76 101 184 241 
14 58 76 100 184 241 
9 10 13 56 77 100 184 241 
9 10 13 54 77 99 185 241 
9 10 13 53 77 99 185 241 
12 51 78 99 185 241 
12 50 78 98 186 241 
0 1 5 6 10 48 78 98 186 241 
0 2 5 7 10 47 78 98 186 241 
0 2 5 7 10 46 78 97 187 241 
0 2 5 45 78 97 187 241 
0 3 5 44 78 96 187 241 
0 3 5 43 78 96 187 241 
1 4 5 43 78 95 188 241 
0 43 78 95 188 241 
0 43 63 68 78 95 188 241 
0 42 62 72 78 94 189 241 
0 42 61 73 77 94 189 241 
0 42 60 74 77 93 189 242 
0 42 59 75 76 93 190 242 
0 42 59 93 190 242 
0 42 58 92 190 242 
0 42 57 92 191 242 
0 42 57 91 191 242 
0 42 57 91 191 242 
0 42 56 90 191 242 
0 43 56 90 192 242 
0 43 55 89 192 242 
0 43 55 89 192 243 
0 43 54 88 193 243 
0 43 54 88 193 243 
0 43 53 87 193 243 
0 43 49 50 52 87 193 243 
0 44 49 86 194 244 
0 44 49 86 194 244 
0 44 48 85 194 244 
0 45 47 85 195 244 
0 46 47 84 195 245 
0 84 195 245 
0 83 196 245 
0 83 196 246 
0 82 196 246 
0 82 197 246 
0 81 197 246 
0 81 197 246 
0 80 198 246 
0 80 198 247 
0 79 198 248 
0 78 198 248 
0 78 199 249 
0 77 199 249 
0 77 200 250 
0 76 200 250 
0 76 200 251 
0 75 201 251 
0 74 201 252 
0 74 201 252 
0 73 202 253 
0 73 202 253 
0 72 202 253 
0 72 202 254 
0 71 203 255 
0 70 203 255 
0 70 203 256 
0 69 203 256 
0 69 204 256 
0 68 204 257 
0 67 204 257 
0 67 204 258 
0 66 205 259 
0 65 205 260 
0 65 205 261 
0 64 205 261 
0 65 206 261 
0 66 206 262 
0 65 207 263 
0 65 207 264 
0 64 208 264 
0 63 208 264 
0 63 209 265 
0 62 209 266 
0 61 209 267 
0 60 210 268 
0 59 210 269 
0 59 211 270 
0 58 211 271 
0 57 60 61 211 271 
0 56 208 210 212 272 
0 55 59 60 209 210 212 273 
0 54 58 60 209 211 212 274 
0 53 57 59 209 211 213 276 
0 52 56 58 210 211 213 277 
0 52 56 58 210 211 213 278 
0 51 56 57 210 212 213 279 
0 51 55 56 211 212 214 280 
0 50 55 56 211 212 214 281 
0 50 54 55 211 212 214 283 
0 50 53 55 214 285 
0 50 53 54 215 286 
0 50 52 53 215 287 
0 50 215 288 
0 49 50 51 215 290 
0 50 215 291 
0 48 49 50 216 291 
0 47 216 291 
0 47 216 292 
0 44 216 293 
0 43 216 294 
0 43 216 296 
0 42 216 296 
0 42 217 297 
0 41 217 298 
0 41 217 299 
0 43 218 300 
0 44 218 300 
0 43 218 301 
0 42 218 301 
0 42 218 302 
0 41 218 302 
0 40 218 302 
0 39 218 302 
0 39 218 303 
0 38 218 303 
0 37 218 304 
0 35 218 305 
0 35 218 307 
0 34 218 308 
0 34 218 308 
0 34 218 309 
0 36 218 310 
0 37 218 311 
0 36 218 312 
0 36 218 313 
0 36 218 314 
0 35 218 314 
0 35 218 314 
0 35 218 315 
0 35 218 315 
0 34 218 316 
0 34 218 316 
0 34 218 317 
0 34 218 317 
0 34 219 316 
0 33 219 317 
0 33 219 317 
0 33 219 317 
0 33 219 318 
0 33 219 318 
0 33 218 318 
0 34 43 45 218 317 
0 34 41 45 219 317 
0 34 40 46 58 67 218 317 
0 35 38 47 52 68 218 317 
0 36 37 69 217 317 
0 70 216 317 
0 71 211 317 
0 71 207 317 
0 72 204 317 
0 72 203 317 
0 72 202 317 
0 73 202 318 
0 73 201 318 
0 73 200 318 
0 73 200 318 
0 74 199 318 
0 75 198 319 
0 76 86 96 197 319 
0 78 80 100 197 319 
0 102 165 171 195 319 
0 103 158 181 194 319 
0 103 157 318 
0 103 156 317 
0 103 156 316 
0 102 156 316 
0 102 156 316 
0 102 129 135 156 315 
0 102 125 136 156 315 
0 102 124 136 156 314 
0 102 124 136 156 314 
0 102 123 136 155 312 
0 102 123 137 155 312 
0 102 123 137 155 312 
0 102 123 137 155 312 
0 102 122 137 155 312 
0 101 122 137 155 312 
0 101 122 137 155 312 
0 101 122 137 155 312 
0 101 121 137 155 312 
0 101 121 137 155 313 
0 101 121 137 155 314 
0 100 121 137 155 314 
0 100 120 137 155 315 
0 100 120 137 155 316 
0 100 120 137 155 316 
0 100 120 137 155 317 
0 100 119 137 155 318 
0 100 119 137 154 318 
0 100 119 137 154 319 
0 99 118 137 154 319 
0 99 118 138 154 320 
0 99 118 137 154 320 
0 99 118 137 154 320 
0 99 117 137 154 321 
0 99 117 137 154 322 
0 98 117 137 154 323 
0 98 117 135 153 323 
0 99 116 135 153 324 
