0 640 
0 640 
0 640 
0 640 
0 640 
0 640 
0 640 
0 640 
0 640 
0 640 
0 640 
0 640 
0 640 
0 640 
0 640 
0 640 
0 640 
0 640 
0 640 
0 640 
0 640 
0 640 
0 640 
0 487 503 640 
0 463 507 640 
0 455 510 640 
0 450 512 640 
0 445 514 640 
0 440 519 640 
0 436 524 640 
0 344 346 431 529 640 
0 340 346 375 378 427 531 640 
0 340 347 376 379 423 533 640 
0 339 347 376 381 419 534 640 
0 339 347 377 383 415 535 640 
0 339 347 378 386 409 536 640 
0 339 346 379 389 403 537 640 
0 340 346 380 538 640 
0 340 346 381 538 640 
0 340 346 382 539 640 
0 341 345 384 451 463 539 640 
0 341 345 385 442 463 539 640 
0 342 345 387 434 462 540 640 
0 343 345 390 427 461 540 640 
0 393 419 461 540 640 
0 460 540 640 
0 460 540 640 
0 459 540 640 
0 459 539 640 
0 459 539 640 
0 458 538 640 
0 458 538 640 
0 457 537 640 
0 457 537 640 
0 457 536 640 
0 457 534 640 
0 456 532 640 
0 456 530 640 
0 456 528 640 
0 456 528 640 
0 456 528 640 
0 456 528 640 
0 456 528 640 
0 456 528 640 
0 456 527 640 
0 456 527 640 
0 455 527 640 
0 455 527 640 
0 455 527 640 
0 455 526 640 
0 456 526 640 
0 457 526 640 
0 457 526 640 
0 458 525 640 
0 458 525 640 
0 458 525 640 
0 459 524 640 
0 459 524 640 
0 460 524 640 
0 460 523 640 
0 461 523 640 
0 462 522 640 
0 462 522 640 
0 463 522 640 
0 464 521 640 
0 465 520 522 526 640 
0 465 520 521 528 640 
0 466 528 640 
0 467 528 640 
0 468 518 519 527 640 
0 469 517 519 527 640 
0 470 515 519 526 640 
0 472 514 519 525 640 
0 333 344 473 513 519 524 640 
0 329 349 475 512 519 523 640 
0 325 352 476 510 519 522 640 
0 322 354 479 507 640 
0 298 301 320 355 481 504 640 
0 291 305 317 356 485 501 640 
0 288 309 315 357 640 
0 286 311 313 357 640 
0 284 357 640 
0 282 356 640 
0 280 356 640 
0 278 355 640 
0 277 355 640 
0 275 354 640 
0 274 354 640 
0 273 353 640 
0 272 353 640 
0 271 353 640 
0 270 354 640 
0 270 355 640 
0 269 356 640 
0 268 357 640 
0 267 358 640 
0 266 358 640 
0 266 359 640 
0 265 358 640 
0 264 358 640 
0 263 357 640 
0 263 357 640 
0 262 356 640 
0 262 355 640 
0 261 355 640 
0 261 354 640 
0 260 353 640 
0 260 352 640 
0 260 352 640 
0 260 351 640 
0 260 350 640 
0 260 350 640 
0 259 349 640 
0 259 349 640 
0 260 348 640 
0 260 348 640 
0 260 347 640 
0 260 346 640 
0 261 346 640 
0 261 345 640 
0 261 344 640 
0 262 343 640 
0 262 341 640 
0 263 336 640 
0 264 336 640 
0 264 336 640 
0 265 337 640 
0 265 267 268 337 640 
0 265 267 268 338 640 
0 265 267 270 339 640 
0 266 267 270 339 640 
0 266 267 270 340 640 
0 270 340 640 
0 270 341 640 
0 271 335 336 339 640 
0 271 335 338 339 640 
0 271 335 640 
0 272 275 277 335 640 
0 272 275 277 334 640 
0 272 275 277 330 640 
0 273 274 278 320 321 322 324 330 640 
0 273 274 278 320 324 330 640 
0 279 320 640 
0 280 315 317 320 640 
0 281 283 285 315 318 320 640 
0 282 283 286 312 314 315 640 
0 282 284 287 312 640 
0 282 284 288 289 290 312 640 
0 288 313 640 
0 284 315 640 
0 281 319 640 
0 280 321 640 
0 279 323 640 
0 279 326 640 
0 279 330 640 
0 96 100 277 332 640 
0 94 106 276 334 640 
0 92 108 274 336 640 
0 91 109 272 337 640 
0 90 110 271 338 640 
0 88 111 269 340 640 
0 88 111 268 342 640 
0 88 112 267 343 640 
0 87 112 266 345 640 
0 87 113 265 347 640 
0 87 113 264 348 640 
0 87 115 263 350 640 
0 87 116 263 351 640 
0 87 116 262 352 640 
0 87 116 261 353 640 
0 86 115 260 354 640 
0 86 115 260 355 640 
0 86 114 259 356 640 
0 86 114 258 356 640 
0 86 114 258 357 640 
0 87 114 257 357 640 
0 87 114 256 357 640 
0 87 114 255 357 377 379 640 
0 87 115 255 358 375 383 640 
0 87 115 255 358 374 383 640 
0 87 115 254 358 373 383 640 
0 86 116 254 359 373 382 640 
0 86 116 253 359 372 380 640 
0 86 116 253 360 372 380 640 
0 85 115 253 361 372 379 640 
0 85 114 253 361 371 377 640 
0 85 113 253 361 371 376 640 
0 86 113 253 361 371 375 640 
0 88 113 254 362 371 375 640 
0 88 114 254 327 329 362 372 374 640 
0 88 114 254 328 330 363 640 
0 87 114 254 328 331 364 640 
0 87 114 254 328 332 365 640 
0 86 114 254 328 333 366 640 
0 86 115 254 328 334 366 640 
0 85 115 253 328 334 367 640 
0 84 115 254 328 334 368 640 
0 84 115 254 328 334 369 640 
0 83 116 255 328 334 370 640 
0 82 116 255 328 335 371 640 
0 81 116 255 328 335 372 640 
0 81 116 254 327 335 373 640 
0 80 116 254 327 335 374 640 
0 80 116 253 327 335 347 349 375 640 
0 80 116 253 275 276 327 335 346 350 376 640 
0 79 116 253 274 277 327 336 346 352 377 640 
0 78 85 89 116 253 272 276 327 336 346 353 378 640 
0 77 85 89 116 253 270 276 327 336 347 354 379 640 
0 77 84 90 116 252 269 275 326 337 347 356 380 550 551 640 
0 76 84 90 117 252 269 275 326 337 347 357 380 402 413 640 
0 75 84 90 117 252 268 275 326 337 347 358 381 400 416 640 
0 74 85 90 117 251 268 274 326 338 347 359 382 400 417 640 
0 73 85 90 118 251 267 274 326 338 347 360 383 400 414 640 
0 73 86 89 118 250 267 274 326 338 347 361 383 401 411 640 
0 72 119 249 267 274 326 339 347 362 384 640 
0 72 120 248 266 273 325 339 347 363 385 640 
0 72 122 248 266 273 325 340 347 364 386 640 
0 71 122 247 266 272 325 340 347 365 387 640 
0 71 123 246 265 272 325 341 347 366 387 640 
0 69 124 246 265 272 325 341 347 367 388 640 
0 67 124 245 264 271 325 342 347 368 389 640 
0 66 125 187 189 245 264 270 325 342 347 369 390 640 
0 66 126 186 191 244 263 270 325 342 347 370 390 640 
0 66 127 185 193 244 263 270 324 343 347 371 391 640 
0 66 128 184 195 243 262 269 324 343 347 372 392 640 
0 67 129 184 197 243 262 268 324 344 347 373 393 640 
0 67 130 184 199 242 261 268 324 344 347 375 393 640 
0 67 130 185 201 242 260 267 324 345 347 375 394 640 
0 68 131 186 203 241 259 267 325 345 347 376 395 640 
0 69 131 188 205 241 259 266 325 346 347 377 396 640 
0 71 130 191 207 240 258 265 325 378 397 640 
0 74 128 192 209 239 257 266 325 377 398 640 
0 76 127 195 212 239 256 268 323 374 380 381 399 640 
0 77 126 197 214 238 255 271 273 275 322 369 381 382 399 640 
0 78 125 199 216 238 255 275 321 365 381 383 400 640 
0 78 124 201 219 238 254 275 321 361 381 384 402 640 
0 79 117 203 221 237 253 275 321 357 381 385 404 640 
0 78 116 206 223 236 252 274 320 354 381 386 405 640 
0 78 115 208 226 236 252 274 320 349 382 388 406 640 
0 78 115 210 228 235 251 274 320 345 382 388 407 640 
0 78 116 212 231 235 251 273 320 341 382 389 408 640 
0 78 116 214 251 272 320 338 383 390 409 640 
0 78 116 217 251 271 321 334 383 391 410 640 
0 77 116 219 251 270 321 329 383 392 411 640 
0 77 116 221 251 270 321 325 383 393 412 640 
0 77 116 223 250 271 382 394 413 640 
0 76 116 226 251 271 379 395 414 640 
0 76 116 228 252 270 375 397 415 640 
0 76 116 230 254 269 370 397 415 640 
0 76 116 230 257 268 367 397 416 640 
0 76 116 229 260 267 362 396 417 423 425 640 
0 76 116 228 262 267 357 396 417 422 425 640 
0 77 116 227 264 266 352 401 417 420 426 640 
0 78 116 226 348 401 417 419 426 640 
0 83 116 225 345 401 427 640 
0 84 116 224 340 400 427 640 
0 84 116 223 335 399 426 640 
0 84 116 222 247 249 331 400 426 640 
0 83 116 221 246 251 329 401 425 640 
0 83 116 220 236 238 245 253 329 403 412 414 425 640 
0 83 116 219 236 239 244 253 330 404 412 413 424 640 
0 83 116 219 236 241 242 250 330 405 410 412 425 640 
0 83 116 190 195 218 236 245 331 406 409 412 425 640 
0 83 117 189 196 217 236 241 331 412 427 640 
0 83 117 189 197 217 237 238 332 411 428 640 
0 83 117 188 198 216 332 411 419 422 429 640 
0 83 117 189 198 215 333 412 418 423 430 640 
0 83 117 189 198 215 333 412 417 424 431 640 
0 83 117 189 198 214 334 414 415 426 432 640 
0 82 117 193 197 209 334 427 433 640 
0 82 117 202 335 428 434 640 
0 82 117 185 186 199 335 429 436 640 
0 82 117 184 187 191 336 430 437 640 
0 82 117 182 336 431 438 640 
0 82 117 174 255 258 337 433 439 640 
0 82 117 166 250 258 337 434 440 640 
0 82 117 157 245 257 338 435 441 640 
0 82 117 152 239 257 338 436 442 640 
0 81 117 152 233 257 339 437 444 640 
0 81 117 152 229 257 340 438 445 640 
0 81 117 152 226 257 342 439 446 640 
0 81 117 153 225 256 343 441 447 640 
0 81 118 154 212 213 225 256 346 442 448 640 
0 80 118 155 199 208 212 214 225 256 349 443 449 640 
0 80 118 156 192 208 211 214 226 256 352 444 450 640 
0 80 118 158 184 208 211 214 227 255 355 445 451 640 
0 80 118 160 175 177 179 208 210 214 223 224 228 255 358 446 453 640 
0 79 119 177 178 215 218 219 223 225 229 255 361 447 454 640 
0 79 119 177 178 215 218 220 223 255 364 449 455 640 
0 79 119 216 218 220 224 254 367 450 456 640 
0 79 119 217 219 222 223 254 370 451 457 640 
0 78 119 254 373 452 458 640 
0 78 100 102 120 177 178 254 376 453 460 640 
0 77 99 103 120 177 178 254 379 454 461 640 
0 77 98 103 109 112 120 177 178 253 382 455 462 640 
0 76 98 103 108 113 121 253 386 457 463 640 
0 76 98 103 108 114 121 253 389 458 464 640 
0 75 98 102 108 114 121 253 392 459 465 640 
0 75 98 102 108 114 122 252 396 460 466 640 
0 75 98 102 108 115 122 252 400 461 467 640 
0 76 97 102 107 116 122 252 365 367 402 462 469 640 
0 77 96 102 107 119 120 252 367 370 405 463 470 640 
0 86 95 102 107 251 369 373 409 465 471 640 
0 87 94 101 106 251 371 376 413 466 472 640 
0 87 94 101 107 251 374 378 415 467 473 640 
0 87 94 100 107 250 378 382 416 468 474 640 
0 86 94 100 108 250 380 384 416 469 476 640 
0 86 94 101 109 250 416 470 477 640 
0 86 94 101 110 250 415 471 478 640 
0 86 93 101 110 250 413 472 479 640 
0 86 93 101 110 249 411 474 480 640 
0 86 94 101 111 249 410 475 481 640 
0 84 95 100 112 249 410 476 482 640 
0 78 96 98 114 249 409 477 484 640 
0 70 114 248 409 478 485 640 
0 61 108 248 409 479 486 640 
0 54 102 248 409 480 487 640 
0 43 44 47 96 248 408 482 488 640 
0 33 91 247 408 483 489 640 
0 30 85 247 408 484 490 640 
0 28 80 247 408 485 492 640 
0 25 74 247 407 486 493 640 
0 21 69 246 407 487 494 640 
0 19 62 246 407 488 495 640 
0 18 57 246 407 489 496 640 
0 19 46 246 407 491 498 640 
0 245 407 492 499 640 
0 245 406 493 500 640 
0 245 406 494 501 640 
0 245 406 495 502 640 
0 244 405 496 503 640 
0 244 405 497 504 640 
0 244 404 499 505 640 
0 244 403 500 507 640 
0 244 402 501 508 640 
0 243 400 502 509 640 
0 243 399 503 510 640 
0 243 398 504 511 640 
0 243 398 505 512 640 
0 243 398 507 513 640 
0 243 399 508 515 640 
0 243 398 509 516 640 
0 243 397 510 517 640 
0 243 396 511 518 640 
0 243 395 512 519 640 
0 243 394 513 520 640 
0 243 391 514 521 640 
0 243 389 516 523 640 
0 243 388 517 524 640 
0 243 386 518 525 640 
0 243 385 519 526 640 
0 243 385 520 527 640 
0 243 385 521 528 640 
0 243 384 522 529 640 
0 243 383 524 531 640 
0 243 382 525 532 640 
0 243 381 526 533 640 
0 243 380 527 534 640 
0 243 378 528 535 640 
0 243 376 529 536 640 
0 244 375 530 537 640 
0 244 372 531 539 640 
0 244 370 533 540 640 
0 244 369 534 541 640 
0 244 368 535 542 640 
0 245 366 536 543 640 
0 246 360 363 364 537 545 640 
0 247 358 538 545 640 
0 248 357 539 547 640 
0 249 356 541 548 640 
0 249 355 542 549 640 
0 249 353 543 550 640 
0 249 352 544 552 640 
0 249 350 545 552 640 
0 249 348 546 553 640 
0 249 346 547 555 640 
0 249 341 548 556 640 
0 248 341 550 557 640 
0 248 341 551 559 640 
0 248 341 552 559 640 
0 248 342 553 560 640 
0 247 317 319 342 554 561 640 
0 247 317 320 342 555 562 640 
0 247 317 321 343 556 564 640 
0 246 268 271 317 322 343 557 565 640 
0 246 267 273 315 322 343 559 566 640 
0 245 267 278 280 283 300 307 311 322 344 560 567 640 
0 245 266 292 299 323 344 561 568 640 
0 245 266 293 298 323 344 562 569 640 
0 245 266 323 345 563 570 640 
0 244 266 323 345 564 572 640 
0 244 265 324 346 565 573 640 
0 244 265 324 346 566 574 640 
0 244 265 324 346 568 575 640 
0 243 265 324 346 569 576 640 
0 243 265 324 346 570 578 640 
0 243 265 325 347 571 579 640 
0 243 264 325 347 572 580 640 
0 243 264 325 347 573 581 640 
0 242 264 325 347 574 582 640 
0 242 264 325 347 575 584 640 
0 242 264 325 348 577 585 640 
0 242 264 326 348 578 585 640 
0 242 263 326 348 579 586 640 
0 242 263 326 348 580 587 640 
0 242 263 326 348 582 589 640 
0 242 263 326 348 582 590 640 
0 242 263 327 348 583 591 640 
0 242 263 327 348 584 592 640 
0 242 263 327 348 586 593 640 
0 242 263 327 348 587 594 640 
0 242 263 327 348 588 595 640 
0 242 262 327 348 589 597 640 
0 242 262 328 348 590 598 640 
0 242 262 328 348 591 599 640 
0 242 262 328 348 592 600 640 
0 242 262 328 349 594 601 640 
0 242 262 328 349 595 602 640 
0 242 262 328 349 596 603 640 
0 242 261 329 349 597 604 640 
0 242 261 329 349 598 606 640 
0 242 261 329 349 599 606 640 
0 242 261 329 349 600 607 640 
0 242 261 329 349 602 608 640 
0 242 261 330 349 603 609 640 
0 242 261 330 349 604 610 640 
0 242 260 330 349 605 611 640 
0 242 260 330 349 606 613 640 
0 242 260 330 348 608 614 640 
0 242 260 330 349 609 615 640 
0 242 260 331 349 610 615 640 
0 242 260 331 349 611 616 640 
0 242 259 331 349 612 617 640 
0 241 259 332 349 614 618 640 
0 242 259 332 349 616 619 640 
0 242 259 332 349 617 619 640 
0 242 258 332 349 640 
0 242 258 332 349 640 
0 242 258 333 349 640 
0 242 258 333 349 640 
0 242 258 333 349 640 
0 242 258 333 349 640 
0 242 257 333 349 640 
0 242 257 333 349 640 
0 242 257 334 349 640 
0 242 257 334 349 640 
0 242 257 334 350 640 
0 242 256 335 350 640 
0 241 256 335 351 640 
0 240 257 335 351 640 
0 239 257 334 352 640 
0 239 258 333 352 640 
0 239 258 333 352 640 
0 238 258 333 353 640 
0 238 258 333 353 640 
0 238 258 333 353 640 
0 238 258 333 354 640 
0 237 258 333 354 640 
0 237 258 333 355 640 
0 237 258 333 355 640 
