235 243 257 331 332 350 376 384 
235 243 257 331 332 349 376 384 
235 243 257 349 375 384 
234 244 257 349 375 384 
234 244 257 349 375 384 
234 244 257 349 375 383 
234 244 257 348 374 383 
234 245 257 348 374 383 
234 245 257 348 373 383 
233 245 257 348 373 383 
202 207 233 245 257 348 372 383 
201 208 233 245 257 348 372 383 
201 210 233 245 256 347 372 382 
201 210 233 245 256 347 372 382 
163 166 201 211 233 246 256 347 371 382 
163 166 201 212 233 246 256 347 371 382 
162 168 201 212 233 246 256 347 371 382 
162 169 175 176 201 213 233 246 256 347 370 382 
162 170 175 176 201 214 233 246 256 346 370 382 
162 170 176 177 201 214 233 246 256 346 367 368 369 382 
162 170 176 177 201 215 233 247 256 346 351 355 364 381 
162 171 176 178 201 215 233 247 256 357 364 381 
162 171 177 178 202 216 232 247 256 358 363 381 449 450 
162 172 177 178 202 217 232 247 256 359 362 381 448 451 
162 172 177 179 202 217 232 247 256 359 360 381 447 450 
162 172 177 179 202 218 232 247 256 380 447 450 
162 173 177 180 202 218 232 247 255 380 446 450 
162 174 178 180 202 219 232 247 255 380 445 450 
162 174 178 180 203 219 232 247 255 380 445 449 
162 175 178 181 203 220 232 248 255 380 444 449 
161 175 179 181 203 220 232 248 255 380 443 449 
162 174 179 181 190 191 203 221 232 248 255 380 442 448 
161 175 179 182 189 192 203 221 232 248 255 380 441 448 
162 176 179 182 189 192 204 222 232 248 255 379 441 448 
162 176 179 182 189 193 204 222 232 248 255 379 440 447 
162 176 180 183 189 193 204 223 232 248 255 379 399 401 440 447 
162 177 180 183 189 194 205 223 232 248 255 379 398 401 404 406 439 446 
162 177 180 183 189 194 205 224 233 249 255 379 398 401 403 408 439 446 
162 177 181 184 189 195 205 224 232 249 255 379 398 408 438 445 
163 178 181 184 189 195 205 225 232 249 255 378 397 408 438 445 
163 178 181 184 189 195 205 225 227 229 232 249 255 378 397 409 437 444 
163 178 181 185 189 196 205 231 232 249 254 378 396 409 436 444 
163 179 182 185 190 196 206 250 254 378 396 409 436 443 
163 179 182 185 190 196 206 250 254 378 396 409 435 443 
164 179 182 186 190 197 206 250 254 377 395 409 435 443 
164 179 182 186 190 197 206 250 254 377 395 409 434 442 
164 180 183 186 190 197 206 251 254 377 395 409 434 442 
165 180 183 187 190 197 207 251 254 377 394 409 433 441 
165 180 183 187 190 198 207 251 254 377 394 409 433 441 
165 181 183 187 191 198 207 252 254 377 394 409 432 440 
165 181 184 187 191 198 207 252 254 377 394 408 432 440 
165 182 184 188 191 199 207 376 393 408 413 415 431 439 
166 182 184 188 191 199 208 376 393 408 412 415 431 439 
166 182 185 188 191 199 208 376 393 408 411 415 430 439 
166 183 185 189 191 199 208 375 392 408 410 415 429 438 
166 183 185 189 191 200 208 375 392 408 410 415 429 438 
166 184 185 189 192 200 208 375 392 407 409 415 428 437 
167 184 186 190 192 200 208 375 391 407 408 415 428 437 
152 153 167 184 186 190 192 201 209 375 391 415 427 436 
152 153 167 185 186 190 192 201 209 374 390 415 427 436 
152 154 167 185 187 191 192 201 209 374 390 415 426 435 
152 155 167 185 187 191 192 201 209 374 390 415 425 435 
153 156 168 186 187 191 192 202 209 374 389 414 425 434 
153 156 168 202 210 373 389 414 424 434 
153 158 168 202 210 373 388 414 424 433 
154 159 168 203 210 373 388 414 423 433 
154 160 168 203 210 373 388 414 422 432 
155 160 168 203 210 374 387 414 422 432 
155 161 169 203 210 374 387 414 421 432 
152 153 155 162 169 204 211 374 386 414 421 431 
152 154 156 163 167 204 211 375 386 414 420 430 
152 155 156 164 167 204 211 375 385 414 419 430 
153 165 167 204 211 376 385 414 418 430 
153 166 167 205 211 377 381 382 385 415 417 429 
154 166 167 205 211 377 380 382 384 429 
154 205 211 382 383 428 435 436 
154 205 211 428 435 436 
155 206 212 427 434 435 
155 206 212 427 434 435 
156 206 212 427 
156 207 212 427 
156 207 212 426 
157 207 212 426 
157 207 212 426 
157 208 211 425 
158 208 211 425 
158 208 211 425 430 431 
158 209 211 425 
159 209 211 425 429 430 470 474 
113 116 124 127 159 425 467 478 480 481 
107 108 110 116 117 120 124 133 160 425 463 482 
104 107 108 136 160 424 461 484 
105 142 160 424 459 485 
101 146 160 424 427 428 458 486 
99 150 160 424 426 428 456 488 
95 96 98 156 160 423 426 427 454 491 
95 423 425 427 453 491 
94 422 425 427 451 493 
90 422 424 426 450 495 
87 90 91 422 423 426 448 495 
88 422 423 425 447 498 
84 425 446 498 
82 424 444 500 
83 424 443 501 
79 424 441 502 
77 423 439 503 
73 74 76 423 438 506 
73 422 435 506 
43 44 64 69 71 422 433 509 
23 24 43 44 48 49 57 58 65 422 429 510 
21 58 59 424 427 511 
15 514 
16 519 
12 522 536 551 
8 524 534 556 
6 557 558 560 
1 561 
0 567 
0 568 
0 569 628 631 
0 572 615 624 
0 576 608 628 635 636 
0 581 603 633 638 640 
0 585 595 636 
0 586 595 638 
0 640 
0 640 
0 640 
0 640 
0 640 
0 640 
0 640 
0 640 
0 640 
0 640 
0 640 
0 640 
0 640 
0 640 
0 640 
0 640 
0 640 
0 640 
0 640 
0 640 
0 640 
0 640 
0 640 
0 640 
0 640 
0 640 
0 640 
0 640 
0 640 
0 640 
0 640 
0 640 
0 640 
0 640 
0 640 
0 640 
0 640 
0 640 
0 640 
0 640 
0 640 
0 640 
0 640 
0 640 
0 640 
0 640 
0 640 
0 640 
0 343 345 640 
0 343 346 640 
0 342 346 640 
0 342 346 640 
0 342 345 640 
0 640 
0 640 
0 640 
0 640 
0 640 
0 640 
0 640 
0 640 
0 640 
0 640 
0 640 
0 640 
0 640 
0 640 
0 640 
0 640 
0 640 
0 640 
0 640 
0 640 
0 640 
0 640 
0 640 
0 640 
0 640 
0 298 300 640 
0 297 301 640 
0 297 301 640 
0 297 300 640 
0 298 300 640 
0 298 299 640 
0 640 
0 640 
0 640 
0 640 
0 640 
0 640 
0 640 
0 640 
0 640 
0 640 
0 640 
0 640 
0 640 
0 325 328 640 
0 325 328 343 346 640 
0 325 328 343 346 640 
0 326 328 343 345 640 
0 343 345 640 
0 325 328 640 
0 324 328 640 
0 305 307 324 328 640 
0 304 308 325 327 640 
0 304 308 640 
0 305 307 640 
0 278 280 305 307 318 320 640 
0 277 281 318 321 640 
0 277 281 318 321 640 
0 277 281 318 320 640 
0 278 280 640 
0 640 
0 640 
0 264 267 640 
0 265 268 640 
0 265 268 640 
0 266 268 288 289 640 
0 287 290 640 
0 276 277 287 290 640 
0 275 277 287 290 640 
0 276 277 287 289 640 
0 276 277 640 
0 640 
0 258 261 640 
0 258 261 640 
0 258 261 640 
0 259 261 640 
0 640 
0 640 
0 314 315 640 
0 287 288 309 311 313 316 326 328 640 
0 286 289 304 305 308 311 313 316 325 328 640 
0 286 290 303 306 308 311 313 315 325 328 640 
0 287 290 303 306 309 310 326 327 640 
0 304 305 640 
0 273 274 640 
0 273 275 640 
0 273 276 325 326 640 
0 274 276 324 327 640 
0 323 327 640 
0 304 306 323 327 640 
0 282 283 303 307 324 326 331 333 640 
0 282 284 303 307 330 333 640 
0 283 284 299 301 304 307 330 333 640 
0 283 284 298 302 331 333 640 
0 298 302 640 
0 298 302 325 326 640 
0 299 302 324 327 640 
0 324 327 640 
0 324 327 640 
0 325 326 640 
0 640 
0 640 
0 640 
0 640 
0 282 283 640 
0 281 284 640 
0 280 285 640 
0 280 285 336 337 341 342 640 
0 281 284 335 338 340 342 640 
0 335 339 340 342 640 
0 335 338 340 342 640 
0 640 
0 640 
0 640 
0 640 
0 640 
0 268 269 640 
0 267 270 313 315 640 
0 267 270 312 316 325 328 640 
0 268 270 312 315 325 328 640 
0 269 270 313 315 325 328 640 
0 325 327 640 
0 640 
0 640 
0 640 
0 273 274 640 
0 272 276 640 
0 272 276 640 
0 273 275 640 
0 640 
0 323 324 640 
0 322 325 640 
0 311 312 321 325 640 
0 310 313 321 324 640 
0 310 312 321 324 640 
0 310 312 322 323 640 
0 640 
0 640 
0 329 330 640 
0 328 331 640 
0 321 323 328 331 640 
0 320 323 328 331 335 338 640 
0 319 323 327 331 335 338 640 
0 320 322 327 331 335 337 640 
0 297 298 326 330 335 336 640 
0 287 289 292 293 295 299 313 315 321 322 326 330 640 
0 286 288 290 300 313 315 321 323 325 329 640 
0 285 288 290 295 296 300 307 309 312 316 320 324 325 329 640 
0 291 294 306 310 313 315 320 328 640 
0 302 303 305 311 320 327 640 
0 301 310 321 327 640 
0 300 305 306 309 322 323 640 
0 301 304 640 
0 296 297 302 303 640 
0 295 299 303 305 640 
0 296 300 303 306 320 323 640 
0 297 299 302 307 320 324 640 
0 303 306 311 314 320 325 640 
0 304 305 310 315 321 324 640 
0 295 298 311 314 640 
0 295 298 640 
0 294 298 640 
0 294 298 640 
0 294 297 640 
0 286 287 293 297 302 304 640 
0 285 288 293 298 301 304 640 
0 285 290 294 297 302 303 324 325 640 
0 286 291 323 326 640 
0 288 291 323 327 640 
0 289 291 296 298 324 326 640 
0 295 298 640 
0 295 298 640 
0 294 298 640 
0 294 298 640 
0 294 298 328 329 640 
0 295 298 327 330 640 
0 296 298 326 330 640 
0 326 330 640 
0 640 
0 640 
0 640 
0 640 
0 640 
0 640 
0 640 
0 640 
0 640 
0 640 
0 640 
0 640 
0 640 
0 640 
0 640 
0 640 
0 640 
0 640 
0 640 
0 640 
0 640 
0 640 
0 640 
0 640 
0 640 
0 640 
0 640 
0 640 
0 640 
0 640 
0 640 
0 640 
0 640 
0 640 
0 640 
0 640 
0 640 
0 640 
0 640 
0 640 
0 640 
0 640 
0 640 
0 640 
0 640 
0 640 
0 640 
0 640 
0 640 
0 640 
0 640 
0 640 
0 640 
0 640 
0 640 
0 640 
0 640 
0 640 
0 640 
0 640 
0 640 
0 640 
0 640 
0 640 
0 640 
0 640 
0 640 
0 640 
0 640 
0 640 
0 640 
0 640 
0 640 
0 640 
0 640 
0 640 
0 640 
0 640 
0 640 
0 640 
0 640 
0 290 292 640 
0 288 293 640 
0 286 294 640 
0 285 295 301 305 640 
0 285 295 299 306 640 
0 284 295 299 306 640 
0 283 295 297 307 640 
0 282 295 296 307 640 
0 282 307 640 
0 281 307 640 
0 280 307 640 
0 280 307 640 
0 279 306 640 
0 279 306 640 
0 278 305 640 
0 278 305 640 
0 277 304 640 
0 276 303 640 
0 276 303 640 
0 275 302 640 
0 275 302 640 
0 274 301 640 
0 273 301 640 
0 273 301 640 
0 272 301 640 
0 271 301 640 
0 271 300 640 
0 270 300 640 
0 270 299 640 
0 270 298 640 
0 269 297 640 
0 268 297 640 
0 268 296 640 
0 267 296 640 
0 267 296 640 
0 267 296 640 
0 267 296 640 
0 267 297 640 
0 266 297 640 
0 266 298 640 
0 267 298 640 
0 268 298 640 
0 268 298 640 
