0 640 
0 640 
0 640 
0 640 
0 640 
0 640 
0 640 
0 640 
0 640 
0 640 
0 640 
0 640 
0 640 
0 640 
0 640 
0 640 
0 640 
0 640 
0 640 
0 640 
0 640 
0 640 
0 640 
0 640 
0 640 
0 640 
0 640 
0 640 
0 640 
0 640 
0 640 
0 640 
0 640 
0 640 
0 640 
0 640 
0 640 
0 640 
0 640 
0 640 
0 640 
0 640 
0 640 
0 640 
0 640 
0 640 
0 640 
0 640 
0 640 
0 640 
0 640 
0 640 
0 640 
0 640 
0 640 
0 640 
0 640 
0 640 
0 640 
0 640 
0 640 
0 640 
0 640 
0 640 
0 640 
0 640 
0 640 
0 640 
0 640 
0 640 
0 640 
0 640 
0 640 
0 640 
0 640 
0 640 
0 640 
0 640 
0 640 
0 640 
0 640 
0 640 
0 640 
0 640 
0 640 
0 640 
0 640 
0 640 
0 640 
0 640 
0 640 
0 640 
0 640 
0 640 
0 640 
0 303 306 640 
0 302 306 640 
0 302 306 640 
0 301 316 640 
0 301 316 640 
0 301 316 640 
0 301 315 640 
0 301 315 640 
0 300 314 640 
0 300 313 332 345 640 
0 300 312 330 349 640 
0 292 294 300 312 329 352 640 
0 291 295 301 311 327 354 640 
0 291 297 301 311 326 356 640 
0 291 299 302 311 325 357 640 
0 291 301 303 310 323 359 640 
0 290 302 304 311 322 360 640 
0 291 311 321 361 640 
0 292 316 319 362 640 
0 293 363 640 
0 294 364 640 
0 294 365 640 
0 295 367 640 
0 296 368 640 
0 296 354 357 369 640 
0 298 352 360 371 640 
0 299 352 362 372 640 
0 300 352 364 373 640 
0 301 351 365 375 640 
0 303 351 367 376 640 
0 304 351 369 377 640 
0 305 351 640 
0 306 350 640 
0 307 350 640 
0 309 350 640 
0 310 351 640 
0 310 353 640 
0 310 356 640 
0 311 359 640 
0 312 314 315 361 640 
0 316 363 640 
0 316 365 640 
0 316 366 640 
0 315 367 640 
0 315 368 640 
0 315 369 640 
0 315 370 640 
0 313 370 640 
0 310 371 640 
0 309 372 640 
0 307 373 640 
0 306 373 640 
0 305 322 326 374 640 
0 305 320 326 376 640 
0 305 320 326 379 640 
0 305 320 327 381 640 
0 305 320 327 382 640 
0 306 319 328 382 640 
0 306 320 328 385 640 
0 307 320 328 386 640 
0 308 321 327 386 640 
0 310 321 327 388 640 
0 313 322 327 384 386 389 640 
0 315 322 326 385 387 390 640 
0 316 323 325 386 640 
0 317 322 324 387 640 
0 317 388 640 
0 317 383 384 388 640 
0 318 371 372 386 387 389 640 
0 318 371 374 385 388 390 640 
0 318 372 378 381 383 384 640 
0 318 361 365 370 380 381 640 
0 318 355 357 361 367 370 640 
0 318 355 358 362 374 379 640 
0 318 355 360 361 371 380 640 
0 319 355 369 380 640 
0 319 355 368 380 640 
0 319 356 367 381 640 
0 319 356 367 381 640 
0 319 356 365 381 640 
0 319 357 364 381 640 
0 319 357 364 381 640 
0 320 357 363 381 640 
0 320 358 363 381 640 
0 321 358 362 381 640 
0 321 381 640 
0 321 330 331 381 640 
0 321 329 332 381 640 
0 321 329 332 381 640 
0 320 328 333 381 640 
0 320 328 334 381 640 
0 319 328 334 381 640 
0 319 327 335 381 640 
0 318 327 335 383 640 
0 318 326 336 395 640 
0 317 326 337 415 640 
0 316 326 337 415 640 
0 316 325 338 415 640 
0 315 325 338 400 402 415 640 
0 315 324 338 399 408 416 640 
0 314 323 338 379 383 401 640 
0 314 323 337 378 387 404 640 
0 314 322 337 377 391 406 640 
0 313 321 336 378 394 409 640 
0 313 321 335 380 397 411 441 449 451 458 640 
0 312 320 334 384 400 413 435 464 640 
0 312 319 333 386 400 412 431 467 469 471 640 
0 311 318 332 411 425 471 640 
0 310 318 331 411 419 470 640 
0 310 317 330 411 413 470 640 
0 194 207 309 317 329 406 407 474 640 
0 193 215 308 316 328 474 640 
0 193 224 307 316 327 473 640 
0 193 232 306 315 326 474 640 
0 194 243 305 315 324 474 640 
0 194 255 304 315 323 475 640 
0 195 261 303 315 322 475 640 
0 196 272 302 314 321 476 640 
0 196 291 301 314 320 479 640 
0 198 314 319 479 640 
0 199 479 640 
0 205 479 640 
0 215 481 483 486 640 
0 217 482 484 486 640 
0 218 482 484 488 640 
0 218 249 253 489 640 
0 218 228 232 250 266 490 640 
0 219 227 236 256 286 490 640 
0 219 222 225 227 241 263 302 490 640 
0 220 222 244 270 304 308 309 490 640 
0 247 276 312 490 640 
0 252 276 314 490 640 
0 258 276 314 378 383 490 640 
0 265 276 314 372 384 490 640 
0 270 276 313 372 386 491 640 
0 313 372 387 491 640 
0 313 373 389 491 640 
0 314 373 391 488 640 
0 315 340 347 373 392 488 640 
0 316 335 348 373 394 489 640 
0 317 328 354 374 396 487 640 
0 355 374 398 487 640 
0 355 374 401 487 640 
0 355 375 404 482 485 490 640 
0 354 375 407 483 485 487 490 491 640 
0 354 375 412 486 640 
0 354 376 418 477 480 487 640 
0 355 376 426 477 482 488 640 
0 355 376 434 478 484 488 640 
0 355 364 365 376 437 473 475 478 486 487 640 
0 355 363 365 376 442 469 471 475 640 
0 355 364 366 376 447 475 640 
0 355 364 366 376 449 472 473 474 640 
0 355 363 366 376 451 452 456 470 640 
0 355 363 367 376 458 468 640 
0 355 363 368 375 460 468 640 
0 356 362 369 374 461 465 640 
0 356 362 463 465 640 
0 357 361 640 
0 358 360 640 
0 640 
0 640 
0 640 
0 640 
0 640 
0 640 
0 640 
0 640 
0 640 
0 640 
0 640 
0 640 
0 640 
0 640 
0 640 
0 640 
0 640 
0 640 
0 640 
0 640 
0 640 
0 640 
0 640 
0 640 
0 640 
0 640 
0 640 
0 640 
0 640 
0 640 
0 640 
0 640 
0 640 
0 640 
0 640 
0 640 
0 640 
0 640 
0 640 
0 640 
0 640 
0 640 
0 640 
0 640 
0 640 
0 640 
0 640 
0 640 
0 640 
0 640 
0 640 
0 640 
0 640 
0 640 
0 640 
0 640 
0 640 
0 640 
0 640 
0 640 
0 640 
0 640 
0 640 
0 640 
0 640 
0 640 
0 640 
0 640 
0 640 
0 640 
0 640 
0 640 
0 640 
0 640 
0 640 
0 640 
0 640 
0 640 
0 640 
0 640 
0 640 
0 640 
0 640 
0 640 
0 640 
0 640 
0 640 
0 640 
0 640 
0 640 
0 640 
0 640 
0 640 
0 640 
0 640 
0 640 
0 640 
0 640 
0 640 
0 640 
0 640 
0 640 
0 640 
0 640 
0 640 
0 640 
0 640 
0 640 
0 640 
0 640 
0 640 
0 640 
0 640 
0 640 
0 640 
0 640 
0 640 
0 640 
0 640 
0 640 
0 640 
0 640 
0 640 
0 640 
0 640 
0 640 
0 640 
0 640 
0 640 
0 640 
0 640 
0 640 
0 640 
0 640 
0 640 
0 640 
0 640 
0 640 
0 640 
0 640 
0 640 
0 640 
0 640 
0 640 
0 640 
0 640 
0 640 
0 640 
0 640 
0 640 
0 640 
0 640 
0 640 
0 640 
0 640 
0 640 
0 640 
0 640 
0 640 
0 640 
0 640 
0 640 
0 640 
0 640 
0 640 
0 640 
0 640 
0 640 
0 640 
0 640 
0 640 
0 640 
0 640 
0 640 
0 640 
0 640 
0 640 
0 640 
0 640 
0 640 
0 640 
0 640 
0 640 
0 640 
0 640 
0 640 
0 640 
0 640 
0 640 
0 640 
0 640 
0 640 
0 640 
0 640 
0 640 
0 640 
0 640 
0 640 
0 640 
0 640 
0 640 
0 640 
0 640 
0 640 
0 640 
0 640 
0 640 
0 640 
0 640 
0 640 
0 640 
0 640 
0 640 
0 640 
0 640 
0 640 
0 640 
0 640 
0 640 
0 640 
0 640 
0 640 
0 640 
0 640 
0 640 
