0 252 417 552 
0 252 417 552 
0 252 417 551 
0 252 417 551 
0 252 417 550 
0 252 417 550 
0 253 416 550 
0 253 416 549 
0 253 416 549 
0 253 416 548 
0 253 416 548 
0 253 415 547 
0 253 415 547 
0 253 415 546 
0 254 415 546 
0 254 415 545 
0 254 415 545 
0 254 414 545 
0 254 414 544 
0 255 414 544 
0 255 414 543 
0 255 413 543 
0 255 413 542 
0 256 413 542 
0 256 413 541 
0 256 412 541 
0 257 412 540 
0 257 412 540 
0 257 412 539 
0 258 412 539 
0 258 411 539 
0 258 411 538 
0 258 411 538 
0 259 411 537 
0 259 410 537 
0 259 410 536 
0 260 410 536 
0 260 410 535 
0 261 410 535 
0 261 409 534 
0 262 409 534 
0 262 409 533 
0 263 408 533 
0 263 408 532 
0 264 408 532 
0 264 408 531 
0 265 408 530 
0 265 407 530 
0 266 407 530 
0 267 407 529 
0 267 407 529 
0 268 407 529 
0 269 406 528 
0 270 406 528 
0 271 406 527 
0 273 406 527 
0 274 406 526 
0 275 405 526 
0 277 405 525 
0 279 304 305 405 525 
0 281 299 305 405 524 
0 305 404 524 
0 305 404 523 
0 305 404 523 
0 305 404 522 
0 304 403 522 
0 304 403 521 
0 304 403 521 
0 304 403 520 
0 304 402 520 
0 303 402 519 
0 303 402 519 
0 303 402 518 
0 303 402 518 
0 303 401 517 
0 302 401 517 
0 302 401 516 
0 302 401 515 
0 301 401 515 
0 300 400 515 
0 299 400 514 
0 298 400 514 
0 298 400 513 
0 297 399 513 
0 296 399 512 
0 296 399 511 
0 295 399 511 
0 295 398 510 
0 294 398 510 
0 293 398 509 
0 293 398 509 
0 292 397 508 
0 291 397 508 
0 291 397 507 
0 290 397 507 
0 290 397 506 
0 290 396 506 638 640 
0 289 396 505 638 640 
0 288 396 504 638 640 
0 288 396 504 637 640 
0 287 396 503 636 640 
0 287 395 503 636 640 
0 286 395 502 635 640 
0 286 395 502 635 640 
0 285 395 501 634 640 
0 284 394 501 634 640 
0 284 394 500 633 640 
0 283 394 499 633 640 
0 283 393 499 632 640 
0 282 393 498 631 640 
0 282 393 498 631 640 
0 281 393 497 630 640 
0 280 392 497 630 640 
0 280 392 496 629 640 
0 279 392 495 629 640 
0 279 392 495 628 640 
0 278 392 494 627 640 
0 278 391 494 627 640 
0 277 391 493 626 640 
0 276 391 492 626 640 
0 275 391 492 625 640 
0 275 390 491 625 640 
0 274 390 490 624 640 
0 274 390 490 624 640 
0 273 389 489 623 640 
0 273 389 489 623 640 
0 272 389 488 622 640 
0 271 388 487 621 640 
0 271 388 487 621 640 
0 270 388 486 620 640 
0 270 387 485 620 640 
0 269 387 485 619 640 
0 269 386 484 619 640 
0 268 386 483 618 640 
0 268 385 483 618 640 
0 267 385 482 617 640 
0 266 384 481 617 640 
0 266 384 481 616 640 
0 265 383 480 616 640 
0 265 382 479 615 640 
0 264 382 478 615 640 
0 263 381 478 614 640 
0 263 380 477 614 640 
0 262 379 476 613 640 
0 262 379 475 613 640 
0 261 378 475 612 640 
0 260 377 474 611 640 
0 260 377 473 611 640 
0 259 376 472 610 640 
0 259 375 472 610 640 
0 258 375 471 610 640 
0 257 374 470 609 640 
0 257 373 469 609 640 
0 256 373 469 608 640 
0 255 372 468 608 640 
0 255 371 467 607 640 
0 254 370 466 607 640 
0 254 370 465 606 640 
0 253 369 465 606 640 
0 252 368 464 605 640 
0 252 368 463 605 640 
0 251 367 462 604 640 
0 251 366 461 604 640 
0 250 366 460 603 640 
0 250 365 460 603 640 
0 249 364 459 602 640 
0 248 364 458 602 640 
0 247 363 457 602 640 
0 247 362 457 601 640 
0 246 362 456 601 640 
0 245 361 455 600 640 
0 245 360 454 600 640 
0 244 360 453 599 640 
0 244 359 453 599 640 
0 243 358 452 599 640 
0 242 358 451 598 640 
0 241 357 450 598 640 
0 241 356 449 597 640 
0 240 356 449 597 640 
0 240 355 448 597 640 
0 239 354 448 596 640 
0 238 354 446 596 640 
0 237 353 446 595 640 
0 237 352 445 595 640 
0 236 352 444 595 640 
0 235 351 443 594 640 
0 235 350 442 594 640 
0 234 350 442 593 640 
0 233 349 441 593 640 
0 233 348 440 593 640 
0 232 348 439 592 640 
0 231 347 439 592 640 
0 230 347 438 591 640 
0 230 346 438 591 640 
0 229 345 437 591 640 
0 228 345 436 591 640 
0 227 344 436 590 640 
0 226 343 435 590 640 
0 226 343 434 590 640 
0 225 342 434 589 640 
0 224 341 433 589 640 
0 224 341 433 589 640 
0 223 340 432 588 640 
0 222 340 431 588 640 
0 221 339 431 588 640 
0 220 338 430 587 640 
0 220 338 430 587 640 
0 219 337 429 586 640 
0 218 336 428 586 640 
0 217 336 428 586 640 
0 216 335 427 586 640 
0 215 335 427 586 640 
0 214 334 426 585 640 
0 214 333 426 585 640 
0 213 333 425 585 640 
0 212 332 425 584 640 
0 211 332 424 584 640 
0 210 331 424 583 640 
0 210 330 423 583 640 
0 209 330 423 583 640 
0 208 329 424 583 640 
0 207 329 424 582 640 
0 206 328 425 582 640 
0 205 327 426 582 640 
0 204 327 427 582 640 
0 203 326 427 581 640 
0 202 326 429 581 640 
0 201 325 430 581 640 
0 200 325 431 581 640 
0 199 324 432 580 640 
0 198 324 434 580 640 
0 197 323 435 580 640 
0 196 322 436 579 640 
0 195 322 438 579 640 
0 194 321 439 579 640 
0 193 321 440 578 640 
0 192 320 441 578 640 
0 191 320 441 577 640 
0 190 319 441 577 640 
0 189 319 440 577 640 
0 188 318 439 576 640 
0 187 318 439 576 640 
0 186 317 438 575 640 
0 185 317 437 575 640 
0 185 316 436 575 640 
0 184 315 435 574 640 
0 183 315 433 574 640 
0 182 315 432 574 640 
0 181 315 431 574 640 
0 180 314 430 574 640 
0 179 313 429 573 640 
0 178 313 428 573 640 
0 177 312 427 573 640 
0 176 312 426 572 640 
0 175 311 425 572 640 
0 175 311 424 572 640 
0 174 310 423 571 640 
0 173 310 422 571 640 
0 172 310 422 570 640 
0 172 309 421 570 640 
0 171 309 420 570 640 
0 170 308 420 569 640 
0 169 308 419 569 640 
0 169 307 418 568 640 
0 168 307 417 568 640 
0 167 306 417 567 640 
0 166 306 416 567 640 
0 166 306 415 566 640 
0 165 305 415 566 640 
0 164 305 414 565 640 
0 164 305 413 565 640 
0 163 304 413 564 640 
0 163 304 412 564 640 
0 162 303 411 563 640 
0 161 303 411 563 640 
0 161 303 410 562 640 
0 160 302 409 562 640 
0 159 302 409 561 640 
0 159 301 408 560 640 
0 160 301 407 560 640 
0 161 301 406 559 640 
0 162 301 406 559 640 
0 163 300 405 558 640 
0 165 300 405 558 640 
0 166 299 404 557 640 
0 167 299 403 556 640 
0 168 299 403 556 640 
0 170 298 402 555 640 
0 171 298 401 554 640 
0 172 298 401 553 640 
0 174 297 400 537 541 551 640 
0 175 297 399 537 640 
0 177 297 399 537 640 
0 178 296 398 538 640 
0 178 296 398 538 640 
0 178 296 397 538 640 
0 177 295 396 538 640 
0 177 295 395 538 640 
0 176 295 395 538 640 
0 175 295 394 539 640 
0 175 294 393 539 640 
0 174 294 393 539 640 
0 174 294 392 539 640 
0 173 293 392 540 640 
0 173 293 391 540 640 
0 172 293 390 540 640 
0 171 292 389 540 640 
0 170 292 389 540 640 
0 170 292 388 540 640 
0 169 291 387 540 640 
0 169 291 387 540 640 
0 168 291 386 540 640 
0 168 290 385 540 640 
0 167 290 385 540 640 
0 166 289 384 540 640 
0 165 289 383 540 640 
0 165 288 383 540 640 
0 164 288 382 540 640 
0 163 288 382 414 417 540 640 
0 162 287 381 411 418 540 640 
0 162 287 380 410 419 540 640 
0 161 287 380 408 420 540 640 
0 160 286 379 406 420 540 640 
0 159 286 379 405 420 540 640 
0 159 285 379 403 421 540 640 
0 158 285 378 402 421 540 640 
0 158 285 378 401 421 540 640 
0 157 284 377 399 421 540 640 
0 157 284 377 398 422 540 640 
0 156 284 376 398 422 540 640 
0 155 283 376 397 422 540 640 
0 154 285 376 396 422 540 640 
0 138 148 150 152 153 298 375 395 422 540 640 
0 119 306 308 310 375 394 422 540 640 
0 101 322 328 331 332 334 375 394 422 540 640 
0 88 349 374 393 422 540 640 
0 76 357 374 393 422 539 640 
0 64 65 68 70 72 361 363 364 366 367 373 393 422 539 640 
0 55 56 57 370 372 394 423 539 640 
0 41 45 49 394 423 539 640 
0 31 396 422 539 640 
0 22 25 26 405 422 539 640 
0 13 17 18 408 422 539 640 
0 5 416 422 539 640 
0 2 420 421 539 640 
0 1 538 640 
0 1 538 640 
538 640 
538 640 
538 640 
538 640 
538 640 
538 640 
538 640 
537 640 
537 640 
537 640 
537 640 
537 640 
537 640 
536 640 
536 640 
536 640 
535 640 
535 640 
535 640 
535 640 
538 640 
542 640 
546 640 
551 640 
554 640 
556 640 
561 640 
565 640 
570 640 
574 640 
576 640 
580 640 
584 640 
586 640 
590 640 
592 640 
596 640 
599 640 
603 640 
606 640 
609 640 
612 640 
615 640 
619 640 
622 640 
264 280 625 640 
150 152 155 158 263 284 627 640 
122 124 148 158 262 300 304 313 630 640 
99 101 103 125 147 158 262 319 320 331 634 640 
85 125 146 158 262 343 637 640 
72 124 145 158 262 352 638 640 
61 65 69 124 145 158 262 356 360 361 639 640 
56 124 144 158 261 366 
38 124 144 157 261 382 
27 124 143 157 261 392 
18 124 143 157 261 399 
0 1 9 10 14 124 143 157 261 403 
0 2 4 124 142 157 260 408 
0 124 142 157 260 411 
0 124 142 157 260 411 
0 124 142 157 260 410 
0 124 143 156 259 410 
0 124 143 156 259 410 
0 124 143 155 236 238 259 409 
0 124 143 155 210 212 235 239 258 409 
0 124 143 155 182 183 209 212 235 239 258 408 436 437 
0 124 143 155 181 183 208 211 234 239 258 408 435 436 
0 124 143 155 180 183 207 212 234 239 258 407 435 436 
0 124 143 154 180 183 207 212 234 239 258 407 
0 124 142 154 179 183 207 212 233 239 258 406 
0 124 142 154 179 183 206 211 233 239 258 406 
0 124 142 154 178 183 206 211 233 239 257 405 
0 124 142 154 178 183 206 211 233 239 257 405 484 487 
0 124 141 153 177 183 205 211 232 239 257 404 483 499 
0 124 141 153 177 183 205 211 232 239 257 403 483 506 
0 125 140 153 177 183 205 211 232 239 257 403 482 509 
0 125 140 153 176 183 205 212 232 239 256 403 481 513 
0 125 139 153 176 183 205 211 231 239 256 402 481 517 
0 126 138 152 175 182 204 211 231 239 256 402 480 522 
0 126 136 152 175 182 204 210 231 239 255 401 479 526 
0 127 135 152 175 181 204 210 231 239 255 401 478 529 
0 129 133 152 174 181 204 209 230 239 255 400 477 531 
0 151 174 181 203 208 230 240 254 399 476 536 
0 151 174 180 203 208 230 240 254 399 475 540 
0 151 173 180 203 208 230 242 253 398 474 544 
0 151 173 179 203 208 229 244 251 398 473 549 
0 150 172 179 203 208 229 398 472 552 
0 150 172 179 203 209 229 397 471 556 
0 150 172 178 202 209 229 397 470 561 
0 150 171 178 202 209 228 396 469 564 
0 149 171 177 202 209 228 396 468 567 
0 149 171 178 202 209 228 395 467 570 
0 148 170 177 202 209 228 395 466 574 
0 148 170 178 202 209 228 395 465 577 
0 147 170 177 202 209 227 394 463 580 
0 147 169 178 201 210 227 394 445 452 453 458 461 584 
0 146 169 178 201 210 227 394 445 586 
0 145 169 178 201 210 226 393 444 589 
0 145 168 179 201 211 226 393 443 592 
0 144 168 179 201 211 226 393 443 597 
0 144 168 180 200 212 225 392 442 600 
0 144 168 180 200 213 224 392 442 602 
0 144 168 181 200 214 223 392 441 606 
0 144 167 182 200 216 222 392 413 414 440 610 
0 144 167 183 199 392 412 414 440 613 
0 145 167 184 198 392 411 414 438 616 
0 145 167 186 196 393 409 413 437 619 
0 146 167 189 195 393 408 413 435 621 
0 147 166 393 406 413 433 625 
0 148 166 394 404 413 431 627 
0 150 165 396 401 413 429 630 
0 153 164 415 427 633 
0 155 162 416 425 636 639 640 
0 640 
0 640 
0 640 
0 640 
0 640 
0 640 
0 640 
0 640 
0 640 
0 640 
0 640 
0 640 
0 640 
0 640 
0 640 
0 640 
0 640 
0 640 
0 640 
0 640 
