0 640 
0 640 
0 640 
0 640 
0 640 
0 640 
0 640 
0 640 
0 640 
0 640 
0 640 
0 640 
0 640 
0 640 
0 640 
0 640 
0 640 
0 640 
0 640 
0 640 
0 640 
0 640 
0 640 
0 640 
0 640 
0 640 
0 640 
0 640 
0 640 
0 640 
0 640 
0 640 
0 640 
0 640 
0 640 
0 640 
0 640 
0 640 
0 640 
0 640 
0 640 
0 640 
0 640 
0 640 
0 640 
0 640 
0 640 
0 640 
0 640 
0 640 
0 640 
0 640 
0 640 
0 640 
0 640 
0 640 
0 640 
0 640 
0 640 
0 640 
0 640 
0 640 
0 640 
0 640 
0 640 
0 640 
0 640 
0 640 
0 640 
0 640 
0 640 
0 640 
0 640 
0 640 
0 640 
0 640 
0 640 
0 640 
0 640 
0 640 
0 640 
0 640 
0 640 
0 640 
0 640 
0 640 
0 640 
0 640 
0 640 
0 640 
0 640 
0 640 
0 640 
0 640 
0 640 
0 640 
0 640 
0 640 
0 640 
0 640 
0 640 
0 640 
0 487 494 640 
0 485 497 640 
0 484 499 640 
0 483 501 640 
0 482 502 640 
0 481 504 640 
0 481 505 640 
0 481 506 640 
0 481 508 640 
0 481 509 640 
0 481 510 640 
0 459 461 482 511 640 
0 455 467 483 511 640 
0 452 470 484 512 640 
0 451 472 485 513 640 
0 450 474 487 513 640 
0 450 476 489 514 640 
0 451 478 491 515 640 
0 452 480 493 515 640 
0 453 482 495 515 640 
0 454 483 496 516 640 
0 455 485 498 516 640 
0 457 486 499 517 640 
0 458 487 500 517 640 
0 460 488 501 517 640 
0 461 490 502 517 640 
0 463 490 502 518 640 
0 464 491 503 518 640 
0 467 492 503 518 640 
0 469 493 504 519 640 
0 471 494 504 519 640 
0 473 495 505 519 640 
0 475 496 505 519 640 
0 477 496 505 520 640 
0 479 497 505 520 640 
0 481 497 506 520 640 
0 482 498 506 520 640 
0 484 499 506 520 640 
0 485 499 507 521 640 
0 486 500 507 521 640 
0 487 500 507 521 640 
0 488 501 508 521 640 
0 489 501 508 521 640 
0 490 502 508 521 640 
0 491 502 509 521 640 
0 491 503 509 522 640 
0 492 503 509 522 640 
0 493 503 509 522 640 
0 493 504 510 522 640 
0 494 505 510 522 640 
0 494 505 510 523 640 
0 495 506 510 523 640 
0 496 506 510 525 640 
0 496 528 640 
0 497 531 640 
0 497 533 640 
0 496 535 640 
0 494 536 640 
0 493 538 640 
0 491 540 640 
0 490 542 640 
0 489 544 640 
0 488 545 640 
0 488 547 640 
0 487 548 640 
0 487 548 640 
0 486 549 640 
0 486 550 640 
0 485 550 640 
0 485 551 640 
0 484 552 640 
0 484 552 640 
0 483 553 640 
0 483 553 640 
0 483 553 640 
0 482 554 640 
0 482 554 640 
0 481 554 640 
0 481 555 640 
0 480 555 640 
0 480 555 640 
0 480 556 640 
0 481 556 640 
0 481 556 640 
0 481 556 640 
0 481 556 640 
0 481 557 640 
0 480 557 640 
0 480 557 640 
0 480 557 640 
0 481 557 640 
0 481 557 640 
0 482 558 640 
0 483 558 640 
0 485 558 640 
0 487 558 640 
0 488 491 492 558 640 
0 489 558 640 
0 490 558 640 
0 492 558 640 
0 493 559 640 
0 493 559 640 
0 494 559 640 
0 494 559 640 
0 494 559 640 
0 494 559 640 
0 354 357 494 560 640 
0 354 358 494 560 640 
0 355 358 495 560 640 
0 355 358 495 560 640 
0 355 359 495 560 640 
0 356 360 495 560 640 
0 356 361 495 560 640 
0 357 362 495 560 640 
0 357 363 495 560 640 
0 357 364 495 560 640 
0 357 365 495 560 640 
0 356 367 382 421 495 560 640 
0 351 369 375 442 494 561 640 
0 332 336 340 370 374 450 492 561 640 
0 329 469 491 561 640 
0 330 561 640 
0 331 561 640 
0 345 561 640 
0 344 561 640 
0 343 561 640 
0 344 561 640 
0 344 561 640 
0 348 562 640 
0 348 562 640 
0 347 562 640 
0 348 562 640 
0 349 562 640 
0 350 562 640 
0 350 562 640 
0 350 563 640 
0 350 563 640 
0 351 368 370 563 640 
0 352 365 372 563 640 
0 373 564 640 
0 375 564 640 
0 428 565 640 
0 432 565 640 
0 440 565 640 
0 448 566 640 
0 459 566 640 
0 471 566 640 
0 488 567 640 
0 492 567 640 
0 492 567 640 
0 493 568 640 
0 493 568 640 
0 493 568 640 
0 493 569 640 
0 494 569 640 
0 494 569 640 
0 494 570 640 
0 494 570 640 
0 495 570 640 
0 495 571 640 
0 495 571 640 
0 495 571 640 
0 496 572 640 
0 496 572 640 
0 496 572 640 
0 496 572 640 
0 497 573 640 
0 497 574 640 
0 497 574 640 
0 497 575 640 
0 497 575 640 
0 497 576 640 
0 497 577 640 
0 497 577 640 
0 497 578 640 
0 497 578 640 
0 498 579 640 
0 498 579 640 
0 498 580 640 
0 498 581 640 
0 498 581 640 
0 498 581 640 
0 498 582 640 
0 498 582 640 
0 498 582 640 
0 498 582 640 
0 498 582 640 
0 498 582 640 
0 499 582 640 
0 499 582 640 
0 499 581 640 
0 499 581 640 
0 499 581 640 
0 499 580 640 
0 499 580 640 
0 499 580 640 
0 499 579 640 
0 498 578 640 
0 498 578 640 
0 498 578 640 
0 498 578 640 
0 497 578 640 
0 497 579 640 
0 497 579 640 
0 497 579 640 
0 497 580 640 
0 496 580 640 
0 496 580 640 
0 496 580 640 
0 496 581 640 
0 495 581 640 
0 495 581 640 
0 495 581 640 
0 495 581 640 
0 494 581 640 
0 494 582 640 
0 493 582 640 
0 493 582 640 
0 492 582 640 
0 492 582 640 
0 491 582 640 
0 491 583 640 
0 490 583 640 
0 489 583 640 
0 489 583 640 
0 488 583 640 
0 488 583 640 
0 487 583 640 
0 487 583 640 
0 486 583 640 
0 486 584 640 
0 485 584 640 
0 485 584 640 
0 485 584 640 
0 484 584 640 
0 484 584 640 
0 484 584 640 
0 484 585 640 
0 484 585 640 
0 483 585 640 
0 483 585 640 
0 483 585 640 
0 483 585 640 
0 483 585 640 
0 483 585 640 
0 483 585 640 
0 483 585 640 
0 483 585 640 
0 483 585 640 
0 483 585 640 
0 483 585 640 
0 483 585 640 
0 482 585 640 
0 482 586 640 
0 482 586 640 
0 482 586 640 
0 481 586 640 
0 481 586 640 
0 480 586 640 
0 480 585 640 
0 480 585 640 
0 479 585 640 
0 479 585 640 
0 478 585 640 
0 478 585 640 
0 477 585 640 
0 477 585 640 
0 476 585 640 
0 476 585 640 
0 475 585 640 
0 475 585 640 
0 474 585 640 
0 474 585 640 
0 473 585 640 
0 472 585 640 
0 472 585 640 
0 471 585 640 
0 470 585 640 
0 470 585 640 
0 469 585 640 
0 469 585 640 
0 468 585 640 
0 468 584 640 
0 467 584 640 
0 467 584 640 
0 467 584 640 
0 467 581 640 
0 468 581 640 
0 470 581 640 
0 472 476 478 581 640 
0 479 581 640 
0 483 581 640 
0 486 572 573 581 640 
0 487 571 574 581 640 
0 486 572 574 581 640 
0 486 522 525 572 574 581 640 
0 486 522 530 566 567 572 574 581 640 
0 485 521 530 566 568 572 574 577 578 581 640 
0 485 521 530 566 568 572 575 577 579 581 640 
0 485 520 530 566 568 572 575 577 580 581 640 
0 484 520 530 566 568 572 576 578 640 
0 484 520 530 566 568 572 576 578 640 
0 484 519 530 566 568 572 640 
0 483 518 530 564 565 566 640 
0 483 518 530 563 640 
0 482 518 530 564 640 
0 482 517 530 564 640 
0 482 517 530 564 640 
0 481 516 530 564 640 
0 481 516 530 564 640 
0 481 516 531 564 640 
0 480 515 531 564 640 
0 480 515 531 563 640 
0 479 514 531 563 640 
0 479 514 531 563 640 
0 479 513 531 563 640 
0 478 513 531 563 640 
0 478 512 531 562 640 
0 478 512 531 562 640 
0 477 511 531 562 640 
0 477 511 531 562 640 
0 477 511 531 562 640 
0 476 510 531 562 640 
0 476 510 531 562 640 
0 476 509 531 562 640 
0 475 509 531 561 640 
0 475 508 531 561 640 
0 475 508 531 561 640 
0 474 507 531 561 640 
0 474 507 531 561 640 
0 474 506 531 561 640 
0 473 506 531 560 640 
0 473 505 531 560 640 
0 473 505 531 560 640 
0 473 505 531 560 640 
0 472 504 531 560 640 
0 472 504 531 559 640 
0 472 503 531 559 640 
0 471 503 531 559 640 
0 471 502 531 559 640 
0 471 502 531 558 640 
0 470 502 531 558 640 
0 470 501 531 558 640 
0 470 501 531 558 640 
0 470 500 532 558 640 
0 470 500 532 558 640 
0 469 499 532 557 640 
0 469 499 532 557 640 
0 469 498 532 557 640 
0 468 498 532 557 640 
0 468 497 532 557 640 
0 468 497 532 557 640 
0 468 496 532 557 640 
0 467 496 533 557 640 
0 467 495 533 557 640 
0 467 495 533 557 640 
0 467 495 533 557 640 
0 466 494 533 557 640 
0 466 494 533 557 640 
0 465 493 533 557 640 
0 465 493 533 557 640 
0 465 492 533 557 640 
0 464 492 533 557 640 
0 464 491 533 557 640 
0 463 490 533 557 640 
0 463 490 533 557 640 
0 463 490 533 557 640 
0 462 489 533 557 640 
0 462 488 533 557 640 
0 461 488 533 557 640 
0 461 487 533 557 640 
0 461 487 533 557 640 
0 460 487 533 557 640 
0 460 486 533 557 640 
0 460 485 533 557 640 
0 460 485 533 557 640 
0 460 485 532 557 640 
0 460 485 532 556 640 
