0 640 
0 640 
0 640 
0 640 
0 640 
0 640 
0 640 
0 640 
0 640 
0 640 
0 640 
0 640 
0 640 
0 640 
0 640 
0 640 
0 640 
0 640 
0 640 
0 640 
0 640 
0 640 
0 640 
0 640 
0 640 
0 640 
0 640 
0 640 
0 640 
0 640 
0 640 
0 640 
0 640 
0 640 
0 640 
0 640 
0 640 
0 640 
0 640 
0 640 
0 640 
0 640 
0 640 
0 640 
0 640 
0 640 
0 640 
0 242 244 640 
0 242 244 265 268 640 
0 242 245 264 269 640 
0 242 246 263 269 640 
0 242 247 262 270 640 
0 242 248 261 272 640 
0 242 249 259 274 640 
0 242 250 258 276 640 
0 242 252 257 280 640 
0 243 285 640 
0 243 294 640 
0 228 236 243 300 640 
0 226 238 242 303 640 
0 223 239 241 305 307 320 640 
0 221 239 241 324 640 
0 219 329 640 
0 217 333 640 
0 216 336 640 
0 215 339 640 
0 216 341 640 
0 217 343 640 
0 218 345 640 
0 219 347 640 
0 221 349 640 
0 222 351 640 
0 224 352 640 
0 225 354 640 
0 226 356 640 
0 227 357 640 
0 227 358 640 
0 228 360 640 
0 228 362 640 
0 229 363 640 
0 229 364 640 
0 229 366 640 
0 228 367 640 
0 227 368 640 
0 226 369 640 
0 225 370 640 
0 224 371 640 
0 223 372 640 
0 223 373 640 
0 222 374 640 
0 221 375 640 
0 221 375 640 
0 220 377 640 
0 220 378 640 
0 219 379 640 
0 219 379 640 
0 219 380 640 
0 220 381 640 
0 221 381 640 
0 222 382 640 
0 224 382 640 
0 226 383 640 
0 228 383 640 
0 228 384 640 
0 228 385 640 
0 227 385 640 
0 227 386 640 
0 226 386 640 
0 226 387 640 
0 226 387 640 
0 225 388 640 
0 225 388 640 
0 224 389 640 
0 224 389 640 
0 224 389 640 
0 223 390 640 
0 223 390 640 
0 223 390 640 
0 223 391 640 
0 222 391 640 
0 222 391 640 
0 222 392 640 
0 222 392 640 
0 221 392 640 
0 221 392 640 
0 220 392 640 
0 220 393 640 
0 220 393 640 
0 219 393 640 
0 219 393 640 
0 218 393 640 
0 218 394 640 
0 217 394 640 
0 217 394 640 
0 217 394 640 
0 216 394 640 
0 216 395 640 
0 216 395 640 
0 215 395 640 
0 215 395 640 
0 215 395 640 
0 215 395 640 
0 214 395 640 
0 214 395 640 
0 214 395 640 
0 214 395 640 
0 214 395 640 
0 214 395 640 
0 215 396 640 
0 215 396 640 
0 215 396 640 
0 215 396 640 
0 215 396 640 
0 215 396 640 
0 215 396 640 
0 215 396 640 
0 214 396 640 
0 214 215 217 396 640 
0 218 396 640 
0 218 396 640 
0 218 396 640 
0 219 396 640 
0 219 396 640 
0 219 396 640 
0 220 396 640 
0 220 396 640 
0 220 396 640 
0 221 396 640 
0 221 396 640 
0 222 397 640 
0 223 397 640 
0 224 397 640 
0 224 397 640 
0 225 398 640 
0 225 399 640 
0 226 401 640 
0 227 251 253 402 640 
0 229 251 254 403 640 
0 230 251 254 404 640 
0 232 252 255 405 640 
0 233 252 255 407 640 
0 235 251 256 408 640 
0 238 251 257 408 640 
0 241 251 257 399 640 
0 244 252 257 399 640 
0 245 252 258 399 640 
0 247 252 258 399 640 
0 248 252 258 400 640 
0 250 253 258 400 640 
0 250 253 258 400 640 
0 252 254 259 400 640 
0 253 255 259 401 640 
0 254 255 259 401 640 
0 259 401 640 
0 259 402 640 
0 258 394 395 402 640 
0 258 394 395 402 640 
0 257 394 395 403 640 
0 258 394 396 403 640 
0 258 395 397 403 640 
0 259 395 397 404 640 
0 260 395 398 401 403 404 640 
0 261 396 398 401 403 405 640 
0 261 396 398 401 404 405 640 
0 262 396 399 401 404 405 640 
0 262 397 399 401 640 
0 262 379 380 397 400 402 640 
0 262 379 380 393 395 398 400 402 640 
0 263 378 381 384 385 394 396 398 401 402 640 
0 263 378 381 383 385 394 401 402 640 
0 263 378 381 384 386 392 393 394 640 
0 263 378 382 384 387 392 640 
0 263 377 382 384 387 392 640 
0 263 377 382 385 387 392 640 
0 263 377 382 385 388 392 640 
0 263 377 383 385 388 392 640 
0 263 272 274 377 383 385 389 392 640 
0 263 271 275 377 383 385 389 392 640 
0 263 271 275 371 373 377 384 385 390 392 640 
0 263 271 275 371 373 377 384 385 390 393 640 
0 263 272 275 363 365 371 373 377 384 385 391 393 640 
0 263 272 276 363 366 371 374 377 385 386 392 393 640 
0 263 272 276 364 367 371 374 377 640 
0 263 272 276 364 367 371 375 377 640 
0 263 272 276 364 367 372 375 378 640 
0 263 272 276 364 369 372 376 378 640 
0 262 272 276 282 284 301 303 365 370 372 376 378 640 
0 262 272 276 281 285 299 303 365 377 378 640 
0 262 272 277 281 285 295 303 358 359 365 377 378 640 
0 262 265 266 272 277 280 285 293 302 358 360 365 640 
0 261 264 266 272 277 280 286 289 302 359 362 365 640 
0 261 263 266 273 277 280 286 288 302 359 363 365 640 
0 261 262 266 273 277 279 286 288 301 360 640 
0 260 262 267 273 277 279 287 288 301 361 381 387 640 
0 260 261 267 273 277 278 301 362 375 388 640 
0 267 273 276 278 300 390 640 
0 267 273 276 278 299 390 640 
0 267 278 293 391 640 
0 267 392 640 
0 267 393 640 
0 267 398 640 
0 266 401 640 
0 261 405 640 
0 254 408 640 
0 251 410 640 
0 249 411 640 
0 247 412 640 
0 246 414 640 
0 245 415 640 
0 244 415 640 
0 243 417 640 
0 242 420 640 
0 241 423 640 
0 240 425 640 
0 240 428 640 
0 239 430 640 
0 238 432 434 437 640 
0 238 437 640 
0 237 438 640 
0 237 438 640 
0 236 438 640 
0 236 437 640 
0 235 437 640 
0 235 437 640 
0 235 437 640 
0 235 437 640 
0 234 438 449 452 640 
0 234 439 444 452 640 
0 233 451 640 
0 233 451 640 
0 233 450 640 
0 233 450 640 
0 232 450 640 
0 232 451 640 
0 232 453 640 
0 232 456 640 
0 232 457 640 
0 232 458 640 
0 232 460 640 
0 232 461 640 
0 232 461 640 
0 231 461 640 
0 231 461 640 
0 231 461 640 
0 231 460 640 
0 231 460 640 
0 231 459 640 
0 231 459 640 
0 231 459 640 
0 231 458 640 
0 231 458 640 
0 231 458 640 
0 231 457 640 
0 231 457 640 
0 231 456 640 
0 231 456 640 
0 231 456 640 
0 231 455 640 
0 231 455 640 
0 231 455 640 
0 231 455 640 
0 231 455 640 
0 231 455 640 
0 231 455 640 
0 232 455 640 
0 232 455 640 
0 232 454 640 
0 232 454 640 
0 232 445 450 451 640 
0 232 443 640 
0 232 442 640 
0 233 441 640 
0 233 441 640 
0 233 441 640 
0 233 441 640 
0 234 441 640 
0 234 440 640 
0 234 440 640 
0 234 440 640 
0 235 440 640 
0 235 439 640 
0 235 438 640 
0 235 438 640 
0 236 437 640 
0 236 436 640 
0 237 435 640 
0 238 434 640 
0 238 433 640 
0 239 432 640 
0 240 431 640 
0 240 430 640 
0 242 430 640 
0 243 430 640 
0 244 430 640 
0 245 430 640 
0 246 430 640 
0 248 430 640 
0 249 430 640 
0 251 430 640 
0 253 430 640 
0 256 430 640 
0 259 430 640 
0 261 430 640 
0 261 430 640 
0 262 430 640 
0 262 430 640 
0 263 429 640 
0 263 428 640 
0 263 427 640 
0 263 426 640 
0 264 425 640 
0 264 425 640 
0 264 425 640 
0 265 425 640 
0 265 425 640 
0 265 425 640 
0 265 425 640 
0 265 425 640 
0 266 425 640 
0 266 425 640 
0 266 425 640 
0 267 425 640 
0 267 426 640 
0 267 426 640 
0 267 426 640 
0 267 426 640 
0 268 426 640 
0 268 426 640 
0 268 427 640 
0 268 428 640 
0 269 428 640 
0 269 428 640 
0 269 429 640 
0 269 429 640 
0 269 429 640 
0 270 430 640 
0 270 431 640 
0 270 432 640 
0 270 435 640 
0 270 438 640 
0 270 439 640 
0 271 440 640 
0 271 441 640 
0 271 442 640 
0 271 442 640 
0 272 442 640 
0 272 441 640 
0 272 441 640 
0 272 441 640 
0 272 440 640 
0 273 440 640 
0 273 440 640 
0 273 439 640 
0 273 439 640 
0 273 438 640 
0 274 438 640 
0 232 250 274 438 640 
0 231 258 274 437 640 
0 230 263 274 437 640 
0 230 268 274 436 640 
0 231 272 274 436 640 
0 231 435 640 
0 231 435 640 
0 232 435 640 
0 232 436 640 
0 232 437 640 
0 232 438 640 
0 232 438 640 
0 233 439 640 
0 233 440 640 
0 233 441 640 
0 233 441 640 
0 234 442 640 
0 234 442 640 
0 235 443 640 
0 235 443 640 
0 236 444 640 
0 236 444 640 
0 237 444 640 
0 237 445 640 
0 238 445 640 
0 238 445 640 
0 239 444 640 
0 240 444 640 
0 241 444 640 
0 242 444 640 
0 242 451 640 
0 243 459 640 
0 244 463 640 
0 245 463 640 
0 246 463 640 
0 247 463 640 
0 248 463 640 
0 249 462 640 
0 251 462 640 
0 251 462 640 
0 252 461 640 
0 253 461 640 
0 254 461 640 
0 255 460 640 
0 256 460 640 
0 257 459 640 
0 258 459 640 
0 259 458 640 
0 260 457 640 
0 261 457 640 
0 262 456 640 
0 262 455 640 
0 263 455 640 
0 263 454 640 
0 264 453 640 
0 263 452 640 
0 262 452 640 
0 261 451 640 
0 260 450 640 
0 260 449 640 
0 259 449 640 
0 258 448 640 
0 256 447 640 
0 256 446 640 
0 255 445 640 
0 255 444 640 
0 254 443 640 
0 253 442 640 
0 252 441 640 
0 251 440 640 
0 250 439 640 
0 250 438 640 
0 249 437 640 
0 249 436 640 
0 247 436 640 
0 247 435 640 
0 246 434 640 
0 246 433 640 
0 245 432 640 
0 244 431 640 
0 244 430 640 
0 243 430 640 
0 242 429 640 
0 242 428 640 
