0 640 
0 640 
0 640 
0 640 
0 640 
0 640 
0 640 
0 640 
0 640 
0 640 
0 640 
0 640 
0 640 
0 640 
0 640 
0 640 
0 640 
0 640 
0 640 
0 640 
0 640 
0 640 
0 640 
0 640 
0 640 
0 640 
0 640 
0 640 
0 640 
0 640 
0 640 
0 640 
0 640 
0 640 
0 640 
0 640 
0 640 
0 640 
0 640 
0 640 
0 640 
0 640 
0 640 
0 640 
0 640 
0 640 
0 640 
0 640 
0 640 
0 640 
0 640 
0 640 
0 640 
0 640 
0 640 
0 640 
0 640 
0 640 
0 640 
0 640 
0 640 
0 640 
0 640 
0 640 
0 640 
0 640 
0 640 
0 640 
0 640 
0 640 
0 640 
0 640 
0 640 
0 640 
0 640 
0 640 
0 640 
0 640 
0 640 
0 640 
0 640 
0 640 
0 640 
0 640 
0 640 
0 640 
0 640 
0 640 
0 640 
0 640 
0 640 
0 640 
0 640 
0 640 
0 640 
0 640 
0 640 
0 640 
0 640 
0 640 
0 640 
0 640 
0 640 
0 640 
0 640 
0 640 
0 640 
0 640 
0 640 
0 640 
0 640 
0 640 
0 640 
0 640 
0 640 
0 640 
0 640 
0 640 
0 640 
0 640 
0 640 
0 640 
0 640 
0 640 
0 640 
0 640 
0 640 
0 640 
0 640 
0 640 
0 640 
0 640 
0 640 
0 640 
0 640 
0 640 
0 640 
0 640 
0 640 
0 640 
0 640 
0 640 
0 640 
0 640 
0 640 
0 640 
0 640 
0 640 
0 640 
0 640 
0 640 
0 640 
0 640 
0 640 
0 640 
0 640 
0 189 191 640 
0 186 199 640 
0 168 169 184 204 260 265 640 
0 167 170 183 210 243 245 257 265 640 
0 167 171 182 215 243 247 251 266 640 
0 167 172 181 219 244 267 640 
0 168 173 180 225 245 267 640 
0 168 173 180 229 246 267 640 
0 169 174 179 232 246 268 640 
0 170 175 178 237 245 268 640 
0 170 175 177 241 245 268 640 
0 171 267 640 
0 171 267 640 
0 172 266 640 
0 172 267 640 
0 173 268 640 
0 174 270 640 
0 174 272 640 
0 174 275 640 
0 174 277 640 
0 174 280 640 
0 174 282 640 
0 174 285 640 
0 174 288 640 
0 174 292 640 
0 174 295 640 
0 174 299 640 
0 174 302 640 
0 174 304 640 
0 174 308 640 
0 174 312 640 
0 175 314 640 
0 175 318 640 
0 176 320 640 
0 176 324 640 
0 177 326 640 
0 178 329 640 
0 178 332 640 
0 179 334 640 
0 180 338 640 
0 181 340 640 
0 181 343 640 
0 182 346 640 
0 183 348 640 
0 184 351 640 
0 185 354 640 
0 186 356 640 
0 186 359 640 
0 187 361 640 
0 188 364 640 
0 189 366 640 
0 190 369 640 
0 191 371 640 
0 192 374 640 
0 193 376 640 
0 193 379 640 
0 194 381 640 
0 195 383 640 
0 196 385 640 
0 197 388 640 
0 198 390 640 
0 198 392 640 
0 199 394 640 
0 200 396 640 
0 201 399 640 
0 202 401 640 
0 203 403 640 
0 203 405 640 
0 205 407 640 
0 206 409 640 
0 207 411 640 
0 208 413 640 
0 209 415 640 
0 210 417 640 
0 211 419 640 
0 212 421 640 
0 213 422 640 
0 214 424 640 
0 216 426 640 
0 217 428 640 
0 218 430 640 
0 220 431 640 
0 221 433 640 
0 222 435 640 
0 224 436 640 
0 225 438 640 
0 226 440 640 
0 228 441 640 
0 229 442 640 
0 231 445 640 
0 232 446 640 
0 234 447 640 
0 235 449 640 
0 236 450 640 
0 238 452 640 
0 240 454 640 
0 241 456 640 
0 243 457 640 
0 244 459 640 
0 246 460 640 
0 247 462 640 
0 249 464 640 
0 250 465 640 
0 252 466 640 
0 254 468 640 
0 255 470 640 
0 257 471 640 
0 258 471 640 
0 260 472 640 
0 262 472 640 
0 264 473 640 
0 265 473 640 
0 267 473 640 
0 269 472 640 
0 271 472 640 
0 272 472 640 
0 274 472 640 
0 276 472 640 
0 278 472 640 
0 280 472 640 
0 282 472 640 
0 284 472 640 
0 286 472 640 
0 287 471 640 
0 290 471 640 
0 292 471 640 
0 294 471 640 
0 296 471 640 
0 298 471 640 
0 300 471 640 
0 302 470 640 
0 304 470 640 
0 306 470 640 
0 309 470 640 
0 311 470 640 
0 314 470 640 
0 316 470 640 
0 318 469 640 
0 321 469 640 
0 324 469 640 
0 326 469 640 
0 328 469 640 
0 331 468 640 
0 334 468 640 
0 337 468 640 
0 339 468 640 
0 342 468 640 
0 344 468 640 
0 348 467 640 
0 351 467 640 
0 354 467 640 
0 357 467 640 
0 361 467 640 
0 363 467 640 
0 366 466 640 
0 370 466 640 
0 374 466 640 
0 378 466 640 
0 382 465 640 
0 386 465 640 
0 391 465 640 
0 396 465 640 
0 402 464 640 
0 410 464 640 
0 419 460 640 
0 640 
0 640 
0 640 
0 640 
0 640 
0 640 
0 640 
0 640 
0 640 
0 640 
0 640 
0 640 
0 640 
0 640 
0 640 
0 640 
0 640 
0 640 
0 640 
0 640 
0 640 
0 640 
0 640 
0 640 
0 640 
0 640 
0 640 
0 640 
0 640 
0 640 
0 640 
0 640 
0 640 
0 640 
0 640 
0 640 
0 640 
0 640 
0 640 
0 640 
0 640 
0 640 
0 640 
0 640 
0 640 
0 640 
0 640 
0 640 
0 640 
0 640 
0 640 
0 640 
0 640 
0 640 
0 640 
0 640 
0 640 
0 640 
0 640 
0 640 
0 640 
0 640 
0 640 
0 640 
0 640 
0 640 
0 640 
0 640 
0 640 
0 640 
0 640 
0 640 
0 640 
0 640 
0 640 
0 640 
0 640 
0 640 
0 640 
0 640 
0 640 
0 640 
0 640 
0 640 
0 640 
0 640 
0 640 
0 640 
0 640 
0 640 
0 640 
0 640 
0 640 
0 640 
0 640 
0 640 
0 640 
0 640 
0 640 
0 640 
0 640 
0 640 
0 640 
0 640 
0 640 
0 640 
0 640 
0 640 
0 640 
0 640 
0 640 
0 640 
0 640 
0 640 
0 640 
0 640 
0 640 
0 640 
0 640 
0 640 
0 640 
0 640 
0 640 
0 640 
0 640 
0 640 
0 640 
0 640 
0 640 
0 640 
0 640 
0 640 
0 640 
0 640 
0 640 
0 640 
0 640 
0 640 
0 640 
0 640 
0 640 
0 640 
0 640 
0 640 
0 640 
0 640 
0 640 
0 640 
0 640 
0 640 
0 640 
0 640 
0 640 
0 640 
0 640 
0 640 
0 640 
0 640 
0 640 
