150 157 
150 157 
150 158 177 181 
150 158 172 181 
150 159 168 181 
149 159 165 181 
149 159 164 181 
149 160 162 180 
149 160 161 180 
140 146 149 160 161 179 
139 178 
139 178 
139 177 
139 176 
139 176 
139 175 
139 174 
140 174 
141 172 
142 171 
143 171 
144 172 
143 173 
143 173 
143 174 
143 175 
143 176 
143 149 151 176 
142 146 151 177 
143 145 151 178 
151 160 162 178 
151 160 162 178 
151 160 164 178 
151 160 165 178 
152 160 167 178 
152 159 173 177 
152 159 
153 158 
153 158 
154 157 
154 156 




































328 337 
326 341 
324 343 
323 344 
322 345 
322 346 451 452 
321 347 447 454 
320 347 446 455 
320 348 444 455 
320 348 443 455 
320 349 442 456 
320 349 437 460 
320 349 432 466 
320 349 427 472 
320 349 423 478 
320 349 421 483 
320 349 419 486 
320 349 417 489 
321 348 415 492 
321 348 413 495 
321 348 412 499 
321 348 410 501 
321 348 409 503 
322 347 407 505 
322 347 406 507 
322 346 405 509 
322 346 404 511 
322 346 402 513 
322 346 401 514 
322 345 400 516 
322 345 399 517 
322 345 397 519 
322 344 396 520 
322 344 395 522 
322 344 394 523 
322 344 393 524 
322 344 392 525 
321 343 391 526 
321 343 390 528 
321 343 388 528 
321 343 387 530 
321 343 386 530 
321 343 385 531 
321 342 384 532 
321 342 383 533 
321 342 382 534 
321 342 382 535 
320 342 382 535 
320 342 381 536 
320 341 380 537 
320 341 378 537 
320 341 377 383 386 538 
320 341 376 381 386 538 
320 341 374 379 385 539 
320 341 373 377 385 540 
320 340 372 375 384 540 
320 340 384 541 
319 340 383 541 
319 340 382 542 
319 340 382 542 
319 340 381 543 
319 340 380 543 
318 339 380 543 
318 339 379 544 
318 339 379 544 
318 339 378 544 
318 339 377 545 
318 339 377 545 
318 339 376 379 380 545 
318 339 380 546 
318 338 380 546 
318 338 380 546 
317 338 380 546 
317 338 379 546 
317 338 379 547 
317 338 379 547 
317 338 379 547 
317 338 379 547 
317 338 379 547 
317 337 379 548 
317 337 379 548 
316 337 379 548 
316 337 379 549 
316 337 378 550 
316 337 378 550 
316 337 378 551 
316 337 378 381 382 552 
316 337 378 380 382 552 
316 337 382 553 
316 337 382 553 
316 337 383 387 389 553 
315 336 383 387 389 554 
315 336 383 387 390 554 
315 336 384 386 390 554 
315 336 383 386 390 554 
315 336 384 386 390 554 
315 336 390 555 
315 336 389 555 
315 335 388 555 
315 335 387 555 
315 335 385 556 
314 335 381 556 
314 335 379 556 
314 335 378 557 
314 335 377 557 
314 335 377 557 
313 335 377 557 
313 335 377 558 
313 334 377 558 
313 334 378 558 
313 334 378 558 
313 334 379 558 
313 334 379 558 
313 334 380 559 
313 334 380 559 
312 334 381 559 
312 334 381 559 
312 334 381 559 
312 334 381 559 
312 334 381 559 
312 333 380 559 
312 333 380 559 
312 333 379 559 
311 333 379 559 
311 333 379 560 
311 333 378 560 
311 333 379 560 
310 333 379 560 
308 333 379 560 
306 333 380 560 
304 333 380 560 
302 333 380 560 
301 333 380 560 
299 332 380 560 
298 333 380 560 
298 333 380 560 
298 334 380 561 
298 335 381 561 
298 336 381 561 
298 336 381 561 
298 337 381 561 
298 338 382 561 
298 338 382 561 
298 339 382 562 
298 340 381 562 
298 340 381 562 
298 341 381 562 
298 342 381 561 
298 343 381 561 
298 343 381 561 
298 344 382 561 
297 344 382 561 
297 345 382 561 
297 345 384 560 
296 346 385 560 
296 346 389 560 
296 347 395 560 
296 347 400 560 
296 347 402 560 
295 348 402 560 
295 348 402 560 
295 348 402 560 
294 348 389 390 402 560 
293 349 389 393 401 560 
293 349 390 395 401 560 
292 349 392 399 401 560 
292 349 393 560 
292 350 394 560 
292 350 395 560 
292 350 396 560 
292 350 398 559 
292 350 399 559 
292 351 399 559 
292 351 398 559 
292 351 398 559 
292 351 398 559 
292 352 398 559 
293 352 397 559 
293 352 397 559 
293 352 397 559 
293 352 396 559 
294 353 396 559 
295 353 396 559 
296 353 396 558 
297 353 395 558 
299 353 395 558 
300 353 395 558 
302 354 394 558 
302 354 394 558 
302 354 394 557 
302 354 393 557 
302 355 393 557 
301 355 393 557 
301 355 392 557 
301 356 392 557 
301 356 391 557 
301 356 390 556 
301 357 388 556 
300 357 386 556 
300 358 385 556 
300 323 324 358 383 556 
300 323 326 359 382 555 
300 322 326 359 380 555 
300 322 328 360 379 555 
300 322 329 360 378 555 
299 321 329 360 378 555 
299 321 330 361 377 554 
299 321 331 361 377 554 
299 321 333 362 376 554 
298 321 334 362 376 554 
298 320 335 363 376 554 
298 320 336 363 376 554 
298 320 336 364 376 553 
298 320 337 364 377 553 
298 320 338 365 377 553 
298 319 338 365 377 553 
297 319 339 365 377 553 
297 319 340 366 376 553 
297 319 340 366 375 553 
297 319 341 367 375 552 
297 318 341 367 374 552 
296 318 342 368 373 552 
296 318 342 368 372 552 
296 318 342 369 372 552 
296 318 343 369 371 551 
296 318 343 551 
296 318 343 551 
296 317 344 551 
295 317 344 550 
295 317 344 550 
295 317 345 550 
295 317 345 550 
295 316 345 550 
295 316 345 549 
295 316 346 549 
294 316 346 549 
294 316 346 549 
294 315 346 549 
294 315 347 548 
293 315 347 548 
293 315 347 548 
293 315 347 548 
293 314 347 548 
293 314 345 548 
292 314 342 547 
292 314 337 547 
292 314 326 547 
292 314 324 547 
292 313 323 547 
292 313 322 546 
292 313 322 546 
291 313 321 546 
291 313 321 546 
291 312 320 545 
291 312 320 545 
291 312 319 545 
291 312 319 545 
290 312 318 545 
290 312 318 544 
290 311 317 544 
290 311 317 544 
290 311 317 544 
290 311 317 544 
290 311 317 544 
289 310 316 544 
289 310 316 544 
289 310 316 544 
289 310 316 544 
288 310 316 544 
288 309 316 544 
288 309 316 544 
288 309 316 544 
288 309 316 544 
288 309 316 544 
287 309 316 544 
287 308 316 545 
287 308 316 545 
287 308 316 545 
287 308 316 545 
287 308 316 545 
286 308 316 545 
286 308 316 545 
286 307 316 545 
286 307 316 545 
286 307 316 545 
286 307 316 546 
285 307 316 546 
285 307 316 546 
285 306 316 546 
285 306 316 546 
285 306 317 546 
284 306 317 546 
284 306 317 546 
284 305 317 547 
284 305 317 547 
283 305 317 547 
283 305 317 547 
283 305 317 547 
283 305 317 547 
283 304 317 547 
283 304 318 547 
282 304 318 547 
282 304 318 548 
282 304 318 548 
282 304 318 548 
281 304 318 548 
281 304 318 548 
281 303 318 548 
281 303 319 548 
281 303 319 548 
280 303 319 548 
280 303 319 548 
280 303 319 548 
280 303 320 549 
279 303 320 549 
279 303 320 549 
279 303 320 549 
278 303 320 549 
278 303 320 549 
278 303 321 549 
277 303 321 549 
277 303 321 549 
277 303 321 549 
276 302 321 550 
276 302 321 550 
275 302 322 550 
275 302 322 550 
275 302 322 550 
275 302 322 550 
274 302 322 550 
274 302 322 550 
274 302 323 551 
274 302 323 551 
274 302 323 551 
274 302 323 551 
274 302 323 551 
274 302 324 551 
274 302 324 552 
274 302 324 552 
274 302 325 552 
274 301 325 552 
274 301 325 552 
274 300 325 552 
274 300 326 552 
274 299 326 552 
273 299 326 552 
270 299 326 552 
268 298 327 553 
266 299 327 553 
265 300 327 553 
263 306 327 553 
262 311 328 553 
261 314 327 553 
261 317 325 553 
260 320 324 553 
259 553 
258 554 
258 554 
257 554 
257 554 
257 554 
258 554 
258 554 
259 554 
260 555 
260 555 
261 555 
260 555 
260 555 
259 555 
259 555 
259 555 
258 555 
258 555 
258 555 
258 555 
258 555 
258 555 
258 555 
258 556 
258 556 
257 556 
257 556 
256 556 
255 556 
255 556 
254 556 
254 557 
254 557 
253 557 
253 557 
253 557 
253 557 
253 557 
252 557 
252 557 
251 557 
250 557 
250 557 
250 557 
249 557 
250 557 
249 557 
