

















































577 579 
574 580 
572 580 
570 578 
569 578 
567 577 
565 576 
563 575 
561 574 
560 573 
558 572 
556 571 
554 570 
553 569 
551 568 
550 567 
181 202 548 566 
177 207 546 565 
174 210 545 564 
172 212 543 563 
170 215 542 563 
168 218 540 562 
166 220 539 561 
164 222 537 560 
162 224 536 559 
161 225 535 558 
160 227 533 557 
158 228 532 556 
157 230 531 555 
156 231 529 554 
155 233 528 553 
153 234 526 552 
152 235 525 551 
151 236 524 550 
151 237 522 549 
149 238 521 548 
148 240 520 547 
147 240 518 546 
146 241 517 545 
145 242 516 544 
145 243 515 543 
144 244 513 543 
143 245 512 542 
142 245 510 541 
142 246 509 540 
141 247 508 542 
140 248 506 545 
139 248 505 547 
139 249 503 548 
138 249 502 548 
137 250 500 549 
137 250 498 549 
136 251 497 549 
135 251 496 548 
135 252 494 546 
134 252 493 545 
134 253 492 542 
133 253 491 539 
133 253 489 537 
132 254 488 536 
132 254 486 537 
131 254 485 539 
131 255 483 541 
130 255 482 542 
130 255 480 543 
129 256 479 545 
129 256 477 546 
128 256 475 547 
128 257 473 548 
128 257 472 549 
127 257 470 549 
127 257 468 550 
127 258 466 551 
127 258 464 551 
126 258 463 551 
126 258 461 551 
126 259 458 550 
126 260 456 549 
125 262 414 421 455 546 
125 263 412 423 453 541 
125 263 411 424 451 537 
125 264 412 425 449 535 
125 265 413 426 447 532 
124 281 414 427 445 530 
124 286 414 427 444 499 500 529 
124 290 371 382 413 428 442 498 502 527 
123 292 366 388 412 428 440 497 503 526 
123 294 360 392 411 428 439 496 505 524 
123 296 357 397 411 428 437 495 508 522 
123 297 354 400 410 428 436 493 
123 299 351 402 409 428 434 492 
123 300 345 405 408 428 433 491 
123 301 341 428 431 490 
123 302 338 428 430 489 
123 303 337 488 
123 304 340 487 
123 305 342 485 
123 306 341 484 
123 307 339 483 
123 308 338 482 
123 309 336 480 
123 309 336 479 
124 310 335 478 
124 311 333 476 
125 311 332 475 
125 312 330 335 336 474 
125 313 330 333 336 473 
125 313 330 331 335 471 
126 314 334 470 
126 314 333 469 
126 315 332 468 
127 315 331 467 
127 316 331 465 
127 316 330 464 
128 317 330 463 
128 317 330 462 
129 318 329 461 
129 318 329 459 483 492 
130 318 328 458 479 495 
130 318 328 457 477 498 
131 318 328 456 474 501 
131 319 328 455 472 503 
132 319 327 454 470 505 
133 319 327 453 469 507 
133 319 327 452 467 508 
134 319 327 450 465 509 
135 319 327 456 464 510 
136 319 327 459 463 511 
137 319 326 511 
137 319 326 512 
138 319 326 512 
139 319 326 512 
140 319 326 331 332 513 
141 319 327 330 332 513 
142 319 327 329 332 513 
143 319 326 328 332 513 
144 319 332 513 
145 319 332 513 
147 319 332 513 
148 319 333 513 
149 319 333 513 
150 321 332 513 
152 329 330 513 
153 513 
155 512 
157 512 
158 512 
160 512 
162 512 
165 317 318 511 
167 210 212 317 318 511 
169 207 213 317 319 511 
173 202 214 317 319 511 
178 197 215 317 319 511 
219 317 318 511 
211 215 220 510 
208 217 221 510 
206 218 221 510 
204 509 
203 509 
201 508 
200 507 
200 507 
198 507 
197 506 
196 506 
195 505 
194 505 
193 505 
191 504 
189 504 
187 504 
185 305 306 503 
184 302 309 502 
182 300 310 501 
180 299 312 500 
178 298 312 500 
177 234 235 297 312 499 
176 234 236 296 312 499 
176 234 237 295 311 499 
176 234 239 293 311 498 
176 234 240 291 310 498 
176 234 242 290 310 497 
177 234 244 288 310 497 
177 234 246 286 310 496 
178 233 249 284 310 495 
178 233 251 281 310 495 
178 233 255 278 310 493 
179 232 262 270 310 493 
179 232 311 492 
178 232 312 492 
177 231 313 491 
176 231 315 491 
175 231 316 490 
175 230 318 489 
174 230 319 488 
173 229 321 488 
173 228 322 487 
172 183 184 228 323 486 
172 182 183 228 323 485 
171 228 322 484 
171 228 322 458 459 483 
170 228 321 458 460 481 
170 228 321 458 459 481 
169 228 321 457 458 480 
169 228 320 457 458 480 
169 178 181 228 320 457 460 461 462 476 477 479 
168 178 184 228 319 456 463 476 
168 178 186 228 319 456 463 476 
168 177 188 229 318 455 463 476 
168 177 189 229 318 455 464 475 
169 176 190 229 318 454 464 473 
171 175 191 230 317 454 465 472 
193 230 317 454 466 471 
193 230 316 453 466 470 
193 230 316 453 
193 231 316 453 
192 231 315 453 
191 232 315 452 
191 232 314 452 
190 233 314 452 
189 235 314 451 
189 235 313 451 
188 236 313 450 
186 237 313 450 
185 237 312 450 
184 237 312 449 
185 235 311 449 
186 234 311 449 
187 232 311 449 
187 230 310 448 
187 230 310 448 
187 230 310 448 
188 230 309 447 
188 230 309 447 
189 230 308 447 
195 230 308 446 
195 230 307 446 
195 231 307 446 
195 231 307 445 
195 231 306 445 
195 231 306 445 
195 231 306 445 
195 232 305 444 
195 232 304 444 
195 232 303 444 
195 232 300 443 
195 232 295 443 
195 232 294 443 
196 232 292 443 
196 232 291 443 
196 233 290 442 
196 233 285 442 
196 233 280 442 
196 233 276 442 
196 233 272 442 
196 233 267 442 
196 233 262 441 
196 233 258 441 
196 233 255 441 
196 234 251 441 
196 234 248 440 
196 234 244 440 
196 234 241 440 
196 235 238 440 
196 235 236 440 
197 439 
197 439 
197 439 
197 439 
197 439 
197 439 
197 438 
197 438 
197 438 
197 438 
197 438 
198 438 
198 437 
198 437 
198 437 
198 437 
198 437 
199 437 
199 437 
199 437 
199 436 
199 436 
199 436 
199 436 
200 436 
200 435 
200 435 
200 435 
200 204 206 435 
200 204 207 435 
200 205 208 260 263 435 
200 205 209 254 262 435 
200 205 207 249 261 434 
200 205 207 212 213 244 261 434 
200 213 214 238 260 434 
200 230 260 434 
200 219 260 434 
200 218 259 434 
201 218 259 434 
202 217 258 433 
203 215 258 433 
205 213 258 433 
206 213 257 433 
205 212 257 433 
205 212 257 433 
205 212 257 432 
205 212 256 432 
205 213 256 432 
205 212 256 432 
205 212 256 433 
205 212 256 434 
205 212 256 435 
205 212 255 436 
205 212 255 437 
205 213 255 438 
204 214 255 439 
202 215 255 440 
200 217 255 441 
200 217 255 442 
200 218 255 443 
199 218 255 444 
199 218 254 445 
199 212 213 218 254 446 
198 204 206 211 213 218 254 447 
198 204 208 210 213 218 254 448 
198 203 213 218 254 449 
198 203 213 218 254 450 
198 203 213 218 254 451 
198 203 214 218 254 371 373 452 
198 203 214 218 254 371 373 453 
198 203 213 218 254 370 374 454 
198 203 213 218 254 370 374 455 
198 203 213 218 254 369 374 456 
198 203 213 218 254 368 374 457 
198 203 213 218 254 367 375 458 
198 203 213 218 254 367 375 459 
198 203 213 218 254 367 375 459 
198 203 213 218 254 366 375 460 
197 203 213 218 254 366 375 461 
198 203 205 210 212 218 254 365 376 462 
198 203 205 210 212 217 254 365 376 463 
198 211 212 217 254 364 376 464 
198 217 254 363 376 465 
198 217 254 362 376 465 
199 216 254 362 377 466 
199 216 254 361 377 467 
201 215 254 361 377 468 
202 213 255 360 377 469 
203 212 255 360 377 469 
203 211 255 359 377 470 
203 211 255 359 378 471 
203 211 255 358 378 471 
203 211 255 358 378 472 
203 211 255 358 378 473 
203 211 255 357 378 473 
203 211 255 357 378 474 
203 211 255 357 379 475 
203 210 255 356 379 475 
203 210 255 356 379 476 
203 210 255 356 379 476 
203 210 255 355 380 477 
203 211 255 355 380 477 
202 212 255 355 380 478 
201 214 255 355 380 478 
199 215 255 354 380 478 
198 216 255 354 380 478 
198 216 255 354 381 479 
198 217 255 354 381 479 
197 217 255 354 381 479 
197 217 255 353 381 480 
197 203 204 210 211 217 255 353 381 429 430 480 
197 203 205 209 212 217 256 353 382 429 431 480 
197 203 212 217 256 353 382 429 432 480 
197 202 212 217 256 353 382 428 430 480 
197 202 212 217 256 353 382 428 429 480 
197 202 212 217 256 353 382 480 
197 202 212 217 256 353 382 480 
197 202 212 217 256 353 383 480 
197 202 212 217 256 353 383 480 
197 202 212 217 256 353 383 480 
197 202 212 217 256 353 383 480 
197 202 212 217 256 353 383 480 
197 202 212 217 256 353 383 480 
197 202 212 217 256 353 383 480 
197 202 212 217 256 353 383 480 
197 202 212 217 256 353 384 480 
197 202 206 209 211 217 256 353 384 480 
197 202 205 210 211 217 256 353 384 480 
197 203 204 210 211 217 256 354 384 480 
197 216 256 354 384 479 
197 216 256 354 385 479 
197 216 257 354 385 479 
197 215 257 354 385 478 
198 215 257 354 385 478 
199 213 257 354 385 477 
201 211 257 354 385 476 
202 210 257 354 386 475 
202 210 257 355 386 474 
202 210 257 355 386 473 
203 210 257 355 386 472 
203 210 257 355 386 471 
203 210 257 355 386 471 
203 210 257 355 386 470 
203 210 258 355 386 468 
203 210 258 355 386 467 
203 210 258 356 385 466 
203 211 258 356 385 465 
203 211 258 356 385 464 
203 211 258 357 385 463 
203 211 258 359 384 462 
203 213 258 360 384 460 
202 215 257 360 383 459 
200 216 257 361 382 458 
199 217 257 362 382 457 
198 217 256 362 381 456 
198 217 256 362 380 454 
198 217 255 362 380 453 
198 218 255 363 379 452 
197 210 212 218 255 363 378 450 
197 203 204 209 213 218 255 363 377 449 
197 203 206 208 212 218 255 363 376 448 
197 203 213 218 254 363 375 447 
197 203 212 218 253 364 374 445 
196 203 212 219 253 364 374 445 
