




























































































178 180 
177 180 186 193 
177 180 183 194 195 196 
176 181 182 203 
176 210 
175 213 
175 215 
174 216 
174 218 
173 220 
173 220 
171 221 
170 222 
168 223 
167 224 
167 225 
167 226 
169 227 
169 227 
168 228 
167 229 
166 229 
166 230 
167 232 
167 233 
167 234 
167 235 
167 236 
167 236 
166 237 
166 237 
166 237 
166 237 
165 236 
165 236 
164 235 
164 236 
163 236 
163 237 
162 237 
162 238 
161 238 
160 238 
160 239 
159 239 
159 239 
158 240 
157 240 
157 240 
156 241 
156 241 
156 241 
155 242 
155 242 
155 242 
154 243 
154 243 
154 243 
154 243 
154 244 
157 244 
157 244 
158 244 
158 244 
158 244 
159 165 167 244 
159 164 168 244 
160 162 169 243 
161 162 169 243 
170 243 
172 243 
173 242 
174 242 
175 241 
178 241 
179 240 
180 213 214 239 
181 212 216 239 
181 213 215 238 
181 213 215 235 236 238 
172 214 215 225 226 234 235 237 
171 213 215 220 222 224 226 233 235 237 
170 213 215 217 225 229 231 233 235 236 
170 213 226 228 234 235 
170 212 225 227 234 235 
170 213 
170 214 
171 215 
171 216 
172 216 
172 217 
173 217 
172 218 
171 218 477 486 
170 218 475 488 
169 219 474 490 
168 219 473 492 
166 220 471 494 
165 220 471 495 
164 221 470 497 
163 221 469 499 
162 222 468 500 
161 222 467 502 
160 223 465 503 
159 223 464 505 
158 224 463 506 
158 224 462 507 
157 224 461 509 
156 225 460 510 
156 225 458 511 
156 226 457 512 
155 226 456 513 
155 226 455 513 
154 226 454 514 
153 226 423 424 453 514 
152 226 421 429 452 515 
151 226 420 432 451 515 
150 226 418 436 449 515 
150 226 417 440 448 515 
149 226 416 444 445 515 
148 226 415 515 
147 225 415 515 
147 225 415 514 
146 225 415 514 
146 225 416 514 
146 224 417 513 
146 224 417 513 
146 224 419 512 
146 225 420 512 
146 227 421 511 
146 227 422 511 
146 227 423 510 
146 227 425 510 
146 226 426 510 
146 226 427 510 
147 227 428 509 
147 227 430 509 
148 227 431 508 
148 227 433 508 
150 226 434 508 
152 225 435 507 
154 225 435 507 
156 226 433 506 
157 226 432 506 
158 227 431 505 
158 227 432 505 
158 227 432 505 
158 227 432 504 
158 228 432 504 
158 228 432 503 
158 228 433 503 
158 228 433 503 
158 229 434 502 
158 229 434 502 
158 229 434 502 
157 229 436 502 
158 230 436 502 
158 230 438 502 
157 230 438 502 
157 230 437 503 
157 231 435 504 
157 231 434 504 
157 231 434 505 
157 232 434 506 
157 232 435 507 
157 232 436 507 
156 232 435 508 
156 232 435 509 
156 232 435 510 
155 232 436 510 
155 232 435 511 
154 231 435 512 
153 231 434 513 
152 231 434 513 
152 230 436 514 
151 230 436 515 
151 229 437 486 489 515 
150 229 439 485 490 515 
150 229 440 485 492 515 
149 228 441 484 493 515 
149 228 440 484 495 515 
148 227 440 484 497 515 
147 227 439 483 499 514 
147 227 439 483 500 514 
147 227 439 483 502 513 
147 226 438 483 505 513 
147 226 438 482 506 512 
148 225 438 482 
148 225 438 482 
147 224 437 481 
147 224 435 481 
147 224 431 481 
147 223 429 481 
146 223 427 480 
146 223 426 480 
146 223 426 480 
145 222 425 480 
145 222 425 481 
145 222 425 482 
144 222 425 482 
144 221 424 482 
143 221 423 483 
143 221 423 483 
143 220 422 483 
142 220 422 484 
142 220 422 484 
142 220 421 484 
141 219 421 485 
141 219 420 485 
141 219 419 485 
141 220 418 486 
141 220 418 486 
141 220 417 487 
141 219 416 487 
140 219 416 487 
140 218 415 488 
139 218 414 488 
139 218 414 489 
138 217 413 489 
138 217 413 489 
138 218 412 490 
138 218 411 490 
138 219 411 491 
139 219 410 491 
139 219 409 492 
140 219 409 492 
139 220 408 492 
139 220 407 473 475 493 
138 220 406 473 475 493 
138 221 406 426 427 473 476 494 
138 221 405 425 427 473 476 494 
138 222 405 425 427 473 476 494 
137 222 404 424 427 473 477 495 
137 222 404 424 426 472 477 495 
137 222 403 424 426 472 477 496 
137 223 403 472 478 496 
137 223 403 472 478 497 
136 223 403 472 478 497 
136 223 403 471 479 498 
136 224 403 471 479 498 
136 224 403 471 478 498 
136 224 403 471 476 499 
136 224 403 470 475 499 
135 225 404 470 473 499 
135 225 404 470 472 499 
135 225 405 499 
135 226 405 499 
135 226 405 499 
135 226 406 499 
134 226 406 499 
134 227 406 498 
134 227 407 498 
134 227 407 498 
134 228 407 497 
134 228 407 497 
133 228 408 496 
133 228 408 496 
133 228 408 495 
133 229 408 495 
133 229 409 494 
133 229 409 493 
133 229 409 493 
132 230 410 493 
132 230 410 492 
132 230 410 492 
132 230 410 491 
132 230 411 491 
132 231 411 490 
132 231 411 490 
132 231 411 489 
131 232 412 489 
131 232 412 489 
131 232 413 488 
131 232 415 488 
131 232 417 487 
131 233 418 487 
131 233 419 487 
131 233 419 486 
130 233 419 486 
130 233 419 485 
130 234 420 485 
130 234 420 484 
130 234 420 482 
130 234 421 481 
130 234 421 480 
130 234 421 479 
129 234 421 479 
129 235 420 479 
129 235 420 478 
129 235 420 478 
129 235 420 477 
128 235 420 477 
128 235 419 477 
128 235 419 478 
128 235 419 478 
128 235 419 478 
128 236 419 478 
128 236 418 478 
128 236 418 479 
127 236 418 479 
127 236 418 479 
127 236 418 479 
127 237 418 479 
127 237 418 479 
127 237 418 480 
127 237 417 480 
127 237 417 480 
126 237 417 480 
126 237 417 480 
126 237 417 480 
126 237 417 480 
126 237 417 481 
126 237 416 481 
126 237 416 481 
126 237 416 481 
125 237 416 481 
125 237 416 482 
125 237 416 482 
125 238 416 482 
125 238 416 482 
125 238 416 482 
125 238 416 483 
125 238 416 483 
124 238 416 483 
124 238 415 483 
124 238 415 483 
124 238 415 483 
124 238 415 484 
124 238 415 484 
124 239 415 484 
124 239 415 484 
123 239 415 485 
123 239 415 485 
123 239 415 485 
123 239 414 485 
123 239 414 486 
123 239 414 486 
123 239 413 486 
123 239 413 486 
123 240 413 487 
123 240 413 487 
123 240 412 487 
123 240 412 488 
123 240 412 488 
122 240 412 488 
122 240 411 488 
122 240 411 489 
122 241 411 489 
122 241 411 489 
122 241 411 490 
122 241 412 490 
122 241 412 490 
122 242 413 490 
122 242 414 491 
122 242 415 491 
122 242 416 491 
122 242 417 492 
121 242 418 492 
121 242 420 492 
121 242 421 492 
121 243 422 493 
121 243 422 493 
121 243 422 492 
121 243 422 492 
121 243 422 492 
121 243 422 491 
121 243 422 489 
120 243 423 446 447 487 
120 244 423 445 449 485 
120 244 423 445 449 482 
120 244 423 444 450 477 
120 244 423 444 450 475 
120 244 423 444 450 475 
120 244 423 444 451 474 
120 244 423 444 451 475 
120 245 423 443 451 474 
120 245 423 443 451 474 
119 245 423 443 451 474 
119 245 423 443 452 474 
119 245 423 443 452 474 
119 245 423 443 452 474 
119 245 423 442 452 474 
118 246 423 442 452 474 
118 246 423 442 453 474 
118 246 423 442 453 474 
118 246 422 442 453 474 
118 247 422 442 453 474 
