0 640 
0 640 
0 640 
0 640 
0 640 
0 640 
0 640 
0 640 
0 640 
0 640 
0 640 
0 640 
0 640 
0 640 
0 640 
0 640 
0 640 
0 640 
0 640 
0 640 
0 640 
0 640 
0 640 
0 640 
0 640 
0 640 
0 640 
0 640 
0 640 
0 640 
0 640 
0 640 
0 640 
0 640 
0 640 
0 640 
0 640 
0 640 
0 640 
0 640 
0 640 
0 640 
0 640 
0 640 
0 640 
0 640 
0 640 
0 640 
0 640 
0 640 
0 640 
0 640 
0 640 
0 640 
0 640 
0 640 
0 640 
0 640 
0 640 
0 640 
0 640 
0 640 
0 640 
0 640 
0 640 
0 640 
0 640 
0 640 
0 640 
0 640 
0 640 
0 640 
0 640 
0 640 
0 640 
0 640 
0 640 
0 640 
0 640 
0 640 
0 640 
0 640 
0 640 
0 640 
0 640 
0 640 
0 640 
0 640 
0 640 
0 640 
0 640 
0 640 
0 640 
0 640 
0 640 
0 640 
0 640 
0 640 
0 640 
0 640 
0 640 
0 640 
0 640 
0 640 
0 640 
0 640 
0 640 
0 640 
0 640 
0 640 
0 640 
0 640 
0 640 
0 640 
0 640 
0 640 
0 640 
0 640 
0 640 
0 640 
0 640 
0 640 
0 640 
0 640 
0 640 
0 640 
0 640 
0 640 
0 640 
0 640 
0 640 
0 640 
0 640 
0 640 
0 640 
0 640 
0 640 
0 640 
0 640 
0 640 
0 640 
0 640 
0 640 
0 640 
0 640 
0 640 
0 640 
0 640 
0 640 
0 640 
0 640 
0 640 
0 640 
0 640 
0 640 
0 640 
0 640 
0 640 
0 640 
0 640 
0 640 
0 640 
0 640 
0 640 
0 640 
0 640 
0 640 
0 640 
0 640 
0 640 
0 640 
0 640 
0 640 
0 640 
0 640 
0 640 
0 640 
0 640 
0 640 
0 640 
0 640 
0 341 342 640 
0 334 344 382 388 640 
0 285 290 332 345 380 391 640 
0 284 292 331 346 379 392 640 
0 282 294 330 347 378 393 640 
0 281 295 330 347 377 394 640 
0 280 296 329 348 376 394 640 
0 239 241 279 297 328 348 375 395 640 
0 236 244 278 297 328 347 375 395 640 
0 234 246 278 297 327 347 374 396 640 
0 233 247 278 298 327 347 374 396 640 
0 232 248 277 298 327 347 374 396 424 430 640 
0 232 249 277 298 327 348 374 396 422 433 640 
0 231 249 278 298 327 347 373 396 420 435 640 
0 230 250 277 298 327 347 373 395 418 436 640 
0 230 250 277 298 327 347 373 395 417 436 640 
0 230 250 278 298 327 346 374 394 417 437 640 
0 198 201 229 250 278 297 327 346 374 393 416 438 640 
0 195 203 229 250 278 297 327 345 375 393 415 438 640 
0 193 205 229 251 279 297 329 344 375 392 415 438 640 
0 192 206 230 250 280 296 330 343 376 391 415 438 640 
0 190 207 230 251 281 295 331 342 377 390 414 438 640 
0 190 208 230 251 282 294 334 339 379 389 414 438 640 
0 189 208 231 250 284 291 385 387 415 438 640 
0 188 209 231 250 415 438 640 
0 188 210 232 249 414 438 460 463 640 
0 188 210 233 248 415 438 458 465 640 
0 188 210 234 247 415 437 455 468 640 
0 188 210 235 245 415 437 453 470 640 
0 188 210 237 238 416 436 452 471 640 
0 188 210 417 435 451 471 640 
0 188 210 418 434 450 472 640 
0 188 210 419 433 449 472 640 
0 189 210 421 431 448 472 640 
0 189 210 424 425 428 429 448 473 640 
0 170 171 172 175 190 209 447 473 640 
0 167 177 191 208 448 474 640 
0 165 179 192 207 448 474 640 
0 164 180 193 206 448 474 640 
0 163 181 194 204 448 474 640 
0 162 181 195 203 448 473 640 
0 162 182 197 200 448 473 640 
0 161 183 448 473 640 
0 160 183 448 473 640 
0 160 183 449 479 640 
0 160 184 450 482 640 
0 160 184 450 484 640 
0 160 184 451 485 640 
0 160 184 453 486 640 
0 160 184 455 487 640 
0 160 184 455 487 640 
0 161 184 459 488 640 
0 161 184 462 488 640 
0 161 183 462 488 640 
0 161 182 462 488 640 
0 160 182 462 488 640 
0 159 181 461 488 640 
0 158 181 461 488 640 
0 157 178 461 488 640 
0 156 178 460 488 640 
0 156 177 459 488 640 
0 155 178 457 487 640 
0 155 178 455 487 640 
0 154 178 453 486 640 
0 154 179 297 298 342 343 452 486 640 
0 154 179 296 299 341 343 450 485 640 
0 154 180 296 299 341 344 449 484 640 
0 155 180 296 300 340 344 448 482 640 
0 155 180 295 300 340 344 448 481 640 
0 155 179 181 186 295 300 339 345 447 479 640 
0 156 188 254 255 295 301 338 345 385 386 447 478 640 
0 156 189 253 256 295 301 338 345 384 387 447 477 640 
0 157 191 253 256 295 302 338 345 383 387 447 477 640 
0 158 192 253 257 295 302 337 345 383 387 446 477 640 
0 159 193 253 258 295 303 337 346 382 387 418 422 446 477 640 
0 160 194 254 259 294 303 336 346 381 387 416 424 446 476 640 
0 162 195 254 259 294 303 336 346 380 387 412 427 446 476 640 
0 163 195 254 260 294 304 335 346 379 387 410 429 446 476 640 
0 165 196 254 260 294 304 335 346 379 387 408 430 447 476 640 
0 168 169 171 196 254 261 294 305 334 346 378 387 407 432 447 476 640 
0 172 197 254 262 293 305 334 347 377 386 406 432 447 475 640 
0 172 197 219 224 254 263 293 306 333 347 377 386 405 433 448 474 640 
0 173 197 217 227 254 263 293 307 333 347 376 386 404 433 449 474 640 
0 172 197 215 229 254 264 292 307 332 347 375 386 404 434 450 473 640 
0 172 197 214 230 254 265 292 308 331 348 375 386 403 434 451 471 640 
0 172 197 213 231 254 266 291 309 330 349 374 386 403 435 452 469 640 
0 173 197 213 232 254 266 291 310 330 349 373 386 403 435 453 467 640 
0 173 197 212 233 254 267 290 311 328 350 352 360 372 386 403 435 456 465 640 
0 174 197 211 234 254 268 279 282 289 313 326 362 371 386 403 435 459 463 640 
0 174 196 211 235 254 270 276 286 288 364 370 386 403 434 640 
0 175 195 210 235 254 271 273 366 369 386 403 434 640 
0 176 194 210 236 254 386 403 434 640 
0 176 194 210 236 254 386 403 433 640 
0 178 193 209 236 254 386 403 433 640 
0 180 191 209 236 253 387 404 432 640 
0 182 190 209 236 253 387 404 432 640 
0 185 188 209 237 252 387 405 431 640 
0 210 237 251 388 405 430 640 
0 210 237 250 389 404 430 640 
0 210 237 248 391 403 428 640 
0 211 238 246 392 401 426 446 448 640 
0 211 425 444 447 640 
0 212 423 442 447 640 
0 194 196 213 420 441 446 640 
0 195 198 213 417 439 446 640 
0 196 199 215 417 439 445 640 
0 197 200 215 417 438 444 640 
0 197 201 217 417 436 444 640 
0 198 202 218 417 435 443 640 
0 199 204 220 417 433 442 640 
0 199 205 222 417 432 442 640 
0 200 207 222 418 431 441 640 
0 201 208 221 418 430 440 640 
0 201 209 219 419 428 440 640 
0 202 211 217 421 426 439 640 
0 202 439 640 
0 203 438 640 
0 203 438 640 
0 203 437 640 
0 204 437 640 
0 204 436 640 
0 205 436 454 455 640 
0 205 436 452 454 640 
0 205 435 450 454 640 
0 205 435 440 453 640 
0 188 190 206 434 440 452 640 
0 188 191 206 434 440 451 640 
0 190 193 206 434 438 450 640 
0 190 194 205 433 438 450 640 
0 191 195 205 433 438 449 451 454 455 456 640 
0 182 183 187 188 192 196 205 433 438 448 449 450 452 453 454 457 640 
0 194 197 204 433 437 448 451 458 640 
0 178 183 184 187 195 199 204 434 436 446 452 454 455 459 640 
0 174 183 185 186 196 200 203 445 453 456 458 463 640 
0 171 184 197 444 454 456 457 467 640 
0 169 181 198 443 456 469 640 
0 167 180 199 442 458 471 640 
0 164 177 200 441 460 473 640 
0 162 178 200 440 462 476 640 
0 160 175 202 440 463 478 640 
0 158 173 202 300 338 439 465 479 640 
0 157 172 203 290 349 438 467 482 640 
0 155 171 204 283 356 437 468 483 640 
0 152 169 204 280 358 436 470 485 640 
0 151 166 205 275 363 435 470 487 640 
0 149 165 200 201 205 271 367 434 472 489 640 
0 148 164 201 202 206 266 371 434 473 490 640 
0 146 163 202 203 206 263 374 433 474 491 640 
0 145 162 204 261 377 434 475 492 640 
0 143 161 205 258 380 433 477 478 479 494 640 
0 142 159 205 255 383 432 480 496 640 
0 141 158 206 252 386 431 481 497 640 
0 139 157 208 250 388 430 482 500 640 
0 138 156 209 248 389 429 483 500 640 
0 137 154 211 246 392 428 484 502 640 
0 136 153 212 244 394 427 485 503 640 
0 133 152 213 242 396 426 486 504 640 
0 132 151 215 241 397 424 487 506 640 
0 131 150 215 240 398 423 488 507 640 
0 130 149 217 238 400 422 489 508 640 
0 129 148 217 237 402 421 490 509 640 
0 128 147 218 237 403 420 491 510 640 
0 127 146 218 239 405 420 492 511 640 
0 126 145 218 240 400 402 406 420 493 512 640 
0 125 144 219 231 233 241 398 401 407 419 493 513 640 
0 124 144 219 230 234 243 398 401 408 419 494 514 640 
0 123 143 219 230 234 244 396 400 409 419 495 515 640 
0 122 141 219 229 234 245 395 400 409 418 496 516 640 
0 121 141 220 230 235 247 308 329 394 400 408 418 496 517 640 
0 121 140 220 233 235 248 286 288 303 335 349 350 392 418 498 518 640 
0 120 140 220 250 285 289 300 338 348 351 391 418 498 519 640 
0 119 139 220 251 284 291 297 340 346 351 390 418 499 520 640 
0 118 139 220 252 284 294 295 351 389 418 500 520 640 
0 117 138 220 254 284 352 387 418 500 521 640 
0 116 137 220 255 283 352 385 418 501 521 640 
0 116 136 220 257 283 353 384 418 501 522 640 
0 115 136 220 258 283 353 383 418 502 523 640 
0 114 136 220 260 282 354 381 418 503 524 640 
0 114 135 220 261 282 355 379 418 503 525 640 
0 113 134 220 264 281 356 376 418 504 525 640 
0 113 134 220 267 280 358 373 418 505 525 640 
0 112 133 220 270 279 360 368 418 505 526 640 
0 112 133 219 274 277 418 505 526 640 
0 112 132 219 418 506 527 640 
0 111 132 219 418 506 527 640 
0 111 132 219 419 507 528 640 
0 110 132 219 419 507 528 640 
0 109 131 219 418 508 529 640 
0 109 130 219 419 508 529 640 
0 108 130 219 418 508 530 640 
0 108 129 219 418 508 530 640 
0 108 129 219 418 509 530 640 
0 108 129 219 418 509 530 640 
0 107 129 219 418 509 531 640 
0 107 129 220 418 510 531 640 
0 106 129 220 417 510 531 640 
0 106 128 221 417 510 531 640 
0 106 128 221 417 510 531 640 
0 106 128 222 416 510 531 640 
0 106 128 222 416 510 531 640 
0 106 128 223 415 510 531 640 
0 106 128 223 415 510 531 640 
0 106 128 224 414 510 531 640 
0 106 128 224 413 511 532 640 
0 106 128 225 413 511 532 640 
0 106 128 226 412 511 532 640 
0 106 128 227 411 511 532 640 
0 106 128 227 411 511 532 640 
0 106 127 228 410 511 532 640 
0 106 127 230 408 511 532 640 
0 106 127 230 407 511 532 640 
0 106 127 232 406 511 531 640 
0 107 127 234 404 511 531 640 
0 107 128 234 403 511 531 640 
0 107 128 236 402 510 531 640 
0 108 128 237 401 510 530 640 
0 108 128 239 399 510 530 640 
0 108 129 241 397 510 530 640 
0 108 129 242 396 510 530 640 
0 109 129 244 394 510 529 640 
0 109 129 246 392 509 529 640 
0 110 130 248 390 509 529 640 
0 110 130 250 388 508 528 640 
0 110 130 252 386 508 528 640 
0 111 131 255 383 508 527 640 
0 112 131 257 381 507 527 640 
0 112 131 260 378 507 526 640 
0 113 131 263 374 506 525 640 
0 114 131 266 372 506 525 640 
0 114 131 270 368 506 525 640 
0 114 132 274 364 505 524 640 
0 115 133 279 359 504 524 640 
0 116 134 284 355 504 523 640 
0 116 134 288 350 504 522 640 
0 117 134 296 342 503 521 640 
0 118 135 305 333 504 520 640 
0 118 135 503 520 640 
0 118 136 502 518 640 
0 119 136 501 518 640 
0 120 136 501 517 640 
0 122 137 501 516 640 
0 122 138 500 514 640 
0 123 138 500 514 640 
0 124 139 499 513 640 
0 126 140 499 512 640 
0 128 140 498 511 640 
0 128 140 497 510 640 
0 128 141 497 509 640 
0 131 141 497 506 640 
0 132 141 497 505 640 
0 133 142 495 504 640 
0 134 136 137 140 495 502 640 
0 138 140 495 498 499 501 640 
0 640 
0 640 
0 640 
0 640 
0 640 
0 640 
0 640 
0 640 
0 640 
0 640 
0 640 
0 640 
0 640 
0 640 
0 640 
0 640 
0 640 
0 640 
0 640 
0 640 
0 640 
0 640 
0 640 
0 640 
0 640 
0 640 
0 640 
0 640 
0 640 
0 640 
0 640 
0 640 
0 640 
0 640 
0 640 
0 640 
0 640 
0 640 
0 640 
0 640 
0 640 
0 640 
0 640 
0 640 
0 640 
0 640 
