0 640 
0 640 
0 640 
0 640 
0 640 
0 640 
0 640 
0 640 
0 640 
0 640 
0 640 
0 640 
0 640 
0 157 158 640 
0 155 159 640 
0 154 160 532 537 640 
0 153 160 531 538 640 
0 152 161 532 539 640 
0 150 161 532 539 640 
0 149 162 533 537 640 
0 148 162 534 537 640 
0 147 163 640 
0 145 163 640 
0 144 164 640 
0 143 164 640 
0 141 165 640 
0 140 165 640 
0 139 166 640 
0 138 166 640 
0 137 166 640 
0 136 167 640 
0 136 167 640 
0 135 167 640 
0 134 167 640 
0 133 168 640 
0 132 168 640 
0 130 168 640 
0 130 169 640 
0 128 169 640 
0 127 169 640 
0 126 170 640 
0 126 170 640 
0 125 170 640 
0 124 171 640 
0 123 171 640 
0 122 171 640 
0 121 172 640 
0 119 172 640 
0 91 112 118 172 640 
0 84 172 640 
0 79 173 640 
0 77 173 640 
0 74 173 640 
0 71 174 640 
0 69 174 640 
0 67 175 640 
0 65 175 640 
0 63 177 640 
0 62 181 640 
0 60 184 640 
0 59 186 640 
0 58 189 640 
0 56 190 640 
0 55 193 640 
0 54 195 640 
0 53 197 640 
0 52 198 640 
0 51 200 640 
0 50 201 640 
0 50 203 640 
0 48 204 640 
0 47 206 640 
0 47 207 640 
0 46 209 640 
0 45 210 640 
0 44 211 640 
0 44 212 640 
0 43 213 640 
0 42 214 640 
0 42 216 640 
0 41 217 640 
0 41 217 640 
0 40 218 640 
0 40 219 640 
0 39 220 640 
0 38 221 640 
0 38 222 640 
0 37 222 640 
0 37 223 640 
0 37 224 640 
0 36 225 640 
0 35 225 640 
0 35 226 640 
0 35 227 640 
0 34 228 640 
0 34 228 640 
0 34 229 640 
0 33 230 640 
0 33 230 640 
0 33 231 640 
0 32 231 640 
0 32 232 640 
0 31 232 640 
0 31 233 640 
0 30 234 640 
0 30 234 640 
0 30 235 640 
0 29 235 640 
0 29 235 640 
0 29 236 640 
0 29 236 640 
0 28 237 640 
0 28 237 640 
0 28 237 640 
0 28 238 640 
0 28 238 640 
0 28 238 640 
0 28 239 640 
0 27 239 640 
0 27 240 640 
0 27 240 640 
0 27 240 640 
0 26 241 640 
0 26 241 640 
0 26 241 640 
0 26 241 640 
0 26 241 640 
0 26 242 640 
0 26 242 640 
0 26 242 640 
0 26 242 640 
0 26 242 640 
0 27 242 640 
0 26 242 640 
0 26 243 640 
0 27 242 640 
0 27 242 640 
0 27 242 640 
0 27 242 640 
0 27 242 351 354 640 
0 25 242 349 355 640 
0 23 242 347 355 640 
0 21 242 346 356 640 
0 19 242 345 356 640 
0 15 243 344 356 640 
0 10 243 343 356 640 
0 8 243 342 356 640 
0 5 243 341 356 640 
0 3 243 340 356 640 
243 339 356 640 
242 338 356 640 
242 338 355 640 
242 337 355 640 
242 336 354 640 
242 336 354 640 
242 335 354 640 
241 335 353 640 
241 335 353 640 
241 335 352 640 
241 335 352 640 
240 334 351 640 
240 334 351 640 
239 335 350 640 
238 335 349 640 
238 335 348 640 
237 335 347 640 
237 339 347 640 
236 340 345 640 
235 341 344 640 
235 341 343 640 
235 640 
235 640 
235 640 
235 640 
235 640 
235 640 
235 640 
235 640 
236 640 
236 640 
236 640 
236 364 366 640 
237 356 358 362 367 640 
237 355 359 360 367 640 
237 354 367 640 
238 352 367 640 
0 2 238 351 367 640 
0 3 239 350 367 640 
0 5 239 350 367 640 
0 6 240 349 367 640 
0 8 240 349 367 640 
0 10 241 348 367 640 
0 11 241 348 366 640 
0 13 242 347 366 640 
0 15 242 347 366 640 
0 18 243 347 365 640 
0 22 244 347 365 640 
0 22 244 347 365 640 
0 22 245 347 364 640 
0 22 245 347 364 640 
0 21 245 347 364 640 
0 21 244 348 363 640 
0 20 243 348 363 640 
0 20 241 348 362 640 
0 20 240 348 361 640 
0 19 238 349 361 640 
0 19 236 349 360 640 
0 19 235 349 359 640 
0 18 235 349 358 640 
0 18 235 350 356 640 
0 18 235 350 355 640 
0 17 235 351 353 640 
0 17 235 640 
0 17 235 640 
0 16 235 640 
0 16 235 640 
0 15 235 640 
0 15 235 640 
0 15 235 640 
0 14 235 640 
0 14 235 640 
0 14 235 640 
0 13 235 640 
0 13 235 640 
0 13 235 640 
0 12 235 640 
0 12 235 640 
0 11 235 640 
0 11 235 640 
0 10 235 640 
0 10 235 640 
0 9 235 640 
0 9 235 640 
0 9 235 640 
0 8 236 640 
0 8 236 640 
0 7 236 640 
0 7 236 640 
0 7 236 640 
0 6 236 640 
0 5 236 640 
0 5 236 640 
0 5 236 640 
0 4 236 640 
0 4 236 640 
0 3 236 640 
0 3 236 640 
0 3 236 640 
0 2 236 640 
0 2 236 640 
0 1 237 640 
237 640 
238 640 
238 640 
239 640 
240 640 
240 640 
241 640 
241 640 
242 640 
242 640 
243 640 
243 640 
244 640 
240 242 245 640 
240 243 245 640 
241 245 246 640 
241 640 
242 640 
242 640 
243 640 
243 640 
244 640 
244 640 
245 640 
245 640 
246 640 
240 242 246 640 
240 243 246 640 
240 245 247 640 
240 246 247 640 
240 640 
240 640 
240 640 
241 640 
241 640 
241 640 
241 640 
241 640 
241 640 
242 640 
0 1 242 640 
0 2 242 640 
0 3 242 640 
0 4 242 640 
0 6 243 640 
0 8 243 640 
0 9 45 48 243 640 
0 11 43 76 243 640 
0 12 41 79 243 640 
0 13 39 82 243 640 
0 15 36 85 244 640 
0 17 34 86 244 640 
0 20 30 85 244 640 
0 23 27 79 245 640 
0 75 245 640 
0 72 245 640 
0 69 245 640 
0 65 246 640 
0 61 246 640 
0 58 246 640 
0 56 246 640 
0 54 247 640 
0 52 240 243 248 640 
0 50 238 243 250 640 
0 48 235 244 251 339 377 640 
0 46 233 245 252 336 381 640 
0 45 233 246 253 327 389 640 
0 42 234 246 254 317 396 640 
0 40 235 247 255 311 403 640 
0 39 236 248 255 309 407 640 
0 38 237 248 255 307 409 640 
0 35 237 249 256 303 414 640 
0 33 238 249 256 300 416 640 
0 31 239 250 256 295 420 640 
0 29 239 250 256 291 423 640 
0 27 237 251 256 289 426 640 
0 25 233 252 256 285 429 640 
0 23 232 252 256 282 432 640 
0 20 231 253 255 280 435 640 
0 19 232 279 437 640 
0 18 233 277 439 640 
0 16 234 275 441 640 
0 15 234 272 444 640 
0 14 235 269 446 640 
0 13 236 267 448 640 
0 13 236 265 450 640 
0 12 237 263 451 640 
0 12 238 260 454 640 
0 12 238 258 456 640 
0 11 239 256 458 640 
0 11 240 255 459 640 
0 10 240 253 461 640 
0 10 241 252 463 640 
0 10 242 251 465 640 
0 10 242 249 466 640 
0 9 243 248 467 640 
0 9 244 246 469 640 
0 9 470 640 
0 10 472 640 
0 10 474 640 
0 11 475 640 
0 11 477 640 
0 12 478 640 
0 12 480 640 
0 12 481 640 
0 12 482 640 
0 12 483 640 
0 13 485 640 
0 13 486 640 
0 13 487 640 
0 13 488 640 
0 13 489 640 
0 13 491 640 
0 13 492 640 
0 14 493 640 
0 14 494 640 
0 14 495 640 
0 14 497 640 
0 13 497 640 
0 13 498 640 
0 13 500 640 
0 13 501 640 
0 13 502 640 
0 12 503 640 
0 12 504 640 
0 12 505 640 
0 12 506 640 
0 12 507 640 
0 12 507 640 
0 11 508 640 
0 11 509 640 
0 11 510 640 
0 11 511 640 
0 11 512 640 
0 11 513 640 
0 11 514 640 
0 10 515 640 
0 10 516 640 
0 9 517 640 
0 8 518 640 
0 8 518 640 
0 8 519 640 
0 8 520 640 
0 8 521 640 
0 8 522 640 
0 7 523 640 
0 7 523 640 
0 7 524 640 
0 7 524 640 
0 7 525 640 
0 6 525 640 
526 640 
527 640 
527 640 
0 2 528 640 
0 2 529 640 
0 2 529 640 
0 2 530 640 
0 1 531 640 
0 1 532 640 
0 2 532 640 
0 5 533 640 
0 5 533 640 
0 5 534 640 
0 5 535 640 
0 5 536 640 
0 5 536 640 
0 5 537 640 
0 5 538 640 
0 5 538 640 
0 5 539 640 
0 5 539 640 
0 4 540 640 
0 4 540 640 
0 5 540 640 
0 5 541 640 
0 5 541 640 
0 5 542 640 
0 5 542 640 
0 5 542 640 
0 4 543 640 
0 4 544 640 
0 3 544 640 
0 3 545 640 
0 2 545 640 
0 2 546 640 
0 2 546 640 
0 2 547 640 
0 1 547 640 
548 640 
548 640 
549 640 
549 640 
550 640 
550 640 
551 640 
551 640 
551 640 
235 237 552 640 
235 238 552 640 
235 238 552 640 
236 239 552 640 
236 239 550 640 
236 239 548 640 
236 239 546 640 
236 240 544 640 
236 240 542 640 
236 240 540 640 
0 6 236 240 538 640 
0 6 236 240 535 640 
0 6 236 240 533 640 
0 6 236 241 531 640 
0 6 236 241 529 640 
0 6 236 241 526 640 
0 6 236 241 524 640 
0 6 236 241 522 640 
0 5 236 241 519 640 
0 5 236 241 517 640 
0 5 236 241 515 640 
0 5 235 242 513 640 
0 5 235 241 511 640 
0 5 235 241 509 640 
0 5 235 240 506 640 
0 4 235 239 504 640 
0 4 235 238 502 640 
0 4 234 238 500 640 
0 4 234 238 497 640 
0 4 234 238 494 640 
0 4 233 238 493 640 
