

























201 213 
199 218 
197 222 
196 227 
195 230 
193 234 
191 237 
190 239 
189 240 
188 241 
187 241 
186 241 
185 242 
184 242 
184 242 
183 243 
182 243 
182 243 
181 243 
180 243 
179 244 
178 244 
178 244 
178 244 
177 245 
177 247 
177 252 
178 257 
178 259 
178 261 
178 263 
179 265 
179 267 
179 268 
179 270 
180 271 
180 273 
180 274 
181 275 
181 276 
181 277 
180 278 
179 279 
178 280 
177 282 
175 282 
174 283 
173 283 
172 284 
171 285 
170 286 
169 287 
168 287 
167 288 
165 288 
164 290 
162 290 
161 291 
160 292 
160 292 
159 293 
158 294 
157 295 
156 296 
155 297 
154 297 
153 298 
153 299 
152 299 
151 300 
151 301 
150 302 
150 302 
150 303 
149 303 
148 304 
148 304 
148 305 
147 305 
147 306 
146 306 
146 307 
146 307 
145 308 
145 308 
144 308 
144 309 
144 309 
143 309 
143 310 
143 310 
143 310 
142 311 
142 311 
142 311 
142 312 
141 312 
141 312 
141 312 
141 313 
141 313 
141 313 
141 314 
141 314 
141 315 
141 315 
141 315 
141 316 
141 316 
141 317 
141 317 
141 317 
141 318 
141 318 
142 318 
142 319 
142 144 145 319 
145 319 
145 320 
146 320 
146 321 
147 321 
148 321 
149 322 
149 322 
149 322 
149 322 
151 322 
151 323 
152 323 
153 324 
153 324 
153 325 
154 326 
154 326 
155 327 
155 327 
155 328 
156 328 
156 329 
157 329 
157 160 161 330 
157 160 162 330 
162 165 167 330 
167 179 180 331 
170 179 180 331 
172 174 175 332 
176 332 
178 328 329 332 
180 328 329 333 
181 329 330 333 
180 327 328 329 331 334 
180 327 332 334 345 349 351 354 
180 327 345 355 
179 328 345 356 
179 328 345 358 
178 329 345 359 370 371 
178 329 344 360 363 367 369 372 
177 330 344 361 363 373 
176 330 344 373 
175 331 344 374 
174 331 343 375 
174 329 343 375 
174 329 343 376 
174 330 342 376 
175 330 342 377 
177 330 341 378 
179 331 341 378 
182 332 340 379 
184 332 340 379 
186 333 339 380 
186 333 339 381 
186 334 338 381 
186 324 325 334 337 382 
187 323 329 335 337 384 
187 324 333 385 
187 324 335 387 
188 324 334 388 
190 324 334 390 
192 324 333 392 
193 325 333 393 
193 325 332 395 
194 326 331 397 
194 326 330 399 
195 323 324 327 329 401 
195 323 329 403 
196 323 328 405 
196 323 327 407 
200 313 314 323 326 409 
200 313 315 323 325 412 
202 312 315 324 325 414 
202 312 315 417 
0 7 50 55 203 312 315 420 
0 9 43 60 204 220 221 312 316 319 320 423 
0 12 37 61 205 217 221 312 317 318 320 427 
0 13 31 61 205 208 209 214 221 311 320 431 
0 15 25 62 93 96 210 213 221 311 319 435 
0 17 20 62 91 104 211 213 222 225 226 311 319 440 
0 63 89 106 223 224 226 311 318 446 
0 63 88 109 226 311 317 456 
0 64 86 111 226 311 316 467 
0 64 83 114 226 304 305 311 316 489 
0 65 80 115 226 301 306 310 315 510 
0 65 79 117 224 293 298 301 306 307 308 310 314 522 
0 66 78 118 223 292 308 310 313 526 
0 66 77 119 221 292 308 310 312 530 
0 67 77 120 220 292 309 310 312 534 
0 67 76 141 219 291 310 537 
0 181 218 291 310 540 
0 187 217 291 309 543 
0 187 215 290 308 545 
0 186 214 290 307 547 
0 181 213 290 306 549 
0 171 212 289 306 550 
0 159 211 287 305 552 
0 151 210 287 304 552 
0 132 134 141 209 287 303 554 
0 128 208 287 302 555 
0 128 207 287 301 555 
2 129 205 288 300 557 
2 129 204 288 300 557 
3 130 203 288 299 558 
3 130 202 288 298 560 
4 130 197 288 297 560 
4 131 193 288 296 561 
5 131 191 288 295 562 
5 132 190 289 294 563 
6 132 189 290 293 564 
6 132 188 564 
7 133 188 565 
8 133 187 566 
8 133 186 567 
8 133 186 567 
9 134 185 568 
10 134 185 569 
10 134 185 570 
10 88 89 134 185 571 
11 83 91 135 184 571 
12 83 91 135 184 572 
12 84 92 135 183 573 
13 84 92 135 182 574 
13 85 93 136 181 575 
14 85 93 136 180 575 
14 86 94 136 179 576 
15 86 95 136 177 577 
16 87 95 137 176 578 
16 87 96 137 175 578 
16 88 96 137 174 579 
17 88 97 137 173 580 
17 89 98 138 172 581 
18 90 99 138 172 581 
18 90 100 138 171 582 
19 90 100 138 170 583 
19 91 101 139 170 584 
20 92 102 139 169 584 
21 92 103 139 168 585 
21 93 103 140 168 586 
22 93 104 140 168 587 
22 94 105 140 167 588 
23 94 105 141 167 588 
23 95 105 141 167 589 
24 95 106 142 167 590 
24 96 106 142 167 590 
25 96 106 143 167 591 
25 97 106 144 167 592 
26 97 106 144 167 593 
26 98 107 145 167 593 
27 98 107 145 167 594 
27 99 107 146 167 595 
28 100 107 146 167 595 
28 100 107 147 167 596 
29 101 107 147 167 597 
30 101 107 147 167 598 
30 102 107 148 168 598 
31 102 107 148 168 599 
31 103 107 149 168 600 
31 103 107 149 168 600 
32 104 108 150 167 601 
33 104 108 150 167 602 
33 105 108 150 166 603 
34 106 108 151 165 603 
34 106 108 151 165 604 
35 106 109 152 164 604 
35 106 109 152 163 605 
36 106 110 153 163 606 
36 105 110 153 162 606 
37 105 110 153 162 607 
37 105 110 154 161 608 
38 104 111 154 160 608 
39 103 111 155 160 609 
39 101 111 155 159 610 
40 99 112 155 159 610 
40 97 112 156 158 611 
41 98 112 156 158 612 
41 98 113 612 
41 99 113 613 
42 100 113 614 
43 100 114 614 
43 101 114 615 
44 102 114 616 
44 102 115 616 
45 103 115 617 
45 104 115 617 
46 104 115 618 
46 105 116 619 
46 105 116 619 
47 106 116 620 
47 106 117 621 
48 107 117 621 
50 107 118 326 330 622 
52 108 118 325 330 622 
54 108 118 326 330 623 
56 109 119 326 329 338 339 623 
58 110 119 326 330 332 334 337 339 624 
59 110 119 325 335 336 339 625 
60 111 120 324 339 625 
61 112 120 324 339 626 
62 114 120 325 339 626 
63 115 121 326 339 627 
65 117 121 327 339 349 350 627 
66 119 121 328 340 349 350 628 
67 329 340 348 350 629 
69 307 340 348 350 629 
70 308 340 347 350 630 
71 308 340 343 344 347 350 630 
73 309 344 347 350 352 354 631 
74 309 345 347 351 352 354 357 358 631 
75 299 300 309 345 346 354 357 358 632 
77 299 355 357 358 633 
79 299 358 633 
80 277 279 300 357 634 
81 276 286 300 357 635 
82 276 293 295 356 636 
84 275 292 295 356 636 
85 275 290 301 356 637 
86 275 289 302 356 638 
88 275 289 303 355 638 
89 275 288 304 355 639 
90 274 288 305 355 640 
92 274 288 305 355 640 
93 274 288 306 355 640 
94 274 287 306 355 640 
94 273 287 306 354 640 
95 273 287 306 354 640 
95 273 287 306 354 640 
95 273 287 306 354 640 
95 273 287 306 354 640 
96 272 287 306 354 640 
96 272 287 306 353 640 
96 272 287 306 353 640 
97 272 287 306 353 640 
97 272 287 305 353 640 
97 271 287 305 353 640 
98 271 287 305 353 640 
98 271 287 304 352 640 
99 270 287 304 352 640 
99 270 286 303 352 640 
100 270 286 303 352 355 356 640 
101 270 286 303 352 354 356 640 
101 270 286 303 356 640 
102 270 286 302 356 357 359 640 
103 269 286 302 356 357 359 640 
104 269 286 302 359 640 
105 269 286 302 359 640 
106 269 286 301 358 635 636 640 
107 269 285 301 358 635 636 640 
108 269 285 301 358 635 637 640 
108 269 285 301 358 636 638 640 
109 269 285 301 358 636 639 640 
110 268 285 300 358 636 
111 268 285 300 358 636 
112 268 285 300 358 637 
113 268 284 300 358 637 
114 268 284 300 358 637 
115 268 284 299 357 637 
116 267 284 299 357 637 
117 267 284 299 357 637 
118 267 284 299 357 637 
119 267 283 299 357 637 
120 267 283 298 357 637 
121 267 283 298 357 637 
122 268 283 298 357 638 
123 268 283 298 357 364 365 637 
124 269 282 298 357 359 360 364 365 637 
125 269 282 298 357 359 360 363 365 637 
126 269 282 297 360 363 365 637 
127 270 282 297 361 362 365 637 
128 270 282 297 365 637 
129 270 282 297 365 632 633 637 
130 271 281 297 365 633 635 637 
131 271 281 297 365 633 
132 271 281 297 365 634 
133 272 281 296 365 634 
134 272 280 296 365 635 
135 273 280 296 365 636 
136 273 280 296 365 636 
137 273 280 296 365 637 
138 274 279 296 365 638 
139 274 279 295 365 638 
140 274 279 295 365 639 
141 275 279 295 365 640 
142 275 278 295 365 640 
142 275 278 295 365 640 
144 276 278 295 365 640 
145 276 278 295 365 640 
145 277 278 295 365 640 
146 294 365 640 
145 294 365 367 369 640 
145 294 370 640 
145 294 371 640 
144 294 371 640 
144 294 371 640 
144 294 371 640 
143 293 371 640 
143 293 371 640 
142 293 370 386 387 640 
141 293 370 385 386 640 
140 293 370 384 386 640 
139 293 370 383 386 640 
138 293 370 382 386 640 
137 293 370 381 385 640 
136 293 370 380 385 640 
135 293 370 378 385 640 
135 293 373 377 385 640 
134 293 373 376 385 640 
133 293 384 640 
133 293 384 640 
132 293 384 640 
132 293 384 640 
132 294 384 640 
132 303 384 640 
132 308 383 640 
132 310 383 640 
132 311 383 640 
132 313 385 640 
132 314 385 396 397 640 
133 315 386 396 397 640 
133 316 385 395 397 640 
133 317 385 394 397 640 
134 318 385 393 397 640 
135 320 385 393 397 640 
135 320 385 387 388 392 398 640 
136 321 388 391 398 640 
136 322 388 391 398 640 
135 323 398 640 
135 324 398 640 
135 325 397 640 
135 326 397 640 
135 327 397 640 
135 328 397 640 
135 329 397 640 
135 329 397 640 
135 330 397 640 
135 330 397 640 
