0 181 329 364 
0 181 330 362 
0 182 334 358 
0 182 337 344 346 355 
0 183 
0 183 
0 184 
0 184 
0 185 
0 186 
0 187 
0 189 
0 190 
0 190 
0 189 
0 188 
0 188 
0 189 
0 190 
0 191 
0 192 
0 193 
0 193 
0 194 
0 195 
0 196 
0 197 
0 197 
0 198 
0 200 
0 203 
0 208 
0 211 
0 212 
0 213 
0 214 
0 215 
0 215 
0 216 
0 217 
0 218 
0 218 
0 214 
0 215 
0 215 
0 216 
0 217 
0 217 636 637 638 640 
0 218 633 640 
0 219 631 640 
0 220 629 640 
0 220 629 640 
0 221 628 640 
0 221 628 640 
0 222 628 640 
0 222 628 640 
0 223 627 640 
0 224 627 640 
0 225 627 640 
0 226 627 640 
0 227 627 640 
0 228 627 640 
0 230 626 640 
0 230 626 640 
0 232 626 640 
0 233 626 640 
0 233 626 640 
0 235 626 640 
0 235 626 640 
0 237 626 640 
0 238 625 640 
0 238 625 640 
0 240 625 640 
0 240 625 640 
0 241 625 640 
0 242 624 640 
0 243 624 640 
0 244 624 640 
0 246 624 640 
0 247 624 640 
0 250 627 640 
0 251 631 640 
0 252 636 640 
0 253 
0 253 
0 254 
0 255 
0 256 
0 258 
0 259 260 263 
0 264 
0 265 
0 266 
0 268 
0 269 
0 270 
0 272 
0 273 
0 274 
0 276 
0 277 
0 278 
0 279 
0 280 
0 281 
0 283 
0 284 
0 285 
0 286 
0 287 
0 287 
0 288 
0 288 
0 288 
0 289 
0 290 
0 292 
0 293 
0 295 
0 295 
0 297 
0 298 
0 299 
0 301 
0 302 
0 303 
0 304 
0 305 
0 307 
0 308 
0 309 
0 314 
0 315 
0 317 
0 318 
0 320 
0 321 
0 323 
0 324 
0 325 
0 325 
0 325 
0 325 
0 326 
0 326 
0 326 
0 326 
0 327 
0 327 
0 327 
0 328 
0 328 
0 328 
0 329 
0 329 
0 329 
0 330 
0 330 
0 331 
0 331 
0 332 
0 332 
0 333 
0 334 
0 334 
0 335 354 355 
0 335 339 340 353 356 
0 336 338 341 354 357 
0 337 339 341 346 348 354 358 
0 338 339 342 346 349 354 359 
0 338 340 343 346 349 355 360 
0 339 340 343 347 350 355 360 
0 344 347 350 355 361 
0 345 347 351 356 362 
0 346 347 351 353 362 
0 352 353 363 
0 364 
0 365 
0 366 
0 366 
0 366 
0 366 
0 365 
0 364 
0 363 
0 362 
0 360 
0 358 
0 356 
0 355 
0 353 
0 352 
0 351 
0 351 
0 351 
0 352 
0 352 
0 352 
0 353 
0 354 
0 356 
0 358 
0 359 
0 361 
0 362 
0 363 
0 364 
0 365 
0 365 
0 365 
0 366 
0 366 
0 320 325 327 338 366 
0 317 343 366 
0 315 345 366 
0 313 348 366 
0 310 349 366 
0 309 350 366 
0 308 352 367 
0 290 293 307 353 367 
0 290 294 305 354 368 
0 290 295 304 356 368 
0 290 295 303 357 370 
0 291 296 301 358 372 
0 292 296 300 359 373 
0 292 297 299 360 375 
0 293 360 376 
0 293 362 378 
0 293 363 379 
0 293 364 380 
0 293 364 381 
0 292 365 382 
0 290 366 383 
0 289 366 384 
0 288 367 384 
0 287 368 384 
0 286 369 384 
0 285 369 384 
0 284 370 384 
0 283 371 384 
0 282 371 384 
0 281 372 384 
0 279 372 384 
0 277 373 384 
0 276 373 383 
0 275 374 384 
0 274 374 385 
0 272 375 387 
0 272 376 389 
0 271 376 390 
0 270 376 391 432 434 
0 269 377 392 431 435 
0 268 377 393 423 425 431 435 
0 267 377 393 422 425 430 435 
0 266 378 394 421 425 429 436 
0 265 378 395 419 425 428 437 
0 264 378 395 418 425 428 437 
0 264 378 396 416 425 427 438 
0 264 379 397 414 424 426 438 
0 263 379 398 412 424 426 439 
0 263 379 399 410 439 
0 263 380 400 408 439 
0 263 380 402 406 439 
0 263 380 439 
0 263 381 438 
0 263 381 437 
0 263 381 436 
0 263 381 435 
0 263 381 434 
0 263 381 434 
0 263 382 435 
0 263 382 435 
0 263 382 436 
0 263 382 437 
0 263 382 437 
0 263 382 438 
0 263 382 439 
0 263 382 440 
0 263 381 441 
0 263 381 442 
0 263 381 442 
0 263 381 443 
0 263 380 444 
0 263 380 445 
0 263 380 445 
0 263 379 446 
0 264 379 447 
0 264 378 447 
0 264 378 448 
0 265 377 448 
0 265 376 448 
0 266 375 447 
0 266 374 446 
0 267 373 445 
0 268 372 445 
0 269 371 444 
0 269 370 443 
0 270 369 443 
0 271 369 442 
0 272 370 441 
0 272 371 441 
0 273 372 440 
0 274 374 440 
0 275 375 439 
0 275 375 438 
0 276 376 437 
0 277 377 436 
0 278 379 435 
0 279 380 435 
0 279 380 434 
0 280 381 433 
0 281 382 433 
0 282 382 433 
0 283 383 433 
0 284 384 433 
0 285 384 433 
0 286 385 433 
0 287 385 433 
0 288 386 433 
0 288 386 433 
0 289 387 433 
0 290 387 433 
0 292 388 433 
0 293 388 433 
0 295 389 433 
0 298 390 433 
0 300 390 433 
0 303 390 433 
0 306 391 432 
0 310 391 432 
0 314 391 432 
0 318 392 432 
0 324 392 432 
0 329 393 432 
0 333 393 432 
0 336 393 432 
0 339 394 432 
0 341 394 432 
0 342 394 432 
0 343 395 432 
0 344 395 432 
0 345 396 431 
0 346 396 431 
0 347 396 431 
0 347 397 430 
0 348 397 429 
0 349 397 429 
0 349 397 428 
0 350 398 427 
0 350 398 427 
0 351 398 426 
0 352 399 425 
0 352 399 424 
0 352 399 424 
0 353 400 423 
0 353 400 422 
0 353 400 421 
0 354 401 421 
0 354 401 420 
0 354 401 419 
0 355 401 418 
0 355 402 417 
0 355 402 416 
0 355 402 415 
0 356 403 415 
0 356 403 414 
0 356 403 413 
0 356 403 412 
0 356 404 411 
0 357 404 411 
0 357 405 410 
0 357 405 409 
0 357 405 408 
0 357 406 407 
0 358 
0 358 
0 358 
0 358 
0 358 
0 359 
0 359 
0 359 
0 359 
0 359 
0 359 
0 360 
0 360 
0 360 
0 360 
0 360 
0 360 
0 360 
0 360 
0 361 
0 361 
0 361 
0 361 
0 361 
0 361 
0 361 
0 362 
0 362 
0 362 
0 362 
0 362 
0 362 
0 362 
0 362 
0 362 
0 362 
0 363 
0 363 
0 363 
0 363 
0 363 
0 363 
0 363 
0 363 
0 363 
0 363 
0 364 
0 364 
0 364 
0 364 
0 364 
0 364 
0 364 
0 364 
0 364 
0 364 
0 364 
0 364 
0 364 
0 365 
0 365 
0 365 
0 365 
0 365 
0 365 
0 365 
0 365 
0 365 
0 365 
0 365 
0 365 
0 366 
0 366 
0 366 
0 366 
0 366 
0 366 
0 366 
0 366 
0 366 
0 366 
0 366 
0 367 
0 367 
0 367 
0 367 
0 367 
0 367 
0 367 
0 367 
0 367 
0 367 
0 367 
0 367 
0 367 
0 368 
0 368 
0 368 
0 368 
0 368 
0 368 
0 368 
0 368 
0 368 
0 369 
0 369 
