








































































































































































































































314 325 
312 332 
309 335 
307 337 
306 340 
304 342 
302 344 
301 346 
299 347 
297 349 
296 350 
295 352 
294 353 
293 354 
292 355 
291 355 
290 357 
289 358 
288 359 
287 360 
286 361 
286 361 
285 362 
284 363 
283 364 
282 364 
280 365 
280 365 
279 366 
278 366 
278 366 
277 367 
277 367 
276 368 
276 368 
276 368 
275 369 
275 369 
274 370 
274 370 
274 370 
273 371 
273 371 
273 371 
273 371 
272 371 
272 371 
272 371 
272 371 
272 371 
272 371 
272 371 
272 371 
272 371 
272 371 
272 370 
272 370 
273 370 
273 369 
273 369 
273 369 
274 369 
274 369 
275 368 
275 368 
275 368 
276 367 
276 367 
277 366 
277 365 
278 364 
279 364 
279 363 
280 362 
281 362 
282 361 
283 360 
284 359 
285 358 
286 358 
287 357 
288 356 
289 355 
290 354 
291 354 
293 353 
294 352 
295 350 
297 349 
298 348 
299 346 
301 344 
302 343 
304 342 
306 339 
309 337 
314 335 
319 332 
326 328 




















































































































































