

























236 254 
225 261 
221 265 
218 268 
216 271 
215 273 333 358 
215 276 328 364 
215 277 325 368 
214 278 322 372 
212 279 320 375 
212 280 288 305 319 378 
211 281 285 309 317 380 
211 282 284 311 317 381 
210 312 316 382 
210 313 315 383 
211 314 315 383 
211 382 
212 383 
211 384 
211 384 
212 384 
212 385 
212 385 
213 385 
213 384 
213 383 
213 383 
213 383 
214 383 
213 383 
213 382 
214 382 
215 381 
215 381 
215 380 
215 380 
215 380 
215 380 
215 380 
215 380 
215 379 
216 378 
217 377 
217 377 
216 378 
216 378 
216 378 
217 378 
217 377 
217 377 
218 376 
219 376 
220 376 
220 375 
219 375 
219 375 
220 375 
221 374 
221 374 
221 372 
222 372 
222 372 
223 234 239 372 
225 230 239 371 
239 370 
239 370 
238 370 
238 369 
238 354 355 368 
238 353 358 367 
238 353 361 366 
237 353 
237 353 
236 354 
236 354 
235 354 
234 354 
234 354 
233 354 
233 354 
232 354 
231 354 
231 354 
230 354 
230 354 
229 354 
229 354 
229 354 
229 353 
229 353 
229 353 
230 353 
230 353 
231 353 
232 354 
234 354 
234 354 
233 354 
233 353 
233 352 
233 352 
232 351 
232 350 
232 348 
232 347 
232 347 
232 347 
232 346 
231 346 
231 345 
231 345 
231 344 
231 344 
231 343 
230 343 
230 343 
230 342 
230 342 
230 341 
230 341 
229 340 
229 339 
229 339 
228 338 
228 338 
228 233 234 337 
228 233 234 337 
228 232 234 336 
227 232 234 335 
227 231 233 335 
227 231 233 334 
227 230 233 334 
227 230 233 334 
227 229 233 334 
226 229 233 334 
226 229 233 334 
226 228 233 334 
226 228 232 333 
232 333 
232 333 
232 333 
232 333 
232 333 
232 334 
232 340 
232 342 
231 342 
231 342 
231 341 
231 341 
231 340 
231 340 
231 339 
231 338 
231 233 235 339 
231 233 235 341 
231 233 235 343 
231 233 235 345 
231 233 236 346 
236 348 
236 349 
230 231 236 350 
230 232 236 351 
230 232 236 352 
230 232 236 353 
230 232 236 354 
230 231 236 355 
230 231 235 356 
230 231 234 357 
233 358 
232 358 
232 359 
231 359 
230 359 
230 360 
229 360 
229 360 
229 361 
228 361 
228 361 
228 361 
228 361 
228 362 
228 362 
227 362 
227 362 
227 362 
227 362 
227 362 
227 362 
227 362 
227 362 
227 363 
227 363 
227 363 
227 363 
227 363 
227 363 
227 363 
226 364 
226 364 
226 365 
226 370 
226 374 
226 376 
226 377 
226 378 
226 379 
225 380 
225 380 
225 380 
225 380 
224 380 
222 380 
212 380 
211 380 
210 380 
209 380 
209 379 
209 379 
209 378 
210 377 
210 376 
211 375 
211 375 
212 374 
213 374 
213 374 
214 374 
215 374 
215 375 
215 375 
216 375 
216 376 
217 256 257 376 
217 255 257 377 
217 254 257 377 
217 254 258 377 
216 253 258 377 
216 253 259 378 
216 252 259 378 
216 252 259 378 
216 252 260 379 
215 252 260 379 
215 252 260 379 
215 252 261 379 
215 253 261 380 
215 252 261 380 
214 253 262 380 
214 253 262 380 
214 253 262 381 
214 253 262 381 
214 253 263 382 
213 253 263 382 
213 253 263 382 
213 253 263 383 
213 253 263 383 
213 253 264 383 
212 253 264 384 
212 253 264 384 
212 253 264 385 
212 253 264 385 
211 253 264 385 
211 253 264 386 
211 253 264 386 
211 253 264 387 
211 253 264 387 
211 253 264 387 
210 253 264 388 
210 253 264 388 
209 253 264 389 
209 253 264 389 
208 253 264 389 
208 253 264 390 
207 253 264 390 
207 253 264 391 
206 253 264 391 
206 253 264 392 
205 253 264 392 
205 253 264 392 
204 253 264 393 
204 253 264 393 
203 252 263 394 
203 252 263 394 
202 252 263 395 
202 252 263 395 
201 252 263 395 
201 253 263 396 
200 253 263 396 
200 252 263 397 
199 252 263 397 
199 253 263 398 
198 253 262 398 
198 253 262 399 
197 252 262 399 
197 252 262 400 
196 252 262 400 
196 253 262 400 
195 253 262 401 
194 253 262 401 
194 253 263 402 
193 253 263 402 
193 254 263 403 
192 254 262 403 
192 254 262 404 
191 254 261 404 
191 254 261 405 
190 254 261 405 
190 255 261 406 
189 255 263 406 
189 255 263 407 
188 255 263 407 
187 255 262 407 
187 255 262 407 
186 255 261 407 
186 256 260 407 
185 256 259 407 
185 256 259 407 
185 256 258 407 
184 407 
183 406 
183 406 
182 406 
182 405 
181 405 
181 405 
180 404 
180 404 
179 404 
178 404 
178 403 
178 403 
178 403 
179 402 
179 403 
180 403 
180 247 248 403 
181 247 249 403 
182 247 248 404 
182 404 
183 246 247 404 
184 246 247 405 
184 245 247 405 
185 245 247 405 
185 245 246 405 
185 406 
185 406 
185 406 
185 244 245 406 
185 406 
184 406 
184 406 
184 406 
184 406 
183 406 
183 405 
183 405 
183 405 
182 404 
182 403 
182 402 
182 401 
182 399 
182 397 
181 397 
181 396 
181 396 
181 396 
181 396 
181 395 
181 238 239 395 
181 395 
181 237 239 395 
181 237 238 395 
181 237 238 395 
181 236 238 394 
181 236 238 394 
181 235 237 394 
181 235 237 394 
181 235 237 394 
181 234 236 393 
181 234 236 393 
181 233 235 393 
182 233 235 393 
183 233 235 393 
185 232 235 393 
185 232 234 392 
185 231 234 392 
185 231 233 392 
185 230 233 392 
185 230 233 391 
184 229 232 391 
184 229 232 391 
184 228 232 390 
184 228 231 390 
183 227 231 390 
183 227 231 389 
183 226 230 389 
183 225 230 389 
183 225 230 388 
182 224 230 388 
182 224 229 389 
182 224 229 389 
182 223 229 389 
181 222 228 390 
181 222 228 390 
181 221 228 390 
181 221 227 391 
181 220 227 391 
181 219 227 391 
180 219 226 392 
180 218 226 392 
180 218 226 392 
180 217 225 393 
180 216 225 393 
180 216 225 393 
179 215 224 394 
179 214 224 394 
179 214 224 394 
179 213 224 394 
179 213 223 395 
179 212 223 395 
178 211 223 395 
178 210 222 396 
178 210 222 396 
178 209 222 396 
178 208 221 397 
178 208 221 397 
178 207 221 398 
178 206 220 398 
178 206 220 398 
178 205 220 398 
178 204 219 399 
178 204 219 399 
178 203 219 399 
178 202 219 400 
178 202 218 400 
179 201 218 400 
179 200 218 400 
179 199 217 401 
179 199 217 401 
180 198 217 401 
180 197 216 402 
181 196 216 402 
181 195 216 402 
182 194 215 403 
183 193 215 403 
185 193 215 403 
187 189 191 193 215 404 
187 189 191 193 214 404 
187 189 191 193 214 404 
186 189 191 194 213 405 
186 188 191 194 213 405 
186 188 191 194 213 406 
