0 640 
0 640 
0 640 
0 640 
0 640 
0 640 
0 640 
0 640 
0 640 
0 640 
0 640 
0 640 
0 640 
0 640 
0 640 
0 640 
0 640 
0 640 
0 640 
0 640 
0 640 
0 640 
0 640 
0 640 
0 640 
0 640 
0 640 
0 640 
0 640 
0 640 
0 640 
0 640 
0 640 
0 640 
0 640 
0 640 
0 640 
0 640 
0 640 
0 640 
0 640 
0 640 
0 640 
0 640 
0 640 
0 640 
0 640 
0 640 
0 640 
0 640 
0 640 
0 640 
0 640 
0 640 
0 640 
0 640 
0 640 
0 640 
0 640 
0 640 
0 640 
0 640 
0 640 
0 640 
0 640 
0 640 
0 640 
0 640 
0 640 
0 640 
0 640 
0 640 
0 640 
0 640 
0 640 
0 640 
0 640 
0 640 
0 640 
0 640 
0 640 
0 640 
0 640 
0 324 341 640 
0 316 347 640 
0 311 352 640 
0 306 355 640 
0 303 358 640 
0 300 360 640 
0 298 363 640 
0 294 365 640 
0 291 367 640 
0 289 368 640 
0 287 370 640 
0 284 371 640 
0 282 373 640 
0 280 374 640 
0 278 376 640 
0 276 377 640 
0 274 378 640 
0 272 379 640 
0 270 381 640 
0 269 382 640 
0 267 384 640 
0 265 386 640 
0 264 387 640 
0 263 389 640 
0 261 390 640 
0 260 391 640 
0 259 393 640 
0 257 394 640 
0 256 395 640 
0 255 396 640 
0 255 397 640 
0 254 398 640 
0 253 399 640 
0 252 400 640 
0 252 400 640 
0 251 401 640 
0 250 401 640 
0 250 402 640 
0 250 403 640 
0 249 403 640 
0 248 404 640 
0 248 404 640 
0 247 405 640 
0 247 406 640 
0 246 406 640 
0 246 407 640 
0 245 407 640 
0 245 408 640 
0 245 409 640 
0 244 409 640 
0 244 410 640 
0 243 410 640 
0 243 411 640 
0 243 411 640 
0 242 411 640 
0 242 411 640 
0 241 412 640 
0 241 412 640 
0 240 413 640 
0 240 413 640 
0 240 413 640 
0 239 414 640 
0 239 414 640 
0 238 414 640 
0 238 415 640 
0 238 415 640 
0 237 415 640 
0 237 416 640 
0 237 416 640 
0 236 416 640 
0 236 417 640 
0 235 417 640 
0 235 418 640 
0 235 418 640 
0 234 418 640 
0 234 418 640 
0 234 418 640 
0 233 419 640 
0 233 419 640 
0 233 419 640 
0 233 419 640 
0 233 420 640 
0 232 420 640 
0 232 420 640 
0 232 420 640 
0 232 420 640 
0 232 420 640 
0 231 420 640 
0 231 421 640 
0 231 421 640 
0 230 234 238 421 640 
0 230 234 238 421 640 
0 230 233 238 421 640 
0 230 233 238 421 640 
0 230 232 238 421 640 
0 230 232 238 422 640 
0 230 231 239 422 640 
0 239 422 640 
0 239 422 640 
0 239 422 640 
0 239 422 640 
0 239 422 640 
0 239 240 241 422 640 
0 241 423 640 
0 242 423 640 
0 242 423 640 
0 242 423 640 
0 243 423 640 
0 243 423 640 
0 243 423 640 
0 244 423 640 
0 244 423 640 
0 245 423 640 
0 246 423 640 
0 246 423 640 
0 247 423 640 
0 248 423 640 
0 248 267 268 423 640 
0 249 267 269 423 640 
0 250 264 265 267 270 423 640 
0 250 263 271 423 640 
0 251 252 254 256 258 262 271 423 640 
0 254 256 259 262 271 423 640 
0 261 262 270 423 640 
0 270 423 640 
0 269 423 640 
0 269 423 640 
0 268 423 640 
0 266 423 640 
0 265 423 640 
0 265 423 640 
0 265 423 640 
0 265 423 640 
0 265 422 640 
0 264 422 640 
0 264 422 640 
0 265 422 640 
0 266 422 640 
0 266 422 640 
0 268 422 640 
0 270 422 640 
0 272 422 640 
0 273 422 640 
0 274 422 640 
0 274 422 640 
0 275 422 640 
0 275 422 640 
0 275 422 640 
0 276 422 640 
0 276 422 640 
0 277 422 640 
0 278 422 640 
0 280 422 640 
0 281 422 640 
0 281 422 640 
0 281 422 640 
0 282 421 640 
0 281 421 640 
0 281 421 640 
0 281 421 640 
0 281 421 640 
0 280 421 640 
0 280 421 640 
0 280 421 640 
0 280 421 640 
0 280 421 640 
0 280 421 640 
0 279 420 640 
0 279 420 640 
0 279 420 640 
0 279 420 640 
0 279 420 640 
0 279 420 640 
0 278 420 640 
0 278 420 640 
0 278 420 640 
0 278 420 640 
0 278 419 640 
0 278 419 640 
0 278 419 640 
0 277 419 640 
0 277 419 640 
0 277 419 640 
0 277 418 640 
0 277 418 640 
0 277 418 640 
0 276 418 640 
0 276 418 640 
0 276 418 640 
0 275 418 640 
0 275 418 640 
0 275 418 640 
0 275 418 640 
0 274 418 640 
0 274 417 640 
0 274 417 640 
0 274 417 640 
0 273 417 640 
0 273 417 640 
0 273 417 640 
0 273 417 640 
0 273 417 640 
0 273 417 640 
0 272 417 640 
0 272 417 640 
0 272 416 640 
0 272 416 640 
0 271 416 640 
0 271 416 640 
0 271 416 640 
0 270 416 640 
0 270 416 640 
0 270 416 640 
0 270 416 640 
0 270 416 640 
0 269 416 640 
0 269 416 640 
0 269 416 640 
0 269 416 640 
0 268 416 640 
0 268 416 640 
0 268 416 640 
0 268 416 640 
0 267 416 640 
0 267 416 640 
0 267 416 640 
0 267 416 640 
0 266 417 640 
0 266 417 640 
0 266 417 640 
0 266 417 640 
0 265 417 640 
0 265 417 640 
0 265 417 640 
0 264 417 640 
0 264 417 640 
0 264 417 640 
0 264 417 640 
0 263 417 640 
0 263 417 640 
0 263 417 640 
0 263 417 640 
0 263 417 640 
0 262 417 640 
0 262 417 640 
0 262 417 640 
0 261 417 640 
0 261 417 640 
0 260 417 640 
0 260 417 640 
0 259 417 640 
0 259 417 640 
0 258 417 640 
0 257 418 640 
0 257 418 640 
0 256 418 640 
0 255 418 640 
0 255 418 640 
0 254 418 640 
0 254 418 640 
0 253 418 640 
0 253 418 640 
0 252 418 640 
0 252 418 640 
0 251 418 640 
0 251 418 640 
0 250 418 640 
0 250 418 640 
0 250 418 640 
0 250 418 640 
0 250 418 640 
0 250 419 640 
0 250 419 640 
0 250 420 640 
0 250 421 640 
0 251 422 640 
0 252 422 640 
0 252 423 640 
0 252 424 640 
0 251 425 640 
0 251 426 640 
0 251 427 640 
0 250 428 640 
0 250 428 640 
0 250 429 640 
0 249 430 640 
0 249 431 640 
0 249 431 640 
0 248 433 640 
0 248 434 640 
0 248 435 640 
0 247 436 640 
0 247 436 640 
0 247 437 640 
0 246 438 640 
0 246 439 640 
0 245 440 640 
0 245 441 640 
0 245 442 640 
0 244 443 640 
0 244 443 640 
0 244 445 640 
0 243 445 640 
0 243 446 640 
0 243 447 640 
0 242 448 640 
0 242 449 640 
0 242 450 640 
0 242 451 640 
0 241 452 640 
0 241 453 640 
0 240 454 640 
0 240 455 640 
0 240 455 640 
0 240 456 640 
0 240 457 640 
0 239 458 640 
0 239 459 640 
0 239 460 640 
0 239 461 640 
0 238 462 640 
0 238 463 640 
0 238 464 640 
0 238 465 640 
0 237 465 640 
0 237 466 640 
0 237 467 640 
0 236 468 640 
0 236 469 640 
0 236 470 640 
0 236 470 640 
0 235 471 640 
0 235 473 640 
0 235 474 640 
0 235 474 640 
0 234 475 640 
0 234 476 640 
0 234 477 640 
0 234 478 640 
0 233 479 640 
0 233 480 640 
0 233 480 640 
0 233 481 640 
0 233 482 640 
0 232 483 640 
0 232 484 640 
0 232 485 640 
0 231 485 640 
0 231 486 640 
0 231 487 640 
0 230 488 640 
0 230 489 640 
0 230 489 640 
0 230 490 640 
0 229 491 640 
0 229 492 640 
0 229 492 640 
0 229 493 640 
0 229 494 640 
0 229 495 640 
0 228 495 640 
0 228 496 640 
0 228 264 266 497 640 
0 228 264 266 498 640 
0 228 264 266 498 640 
0 228 264 266 499 640 
0 227 264 266 500 640 
0 227 263 266 500 640 
0 227 263 266 501 640 
0 227 263 265 502 640 
0 227 263 265 502 640 
0 226 263 265 503 640 
0 226 263 265 504 640 
0 226 262 264 504 640 
0 226 262 264 505 640 
0 225 262 264 268 269 506 640 
0 225 262 264 267 269 506 640 
0 225 262 263 267 269 507 640 
0 225 262 263 267 269 507 640 
0 225 261 263 267 269 508 640 
0 224 261 263 267 269 509 640 
0 224 261 262 267 269 509 640 
0 224 261 262 267 269 510 640 
0 224 261 262 266 269 510 640 
0 224 261 262 266 269 511 640 
0 224 261 262 266 268 511 640 
0 223 260 262 266 268 512 640 
0 223 260 261 266 268 512 640 
0 223 260 261 266 268 513 640 
0 223 260 261 265 268 513 640 
0 223 260 261 265 267 514 640 
0 223 260 261 265 267 514 640 
0 222 260 261 265 267 515 640 
0 222 259 261 265 267 515 640 
0 222 259 260 264 267 515 640 
0 222 264 267 516 640 
0 222 264 267 516 640 
