0 640 
0 640 
0 640 
0 640 
0 640 
0 640 
0 640 
0 640 
0 640 
0 640 
0 640 
0 640 
0 640 
0 640 
0 640 
0 640 
0 640 
0 640 
0 640 
0 640 
0 640 
0 543 544 640 
0 538 563 640 
0 533 566 640 
0 529 568 640 
0 526 571 640 
0 523 575 640 
0 521 578 640 
0 518 580 640 
0 516 581 640 
0 513 584 640 
0 512 586 640 
0 510 589 640 
0 508 592 640 
0 507 595 640 
0 505 598 640 
0 502 600 640 
0 499 602 640 
0 495 604 640 
0 492 606 640 
0 490 607 640 
0 488 608 640 
0 486 609 640 
0 485 609 640 
0 484 610 640 
0 483 610 640 
0 481 610 640 
0 480 611 640 
0 479 611 640 
0 478 612 640 
0 477 612 640 
0 476 613 640 
0 475 613 640 
0 475 614 640 
0 474 614 640 
0 473 614 640 
0 472 614 640 
0 471 615 640 
0 469 615 640 
0 468 615 640 
0 466 616 640 
0 465 615 640 
0 464 615 640 
0 462 616 640 
0 461 616 640 
0 460 616 640 
0 459 616 640 
0 458 616 640 
0 456 616 640 
0 455 615 640 
0 147 159 454 615 640 
0 144 162 453 615 640 
0 141 166 452 615 640 
0 139 171 451 614 640 
0 138 175 450 614 640 
0 137 179 449 613 640 
0 136 182 448 613 640 
0 136 186 447 606 607 613 640 
0 136 190 446 606 608 612 640 
0 136 193 445 606 607 611 640 
0 136 197 445 611 640 
0 136 200 444 610 640 
0 136 204 443 610 640 
0 137 207 442 609 640 
0 138 210 441 608 640 
0 139 214 440 608 640 
0 140 217 439 607 640 
0 141 220 438 606 640 
0 142 223 438 606 640 
0 143 226 437 605 640 
0 144 229 436 599 601 604 640 
0 145 232 435 599 601 604 640 
0 146 235 434 599 601 604 640 
0 148 238 433 599 602 603 640 
0 148 241 432 600 602 603 640 
0 148 244 431 600 640 
0 148 246 430 601 640 
0 147 249 430 602 640 
0 147 251 429 603 640 
0 147 253 428 604 640 
0 146 255 427 606 640 
0 146 257 426 607 640 
0 146 258 425 607 640 
0 146 260 424 607 640 
0 145 260 423 606 640 
0 145 261 422 606 640 
0 145 262 421 605 640 
0 144 264 420 605 640 
0 144 267 419 606 640 
0 144 271 418 606 640 
0 144 275 417 606 640 
0 143 278 416 606 640 
0 143 281 415 606 640 
0 143 286 413 606 640 
0 142 290 412 606 640 
0 142 293 410 606 640 
0 142 296 409 606 640 
0 141 300 408 416 417 605 640 
0 141 305 406 414 416 605 640 
0 141 309 404 411 414 605 640 
0 141 313 402 409 411 605 640 
0 140 316 400 605 640 
0 140 320 406 605 640 
0 140 256 261 324 405 606 640 
0 140 240 246 251 264 328 402 607 640 
0 139 240 268 332 396 397 401 608 640 
0 139 239 272 335 398 609 640 
0 139 239 276 339 398 609 640 
0 138 238 279 344 399 610 640 
0 138 238 283 348 394 611 640 
0 138 238 287 352 396 612 640 
0 138 237 290 355 395 604 606 613 640 
0 137 237 294 359 391 604 609 614 640 
0 137 237 298 364 390 473 475 604 610 615 640 
0 137 236 302 368 391 472 475 604 613 615 640 
0 137 236 306 372 402 471 475 604 640 
0 136 236 309 376 408 470 475 604 640 
0 136 235 313 380 408 470 475 604 640 
0 136 235 317 384 408 469 476 603 640 
0 136 235 320 388 412 468 476 602 640 
0 135 234 324 392 414 467 476 602 640 
0 135 234 328 396 414 466 476 602 640 
0 135 233 332 400 414 465 476 602 640 
0 135 233 336 404 414 464 476 603 640 
0 134 233 339 410 413 464 476 594 601 603 640 
0 134 232 343 462 476 583 589 593 602 604 640 
0 134 232 347 461 476 583 590 593 640 
0 134 232 351 461 476 583 590 593 640 
0 134 231 355 460 476 584 591 594 640 
0 133 231 358 459 476 584 592 594 640 
0 133 231 363 457 476 585 640 
0 133 230 367 456 476 585 640 
0 132 230 370 454 476 585 640 
0 132 230 374 453 475 586 640 
0 132 229 378 453 475 586 640 
0 132 229 383 457 475 587 640 
0 132 229 387 461 474 587 640 
0 131 228 390 464 474 588 640 
0 131 228 395 471 474 589 640 
0 131 228 398 596 640 
0 131 227 403 600 640 
0 131 227 405 602 640 
0 130 227 409 604 640 
0 130 226 408 606 640 
0 130 226 407 607 640 
0 130 226 406 420 422 608 640 
0 130 225 405 419 420 610 640 
0 130 225 405 416 419 430 432 611 640 
0 129 225 405 414 418 427 436 613 640 
0 129 224 405 412 419 425 440 616 640 
0 129 224 405 410 418 422 445 623 640 
0 129 224 405 408 448 625 640 
0 128 223 453 
0 128 223 457 
0 128 223 461 
0 128 222 465 
0 128 222 465 
0 127 222 465 
0 127 222 464 
0 127 221 463 
0 127 221 462 
0 127 221 461 
0 127 220 460 
0 127 220 460 
0 126 220 459 
0 126 219 458 
0 126 219 457 
0 126 219 455 
0 126 218 454 
0 126 218 453 458 461 
0 126 218 452 455 460 
0 125 218 460 
0 125 217 459 
0 125 217 458 
0 125 217 458 461 463 
0 125 217 457 461 462 
0 125 216 456 460 462 
0 125 216 456 459 462 
0 125 216 455 458 461 
0 124 216 454 457 461 
0 124 215 453 455 461 
0 124 215 453 454 461 
0 124 215 452 453 460 
0 124 215 451 452 460 
0 124 214 450 451 460 
0 124 214 460 
0 124 214 460 
0 123 213 460 
0 123 213 459 
0 123 213 459 
0 123 213 459 
0 123 212 459 
0 123 212 459 
0 123 212 459 
0 123 212 458 
0 123 212 458 
0 123 211 459 462 464 
0 123 211 459 461 464 
0 122 211 458 461 463 
0 122 211 458 460 463 
0 122 211 463 
0 122 211 463 465 466 474 475 
0 122 210 462 473 475 482 484 
0 122 210 462 464 465 472 477 481 483 
0 122 210 462 464 465 471 477 479 483 
0 122 210 462 464 465 470 477 479 484 489 490 
0 122 210 462 463 465 469 477 478 484 489 490 495 496 
0 122 210 461 463 465 468 476 478 484 488 490 495 496 
0 122 210 461 462 464 467 476 478 484 488 490 494 496 
0 122 210 464 466 476 478 484 487 490 493 496 
0 122 209 464 465 476 477 484 487 490 493 496 
0 122 209 484 486 490 492 497 
0 122 209 484 485 497 
0 122 209 484 485 497 
0 121 208 496 
0 121 208 495 
0 121 208 495 
0 121 208 496 
0 121 208 496 
0 121 208 496 
0 121 208 497 
0 121 208 497 
0 121 208 497 
0 121 208 498 
0 121 207 499 
0 121 207 499 
0 121 207 498 
0 121 207 497 
0 121 207 496 
0 121 207 495 
0 121 207 494 
0 121 207 494 
0 121 207 493 
0 121 207 492 
0 121 207 491 
0 121 207 490 
0 121 207 489 
0 121 207 489 
0 121 207 488 
0 121 207 487 
0 121 207 486 
0 121 206 485 
0 121 206 484 
0 121 206 483 
0 121 206 482 
0 121 206 482 
0 121 206 481 
0 121 206 480 
0 121 206 479 
0 121 206 478 
0 121 206 478 
0 121 206 477 
0 121 206 476 
0 121 206 475 
0 122 206 475 527 528 
0 122 206 474 526 528 
0 122 206 473 525 528 
0 122 206 473 524 528 
0 122 206 472 523 529 
0 122 206 471 522 529 
0 122 206 470 521 529 
0 122 205 470 520 529 
0 122 205 469 518 529 
0 122 205 469 517 529 
0 122 205 468 516 529 
0 122 205 468 515 529 
0 122 205 467 514 529 
0 122 205 467 513 529 
0 122 205 466 512 529 
0 122 205 466 511 529 
0 122 205 465 510 529 
0 122 205 465 509 529 
0 123 205 465 508 530 
0 123 205 464 506 530 
0 123 205 464 505 530 
0 123 205 464 504 530 
0 123 205 464 502 530 
0 123 205 464 501 531 
0 123 205 463 500 531 
0 123 205 463 499 531 
0 123 205 463 498 531 
0 123 205 463 499 531 
0 124 205 463 501 532 
0 124 205 463 502 532 
0 124 205 463 503 532 
0 124 205 463 504 533 
0 124 205 463 505 533 
0 124 205 464 505 533 
0 124 205 464 506 534 
0 124 205 464 507 534 
0 125 205 464 508 534 
0 125 205 464 509 534 
0 125 205 465 510 534 
0 125 205 465 511 533 
0 125 205 465 512 533 
0 125 205 466 513 532 
0 125 205 467 514 532 
0 125 205 467 515 531 
0 125 206 468 516 531 
0 125 206 469 517 531 
0 125 206 470 518 529 
0 126 206 471 519 529 
0 126 206 472 520 530 
0 126 206 473 520 530 
0 126 206 474 521 530 
0 126 206 474 522 530 
0 126 206 476 523 530 
0 127 206 477 524 530 
0 127 206 478 525 530 
0 127 206 479 526 530 
0 127 206 480 527 530 
0 127 206 481 528 531 
0 127 206 482 529 532 
0 127 206 483 530 533 
0 128 206 484 531 534 
0 128 206 485 532 535 
0 128 206 486 533 536 
0 128 207 487 534 537 
0 128 207 488 535 537 
0 128 207 490 535 537 
0 129 207 490 537 538 
0 129 207 492 
0 129 207 493 
0 129 207 494 
0 129 207 495 
0 130 207 496 
0 130 207 497 
0 130 207 498 
0 130 207 500 
0 130 207 501 
0 130 208 502 
0 131 208 503 
0 131 208 504 
0 131 208 505 
0 131 208 506 
0 131 208 507 
0 131 208 509 
0 132 208 510 
0 132 209 511 
0 132 209 512 
0 132 209 513 
0 133 209 514 
0 133 210 515 
0 133 210 516 
0 133 210 517 
0 134 210 519 
0 134 210 520 
0 134 210 521 
0 134 211 522 
0 135 211 523 
0 135 211 524 
0 135 211 525 
0 135 211 526 
0 135 212 527 
0 136 212 527 
0 136 212 529 
0 137 212 530 
0 137 213 531 
0 137 213 531 
0 137 213 532 
0 137 213 534 
0 138 213 535 
0 138 214 535 
0 138 214 534 
0 139 215 533 
0 139 215 532 
0 139 215 531 
0 140 215 530 
0 140 216 529 
0 140 216 528 
0 140 216 527 
0 141 217 527 
0 141 217 526 
0 141 217 525 
0 142 218 524 
0 142 218 523 
0 142 218 523 
0 143 219 522 
0 143 219 521 
0 143 219 520 
0 144 220 519 
0 144 220 518 
0 145 220 517 
0 145 221 516 
0 145 221 515 
0 146 221 515 
0 146 222 514 
0 146 222 513 
0 147 222 512 
0 147 223 511 
0 147 223 510 
0 148 223 510 
0 148 224 509 
0 149 224 508 
0 149 225 507 
0 150 225 506 
0 150 225 505 
0 150 226 504 
0 151 226 503 
0 151 227 502 
0 152 227 501 
0 152 227 500 
0 153 228 499 
0 153 228 498 
0 154 229 497 
0 154 229 496 
0 155 230 495 
0 155 230 494 
0 155 230 493 
0 156 231 492 
0 156 231 490 
0 157 231 489 
0 157 232 488 
0 158 232 487 
0 158 233 486 
0 159 233 485 
0 159 233 483 
0 160 234 482 
0 160 234 481 
0 161 235 480 
0 161 235 479 
0 162 236 477 
0 162 236 476 
0 163 236 475 
0 163 237 474 
0 164 237 472 
0 165 238 471 
0 165 238 470 
0 165 239 469 
0 166 239 467 
0 166 239 466 
0 167 240 465 
0 168 240 464 
0 168 241 462 
0 169 241 461 
0 169 242 459 
0 170 242 458 
0 170 242 457 
0 171 243 455 
0 171 243 454 
0 172 244 452 
0 173 244 451 
0 173 245 450 
0 174 245 449 
0 174 245 448 
0 175 246 446 
0 176 246 444 
0 176 247 443 
0 176 247 442 
0 177 248 441 
0 178 248 440 
0 178 249 438 
0 179 249 436 
0 180 249 435 
0 180 250 434 
0 181 250 433 
0 181 251 431 
0 182 252 430 
0 183 252 428 
0 183 251 427 
