
























































































177 179 
176 179 186 193 
176 179 183 197 
175 179 181 205 
175 179 180 214 
174 217 
174 220 
173 221 
173 223 
173 224 
172 225 
172 227 
172 228 
171 229 
170 230 
169 231 
167 231 
166 232 
165 233 
165 234 
165 235 
166 237 
167 238 
167 239 
166 241 
165 242 
165 243 
165 244 
166 244 
166 244 
166 244 
166 244 
166 244 
166 244 
166 244 
165 244 
165 245 
165 245 
165 245 
165 245 
164 246 
164 246 
164 247 
163 247 
163 248 
162 248 
162 249 
161 249 
160 249 
159 250 
158 250 
157 250 
157 250 
156 251 
155 251 
154 251 
154 251 
153 252 
153 252 
152 252 
152 252 
151 252 
151 253 
151 253 
150 252 
150 252 
149 253 
149 253 
149 150 152 253 
152 253 
152 252 
152 159 160 252 
152 155 156 159 160 252 
153 155 156 159 161 251 
153 155 157 159 161 251 
154 155 162 250 
153 155 163 250 
154 155 164 249 
165 248 
166 248 
166 247 
166 246 
167 245 
170 245 
170 181 183 244 
172 175 177 180 184 244 
184 243 
185 242 464 475 
185 240 462 482 
185 240 460 485 
185 231 237 239 459 488 
174 224 226 229 236 238 458 492 
174 223 225 228 458 494 
173 222 225 227 457 495 
172 220 456 496 
172 220 456 497 
172 222 456 498 
172 222 456 499 
173 223 456 500 
173 224 455 501 
174 224 455 502 
175 225 455 504 
175 226 455 504 
176 227 454 505 
175 229 453 506 
174 229 452 507 
174 231 451 508 
172 232 450 509 
171 233 449 509 
169 235 448 509 
168 235 447 509 
167 236 446 509 
166 237 445 509 
165 238 412 413 414 416 444 509 
164 239 408 424 443 509 
163 239 407 427 442 509 
162 240 406 432 441 509 
161 241 405 436 440 509 
160 241 404 508 
160 241 403 508 
159 242 402 508 
158 242 401 507 
157 242 401 507 
157 242 401 506 
156 242 402 506 
156 242 402 505 
156 242 403 505 
156 242 404 505 
155 242 405 505 
154 242 406 504 
153 243 407 504 
152 243 408 504 
151 244 409 504 
150 245 411 503 
149 248 412 503 
148 248 413 503 
148 248 414 502 
147 248 416 502 
146 248 417 502 
146 248 419 501 
146 249 420 501 
145 250 422 501 
145 250 423 500 
145 250 425 500 
145 249 426 500 
145 249 426 499 
145 249 426 499 
145 250 426 499 
145 251 426 498 
145 251 426 498 
145 252 426 498 
146 253 426 499 
146 254 426 500 
146 254 426 501 
147 255 426 502 
148 256 426 503 
149 256 426 504 
150 257 427 505 
151 257 427 506 
152 258 428 507 
155 259 428 509 
157 259 429 510 
158 216 217 260 429 511 
158 216 218 219 225 260 429 512 
159 216 226 261 428 513 
159 216 227 262 428 515 
159 216 228 262 427 515 
159 216 228 263 427 516 
159 217 229 263 427 517 
159 217 230 263 426 518 
159 217 231 264 426 518 
159 217 232 264 425 519 
159 217 233 264 424 519 
159 217 234 265 423 428 429 519 
159 217 234 265 422 427 429 519 
159 217 234 265 422 425 428 519 
158 217 234 265 427 483 485 519 
158 217 233 265 427 430 432 482 487 519 
158 217 233 265 431 482 489 519 
158 217 232 265 431 481 492 519 
158 217 232 265 431 433 434 481 494 518 
158 217 231 265 435 481 497 518 
158 217 230 265 434 481 499 518 
158 217 230 265 434 481 502 517 
158 217 230 264 433 480 505 517 
157 217 229 263 433 480 509 516 
157 217 229 263 434 481 
157 217 228 262 434 481 
157 217 228 262 435 481 
157 217 227 261 435 482 
156 217 227 261 436 482 
156 217 226 260 436 482 
155 217 225 259 435 477 479 482 
155 217 225 259 430 477 479 482 
154 217 224 258 425 477 480 482 
153 217 224 258 422 477 480 482 
153 216 223 257 420 478 480 482 
152 216 223 257 419 478 480 482 
151 215 222 256 419 479 480 482 
151 214 222 256 418 479 480 481 
151 214 221 255 418 481 
150 212 220 255 417 480 
150 212 220 254 417 480 
149 211 219 254 417 480 
148 210 218 253 417 481 
147 209 217 253 416 481 
146 209 217 252 416 481 
146 210 216 252 415 482 
146 210 215 251 415 482 
146 211 215 251 414 482 
146 211 214 250 414 482 
147 212 213 250 414 483 
147 212 213 249 413 483 
147 249 413 483 
147 248 412 483 
147 248 412 484 
146 248 411 484 
146 247 411 484 
146 247 410 485 
146 247 410 485 
145 246 409 485 
145 246 409 486 
145 245 408 486 
144 245 408 486 
144 245 407 487 
143 245 407 487 
143 244 406 488 
143 244 406 488 
142 244 405 488 
142 243 405 489 
141 243 404 489 
141 243 404 489 
141 242 403 490 
140 241 403 490 
140 241 402 490 
140 239 402 491 
139 238 401 421 423 491 
139 236 401 421 422 472 473 492 
138 235 400 420 422 472 473 492 
138 234 400 420 423 472 473 492 
137 234 399 419 422 472 474 493 
137 234 399 419 422 472 474 493 
137 233 398 419 422 472 475 494 
136 233 398 419 422 472 475 494 
136 233 398 472 475 494 
135 230 397 472 475 495 
135 228 397 472 475 495 
135 227 397 471 474 495 
135 227 397 471 473 496 
135 226 397 470 471 496 
135 226 397 496 
135 227 398 497 
135 227 398 497 
135 227 398 497 
136 227 398 497 
137 228 399 497 
137 228 399 496 
136 228 399 496 
136 229 399 496 
136 229 400 495 
135 229 400 495 
135 230 400 495 
135 230 400 495 
135 230 401 494 
135 230 401 494 
134 230 401 494 
134 231 401 494 
134 231 402 493 
133 231 402 493 
133 232 402 493 
133 232 402 493 
133 232 402 493 
133 232 403 492 
132 233 403 492 
132 233 403 492 
132 233 403 492 
132 233 403 492 
131 234 403 491 
131 234 404 491 
131 234 404 491 
131 234 404 491 
131 235 405 490 
131 235 405 490 
130 235 405 490 
130 235 406 490 
130 235 406 490 
130 236 408 490 
130 236 409 489 
129 236 412 489 
129 237 413 489 
129 237 413 489 
129 237 413 488 
129 237 414 487 
128 237 414 486 
128 237 414 485 
128 238 415 483 
128 238 415 483 
128 238 414 482 
127 238 414 482 
127 238 414 482 
127 239 414 482 
127 239 414 481 
127 239 414 480 
127 239 413 480 
126 239 413 480 
126 240 413 480 
126 240 413 480 
126 240 413 480 
126 240 413 481 
125 240 413 481 
125 240 413 481 
125 241 413 482 
125 241 413 482 
125 241 413 482 
124 241 413 482 
124 242 413 482 
124 242 413 483 
124 242 413 483 
123 242 413 483 
123 242 413 483 
123 243 413 484 
123 243 413 484 
123 243 413 484 
123 243 413 484 
122 243 413 485 
122 243 413 485 
122 242 413 485 
122 243 413 485 
121 243 413 486 
121 243 413 486 
121 243 413 487 
121 243 413 487 
121 243 413 487 
121 243 413 488 
120 243 413 488 
120 243 413 488 
120 243 413 488 
120 243 413 489 
119 243 414 489 
119 243 413 489 
119 243 414 490 
119 243 414 490 
118 243 414 490 
118 243 414 491 
118 243 414 491 
118 243 414 492 
118 243 414 492 
117 243 414 492 
117 243 414 493 
117 243 414 493 
117 244 414 493 
117 244 413 494 
117 244 413 494 
116 244 413 494 
116 244 413 495 
116 244 413 495 
116 244 413 496 
116 244 413 496 
115 244 412 496 
115 244 412 497 
115 244 412 497 
115 244 412 498 
115 244 412 498 
115 244 412 498 
114 244 412 499 
114 244 412 499 
114 244 412 500 
114 244 413 500 
113 244 413 500 
113 244 414 500 
113 244 415 501 
113 244 415 501 
113 244 415 501 
112 244 415 502 
112 244 415 502 
112 244 415 502 
112 244 415 502 
112 244 415 501 
112 245 415 500 
111 245 415 500 
111 245 415 498 
111 245 415 440 445 497 
111 245 415 440 448 496 
111 245 415 439 449 494 
111 245 415 439 450 491 
110 245 415 439 450 483 
110 245 415 439 450 479 
110 245 415 439 450 477 
110 245 415 438 450 477 
110 245 415 438 451 477 
110 245 415 438 451 477 
