0 640 
0 640 
0 640 
0 640 
0 640 
0 640 
0 640 
0 640 
0 640 
0 640 
0 640 
0 640 
0 640 
0 640 
0 640 
0 640 
0 640 
0 640 
0 640 
0 640 
0 640 
0 640 
0 640 
0 640 
0 640 
0 640 
0 640 
0 640 
0 314 317 640 
0 313 319 640 
0 312 320 640 
0 311 321 640 
0 310 322 640 
0 299 300 310 323 640 
0 298 301 309 323 640 
0 297 302 308 324 640 
0 297 302 307 325 640 
0 296 303 306 326 640 
0 296 304 305 326 640 
0 295 327 640 
0 295 328 640 
0 294 328 640 
0 294 329 640 
0 294 330 640 
0 293 331 640 
0 293 331 640 
0 293 332 640 
0 292 332 640 
0 292 333 640 
0 292 334 640 
0 291 334 640 
0 291 335 640 
0 291 335 640 
0 290 336 640 
0 290 337 640 
0 290 337 640 
0 290 338 640 
0 290 338 640 
0 289 339 640 
0 271 273 278 282 289 339 640 
0 268 284 289 339 640 
0 267 285 287 340 640 
0 267 340 640 
0 267 341 640 
0 267 341 640 
0 267 341 640 
0 267 342 640 
0 267 342 640 
0 268 342 640 
0 268 342 640 
0 268 342 640 
0 268 343 640 
0 268 343 640 
0 269 343 640 
0 269 343 640 
0 269 342 640 
0 269 342 640 
0 269 342 640 
0 268 341 640 
0 267 342 640 
0 265 343 640 
0 264 345 640 
0 262 347 640 
0 260 348 640 
0 259 349 640 
0 258 350 640 
0 256 351 640 
0 255 352 640 
0 254 353 640 
0 253 353 640 
0 252 354 640 
0 252 355 640 
0 251 355 640 
0 250 356 640 
0 250 356 640 
0 250 357 640 
0 250 357 640 
0 249 358 640 
0 249 358 640 
0 248 359 640 
0 248 360 640 
0 247 360 640 
0 247 360 640 
0 247 361 640 
0 246 361 640 
0 246 362 640 
0 245 362 640 
0 245 362 640 
0 245 363 640 
0 244 363 640 
0 244 364 640 
0 244 364 640 
0 243 364 640 
0 243 365 640 
0 243 365 640 
0 243 366 640 
0 242 366 640 
0 242 366 640 
0 242 367 640 
0 242 367 640 
0 241 367 640 
0 241 367 640 
0 240 368 640 
0 240 368 640 
0 240 368 640 
0 240 368 640 
0 239 241 243 369 640 
0 239 241 243 369 640 
0 239 240 243 369 640 
0 244 370 640 
0 244 370 640 
0 244 370 640 
0 244 370 640 
0 244 371 640 
0 244 371 640 
0 246 371 640 
0 247 371 640 
0 248 371 640 
0 248 372 640 
0 249 372 640 
0 249 372 640 
0 250 372 640 
0 251 372 640 
0 252 253 258 373 640 
0 263 373 640 
0 264 373 640 
0 265 373 640 
0 266 373 640 
0 267 373 640 
0 267 373 640 
0 268 373 640 
0 268 374 640 
0 267 374 640 
0 266 374 640 
0 265 374 640 
0 265 375 640 
0 264 375 640 
0 263 375 640 
0 263 375 640 
0 263 375 640 
0 265 375 640 
0 267 375 640 
0 269 376 640 
0 270 376 640 
0 271 376 640 
0 271 376 640 
0 271 376 640 
0 272 376 640 
0 272 376 640 
0 274 376 640 
0 275 376 640 
0 276 377 640 
0 277 377 640 
0 278 377 640 
0 279 377 640 
0 280 377 640 
0 281 296 298 377 640 
0 281 294 298 377 640 
0 282 291 298 377 640 
0 284 289 297 377 640 
0 297 377 640 
0 297 377 640 
0 297 378 640 
0 297 378 640 
0 297 378 640 
0 296 378 640 
0 296 378 640 
0 295 378 640 
0 293 378 640 
0 292 378 640 
0 290 378 640 
0 289 379 640 
0 288 379 640 
0 287 379 640 
0 285 379 640 
0 284 379 640 
0 283 380 640 
0 282 380 640 
0 281 380 640 
0 280 380 640 
0 279 380 640 
0 279 381 640 
0 278 381 640 
0 277 381 640 
0 276 382 640 
0 276 382 640 
0 275 382 640 
0 275 383 640 
0 275 383 640 
0 275 383 640 
0 275 384 640 
0 275 384 640 
0 276 385 640 
0 276 385 640 
0 277 385 640 
0 277 386 640 
0 276 386 640 
0 276 386 640 
0 275 387 640 
0 275 387 640 
0 275 387 640 
0 275 388 640 
0 274 388 640 
0 273 388 640 
0 272 389 640 
0 271 389 640 
0 270 390 640 
0 269 390 640 
0 268 390 640 
0 267 391 640 
0 266 391 640 
0 265 391 640 
0 264 392 640 
0 263 392 640 
0 262 392 640 
0 261 393 640 
0 260 393 640 
0 259 394 640 
0 259 394 640 
0 258 395 640 
0 257 395 640 
0 256 395 640 
0 255 396 640 
0 255 396 640 
0 254 396 640 
0 254 397 640 
0 254 397 640 
0 254 397 640 
0 254 398 640 
0 254 398 640 
0 254 398 640 
0 255 399 640 
0 255 399 640 
0 256 399 640 
0 255 399 640 
0 255 400 640 
0 254 400 640 
0 254 400 640 
0 253 400 640 
0 253 401 640 
0 253 401 640 
0 252 401 640 
0 252 401 640 
0 251 401 640 
0 251 402 640 
0 250 402 640 
0 250 402 640 
0 249 402 640 
0 249 402 640 
0 249 403 640 
0 249 403 640 
0 248 403 640 
0 248 403 640 
0 247 403 640 
0 247 404 640 
0 246 404 640 
0 245 404 640 
0 189 190 245 405 640 
0 145 156 175 178 184 193 245 405 640 
0 132 159 174 196 244 405 640 
0 126 161 172 199 244 405 640 
0 123 163 172 201 243 405 640 
0 122 166 171 204 243 405 640 
0 122 206 243 405 640 
0 122 210 242 405 640 
0 122 214 242 405 640 
0 123 216 241 405 640 
0 134 221 241 406 640 
0 138 226 241 406 640 
0 140 231 240 406 640 
0 140 237 240 406 640 
0 140 406 640 
0 139 406 640 
0 117 119 138 406 640 
0 117 121 132 406 640 
0 117 123 132 407 640 
0 105 108 117 124 130 406 640 
0 104 110 118 403 404 406 640 
0 104 115 118 403 405 406 640 
0 105 403 640 
0 106 403 640 
0 106 403 640 
0 103 269 270 403 640 
0 101 268 271 402 640 
0 100 267 271 402 640 
0 99 267 272 402 640 
0 100 266 272 402 640 
0 102 116 130 265 272 402 640 
0 136 163 167 265 272 402 640 
0 142 160 170 264 272 401 640 
0 150 157 174 263 272 401 640 
0 174 263 272 401 640 
0 175 262 272 400 640 
0 175 261 272 400 640 
0 176 260 272 399 640 
0 177 259 272 399 640 
0 179 258 272 399 640 
0 196 258 272 399 640 
0 208 256 272 399 640 
0 213 256 272 400 640 
0 219 254 272 277 278 400 640 
0 224 253 272 276 279 401 640 
0 229 251 272 276 279 401 640 
0 234 250 272 277 279 401 640 
0 237 248 272 277 279 401 640 
0 241 244 272 277 279 401 640 
0 272 277 279 401 640 
0 272 277 279 401 640 
0 272 277 279 401 640 
0 272 277 279 401 640 
0 272 277 279 401 640 
0 272 277 279 401 640 
0 272 277 279 401 640 
0 272 277 279 400 640 
0 272 277 279 400 640 
0 272 277 279 400 640 
0 272 278 279 399 640 
0 272 399 640 
0 272 398 640 
0 272 398 640 
0 272 398 640 
0 272 397 640 
0 272 397 640 
0 272 397 640 
0 272 396 640 
0 273 396 640 
0 273 396 640 
0 273 396 640 
0 273 396 640 
0 273 396 640 
0 273 396 640 
0 272 395 640 
0 272 395 640 
0 272 395 640 
0 272 394 640 
0 272 394 640 
0 272 394 640 
0 272 393 640 
0 272 393 640 
0 272 392 640 
0 273 392 640 
0 273 392 640 
0 273 391 640 
0 273 391 640 
0 273 390 640 
0 274 390 640 
0 274 390 640 
0 274 389 640 
0 275 389 640 
0 275 388 640 
0 275 388 640 
0 276 388 640 
0 276 387 640 
0 276 387 640 
0 275 386 640 
0 275 386 640 
0 274 386 640 
0 274 386 640 
0 274 385 640 
0 274 385 640 
0 274 385 640 
0 273 385 640 
0 273 384 640 
0 273 384 640 
0 273 384 640 
0 273 384 640 
0 273 384 640 
0 273 383 640 
0 273 383 640 
0 273 383 640 
0 273 383 640 
0 273 383 640 
0 273 383 640 
0 273 383 640 
0 273 383 640 
0 273 383 640 
0 273 382 640 
0 273 382 640 
0 273 382 640 
0 273 382 640 
0 274 382 640 
0 274 382 640 
0 274 381 640 
0 274 381 640 
0 274 381 640 
0 274 380 640 
0 275 379 640 
0 275 378 640 
0 275 377 640 
0 275 376 640 
0 275 376 640 
0 276 376 640 
0 276 376 640 
0 276 376 640 
0 276 376 640 
0 276 376 640 
0 276 376 640 
0 276 376 640 
0 276 376 640 
0 275 376 640 
0 275 376 640 
0 275 376 640 
0 275 376 640 
0 275 376 640 
0 274 375 640 
0 274 375 640 
0 274 375 640 
0 274 375 640 
0 274 375 640 
0 273 375 640 
0 273 375 640 
0 273 375 640 
0 273 375 640 
0 273 375 640 
0 273 375 640 
0 273 375 640 
0 272 375 640 
0 272 374 640 
0 272 374 640 
0 272 374 640 
0 272 374 640 
0 272 374 640 
0 271 374 640 
0 271 374 640 
0 271 374 640 
0 271 374 640 
0 270 374 640 
0 270 374 640 
0 270 374 640 
0 270 374 640 
0 270 374 640 
0 270 374 640 
0 270 374 640 
0 270 374 640 
0 270 374 640 
0 270 374 640 
0 269 374 640 
0 269 374 640 
0 269 374 640 
0 269 374 640 
0 269 374 640 
0 269 374 640 
0 269 374 640 
0 269 374 640 
0 269 374 640 
0 269 374 640 
0 269 374 640 
0 269 374 640 
0 268 374 640 
0 268 374 640 
0 268 374 640 
0 268 374 640 
0 268 374 640 
0 268 374 640 
0 268 374 640 
0 268 374 640 
0 268 374 640 
0 268 374 640 
0 268 374 640 
0 268 374 640 
