














































































































































315 334 
312 337 
302 347 
294 354 
287 360 
282 365 
278 367 
275 371 
271 375 
267 378 
264 381 
261 384 
258 387 
255 389 
252 392 
249 394 
247 397 
245 399 
242 402 
239 404 
237 406 
236 409 
234 410 
232 413 
230 415 
228 418 
226 419 
224 421 
222 424 
221 426 
219 428 
217 430 
216 432 
214 434 
212 436 
210 311 333 439 
209 306 338 440 
207 302 342 443 
205 299 345 445 
204 296 347 447 
202 294 350 450 
201 292 352 451 
200 290 354 453 
198 288 356 455 
196 286 357 458 
194 285 359 460 
193 284 360 461 
191 282 362 464 
190 280 363 466 
188 279 365 469 
186 278 366 470 
185 277 367 472 
183 276 368 475 
182 275 369 476 
180 274 370 479 
178 273 371 481 
177 272 372 482 
175 271 373 484 
173 270 374 486 
172 269 375 489 
170 269 375 491 
169 268 376 493 
167 267 377 495 
165 266 378 497 
163 265 378 500 
161 265 379 501 
160 264 380 503 
158 263 380 505 
156 263 381 507 
154 262 381 510 
152 262 382 512 
151 261 383 513 
149 261 383 515 
147 260 384 517 
144 260 384 520 
142 259 384 522 
141 259 385 523 
139 259 385 525 
137 258 386 527 
135 258 386 529 
133 257 386 531 
131 257 387 533 
129 257 387 535 
127 256 387 538 
124 256 388 540 
122 256 388 542 
120 256 388 544 
118 255 388 546 
115 255 389 549 
112 255 389 551 
109 255 389 554 
107 255 389 556 
104 255 389 558 
100 254 390 561 
96 254 390 564 
92 254 390 568 
88 254 390 571 
83 254 390 574 
78 254 390 578 
70 254 390 584 
59 254 390 589 
54 254 390 593 
45 254 390 598 
36 254 390 603 
35 254 390 609 
37 254 390 609 
45 254 390 598 
52 254 390 582 
57 254 390 573 
64 254 390 566 
70 254 390 559 
75 254 390 554 
80 254 390 550 
83 255 389 548 
88 255 389 544 
92 255 389 540 
95 255 389 537 
98 255 389 535 
100 255 388 533 
102 256 388 530 
106 256 388 528 
108 256 387 525 
110 257 387 523 
113 257 387 521 
115 257 387 519 
118 258 386 517 
120 258 386 515 
122 258 385 514 
124 259 385 512 
126 259 385 510 
128 260 384 509 
130 260 384 507 
132 260 383 505 
134 261 383 504 
136 262 382 502 
139 262 382 500 
141 263 381 498 
143 263 381 497 
145 264 380 495 
147 264 379 494 
150 265 379 492 
151 266 378 490 
154 267 377 489 
156 267 377 487 
158 268 376 486 
161 269 375 484 
163 270 374 482 
166 270 373 481 
168 271 373 479 
169 272 372 478 
172 273 371 476 
175 274 370 474 
177 275 369 472 
179 276 368 471 
181 277 366 470 
184 279 365 467 
186 280 364 465 
188 281 363 464 
190 283 361 463 
193 284 360 461 
195 285 358 459 
197 287 357 457 
199 289 355 455 
201 291 353 454 
203 293 351 452 
206 295 349 450 
208 297 347 448 
210 300 344 446 
212 304 340 445 
214 308 336 443 
217 314 330 440 
219 439 
221 436 
223 435 
225 433 
228 431 
230 429 
233 427 
235 425 
237 423 
240 420 
242 418 
245 416 
247 414 
249 411 
253 408 
256 406 
259 402 
262 400 
266 397 
270 394 
273 390 
277 388 
281 384 
286 379 
291 373 
299 366 
307 357 
319 347 










































































































































