0 640 
0 640 
0 640 
0 640 
0 640 
0 640 
0 640 
0 640 
0 640 
0 640 
0 640 
0 640 
0 640 
0 640 
0 640 
0 640 
0 640 
0 640 
0 640 
0 640 
0 640 
0 640 
0 640 
0 640 
0 289 292 640 
0 288 294 640 
0 288 296 640 
0 287 298 640 
0 286 301 640 
0 285 303 308 309 640 
0 285 305 306 311 640 
0 284 313 640 
0 283 314 640 
0 283 316 640 
0 282 318 640 
0 282 319 640 
0 281 321 640 
0 280 322 640 
0 280 323 640 
0 279 324 640 
0 278 326 640 
0 278 327 640 
0 277 328 640 
0 277 329 640 
0 276 330 640 
0 276 331 640 
0 275 332 640 
0 274 333 640 
0 274 334 640 
0 274 335 640 
0 273 336 379 395 640 
0 273 337 376 397 640 
0 272 338 372 398 640 
0 272 339 368 398 640 
0 271 340 366 398 640 
0 271 341 344 347 363 398 640 
0 270 351 361 398 640 
0 270 354 359 398 640 
0 270 398 640 
0 269 398 640 
0 269 397 640 
0 268 397 640 
0 268 397 640 
0 268 397 640 
0 268 397 640 
0 268 396 640 
0 267 396 640 
0 267 396 640 
0 267 396 640 
0 266 395 640 
0 266 395 640 
0 266 395 640 
0 267 395 640 
0 267 395 640 
0 267 394 640 
0 268 394 640 
0 268 394 640 
0 270 393 640 
0 271 289 292 393 640 
0 273 285 292 393 640 
0 290 393 640 
0 289 392 640 
0 287 392 640 
0 286 392 640 
0 285 392 640 
0 284 391 640 
0 283 391 640 
0 283 391 640 
0 282 391 640 
0 281 390 640 
0 281 390 640 
0 280 390 640 
0 279 389 640 
0 279 389 640 
0 278 389 640 
0 277 389 640 
0 277 389 640 
0 276 389 640 
0 276 389 640 
0 275 390 640 
0 275 390 640 
0 274 391 640 
0 274 391 640 
0 274 392 640 
0 273 392 640 
0 273 393 640 
0 272 393 640 
0 272 393 640 
0 272 394 640 
0 271 394 640 
0 271 395 640 
0 270 395 640 
0 270 395 640 
0 270 395 640 
0 269 396 640 
0 269 396 640 
0 268 396 640 
0 268 396 640 
0 268 396 640 
0 268 396 640 
0 267 396 640 
0 267 396 640 
0 267 396 640 
0 267 396 640 
0 266 396 640 
0 266 395 640 
0 266 395 640 
0 265 395 640 
0 265 395 640 
0 265 395 640 
0 265 394 640 
0 264 394 640 
0 264 393 640 
0 264 393 640 
0 264 393 640 
0 264 392 640 
0 263 392 640 
0 263 392 640 
0 263 391 640 
0 263 391 640 
0 263 390 640 
0 263 390 640 
0 262 389 640 
0 154 156 262 388 640 
0 153 156 262 388 640 
0 152 156 262 387 640 
0 152 156 262 378 379 386 640 
0 152 156 262 377 379 385 640 
0 152 156 262 377 379 384 640 
0 152 156 262 377 379 384 640 
0 151 156 261 376 379 383 640 
0 151 155 261 375 379 382 640 
0 151 155 261 375 379 382 640 
0 151 155 261 374 379 382 640 
0 151 155 260 367 368 373 379 381 640 
0 151 155 260 367 368 373 379 381 640 
0 151 156 260 366 369 372 379 380 640 
0 139 141 150 156 260 366 369 371 640 
0 138 141 150 156 260 366 369 371 640 
0 138 142 150 156 260 365 640 
0 137 143 150 156 260 365 640 
0 137 143 150 156 260 364 640 
0 136 143 150 156 259 363 640 
0 136 143 150 156 259 363 640 
0 135 143 150 156 259 362 640 
0 135 144 150 156 259 362 640 
0 135 144 150 156 175 176 259 362 640 
0 134 144 150 156 175 177 259 362 640 
0 134 144 150 155 175 177 259 362 640 
0 132 145 151 155 175 178 259 361 640 
0 131 145 151 155 175 179 259 361 640 
0 131 145 152 155 175 179 258 361 640 
0 131 145 152 154 175 179 258 361 640 
0 130 144 153 154 175 178 258 361 640 
0 130 144 175 178 258 361 640 
0 127 144 153 154 175 179 258 361 640 
0 126 144 152 155 175 179 258 361 640 
0 126 144 152 155 175 179 258 361 640 
0 126 144 152 156 175 179 258 361 640 
0 126 144 151 156 175 179 258 361 640 
0 125 144 151 159 175 179 258 361 640 
0 125 144 151 160 176 178 258 361 640 
0 125 144 150 161 258 361 640 
0 125 143 150 162 257 361 640 
0 124 143 150 162 257 351 354 361 640 
0 122 142 149 163 257 351 354 361 640 
0 122 142 149 163 257 351 354 361 640 
0 121 142 149 164 257 351 354 361 640 
0 121 141 149 164 257 352 353 361 640 
0 121 140 148 164 257 361 640 
0 121 140 148 164 257 361 640 
0 120 141 148 164 257 361 640 
0 120 141 148 164 257 361 363 367 640 
0 119 141 148 164 257 361 363 371 640 
0 119 142 147 164 256 372 640 
0 118 144 146 163 256 372 640 
0 118 164 256 372 640 
0 119 164 256 372 640 
0 119 164 256 372 640 
0 119 164 256 372 640 
0 119 164 256 371 640 
0 119 165 255 371 640 
0 118 165 255 371 640 
0 118 165 255 372 640 
0 118 165 255 373 640 
0 118 166 255 374 640 
0 118 166 255 375 640 
0 118 166 255 376 640 
0 119 167 255 377 640 
0 120 168 170 172 254 378 640 
0 122 174 254 379 640 
0 124 174 254 380 640 
0 125 174 254 381 640 
0 125 174 253 382 640 
0 125 174 253 383 640 
0 125 174 252 384 640 
0 125 174 252 385 640 
0 125 174 252 386 640 
0 125 174 251 386 640 
0 125 174 251 387 640 
0 125 174 250 388 640 
0 124 174 250 389 640 
0 124 174 250 390 640 
0 124 174 249 390 640 
0 120 122 123 173 249 391 640 
0 117 173 248 392 640 
0 116 172 248 393 640 
0 116 172 247 393 640 
0 115 171 247 394 640 
0 115 171 246 395 640 
0 115 170 246 395 640 
0 115 170 245 396 640 
0 115 169 245 397 640 
0 116 169 245 397 640 
0 116 168 244 398 640 
0 117 167 243 399 640 
0 118 166 243 399 640 
0 118 166 243 400 640 
0 119 165 242 401 640 
0 120 165 241 401 640 
0 122 164 241 402 640 
0 123 164 240 403 640 
0 123 163 240 403 640 
0 124 163 240 404 640 
0 126 163 239 405 640 
0 127 162 239 405 640 
0 128 162 238 406 640 
0 129 161 238 406 640 
0 130 161 237 407 640 
0 130 161 237 407 640 
0 131 161 236 407 640 
0 132 161 236 408 640 
0 132 160 235 408 640 
0 133 160 235 409 640 
0 133 157 234 409 640 
0 133 155 234 409 640 
0 133 154 233 409 640 
0 134 153 233 409 640 
0 135 151 232 409 640 
0 136 150 232 409 640 
0 143 145 232 408 640 
0 231 408 640 
0 231 408 640 
0 102 103 230 407 640 
0 101 105 113 115 121 151 230 407 640 
0 101 106 112 116 119 154 230 406 640 
0 99 107 112 156 230 405 640 
0 98 108 112 158 171 173 229 405 640 
0 97 109 113 160 170 175 181 186 229 405 640 
0 98 111 113 162 169 177 180 189 229 405 640 
0 99 164 168 191 229 405 640 
0 100 165 168 192 228 406 640 
0 101 194 228 406 640 
0 102 196 228 406 640 
0 103 198 227 234 235 406 504 506 640 
0 105 200 227 368 369 406 502 510 640 
0 106 202 227 232 234 367 369 406 501 510 640 
0 108 204 227 231 234 367 369 406 500 511 640 
0 110 205 227 231 234 367 369 407 501 511 640 
0 112 208 226 230 233 367 369 407 502 511 640 
0 114 210 226 230 233 367 369 407 503 512 640 
0 117 212 226 229 233 367 369 407 503 512 640 
0 121 215 226 228 232 367 369 407 503 512 640 
0 125 217 226 228 232 367 369 407 502 512 640 
0 128 220 226 227 232 367 369 407 500 513 640 
0 131 223 232 368 369 407 499 513 640 
0 138 227 231 407 501 507 508 514 640 
0 151 158 160 228 231 408 505 506 508 510 511 513 640 
0 160 367 368 408 640 
0 160 408 640 
0 159 408 640 
0 159 408 640 
0 159 372 373 408 640 
0 160 371 373 408 640 
0 162 371 374 408 640 
0 164 371 374 408 640 
0 166 371 374 408 640 
0 167 371 374 409 640 
0 167 371 375 409 640 
0 167 370 375 409 640 
0 167 370 375 409 640 
0 168 370 376 411 640 
0 169 370 376 415 640 
0 170 370 376 420 640 
0 173 369 377 425 640 
0 177 369 377 431 640 
0 183 369 377 435 640 
0 188 369 378 440 640 
0 191 368 378 450 640 
0 194 368 378 464 640 
0 198 368 379 468 640 
0 201 368 379 470 640 
0 204 367 379 470 640 
0 207 367 380 471 640 
0 209 367 380 472 640 
0 211 367 381 473 640 
0 214 367 381 476 494 500 640 
0 217 367 382 480 491 511 640 
0 219 367 382 481 488 521 640 
0 221 367 383 481 485 524 640 
0 224 368 383 481 483 526 640 
0 226 368 384 528 640 
0 229 367 384 532 640 
0 231 368 385 533 640 
0 233 238 242 368 386 532 542 545 640 
0 243 367 387 532 540 545 640 
0 243 367 388 516 521 532 539 545 640 
0 243 367 388 510 511 516 522 531 538 545 640 
0 243 366 390 516 522 531 536 548 640 
0 243 366 391 516 520 531 534 548 640 
0 243 365 393 516 519 530 531 548 640 
0 243 365 396 548 640 
0 244 365 402 547 640 
0 244 365 409 546 640 
0 244 365 414 544 640 
0 244 365 420 542 640 
0 244 367 425 539 640 
0 244 368 430 535 640 
0 244 370 435 478 479 531 640 
0 244 370 438 477 481 528 640 
0 245 371 441 477 485 520 640 
0 245 372 444 477 488 512 640 
0 245 372 448 477 493 504 640 
0 245 372 450 467 471 476 640 
0 245 372 452 466 474 476 640 
0 246 372 455 466 640 
0 246 372 458 464 640 
0 246 254 255 372 640 
0 246 254 255 371 640 
0 247 254 255 371 640 
0 247 254 255 371 640 
0 247 254 255 371 640 
0 247 254 255 371 640 
0 248 254 255 371 640 
0 248 254 255 260 261 371 640 
0 248 254 256 260 261 371 640 
0 248 254 256 260 262 371 640 
0 249 254 256 260 262 371 640 
0 249 254 256 259 262 370 640 
0 249 254 256 259 263 370 640 
0 250 254 257 259 264 370 640 
0 250 254 257 259 264 370 640 
0 250 254 257 259 264 370 640 
0 251 254 257 259 265 370 640 
0 251 255 257 259 265 370 640 
0 252 255 257 258 266 370 640 
0 253 255 266 370 640 
0 253 255 267 370 640 
0 253 255 267 371 640 
0 254 255 267 371 640 
0 266 372 640 
0 266 372 640 
0 266 372 640 
0 265 373 640 
0 265 373 640 
0 265 373 640 
0 264 374 640 
0 264 374 640 
0 264 375 640 
0 263 375 640 
0 263 375 640 
0 263 376 640 
0 263 376 640 
0 262 377 640 
0 262 377 640 
0 262 377 640 
0 261 378 640 
0 261 378 640 
0 260 378 640 
0 260 379 640 
0 260 379 640 
0 259 380 640 
0 259 380 640 
0 259 381 640 
0 258 381 640 
0 258 382 640 
0 257 382 640 
0 257 383 640 
0 256 383 640 
0 256 384 640 
0 255 384 640 
0 255 385 640 
0 254 385 640 
0 254 385 640 
0 253 386 640 
0 253 386 640 
0 253 387 640 
0 252 387 640 
0 252 387 640 
0 252 388 640 
0 251 388 640 
0 251 389 640 
0 250 389 640 
0 250 390 640 
0 250 390 640 
0 249 390 640 
0 249 391 640 
0 249 391 640 
0 248 391 640 
0 248 392 640 
0 248 392 640 
0 248 392 640 
0 248 393 640 
0 247 393 640 
0 247 393 640 
0 247 394 640 
0 246 394 640 
0 246 395 640 
0 246 395 640 
0 245 395 640 
0 245 396 640 
0 245 396 640 
0 244 396 640 
0 244 397 640 
0 244 397 640 
0 244 397 640 
0 243 398 640 
0 243 398 640 
0 243 398 640 
0 243 399 640 
0 242 399 640 
0 242 400 640 
0 242 400 640 
0 242 400 640 
0 241 401 640 
0 241 401 640 
0 241 401 640 
0 240 402 640 
0 240 402 640 
0 240 402 640 
0 239 403 640 
0 239 403 640 
0 239 403 640 
0 239 404 640 
0 238 404 640 
0 238 405 640 
0 238 405 640 
0 238 405 640 
0 237 405 640 
0 237 406 640 
0 237 406 640 
0 237 406 640 
0 236 407 640 
0 236 407 640 
0 236 407 640 
0 236 408 640 
0 235 408 640 
0 235 408 640 
0 235 408 640 
0 235 409 640 
0 234 409 640 
0 234 409 640 
0 234 410 640 
0 234 410 640 
0 234 410 640 
0 233 410 640 
0 233 411 640 
0 233 411 640 
0 233 411 640 
0 234 411 640 
