0 606 631 640 
0 606 631 640 
0 484 554 602 631 640 
0 479 566 600 631 640 
0 477 570 600 631 640 
0 476 572 597 631 640 
0 475 574 597 631 640 
0 474 575 595 631 640 
0 473 576 594 631 640 
0 472 577 593 631 640 
0 472 577 591 632 640 
0 471 578 590 632 640 
0 471 578 589 633 640 
0 472 578 588 633 640 
0 470 579 587 633 640 
0 469 580 586 634 640 
0 468 580 586 635 640 
0 468 581 583 635 640 
0 468 580 582 635 640 
0 467 580 582 636 640 
0 467 636 640 
0 466 636 640 
0 466 637 640 
0 466 638 640 
0 465 638 640 
0 465 
0 464 
0 464 
0 463 
0 463 
0 463 
0 462 
0 462 
0 461 
0 461 
0 460 
0 460 639 640 
0 460 633 636 637 640 
0 460 623 624 628 640 
0 459 622 640 
0 459 620 640 
0 459 621 640 
0 458 622 640 
0 458 623 640 
0 458 624 640 
0 459 625 640 
0 458 626 640 
0 457 626 640 
0 448 627 640 
0 440 628 640 
0 434 629 640 
0 430 629 640 
0 427 630 640 
0 426 630 640 
0 425 631 640 
0 424 631 640 
0 424 631 640 
0 425 631 640 
0 426 631 640 
0 428 631 640 
0 432 631 640 
0 435 631 640 
0 440 630 640 
0 446 630 640 
0 448 629 640 
0 450 625 626 628 640 
0 450 624 640 
0 449 617 640 
0 449 610 640 
0 448 603 640 
0 447 589 640 
0 447 584 640 
0 447 584 640 
0 446 583 640 
0 446 583 640 
0 446 583 640 
0 445 583 640 
0 445 583 640 
0 445 583 640 
0 444 583 640 
0 444 583 640 
0 443 583 640 
0 443 584 640 
0 443 584 640 
0 442 585 640 
0 442 585 640 
0 442 585 640 
0 441 585 640 
0 441 585 640 
0 441 585 640 
0 441 585 640 
0 441 585 640 
0 440 585 640 
0 440 585 640 
0 440 584 640 
0 440 585 640 
0 440 585 640 
0 440 585 640 
0 440 586 640 
0 440 586 640 
0 440 586 640 
0 440 586 640 
0 441 586 640 
0 441 587 640 
0 442 591 640 
0 442 591 640 
0 442 591 640 
0 443 590 640 
0 443 588 640 
0 443 587 640 
0 442 587 640 
0 441 586 640 
0 440 585 640 
0 440 584 640 
0 440 584 640 
0 439 583 640 
0 439 582 640 
0 438 582 640 
0 434 582 640 
0 431 581 640 
0 430 581 640 
0 429 580 640 
0 429 580 640 
0 429 580 640 
0 428 579 640 
0 428 578 640 
0 428 578 640 
0 429 577 640 
0 429 576 640 
0 429 576 640 
0 430 576 640 
0 430 578 640 
0 430 580 640 
0 430 582 640 
0 430 585 640 
0 429 587 640 
0 428 589 640 
0 427 591 640 
0 426 592 640 
0 426 593 640 
0 425 595 640 
0 425 596 640 
0 424 597 640 
0 424 597 640 
0 423 598 640 
0 423 599 640 
0 422 600 640 
0 421 600 640 
0 421 535 536 601 640 
0 421 602 640 
0 421 602 640 
0 421 602 640 
0 421 603 640 
0 421 603 640 
0 421 603 640 
0 421 603 640 
0 421 603 640 
0 421 603 640 
0 421 603 640 
0 422 603 640 
0 422 603 640 
0 422 603 640 
0 422 603 640 
0 422 603 640 
0 420 603 640 
0 419 603 640 
0 419 421 423 603 640 
0 424 602 640 
0 423 602 640 
0 422 602 640 
0 421 601 640 
0 421 601 640 
0 420 600 640 
0 419 600 640 
0 419 599 640 
0 418 599 640 
0 418 598 640 
0 417 598 640 
0 416 597 640 
0 416 596 640 
0 415 595 640 
0 415 594 640 
0 414 593 640 
0 414 592 640 
0 413 590 640 
0 412 589 640 
0 412 589 640 
0 411 590 640 
0 411 590 640 
0 410 591 640 
0 410 592 640 
0 409 593 640 
0 409 594 640 
0 408 595 640 
0 408 596 640 
0 407 598 640 
0 407 599 640 
0 406 600 640 
0 406 601 640 
0 405 602 640 
0 405 603 640 
0 404 604 640 
0 404 605 640 
0 403 606 640 
0 403 607 640 
0 403 608 640 
0 175 196 402 609 640 
0 164 206 402 610 640 
0 152 221 402 610 640 
0 146 230 401 610 640 
0 140 240 401 610 640 
0 136 244 401 610 640 
0 132 250 401 610 640 
0 129 256 401 613 640 
0 126 262 400 613 640 
0 123 267 400 613 640 
0 121 270 400 613 640 
6 118 275 400 613 640 
17 115 279 400 613 640 
27 112 283 400 613 640 
37 108 287 400 613 640 
44 105 290 400 613 640 
59 99 294 400 612 640 
298 400 612 640 
302 400 612 640 
305 401 611 640 
308 401 611 640 
311 402 610 640 
315 402 610 640 
318 403 610 640 
321 403 609 640 
324 404 609 640 
172 184 327 405 608 640 
167 196 330 406 608 640 
155 209 332 407 607 640 
147 220 335 407 608 640 
142 230 338 407 609 640 
139 236 341 407 610 640 
136 242 344 407 610 640 
133 246 346 406 611 640 
130 251 349 406 544 545 611 640 
128 256 352 406 544 545 612 640 
126 262 354 406 612 640 
124 266 357 405 613 640 
122 270 359 405 544 545 613 640 
120 275 362 405 544 546 614 640 
118 278 364 405 543 546 614 640 
116 282 367 404 543 547 615 640 
114 286 369 404 543 549 615 640 
113 289 372 404 543 550 616 640 
110 293 374 404 543 552 616 640 
108 296 376 404 542 554 617 640 
106 299 379 404 542 557 617 640 
104 302 381 404 542 561 617 640 
100 305 383 403 542 563 618 640 
95 96 97 308 385 403 542 565 619 640 
89 311 388 403 542 566 619 640 
85 315 390 402 542 567 619 640 
68 317 392 402 541 567 620 640 
64 320 394 402 541 568 620 640 
63 323 397 402 541 568 621 640 
63 326 399 401 541 569 621 640 
62 329 540 570 622 640 
62 331 540 570 622 640 
62 335 540 571 622 640 
62 337 539 571 623 640 
61 340 539 572 623 640 
61 342 539 572 624 640 
61 345 538 573 624 640 
61 347 538 574 625 640 
61 350 537 574 625 640 
61 352 537 575 625 640 
60 355 536 575 626 640 
60 357 536 576 626 640 
60 359 535 577 627 640 
60 362 534 577 627 640 
60 365 534 578 627 640 
60 366 533 578 628 640 
60 369 532 579 628 640 
60 372 532 579 629 640 
60 374 531 580 629 640 
60 376 530 581 630 640 
59 379 529 581 630 640 
59 380 528 582 630 640 
59 383 527 582 630 640 
59 385 527 583 631 640 
59 388 526 584 631 640 
59 389 525 584 631 640 
59 392 524 585 631 640 
58 393 524 585 632 640 
58 394 524 586 632 640 
58 394 523 586 632 640 
58 394 523 586 632 640 
58 394 523 584 633 640 
58 393 523 582 633 640 
58 393 523 579 633 640 
58 393 523 577 633 640 
58 393 523 575 633 640 
58 393 523 572 633 640 
58 393 523 570 633 640 
58 393 523 566 633 640 
58 393 523 564 634 640 
58 394 523 561 634 640 
58 394 523 558 634 640 
58 394 524 555 634 640 
58 395 524 551 634 640 
58 395 524 547 634 640 
58 396 524 542 633 640 
58 396 524 537 633 640 
58 397 525 531 633 640 
58 397 633 640 
58 398 632 640 
58 399 632 640 
58 400 632 640 
58 400 632 640 
58 401 631 640 
58 402 631 640 
58 402 631 640 
58 403 630 640 
58 403 630 640 
58 402 629 640 
58 402 629 640 
58 402 628 640 
58 401 626 640 
58 401 625 640 
58 401 622 640 
58 401 620 640 
58 401 617 640 
58 401 614 640 
58 401 611 640 
58 401 609 640 
58 401 606 640 
58 401 603 640 
58 402 600 640 
58 402 598 640 
58 402 595 640 
58 403 593 640 
58 403 590 640 
58 404 588 640 
58 404 586 640 
58 405 584 640 
58 405 582 640 
58 406 579 640 
58 406 577 640 
58 407 576 640 
58 408 574 640 
58 408 572 640 
58 408 570 640 
58 408 569 640 
58 407 568 640 
58 406 567 640 
58 406 568 640 
58 405 569 640 
58 405 570 640 
58 405 571 640 
58 404 572 640 
58 404 573 640 
58 404 573 640 
58 403 574 640 
58 403 574 640 
59 402 573 640 
59 402 573 640 
59 402 573 640 
59 401 573 640 
59 401 572 640 
59 401 572 640 
59 400 572 640 
59 400 571 640 
59 400 571 640 
59 399 571 640 
59 399 570 640 
59 399 570 640 
59 398 569 640 
59 398 569 640 
59 398 569 640 
59 397 570 640 
59 397 571 640 
59 397 572 640 
59 396 573 640 
59 396 574 640 
59 396 575 640 
59 395 576 640 
60 395 577 640 
60 395 578 640 
60 394 578 640 
60 394 579 640 
60 394 580 640 
60 393 581 640 
60 393 582 640 
60 393 583 640 
60 392 584 640 
60 392 584 640 
60 392 585 640 
60 391 586 640 
60 391 587 640 
60 391 588 640 
60 390 589 640 
60 390 589 640 
60 390 555 557 590 640 
60 389 556 557 591 640 
60 389 557 559 592 640 
60 389 557 560 592 640 
60 388 557 561 593 640 
61 388 558 562 594 640 
61 388 558 563 595 640 
61 387 558 564 595 640 
61 387 559 564 596 640 
61 387 559 565 597 640 
61 386 560 566 598 640 
61 386 560 567 598 640 
61 386 560 568 599 640 
61 385 561 569 600 640 
61 385 561 570 600 640 
61 385 562 570 601 640 
61 384 562 571 602 640 
61 384 562 572 602 640 
61 383 563 573 603 640 
61 383 563 574 604 640 
62 383 564 574 604 640 
62 382 564 575 605 640 
62 382 565 576 606 640 
62 382 565 577 606 640 
62 381 566 577 607 640 
62 381 566 578 608 640 
62 380 567 579 608 640 
62 380 567 580 609 640 
62 380 568 580 610 640 
62 379 568 581 610 640 
62 379 569 582 611 640 
62 379 569 582 611 640 
63 378 570 583 612 640 
63 378 570 584 613 640 
63 377 570 584 613 640 
63 377 571 585 614 640 
63 376 571 586 614 640 
63 376 572 586 615 640 
63 376 572 587 615 640 
63 375 573 588 616 640 
63 375 574 588 616 640 
63 374 574 589 617 640 
64 374 575 590 618 640 
64 374 575 590 618 640 
64 373 576 590 619 640 
64 373 576 591 619 640 
65 372 577 592 620 640 
65 372 578 592 620 640 
65 371 578 593 620 640 
65 371 579 594 621 640 
65 370 579 594 621 640 
65 370 580 595 622 640 
65 370 581 595 622 640 
66 369 581 596 623 640 
66 369 582 596 623 640 
66 368 582 597 624 640 
66 368 582 597 625 640 
66 367 584 598 625 640 
66 367 584 598 625 640 
67 366 585 599 626 640 
67 366 585 599 626 640 
67 365 586 600 627 640 
67 365 586 600 627 640 
0 1 67 365 587 601 628 640 
0 2 68 364 587 601 628 640 
0 2 68 364 588 602 629 640 
0 2 68 363 589 602 629 640 
0 2 68 363 590 603 630 640 
0 3 68 362 590 603 630 640 
0 3 69 362 591 604 630 640 
0 3 69 362 591 604 631 640 
0 4 69 361 591 605 631 640 
0 4 70 361 593 605 632 640 
0 5 70 360 594 605 632 640 
0 5 70 360 594 606 632 640 
0 5 70 359 595 606 633 640 
0 6 70 359 595 607 633 640 
0 6 71 358 596 607 634 640 
0 7 71 358 597 608 634 640 
0 7 71 358 598 608 635 640 
0 8 72 357 598 608 635 640 
0 8 72 357 598 608 635 640 
