0 217 220 640 
0 217 220 640 
0 217 220 640 
0 217 220 640 
0 640 
0 640 
0 640 
0 640 
0 640 
0 640 
0 640 
0 640 
0 160 161 640 
0 159 162 640 
0 159 162 640 
0 159 163 640 
0 158 164 640 
0 158 164 640 
0 158 165 640 
0 158 166 640 
0 158 166 640 
0 157 167 640 
0 157 167 640 
0 157 168 640 
0 156 169 640 
0 156 169 640 
0 156 170 640 
0 155 171 640 
0 155 171 640 
0 155 172 640 
0 155 172 640 
0 155 173 640 
0 154 173 640 
0 154 173 640 
0 154 174 640 
0 154 175 640 
0 154 175 640 
0 153 176 640 
0 153 176 640 
0 153 177 640 
0 153 177 640 
0 153 178 640 
0 153 178 640 
0 152 178 640 
0 152 179 640 
0 100 120 133 146 152 180 640 
0 90 180 640 
0 84 181 640 
0 80 181 640 
0 75 182 640 
0 72 182 640 
0 70 183 640 
0 66 183 640 
0 64 184 640 
0 61 184 640 
0 59 185 640 
0 57 185 640 
0 55 186 640 
0 52 186 640 
0 50 187 640 
0 48 187 640 
0 46 188 640 
0 44 188 640 
0 43 189 640 
0 41 189 640 
0 39 190 640 
0 38 191 640 
0 36 192 640 
0 34 193 640 
0 32 193 640 
0 30 194 640 
0 29 195 640 
0 27 195 640 
0 25 196 640 
0 24 197 640 
0 23 198 640 
0 21 198 640 
0 20 199 640 
0 19 200 640 
0 17 200 640 
0 16 201 640 
0 15 201 640 
0 14 202 640 
0 13 202 640 
0 12 203 640 
0 11 203 640 
0 10 204 640 
0 10 204 640 
0 8 205 640 
0 8 205 640 
0 7 206 640 
0 6 206 640 
0 6 206 640 
0 5 207 640 
0 4 207 640 
0 3 207 640 
0 3 208 640 
0 3 208 640 
0 2 208 640 
0 2 209 640 
0 1 209 640 
210 640 
210 640 
210 640 
210 640 
211 640 
211 640 
211 640 
211 640 
211 640 
212 640 
212 640 
212 640 
212 640 
213 640 
214 640 
214 640 
215 640 
215 640 
216 640 
216 640 
216 640 
217 640 
217 640 
217 640 
218 640 
219 640 
219 640 
219 640 
219 640 
220 640 
221 640 
223 640 
226 640 
229 640 
231 640 
233 640 
236 640 
241 247 253 640 
253 640 
254 640 
255 640 
256 261 262 640 
263 640 
262 640 
262 640 
261 640 
260 640 
260 640 
259 640 
259 640 
258 640 
257 640 
257 640 
257 640 
256 640 
256 640 
255 640 
255 640 
255 640 
254 640 
239 241 253 640 
238 243 252 640 
237 244 251 640 
236 246 251 640 
236 247 250 640 
235 640 
0 1 235 640 
0 2 235 640 
0 2 236 640 
0 3 236 640 
0 3 236 640 
0 3 237 640 
0 4 237 640 
0 5 237 640 
0 5 237 640 
0 6 237 640 
0 7 237 640 
0 8 237 640 
0 8 237 640 
0 9 237 640 
0 10 237 640 
0 11 237 640 
0 11 236 640 
0 12 236 640 
0 12 236 640 
0 12 236 640 
0 11 236 640 
0 11 235 640 
0 10 235 640 
0 10 234 640 
0 10 234 640 
0 9 234 640 
0 9 233 640 
0 9 233 640 
0 8 232 640 
0 8 232 640 
0 7 232 640 
0 7 232 640 
0 6 231 640 
0 6 231 640 
0 5 231 640 
0 5 230 441 442 640 
0 5 230 436 447 640 
0 4 225 226 230 434 450 640 
0 3 224 226 229 434 453 640 
0 3 223 227 228 434 455 640 
0 2 221 435 457 640 
0 2 221 435 458 640 
207 209 220 436 459 640 
207 209 220 437 460 640 
206 209 220 437 461 640 
206 209 220 438 462 640 
205 209 219 439 463 640 
205 209 214 217 219 439 464 640 
205 208 213 440 465 640 
204 210 212 441 466 640 
204 210 211 442 466 640 
204 210 211 443 466 640 
204 444 464 640 
204 445 462 640 
204 447 461 640 
204 448 461 640 
204 450 462 640 
204 451 462 640 
204 454 462 640 
203 640 
203 640 
0 3 4 9 203 640 
0 12 203 640 
0 13 203 640 
0 13 203 640 
0 12 203 640 
0 12 203 640 
0 12 203 640 
0 12 203 640 
0 12 203 640 
0 11 203 640 
0 11 203 640 
0 11 203 640 
0 10 203 640 
0 10 203 640 
0 10 203 640 
0 10 203 640 
0 10 203 640 
0 9 203 640 
0 9 203 640 
0 9 202 640 
0 9 202 640 
0 9 202 640 
0 8 203 640 
0 8 203 640 
0 8 203 640 
0 8 203 640 
0 8 203 640 
0 8 196 197 204 640 
0 8 197 198 204 640 
0 7 205 640 
0 7 197 198 205 640 
0 7 197 199 205 640 
0 7 198 200 205 640 
0 7 198 201 206 640 
0 7 199 202 206 640 
0 6 199 202 206 640 
0 6 200 203 207 640 
0 6 200 204 207 640 
0 6 201 205 207 640 
0 5 201 206 208 640 
0 5 202 206 208 640 
0 5 202 207 208 640 
0 5 202 640 
0 5 202 640 
0 5 203 640 
0 5 203 640 
0 4 204 640 
0 4 184 188 204 640 
0 4 183 189 205 640 
0 4 183 191 205 640 
0 4 182 194 205 640 
0 4 181 196 206 640 
0 4 180 198 206 640 
0 4 180 199 206 640 
0 3 179 202 206 640 
0 3 178 640 
0 3 177 640 
0 3 176 640 
0 3 175 640 
0 3 172 640 
0 3 157 163 164 166 167 640 
0 3 156 640 
0 3 153 640 
0 2 149 640 
0 2 149 640 
0 2 152 640 
0 2 157 640 
0 2 163 640 
0 2 166 640 
0 2 173 640 
0 2 179 640 
0 2 184 640 
0 1 189 640 
0 1 192 640 
196 640 
200 640 
203 640 
206 640 
209 640 
211 640 
42 43 214 640 
41 44 219 640 
42 43 221 640 
222 640 
224 640 
225 640 
226 640 
227 640 
227 640 
9 12 14 17 228 640 
8 25 229 640 
8 12 13 26 229 640 
8 24 230 640 
9 22 229 640 
8 20 228 640 
8 18 225 640 
9 16 223 640 
9 14 223 640 
9 12 223 640 
8 10 224 640 
8 9 225 640 
226 640 
227 640 
227 640 
228 640 
229 640 
230 640 
230 640 
231 640 
231 640 
232 640 
233 640 
233 640 
234 640 
234 640 
235 640 
236 640 
236 640 
237 640 
237 640 
237 640 
238 640 
238 640 
239 640 
240 640 
240 640 
3 5 241 640 
3 5 241 640 
2 5 242 640 
2 5 242 640 
1 5 243 640 
1 5 244 256 257 640 
0 6 246 252 258 640 
0 6 248 249 259 640 
0 7 260 640 
0 7 260 640 
0 7 260 640 
0 6 260 640 
0 6 260 640 
0 5 260 640 
0 5 260 640 
0 5 259 640 
0 5 259 640 
0 5 259 640 
0 4 258 640 
0 4 258 640 
0 4 258 640 
0 4 258 640 
0 4 258 640 
0 4 258 640 
0 4 258 640 
0 3 257 640 
0 3 257 640 
0 3 257 640 
0 3 257 640 
0 3 258 640 
0 3 260 640 
0 2 261 640 
263 640 
265 640 
267 640 
272 640 
275 640 
277 640 
278 640 
278 640 
279 640 
280 640 
280 640 
280 640 
279 640 
279 640 
278 640 
277 640 
277 640 
276 640 
276 640 
275 640 
274 640 
274 330 331 640 
274 328 336 640 
274 295 304 328 342 363 367 640 
274 294 312 328 347 362 371 640 
274 294 316 328 350 362 373 640 
274 295 325 327 355 361 376 640 
274 295 381 640 
292 295 384 397 398 640 
387 396 403 640 
389 395 405 640 
392 394 408 640 
411 640 
413 640 
416 640 
418 640 
420 430 432 640 
422 428 435 640 
424 427 436 640 
438 640 
440 640 
441 640 
444 640 
446 640 
448 640 
449 640 
451 640 
453 459 462 640 
455 458 463 640 
465 640 
466 640 
468 640 
470 640 
471 640 
472 640 
474 640 
475 640 
477 640 
478 640 
479 640 
481 640 
225 227 482 484 488 640 
225 227 490 640 
226 229 491 640 
227 229 492 640 
230 231 494 640 
495 640 
496 640 
497 640 
498 640 
499 640 
500 640 
501 640 
502 640 
503 640 
505 640 
509 640 
510 640 
512 640 
513 640 
514 640 
515 640 
515 640 
516 640 
517 640 
518 640 
519 640 
520 640 
521 640 
522 640 
523 640 
523 640 
524 640 
526 640 
