























































































246 253 
243 255 
234 256 
232 256 
222 230 231 258 
221 258 
220 260 
219 260 
218 262 
218 262 
217 263 
217 264 
217 264 
217 264 
217 265 
217 266 
217 266 
217 267 
217 268 
217 268 
217 269 
217 270 
217 270 
217 270 
217 271 
217 272 
218 272 
218 272 
218 272 
218 273 
219 274 
219 274 
219 275 
220 275 
220 275 
220 276 
221 276 
221 276 
222 277 
222 278 
222 278 
223 278 
223 279 
224 280 
224 280 
225 280 
225 281 
226 281 
226 282 
227 282 
227 283 
228 283 
228 283 
229 284 
230 284 
230 285 
231 285 
231 286 
232 286 
232 287 
233 287 
233 287 
234 288 
234 289 
235 289 
235 290 
236 290 
237 291 
237 291 
238 292 
238 292 
239 293 
240 293 
240 294 
240 294 
241 295 
241 296 
242 296 
242 297 
242 297 
243 299 
243 299 
244 299 
244 300 
245 300 
245 300 
246 301 
247 302 
247 302 
248 302 
248 303 
249 303 
249 304 
250 304 
250 305 
251 305 
251 306 
252 306 
252 306 
253 308 
253 308 
254 309 
254 309 
255 309 
255 310 
256 310 
256 311 
257 311 
257 312 
258 313 
258 313 
259 314 
259 314 
260 315 
260 315 
260 316 
261 316 
261 317 
262 318 
262 318 
263 319 
263 320 
263 320 
264 320 
264 321 
265 322 
265 322 
266 323 
266 324 
266 324 
267 325 
267 325 
268 326 
268 327 
268 327 
269 328 
269 328 
270 329 
270 329 
270 330 
271 330 
271 331 
272 332 
272 332 
241 249 272 336 
236 253 272 338 
233 259 273 341 
230 262 273 344 
228 265 274 345 
226 269 274 346 
223 272 274 347 
222 349 
220 350 
218 350 
217 351 
215 352 
215 352 
214 353 
213 354 
212 355 
212 355 
211 355 
210 356 
210 357 
210 357 
209 358 
209 358 
209 359 
208 359 
208 360 
208 360 
208 360 
208 360 
208 361 
208 362 
208 362 
208 363 
208 363 
208 364 
209 364 
209 364 
209 365 
210 365 
210 365 
208 366 
206 366 
204 367 
202 367 
200 368 
198 368 
197 369 
196 369 
195 370 
193 370 
191 370 
190 371 
189 371 
188 371 
187 372 
186 372 
186 372 
185 373 
184 373 
184 374 
183 374 
183 375 
182 375 
181 375 
181 375 
181 376 
180 376 
180 376 
180 377 
180 377 
180 378 
180 378 
180 378 
179 379 
179 379 
179 379 
179 380 
180 380 
180 380 
180 381 
180 381 
180 381 
180 381 
179 382 
179 382 
178 382 
178 383 
178 383 
177 383 
177 383 
177 384 
177 384 
176 384 
176 384 
176 384 
176 384 
176 385 
176 385 
175 385 
175 385 
175 385 
175 385 
175 385 
175 386 
175 385 
175 385 
175 385 
175 386 
175 386 
174 386 
174 386 
174 386 
174 386 
174 386 
174 386 
174 386 
174 386 
174 386 
174 386 
174 386 
174 386 
174 386 
174 386 
174 386 
174 386 
174 386 
174 386 
175 386 
175 386 
175 386 
175 386 
175 386 
175 386 
176 385 
176 385 
177 385 
178 385 
179 385 
180 385 
181 385 
182 205 210 385 
184 203 210 385 
186 200 211 385 
211 385 
212 385 
212 384 
213 384 
213 384 
214 384 
214 384 
215 384 
216 384 
216 384 
217 384 
217 384 
218 384 
218 384 
219 384 
219 384 
220 384 
221 384 
221 384 
222 384 
222 384 
223 384 
224 385 
224 387 
225 387 
226 389 
226 390 
227 391 
227 392 
228 393 
229 394 
229 395 
230 396 
231 397 
231 398 
232 399 
232 400 
233 402 
234 403 
234 404 
235 405 
236 406 
236 407 
237 408 
238 409 
238 410 
239 411 
240 412 
240 413 
241 414 
242 415 
242 416 
243 418 
243 419 
244 420 
245 421 
246 422 
246 423 
247 424 
248 425 
248 426 
249 427 
250 428 
250 429 
251 430 
252 432 
252 433 
253 434 
254 435 
254 436 
255 437 
256 438 
256 439 
257 440 
258 441 
259 442 
259 444 
260 445 
261 446 
261 447 
262 448 
263 449 
263 450 
264 451 
265 452 
266 453 
266 454 
267 455 
268 456 
269 457 
270 459 
270 460 
271 461 
272 462 
272 463 
273 464 
274 465 
275 466 
276 467 
277 468 
278 469 
279 470 
280 471 
281 473 
281 474 
