0 257 260 640 
0 256 260 640 
0 254 261 640 
0 253 263 640 
0 251 263 640 
0 250 265 640 
0 249 265 640 
0 248 266 640 
0 247 267 640 
0 246 268 640 
0 245 269 640 
0 244 270 640 
0 243 270 640 
0 242 271 640 
0 241 272 640 
0 239 273 640 
0 238 274 640 
0 237 275 640 
0 236 276 640 
0 235 277 640 
0 235 278 640 
0 234 279 640 
0 232 280 640 
0 231 280 640 
0 230 281 640 
0 229 282 640 
0 228 283 640 
0 227 284 640 
0 226 285 640 
0 226 286 640 
0 224 286 640 
0 224 287 640 
0 223 288 640 
0 223 289 640 
0 223 290 640 
0 224 291 640 
0 225 292 640 
0 226 292 640 
0 226 293 640 
0 225 294 640 
0 224 295 640 
0 224 296 640 
0 223 297 640 
0 222 298 640 
0 221 298 640 
0 220 299 640 
0 220 300 640 
0 219 301 640 
0 218 302 640 
0 217 302 640 
0 216 303 640 
0 215 305 640 
0 215 305 640 
0 214 306 640 
0 213 307 640 
0 212 308 640 
0 211 309 640 
0 210 309 640 
0 210 310 640 
0 209 311 640 
0 208 312 640 
0 207 313 640 
0 207 314 640 
0 206 315 640 
0 205 316 640 
0 205 317 640 
0 205 318 640 
0 206 318 640 
0 207 319 640 
0 208 320 640 
0 208 321 640 
0 208 322 640 
0 207 323 640 
0 206 324 640 
0 205 324 640 
0 205 325 640 
0 204 326 640 
0 204 327 640 
0 203 328 640 
0 202 328 640 
0 201 330 640 
0 201 330 640 
0 200 331 640 
0 200 332 640 
0 199 333 640 
0 198 333 640 
0 198 334 640 
0 197 335 640 
0 197 336 640 
0 196 337 640 
0 195 338 640 
0 194 338 640 
0 194 339 640 
0 193 340 640 
0 193 341 640 
0 192 342 640 
0 192 343 640 
0 191 344 640 
0 191 345 640 
0 190 346 640 
0 191 347 640 
0 192 348 640 
0 193 349 640 
0 193 349 640 
0 193 350 640 
0 192 351 640 
0 192 352 640 
0 191 353 640 
0 191 354 640 
0 190 355 640 
0 190 355 640 
0 189 356 640 
0 189 357 640 
0 189 358 640 
0 188 358 640 
0 187 359 640 
0 187 360 640 
0 186 361 640 
0 186 362 640 
0 185 363 640 
0 185 363 640 
0 185 365 640 
0 184 365 640 
0 184 366 640 
0 183 367 640 
0 183 368 640 
0 182 369 640 
0 182 370 640 
0 181 371 640 
0 181 372 640 
0 180 373 640 
0 180 373 640 
0 180 374 640 
0 180 375 640 
0 180 376 640 
0 180 377 640 
0 181 378 640 
0 181 378 640 
0 181 379 640 
0 181 380 640 
0 180 381 640 
0 180 382 640 
0 180 383 640 
0 180 383 640 
0 179 385 640 
0 179 385 640 
0 178 386 640 
0 178 387 640 
0 178 388 640 
0 178 389 640 
0 177 390 640 
0 177 391 640 
0 176 392 640 
0 176 392 640 
0 176 393 640 
0 175 394 640 
0 175 395 640 
0 175 396 640 
0 175 397 640 
0 174 397 640 
0 174 398 640 
0 174 399 640 
0 173 400 640 
0 173 401 640 
0 173 402 640 
0 172 403 640 
0 172 403 640 
0 171 404 640 
0 171 405 640 
0 172 406 640 
0 172 407 640 
0 172 408 640 
0 173 409 640 
0 173 410 640 
0 173 410 640 
0 173 411 640 
0 172 412 640 
0 172 413 640 
0 172 414 640 
0 171 415 640 
0 171 416 640 
0 171 416 640 
0 171 417 640 
0 171 418 640 
0 170 419 640 
0 170 420 640 
0 170 420 640 
0 170 421 640 
0 170 422 636 639 640 
0 169 423 624 
0 169 424 481 482 607 
0 169 425 479 484 538 539 593 596 597 
0 169 425 478 485 515 541 542 543 579 
0 169 426 476 487 506 
0 168 427 474 488 497 
0 168 428 473 
0 168 429 472 
0 168 430 472 
0 168 431 470 
0 167 432 469 
0 167 433 466 
0 167 434 463 
0 167 434 459 
0 167 435 453 
0 167 436 446 
0 166 437 441 
0 167 
0 167 
0 167 
0 168 
0 168 
0 168 
0 168 
0 167 
0 167 
0 167 
0 167 
0 167 
0 167 
0 167 
0 167 
0 167 
0 167 
0 166 
0 166 
0 166 
0 166 
0 166 
0 166 
0 166 
0 166 
0 166 
0 166 
0 166 
0 166 
0 165 
0 165 
0 165 
0 165 
0 166 
0 166 
0 166 
0 166 
0 165 
0 165 
0 165 
0 165 
0 165 
0 165 
0 165 
0 165 
0 165 
0 165 
0 166 
0 166 
0 166 
0 166 
0 166 
0 166 
0 166 
0 166 
0 166 553 623 
0 166 550 640 
0 166 549 640 
0 166 548 640 
0 166 547 640 
0 166 545 640 
0 166 544 640 
0 166 543 640 
0 166 542 640 
0 167 541 640 
0 167 540 640 
0 167 538 640 
0 167 537 640 
0 167 536 640 
0 167 534 640 
0 166 533 640 
0 167 532 640 
0 167 530 640 
0 166 529 640 
0 166 527 640 
0 167 526 640 
0 167 524 640 
0 167 523 640 
0 167 521 640 
0 167 520 640 
0 168 518 640 
0 168 516 640 
0 168 514 640 
0 168 513 640 
0 168 511 640 
0 169 509 640 
0 169 507 640 
0 169 506 640 
0 169 505 640 
0 169 504 640 
0 170 503 640 
0 170 429 432 501 640 
0 170 428 438 454 455 500 640 
0 170 427 456 498 640 
0 170 427 456 490 491 497 640 
0 171 426 457 490 493 496 640 
0 171 425 457 490 640 
0 171 425 457 489 640 
0 171 424 457 488 640 
0 171 423 457 488 640 
0 171 422 458 487 640 
0 172 422 458 486 640 
0 172 421 458 483 640 
0 172 420 460 480 640 
0 171 420 460 474 640 
0 171 419 464 468 640 
0 170 418 640 
0 171 418 640 
0 171 417 640 
0 171 416 640 
0 171 416 640 
0 172 415 640 
0 172 414 640 
0 172 414 640 
0 172 413 640 
0 173 412 640 
0 173 411 640 
0 173 411 640 
0 174 410 640 
0 174 409 640 
0 174 409 640 
0 175 408 640 
0 175 407 640 
0 175 407 640 
0 176 406 640 
0 176 405 640 
0 176 405 640 
0 177 404 640 
0 177 403 640 
0 177 402 640 
0 178 402 640 
0 178 401 640 
0 178 400 640 
0 179 400 640 
0 179 399 640 
0 180 398 640 
0 180 398 640 
0 180 397 640 
0 181 396 640 
0 180 396 640 
0 179 395 640 
0 178 394 640 
0 178 394 640 
0 178 393 640 
0 178 392 640 
0 179 391 640 
0 179 391 640 
0 180 390 640 
0 180 389 640 
0 181 389 640 
0 181 388 640 
0 181 387 640 
0 182 387 640 
0 182 386 640 
0 183 385 640 
0 183 385 640 
0 184 384 640 
0 185 383 640 
0 185 382 640 
0 185 382 640 
0 186 381 640 
0 186 380 640 
0 186 380 640 
0 187 379 640 
0 188 378 640 
0 188 378 640 
0 189 377 640 
0 189 376 640 
0 190 376 640 
0 190 375 640 
0 190 374 640 
0 191 373 640 
0 191 373 640 
0 192 372 640 
0 191 371 640 
0 190 371 640 
0 189 370 640 
0 189 369 640 
0 189 369 640 
0 190 368 640 
0 190 367 640 
0 190 367 640 
0 191 366 640 
0 192 365 640 
0 192 365 640 
0 193 364 640 
0 194 363 640 
0 194 362 640 
0 195 362 640 
0 195 361 640 
0 196 360 640 
0 197 360 640 
0 197 359 640 
0 198 358 640 
0 199 358 640 
0 199 357 640 
0 200 356 640 
0 200 355 640 
0 201 355 640 
0 202 354 640 
0 203 353 640 
0 203 353 640 
0 204 352 640 
0 204 351 640 
0 205 351 640 
0 206 350 640 
0 206 349 640 
0 207 349 640 
0 206 348 640 
0 205 347 640 
0 204 346 640 
0 204 346 640 
0 204 345 640 
0 204 344 640 
0 204 344 640 
0 205 343 640 
0 206 342 640 
0 207 342 640 
0 207 341 640 
0 208 340 640 
0 209 340 640 
0 210 339 640 
0 211 338 640 
0 212 338 640 
0 212 337 640 
0 213 336 640 
0 214 335 640 
0 215 335 640 
0 216 334 640 
0 217 333 640 
0 217 333 640 
0 218 332 640 
0 219 331 640 
0 220 331 640 
0 221 330 640 
0 222 329 640 
0 222 329 640 
0 223 328 640 
0 224 327 640 
0 224 326 640 
0 224 326 640 
0 223 325 640 
0 222 324 640 
0 221 324 640 
0 221 323 640 
0 221 322 640 
0 221 322 640 
0 222 321 640 
0 223 320 640 
0 224 320 640 
0 225 319 640 
0 226 318 640 
0 227 318 640 
0 228 317 640 
0 229 316 640 
0 230 315 640 
0 232 315 640 
0 233 314 640 
0 234 313 640 
0 235 313 640 
0 236 312 640 
0 237 311 640 
0 238 311 640 
0 239 310 640 
0 240 309 640 
0 241 308 640 
0 242 308 640 
0 243 307 640 
0 244 306 640 
0 245 306 640 
0 245 305 640 
0 244 304 640 
0 243 303 640 
0 243 303 640 
