262 322 
262 322 
262 322 
262 322 
262 322 
262 322 
262 322 
262 322 
262 322 
262 323 
262 323 
262 323 
262 323 
262 323 
262 323 
262 323 
262 323 
262 323 
262 323 
262 324 
262 324 
262 324 
261 324 
261 324 
261 324 
261 324 
261 324 
261 325 
261 325 
261 325 
261 325 
261 325 
261 325 
261 325 
261 325 338 339 
260 326 338 340 
260 326 336 341 
260 326 335 341 
260 326 335 342 
260 326 333 342 
260 326 332 342 
260 326 332 343 
260 326 331 343 
260 327 331 343 
260 327 330 343 
260 327 329 343 
260 327 329 343 
260 343 
260 342 
260 342 
260 342 
260 342 371 372 
259 342 370 373 
259 342 370 374 
259 342 369 374 
259 342 369 374 
259 342 368 374 
259 342 368 375 
259 342 368 375 
259 342 367 375 
259 342 367 375 
243 244 259 342 367 375 
241 245 259 342 367 375 
241 245 259 341 366 375 
240 246 258 341 366 375 
240 247 258 341 366 375 
240 247 258 341 366 375 
240 248 258 341 365 375 
239 248 258 341 365 375 
214 216 239 248 258 341 365 375 
212 218 239 248 258 340 365 375 
211 219 239 249 258 340 365 375 
182 183 211 220 239 249 258 340 364 374 443 445 
182 183 211 220 239 249 258 340 364 374 442 445 
183 184 210 221 239 249 258 340 364 374 441 444 
183 185 210 222 239 250 258 340 361 362 363 374 440 444 
174 175 183 185 210 222 239 250 258 340 359 374 440 444 
184 186 210 223 239 250 258 340 357 374 439 443 
173 177 184 186 210 223 239 250 258 340 356 374 438 443 
172 178 184 187 210 224 239 250 258 340 348 350 355 374 438 443 
172 179 185 187 210 224 239 250 258 340 345 350 355 374 437 442 
172 179 185 188 210 225 239 250 258 340 342 351 352 374 436 442 
172 180 185 188 210 225 239 251 258 352 353 374 435 442 
171 180 185 188 211 226 239 251 258 373 435 441 
171 180 186 189 211 226 239 251 258 373 434 441 
171 180 186 189 211 227 239 251 258 373 434 440 
171 181 187 190 195 196 211 227 239 252 258 373 433 440 
171 181 187 190 194 196 211 228 239 252 258 373 433 440 
171 181 187 190 194 197 211 228 239 252 258 373 389 392 432 439 
171 182 187 190 194 197 211 229 240 252 258 373 388 392 432 439 
171 182 188 191 194 198 212 229 240 252 257 373 387 394 431 438 
171 182 188 191 194 198 212 230 240 252 257 373 386 394 430 438 
171 183 188 192 194 198 212 230 240 253 257 373 386 394 430 438 
172 183 189 192 194 199 212 230 240 253 257 373 385 394 430 437 440 441 
172 183 189 192 195 199 212 231 240 253 257 372 385 394 429 437 440 441 
172 184 190 193 195 199 212 231 240 253 257 372 384 394 428 436 
172 184 190 193 195 200 212 232 240 253 257 372 383 394 427 436 439 440 
173 184 190 193 195 200 213 232 235 253 257 372 383 394 427 435 439 440 
173 185 191 194 195 200 213 233 234 254 257 372 383 394 426 435 439 440 
173 185 191 194 195 200 213 254 257 372 382 393 405 407 426 435 438 439 
174 185 191 201 213 254 257 372 382 393 403 407 425 434 438 439 
174 186 192 201 213 254 257 372 381 393 403 407 424 434 437 439 
174 186 192 202 213 255 257 372 381 393 401 407 424 433 437 438 
175 187 192 202 214 255 257 371 381 393 401 407 423 433 437 438 
175 187 193 202 214 255 257 371 380 393 400 407 422 432 436 437 
175 187 193 202 214 371 380 393 400 407 421 432 436 437 
176 188 194 203 214 370 379 392 399 406 421 431 435 437 
156 158 176 188 194 203 214 370 379 392 398 406 420 431 435 436 
156 159 176 189 195 203 215 370 378 392 398 406 420 430 434 436 
156 159 176 189 195 203 215 370 378 392 397 406 419 430 434 435 
156 162 177 190 195 204 215 370 378 392 396 406 418 430 433 435 
157 163 177 190 196 204 215 370 377 392 395 406 417 429 433 435 
157 164 177 190 196 204 215 369 377 392 395 406 417 429 432 434 
157 165 178 191 196 204 215 369 376 391 395 406 416 428 432 434 
157 165 178 191 197 205 216 369 376 391 394 406 415 428 431 433 
158 166 178 192 194 195 197 205 216 369 376 391 393 406 414 428 431 433 
158 167 179 192 194 195 197 205 216 369 375 391 393 406 413 427 431 433 
158 167 179 193 197 205 216 369 375 391 392 406 412 426 431 433 
159 168 179 194 198 206 217 369 375 406 411 426 430 432 
159 169 180 194 195 196 198 206 217 369 374 408 410 425 430 431 
160 170 180 196 198 207 217 370 374 425 429 431 
160 171 180 196 198 207 217 370 372 425 429 430 
160 172 181 197 199 208 217 424 428 430 
161 173 176 177 181 197 199 208 217 424 428 429 
161 173 176 178 181 197 200 209 218 423 427 429 
161 175 176 179 181 198 200 210 218 423 427 428 
162 180 182 198 200 210 218 423 426 428 
162 181 182 198 200 210 218 423 426 427 
162 181 182 198 200 211 219 422 425 426 
163 212 219 422 425 426 
163 212 219 422 
164 213 219 422 424 425 
164 213 219 421 424 425 
165 214 220 421 423 424 
165 214 220 421 
166 215 220 421 423 424 
166 216 220 421 422 427 
166 216 220 429 
167 216 220 432 
167 217 219 435 438 439 
167 217 219 439 440 441 
143 150 155 157 168 218 219 443 
139 141 147 155 160 161 168 445 
135 136 145 164 168 447 
131 132 139 164 166 167 168 449 
129 131 135 452 
126 130 132 450 453 454 
127 128 129 454 
123 124 126 455 
118 120 122 458 
115 116 120 458 460 462 
112 113 117 462 
111 465 
107 470 
104 470 476 477 
99 485 
96 488 
91 494 
88 90 91 497 
83 84 86 498 
82 83 85 502 504 506 
77 80 81 504 506 509 
75 507 509 511 
76 511 
74 512 
68 69 71 514 
65 516 
62 518 
62 521 
59 523 525 526 
53 55 58 529 
50 52 53 532 
47 537 
45 541 
43 541 
0 2 40 546 638 640 
0 640 
0 640 
0 640 
0 640 
0 640 
0 640 
0 640 
0 640 
0 640 
0 640 
0 640 
0 640 
0 640 
0 640 
0 640 
0 640 
0 640 
0 640 
0 640 
0 640 
0 640 
0 640 
0 640 
0 640 
0 640 
0 640 
0 640 
0 336 340 640 
0 336 340 640 
0 336 340 640 
0 336 339 640 
0 640 
0 640 
0 640 
0 640 
0 640 
0 640 
0 640 
0 640 
0 640 
0 640 
0 640 
0 640 
0 640 
0 640 
0 640 
0 640 
0 640 
0 640 
0 640 
0 640 
0 640 
0 640 
0 640 
0 640 
0 640 
0 640 
0 301 302 640 
0 300 303 640 
0 299 303 640 
0 299 303 640 
0 300 302 640 
0 301 302 640 
0 338 339 640 
0 337 340 640 
0 337 340 640 
0 322 323 337 339 640 
0 321 324 337 339 640 
0 320 325 640 
0 320 325 640 
0 320 325 640 
0 321 324 640 
0 313 315 640 
0 312 316 640 
0 312 316 640 
0 313 316 640 
0 313 315 640 
0 640 
0 284 286 640 
0 283 287 640 
0 282 287 640 
0 283 287 640 
0 283 287 640 
0 284 286 640 
0 640 
0 640 
0 273 277 307 308 640 
0 273 277 305 308 640 
0 273 277 305 308 640 
0 274 277 305 307 640 
0 275 277 640 
0 290 293 640 
0 283 284 289 293 640 
0 282 285 290 294 640 
0 282 285 291 293 640 
0 282 284 291 293 640 
0 268 270 310 313 640 
0 267 271 310 314 640 
0 268 271 304 306 310 313 640 
0 268 270 303 306 311 313 640 
0 303 306 640 
0 303 306 640 
0 640 
0 321 323 640 
0 308 310 320 323 640 
0 307 310 320 323 640 
0 308 310 321 323 640 
0 280 282 308 310 321 322 640 
0 279 282 640 
0 279 282 293 294 640 
0 280 282 292 295 320 321 640 
0 292 296 320 322 325 327 640 
0 293 295 319 322 324 328 640 
0 319 322 325 328 640 
0 290 291 304 306 320 322 325 327 640 
0 289 292 303 306 320 322 640 
0 289 291 302 307 640 
0 301 307 640 
0 300 306 320 321 640 
0 301 306 320 322 640 
0 301 305 320 322 640 
0 302 304 320 322 640 
0 320 322 640 
0 640 
0 640 
0 640 
0 640 
0 640 
0 288 290 334 335 640 
0 287 290 333 336 640 
0 287 291 332 336 640 
0 287 290 332 336 640 
0 288 290 326 328 332 335 640 
0 325 329 332 334 640 
0 326 328 640 
0 326 328 640 
0 278 279 640 
0 277 280 640 
0 277 280 640 
0 278 280 312 313 640 
0 279 281 311 314 640 
0 279 282 311 313 640 
0 280 283 312 313 318 322 640 
0 280 283 318 322 640 
0 281 283 318 321 640 
0 640 
0 640 
0 640 
0 640 
0 640 
0 640 
0 640 
0 308 310 640 
0 308 311 640 
0 308 311 640 
0 309 310 640 
0 317 319 640 
0 316 319 640 
0 316 319 640 
0 307 313 317 318 640 
0 306 313 640 
0 295 299 307 312 640 
0 295 304 307 310 311 312 640 
0 295 298 300 305 319 320 640 
0 296 297 302 305 318 321 640 
0 303 305 318 320 640 
0 303 305 318 319 640 
0 316 318 640 
0 314 318 640 
0 315 317 640 
0 640 
0 309 312 640 
0 298 302 640 
0 298 301 640 
0 640 
0 640 
0 640 
0 640 
0 640 
0 640 
0 640 
0 640 
0 640 
0 640 
0 640 
0 640 
0 640 
0 640 
0 640 
0 640 
0 640 
0 640 
0 640 
0 640 
0 640 
0 640 
0 640 
0 640 
0 640 
0 640 
0 640 
0 640 
0 640 
0 640 
0 640 
0 640 
0 640 
0 640 
0 640 
0 640 
0 640 
0 640 
0 640 
0 640 
0 640 
0 640 
0 640 
0 640 
0 640 
0 640 
0 640 
0 290 292 640 
0 287 294 640 
0 286 295 303 304 640 
0 285 295 300 306 640 
0 285 295 299 306 640 
0 284 295 297 307 640 
0 283 295 297 307 640 
0 283 307 640 
0 282 307 640 
0 281 307 640 
0 280 307 640 
0 280 307 640 
0 279 306 640 
0 279 306 640 
0 278 305 640 
0 278 305 640 
0 277 304 640 
0 276 303 640 
0 276 303 640 
0 275 302 640 
0 275 302 640 
0 274 301 640 
0 273 301 640 
0 273 301 640 
0 272 301 640 
0 272 301 640 
0 271 300 640 
0 270 299 640 
0 270 298 640 
0 269 297 640 
0 269 297 640 
0 268 296 640 
0 268 296 640 
0 267 296 640 
0 267 296 640 
0 267 297 640 
0 267 297 640 
0 267 297 640 
0 267 298 640 
0 266 298 640 
0 267 298 640 
0 268 298 640 
0 269 299 640 
0 271 299 640 
0 274 299 640 
0 276 299 640 
0 276 299 640 
0 277 300 640 
0 277 300 640 
0 277 300 640 
0 277 300 640 
0 278 300 640 
0 278 300 640 
0 278 301 640 
0 278 301 640 
0 278 301 640 
0 278 301 640 
0 279 301 640 
0 279 301 640 
0 279 302 640 
0 279 302 640 
0 279 302 640 
0 279 302 640 
0 279 303 640 
0 280 303 640 
0 280 303 640 
0 280 303 640 
0 281 303 640 
0 282 303 640 
0 282 304 640 
0 282 304 640 
0 282 305 640 
0 282 304 640 
0 282 302 640 
0 282 301 640 
0 282 301 640 
0 267 268 270 275 282 302 640 
0 265 279 282 302 640 
0 264 280 281 302 640 
0 263 302 640 
0 261 303 640 
0 260 303 640 
0 260 303 640 
