0 640 
0 640 
0 640 
0 640 
0 640 
0 640 
0 640 
0 640 
0 640 
0 640 
0 640 
0 640 
0 640 
0 640 
0 640 
0 640 
0 640 
0 640 
0 640 
0 640 
0 640 
0 640 
0 640 
0 640 
0 640 
0 640 
0 640 
0 640 
0 640 
0 640 
0 640 
0 640 
0 640 
0 640 
0 640 
0 640 
0 640 
0 640 
0 640 
0 640 
0 640 
0 640 
0 640 
0 640 
0 640 
0 640 
0 640 
0 640 
0 640 
0 640 
0 640 
0 640 
0 640 
0 640 
0 640 
0 640 
0 640 
0 640 
0 640 
0 640 
0 640 
0 640 
0 640 
0 640 
0 640 
0 640 
0 640 
0 640 
0 640 
0 640 
0 640 
0 640 
0 640 
0 640 
0 640 
0 640 
0 640 
0 640 
0 640 
0 640 
0 640 
0 640 
0 640 
0 640 
0 640 
0 640 
0 640 
0 640 
0 640 
0 640 
0 640 
0 640 
0 640 
0 640 
0 640 
0 640 
0 640 
0 640 
0 640 
0 640 
0 640 
0 640 
0 475 480 640 
0 472 483 640 
0 471 486 640 
0 470 488 640 
0 469 490 640 
0 468 491 640 
0 468 493 640 
0 468 494 640 
0 468 496 640 
0 468 497 640 
0 469 498 640 
0 470 499 640 
0 446 456 470 500 640 
0 443 459 471 500 640 
0 441 461 473 501 640 
0 440 464 474 502 640 
0 440 466 477 502 640 
0 441 468 479 503 640 
0 442 469 481 504 640 
0 443 471 483 504 640 
0 444 473 485 505 640 
0 446 474 486 505 640 
0 447 476 487 505 640 
0 448 477 489 506 640 
0 450 478 489 506 640 
0 451 479 490 506 640 
0 453 480 491 507 640 
0 455 481 491 507 640 
0 457 482 492 507 640 
0 459 483 492 507 640 
0 461 483 493 507 640 
0 463 484 493 508 640 
0 465 485 494 508 640 
0 467 486 494 508 640 
0 469 486 494 508 640 
0 471 487 495 508 640 
0 472 488 495 509 640 
0 474 488 495 509 640 
0 475 489 496 509 640 
0 476 490 496 509 640 
0 477 490 496 510 640 
0 478 490 496 510 640 
0 479 491 497 510 640 
0 480 491 497 510 640 
0 481 492 497 510 640 
0 481 492 498 511 640 
0 482 493 498 511 640 
0 482 493 498 511 640 
0 483 493 498 511 640 
0 484 494 499 511 640 
0 484 495 499 512 640 
0 485 495 499 512 640 
0 485 496 499 514 640 
0 486 518 640 
0 486 520 640 
0 486 522 640 
0 486 524 640 
0 484 526 640 
0 481 527 640 
0 480 529 640 
0 479 531 640 
0 478 533 640 
0 477 534 640 
0 477 536 640 
0 476 537 640 
0 476 537 640 
0 475 538 640 
0 475 539 640 
0 474 539 640 
0 473 540 640 
0 473 541 640 
0 472 541 640 
0 472 542 640 
0 472 542 640 
0 471 542 640 
0 471 543 640 
0 470 543 640 
0 470 543 640 
0 470 544 640 
0 469 544 640 
0 469 544 640 
0 469 545 640 
0 469 545 640 
0 469 545 640 
0 470 545 640 
0 470 545 640 
0 470 546 640 
0 470 546 640 
0 469 546 640 
0 469 546 640 
0 470 546 640 
0 470 546 640 
0 471 547 640 
0 472 547 640 
0 474 547 640 
0 476 547 640 
0 477 547 640 
0 478 480 481 547 640 
0 480 547 640 
0 481 547 640 
0 482 548 640 
0 482 548 640 
0 482 548 640 
0 483 548 640 
0 483 548 640 
0 483 548 640 
0 343 346 484 548 640 
0 343 347 484 548 640 
0 343 347 484 548 640 
0 344 347 484 548 640 
0 344 348 484 548 640 
0 345 349 484 549 640 
0 345 350 485 549 640 
0 345 351 485 549 640 
0 346 352 485 549 640 
0 346 353 485 549 640 
0 345 354 485 549 640 
0 345 356 371 411 485 550 640 
0 340 358 363 430 484 550 640 
0 320 325 329 359 362 439 481 550 640 
0 318 457 480 550 640 
0 318 550 640 
0 320 550 640 
0 334 550 640 
0 333 550 640 
0 332 550 640 
0 332 551 640 
0 333 551 640 
0 336 551 640 
0 336 551 640 
0 336 551 640 
0 336 551 640 
0 337 552 640 
0 339 552 640 
0 340 552 640 
0 339 552 640 
0 339 552 640 
0 339 553 640 
0 340 354 360 553 640 
0 362 553 640 
0 364 375 376 554 640 
0 416 554 640 
0 421 554 640 
0 429 555 640 
0 436 555 640 
0 447 556 640 
0 460 556 640 
0 476 556 640 
0 480 557 640 
0 480 557 640 
0 481 558 640 
0 481 558 640 
0 482 558 640 
0 482 559 640 
0 482 559 640 
0 483 559 640 
0 483 560 640 
0 483 560 640 
0 483 561 640 
0 483 561 640 
0 484 561 640 
0 484 562 640 
0 484 562 640 
0 485 562 640 
0 485 562 640 
0 485 563 640 
0 485 563 640 
0 485 563 640 
0 486 563 640 
0 486 564 640 
0 486 565 640 
0 486 565 640 
0 487 566 640 
0 487 566 640 
0 487 567 640 
0 487 568 640 
0 487 568 640 
0 488 569 640 
0 488 569 640 
0 488 570 640 
0 488 570 640 
0 488 570 640 
0 488 571 640 
0 488 571 640 
0 488 572 640 
0 488 572 640 
0 488 572 640 
0 488 572 640 
0 488 572 640 
0 488 571 640 
0 488 571 640 
0 488 570 640 
0 488 570 640 
0 487 570 640 
0 487 570 640 
0 487 570 640 
0 487 570 640 
0 487 570 640 
0 486 570 640 
0 486 571 640 
0 486 571 640 
0 486 571 640 
0 486 571 640 
0 485 572 640 
0 485 572 640 
0 485 572 640 
0 485 572 640 
0 485 572 640 
0 484 572 640 
0 484 573 640 
0 484 573 640 
0 484 573 640 
0 483 573 640 
0 483 574 640 
0 483 574 640 
0 482 574 640 
0 482 574 640 
0 481 574 640 
0 481 574 640 
0 480 575 640 
0 480 575 640 
0 479 575 640 
0 478 575 640 
0 478 575 640 
0 477 575 640 
0 477 575 640 
0 476 576 640 
0 476 576 640 
0 475 576 640 
0 475 576 640 
0 474 576 640 
0 474 576 640 
0 474 576 640 
0 473 576 640 
0 473 576 640 
0 473 576 640 
0 473 576 640 
0 472 576 640 
0 472 576 640 
0 472 576 640 
0 472 576 640 
0 472 576 640 
0 472 576 640 
0 472 576 640 
0 472 576 640 
0 472 576 640 
0 472 576 640 
0 472 576 640 
0 472 576 640 
0 472 576 640 
0 472 576 640 
0 471 576 640 
0 471 576 640 
0 471 576 640 
0 470 576 640 
0 470 576 640 
0 470 576 640 
0 470 576 640 
0 470 576 640 
0 469 576 640 
0 469 576 640 
0 468 576 640 
0 468 576 640 
0 468 576 640 
0 467 576 640 
0 467 576 640 
0 466 576 640 
0 466 576 640 
0 465 576 640 
0 465 576 640 
0 464 576 640 
0 463 576 640 
0 463 576 640 
0 462 576 640 
0 462 575 640 
0 461 575 640 
0 461 574 640 
0 460 574 640 
0 459 574 640 
0 459 574 640 
0 458 574 640 
0 458 574 640 
0 457 574 640 
0 457 574 640 
0 457 574 640 
0 457 574 640 
0 457 564 565 574 640 
0 458 564 565 574 640 
0 459 564 565 573 640 
0 461 564 565 573 640 
0 463 464 467 564 565 573 640 
0 469 564 566 573 640 
0 472 564 566 573 640 
0 475 555 556 564 566 573 640 
0 475 555 556 565 566 573 640 
0 475 555 556 565 567 570 571 573 640 
0 474 555 556 565 567 570 572 573 640 
0 474 555 556 565 567 571 640 
0 473 510 518 555 557 565 567 571 640 
0 473 509 519 555 557 565 567 571 640 
0 473 508 519 555 557 565 568 571 640 
0 472 508 519 555 557 565 568 571 640 
0 472 507 519 555 559 565 568 571 640 
0 472 507 519 555 560 565 569 571 640 
0 471 507 519 554 561 565 569 571 640 
0 471 506 519 554 562 565 570 571 640 
0 470 506 519 553 564 565 640 
0 470 506 519 553 565 566 640 
0 470 505 519 553 640 
0 470 504 519 553 640 
0 469 504 519 552 640 
0 469 504 519 552 640 
0 468 503 520 552 640 
0 468 503 520 552 640 
0 468 502 520 552 640 
0 467 502 520 552 640 
0 467 501 520 552 640 
0 467 501 520 551 640 
0 466 500 520 551 640 
0 466 500 520 551 640 
0 466 499 520 551 640 
0 465 499 520 551 640 
0 465 498 520 551 640 
0 465 498 520 551 640 
0 464 498 520 550 640 
0 464 497 520 550 640 
0 464 497 520 550 640 
0 463 497 520 550 640 
0 463 496 520 550 640 
0 462 496 520 550 640 
0 462 495 520 550 640 
0 462 495 520 549 640 
0 462 494 520 549 640 
0 461 494 520 549 640 
0 461 493 520 548 640 
0 461 493 520 548 640 
0 460 492 520 548 640 
0 460 492 520 548 640 
0 460 491 520 548 640 
0 460 491 520 548 640 
0 459 490 520 547 640 
0 459 490 520 547 640 
0 459 490 520 547 640 
0 458 489 520 547 640 
0 458 489 520 547 640 
0 458 488 520 547 640 
0 458 488 520 546 640 
0 458 487 520 546 640 
0 457 487 520 546 640 
0 457 486 520 546 640 
0 457 486 521 546 640 
0 456 486 521 546 640 
0 456 485 521 546 640 
0 456 485 521 546 640 
0 455 484 521 546 640 
0 455 483 521 546 640 
0 455 483 522 546 640 
0 455 483 522 546 640 
0 454 482 522 546 640 
0 454 482 522 546 640 
0 454 481 522 546 640 
0 453 481 522 546 640 
0 453 481 522 546 640 
0 452 480 522 546 640 
0 452 479 522 546 640 
0 452 479 522 546 640 
0 451 478 522 546 640 
0 451 478 522 546 640 
0 450 477 522 546 640 
0 450 476 522 546 640 
0 450 476 522 546 640 
0 450 476 522 546 640 
0 449 475 521 546 640 
0 449 475 521 546 640 
0 449 474 521 546 640 
0 448 474 521 546 640 
0 448 473 521 546 640 
0 448 473 521 546 640 
