

















































































































































































































































































315 321 
313 325 
312 327 
310 328 
309 330 
308 332 
307 334 
306 336 337 342 
304 344 
303 345 
302 345 
302 346 
301 346 
301 346 
301 347 
301 347 
301 347 
300 347 
300 346 
300 345 
299 345 
299 345 
298 346 
297 346 
297 346 
296 346 
296 346 
296 345 
296 345 
296 345 
296 345 
297 345 
297 345 
298 345 
298 345 
299 345 
299 345 
300 345 
300 344 
301 344 
302 343 
302 342 
302 342 
302 341 
301 338 
300 336 
299 335 
297 335 360 363 
296 335 359 366 
294 335 355 368 
293 336 346 369 
291 336 344 370 
290 336 343 371 
289 337 343 371 
288 339 341 371 
287 371 
286 371 
285 371 
284 371 
284 371 
283 370 
282 370 
282 370 
281 370 
280 370 
280 370 
280 370 
279 370 
279 370 
278 370 
278 369 
278 369 
278 368 
278 367 
278 367 
278 366 
278 365 
278 365 
278 364 
278 364 
279 364 
279 364 
279 363 
280 363 
280 363 
281 363 
281 363 
282 364 
282 364 
283 365 
283 365 
284 365 
284 366 
285 366 
286 366 
287 366 
287 366 
288 366 
288 366 
289 366 
290 366 
291 366 
292 366 
293 366 
294 365 
295 365 
296 364 
297 364 
298 363 
299 362 
300 361 
301 360 
302 360 
303 358 
304 357 
306 356 
311 354 
312 352 
312 351 
313 349 
314 346 
315 339 340 342 




















































































