195 324 
195 324 
195 324 
194 325 
194 325 
194 325 
193 325 
193 325 
193 326 
193 326 
192 326 
192 326 
192 326 
192 326 
192 326 
192 326 
192 326 
192 326 
192 326 
192 326 
192 326 
192 326 
192 326 
192 326 
192 326 
192 326 
193 326 
193 326 
193 326 
193 326 
193 326 
194 325 
194 325 
194 325 
194 325 
195 325 
195 324 
195 324 
195 324 
196 324 
196 323 
196 323 
197 323 
197 323 
198 322 
198 322 
198 322 
199 322 
199 323 
200 324 
200 324 
201 324 
201 324 
202 324 
202 324 
203 325 
204 327 
204 329 
205 331 
206 332 
207 334 
207 335 
208 337 
209 338 
210 339 
211 340 
212 341 
212 342 
213 343 
214 344 
216 345 
217 346 
218 347 
219 347 
221 348 
222 349 
224 349 
225 350 
227 350 
229 350 
231 351 
234 351 
236 352 
239 352 
242 352 
246 353 
248 353 
244 353 
210 222 234 353 
209 227 231 354 
208 354 
207 354 
207 354 
206 354 
206 354 
206 354 
205 354 
205 354 
205 354 530 531 
205 354 528 531 
205 354 519 521 527 532 
204 354 518 524 526 531 
203 354 518 532 
201 354 518 531 
199 354 519 531 
198 354 520 530 
196 354 520 530 
195 354 518 530 
194 354 517 530 
192 354 516 530 
191 354 514 530 
190 354 513 530 
189 353 511 530 
188 353 510 530 
187 200 203 353 509 530 
186 199 203 353 507 530 
185 198 203 352 506 530 
185 197 203 352 504 530 
185 196 203 352 503 530 
186 195 203 351 501 530 
186 195 203 351 499 529 
187 200 202 350 498 529 
188 350 488 491 496 529 
192 349 487 492 495 528 
193 255 256 349 486 528 
195 254 256 348 486 527 
195 253 257 348 486 526 
196 252 257 347 486 525 
197 251 258 346 486 524 
198 250 258 345 486 523 
199 249 259 345 484 522 
199 247 260 344 482 521 
200 247 260 343 481 519 
200 247 261 342 479 517 
200 246 262 342 478 515 
201 245 263 341 476 512 
201 243 264 340 475 509 
201 240 265 339 473 506 
202 239 265 338 472 505 
202 238 267 337 470 504 
202 239 268 337 469 503 
203 239 269 337 467 502 
203 239 270 337 454 456 457 458 466 501 
203 240 271 337 452 461 464 500 
204 240 272 337 451 500 
204 241 274 337 450 500 
205 241 275 338 449 499 
205 242 277 338 448 499 
205 242 279 338 448 499 
205 243 281 339 448 499 
205 243 283 339 448 499 
205 244 286 339 448 499 
205 244 289 309 317 340 372 399 447 498 
205 245 293 295 318 340 366 403 448 498 
204 245 319 341 356 359 362 406 448 489 490 498 
204 246 320 341 356 409 447 488 490 497 
203 247 320 341 356 412 446 487 489 497 
203 248 321 341 356 414 444 486 488 497 
202 250 322 341 362 416 443 485 488 496 
202 250 323 340 362 418 441 485 487 495 
202 249 323 338 361 420 440 484 486 495 
201 246 324 337 359 422 439 483 484 494 
201 244 325 335 358 424 437 493 
201 243 326 333 356 426 436 492 
201 243 327 330 355 428 434 491 
200 244 353 429 433 490 
200 244 350 489 
200 244 345 487 
200 207 208 244 344 486 
200 204 208 245 344 347 348 484 
208 245 347 480 
208 245 347 478 
209 245 346 478 
209 245 345 477 
209 246 345 477 
210 246 344 477 
209 246 343 477 
209 246 342 477 
209 247 342 477 
209 247 341 476 
209 247 340 476 
209 247 340 475 
209 248 339 475 
209 248 338 475 
209 248 338 465 466 474 
209 248 336 473 
210 248 335 473 
210 249 335 472 
210 249 338 471 
210 249 337 470 
210 249 336 469 
211 249 336 468 
211 249 335 467 486 492 493 494 
211 250 335 337 340 466 479 497 509 515 
212 250 334 336 339 464 477 499 504 523 
212 250 339 463 475 530 
212 250 339 463 473 533 
212 250 325 328 339 463 470 535 
212 251 324 330 339 464 468 537 
213 251 324 332 338 464 467 539 
213 251 323 335 338 540 
213 252 323 541 
213 252 323 542 
213 252 323 543 
213 252 324 544 
213 252 324 544 
213 252 325 544 
211 253 324 544 
210 253 324 544 
210 253 324 544 
210 253 323 544 
210 253 321 543 
209 253 320 543 
209 253 319 542 
209 253 319 542 
208 253 318 541 
208 254 318 540 
208 254 318 540 
208 214 216 254 318 539 
209 214 216 254 318 539 
209 214 216 254 316 540 
209 214 216 254 315 516 519 541 
209 215 216 254 315 513 520 541 
209 215 216 254 315 511 522 541 
209 215 217 254 316 508 523 535 537 541 
209 215 217 254 315 506 525 536 
209 215 217 255 315 504 526 537 
209 256 314 501 527 538 
209 258 314 499 529 538 
209 260 313 497 530 539 
210 262 312 494 531 540 
210 264 311 492 532 541 
210 266 311 490 534 542 
210 268 310 489 536 542 
210 270 310 489 537 543 
212 271 310 489 538 544 
213 274 310 489 540 545 
213 275 310 490 540 545 
213 277 310 490 541 546 
214 278 310 490 542 547 
214 280 310 491 543 547 
214 282 310 491 544 547 
214 224 226 283 311 491 545 547 
214 224 226 285 311 491 
214 224 227 286 312 492 
215 225 228 288 313 492 
215 225 229 290 314 492 
215 225 230 291 314 492 
215 225 230 292 315 492 
215 225 231 294 316 492 
214 226 232 295 317 493 
213 228 233 297 317 493 
212 229 234 298 318 493 
211 229 235 300 319 493 
211 229 236 301 319 493 
211 229 238 303 320 493 
210 230 239 304 321 493 
210 230 240 305 321 493 
210 216 217 230 241 307 322 493 
210 216 219 223 225 230 242 308 323 493 
210 216 225 230 243 309 323 493 
210 215 225 230 245 311 324 493 
210 215 225 230 246 312 325 493 
210 215 225 230 247 313 326 493 
210 215 225 230 248 315 325 493 
210 215 225 230 250 316 324 493 
210 216 225 230 251 317 324 493 
210 216 226 230 252 319 323 493 
210 216 226 230 254 320 322 493 
210 216 226 230 255 493 
210 215 226 230 256 493 
210 215 225 230 258 493 
210 216 225 230 259 493 
210 216 225 230 260 493 
211 224 225 230 262 493 
211 230 263 494 
211 230 265 494 
211 230 266 493 
211 230 267 493 
212 229 269 493 
212 228 270 493 
213 226 271 493 
215 225 273 493 
215 225 274 492 
215 225 276 492 
215 226 277 492 
215 226 279 491 
215 226 280 491 
215 226 281 490 
215 226 283 490 
215 226 284 490 
215 226 286 489 
215 226 287 488 
215 227 289 488 
215 227 290 487 
215 227 291 486 
215 227 293 486 
215 227 294 485 
214 229 296 484 
213 230 297 484 
212 230 298 483 
212 230 299 482 
211 230 300 481 
211 231 299 481 
211 231 298 480 
211 231 298 479 
211 223 225 231 297 478 
211 217 226 231 297 477 
211 217 226 231 296 476 
211 217 226 231 296 475 
211 217 226 231 295 474 
211 217 226 231 294 474 
211 217 226 232 294 473 
211 217 226 232 293 472 
211 217 226 232 292 471 
211 217 226 232 292 471 
211 217 226 232 291 470 
211 217 226 232 290 467 
211 217 226 232 290 466 
211 218 226 232 289 465 
211 218 226 232 288 464 
211 218 219 232 288 463 
211 232 287 463 
211 232 287 462 
211 232 286 460 
212 231 285 458 
212 231 285 456 
212 231 284 455 
213 229 284 455 
215 228 283 454 
215 227 282 452 
215 226 282 451 
215 226 281 449 
215 226 280 444 
214 226 280 444 
214 225 279 443 
214 225 279 443 
214 225 278 443 
214 225 277 443 
214 225 277 443 
214 225 276 443 
213 225 276 443 
213 225 275 443 
212 225 274 443 
210 225 274 443 
209 226 273 443 
209 227 273 443 
209 228 272 442 
209 229 272 442 
208 229 271 442 
208 229 271 442 
208 229 270 442 
208 229 269 442 
208 221 222 229 269 442 
207 215 222 229 268 442 
207 215 222 229 268 442 
207 215 222 229 267 442 
207 215 222 229 267 442 
207 215 222 229 266 442 
207 214 222 229 266 442 
206 214 222 229 265 442 
206 214 222 229 265 442 
206 214 221 229 264 442 
206 214 221 229 264 442 
206 214 215 218 221 228 263 442 
206 228 263 443 
206 228 262 443 
206 228 262 443 
206 228 261 443 
207 228 261 443 
207 228 260 444 
208 227 260 444 
209 227 259 444 
209 227 259 444 
209 226 259 445 
209 223 258 445 
208 221 258 445 
208 220 257 445 
207 220 257 445 
207 220 257 446 
207 219 256 446 
207 219 256 446 
206 219 256 446 
205 218 255 447 
202 218 255 447 
201 218 254 447 
200 218 254 447 
200 218 254 447 
199 220 253 448 
199 220 253 448 
198 221 252 448 
198 222 252 448 
198 221 252 449 
197 221 252 449 
197 221 251 449 
197 206 207 211 212 221 251 449 
196 205 212 220 251 449 
196 205 212 220 251 450 
195 205 211 220 250 450 
195 204 211 220 250 450 
195 204 211 220 250 450 
195 204 210 219 250 450 
195 204 209 219 249 451 
195 205 207 219 249 451 
195 219 249 451 
195 218 248 451 
195 218 248 452 
195 218 248 452 
196 217 248 452 
197 217 248 452 
197 216 248 452 
197 216 248 453 
196 215 248 453 
195 214 248 453 
195 207 248 453 
194 206 248 453 
194 206 248 454 
193 205 248 454 
193 205 248 454 
192 204 248 454 
190 204 248 455 
185 203 248 455 
184 202 248 455 
184 202 247 455 
183 202 248 455 
182 203 247 455 
181 204 248 456 
180 205 248 456 
180 205 247 456 
179 205 248 456 
179 205 248 457 
178 204 249 457 
177 188 193 204 249 457 
177 187 194 204 249 457 
177 187 193 203 250 457 
176 186 193 203 250 458 
175 186 193 203 250 458 
175 185 192 202 251 458 
175 185 192 202 251 458 
175 185 191 201 251 458 
174 185 186 200 252 459 
174 200 252 459 
174 199 252 459 
174 199 253 459 
174 198 253 459 
175 197 254 460 
175 197 254 460 
175 195 255 460 
175 194 256 460 
174 193 256 460 
174 190 257 460 
173 187 257 461 
172 184 258 461 
172 183 259 461 
171 182 260 461 
170 181 260 461 
166 180 261 448 449 461 
165 180 262 448 450 462 
162 179 263 448 450 462 
160 178 263 448 450 462 
159 178 264 448 451 462 
158 178 265 448 451 462 
157 179 266 448 451 462 
156 179 267 449 451 463 
155 180 267 449 452 463 
154 180 268 449 452 463 
147 149 154 180 269 449 452 463 
145 150 153 180 269 449 453 463 
144 151 152 162 163 180 270 450 453 463 
142 161 170 179 270 282 283 450 453 464 
140 160 169 179 270 282 283 450 454 464 
138 160 169 178 271 451 454 464 
137 159 168 177 271 283 284 451 455 464 
134 158 167 177 271 283 284 451 455 464 
128 158 167 176 271 283 284 452 456 464 
128 158 166 175 272 452 456 464 
128 159 165 175 272 452 456 465 
128 160 165 174 272 453 457 465 
127 161 164 173 272 454 457 465 
127 161 163 173 272 454 457 465 
