















































368 384 
364 389 391 393 
360 394 
357 396 
354 397 
352 399 
350 400 
348 402 
346 403 
345 405 
343 406 
342 407 
341 408 
340 409 
338 410 
332 410 
330 411 
330 413 
329 414 
329 415 
329 416 
329 417 
330 418 
330 419 
329 420 
328 420 
328 421 
327 421 
327 422 
326 423 
326 423 
325 424 
325 424 
324 425 
324 425 
323 426 
323 426 
322 427 
322 427 
322 427 
322 428 
321 428 
321 428 
321 429 
321 429 
320 429 
320 429 
320 430 
320 430 
320 430 
320 430 
320 431 
320 431 
320 431 
319 431 
319 432 
319 432 
319 432 
319 432 
319 433 
319 433 
319 433 
319 433 
319 434 
319 434 
319 434 
318 435 
318 435 
318 436 
318 436 
318 437 
318 437 
318 438 
318 439 
322 324 325 439 
322 324 326 439 
326 440 
327 440 
328 441 
328 441 
329 332 333 441 
330 332 334 442 
331 333 334 442 
335 337 339 443 
340 439 440 443 
342 439 441 443 
344 440 441 443 
344 440 442 444 
344 441 442 444 
343 441 
343 441 
342 442 
342 442 
341 443 
341 438 440 443 
341 439 441 444 
342 439 442 444 
343 439 
346 439 
348 440 
349 440 
349 440 
350 441 
351 441 
352 441 
353 437 439 441 
355 437 
356 437 
357 437 
358 437 
360 437 
360 376 377 437 
361 375 377 438 
362 370 372 375 378 434 436 438 
364 368 372 375 378 434 436 438 
372 374 378 433 437 438 
372 374 378 433 
377 433 
375 428 429 432 
375 428 430 432 
374 428 430 431 
374 427 
373 427 
372 416 418 427 
371 417 420 427 
370 417 421 427 
369 418 422 427 
368 419 421 424 425 426 
367 420 421 424 
366 420 421 424 
365 421 422 423 
364 422 
362 422 
361 423 
360 423 
358 423 
357 423 
356 424 
280 284 356 424 
280 285 355 424 
278 286 354 425 
275 287 353 425 
269 287 352 425 
266 287 351 426 
264 288 350 426 
263 288 350 426 
262 288 349 427 
261 289 348 427 
260 290 347 428 
259 291 346 428 
258 291 346 428 
258 292 345 428 
257 293 344 429 
257 293 343 429 
256 294 343 429 
256 294 342 347 349 429 
256 295 342 346 348 430 
256 295 342 345 348 430 
256 295 347 430 
256 294 347 431 
255 294 347 431 
255 294 346 431 
255 293 346 432 
255 292 345 432 
255 288 289 290 345 432 
255 288 344 432 
255 289 344 433 
255 290 343 433 
255 290 343 433 
255 289 342 433 
255 289 342 433 
255 288 341 433 
255 287 341 434 
255 287 341 434 
255 286 340 434 
255 285 340 434 
255 285 340 434 
255 285 339 422 423 429 431 433 
255 285 339 422 423 427 
255 285 338 421 424 427 
255 286 338 421 425 427 
254 286 338 420 
254 287 337 420 
254 288 337 418 
254 288 337 417 
254 289 337 417 
254 289 337 416 
254 289 337 416 
254 289 337 415 
254 288 337 415 
253 289 337 415 
253 289 337 415 
253 290 337 415 
253 290 337 415 
252 291 337 414 
252 291 337 414 
252 292 337 414 
252 293 337 413 
252 297 337 413 
252 299 338 413 
252 302 338 413 
251 304 338 413 
251 309 338 414 
251 313 339 414 
251 316 339 414 
251 319 339 414 
250 321 339 413 
250 323 340 412 
250 325 340 411 
250 327 340 411 
250 329 341 410 
250 331 341 410 
250 333 341 410 
250 335 341 410 
250 337 342 410 
249 339 342 409 
249 341 342 409 
249 409 
249 409 
248 409 
248 409 
249 409 
249 409 
249 409 
249 409 
249 409 
250 409 
250 409 
250 409 
250 409 
250 409 
250 409 
250 410 
250 410 
250 410 
250 410 
250 311 315 410 
251 309 317 410 
251 308 318 410 
251 308 320 410 
251 308 321 410 
251 309 323 410 
252 309 324 411 
252 309 326 411 
252 309 327 411 
253 309 329 411 
253 309 330 411 
254 255 256 310 332 412 
254 255 256 310 333 412 
256 310 335 413 
256 310 336 413 
257 310 338 413 
257 310 339 414 
257 310 341 414 
257 310 342 415 
257 310 342 415 
258 311 342 415 
259 311 342 415 
259 311 342 415 
259 311 343 416 
259 311 343 416 
259 312 343 416 
258 312 343 416 
258 312 343 416 
258 312 343 416 
257 312 343 416 
257 312 343 417 
257 312 343 418 
256 313 343 418 
256 313 344 419 
256 313 345 419 
255 313 345 420 
255 313 345 421 
255 313 345 421 
255 314 344 422 
254 314 344 423 
254 314 344 423 
253 314 344 424 
253 314 343 424 
253 314 343 425 
252 315 343 426 
252 315 343 426 
252 315 343 427 
251 315 343 428 
251 315 343 428 
251 315 342 429 
251 316 342 429 
250 316 342 430 
250 316 342 431 
250 316 342 431 
249 316 342 432 
249 317 341 433 
249 317 341 433 
248 317 341 434 
248 317 341 434 
248 317 340 435 
247 317 340 435 
247 318 340 436 
246 318 340 437 
246 318 340 437 
246 318 339 438 
246 318 339 438 
245 317 339 439 
245 317 338 440 
245 317 338 440 
245 318 338 440 
245 318 337 441 
245 318 337 442 
245 318 337 442 
245 318 337 443 
244 318 336 443 
244 318 336 444 
244 318 336 444 
244 318 336 444 
246 318 336 445 
248 318 336 445 
255 318 335 446 
258 317 335 446 
259 317 335 447 
261 317 335 447 
264 315 334 448 
265 314 334 448 
266 309 334 448 
266 294 299 306 334 449 
267 291 301 302 303 304 333 449 
268 286 333 450 
268 285 333 450 
270 286 333 450 
271 287 333 451 
271 287 332 451 
272 288 332 452 
273 288 332 452 
274 288 332 453 
274 289 332 453 
275 290 331 453 
276 290 331 454 
277 291 331 454 
278 291 331 455 
279 292 331 455 
281 292 331 455 
285 292 331 456 
286 292 330 456 
287 291 330 457 
289 290 330 457 
330 457 
330 458 
330 458 
330 458 
329 459 
329 459 
329 460 
329 460 
329 460 
329 461 
329 461 
328 462 
328 462 
328 462 
328 463 
328 463 
328 464 
328 464 
328 464 
327 465 
327 465 
327 466 
327 466 
327 466 
326 467 
326 467 
326 468 
326 468 
325 469 
325 469 
325 469 
325 470 
324 470 
324 471 
324 471 
323 472 
323 472 
323 472 
323 473 
322 473 
322 474 
322 474 
321 475 
321 475 
321 476 
321 476 
320 477 
320 477 
320 478 
320 478 
319 479 
319 479 
318 480 
318 480 
318 481 
318 481 
317 482 
317 482 
317 483 
316 483 
316 484 
316 485 
315 485 
315 486 
315 486 
314 487 
314 487 
314 488 
313 489 
313 489 
313 490 
312 490 
312 491 
312 492 
311 492 
311 493 
311 493 
310 494 
310 495 
310 495 
309 496 
309 496 
308 497 
308 498 
308 498 
307 499 
307 499 
306 500 
