0 640 
0 640 
0 640 
0 640 
0 640 
0 640 
0 640 
0 640 
0 640 
0 640 
0 640 
0 640 
0 640 
0 640 
0 640 
0 640 
0 640 
0 640 
0 640 
0 640 
0 640 
0 387 403 640 
0 380 413 640 
0 376 420 640 
0 372 425 640 
0 370 430 640 
0 367 433 640 
0 365 436 640 
0 363 440 445 450 640 
0 360 451 640 
0 358 452 640 
0 356 453 640 
0 355 454 640 
0 353 455 640 
0 351 456 640 
0 349 456 640 
0 348 457 640 
0 346 458 640 
0 344 459 640 
0 343 460 640 
0 341 461 640 
0 340 462 640 
0 339 464 640 
0 337 465 640 
0 336 466 640 
0 335 467 640 
0 334 468 640 
0 332 469 640 
0 331 470 640 
0 330 471 640 
0 329 471 640 
0 328 472 640 
0 327 473 640 
0 326 474 640 
0 325 475 640 
0 325 476 640 
0 324 476 640 
0 323 477 640 
0 323 478 640 
0 322 478 640 
0 321 479 640 
0 321 480 640 
0 320 480 640 
0 320 481 640 
0 319 482 640 
0 318 482 640 
0 318 483 640 
0 318 483 640 
0 317 484 640 
0 316 484 640 
0 311 485 640 
0 309 485 640 
0 308 486 640 
0 307 486 640 
0 306 486 640 
0 305 487 640 
0 305 487 640 
0 305 487 640 
0 305 487 640 
0 305 488 640 
0 305 488 640 
0 305 488 640 
0 305 488 640 
0 305 489 640 
0 305 489 640 
0 305 489 640 
0 306 489 640 
0 306 489 640 
0 306 489 640 
0 306 489 640 
0 307 489 640 
0 307 489 640 
0 307 489 640 
0 307 489 640 
0 307 489 640 
0 307 489 640 
0 308 489 640 
0 308 489 640 
0 308 489 640 
0 308 489 640 
0 309 488 640 
0 309 488 640 
0 309 488 640 
0 309 488 640 
0 309 488 640 
0 309 488 640 
0 308 487 640 
0 308 487 640 
0 307 487 640 
0 306 487 640 
0 305 487 640 
0 304 486 640 
0 303 486 640 
0 302 486 640 
0 301 485 640 
0 300 485 640 
0 299 485 640 
0 297 484 640 
0 296 484 640 
0 295 484 640 
0 294 484 640 
0 293 484 640 
0 292 484 640 
0 291 485 640 
0 290 485 640 
0 289 485 640 
0 288 486 640 
0 287 486 640 
0 286 487 640 
0 285 487 640 
0 283 488 640 
0 282 489 640 
0 281 489 640 
0 280 490 640 
0 279 491 640 
0 277 491 640 
0 274 492 640 
0 270 493 640 
0 269 494 640 
0 269 494 640 
0 270 495 640 
0 270 496 640 
0 270 497 640 
0 271 497 640 
0 271 302 303 498 640 
0 272 300 303 306 308 499 640 
0 276 299 303 306 308 500 640 
0 276 297 303 305 308 501 640 
0 277 296 303 305 309 502 640 
0 277 294 302 304 309 503 640 
0 280 292 302 304 309 505 640 
0 282 291 302 303 309 507 640 
0 284 288 301 303 309 509 640 
0 309 511 640 
0 309 512 640 
0 310 512 640 
0 310 513 640 
0 310 486 489 513 640 
0 310 486 494 512 640 
0 310 487 497 499 502 512 640 
0 313 487 503 512 640 
0 313 488 504 511 640 
0 314 328 329 488 504 510 640 
0 314 328 330 489 505 510 640 
0 315 317 318 330 331 490 506 508 640 
0 316 317 319 325 327 329 332 491 640 
0 320 325 327 329 334 486 489 491 640 
0 321 325 328 330 337 486 640 
0 321 326 329 331 338 486 640 
0 325 326 330 332 339 487 640 
0 332 333 340 487 640 
0 333 334 341 488 640 
0 342 488 640 
0 343 489 640 
0 344 476 478 489 640 
0 344 477 482 490 640 
0 344 477 485 490 640 
0 344 478 487 491 640 
0 344 479 488 491 640 
0 343 480 490 492 640 
0 343 480 640 
0 342 481 640 
0 342 468 470 482 640 
0 144 152 341 469 471 482 640 
0 142 154 340 469 472 481 640 
0 139 155 339 470 474 481 640 
0 137 156 339 469 474 479 640 
0 135 157 338 469 475 479 640 
0 133 158 339 468 477 480 640 
0 131 159 341 469 478 480 640 
0 129 160 344 469 640 
0 127 161 348 469 640 
0 125 162 349 470 640 
0 123 163 350 470 640 
0 121 164 351 458 459 470 640 
0 119 165 351 455 457 458 460 470 640 
0 117 166 352 431 433 456 461 470 640 
0 115 167 352 431 433 456 462 470 640 
0 112 168 352 431 433 456 463 471 640 
0 110 169 351 431 433 455 464 471 640 
0 108 170 351 431 434 436 438 455 465 471 640 
0 106 171 351 431 434 436 439 455 466 471 640 
0 104 172 350 431 434 436 439 456 468 471 640 
0 101 174 350 355 358 426 428 431 434 436 440 446 448 453 454 456 469 471 640 
0 99 143 146 175 349 355 359 426 429 431 435 437 441 446 448 453 455 456 640 
0 96 141 148 176 349 354 361 426 430 431 435 437 443 447 449 453 640 
0 94 139 149 177 349 353 361 427 430 431 435 437 444 447 450 453 640 
0 91 136 150 178 349 352 360 427 445 447 450 454 640 
0 89 135 151 179 348 351 360 427 430 431 446 448 451 454 640 
0 86 133 151 180 348 350 360 363 365 427 447 448 452 454 640 
0 83 132 153 182 347 349 359 362 366 428 430 431 448 449 452 454 640 
0 81 130 153 183 347 348 359 361 367 432 435 436 453 455 640 
0 78 128 155 184 359 360 368 437 454 455 640 
0 74 126 155 185 358 360 369 437 640 
0 71 125 156 186 369 375 378 436 640 
0 68 123 157 187 369 373 379 436 640 
0 66 121 158 188 370 372 379 435 640 
0 62 120 159 189 370 371 379 435 640 
0 58 118 160 191 370 371 379 434 640 
0 54 118 161 192 379 434 640 
0 50 119 162 193 378 434 640 
0 48 120 163 194 378 434 640 
0 43 121 164 195 380 434 640 
0 40 121 165 196 380 436 640 
0 34 122 166 197 380 438 640 
0 29 122 167 198 380 440 640 
0 25 122 168 199 380 443 640 
0 21 122 170 200 380 446 640 
0 15 100 103 121 170 201 380 451 640 
0 8 98 104 121 171 203 380 454 640 
0 2 96 104 123 173 204 378 457 640 
94 105 125 174 205 376 459 640 
91 106 127 175 206 374 462 640 
89 106 128 176 207 371 464 640 
87 105 129 177 208 370 466 640 
84 104 130 178 209 367 468 640 
81 103 131 178 210 365 469 640 
78 102 131 177 211 363 470 640 
76 101 132 176 212 361 471 640 
73 101 133 175 213 359 472 640 
70 100 134 175 214 357 473 640 
67 100 134 175 214 356 473 640 
62 100 135 175 215 354 474 640 
59 100 136 175 216 353 474 640 
56 100 137 175 217 352 475 640 
51 100 137 176 218 351 475 640 
46 100 138 176 219 349 475 640 
15 17 42 99 139 175 220 348 476 638 
8 21 41 99 140 174 221 347 477 637 
2 22 41 99 140 173 222 346 477 636 
0 22 41 99 141 172 223 345 478 635 
0 22 42 99 142 171 224 344 479 634 
0 23 44 99 143 171 202 204 225 343 479 633 
0 23 47 99 143 170 202 205 225 342 480 632 
0 24 48 99 144 170 203 206 226 342 480 631 
0 25 49 99 144 170 204 207 227 341 480 630 
0 24 50 98 144 169 204 208 228 340 481 629 
0 23 51 98 144 169 205 209 229 339 481 627 
0 22 51 98 144 169 206 211 230 338 481 626 
0 22 52 98 144 169 206 212 231 338 481 625 
0 20 53 98 144 169 207 213 232 337 482 623 
0 20 54 98 144 169 207 214 233 337 482 622 
0 19 55 98 144 169 208 214 233 336 482 621 
0 19 56 98 144 169 209 215 234 335 482 620 
0 19 57 98 144 168 209 216 235 335 482 619 
0 19 58 97 144 168 210 217 236 334 483 617 
0 19 58 97 144 168 211 218 237 334 483 616 638 640 
0 19 59 98 144 168 211 219 238 333 483 614 638 640 
0 19 60 98 144 168 212 220 239 333 484 612 637 640 
0 19 61 98 144 168 212 220 240 333 484 610 636 640 
0 19 62 99 144 168 212 221 241 332 485 608 635 640 
0 19 63 100 144 167 212 222 242 332 485 607 634 640 
0 19 64 100 144 167 212 223 243 331 486 604 633 640 
0 19 64 101 144 167 212 223 244 330 486 601 634 640 
0 19 65 102 144 167 212 224 245 330 487 598 634 640 
0 18 65 102 144 167 212 225 246 329 487 594 635 640 
0 18 65 103 144 167 212 226 247 329 488 592 635 640 
0 18 65 103 144 167 212 227 248 329 488 547 552 586 634 640 
0 18 65 104 144 166 212 227 249 328 489 543 634 640 
0 18 65 104 144 167 212 228 250 328 489 539 634 640 
0 18 65 105 144 167 212 229 251 327 490 535 636 640 
0 18 65 105 144 167 212 229 252 327 490 531 637 640 
0 18 66 106 144 168 212 230 253 326 491 522 638 640 
0 18 66 107 144 168 212 231 254 326 615 616 
0 18 66 107 144 169 212 232 256 325 607 616 
0 18 66 108 144 169 212 232 257 325 601 615 
0 18 66 108 144 170 212 233 258 325 595 615 
0 17 66 109 144 170 212 234 260 324 591 614 
0 18 66 109 144 170 212 235 261 324 587 614 
0 18 66 110 144 171 212 235 262 323 584 614 
0 19 66 110 144 171 212 236 264 323 580 613 
0 19 66 111 144 172 212 236 266 323 579 613 
0 20 66 112 144 172 212 235 268 322 578 613 
0 21 66 112 144 173 212 234 270 322 577 613 
0 21 66 113 144 173 212 234 272 322 577 612 
0 22 66 113 144 174 212 234 275 321 559 563 577 612 
0 23 66 114 144 174 212 234 277 321 546 564 577 612 
0 23 66 114 144 175 211 235 280 321 493 497 533 563 579 611 
0 24 66 115 144 175 211 235 284 320 492 497 512 562 581 611 
0 25 67 115 144 176 211 235 288 320 491 497 512 560 582 611 
0 25 67 116 144 176 211 235 294 321 490 497 512 559 583 610 
0 26 67 116 144 177 211 234 299 321 488 497 513 558 584 610 
0 27 67 117 144 177 211 233 486 497 513 558 584 610 
0 27 67 118 144 178 211 232 486 497 513 558 585 609 
0 28 67 118 144 178 211 231 487 497 514 557 585 609 
0 29 67 119 144 179 211 230 258 260 487 496 516 557 586 609 
0 29 67 119 144 179 211 229 258 265 488 495 517 557 586 608 
0 30 67 120 144 179 211 229 259 271 488 494 518 556 587 608 
0 31 67 120 144 180 211 228 259 275 489 493 518 556 588 608 
0 32 67 121 144 180 211 228 260 278 489 493 519 556 588 609 
0 32 67 122 144 181 211 227 260 282 490 492 520 555 589 609 
0 33 67 122 144 182 211 227 261 285 520 555 589 609 
0 34 67 123 144 182 211 227 262 289 521 554 590 610 
0 34 67 123 144 182 211 227 262 291 521 554 590 610 
0 35 67 123 144 183 211 227 263 293 522 554 591 610 
0 36 67 124 144 183 211 226 263 293 522 554 591 611 
0 36 68 125 144 184 211 226 264 293 523 553 592 611 
0 37 68 125 144 184 211 226 264 293 523 553 592 612 
0 38 68 126 144 185 211 226 265 294 523 553 592 612 
0 38 68 126 144 185 211 225 265 294 309 311 488 489 524 552 593 612 
0 39 68 127 144 186 211 225 266 295 309 314 323 328 487 489 525 552 593 613 
0 40 68 128 144 186 211 225 266 296 310 327 488 489 525 552 594 613 
0 40 68 128 144 186 211 225 267 295 313 327 526 552 594 613 
0 41 68 129 144 187 211 225 267 294 314 326 526 552 594 614 
0 42 68 129 144 188 211 224 268 293 315 325 487 488 527 552 594 614 
0 43 68 130 144 188 210 224 268 292 316 325 486 488 527 552 593 614 
0 43 68 130 144 189 210 224 269 291 317 324 528 552 593 615 
0 44 68 131 144 189 210 224 269 290 317 323 528 553 593 615 
0 45 68 131 144 189 210 224 269 290 318 322 528 553 593 615 
0 45 68 132 144 190 210 224 269 289 319 320 528 553 593 616 
0 46 68 133 144 190 210 223 268 289 528 554 593 616 
0 47 68 133 144 191 210 223 268 289 320 322 528 554 592 616 
0 47 68 133 144 191 210 223 268 289 320 330 528 554 592 617 
0 48 68 134 144 192 210 223 268 288 321 331 528 555 592 617 
0 49 69 135 144 192 210 223 268 288 321 331 528 555 592 617 
0 49 69 135 144 193 210 223 268 288 322 331 527 555 592 618 
0 50 69 136 144 193 210 224 268 288 323 331 487 488 527 556 592 618 
0 51 69 136 144 194 210 224 268 287 323 331 487 489 527 556 592 618 
0 51 69 137 144 194 210 225 268 287 324 331 487 489 527 557 591 619 
0 52 69 138 144 194 210 225 268 287 324 330 487 490 527 557 591 619 
0 53 69 138 144 195 210 226 268 287 325 330 488 490 527 557 591 619 
0 53 69 139 144 196 210 226 268 286 325 330 488 490 527 558 591 620 
0 54 69 140 144 196 210 227 268 286 326 330 488 490 527 558 591 620 
0 55 69 141 143 197 210 227 268 286 327 330 488 491 527 558 591 620 
0 55 69 142 143 197 210 227 268 286 327 330 488 491 526 559 590 621 
0 56 69 198 210 228 268 285 327 330 488 492 526 559 590 621 
0 57 69 198 210 228 267 285 328 329 488 492 526 559 590 622 
0 58 70 198 210 229 267 285 488 492 526 560 590 622 
0 58 70 199 210 229 267 285 488 493 526 560 590 622 
0 59 70 199 210 229 267 284 488 493 526 560 590 623 
0 60 70 200 210 230 267 284 489 494 525 561 590 623 
0 60 70 200 210 230 267 284 489 494 525 561 589 623 
0 61 70 201 209 231 267 284 489 494 525 561 589 624 
0 62 70 201 209 231 267 283 489 494 525 562 589 624 
0 62 70 202 209 232 267 283 328 329 489 495 525 562 589 624 
0 63 70 202 209 232 267 284 489 495 525 563 589 624 
0 64 69 203 209 232 267 284 489 496 525 563 588 625 
0 65 69 203 209 233 267 284 489 496 525 563 588 625 
0 66 69 204 209 233 267 285 489 496 524 564 588 626 
0 204 208 233 267 285 490 497 524 564 588 626 
0 205 208 234 267 286 490 497 524 564 588 626 
0 207 208 234 267 286 490 498 524 564 588 627 
0 235 266 286 490 498 524 565 587 627 
0 235 266 287 490 498 524 565 587 627 
0 236 266 287 490 499 523 565 587 628 
0 236 266 288 490 499 523 566 587 628 
0 237 266 288 490 499 523 566 587 628 
0 237 266 288 490 500 523 567 587 629 
0 237 266 289 490 500 523 567 586 629 
0 238 266 289 490 500 523 567 586 629 
0 238 266 289 490 501 523 568 586 630 
0 239 266 290 490 501 523 568 586 630 
0 239 266 290 490 502 523 568 586 630 
0 239 266 291 490 502 522 569 586 631 
0 240 266 291 491 503 522 569 585 631 639 640 
0 240 265 292 491 503 522 569 585 632 639 640 
0 241 265 292 491 503 522 570 585 632 639 640 
0 241 265 292 491 504 522 570 585 632 638 640 
0 241 265 293 491 504 522 570 585 633 638 640 
0 242 265 293 491 504 522 571 585 633 638 640 
0 242 265 293 491 505 522 571 585 634 638 640 
0 243 265 294 491 505 521 572 584 634 637 640 
0 243 265 294 491 505 521 572 584 635 637 640 
0 243 265 294 491 506 521 572 584 640 
0 244 265 295 491 506 521 573 584 640 
0 244 265 295 491 507 521 573 583 640 
0 245 265 296 491 507 521 573 583 640 
0 245 265 296 491 507 521 574 583 640 
0 245 265 297 492 508 520 574 583 640 
0 246 264 297 325 326 492 508 520 574 583 640 
0 246 264 297 325 326 492 508 520 575 583 640 
0 247 264 298 325 326 492 509 520 575 583 640 
0 247 264 298 325 326 492 509 520 575 582 640 
0 248 264 298 325 326 492 509 520 576 582 640 
0 248 264 299 325 326 492 510 520 576 582 640 
0 248 264 299 325 326 492 510 519 577 582 640 
0 249 264 299 325 326 492 510 519 577 581 640 
0 249 264 300 325 326 492 511 519 578 581 640 
0 250 264 300 325 326 493 511 519 579 580 640 
0 250 264 301 493 512 519 640 
0 250 263 301 493 512 519 640 
0 251 263 302 493 512 518 640 
0 251 263 302 324 325 493 513 518 640 
0 252 263 302 324 325 493 513 518 640 
0 252 263 303 324 325 493 514 518 640 
0 253 263 303 323 325 494 514 517 640 
0 253 263 303 323 325 494 515 517 640 
0 253 263 304 323 325 494 640 
0 254 263 304 323 325 495 640 
0 254 263 304 323 325 495 640 
0 255 263 305 323 325 495 640 
0 255 262 305 323 325 495 640 
0 255 262 306 323 325 495 640 
0 256 262 306 323 325 495 640 
0 257 262 307 323 324 495 640 
0 257 262 307 322 324 495 640 
0 258 262 307 322 324 496 640 
0 258 261 308 322 324 496 640 
0 259 261 308 323 324 496 640 
0 260 261 308 496 640 
0 309 496 640 
0 309 496 640 
0 310 496 640 
0 310 496 640 
0 310 496 640 
0 311 496 640 
0 311 496 640 
0 312 496 640 
0 312 496 640 
0 312 496 640 
0 313 496 640 
0 313 496 640 
0 313 496 640 
0 314 496 640 
0 314 496 640 
0 315 496 640 
0 315 496 640 
0 316 496 640 
0 316 496 640 
0 317 496 640 
0 317 496 640 
0 317 496 640 
0 317 496 640 
0 317 496 640 
0 317 496 640 
0 317 496 640 
0 317 496 640 
0 317 495 640 
0 316 495 640 
0 316 495 640 
0 316 495 640 
0 316 495 640 
0 316 495 640 
0 315 495 640 
0 315 495 640 
0 315 495 640 
0 315 495 640 
0 315 495 640 
0 315 495 640 
0 315 495 640 
0 314 495 640 
0 314 495 640 
0 314 495 640 
0 314 495 640 
0 314 495 640 
0 314 495 640 
0 314 495 640 
0 314 495 640 
0 313 495 640 
0 313 494 640 
0 313 494 640 
0 313 494 640 
0 313 494 640 
0 313 494 640 
0 313 494 640 
0 312 494 640 
0 312 494 640 
0 312 494 640 
0 312 494 640 
0 312 494 640 
