0 640 
0 640 
0 640 
0 640 
0 640 
0 640 
0 640 
0 640 
0 640 
0 640 
0 640 
0 640 
0 640 
0 640 
0 640 
0 640 
0 640 
0 640 
0 640 
0 640 
0 640 
0 640 
0 640 
0 640 
0 640 
0 640 
0 640 
0 640 
0 640 
0 640 
0 640 
0 640 
0 640 
0 640 
0 640 
0 640 
0 640 
0 640 
0 640 
0 640 
0 640 
0 640 
0 640 
0 640 
0 640 
0 640 
0 640 
0 640 
0 640 
0 640 
0 640 
0 640 
0 640 
0 640 
0 640 
0 640 
0 640 
0 640 
0 640 
0 640 
0 640 
0 640 
0 640 
0 640 
0 640 
0 640 
0 640 
0 640 
0 640 
0 640 
0 640 
0 640 
0 640 
0 640 
0 640 
0 640 
0 640 
0 640 
0 640 
0 640 
0 640 
0 640 
0 640 
0 640 
0 640 
0 640 
0 640 
0 640 
0 640 
0 640 
0 640 
0 640 
0 640 
0 640 
0 640 
0 640 
0 640 
0 640 
0 640 
0 640 
0 640 
0 640 
0 640 
0 640 
0 640 
0 611 615 640 
0 610 617 640 
0 609 618 640 
0 609 619 640 
0 608 620 640 
0 608 621 640 
0 607 622 640 
0 607 622 640 
0 574 579 607 623 640 
0 571 581 607 624 640 
0 571 584 608 624 640 
0 571 586 608 625 640 
0 571 588 609 626 640 
0 571 589 609 626 640 
0 570 591 611 627 640 
0 571 593 613 627 640 
0 572 595 614 627 640 
0 573 596 615 628 640 
0 574 597 617 628 640 
0 575 598 618 629 640 
0 576 599 620 629 640 
0 578 600 621 629 640 
0 579 602 621 629 640 
0 580 603 622 630 640 
0 582 603 623 630 640 
0 585 604 624 631 640 
0 586 605 625 631 640 
0 588 606 625 632 640 
0 590 607 625 632 640 
0 592 608 626 633 640 
0 594 608 626 633 640 
0 597 609 626 633 640 
0 599 610 627 633 640 
0 600 611 627 634 640 
0 602 611 628 634 640 
0 604 612 628 634 640 
0 605 612 629 634 640 
0 607 613 629 635 640 
0 608 614 630 635 640 
0 609 615 630 635 640 
0 610 615 630 635 640 
0 611 615 631 635 640 
0 612 615 631 635 640 
0 632 635 640 
0 632 635 640 
0 633 635 640 
0 634 635 640 
0 635 636 640 
0 634 
0 634 
0 619 
0 619 
0 619 
0 619 
0 620 
0 621 
0 618 
0 617 
0 616 
0 615 
0 614 
0 613 
0 613 
0 613 
0 612 
0 611 
0 611 
0 610 
0 610 
0 610 
0 610 
0 609 
0 609 
0 608 
0 608 
0 608 
0 608 
0 607 
0 607 
0 606 
0 606 
0 606 
0 606 
0 606 
0 606 
0 606 
0 606 
0 607 
0 607 
0 608 
0 608 
0 608 
0 608 
0 610 
0 612 
0 615 
0 480 485 618 
0 481 499 618 
0 485 500 619 
0 486 501 620 
0 485 502 621 
0 485 503 622 
0 485 504 622 
0 485 504 622 
0 485 506 623 
0 486 509 623 
0 486 512 624 
0 486 513 624 
0 487 516 624 
0 487 516 624 
0 487 519 624 
0 488 520 624 
0 99 416 417 420 488 521 624 
0 90 426 488 522 624 
0 90 425 489 524 621 
0 90 425 489 525 619 
0 89 426 489 527 615 
0 88 426 489 528 609 
0 89 426 490 529 604 
0 90 426 491 531 600 
0 90 426 494 533 594 
0 96 424 496 533 589 
0 501 535 584 
0 504 536 579 
0 505 538 574 
0 506 540 568 
0 506 541 564 
0 507 543 561 
0 508 546 548 555 557 
0 510 
0 512 
0 513 
0 515 
0 516 
0 519 
0 520 
0 522 
0 524 
0 525 
0 527 
0 529 
0 530 
0 532 
0 534 614 618 
0 535 602 619 
0 536 598 619 
0 538 594 619 
0 539 588 619 
0 540 583 619 
0 542 576 619 
0 544 569 619 
0 546 561 620 
0 620 
0 620 
0 620 
0 620 
0 620 
0 620 
0 620 
0 620 
0 620 
0 620 
0 620 
0 620 
0 620 
0 620 
0 620 
0 620 
0 620 
0 620 
0 620 
0 620 
0 620 
0 620 
0 620 
0 620 
0 621 
0 621 
0 621 
0 620 
0 620 
0 620 
0 620 
0 620 
0 620 
0 620 
0 620 
0 620 
0 619 
0 619 
0 619 
0 619 
0 619 
0 618 
0 618 
0 618 
0 618 
0 618 
0 618 
0 617 
0 617 
0 617 
0 617 
0 617 
0 616 
0 616 
0 616 
0 616 
0 616 
0 616 
0 615 
0 615 
0 615 
0 614 
0 614 
0 613 
0 613 
0 612 
0 612 
0 611 
0 610 
0 610 
0 609 
0 608 
0 608 
0 608 
0 607 
0 607 
0 606 
0 606 
0 605 
0 605 
0 605 
0 605 
0 605 
0 605 
0 605 
0 604 
0 604 
0 604 
0 604 
0 604 
0 604 
0 604 
0 604 
0 604 
0 604 
0 604 
0 604 
0 604 
0 604 
0 604 
0 603 
0 603 
0 602 
0 602 
0 601 
0 601 
0 601 
0 600 
0 599 
0 599 
0 598 
0 598 
0 597 
0 596 
0 595 
0 595 
0 594 
0 593 
0 592 
0 591 
0 590 
0 589 
0 589 
0 588 
0 587 
0 587 
0 586 
0 586 
0 587 
0 587 
0 588 
0 589 
0 591 
0 593 
0 596 
0 599 
0 603 
0 606 
0 606 
0 605 
0 605 
0 604 
0 604 
0 604 631 640 
0 603 630 640 
0 603 630 640 
0 602 629 640 
0 602 629 640 
0 602 628 640 
0 601 628 640 
0 601 627 640 
0 600 626 640 
0 600 626 640 
0 599 626 640 
0 599 625 640 
0 599 625 640 
0 598 624 640 
0 598 623 640 
0 598 623 640 
0 597 622 640 
0 597 622 640 
0 596 622 640 
0 596 621 640 
0 596 620 640 
0 595 620 640 
0 595 619 640 
0 594 619 640 
0 594 618 640 
0 594 618 640 
0 593 617 640 
0 593 617 640 
0 592 616 640 
0 592 616 640 
0 592 615 640 
0 591 615 640 
0 591 614 640 
0 591 614 640 
0 590 613 640 
0 590 613 640 
0 590 612 640 
0 589 612 640 
0 589 611 640 
0 589 611 640 
0 588 610 640 
0 588 610 640 
0 588 609 640 
0 587 609 640 
0 587 608 640 
0 587 608 640 
0 586 607 640 
0 586 607 640 
0 586 606 640 
0 586 606 640 
0 585 605 640 
0 585 605 640 
0 585 604 640 
0 585 604 640 
0 584 603 640 
0 583 602 640 
0 583 602 640 
0 583 602 640 
0 582 601 640 
0 582 600 640 
0 581 600 640 
0 581 599 640 
0 580 599 640 
0 580 598 640 
0 579 598 640 
0 579 597 640 
0 578 596 640 
0 578 595 640 
0 578 595 640 
0 578 595 640 
0 577 594 640 
0 577 594 640 
0 576 593 640 
0 576 592 640 
0 576 592 640 
0 576 592 640 
0 575 591 640 
0 575 591 640 
0 575 590 640 
0 575 590 640 
