205 640 
205 640 
205 640 
205 640 
205 640 
205 640 
205 640 
205 640 
205 640 
205 640 
205 640 
206 640 
206 640 
206 640 
206 640 
206 640 
206 640 
206 640 
206 640 
206 640 
206 640 
206 640 
206 640 
206 640 
206 640 
206 640 
206 640 
206 640 
206 640 
206 640 
206 640 
206 640 
206 640 
206 640 
206 640 
206 640 
206 640 
206 640 
206 640 
206 640 
206 640 
206 640 
206 640 
206 640 
205 640 
205 640 
205 640 
205 640 
205 640 
205 640 
205 640 
205 640 
205 640 
204 640 
204 640 
204 640 
204 640 
204 640 
204 640 
203 640 
203 640 
203 640 
203 640 
202 640 
202 640 
202 640 
202 640 
201 640 
201 640 
201 640 
200 640 
200 640 
200 640 
200 640 
200 640 
199 640 
199 640 
199 640 
199 640 
199 640 
198 640 
197 640 
197 640 
196 640 
196 640 
196 640 
195 640 
195 640 
195 640 
194 640 
194 640 
194 640 
193 640 
193 640 
192 640 
192 640 
191 640 
191 640 
190 640 
190 640 
190 640 
189 640 
188 640 
188 640 
187 640 
187 404 445 640 
186 401 448 452 463 640 
186 400 467 640 
185 399 469 640 
185 398 471 640 
184 398 473 640 
183 399 475 640 
183 399 477 640 
182 399 478 640 
182 400 480 640 
181 401 482 640 
180 402 483 640 
180 402 484 640 
179 403 485 640 
179 404 486 640 
178 405 486 640 
177 406 487 640 
176 407 488 640 
175 408 489 640 
175 408 490 640 
174 409 490 640 
173 410 491 640 
172 412 491 640 
172 413 492 640 
171 414 493 640 
170 415 493 640 
170 415 494 640 
169 414 494 640 
168 414 495 640 
167 414 495 640 
167 413 496 640 
166 413 496 640 
165 413 497 640 
163 413 497 640 
162 413 497 640 
161 413 498 640 
160 412 498 640 
160 412 499 640 
159 412 499 640 
158 412 500 640 
157 412 500 640 
156 412 500 640 
155 412 501 640 
154 412 501 640 
153 411 501 640 
151 412 413 414 502 640 
150 414 502 640 
149 414 503 640 
149 414 504 640 
147 415 505 640 
146 415 506 640 
144 416 507 640 
143 417 508 640 
142 418 508 640 
141 419 509 640 
139 420 510 640 
138 421 422 429 511 640 
136 430 512 640 
135 432 512 640 
133 432 513 640 
131 432 513 640 
130 431 514 640 
129 430 514 640 
128 429 515 640 
126 429 515 640 
124 430 516 640 
122 431 517 640 
120 434 517 640 
119 434 518 640 
117 435 518 640 
115 436 518 640 
112 438 518 640 
110 439 519 640 
109 440 519 640 
106 441 519 640 
103 442 451 453 519 640 
100 443 449 453 519 640 
98 444 447 453 475 477 520 640 
94 451 475 478 520 640 
92 449 476 479 520 640 
89 449 477 479 520 640 
86 450 478 480 521 640 
0 1 82 450 479 480 521 640 
0 6 78 451 521 640 
0 12 73 451 521 640 
0 17 66 451 521 640 
0 25 61 451 522 640 
0 32 49 451 522 640 
0 450 522 640 
0 449 522 640 
0 448 522 640 
0 447 522 640 
0 446 522 640 
0 445 522 640 
0 444 522 640 
0 443 522 640 
0 443 522 640 
0 443 523 640 
0 442 523 640 
0 442 523 640 
0 442 523 640 
0 442 523 640 
0 441 523 640 
0 441 524 640 
0 441 524 640 
0 440 525 640 
0 440 525 640 
0 440 526 640 
0 440 526 640 
0 439 527 640 
0 439 527 640 
0 439 528 640 
0 438 528 640 
0 438 529 640 
0 437 529 640 
0 436 530 640 
0 436 530 640 
0 435 531 640 
0 434 531 640 
0 433 531 640 
0 432 532 640 
0 432 532 640 
0 431 532 640 
0 430 532 640 
0 430 533 640 
0 429 533 640 
0 429 533 640 
0 428 534 640 
0 428 534 640 
0 428 535 640 
0 427 535 640 
0 427 535 640 
0 426 536 640 
0 426 536 640 
0 426 536 640 
0 425 537 640 
0 425 537 640 
0 425 537 640 
0 425 537 640 
0 425 537 640 
0 425 537 640 
0 426 537 640 
0 426 536 640 
0 427 536 640 
0 427 536 640 
0 428 536 640 
0 429 536 640 
0 430 536 640 
0 431 536 640 
0 432 536 640 
0 434 536 640 
0 435 536 640 
0 438 536 640 
0 439 536 640 
0 439 536 640 
0 439 535 640 
0 439 493 495 535 640 
0 439 491 495 535 640 
0 440 491 495 535 640 
0 440 491 496 536 640 
0 440 491 496 536 640 
0 440 492 496 536 640 
0 440 492 496 536 640 
0 440 492 496 536 640 
0 440 492 496 537 640 
0 440 492 496 537 640 
0 440 493 497 537 640 
0 440 493 497 537 640 
0 440 493 498 537 640 
0 441 493 498 531 533 537 640 
0 441 493 498 531 533 537 640 
0 442 493 498 531 534 537 640 
0 442 493 498 531 534 537 640 
0 442 494 498 531 534 536 640 
0 442 494 498 531 534 536 640 
0 442 494 498 531 534 536 640 
0 442 494 498 531 534 536 640 
0 441 494 498 531 534 536 640 
0 441 495 498 531 534 536 640 
0 441 495 498 532 534 535 640 
0 441 495 498 532 534 535 640 
0 443 494 498 532 640 
0 443 494 498 532 640 
0 443 494 498 533 640 
0 443 494 498 533 640 
0 443 494 498 533 640 
0 443 494 498 534 640 
0 443 493 498 534 640 
0 442 493 498 534 640 
0 442 493 498 534 640 
0 442 493 498 534 640 
0 442 493 498 535 640 
0 441 494 498 535 640 
0 441 495 498 535 640 
0 441 495 498 535 640 
0 440 496 497 535 640 
0 440 535 640 
0 440 535 640 
0 440 535 640 
0 439 535 640 
0 439 535 640 
0 439 535 640 
0 439 534 640 
0 439 534 640 
0 438 534 640 
0 438 533 640 
0 438 533 640 
0 438 533 640 
0 438 533 640 
0 437 533 640 
0 437 533 640 
0 437 533 640 
0 437 532 640 
0 437 532 640 
0 437 532 640 
0 436 532 640 
0 436 532 640 
0 436 531 640 
0 436 531 640 
0 435 531 640 
0 435 530 640 
0 435 530 640 
0 435 529 640 
0 435 528 640 
0 435 528 640 
0 434 522 525 527 640 
0 434 522 525 526 640 
0 434 522 640 
0 434 521 640 
0 434 521 640 
0 434 520 640 
0 434 520 640 
0 434 519 640 
0 433 518 640 
0 433 517 640 
0 433 517 640 
0 433 517 640 
0 433 517 640 
0 433 517 640 
0 432 517 640 
0 432 518 640 
0 432 518 640 
0 432 518 640 
0 432 519 640 
0 432 519 640 
0 432 519 640 
0 431 520 640 
0 431 520 640 
0 431 520 640 
0 431 521 640 
0 431 521 640 
0 430 522 640 
0 430 522 640 
0 430 522 640 
0 430 523 640 
0 430 523 640 
0 430 523 640 
0 429 524 640 
0 429 524 640 
0 429 524 640 
0 429 525 640 
0 429 525 640 
0 429 525 640 
0 428 526 640 
0 428 526 640 
0 428 527 640 
0 428 527 640 
0 428 527 640 
0 427 528 640 
0 427 528 640 
0 427 529 640 
0 427 529 640 
0 426 529 640 
0 426 530 640 
0 426 530 640 
0 426 531 640 
0 425 531 640 
0 425 532 640 
0 425 532 640 
0 425 532 640 
0 424 533 640 
0 424 533 640 
0 424 534 640 
0 424 534 640 
0 423 535 640 
0 423 535 640 
0 423 536 640 
0 423 536 640 
0 422 537 640 
0 422 537 640 
0 422 538 640 
0 421 538 640 
0 421 539 640 
0 421 539 640 
0 420 540 640 
0 420 540 640 
0 420 541 640 
0 419 541 640 
0 419 542 640 
0 419 542 640 
0 419 543 640 
0 418 544 640 
0 418 544 640 
0 418 545 640 
0 418 545 640 
0 417 546 640 
0 417 546 640 
0 417 547 640 
0 416 547 640 
0 416 548 640 
0 416 549 640 
0 415 549 640 
0 415 550 640 
0 415 550 640 
0 415 551 640 
0 414 552 640 
0 414 552 640 
0 414 553 640 
0 413 553 640 
0 413 554 640 
0 413 554 640 
0 413 555 640 
0 413 555 640 
0 413 556 640 
0 412 556 640 
0 412 557 640 
0 412 558 640 
0 412 558 640 
0 412 559 640 
0 412 560 640 
0 412 560 640 
0 411 560 640 
0 411 561 640 
0 411 562 640 
0 411 562 640 
0 411 563 640 
0 411 563 640 
0 410 564 640 
0 410 564 640 
0 410 565 640 
0 410 565 640 
0 410 566 640 
0 410 566 640 
0 410 567 640 
0 410 567 640 
0 410 568 640 
0 410 568 640 
0 410 569 640 
0 410 569 640 
0 409 570 640 
0 409 570 640 
0 409 570 640 
0 409 571 640 
0 409 571 640 
0 409 572 640 
0 409 572 640 
0 409 573 640 
0 408 573 640 
0 408 574 640 
0 408 574 640 
0 408 574 640 
0 408 575 640 
0 408 575 640 
0 407 575 640 
0 407 576 640 
0 407 576 640 
0 407 577 640 
0 406 577 640 
0 406 577 640 
0 406 578 640 
0 406 578 640 
0 406 578 640 
0 406 579 640 
0 407 579 640 
0 407 579 640 
