0 38 363 640 
0 38 363 640 
0 38 363 640 
0 37 363 640 
0 37 363 640 
0 37 363 640 
0 37 363 640 
0 37 363 640 
0 37 364 640 
0 37 364 640 
0 37 364 640 
0 37 364 640 
0 37 364 640 
0 37 364 640 
0 37 364 640 
0 37 364 640 
0 37 364 640 
0 36 364 640 
0 36 364 640 
0 36 365 640 
0 36 365 640 
0 36 364 640 
0 36 364 640 
0 36 364 640 
0 36 365 640 
0 36 365 640 
0 36 365 640 
0 36 365 640 
0 36 365 640 
0 36 365 640 
0 36 365 640 
0 36 365 640 
0 36 365 640 
0 36 365 640 
0 36 365 640 
0 36 365 640 
0 36 364 640 
0 36 364 640 
0 36 364 640 
0 36 364 640 
0 36 364 640 
0 36 364 640 
0 36 364 640 
0 36 364 640 
0 37 364 640 
0 37 364 640 
0 37 364 640 
0 37 363 640 
0 37 364 640 
0 37 364 640 
0 37 363 640 
0 37 363 640 
0 38 363 640 
0 38 363 640 
0 38 363 640 
0 38 362 640 
0 38 362 640 
0 39 362 640 
0 39 362 640 
0 39 362 640 
0 39 361 640 
0 39 361 640 
0 39 361 640 
0 40 361 640 
0 40 360 640 
0 40 360 640 
0 40 360 640 
0 40 360 640 
0 41 359 640 
0 41 359 640 
0 41 359 640 
0 41 359 640 
0 42 358 640 
0 42 358 640 
0 42 358 640 
0 43 358 640 
0 43 358 640 
0 43 357 640 
0 44 357 640 
0 44 357 640 
0 45 356 640 
0 45 356 640 
0 45 356 640 
0 45 355 640 
0 46 355 640 
0 46 354 640 
0 47 354 640 
0 47 353 640 
0 47 353 640 
0 48 353 640 
0 48 353 640 
0 49 352 640 
0 49 352 640 
0 49 351 640 
0 50 350 640 
0 50 350 640 
0 51 349 640 
0 51 349 640 
0 51 348 640 
0 52 348 640 
0 52 348 640 
0 53 347 640 
0 54 347 640 
0 54 346 640 
0 55 346 640 
0 55 345 640 
0 56 345 640 
0 56 344 640 
0 57 344 640 
0 57 343 640 
0 58 342 640 
0 59 342 640 
0 59 341 640 
0 60 341 640 
0 60 340 640 
0 61 339 640 
0 62 339 640 
0 63 338 640 
0 63 338 640 
0 63 337 640 
0 64 336 640 
0 65 335 640 
0 66 335 640 
0 66 334 640 
0 67 333 640 
0 68 332 640 
0 69 332 640 
0 69 331 640 
0 70 330 640 
0 71 330 640 
0 72 328 640 
0 72 328 640 
0 73 327 640 
0 74 326 640 
0 75 326 640 
0 76 325 640 
0 77 324 640 
0 78 323 640 
0 79 322 640 
0 80 321 640 
0 80 320 640 
0 82 319 640 
0 83 318 640 
0 83 317 640 
0 85 316 640 
0 86 315 640 
0 86 314 640 
0 87 313 640 
0 88 312 640 
0 89 311 640 
0 91 309 640 
0 92 309 640 
0 93 307 640 
0 94 306 640 
0 95 305 640 
0 96 304 640 
0 98 302 640 
0 99 302 640 
0 100 300 640 
0 102 299 640 
0 104 297 640 
0 104 296 640 
0 106 295 640 
0 107 293 640 
0 108 292 640 
0 110 290 640 
0 112 288 640 
0 114 288 640 
0 115 286 640 
0 116 284 640 
0 118 282 640 
0 120 280 640 
0 122 279 640 
0 124 277 640 
0 126 275 640 
0 128 272 640 
0 130 270 640 
0 132 269 640 
0 134 267 640 
0 136 264 640 
0 139 262 640 
0 142 259 640 
0 144 256 640 
0 147 253 640 
0 150 251 640 
0 154 248 640 
0 157 244 640 
0 159 240 640 
0 164 237 640 
0 170 232 640 
0 177 223 640 
0 184 219 640 
0 200 208 640 
0 640 
0 640 
0 640 
0 640 
0 640 
0 640 
0 640 
0 640 
0 640 
0 640 
0 640 
0 640 
0 640 
0 640 
0 640 
0 640 
0 640 
0 640 
0 640 
0 640 
0 640 
0 640 
0 640 
0 640 
0 640 
0 640 
0 640 
0 640 
0 640 
0 640 
0 640 
0 640 
0 640 
0 640 
0 640 
0 640 
0 640 
0 640 
0 640 
0 640 
0 640 
0 640 
0 640 
0 640 
0 640 
0 640 
0 640 
0 640 
0 640 
0 640 
0 640 
0 640 
0 640 
0 640 
0 640 
0 640 
0 640 
0 640 
0 640 
0 640 
0 640 
0 640 
0 640 
0 640 
0 640 
0 640 
0 640 
0 640 
0 640 
0 640 
0 640 
0 640 
0 640 
0 640 
0 640 
0 640 
0 640 
0 640 
0 640 
0 640 
0 640 
0 640 
0 640 
0 640 
0 640 
0 640 
0 640 
0 640 
0 640 
0 640 
0 640 
0 640 
0 640 
0 640 
0 640 
0 640 
0 640 
0 640 
0 640 
0 640 
0 640 
0 640 
0 640 
0 640 
0 640 
0 640 
0 640 
0 640 
0 640 
0 640 
0 640 
0 640 
0 640 
0 640 
0 640 
0 640 
0 640 
0 640 
0 640 
0 640 
0 640 
0 640 
0 640 
0 640 
0 640 
0 640 
0 640 
0 640 
0 640 
0 640 
0 640 
0 640 
0 640 
0 640 
0 640 
0 640 
0 640 
0 640 
0 640 
0 640 
0 640 
0 640 
0 640 
0 640 
0 640 
0 640 
0 640 
0 640 
0 640 
0 640 
0 640 
0 640 
0 640 
0 640 
0 640 
0 640 
0 640 
0 640 
0 640 
0 640 
0 640 
0 640 
0 640 
0 640 
0 640 
0 640 
0 640 
0 640 
0 640 
0 640 
0 640 
0 640 
0 640 
0 640 
0 640 
0 640 
0 640 
0 640 
0 640 
0 640 
0 640 
0 640 
0 640 
0 640 
0 640 
0 640 
0 640 
0 640 
0 640 
0 640 
0 640 
0 640 
0 640 
0 640 
0 640 
0 640 
0 640 
0 640 
0 640 
0 640 
0 640 
0 640 
0 640 
0 640 
0 640 
0 640 
0 640 
0 640 
0 640 
0 640 
0 640 
0 640 
0 640 
0 640 
0 640 
0 640 
0 640 
0 640 
0 640 
0 640 
0 640 
0 640 
0 640 
0 640 
0 640 
0 640 
0 640 
0 640 
0 640 
0 640 
0 640 
0 640 
0 640 
0 640 
0 640 
0 640 
0 640 
0 640 
0 640 
0 640 
0 640 
0 640 
0 640 
0 640 
0 640 
0 640 
0 640 
0 640 
0 640 
0 640 
0 640 
0 640 
0 640 
0 640 
0 640 
0 640 
0 640 
0 640 
0 640 
0 640 
0 640 
0 640 
0 640 
0 640 
0 640 
0 640 
0 640 
0 640 
0 640 
0 640 
0 640 
0 640 
0 640 
0 640 
0 640 
0 640 
0 640 
0 640 
0 640 
0 640 
0 640 
0 640 
0 640 
0 640 
0 640 
0 640 
0 640 
