







































328 363 
307 373 
300 378 
296 381 484 487 
293 384 474 482 483 497 
290 387 471 497 
288 390 469 497 
286 392 463 467 468 498 
285 394 461 498 
283 396 460 499 
282 398 455 456 458 500 
281 399 451 500 
280 401 448 500 
279 402 447 500 
278 403 445 499 
276 405 442 499 
276 406 441 499 
275 407 440 499 
274 408 439 499 
273 409 435 498 
273 410 432 498 
272 411 430 498 
271 412 428 498 
271 413 427 498 
270 414 426 498 
269 415 425 498 
269 416 423 497 
268 417 418 497 
268 498 
267 498 
267 499 
266 499 
266 499 
266 499 
265 499 
265 499 
265 500 
264 500 
264 501 
264 501 
263 502 
263 502 
263 503 
262 503 
262 504 
262 504 
262 505 
261 505 
261 505 
261 505 
261 506 
261 507 
260 508 
260 508 
260 508 
260 508 
260 509 
260 510 
260 511 
259 512 
259 512 
259 512 
259 513 
259 513 
259 513 
259 514 
259 515 
259 515 
259 516 
259 517 
258 518 
258 519 
257 520 
256 520 
255 520 
254 520 
252 520 
250 520 
249 519 
240 244 247 498 500 507 
236 488 
235 488 
233 488 
232 489 
231 490 
230 491 
229 492 
228 493 
228 493 
227 493 
226 494 
226 494 
225 494 
224 494 
224 494 
223 494 
221 494 
217 493 
216 492 
215 492 
215 492 
215 423 425 491 
215 422 426 490 
216 422 429 490 
216 421 430 489 
218 421 433 488 
222 421 435 487 
223 420 441 486 
223 420 443 485 
223 420 444 484 
224 420 447 449 450 483 
224 420 451 483 
224 420 452 482 
224 421 454 481 
224 421 457 480 
224 422 462 479 
225 422 463 478 
225 232 233 423 467 477 
226 230 234 423 469 475 
236 424 
237 425 
239 426 
240 427 
241 427 
242 427 
244 427 
245 427 
246 427 
246 427 
246 426 
245 248 250 426 
245 247 251 425 
245 246 252 425 
252 425 
253 425 
253 424 
254 424 
254 424 
255 423 
255 423 
254 263 264 423 
254 263 264 423 
254 263 265 423 
254 256 258 263 265 423 
259 263 265 424 
259 263 265 424 
260 263 265 424 
261 264 265 424 
261 264 265 424 
262 424 
263 424 
264 423 
264 422 
265 422 
266 421 
266 421 
266 420 
266 420 
266 419 
266 419 
266 419 
266 419 
265 419 
264 419 
166 168 263 419 
161 163 164 169 262 419 
160 169 261 419 
158 169 259 419 
157 169 257 419 
157 169 255 420 
156 169 254 420 
155 169 258 420 
154 169 265 420 
153 169 267 421 
152 169 267 422 
152 169 267 423 
151 169 267 423 
150 169 267 424 
149 169 267 424 
148 169 267 420 
148 169 267 277 278 419 
147 170 267 276 279 418 
146 171 267 275 279 418 
145 171 267 274 279 418 
145 172 266 273 279 418 
144 173 266 272 279 419 
143 174 266 271 279 404 406 419 
142 175 266 270 279 284 285 404 407 420 
142 176 265 270 279 284 285 404 408 420 
141 177 265 269 280 284 285 403 409 421 
140 178 265 268 280 284 285 403 409 421 
139 179 265 267 280 283 285 403 410 422 
138 180 265 267 280 283 285 288 290 302 303 402 410 422 
137 180 264 266 280 283 285 288 292 302 305 381 382 402 410 423 
136 181 264 265 280 282 285 288 293 303 306 380 382 401 411 423 
136 182 264 265 280 282 285 287 294 303 307 380 382 401 412 417 419 424 
135 183 280 282 295 303 307 380 382 400 412 417 420 425 
134 184 280 282 296 303 308 380 383 400 413 417 422 425 
133 184 280 281 296 303 309 379 383 400 413 416 424 425 
132 185 297 303 309 374 375 379 383 399 414 416 
131 186 298 303 310 374 375 379 383 399 
130 186 299 303 310 373 375 378 383 398 
129 187 300 303 310 373 375 378 383 398 
129 188 300 303 311 373 375 378 383 397 
128 188 301 303 311 372 375 378 383 397 
127 189 311 372 374 377 384 396 
126 190 311 371 374 377 384 395 
125 190 311 362 363 371 374 377 387 395 
124 191 311 361 363 370 375 376 387 394 
123 191 311 361 364 370 387 394 
122 192 310 360 365 370 388 393 
121 192 296 360 365 369 388 390 
120 193 274 361 366 369 
119 193 269 362 
118 194 266 363 
116 195 263 364 
115 195 260 365 
114 196 259 366 
113 196 257 368 
112 197 257 370 
110 197 256 372 
109 198 255 374 
108 198 254 376 
107 199 254 377 
106 199 253 379 
105 200 252 381 
103 200 251 383 
102 201 251 385 
101 202 250 387 
99 202 249 389 
98 203 248 391 
97 203 247 393 
95 204 246 395 
94 204 245 398 
93 205 245 400 
91 206 244 403 
90 206 243 405 
88 207 241 407 
88 208 240 409 
86 208 240 411 
84 209 238 413 
83 210 237 414 
82 211 236 415 
81 211 235 416 639 640 
79 212 234 417 637 640 
78 213 233 418 635 640 
77 214 232 418 632 640 
76 215 231 419 629 640 
75 216 230 420 625 640 
78 218 229 420 622 640 
87 219 228 421 618 640 
92 221 226 421 614 640 
94 422 611 640 
95 422 608 640 
96 422 605 640 
97 422 602 640 
98 423 600 640 
98 146 148 423 597 640 
99 146 149 423 595 640 
100 145 150 423 593 640 
100 130 131 145 150 424 590 640 
101 129 131 144 151 424 589 640 
102 128 131 144 151 424 587 640 
103 127 132 143 152 424 585 640 
103 127 132 142 153 424 583 640 
104 126 132 142 153 424 581 640 
104 125 132 141 152 425 580 640 
105 125 132 140 152 425 578 640 
106 124 132 135 151 425 576 640 
107 123 151 425 574 640 
108 122 151 425 572 640 
109 121 151 425 571 640 
110 119 151 425 569 640 
152 425 567 640 
155 425 565 640 
158 425 564 640 
158 425 562 640 
158 426 560 640 
159 426 558 640 
159 426 556 640 
159 426 554 640 
159 426 552 640 
158 426 550 640 
158 426 456 464 548 640 
157 427 455 468 546 640 
156 427 454 472 543 640 
155 428 454 477 540 640 
154 430 454 481 538 640 
153 433 454 485 535 640 
152 436 453 489 532 640 
149 440 453 495 527 640 
148 444 452 503 519 640 
147 640 
146 640 
146 640 
146 640 
146 640 
146 640 
147 640 
147 640 
148 640 
149 640 
150 640 
152 640 
158 640 
158 640 
158 640 
158 640 
159 640 
160 640 
161 640 
162 168 171 640 
171 640 
171 422 423 640 
171 421 425 640 
171 420 428 640 
172 420 430 640 
173 419 432 640 
176 418 435 640 
177 417 437 640 
178 416 439 640 
178 415 441 640 
179 414 443 640 
180 413 445 640 
181 412 447 640 
182 191 192 410 449 640 
192 408 450 640 
192 406 452 640 
192 404 454 640 
192 403 455 640 
193 403 457 640 
193 404 459 640 
193 404 460 640 
193 405 462 640 
193 406 464 640 
193 407 465 640 
193 407 466 640 
193 406 468 640 
193 404 469 640 
193 404 470 640 
193 404 472 640 
193 405 473 640 
193 405 475 640 
193 405 476 640 
193 405 478 640 
193 406 479 640 
194 405 480 640 
194 405 482 640 
194 404 483 640 
194 390 485 640 
194 389 486 640 
194 389 487 640 
194 389 488 536 545 640 
194 388 490 533 548 640 
194 388 491 531 550 640 
194 388 492 529 552 640 
194 387 493 527 554 640 
195 387 495 526 555 619 635 640 
195 387 496 524 557 612 639 640 
195 386 497 523 559 607 
195 386 499 521 561 604 
195 386 500 519 562 602 
195 385 501 518 563 599 
196 385 503 517 565 597 
196 385 504 515 566 595 
196 384 506 514 567 594 
196 384 508 513 569 592 
197 384 510 511 570 591 
197 384 571 591 
198 383 572 590 
198 383 574 589 
199 383 575 589 
199 382 577 589 
200 235 236 382 578 588 
201 234 236 382 579 588 
202 234 236 381 580 588 
203 233 236 381 582 587 
204 232 236 381 583 587 
205 231 236 380 
207 231 236 380 
209 230 235 380 
210 228 235 379 
213 226 235 379 
235 379 
235 379 
235 378 
235 378 
235 378 
235 378 
234 377 
234 377 
234 377 
234 377 
234 377 
234 376 
234 376 
234 376 
233 375 
233 375 
233 375 
233 375 
233 375 
233 375 
232 374 
232 374 
232 373 
232 372 
232 371 
232 370 
231 369 
231 367 
231 365 
231 363 
231 362 
231 362 
230 362 
230 362 
230 362 
229 362 
228 362 
228 362 
227 362 
226 362 
226 362 
225 362 
224 362 
223 362 
223 362 
222 363 
221 363 
220 363 
220 363 
219 363 
218 364 
217 364 
215 366 
214 367 
214 368 
214 369 
213 370 
