0 640 
0 640 
0 640 
0 640 
0 640 
0 640 
0 640 
0 640 
0 640 
0 640 
0 640 
0 640 
0 640 
0 640 
0 640 
0 640 
0 640 
0 640 
0 640 
0 640 
0 640 
0 640 
0 640 
0 640 
0 640 
0 640 
0 640 
0 640 
0 640 
0 640 
0 640 
0 640 
0 640 
0 640 
0 640 
0 640 
0 640 
0 640 
0 640 
0 640 
0 640 
0 640 
0 640 
0 640 
0 640 
0 640 
0 640 
0 640 
0 640 
0 640 
0 640 
0 640 
0 640 
0 640 
0 640 
0 640 
0 640 
0 640 
0 640 
0 640 
0 640 
0 640 
0 640 
0 640 
0 640 
0 640 
0 640 
0 640 
0 640 
0 640 
0 640 
0 640 
0 640 
0 640 
0 640 
0 640 
0 640 
0 640 
0 640 
0 640 
0 640 
0 640 
0 640 
0 640 
0 640 
0 640 
0 640 
0 640 
0 640 
0 640 
0 640 
0 640 
0 640 
0 640 
0 640 
0 640 
0 640 
0 640 
0 640 
0 640 
0 640 
0 640 
0 640 
0 640 
0 640 
0 640 
0 640 
0 640 
0 640 
0 640 
0 640 
0 640 
0 640 
0 640 
0 640 
0 640 
0 640 
0 640 
0 640 
0 640 
0 640 
0 640 
0 640 
0 640 
0 640 
0 640 
0 640 
0 640 
0 640 
0 640 
0 640 
0 640 
0 640 
0 640 
0 640 
0 640 
0 640 
0 640 
0 640 
0 640 
0 640 
0 640 
0 640 
0 640 
0 640 
0 640 
0 640 
0 640 
0 640 
0 640 
0 640 
0 640 
0 640 
0 640 
0 640 
0 640 
0 640 
0 640 
0 640 
0 640 
0 640 
0 640 
0 640 
0 640 
0 640 
0 640 
0 640 
0 640 
0 640 
0 640 
0 640 
0 640 
0 640 
0 640 
0 640 
0 640 
0 640 
0 640 
0 640 
0 640 
0 640 
0 640 
0 640 
0 640 
0 640 
0 640 
0 640 
0 640 
0 640 
0 640 
0 640 
0 640 
0 640 
0 640 
0 640 
0 640 
0 640 
0 640 
0 640 
0 640 
0 640 
0 640 
0 640 
0 640 
0 640 
0 640 
0 640 
0 640 
0 640 
0 640 
0 640 
0 640 
0 640 
0 640 
0 640 
0 640 
0 640 
0 640 
0 640 
0 640 
0 640 
0 640 
0 640 
0 640 
0 640 
0 640 
0 640 
0 640 
0 640 
0 640 
0 640 
0 640 
0 640 
0 640 
0 640 
0 640 
0 640 
0 640 
0 224 225 640 
0 222 229 235 240 640 
0 221 241 640 
0 220 241 640 
0 218 242 640 
0 217 242 640 
0 216 243 640 
0 209 211 215 243 640 
0 209 211 214 244 640 
0 209 211 213 245 640 
0 208 246 640 
0 208 246 640 
0 208 247 640 
0 208 248 640 
0 207 249 640 
0 207 250 640 
0 206 251 640 
0 206 252 640 
0 205 252 640 
0 205 253 640 
0 204 255 640 
0 204 256 640 
0 203 257 640 
0 203 259 640 
0 202 260 640 
0 201 261 640 
0 201 261 640 
0 200 262 640 
0 199 262 640 
0 199 263 640 
0 199 263 640 
0 200 264 640 
0 200 265 640 
0 201 265 640 
0 201 266 640 
0 201 267 640 
0 202 267 640 
0 203 269 640 
0 203 270 640 
0 203 271 640 
0 204 271 640 
0 204 272 640 
0 205 273 640 
0 206 274 640 
0 209 276 640 
0 210 278 640 
0 211 279 640 
0 212 281 640 
0 213 283 640 
0 214 285 640 
0 215 288 640 
0 215 291 640 
0 216 295 640 
0 217 304 640 
0 219 312 640 
0 220 313 640 
0 222 313 640 
0 223 314 640 
0 224 314 640 
0 225 314 640 
0 226 314 640 
0 227 314 640 
0 228 314 640 
0 229 314 640 
0 230 313 640 
0 231 313 640 
0 232 313 640 
0 234 313 640 
0 236 313 640 
0 240 313 640 
0 243 312 640 
0 244 311 640 
0 245 310 640 
0 249 310 640 
0 250 310 640 
0 251 309 640 
0 253 307 640 
0 255 306 640 
0 257 305 640 
0 257 305 640 
0 258 304 640 
0 259 304 640 
0 261 304 640 
0 262 303 640 
0 263 303 640 
0 264 303 640 
0 265 303 640 
0 265 302 640 
0 266 302 640 
0 266 302 640 
0 267 302 640 
0 268 301 640 
0 268 301 640 
0 269 301 640 
0 270 300 640 
0 270 300 640 
0 270 299 640 
0 271 298 640 
0 272 297 640 
0 272 297 640 
0 273 296 640 
0 273 295 640 
0 273 294 640 
0 274 293 640 
0 274 292 640 
0 274 290 640 
0 274 289 640 
0 275 279 280 284 285 288 640 
0 275 278 280 287 640 
0 277 278 284 285 640 
0 640 
0 640 
0 640 
0 640 
0 640 
0 640 
0 640 
0 640 
0 640 
0 640 
0 640 
0 640 
0 640 
0 640 
0 640 
0 640 
0 640 
0 640 
0 640 
0 640 
0 640 
0 640 
0 640 
0 640 
0 640 
0 640 
0 640 
0 640 
0 640 
0 640 
0 640 
0 640 
0 640 
0 640 
0 640 
0 640 
0 640 
0 640 
0 640 
0 640 
0 640 
0 640 
0 640 
0 640 
0 640 
0 640 
0 640 
0 640 
0 640 
0 640 
0 640 
0 640 
0 640 
0 640 
0 640 
0 640 
0 640 
0 640 
0 640 
0 640 
0 640 
0 640 
0 640 
0 640 
0 640 
0 640 
0 640 
0 640 
0 640 
0 640 
0 640 
0 640 
0 640 
0 640 
0 640 
0 640 
0 640 
0 640 
0 640 
0 640 
0 640 
0 640 
0 640 
0 640 
0 640 
0 640 
0 640 
0 640 
0 640 
0 640 
0 640 
0 640 
0 640 
0 640 
0 640 
0 640 
0 640 
0 640 
0 640 
0 640 
0 640 
0 640 
0 640 
0 640 
0 640 
0 640 
0 640 
0 640 
0 640 
0 640 
0 640 
0 640 
0 640 
0 640 
0 640 
0 640 
0 640 
0 640 
0 640 
0 640 
0 640 
0 640 
0 640 
0 640 
0 640 
0 640 
0 640 
0 640 
0 640 
0 640 
0 640 
0 640 
