

































































































273 283 
272 284 
271 285 
270 285 
269 285 
268 285 
268 285 
268 285 
268 286 
269 286 
269 286 
270 286 
270 286 
271 286 
271 287 
272 287 
272 287 
273 287 
273 287 
273 287 
273 287 
274 288 
274 288 
274 288 
275 288 
275 288 
275 288 
276 289 
276 289 
276 289 
276 289 
277 289 
277 289 
277 290 
277 290 
278 290 
278 290 
278 290 
278 290 373 390 
279 291 369 393 
279 291 367 395 
279 291 365 396 
279 292 362 398 
280 292 360 399 
280 292 358 400 
280 292 357 402 
280 293 356 402 
281 293 354 404 
281 293 353 404 
281 293 352 405 
281 293 351 406 
282 293 350 407 
282 294 349 407 
282 294 348 408 
282 294 347 408 
283 294 347 409 
283 294 346 409 
283 294 346 410 
283 295 345 411 
283 295 345 411 
284 295 345 412 
284 295 344 412 
284 296 343 412 
285 296 343 413 
285 296 342 413 
285 296 342 413 
285 297 342 413 
285 297 342 414 
286 297 342 414 
286 297 342 414 
286 298 342 414 
286 298 342 414 
287 298 342 414 
287 298 342 414 
287 299 342 414 
287 299 342 414 
288 299 341 414 
288 299 341 414 
288 299 341 415 
288 300 341 415 
289 300 341 415 
289 300 341 415 
289 300 340 415 
289 301 340 342 343 415 
290 301 340 342 344 415 
290 301 344 415 
290 302 344 415 
290 302 344 416 
290 303 344 416 
291 304 344 417 
291 306 347 417 
291 309 348 417 
291 310 350 417 
291 311 351 417 
289 312 352 418 
288 313 355 418 
288 314 355 418 
288 315 355 418 
288 316 355 419 
289 316 357 419 
289 317 359 420 
290 318 325 329 360 420 
290 331 361 419 
290 332 362 419 
290 332 351 358 362 419 
291 333 350 420 
291 334 349 420 
291 335 347 420 
292 335 346 420 
292 336 346 420 
292 337 345 420 
292 338 345 420 
292 338 344 420 
293 339 344 420 
293 339 344 420 
294 340 343 420 
295 341 343 420 
296 341 343 420 
297 420 
297 420 
297 420 
297 420 
298 420 
298 420 
298 420 
298 420 
298 420 
298 420 
299 420 
299 420 
299 420 
299 420 
299 420 
299 420 
299 420 
299 420 
299 420 
299 420 
299 420 
299 420 
299 419 
299 419 
299 419 
299 419 
299 419 
299 419 
299 347 348 419 
299 346 348 419 
299 345 348 418 
299 344 348 418 
299 343 348 418 
299 343 347 418 
299 341 347 418 
299 341 347 417 
299 340 347 417 
299 339 348 417 
299 338 348 417 
299 337 348 416 
299 336 349 416 
299 335 349 416 
299 334 350 415 
300 334 350 415 
300 333 350 415 
300 332 351 415 
300 331 351 414 
300 330 351 414 
300 330 351 414 
300 328 351 414 
300 327 351 413 
300 326 351 413 
301 325 351 413 
301 324 351 413 
301 323 352 412 
301 322 352 412 
301 321 352 412 
303 319 352 412 
306 318 352 412 
307 318 352 412 
308 318 352 411 
308 318 352 411 
308 319 352 409 410 411 
308 319 352 409 
308 319 352 408 
308 320 352 408 
308 320 352 407 
309 320 353 408 
309 321 353 408 
309 321 353 409 
309 321 353 409 
309 321 353 410 
309 321 353 410 
310 321 353 411 
310 322 354 411 
310 322 353 411 
311 322 343 412 
311 327 337 412 
311 333 336 413 
311 413 
310 413 
308 413 
307 413 
307 414 
307 414 
307 414 
309 414 
309 414 
309 414 
309 414 
310 414 
311 415 
310 415 
309 415 
309 415 
309 415 
311 415 
312 415 
311 415 
310 415 
310 415 
311 331 336 415 
315 328 336 415 
316 327 336 415 
317 327 337 415 
317 327 337 415 
317 327 337 415 
318 328 337 415 
318 328 338 415 
318 328 338 415 
318 328 338 415 
319 329 339 415 
319 329 339 415 
319 329 339 415 
319 329 340 415 
319 330 340 415 
320 330 340 415 
320 330 341 415 
320 330 341 415 
320 330 341 415 
320 330 342 415 
321 330 342 415 
321 331 342 415 
321 331 343 415 
321 331 343 415 
321 332 343 415 
322 332 344 415 
322 332 343 415 
322 332 343 415 
322 332 343 415 
322 333 343 415 
323 333 342 415 
323 333 342 415 
323 333 342 415 
323 334 342 415 
323 334 341 415 
324 334 341 415 
324 334 341 415 
324 334 341 415 
324 335 341 415 
325 335 340 415 
325 335 340 415 
325 335 340 415 
325 336 340 415 
326 336 340 415 
326 336 340 415 
326 336 339 414 
326 336 339 414 
326 337 339 414 
326 337 339 414 
327 414 
327 414 
327 414 
327 414 
327 415 
327 415 
327 416 
328 417 
328 417 
328 418 
328 418 
328 418 
329 419 
329 419 
329 420 
329 420 
330 421 
330 421 
330 421 
331 421 
331 421 
331 422 
331 422 
332 422 
332 422 
332 422 
332 423 
332 423 
333 423 
333 423 
333 423 
333 423 
333 423 
333 423 
333 423 
333 423 
333 423 
333 422 
332 422 
332 422 
331 422 
331 422 
331 421 
331 421 
331 421 
331 421 
330 421 
330 420 
330 420 
330 420 
330 419 
329 419 
329 419 
329 418 
329 417 
329 417 
309 312 329 417 
306 314 329 417 
305 316 329 417 
305 316 329 417 
304 317 329 418 
304 317 329 418 
304 317 329 419 
305 317 330 419 
305 317 330 419 
306 317 330 420 
307 318 329 420 
307 318 328 420 
308 318 327 420 
308 319 325 421 
309 319 323 421 
310 320 322 421 
310 421 
310 422 
311 422 
311 422 
311 422 
312 423 
312 423 
313 423 
313 423 
314 423 
314 423 
315 423 
315 423 
315 423 
315 422 
315 333 336 422 
315 332 336 422 
314 331 336 422 
314 330 336 421 
314 330 335 421 
314 329 335 421 
314 329 335 421 
315 329 335 421 
315 329 335 421 
316 329 334 420 
317 329 334 420 
318 329 334 420 
319 330 334 420 
320 330 333 419 
320 330 333 419 
321 330 332 419 
322 418 
322 417 
322 417 
322 417 
323 417 
323 416 
323 416 
324 416 
325 415 
325 414 
325 414 
