205 640 
205 640 
205 640 
205 640 
205 640 
205 640 
205 640 
205 640 
205 640 
205 640 
205 640 
206 640 
206 640 
206 640 
206 640 
206 640 
206 640 
206 640 
206 640 
206 640 
206 640 
206 640 
206 640 
206 640 
206 640 
206 640 
206 640 
206 640 
206 640 
206 640 
206 640 
206 640 
206 640 
206 640 
206 640 
206 640 
206 640 
206 640 
206 640 
206 640 
206 640 
206 640 
206 640 
206 640 
205 640 
205 640 
205 640 
205 640 
205 640 
205 640 
205 640 
205 640 
205 640 
204 640 
204 640 
204 640 
204 640 
204 640 
203 640 
203 640 
203 640 
203 640 
203 640 
202 640 
202 640 
202 640 
202 640 
201 640 
201 640 
201 640 
200 640 
200 640 
200 640 
200 640 
200 640 
199 640 
199 640 
199 640 
199 640 
198 640 
198 640 
197 640 
197 640 
196 640 
196 640 
196 640 
195 640 
195 640 
195 640 
194 640 
194 368 373 640 
194 366 375 640 
193 366 378 640 
193 365 381 640 
192 365 384 640 
192 365 386 640 
191 365 388 640 
191 365 391 640 
190 365 394 640 
190 366 397 640 
190 366 399 640 
189 367 401 640 
188 367 404 640 
188 367 406 640 
188 368 407 640 
187 368 408 640 
186 368 409 640 
186 369 410 640 
185 369 413 640 
185 369 418 640 
184 370 421 640 
183 370 423 640 
183 371 425 640 
182 371 426 640 
182 372 428 640 
181 372 429 640 
180 372 430 640 
180 372 431 640 
179 371 432 640 
179 370 433 640 
178 370 434 640 
177 369 435 640 
176 368 436 640 
175 368 437 640 
175 367 438 640 
174 366 439 640 
173 366 439 640 
172 365 440 640 
172 364 441 640 
171 364 441 640 
170 363 442 640 
170 363 442 640 
169 362 442 640 
168 362 442 640 
167 363 443 640 
167 363 443 640 
166 363 443 640 
165 364 443 640 
163 364 444 640 
162 364 444 640 
161 364 444 640 
160 364 445 640 
160 364 445 640 
159 364 445 640 
158 365 445 640 
157 366 445 640 
156 366 446 640 
155 367 368 369 446 640 
154 369 446 640 
153 370 374 375 446 640 
151 372 374 375 446 640 
150 373 446 640 
149 374 376 377 446 640 
149 377 446 640 
147 377 446 640 
146 376 446 640 
144 375 446 640 
143 374 446 640 
142 373 446 640 
141 372 446 640 
139 371 447 640 
138 372 447 640 
136 373 447 640 
135 374 447 640 
133 375 447 640 
131 375 447 640 
130 375 447 640 
129 375 447 640 
128 376 447 640 
126 377 447 640 
124 378 447 640 
122 378 447 640 
120 379 448 640 
119 379 448 640 
117 380 448 640 
115 213 227 380 449 640 
112 212 230 381 449 640 
110 211 235 381 450 640 
109 210 238 382 390 392 450 640 
106 209 241 383 387 392 451 640 
103 209 243 392 451 640 
100 219 245 392 452 640 
98 218 247 392 452 640 
94 214 249 390 452 640 
92 213 250 388 452 640 
89 212 252 387 453 640 
86 222 254 388 453 640 
0 1 82 221 256 388 453 640 
0 6 79 220 258 337 344 389 453 640 
0 12 73 219 225 229 262 335 348 390 454 640 
0 17 66 218 221 232 267 334 352 391 454 640 
0 25 61 235 270 334 355 391 454 640 
0 34 51 236 274 334 365 369 371 372 374 389 455 640 
0 237 280 324 327 333 377 386 455 640 
0 239 285 324 329 333 455 640 
0 240 290 323 455 640 
0 242 292 323 455 640 
0 245 298 323 455 640 
0 250 302 322 455 640 
0 254 305 321 455 640 
0 256 307 316 455 640 
0 258 311 312 455 640 
0 260 455 640 
0 263 455 640 
0 265 455 640 
0 268 455 640 
0 270 456 640 
0 274 456 640 
0 277 457 640 
0 279 458 640 
0 282 460 640 
0 284 461 640 
0 287 462 640 
0 290 463 640 
0 293 465 640 
0 296 466 640 
0 299 467 640 
0 304 469 640 
0 322 470 640 
0 323 471 640 
0 324 372 377 472 640 
0 324 331 334 368 378 474 640 
0 325 330 334 364 378 474 640 
0 325 328 334 361 378 475 640 
0 326 327 334 359 377 476 640 
0 335 356 376 476 640 
0 335 354 376 477 640 
0 335 351 375 477 640 
0 336 349 375 477 640 
0 337 346 374 476 640 
0 338 343 374 476 640 
0 373 476 640 
0 372 475 640 
0 372 475 640 
0 371 474 640 
0 371 476 640 
0 370 476 640 
0 370 476 640 
0 370 476 640 
0 369 476 640 
0 369 477 640 
0 369 478 640 
0 369 478 640 
0 369 477 640 
0 369 476 640 
0 369 475 640 
0 369 475 640 
0 369 476 640 
0 369 476 640 
0 369 477 640 
0 369 478 640 
0 370 478 640 
0 370 479 640 
0 371 480 640 
0 372 480 640 
0 372 481 640 
0 373 481 640 
0 374 482 640 
0 375 482 640 
0 377 483 640 
0 378 483 640 
0 380 484 640 
0 384 484 640 
0 386 461 462 485 640 
0 386 460 463 485 640 
0 387 460 464 485 640 
0 387 460 464 486 640 
0 387 460 464 486 640 
0 387 459 464 486 640 
0 387 459 464 486 640 
0 388 459 464 486 640 
0 388 459 464 486 640 
0 388 459 464 486 640 
0 388 458 464 486 640 
0 388 458 465 486 640 
0 388 458 465 487 640 
0 388 458 465 487 640 
0 388 458 465 487 640 
0 389 457 465 487 640 
0 389 457 465 487 640 
0 389 457 465 487 640 
0 389 457 466 487 640 
0 389 457 466 487 640 
0 389 457 466 487 640 
0 389 457 466 487 640 
0 390 457 466 487 640 
0 390 457 467 487 640 
0 391 457 467 487 640 
0 392 457 467 487 640 
0 392 457 467 487 640 
0 392 457 467 487 640 
0 392 457 467 487 640 
0 392 456 467 487 640 
0 392 456 467 487 640 
0 392 456 468 487 640 
0 392 456 468 487 640 
0 391 452 453 456 468 487 640 
0 391 451 454 456 468 487 640 
0 391 452 453 455 468 487 640 
0 391 455 468 487 640 
0 390 455 468 487 640 
0 390 454 468 487 640 
0 390 454 469 487 640 
0 390 454 469 487 640 
0 390 454 469 488 640 
0 389 454 469 488 640 
0 389 455 469 488 640 
0 389 455 469 488 640 
0 389 455 469 488 640 
0 389 455 469 488 640 
0 388 455 470 488 640 
0 388 455 470 488 640 
0 388 456 470 488 640 
0 388 456 470 488 640 
0 388 456 470 488 640 
0 388 456 470 488 640 
0 387 456 470 488 640 
0 387 457 470 488 640 
0 387 457 470 488 640 
0 387 458 470 488 640 
0 387 458 470 489 640 
0 386 459 470 489 640 
0 386 459 470 489 640 
0 386 460 470 490 640 
0 386 460 470 490 640 
0 386 461 470 490 640 
0 385 461 470 491 640 
0 385 461 470 491 640 
0 385 462 469 491 640 
0 385 462 469 491 640 
0 385 462 469 492 640 
0 385 463 469 492 640 
0 384 463 469 492 640 
0 384 463 469 492 640 
0 384 464 468 492 640 
0 384 464 468 493 640 
0 384 465 468 493 640 
0 384 465 468 493 640 
0 383 465 468 493 640 
0 383 465 467 493 640 
0 383 493 640 
0 383 493 640 
0 383 493 640 
0 383 493 640 
0 382 493 640 
0 382 493 640 
0 382 493 640 
0 382 494 640 
0 382 494 640 
0 382 469 470 494 640 
0 382 468 470 494 640 
0 382 469 471 495 640 
0 381 469 471 483 484 495 640 
0 381 470 472 482 484 490 491 496 640 
0 381 470 472 482 485 490 492 497 640 
0 381 470 472 483 485 490 492 498 640 
0 380 471 472 483 485 490 493 499 640 
0 380 471 473 483 486 490 495 498 640 
0 380 471 473 478 479 484 486 491 640 
0 380 472 473 477 479 484 487 491 640 
0 380 472 474 477 479 484 487 492 640 
0 379 472 474 478 480 485 488 493 640 
0 379 472 474 478 480 485 488 493 640 
0 379 472 474 479 480 485 489 494 640 
0 379 473 475 480 481 486 489 495 640 
0 379 473 475 480 482 486 490 495 640 
0 379 474 475 481 482 487 493 494 640 
0 378 474 476 481 482 487 640 
0 378 474 477 488 640 
0 378 475 477 482 483 488 640 
0 378 475 478 482 484 489 640 
0 378 476 480 482 485 490 640 
0 378 476 488 489 640 
0 377 476 640 
0 377 477 640 
0 377 477 640 
0 376 477 640 
0 376 478 640 
0 376 478 640 
0 376 478 640 
0 375 479 640 
0 375 479 640 
0 375 480 640 
0 375 480 640 
0 374 480 640 
0 374 481 640 
0 374 481 640 
0 373 482 640 
0 373 482 640 
0 373 482 640 
0 373 483 640 
0 372 483 640 
0 372 484 640 
0 372 484 640 
0 372 485 640 
0 371 485 640 
0 371 486 640 
0 370 486 640 
0 370 486 640 
0 370 487 640 
0 369 487 640 
0 369 488 640 
0 369 488 640 
0 368 489 640 
0 368 489 640 
0 368 490 640 
0 368 490 640 
0 367 491 640 
0 367 491 640 
0 367 492 640 
0 366 492 640 
0 366 493 640 
0 365 493 640 
0 365 494 640 
0 365 494 640 
0 364 495 640 
0 364 495 640 
0 364 495 640 
0 363 496 640 
0 363 496 640 
0 363 497 640 
0 362 497 640 
0 362 498 640 
0 362 498 640 
0 362 499 640 
0 361 499 640 
0 361 500 640 
0 361 500 640 
0 360 501 640 
0 360 501 640 
0 360 502 640 
0 359 502 640 
0 359 503 640 
0 359 503 640 
0 359 504 640 
0 358 504 640 
0 358 505 640 
0 358 505 640 
0 358 506 640 
0 358 506 640 
0 358 507 640 
0 357 507 640 
0 357 507 640 
0 357 508 640 
0 357 508 640 
0 357 509 640 
0 356 509 640 
0 356 510 640 
0 356 510 640 
0 356 510 640 
0 356 511 640 
0 355 511 640 
0 355 511 640 
0 355 512 640 
0 355 512 640 
0 355 512 640 
0 355 513 640 
0 354 513 640 
0 354 514 640 
0 354 514 640 
0 354 515 640 
0 354 515 640 
0 354 515 640 
0 354 516 640 
0 353 516 640 
0 353 516 640 
0 353 517 640 
0 353 517 640 
0 353 517 640 
0 353 518 640 
0 353 518 640 
0 353 518 640 
0 353 518 640 
0 352 518 640 
0 352 519 640 
0 352 519 640 
0 352 520 640 
0 352 520 640 
0 352 520 640 
0 352 520 640 
