205 640 
205 640 
205 640 
205 640 
205 640 
205 640 
205 640 
205 640 
205 640 
205 640 
205 640 
206 640 
206 640 
206 640 
206 640 
206 640 
206 640 
206 640 
206 640 
206 640 
206 640 
206 640 
206 640 
206 640 
206 640 
206 640 
206 640 
206 640 
206 640 
206 640 
206 640 
206 640 
206 640 
206 640 
206 640 
206 640 
206 640 
206 640 
206 640 
206 640 
206 640 
206 640 
206 640 
206 640 
205 640 
205 640 
205 640 
205 640 
205 640 
205 640 
205 640 
205 640 
205 640 
204 640 
204 640 
204 640 
204 640 
204 640 
203 640 
203 640 
203 640 
203 640 
203 640 
202 640 
202 640 
202 640 
202 640 
202 640 
201 640 
201 640 
200 640 
200 640 
200 640 
200 640 
200 640 
199 640 
199 640 
199 640 
199 640 
199 640 
198 640 
197 640 
197 640 
196 640 
196 640 
196 640 
195 640 
195 640 
195 640 
194 640 
194 640 
194 640 
193 640 
193 640 
193 640 
192 640 
191 640 
190 640 
190 640 
190 640 
190 640 
189 640 
188 466 483 640 
188 459 488 640 
188 455 491 640 
187 451 494 640 
186 446 497 640 
186 444 499 640 
185 441 501 640 
185 438 504 640 
184 436 505 640 
183 434 507 640 
183 433 509 640 
182 433 510 640 
182 432 512 640 
181 432 513 640 
180 432 515 640 
180 432 515 640 
179 433 516 640 
179 433 517 640 
178 435 518 640 
177 435 518 640 
176 435 518 640 
176 436 517 640 
175 437 517 640 
174 438 516 640 
173 439 515 640 
172 439 514 640 
172 440 513 640 
171 440 512 640 
170 440 510 640 
170 440 510 640 
169 439 509 640 
168 439 508 640 
167 438 506 640 
167 438 505 640 
166 437 504 640 
165 437 504 640 
164 437 505 640 
163 436 505 640 
162 436 505 640 
161 435 505 640 
160 435 506 640 
159 435 506 640 
158 435 506 640 
157 434 507 640 
156 434 507 640 
155 434 507 640 
154 433 507 640 
153 433 508 640 
151 433 508 640 
150 434 508 640 
149 433 507 640 
149 433 508 640 
147 433 508 640 
146 433 508 640 
144 433 507 640 
143 433 507 640 
142 433 507 640 
141 433 506 640 
139 434 506 640 
138 434 506 640 
136 434 505 640 
135 434 505 640 
133 434 505 640 
131 434 504 640 
130 434 504 640 
129 435 503 640 
128 435 503 640 
126 434 502 640 
124 434 502 640 
122 434 501 640 
120 434 501 640 
119 434 500 640 
117 434 500 640 
115 434 500 640 
113 434 499 640 
110 434 498 640 
108 434 498 640 
106 435 498 640 
103 436 438 439 498 640 
100 439 497 640 
98 439 497 640 
94 439 497 640 
92 439 492 494 497 640 
89 439 440 441 491 494 497 640 
86 441 491 493 497 640 
0 1 82 441 490 493 496 640 
0 6 79 441 489 493 495 640 
0 12 73 442 489 493 494 640 
0 17 65 442 490 640 
0 25 61 442 490 640 
0 34 51 442 490 640 
0 442 490 640 
0 442 490 640 
0 442 490 640 
0 442 490 640 
0 442 491 640 
0 441 492 640 
0 439 494 640 
0 438 496 640 
0 437 498 640 
0 435 499 640 
0 434 500 640 
0 434 502 640 
0 433 503 640 
0 432 504 640 
0 431 504 640 
0 430 505 640 
0 429 505 640 
0 429 506 640 
0 428 506 640 
0 427 506 640 
0 427 507 640 
0 426 507 640 
0 425 507 640 
0 424 508 640 
0 424 508 640 
0 423 508 640 
0 422 509 640 
0 421 509 640 
0 421 510 640 
0 420 510 640 
0 420 510 640 
0 419 511 640 
0 418 511 640 
0 417 512 640 
0 416 512 640 
0 415 513 640 
0 414 513 640 
0 413 514 640 
0 412 515 640 
0 411 515 640 
0 410 516 640 
0 409 517 640 
0 408 517 640 
0 408 518 640 
0 407 519 640 
0 406 519 640 
0 406 520 640 
0 406 520 640 
0 406 521 640 
0 406 522 640 
0 405 522 640 
0 406 523 640 
0 406 523 640 
0 407 523 640 
0 407 523 640 
0 408 523 640 
0 408 523 640 
0 407 523 640 
0 406 523 640 
0 404 522 640 
0 403 522 640 
0 403 521 640 
0 403 520 640 
0 403 519 640 
0 403 519 640 
0 404 520 640 
0 405 522 640 
0 405 524 640 
0 405 524 640 
0 404 522 640 
0 404 521 640 
0 403 520 640 
0 403 520 640 
0 402 519 640 
0 402 518 640 
0 401 518 640 
0 401 518 640 
0 400 519 640 
0 400 519 640 
0 399 519 640 
0 399 519 640 
0 399 431 432 493 497 520 640 
0 399 428 431 493 497 520 640 
0 400 425 432 493 498 520 640 
0 400 423 431 493 498 520 640 
0 401 420 432 493 499 521 640 
0 401 419 432 493 499 521 640 
0 401 416 432 494 498 521 640 
0 403 414 432 494 498 521 640 
0 405 412 433 494 496 521 640 
0 408 409 433 521 640 
0 433 521 640 
0 434 521 640 
0 434 520 640 
0 434 520 640 
0 435 520 640 
0 435 520 640 
0 438 519 640 
0 438 519 640 
0 438 518 640 
0 439 517 640 
0 439 517 640 
0 439 515 640 
0 439 514 640 
0 439 512 640 
0 440 511 640 
0 440 510 640 
0 439 508 640 
0 439 506 640 
0 439 505 640 
0 438 503 640 
0 438 502 640 
0 437 501 640 
0 437 501 640 
0 436 501 640 
0 436 502 640 
0 436 503 640 
0 435 503 640 
0 435 504 640 
0 434 504 640 
0 434 505 640 
0 433 505 640 
0 433 506 640 
0 432 507 640 
0 432 507 640 
0 431 508 640 
0 431 508 640 
0 431 509 640 
0 430 509 640 
0 430 510 640 
0 430 510 640 
0 430 511 640 
0 429 511 640 
0 428 511 640 
0 428 512 640 
0 428 512 640 
0 427 513 640 
0 427 513 640 
0 426 513 640 
0 426 514 640 
0 426 514 640 
0 426 514 640 
0 425 515 640 
0 425 515 640 
0 425 515 640 
0 424 515 640 
0 424 516 640 
0 423 516 640 
0 423 516 640 
0 423 516 640 
0 423 516 640 
0 422 517 640 
0 422 517 640 
0 421 517 640 
0 421 517 640 
0 421 517 640 
0 421 517 640 
0 420 518 640 
0 420 518 640 
0 420 518 640 
0 419 518 640 
0 419 518 640 
0 419 518 640 
0 418 518 640 
0 418 518 640 
0 417 518 640 
0 417 519 640 
0 417 519 640 
0 416 519 640 
0 416 519 640 
0 416 519 640 
0 415 519 640 
0 415 519 640 
0 415 520 640 
0 414 520 640 
0 414 520 640 
0 413 520 640 
0 413 520 640 
0 413 520 640 
0 412 520 640 
0 412 520 640 
0 411 520 640 
0 411 521 640 
0 411 521 640 
0 410 521 640 
0 410 521 640 
0 409 521 640 
0 409 521 640 
0 408 521 640 
0 408 521 640 
0 407 521 640 
0 407 522 640 
0 406 522 640 
0 406 522 640 
0 405 522 640 
0 405 522 640 
0 404 522 640 
0 404 523 640 
0 403 523 640 
0 403 523 640 
0 402 523 640 
0 402 523 640 
0 401 523 640 
0 401 523 640 
0 400 524 640 
0 400 524 640 
0 399 524 640 
0 399 524 640 
0 398 525 640 
0 397 525 640 
0 397 525 640 
0 396 525 640 
0 396 525 640 
0 395 526 640 
0 395 526 640 
0 394 526 640 
0 393 526 640 
0 393 527 640 
0 392 527 640 
0 392 527 640 
0 391 527 640 
0 391 527 640 
0 390 527 640 
0 390 528 640 
0 389 528 640 
0 388 528 640 
0 388 528 640 
0 387 529 640 
0 387 529 640 
0 386 529 640 
0 386 530 640 
0 385 530 640 
0 385 530 640 
0 384 530 640 
0 384 531 640 
0 383 531 640 
0 383 531 640 
0 382 532 640 
0 382 532 640 
0 381 532 640 
0 381 532 640 
0 381 533 640 
0 380 533 640 
0 380 533 640 
0 379 533 640 
0 379 534 640 
0 378 534 640 
0 378 534 640 
0 378 534 640 
0 377 535 640 
0 377 535 640 
0 377 535 640 
0 376 536 640 
0 376 536 640 
0 375 536 640 
0 375 536 640 
0 375 537 640 
0 374 537 640 
0 374 537 640 
0 374 537 640 
0 373 537 640 
0 373 538 640 
0 373 538 640 
0 373 538 640 
0 372 538 640 
0 372 538 640 
0 372 539 640 
0 372 539 640 
0 372 539 640 
0 371 540 640 
0 371 540 640 
0 371 540 640 
0 371 540 640 
0 371 541 640 
0 371 541 640 
0 371 541 640 
0 370 541 640 
0 370 542 640 
0 370 542 640 
0 370 542 640 
0 370 542 640 
0 370 542 640 
0 370 542 640 
0 369 543 640 
0 369 543 640 
0 369 543 640 
0 369 543 640 
