536 640 
536 640 
536 640 
536 640 
536 640 
536 640 
536 640 
536 640 
536 640 
536 640 
536 640 
536 640 
536 640 
536 640 
536 640 
536 640 
536 640 
536 640 
536 640 
536 640 
536 640 
536 640 
536 640 
536 640 
536 640 
536 640 
536 640 
536 640 
536 640 
536 640 
536 640 
536 640 
536 640 
536 640 
536 640 
536 640 
536 640 
536 640 
536 640 
536 640 
536 640 
536 640 
536 640 
536 640 
536 640 
536 640 
536 640 
536 640 
536 640 
536 640 
536 640 
536 640 
536 640 
536 640 
536 640 
536 640 
536 640 
536 640 
536 640 
536 640 
536 640 
536 640 
536 640 
536 640 
536 640 
536 640 
536 640 
536 640 
536 640 
536 640 
536 640 
536 640 
536 640 
536 640 
536 640 
536 640 
536 640 
536 640 
536 640 
536 640 
536 640 
536 640 
536 640 
536 640 
536 640 
536 640 
536 640 
536 640 
536 640 
536 640 
536 640 
536 640 
536 640 
536 640 
536 640 
536 640 
536 640 
536 640 
536 640 
536 640 
536 640 
536 640 
536 640 
536 640 
536 640 
536 640 
536 640 
536 640 
536 640 
536 640 
536 640 
536 640 
536 640 
536 640 
536 640 
536 640 
536 640 
536 640 
536 640 
536 640 
536 640 
536 640 
536 640 
536 640 
536 640 
536 640 
536 640 
536 640 
536 640 
536 640 
536 640 
536 640 
536 640 
308 313 536 640 
307 313 536 640 
307 314 536 640 
307 315 536 640 
307 316 536 640 
308 316 536 640 
308 317 536 640 
309 317 536 640 
310 317 536 640 
310 318 536 640 
310 318 536 640 
311 318 536 640 
311 318 536 640 
311 319 536 640 
312 319 536 640 
312 319 536 640 
312 320 536 640 
313 320 536 640 
313 320 331 337 536 640 
313 321 327 344 536 640 
314 321 324 349 536 640 
314 322 323 352 536 640 
314 356 536 640 
314 360 536 640 
308 364 536 640 
298 367 536 640 
294 369 536 640 
291 371 536 640 
288 373 536 640 
285 375 536 640 
284 376 536 640 
282 377 536 640 
281 378 536 640 
280 379 536 640 
278 380 536 640 
277 381 536 640 
275 382 536 640 
274 383 536 640 
272 383 536 640 
271 384 536 640 
270 385 536 640 
268 385 536 640 
267 386 536 640 
266 387 536 640 
265 387 536 640 
265 388 536 640 
264 388 536 640 
263 389 536 640 
262 389 536 640 
262 389 536 640 
261 390 536 640 
260 390 536 640 
260 390 536 640 
259 391 536 640 
259 391 536 640 
259 391 536 640 
258 392 536 640 
258 392 536 640 
258 392 536 640 
257 393 536 640 
257 393 536 640 
257 393 536 640 
257 393 536 640 
257 393 536 640 
257 393 536 640 
257 393 536 640 
257 393 536 640 
257 394 536 640 
257 394 536 640 
257 394 536 640 
257 394 536 640 
257 394 536 640 
257 394 536 640 
257 394 536 640 
257 394 536 640 
257 394 536 640 
257 394 536 640 
257 394 536 640 
257 394 536 640 
257 394 536 640 
257 394 536 640 
257 394 536 640 
258 395 536 640 
258 395 536 640 
258 395 536 640 
258 395 536 640 
258 395 536 640 
258 395 536 640 
258 395 536 640 
259 395 536 640 
259 395 536 640 
259 394 536 640 
260 394 536 640 
260 394 536 640 
260 394 536 640 
261 394 536 640 
261 394 536 640 
261 394 536 640 
262 394 536 640 
262 394 536 640 
262 393 536 640 
262 393 536 640 
263 393 536 640 
263 393 536 640 
263 393 536 640 
264 393 536 640 
264 392 536 640 
265 392 536 640 
265 392 536 640 
265 391 536 640 
266 391 536 640 
266 390 536 640 
267 390 536 640 
267 390 536 640 
268 390 536 640 
268 389 536 640 
269 389 536 640 
269 389 536 640 
270 388 536 640 
270 388 536 640 
270 387 536 640 
271 387 536 640 
272 386 536 640 
272 386 536 640 
273 385 536 640 
274 385 536 640 
274 384 536 640 
275 384 536 640 
276 383 536 640 
276 383 536 640 
277 382 536 640 
278 382 536 640 
278 381 536 640 
279 380 536 640 
280 379 536 640 
280 378 536 640 
281 378 536 640 
282 377 536 640 
283 376 536 640 
284 375 536 640 
285 373 536 640 
285 372 536 640 
286 371 536 640 
287 369 536 640 
288 367 536 640 
289 365 536 640 
290 363 536 640 
292 361 536 640 
293 360 536 640 
294 359 536 640 
296 358 536 640 
297 356 536 640 
299 354 536 640 
301 352 536 640 
303 351 536 640 
305 348 536 640 
307 346 536 640 
311 342 536 640 
314 339 536 640 
320 334 536 640 
536 640 
536 640 
536 640 
536 640 
536 640 
536 640 
536 640 
536 640 
536 640 
536 640 
536 640 
536 640 
536 640 
536 640 
536 640 
536 640 
536 640 
536 640 
536 640 
536 640 
536 640 
536 640 
536 640 
536 640 
536 640 
536 640 
536 640 
536 640 
536 640 
536 640 
536 640 
536 640 
536 640 
536 640 
536 640 
536 640 
536 640 
536 640 
536 640 
536 640 
536 640 
536 640 
536 640 
536 640 
536 640 
536 640 
536 640 
536 640 
536 640 
536 640 
536 640 
536 640 
536 640 
536 640 
536 640 
536 640 
536 640 
536 640 
536 640 
536 640 
536 640 
536 640 
536 640 
536 640 
536 640 
536 640 
536 640 
536 640 
536 640 
536 640 
536 640 
536 640 
536 640 
536 640 
536 640 
536 640 
536 640 
536 640 
536 640 
536 640 
536 640 
536 640 
536 640 
536 640 
536 640 
536 640 
536 640 
536 640 
536 640 
536 640 
536 640 
536 640 
536 640 
536 640 
536 640 
536 640 
536 640 
536 640 
536 640 
536 640 
536 640 
536 640 
536 640 
536 640 
536 640 
536 640 
536 640 
536 640 
536 640 
536 640 
536 640 
536 640 
536 640 
536 640 
536 640 
536 640 
536 640 
536 640 
536 640 
536 640 
536 640 
536 640 
536 640 
536 640 
536 640 
536 640 
536 640 
536 640 
536 640 
536 640 
536 640 
536 640 
536 640 
536 640 
536 640 
536 640 
536 640 
536 640 
536 640 
536 640 
536 640 
536 640 
536 640 
536 640 
536 640 
536 640 
536 640 
536 640 
536 640 
536 640 
536 640 
536 640 
536 640 
536 640 
536 640 
536 640 
536 640 
536 640 
536 640 
536 640 
536 640 
536 640 
536 640 
536 640 
536 640 
536 640 
536 640 
536 640 
536 640 
536 640 
536 640 
536 640 
536 640 
536 640 
536 640 
536 640 
536 640 
536 640 
536 640 
536 640 
536 640 
536 640 
536 640 
536 640 
536 640 
536 640 
536 640 
