0 640 
0 640 
0 640 
0 640 
0 640 
0 640 
0 640 
0 640 
0 640 
0 640 
0 640 
0 640 
0 640 
0 640 
0 640 
0 640 
0 640 
0 640 
0 640 
0 640 
0 640 
0 640 
0 640 
0 640 
0 640 
0 640 
0 640 
0 640 
0 640 
0 640 
0 640 
0 640 
0 640 
0 640 
0 640 
0 640 
0 640 
0 640 
0 640 
0 640 
0 640 
0 640 
0 640 
0 640 
0 640 
0 640 
0 640 
0 640 
0 640 
0 640 
0 640 
0 640 
0 640 
0 640 
0 640 
0 640 
0 640 
0 640 
0 640 
0 104 107 640 
0 102 111 640 
0 101 114 640 
0 100 117 640 
0 100 119 640 
0 99 121 640 
0 98 123 640 
0 98 125 640 
0 97 128 640 
0 96 130 640 
0 95 132 640 
0 95 134 640 
0 94 136 640 
0 93 138 640 
0 93 140 640 
0 92 141 640 
0 91 143 640 
0 91 145 640 
0 90 146 640 
0 90 148 640 
0 89 150 640 
0 88 151 640 
0 88 153 640 
0 88 154 640 
0 87 156 640 
0 87 157 640 
0 86 158 640 
0 86 160 640 
0 85 161 640 
0 85 163 640 
0 85 165 640 
0 86 166 640 
0 86 167 640 
0 86 168 640 
0 87 170 640 
0 87 171 640 
0 88 171 640 
0 88 172 640 
0 89 173 640 
0 89 171 172 174 640 
0 90 171 172 173 640 
0 90 173 640 
0 90 172 640 
0 91 171 640 
0 91 171 640 
0 92 171 640 
0 92 170 640 
0 93 170 640 
0 93 169 640 
0 94 169 640 
0 94 166 640 
0 95 166 640 
0 95 166 640 
0 96 166 640 
0 96 166 640 
0 97 165 640 
0 97 165 640 
0 98 164 640 
0 98 164 640 
0 99 164 640 
0 99 164 640 
0 100 163 640 
0 101 162 640 
0 101 162 640 
0 102 161 640 
0 102 161 640 
0 103 161 640 
0 104 161 640 
0 104 160 640 
0 105 160 640 
0 105 159 640 
0 106 159 640 
0 106 159 640 
0 107 158 640 
0 108 158 640 
0 108 158 640 
0 109 157 640 
0 109 157 640 
0 110 157 640 
0 110 157 640 
0 111 156 640 
0 112 156 640 
0 112 156 640 
0 113 156 640 
0 113 155 640 
0 114 155 640 
0 114 155 640 
0 115 155 640 
0 115 155 640 
0 116 154 640 
0 117 154 640 
0 117 154 640 
0 118 154 640 
0 118 154 640 
0 119 153 640 
0 119 153 640 
0 120 153 640 
0 120 153 640 
0 121 153 640 
0 121 153 640 
0 122 152 640 
0 123 152 640 
0 123 152 640 
0 124 152 640 
0 124 152 640 
0 125 152 640 
0 126 151 640 
0 126 151 640 
0 127 151 640 
0 127 151 640 
0 128 151 640 
0 129 151 640 
0 129 150 640 
0 130 150 640 
0 131 150 640 
0 131 150 640 
0 132 150 640 
0 132 150 640 
0 133 150 640 
0 134 149 640 
0 134 149 640 
0 135 148 640 
0 135 148 640 
0 136 148 640 
0 136 148 640 
0 137 148 640 
0 138 147 640 
0 139 147 640 
0 139 147 640 
0 140 146 640 
0 140 146 640 
0 141 146 640 
0 142 146 640 
0 640 
0 640 
0 640 
0 640 
0 640 
0 640 
0 640 
0 640 
0 640 
0 640 
0 640 
0 640 
0 640 
0 640 
0 640 
0 640 
0 640 
0 640 
0 640 
0 640 
0 640 
0 640 
0 640 
0 640 
0 640 
0 640 
0 640 
0 640 
0 640 
0 640 
0 640 
0 640 
0 640 
0 640 
0 640 
0 640 
0 640 
0 640 
0 640 
0 640 
0 640 
0 640 
0 640 
0 640 
0 640 
0 640 
0 640 
0 640 
0 640 
0 640 
0 640 
0 640 
0 640 
0 640 
0 640 
0 640 
0 640 
0 640 
0 640 
0 640 
0 640 
0 369 372 640 
0 368 373 640 
0 368 374 640 
0 368 376 640 
0 367 377 640 
0 367 378 640 
0 367 378 640 
0 367 379 640 
0 366 381 640 
0 366 382 640 
0 366 383 640 
0 366 384 640 
0 366 385 640 
0 366 386 640 
0 366 387 640 
0 366 388 640 
0 366 389 640 
0 366 390 640 
0 366 391 640 
0 367 393 640 
0 367 394 640 
0 114 117 367 396 640 
0 112 117 367 397 640 
0 111 117 368 399 640 
0 110 118 368 401 640 
0 109 118 369 402 640 
0 108 118 370 404 640 
0 108 118 371 406 640 
0 108 118 372 407 640 
0 108 119 373 409 640 
0 107 119 374 411 640 
0 107 119 375 413 640 
0 107 120 376 417 640 
0 107 120 377 419 640 
0 106 120 378 422 640 
0 106 121 379 425 640 
0 106 121 381 427 640 
0 106 121 382 430 640 
0 105 122 384 434 640 
0 105 122 385 441 640 
0 105 123 387 445 640 
0 104 123 388 446 640 
0 104 124 390 446 640 
0 104 124 354 355 392 446 640 
0 104 125 353 356 393 446 640 
0 104 125 352 356 395 445 640 
0 104 126 352 356 396 445 640 
0 104 126 351 356 399 445 640 
0 104 127 351 356 401 445 640 
0 105 128 351 356 404 445 640 
0 105 128 351 356 406 444 640 
0 106 129 351 357 409 444 640 
0 106 129 158 159 351 357 411 444 640 
0 106 130 158 161 350 357 414 444 640 
0 106 130 158 163 350 357 417 443 640 
0 107 131 158 164 350 357 422 443 640 
0 107 132 158 165 350 358 428 442 640 
0 107 133 159 165 350 358 435 442 640 
0 108 133 159 166 350 358 640 
0 108 134 159 167 350 359 640 
0 108 135 160 167 349 359 640 
0 108 135 160 168 349 359 640 
0 108 136 160 169 349 360 640 
0 109 137 161 170 349 360 640 
0 109 138 161 171 349 360 640 
0 110 139 162 172 349 360 640 
0 110 140 162 173 349 361 640 
0 111 141 163 175 348 361 640 
0 112 141 163 176 348 361 640 
0 112 142 164 177 348 362 640 
0 113 143 165 178 348 362 640 
0 113 144 165 179 348 362 640 
0 114 145 166 181 348 362 640 
0 114 146 167 182 347 363 640 
0 115 148 168 183 347 363 640 
0 116 149 168 185 347 363 640 
0 117 151 169 186 347 363 640 
0 118 153 170 187 347 363 640 
0 118 155 171 189 347 364 640 
0 119 157 172 190 346 364 497 498 640 
0 119 159 173 192 346 365 494 500 550 554 640 
0 120 161 174 193 346 365 493 501 548 555 640 
0 121 164 175 195 346 365 492 503 547 556 640 
0 122 166 176 197 346 366 490 505 545 556 640 
0 122 169 178 199 346 366 489 507 544 556 640 
0 123 173 179 201 346 366 488 510 542 556 640 
0 124 176 180 203 346 367 486 512 540 555 640 
0 125 179 181 204 345 367 485 515 538 554 640 
0 126 206 345 368 483 517 536 553 640 
0 127 208 345 368 482 520 534 552 640 
0 128 210 345 368 480 522 532 551 640 
0 129 211 345 369 479 525 527 528 529 550 640 
0 130 213 345 369 439 440 476 548 640 
0 130 215 344 370 437 441 475 548 640 
0 131 217 344 370 437 444 473 546 640 
0 132 219 343 371 436 446 470 545 640 
0 133 221 343 371 435 450 468 543 640 
0 134 223 342 371 435 454 464 541 640 
0 135 225 341 372 436 460 461 539 640 
0 137 227 341 372 437 537 640 
0 137 229 341 373 438 535 640 
0 138 231 340 374 440 533 640 
0 140 232 340 377 442 530 640 
0 140 234 340 380 444 527 640 
0 141 237 340 386 446 524 640 
0 142 239 339 394 449 521 640 
0 143 241 339 403 452 518 640 
0 144 243 339 410 456 514 640 
0 145 245 339 411 458 508 640 
0 147 247 338 411 461 501 640 
0 148 249 338 410 465 495 640 
0 149 252 338 410 469 470 474 495 640 
0 150 254 337 408 474 495 640 
0 152 256 337 407 473 496 640 
0 154 259 337 405 471 496 640 
0 155 261 336 404 470 497 640 
0 157 265 336 402 469 498 640 
0 159 269 336 400 468 498 640 
0 161 270 335 398 466 499 640 
0 163 272 335 396 465 500 640 
0 165 273 335 394 464 500 640 
0 167 274 334 392 463 501 640 
0 169 274 334 389 461 502 640 
0 171 274 334 387 460 503 640 
0 174 275 334 386 459 503 640 
0 176 275 334 385 458 504 640 
0 178 276 334 385 457 505 640 
0 180 276 333 386 455 505 640 
0 183 276 333 386 454 506 640 
0 186 277 332 387 453 506 640 
0 194 277 331 387 452 507 640 
0 198 278 330 388 451 508 640 
0 204 279 330 388 450 509 640 
0 205 280 329 389 448 510 640 
0 205 280 328 389 447 510 640 
0 205 280 328 390 446 511 640 
0 204 280 327 391 445 512 640 
0 204 280 326 391 444 513 640 
0 203 280 326 392 442 514 640 
0 203 281 325 392 441 515 640 
0 203 281 325 393 440 516 640 
0 202 281 324 393 439 517 640 
0 202 281 324 394 437 518 640 
0 201 281 324 395 436 519 640 
0 201 281 324 395 435 519 640 
0 201 281 323 396 434 520 640 
0 200 281 323 396 432 521 640 
0 200 281 323 397 431 522 640 
0 199 281 324 397 430 523 640 
0 199 281 324 398 429 524 640 
0 199 281 324 399 427 525 640 
0 199 282 325 400 426 526 640 
0 199 282 325 400 425 527 640 
0 199 282 326 401 424 528 640 
0 200 282 327 402 422 529 640 
0 201 284 328 402 421 530 640 
0 202 294 328 403 420 531 640 
0 203 298 329 403 418 533 640 
0 204 299 330 404 417 534 640 
0 206 299 331 405 416 535 640 
0 207 300 331 406 415 536 640 
0 208 264 267 270 277 300 332 407 414 538 640 
0 209 267 333 407 412 539 640 
0 210 269 334 408 411 540 640 
0 210 274 335 541 640 
0 211 277 336 543 640 
0 212 281 337 544 640 
0 212 285 338 545 640 
0 213 289 339 547 640 
0 213 294 340 549 640 
0 214 300 321 322 343 551 640 
0 214 323 344 553 640 
0 215 323 345 453 456 484 486 555 640 
0 215 324 345 416 417 452 458 485 487 557 640 
0 216 324 346 417 418 451 459 467 469 485 489 558 640 
0 216 325 346 418 419 450 460 466 470 486 491 559 640 
0 217 325 347 418 420 450 461 464 470 486 492 559 640 
0 217 325 347 419 421 449 471 487 494 559 640 
0 218 326 347 420 422 448 472 487 495 558 640 
0 218 326 348 421 424 446 472 488 497 557 640 
0 219 326 348 422 425 445 473 488 499 557 640 
0 219 327 349 423 426 444 473 489 500 556 640 
0 220 327 349 424 428 443 474 490 502 555 640 
0 220 327 350 424 431 441 474 490 504 554 640 
0 221 327 350 426 433 437 475 490 506 553 640 
0 221 328 351 427 475 491 508 553 640 
0 221 328 352 427 476 491 510 553 640 
0 221 328 352 428 476 492 512 554 640 
0 220 328 352 429 477 492 515 554 640 
0 220 329 353 430 477 493 517 554 640 
0 220 329 353 431 478 494 518 554 640 
0 220 330 354 432 479 494 519 554 640 
0 219 330 354 433 479 495 520 530 532 534 538 554 640 
0 219 330 355 434 480 495 538 554 640 
0 219 331 355 435 480 496 537 554 640 
0 219 331 356 436 481 497 537 554 640 
0 219 331 357 437 482 497 536 553 640 
0 219 332 359 361 365 438 483 498 535 553 640 
0 219 332 367 440 483 499 535 552 640 
0 219 332 368 441 484 500 534 552 640 
0 219 333 369 442 485 500 533 552 640 
0 219 333 370 444 486 502 532 551 640 
0 219 334 372 446 486 503 531 551 640 
0 220 334 373 447 487 504 530 550 640 
0 220 334 374 449 488 504 529 550 640 
0 220 334 376 450 489 506 526 549 640 
0 220 334 377 451 490 507 524 548 640 
0 221 333 379 452 492 509 520 548 640 
0 221 332 381 453 493 547 640 
0 222 330 383 453 494 546 640 
0 223 329 384 453 495 545 640 
0 224 327 386 453 496 544 640 
0 225 325 387 453 497 543 640 
0 225 323 389 452 498 543 640 
0 226 321 391 450 500 542 640 
0 227 320 393 449 501 541 640 
0 229 318 394 446 502 539 640 
0 230 315 396 444 504 538 640 
0 232 312 398 442 505 536 640 
0 235 309 400 439 507 534 640 
0 236 306 403 436 508 531 640 
0 238 303 405 433 510 529 640 
0 242 299 411 429 512 526 640 
0 246 293 416 426 640 
0 251 287 640 
0 640 
0 640 
