0 640 
0 640 
0 640 
0 640 
0 640 
0 640 
0 640 
0 640 
0 640 
0 640 
0 640 
0 640 
0 640 
0 640 
0 640 
0 640 
0 640 
0 640 
0 640 
0 640 
0 640 
0 640 
0 640 
0 640 
0 640 
0 640 
0 640 
0 640 
0 640 
0 640 
0 640 
0 640 
0 640 
0 640 
0 640 
0 640 
0 640 
0 640 
0 640 
0 640 
0 640 
0 640 
0 640 
0 640 
0 640 
0 640 
0 640 
0 640 
0 640 
0 640 
0 640 
0 640 
0 640 
0 640 
0 640 
0 640 
0 640 
0 640 
0 640 
0 640 
0 640 
0 640 
0 640 
0 640 
0 640 
0 640 
0 640 
0 640 
0 640 
0 640 
0 640 
0 640 
0 640 
0 640 
0 640 
0 640 
0 640 
0 640 
0 640 
0 640 
0 640 
0 640 
0 640 
0 640 
0 640 
0 640 
0 640 
0 640 
0 640 
0 640 
0 640 
0 640 
0 640 
0 640 
0 640 
0 640 
0 640 
0 640 
0 640 
0 640 
0 640 
0 640 
0 640 
0 640 
0 640 
0 640 
0 640 
0 640 
0 640 
0 640 
0 640 
0 640 
0 640 
0 640 
0 640 
0 291 296 640 
0 288 297 640 
0 286 298 640 
0 286 298 640 
0 285 297 640 
0 285 297 640 
0 285 297 640 
0 286 298 321 338 640 
0 286 303 318 342 640 
0 286 305 317 344 640 
0 287 305 315 345 640 
0 287 304 314 347 640 
0 287 303 313 348 640 
0 288 302 312 350 640 
0 288 301 311 351 640 
0 289 300 310 353 640 
0 278 281 289 299 310 354 640 
0 279 284 290 299 309 355 640 
0 278 287 292 299 308 357 640 
0 278 290 293 358 640 
0 278 342 348 360 640 
0 278 341 350 361 640 
0 278 341 352 363 640 
0 279 341 354 364 640 
0 281 340 356 365 640 
0 282 340 359 366 640 
0 283 340 640 
0 284 340 640 
0 285 340 640 
0 287 340 640 
0 289 340 640 
0 291 340 640 
0 293 340 640 
0 294 342 640 
0 296 346 640 
0 298 350 640 
0 299 353 640 
0 300 355 640 
0 300 357 640 
0 301 304 305 359 640 
0 302 304 306 361 640 
0 307 362 640 
0 307 363 640 
0 306 364 640 
0 306 365 640 
0 307 365 640 
0 307 365 640 
0 308 365 640 
0 299 302 309 365 640 
0 296 303 310 368 640 
0 295 304 310 371 640 
0 294 305 311 315 317 373 640 
0 293 306 318 373 640 
0 292 306 318 373 640 
0 291 306 318 373 377 379 640 
0 291 306 319 379 640 
0 291 306 320 379 640 
0 291 306 320 380 640 
0 291 306 319 383 640 
0 292 305 319 378 640 
0 293 306 318 379 640 
0 294 307 318 380 640 
0 295 308 318 380 640 
0 298 309 317 381 640 
0 301 309 316 377 380 382 640 
0 302 310 315 366 367 375 640 
0 303 310 315 365 371 372 640 
0 303 311 315 354 356 364 640 
0 304 311 315 348 351 355 361 364 640 
0 304 312 314 346 353 354 362 364 640 
0 304 312 314 345 640 
0 305 345 640 
0 305 346 640 
0 305 346 365 371 640 
0 305 346 362 372 640 
0 306 347 361 372 640 
0 306 347 360 372 640 
0 306 347 358 372 640 
0 307 348 357 372 640 
0 307 348 357 373 640 
0 307 348 356 373 640 
0 307 349 355 373 640 
0 308 349 354 373 640 
0 308 350 354 373 640 
0 308 352 353 373 640 
0 309 321 322 373 640 
0 311 320 323 373 640 
0 311 320 323 373 640 
0 311 319 324 373 640 
0 311 319 325 373 640 
0 310 318 326 373 640 
0 310 318 326 373 640 
0 309 318 327 373 640 
0 309 317 327 375 640 
0 308 317 328 381 640 
0 307 316 328 387 640 
0 307 316 329 357 359 392 640 
0 306 315 330 359 360 401 640 
0 306 315 330 407 640 
0 305 314 329 407 640 
0 305 313 329 370 373 389 391 406 640 
0 304 313 328 369 376 390 399 406 640 
0 304 312 328 370 379 392 403 407 640 
0 303 312 327 372 382 397 640 
0 303 311 326 376 385 401 429 452 640 
0 302 310 326 380 388 404 424 457 640 
0 302 309 325 384 390 404 419 463 640 
0 301 309 324 392 393 403 414 463 640 
0 301 308 324 403 407 463 640 
0 184 194 300 308 323 463 640 
0 183 203 206 209 299 307 322 465 640 
0 183 211 298 307 321 466 640 
0 184 219 298 306 320 466 640 
0 184 229 297 306 320 466 640 
0 184 240 296 306 319 467 640 
0 185 252 295 306 318 468 640 
0 186 258 294 306 317 468 640 
0 186 275 293 305 316 469 640 
0 187 305 316 471 640 
0 189 472 640 
0 193 472 640 
0 202 473 640 
0 207 474 477 479 640 
0 208 477 640 
0 208 476 640 
0 209 219 221 472 473 480 640 
0 209 218 227 255 269 481 640 
0 210 213 215 217 231 254 285 482 640 
0 211 213 235 254 294 300 301 483 640 
0 239 255 303 483 640 
0 242 258 304 482 640 
0 245 261 305 482 640 
0 249 264 305 482 640 
0 252 266 305 483 640 
0 255 266 304 484 640 
0 258 266 304 485 640 
0 261 266 305 366 381 485 640 
0 305 365 383 485 640 
0 306 331 338 365 385 480 640 
0 307 324 339 344 346 365 387 481 640 
0 310 317 347 365 389 482 483 484 640 
0 347 366 391 477 479 480 482 484 640 
0 347 366 395 478 640 
0 346 366 398 479 640 
0 346 366 401 474 477 483 640 
0 346 367 406 476 481 484 640 
0 346 367 414 468 470 478 640 
0 346 367 421 468 473 479 640 
0 347 367 427 470 475 480 640 
0 347 368 431 471 477 480 640 
0 347 368 435 460 462 466 468 470 640 
0 347 356 357 368 440 461 463 466 640 
0 347 355 358 367 442 464 640 
0 347 355 358 367 443 445 448 464 640 
0 347 354 358 367 444 445 450 460 462 463 640 
0 347 354 359 366 446 447 452 459 640 
0 348 353 361 365 447 448 453 459 640 
0 348 353 448 449 455 458 640 
0 350 351 640 
0 450 451 640 
0 640 
0 640 
0 640 
0 640 
0 640 
0 640 
0 640 
0 640 
0 640 
0 640 
0 640 
0 640 
0 640 
0 640 
0 640 
0 640 
0 640 
0 640 
0 640 
0 640 
0 640 
0 640 
0 640 
0 640 
0 640 
0 640 
0 640 
0 640 
0 640 
0 640 
0 640 
0 640 
0 640 
0 640 
0 640 
0 640 
0 640 
0 640 
0 640 
0 640 
0 640 
0 640 
0 640 
0 640 
0 640 
0 640 
0 640 
0 640 
0 640 
0 640 
0 640 
0 640 
0 640 
0 640 
0 640 
0 640 
0 640 
0 640 
0 640 
0 640 
0 640 
0 640 
0 640 
0 640 
0 640 
0 640 
0 640 
0 640 
0 640 
0 640 
0 640 
0 640 
0 640 
0 640 
0 640 
0 640 
0 640 
0 640 
0 640 
0 640 
0 640 
0 640 
0 640 
0 640 
0 640 
0 640 
0 640 
0 640 
0 640 
0 640 
0 640 
0 640 
0 640 
0 640 
0 640 
0 640 
0 640 
0 640 
0 640 
0 640 
0 640 
0 640 
0 640 
0 640 
0 640 
0 640 
0 640 
0 640 
0 640 
0 640 
0 640 
0 640 
0 640 
0 640 
0 640 
0 640 
0 640 
0 640 
0 640 
0 640 
0 640 
0 640 
0 640 
0 640 
0 640 
0 640 
0 640 
0 640 
0 640 
0 640 
0 640 
0 640 
0 640 
0 640 
0 640 
0 640 
0 640 
0 640 
0 640 
0 640 
0 640 
0 640 
0 640 
0 640 
0 640 
0 640 
0 640 
0 640 
0 640 
0 640 
0 640 
0 640 
0 640 
0 640 
0 640 
0 640 
0 640 
0 640 
0 640 
0 640 
0 640 
0 640 
0 640 
0 640 
0 640 
0 640 
0 640 
0 640 
0 640 
0 640 
0 640 
0 640 
0 640 
0 640 
0 640 
0 640 
0 640 
0 640 
0 640 
0 640 
0 640 
0 640 
0 640 
0 640 
0 640 
0 640 
0 640 
0 640 
0 640 
0 640 
0 640 
0 640 
0 640 
0 640 
0 640 
0 640 
0 640 
0 640 
0 640 
0 640 
0 640 
0 640 
0 640 
0 640 
0 640 
