0 219 
0 231 
0 248 
0 264 
0 273 
0 284 
0 293 
0 298 
0 303 
0 305 
0 307 
0 308 
0 307 
0 304 
0 301 
0 295 
14 296 
19 295 
24 296 
26 295 
28 293 
30 296 
33 298 
40 297 
48 296 
58 300 
61 300 
72 299 
78 80 81 301 
88 301 
104 298 
113 300 
117 301 
138 302 
141 303 
162 306 
175 306 
187 303 
207 305 
227 307 
253 308 
275 308 
288 291 304 306 



























































































































































































































250 257 
249 259 
248 260 
246 262 
246 265 
246 266 
246 267 
247 268 
247 270 
248 271 
248 273 
249 274 
249 275 
250 276 
250 278 
251 279 
252 280 
252 281 
253 282 
254 283 
255 284 
255 285 
256 286 
257 288 638 640 
257 289 638 640 
258 290 638 640 
259 291 637 640 
260 292 637 640 
261 293 636 640 
262 294 635 640 
262 295 635 640 
263 296 635 640 
264 297 634 640 
265 298 634 640 
266 299 633 640 
267 300 633 640 
268 301 632 640 
268 302 632 640 
269 304 631 640 
270 305 631 640 
271 306 630 640 
272 307 630 640 
273 309 630 640 
274 310 630 640 
275 311 629 640 
277 312 629 640 
278 314 629 640 
279 315 629 640 
281 317 628 640 
282 318 628 640 
283 320 394 397 628 640 
284 320 391 401 628 640 
285 322 390 402 627 640 
287 324 388 403 627 640 
288 325 387 403 627 640 
289 326 386 404 627 640 
290 327 385 405 627 640 
292 329 385 406 627 640 
293 331 384 407 627 640 
294 332 384 408 627 640 
296 333 383 410 627 640 
297 334 383 410 627 640 
298 335 382 411 627 640 
299 337 382 413 628 640 
300 338 381 414 628 640 
301 340 381 415 628 640 
302 341 381 416 628 640 
303 342 380 416 628 640 
304 343 380 417 629 640 
305 345 380 417 629 640 
306 346 380 417 629 640 
306 348 380 417 629 640 
307 349 379 417 630 640 
308 350 379 417 630 640 
309 351 378 416 630 640 
310 353 378 416 631 640 
311 354 378 416 631 640 
312 355 378 415 631 640 
313 356 378 415 632 640 
313 358 378 415 632 640 
314 359 377 415 633 640 
315 360 377 414 633 640 
315 361 376 414 633 640 
316 363 376 414 634 640 
313 314 317 364 376 413 634 640 
312 365 376 413 635 640 
305 367 375 413 635 640 
303 368 375 412 636 640 
293 369 375 412 637 640 
288 371 375 412 637 640 
285 372 375 412 638 640 
282 373 374 411 638 640 
279 411 638 640 
276 411 639 640 
275 410 
273 410 
273 410 
272 410 
271 410 
270 410 
270 410 
270 410 
270 410 
270 409 
270 409 
270 409 
269 409 
269 409 
268 409 
268 409 
268 409 
268 409 
268 408 
268 408 
268 408 
268 408 
269 408 
269 408 
268 408 
268 408 
268 408 
269 409 
269 409 
269 410 
269 411 
269 412 
269 413 
269 413 
269 414 
270 415 
270 416 
270 417 
270 418 
270 418 
271 419 
272 420 
273 421 
273 421 
274 422 
275 423 
275 424 
276 424 
276 425 
275 426 
275 426 
275 427 
275 428 
275 428 
275 429 
275 430 
275 431 
274 431 
274 432 
274 433 
274 433 
274 434 
274 435 
274 435 
274 436 
274 437 
275 437 
276 438 
276 439 
277 439 
278 440 
279 441 
280 441 
281 442 
282 442 
283 443 
283 443 
284 444 
285 444 
286 445 
286 445 
288 446 
289 446 
290 447 
291 447 
293 448 
294 448 
296 323 325 449 
297 321 326 449 
299 320 327 450 
300 318 328 450 
302 310 311 317 329 450 
304 307 330 451 
331 451 
333 452 
334 452 
335 453 
337 453 
338 453 
340 454 
341 454 
343 455 
344 455 
346 456 
348 456 
350 456 
352 457 
354 457 
356 458 
358 458 
361 458 
363 459 
365 459 
368 460 
370 460 
372 460 
373 461 
374 461 
374 462 
374 462 
375 462 
375 463 
375 463 
375 464 
