384 541 
384 541 
383 543 
382 544 
381 544 
380 545 
379 545 
379 545 
378 545 
377 546 
376 547 
375 382 383 547 
374 381 383 548 
373 377 382 548 
381 548 
381 549 
380 549 
379 550 
378 550 
377 550 
377 551 
376 551 
375 379 381 551 
374 378 380 552 
374 377 380 552 
373 375 379 552 
373 374 379 552 
379 553 
378 553 
378 553 
378 553 
378 553 
378 553 
378 553 
378 554 
377 554 
377 554 
377 554 
377 554 
377 381 382 554 
377 380 382 554 
377 379 382 555 
377 379 382 555 
377 379 381 555 
381 555 
381 555 
380 555 
380 382 383 555 
383 556 
383 556 
383 556 
383 556 
383 556 
383 385 386 557 
383 385 386 557 
387 557 
387 557 
387 557 
387 557 
388 557 
389 557 
390 557 
390 557 
389 557 
388 557 
387 557 
385 557 
382 557 
378 557 
376 557 
375 556 
374 556 
374 556 
374 556 
374 556 
374 555 
375 555 
375 555 
376 555 
376 555 
377 554 
378 554 
378 554 
379 553 
379 553 
379 553 
379 552 
379 552 
378 552 
378 552 
377 551 
377 551 
376 550 
376 550 
377 550 
377 549 
377 549 
378 549 
379 548 
380 548 
379 548 
379 547 
378 547 
378 546 
378 546 
378 545 
379 545 
379 545 
380 544 
380 544 
380 543 
380 543 
380 543 
380 543 
380 542 
380 542 
380 542 
380 541 
380 541 
380 541 
380 540 
381 540 
381 540 
381 540 
381 539 
382 539 
383 540 
384 540 
383 388 391 540 
383 386 397 540 
400 540 
400 541 
399 541 
399 541 
398 542 
398 408 409 542 
397 407 409 542 
396 405 409 543 
396 404 409 543 
395 398 400 402 409 543 
395 397 409 544 
409 544 
409 545 
408 545 
408 545 
411 546 
411 547 
411 547 
411 548 
411 549 
411 549 
410 550 
410 550 
410 551 
410 551 
410 552 
410 553 
409 553 
408 554 
406 554 
405 555 
404 556 
403 553 554 557 
402 553 
402 553 
402 553 
402 554 
402 554 
403 554 
403 554 
402 555 
400 555 
399 555 
398 542 543 555 
397 542 545 556 
396 543 546 556 
395 543 547 556 
394 544 548 556 
393 544 550 557 
392 544 551 557 
391 545 553 557 
390 546 553 558 
389 546 554 559 
388 547 555 559 
387 548 556 558 
385 549 
384 550 
383 496 497 550 
382 496 497 551 
380 496 498 550 
379 497 499 550 
377 497 500 551 
376 497 500 528 529 540 542 551 
375 498 501 528 535 540 544 552 
373 498 501 529 536 541 546 551 
372 498 502 529 536 541 548 551 
371 493 494 498 502 511 514 529 537 542 548 551 
370 493 495 497 503 511 515 529 538 542 549 551 
369 494 503 511 518 530 538 543 551 552 
369 494 504 511 519 530 539 543 
368 494 504 511 520 530 540 543 
367 495 505 507 520 529 540 544 
366 495 505 508 521 529 541 544 
365 496 506 508 522 529 543 545 
364 496 506 507 523 529 
363 496 525 529 
362 497 526 530 
362 497 527 530 
361 497 527 530 
360 497 528 530 
359 497 
358 497 
358 498 
357 498 
356 498 
355 498 
354 498 
353 499 
352 499 
352 499 
351 499 
350 500 
349 500 
348 500 
348 500 
347 498 
347 498 
346 349 350 498 
346 349 350 498 
346 347 350 354 355 499 
350 353 357 499 
350 353 357 499 
350 353 356 499 
350 352 356 499 
350 351 355 500 
355 500 
355 500 
354 500 
353 500 
353 501 
352 501 
352 501 
352 502 
351 502 
351 502 
350 502 
350 502 
349 502 
349 503 
348 503 
348 503 
347 503 
347 503 
346 503 
346 504 
345 504 
345 504 
345 504 
344 490 491 504 
344 504 
343 503 
343 503 
342 491 494 503 
342 491 494 503 
342 490 494 503 
341 490 494 502 
341 490 494 500 
341 489 494 499 
340 489 493 498 
340 488 493 498 
340 487 494 498 
339 487 495 498 
339 486 496 498 
339 485 496 497 
339 484 
338 483 
338 482 
338 481 
338 479 
338 478 
338 477 
237 240 338 475 
235 242 338 474 
235 243 338 474 
234 244 338 473 
213 222 228 245 338 473 
210 245 338 473 
207 245 338 472 
205 246 338 472 
203 246 338 472 
202 246 338 472 
200 246 338 473 
199 246 338 473 
198 247 338 473 
197 246 338 473 
196 246 339 473 
195 246 339 473 
194 247 339 473 
194 247 339 473 
193 248 340 473 
193 249 340 474 
192 249 340 474 
192 250 340 474 
191 250 340 474 
191 251 341 474 
190 251 341 475 
190 252 341 475 
190 252 341 476 
189 253 342 476 
189 253 342 477 
188 253 342 477 
188 254 342 478 
187 254 343 478 
187 254 343 479 
187 255 343 467 472 479 
186 255 343 466 476 478 
186 255 344 466 
186 255 344 465 
186 255 344 465 
185 254 345 465 
185 253 345 465 
185 252 254 255 345 465 
185 252 345 464 
185 252 346 464 
185 251 346 464 
185 250 346 464 
184 249 346 464 
184 248 347 463 
184 244 347 463 
184 240 347 463 
183 241 347 463 
183 242 348 463 
183 243 348 462 
183 243 348 462 
183 244 348 462 
183 243 348 462 
182 242 349 462 
182 240 349 462 
182 239 349 462 
182 239 349 462 
182 238 349 462 
182 237 349 462 
182 237 349 462 
182 237 350 462 
181 236 350 462 
181 236 350 462 
181 236 350 462 
181 236 350 462 
181 235 350 462 
181 235 350 462 
181 235 350 462 
180 235 350 462 
180 236 350 462 
180 237 350 462 
180 238 350 462 
180 238 350 462 
179 239 351 462 
179 240 351 462 
179 241 351 463 
178 241 351 463 
178 241 351 463 
177 241 351 463 
177 241 351 463 
177 241 351 463 
177 239 351 463 
176 239 351 464 
176 239 351 464 
176 239 351 464 
176 240 351 464 
175 240 351 464 
175 241 351 464 
175 241 351 464 
174 242 349 464 
174 242 346 464 
174 243 344 464 
173 243 340 464 
173 243 338 464 
173 244 334 464 
172 244 332 464 
172 244 329 465 
172 244 325 465 
171 245 322 465 
171 245 319 465 
171 245 316 466 
171 245 314 466 
170 246 310 467 
170 247 306 467 
170 251 302 468 
169 259 299 468 
169 266 295 469 
169 274 288 469 
169 470 
168 470 
168 471 
168 471 
167 472 
167 472 
167 472 
167 473 
167 473 
166 473 
166 473 
166 474 
166 474 
166 474 
165 474 
165 474 
165 474 
165 474 
165 474 
164 475 
164 475 
164 475 
164 475 
163 475 
163 474 
163 475 
163 475 
163 476 
163 477 
163 477 
164 478 
164 478 
164 479 
164 480 
164 480 
164 481 
164 482 
164 482 
165 483 
165 484 
165 484 
165 485 
165 485 
165 486 
165 487 
165 487 
165 488 
165 489 
165 489 
165 490 
165 490 
165 491 
165 492 
165 492 
165 198 200 493 
165 197 200 494 
165 197 199 494 
165 197 198 495 
165 496 
166 496 
166 330 332 342 345 497 
166 319 348 497 
166 301 348 498 
167 290 347 499 
167 285 347 500 
167 281 347 500 
167 278 347 501 
168 274 347 501 
168 272 346 502 
168 272 346 502 
169 272 346 503 
169 185 186 272 346 504 
170 185 186 272 346 504 
170 185 187 273 346 505 
171 185 187 273 345 505 
171 185 188 273 345 506 
171 185 188 273 345 507 
172 185 189 273 345 507 
172 185 189 273 345 508 
172 185 189 274 345 508 
173 185 190 274 344 509 
173 185 190 274 344 510 
174 185 190 274 344 510 
174 185 191 274 343 511 
174 185 191 275 343 511 
175 185 190 275 343 512 
175 185 190 275 343 513 
176 185 190 275 343 513 
176 186 190 275 343 514 
