0 214 368 640 
0 215 369 640 
0 216 373 640 
0 218 376 640 
0 220 378 640 
0 221 381 640 
0 221 383 640 
0 221 385 640 
0 220 387 640 
0 220 389 640 
0 220 391 640 
0 220 393 640 
0 220 394 640 
0 219 394 640 
0 219 395 640 
0 219 396 640 
0 218 396 640 
0 218 397 640 
0 218 400 640 
0 218 406 640 
0 217 411 640 
0 217 415 640 
0 217 419 640 
0 217 425 640 
0 216 430 640 
0 216 434 640 
0 215 439 640 
0 215 444 640 
0 215 448 640 
0 215 454 640 
0 214 459 640 
0 214 463 640 
0 214 468 640 
0 214 474 640 
0 213 478 640 
0 213 483 640 
0 213 487 640 
0 212 492 640 
0 212 498 640 
0 212 503 640 
0 211 508 640 
0 211 512 640 
0 211 393 395 517 640 
0 210 391 398 522 640 
0 210 366 367 390 400 528 640 
0 210 364 371 387 406 533 640 
0 210 364 413 537 640 
0 209 363 416 542 640 
0 209 362 422 548 640 
0 209 362 423 425 426 553 640 
0 209 361 430 558 640 
0 208 361 435 562 640 
0 208 361 440 567 640 
0 208 360 444 573 640 
0 207 360 446 578 640 
0 207 360 451 583 640 
0 207 359 458 587 640 
0 207 359 463 593 640 
0 206 358 465 599 640 
0 206 358 468 604 640 
0 206 358 476 609 640 
0 205 357 480 613 640 
0 205 357 485 619 640 
0 205 357 488 625 640 
0 205 356 494 630 640 
0 204 356 497 636 640 
0 204 355 504 638 640 
0 204 355 508 
0 204 355 513 
0 203 355 515 516 519 
0 203 354 522 
0 203 354 529 
0 203 353 531 
0 203 353 535 
0 202 352 542 
0 202 352 547 
0 202 352 551 
0 201 351 555 
0 201 351 559 560 563 
0 201 351 562 
0 201 350 570 
0 200 350 576 
0 200 350 578 
0 200 349 584 
0 200 349 590 
0 199 349 591 
0 199 348 598 
0 199 348 605 
0 199 348 607 608 610 
0 199 347 611 
0 198 347 617 
0 198 347 623 
0 198 346 628 
0 198 346 632 
0 197 346 637 
0 197 345 640 
0 197 345 640 
0 197 344 640 
0 197 344 640 
0 196 344 640 
0 196 343 640 
0 196 343 640 
0 195 343 640 
0 195 342 640 
0 195 342 640 
0 195 342 640 
0 195 341 640 
0 194 341 640 
0 194 341 640 
0 194 340 640 
0 194 340 640 
0 194 340 640 
0 194 339 640 
0 194 339 640 
0 193 339 640 
0 193 338 640 
0 193 338 640 
0 193 338 640 
0 193 337 640 
0 193 337 640 
0 192 337 640 
0 192 337 640 
0 192 336 640 
0 192 336 640 
0 191 336 640 
0 191 335 640 
0 191 335 640 
0 191 335 640 
0 190 335 640 
0 190 334 640 
0 190 334 640 
0 190 333 640 
0 190 333 640 
0 190 333 640 
0 190 332 640 
0 189 332 640 
0 189 332 640 
0 189 332 640 
0 189 331 640 
0 189 331 640 
0 189 331 640 
0 189 330 640 
0 188 330 640 
0 188 330 640 
0 188 330 640 
0 188 329 640 
0 188 329 640 
0 188 328 640 
0 188 328 640 
0 187 328 640 
0 187 328 640 
0 187 328 640 
0 187 327 640 
0 187 327 640 
0 187 327 640 
0 187 327 640 
0 186 326 640 
0 186 326 640 
0 186 326 640 
0 186 326 640 
0 186 325 640 
0 186 325 640 
0 186 325 640 
0 185 324 640 
0 185 324 640 
0 185 324 640 
0 185 323 640 
0 185 323 640 
0 185 323 640 
0 185 323 640 
0 185 322 640 
0 185 322 640 
0 185 322 640 
0 185 322 640 
0 184 322 640 
0 184 321 640 
0 184 321 640 
0 184 321 640 
0 184 321 640 
0 184 320 640 
0 184 320 640 
0 184 320 640 
0 184 320 640 
0 184 320 640 
0 184 320 640 
0 183 319 640 
0 183 319 640 
0 183 319 640 
0 183 319 640 
0 183 318 640 
0 183 318 640 
0 183 318 640 
0 183 318 640 
0 183 318 640 
0 183 318 640 
0 183 318 640 
0 183 317 640 
0 183 317 640 
0 183 317 640 
0 183 317 640 
0 182 317 640 
0 182 317 640 
0 182 316 640 
0 182 316 640 
0 182 316 640 
0 182 316 640 
0 182 316 640 
0 182 316 640 
0 182 316 640 
0 182 315 640 
0 182 315 640 
0 182 315 640 
0 182 315 640 
0 182 315 640 
0 182 315 640 
0 182 315 640 
0 182 315 640 
0 182 315 640 
0 182 315 640 
0 182 315 640 
0 182 315 640 
0 182 314 640 
0 182 314 640 
0 182 314 640 
0 182 314 640 
0 182 314 640 
0 182 314 640 
0 182 314 640 
0 182 314 640 
0 182 314 640 
0 182 314 640 
0 182 313 640 
0 182 313 640 
0 182 313 640 
0 182 313 640 
0 182 313 640 
0 182 313 640 
0 182 313 640 
0 182 313 640 
0 182 313 640 
0 182 313 640 
0 182 313 640 
0 182 313 640 
0 182 313 640 
0 182 312 640 
0 182 312 640 
0 182 312 640 
0 182 312 640 
0 182 312 640 
0 182 312 640 
0 182 312 640 
0 182 312 640 
0 182 312 640 
0 182 312 640 
0 182 312 640 
0 182 312 640 
0 182 312 640 
0 182 312 640 
0 182 312 640 
0 182 312 640 
0 182 312 640 
0 182 312 640 
0 182 312 640 
0 182 311 640 
0 182 311 640 
0 182 311 640 
0 182 311 640 
0 182 311 640 
0 182 311 640 
0 182 311 640 
0 182 311 640 
0 182 311 640 
0 182 311 640 
0 182 311 640 
0 183 311 640 
0 183 311 640 
0 183 311 640 
0 183 311 640 
0 183 311 640 
0 183 311 640 
0 183 311 640 
0 183 311 640 
0 183 311 640 
0 183 311 640 
0 183 311 640 
0 183 311 640 
0 183 311 640 
0 183 311 640 
0 183 311 640 
0 183 311 640 
0 184 311 640 
0 184 311 640 
0 184 311 640 
0 184 311 640 
0 184 311 640 
0 184 311 640 
0 184 311 640 
0 184 311 640 
0 184 311 640 
0 184 311 640 
0 184 311 640 
0 184 311 640 
0 184 311 640 
0 184 311 640 
0 185 311 640 
0 185 311 640 
0 185 311 640 
0 185 311 640 
0 185 311 640 
0 185 311 640 
0 185 311 640 
0 185 311 640 
0 185 311 640 
0 185 311 640 
0 186 311 640 
0 186 311 640 
0 186 311 640 
0 186 311 640 
0 186 311 640 
0 186 311 640 
0 186 311 640 
0 186 311 640 
0 187 311 640 
0 187 311 640 
0 187 311 640 
0 187 311 640 
0 187 311 640 
0 187 311 640 
0 187 311 640 
0 187 311 640 
0 187 311 640 
0 188 311 640 
0 188 311 640 
0 188 311 640 
0 188 311 640 
0 188 311 640 
0 188 311 640 
0 188 311 640 
0 188 311 640 
0 189 311 640 
0 189 311 640 
0 189 312 640 
0 189 312 640 
0 189 312 640 
0 189 312 640 
0 190 312 640 
0 190 312 640 
0 190 312 640 
0 190 312 640 
0 190 312 640 
0 190 312 640 
0 190 312 640 
0 191 312 640 
0 191 312 640 
0 191 312 640 
0 191 312 640 
0 191 312 640 
0 192 312 640 
0 192 313 640 
0 192 313 640 
0 192 313 640 
0 192 313 640 
0 192 313 640 
0 192 313 640 
0 193 313 640 
0 193 313 640 
0 193 313 640 
0 193 313 640 
0 193 313 640 
0 193 313 640 
0 194 314 640 
0 194 314 640 
0 194 314 640 
0 194 314 640 
0 194 314 640 
0 194 314 640 
0 195 315 640 
0 195 315 640 
0 195 315 640 
0 195 315 640 
0 195 315 640 
0 196 315 640 
0 196 315 640 
0 196 315 640 
0 197 315 640 
0 197 315 640 
0 197 316 640 
0 197 316 640 
0 197 316 640 
0 198 316 640 
0 198 316 640 
0 198 316 640 
0 198 317 640 
0 198 317 640 
0 199 317 640 
0 199 317 640 
0 199 317 640 
0 199 317 640 
0 199 317 640 
0 200 318 640 
0 200 318 640 
0 200 318 640 
0 200 318 640 
0 201 318 640 
0 201 318 640 
0 201 318 640 
0 201 319 640 
0 201 319 640 
0 202 319 640 
0 202 319 640 
0 202 320 640 
0 203 320 640 
0 203 320 640 
0 203 320 640 
0 203 321 640 
0 204 321 640 
0 204 321 640 
0 204 321 640 
0 204 322 640 
0 205 322 640 
0 205 322 640 
0 205 322 640 
0 206 323 640 
0 206 323 640 
0 206 323 640 
0 207 323 640 
0 207 324 640 
0 207 324 640 
0 207 324 640 
0 208 324 640 
0 208 325 640 
0 208 325 640 
0 209 325 640 
0 209 325 640 
0 209 326 640 
0 209 326 640 
0 210 326 640 
0 210 327 640 
0 210 327 640 
0 211 327 640 
0 211 327 640 
0 211 327 640 
0 212 328 640 
0 212 328 640 
0 212 329 640 
0 213 329 640 
0 213 330 640 
0 213 330 640 
0 214 330 640 
0 214 331 640 
0 214 331 640 
0 215 331 640 
0 215 332 640 
0 215 332 640 
0 216 332 640 
0 216 333 640 
0 217 333 640 
0 217 333 640 
0 217 334 640 
0 218 334 640 
0 218 335 640 
0 219 335 640 
0 219 335 640 
0 219 336 640 
0 220 336 640 
0 220 336 640 
0 220 337 640 
0 221 337 640 
0 221 337 640 
0 222 338 640 
0 222 338 640 
0 222 338 640 
0 223 339 640 
0 223 339 640 
0 223 340 640 
0 224 340 640 
0 225 340 640 
0 225 341 640 
0 225 341 640 
0 225 342 640 
