0 640 
0 640 
0 640 
0 640 
0 640 
0 640 
0 640 
0 640 
0 640 
0 640 
0 640 
0 640 
0 640 
0 640 
0 640 
0 640 
0 640 
0 640 
0 640 
0 640 
0 640 
0 640 
0 640 
0 640 
0 640 
0 640 
0 640 
0 640 
0 640 
0 640 
0 640 
0 640 
0 640 
0 640 
0 640 
0 640 
0 640 
0 640 
0 640 
0 640 
0 640 
0 640 
0 640 
0 640 
0 640 
0 640 
0 640 
0 640 
0 640 
0 640 
0 640 
0 640 
0 640 
0 640 
0 640 
0 640 
0 640 
0 640 
0 640 
0 640 
0 640 
0 640 
0 640 
0 640 
0 640 
0 640 
0 640 
0 640 
0 640 
0 640 
0 640 
0 640 
0 640 
0 640 
0 640 
0 640 
0 640 
0 640 
0 640 
0 640 
0 640 
0 640 
0 640 
0 640 
0 640 
0 640 
0 640 
0 640 
0 640 
0 640 
0 640 
0 640 
0 640 
0 640 
0 640 
0 640 
0 640 
0 640 
0 640 
0 640 
0 640 
0 640 
0 640 
0 640 
0 640 
0 640 
0 640 
0 640 
0 640 
0 640 
0 640 
0 640 
0 640 
0 640 
0 640 
0 640 
0 640 
0 640 
0 640 
0 640 
0 640 
0 640 
0 640 
0 640 
0 640 
0 640 
0 640 
0 640 
0 640 
0 640 
0 640 
0 640 
0 640 
0 640 
0 640 
0 640 
0 640 
0 640 
0 640 
0 640 
0 640 
0 640 
0 640 
0 640 
0 640 
0 640 
0 640 
0 640 
0 640 
0 640 
0 640 
0 640 
0 640 
0 640 
0 640 
0 640 
0 640 
0 640 
0 640 
0 640 
0 640 
0 640 
0 640 
0 640 
0 640 
0 640 
0 640 
0 640 
0 640 
0 366 379 640 
0 355 380 640 
0 351 380 640 
0 346 380 640 
0 343 380 640 
0 338 381 640 
0 335 381 640 
0 333 381 640 
0 331 381 640 
0 329 381 640 
0 328 382 640 
0 327 382 640 
0 326 383 640 
0 325 383 640 
0 324 383 640 
0 323 384 640 
0 322 384 640 
0 321 384 640 
0 320 384 640 
0 319 384 640 
0 318 384 640 
0 317 384 640 
0 316 384 640 
0 315 384 640 
0 315 384 640 
0 314 385 640 
0 313 384 640 
0 313 384 640 
0 312 384 640 
0 311 385 640 
0 311 385 640 
0 310 384 640 
0 309 384 640 
0 309 384 640 
0 308 384 640 
0 307 384 640 
0 307 384 640 
0 307 384 640 
0 306 385 640 
0 305 384 640 
0 305 384 640 
0 304 384 640 
0 304 384 640 
0 303 384 640 
0 303 384 640 
0 303 384 640 
0 302 384 640 
0 301 385 640 
0 301 385 640 
0 300 385 640 
0 300 385 640 
0 299 385 640 
0 299 385 640 
0 298 385 640 
0 298 385 640 
0 297 385 640 
0 297 385 640 
0 296 385 640 
0 295 385 640 
0 295 385 640 
0 295 385 640 
0 294 385 640 
0 294 385 640 
0 293 385 640 
0 293 385 640 
0 292 385 640 
0 292 385 640 
0 291 385 640 
0 291 385 640 
0 290 385 640 
0 290 385 640 
0 289 385 640 
0 289 385 640 
0 288 385 640 
0 287 385 640 
0 287 384 640 
0 286 384 640 
0 286 384 640 
0 285 384 640 
0 285 384 640 
0 285 382 640 
0 284 384 640 
0 284 375 640 
0 283 370 640 
0 283 367 640 
0 282 361 362 365 640 
0 282 358 360 361 640 
0 281 355 640 
0 281 352 640 
0 281 350 640 
0 280 345 640 
0 280 342 640 
0 279 340 640 
0 279 337 640 
0 278 335 640 
0 278 332 640 
0 277 329 640 
0 277 327 640 
0 276 325 640 
0 276 323 640 
0 275 321 640 
0 275 320 640 
0 274 318 640 
0 274 317 640 
0 274 315 640 
0 273 314 640 
0 272 313 640 
0 272 311 640 
0 272 310 640 
0 271 309 640 
0 271 307 640 
0 270 306 640 
0 270 305 640 
0 270 304 640 
0 270 302 640 
0 269 301 640 
0 269 300 640 
0 268 298 640 
0 268 297 640 
0 268 296 640 
0 267 294 640 
0 267 293 640 
0 266 292 640 
0 266 290 640 
0 266 289 640 
0 266 288 640 
0 266 287 640 
0 266 285 640 
0 265 283 640 
0 265 281 640 
0 265 279 640 
0 265 277 640 
0 265 275 640 
0 264 274 640 
0 264 272 640 
0 264 269 640 
0 265 266 640 
0 640 
0 640 
0 640 
0 640 
0 640 
0 640 
0 640 
0 640 
0 640 
0 640 
0 640 
0 640 
0 640 
0 640 
0 640 
0 640 
0 640 
0 640 
0 640 
0 640 
0 640 
0 640 
0 640 
0 640 
0 640 
0 640 
0 640 
0 640 
0 640 
0 640 
0 640 
0 640 
0 640 
0 640 
0 640 
0 640 
0 640 
0 640 
0 640 
0 640 
0 640 
0 640 
0 640 
0 640 
0 640 
0 640 
0 640 
0 640 
0 640 
0 640 
0 640 
0 640 
0 640 
0 640 
0 640 
0 640 
0 640 
0 640 
0 640 
0 640 
0 640 
0 640 
0 640 
0 640 
0 640 
0 640 
0 640 
0 640 
0 640 
0 640 
0 640 
0 640 
0 640 
0 640 
0 640 
0 640 
0 640 
0 640 
0 640 
0 640 
0 640 
0 640 
0 640 
0 640 
0 640 
0 640 
0 640 
0 640 
0 640 
0 640 
0 640 
0 640 
0 640 
0 640 
0 640 
0 640 
0 640 
0 640 
0 640 
0 640 
0 640 
0 640 
0 640 
0 640 
0 640 
0 640 
0 640 
0 640 
0 640 
0 640 
0 640 
0 640 
0 640 
0 640 
0 640 
0 640 
0 640 
0 640 
0 640 
0 640 
0 640 
0 640 
0 640 
0 640 
0 640 
0 640 
0 640 
0 640 
0 640 
0 640 
0 640 
0 640 
0 640 
0 640 
0 640 
0 640 
0 640 
0 640 
0 640 
0 640 
0 640 
0 640 
0 640 
0 640 
0 640 
0 640 
0 640 
0 640 
0 640 
0 640 
0 640 
0 640 
0 640 
0 640 
0 640 
0 640 
0 640 
0 640 
0 640 
0 640 
0 640 
0 640 
0 640 
0 640 
0 640 
0 640 
0 640 
0 640 
0 640 
0 640 
0 640 
0 640 
0 640 
0 640 
