0 640 
0 640 
0 640 
0 640 
0 640 
0 640 
0 640 
0 640 
0 640 
0 640 
0 640 
0 640 
0 640 
0 640 
0 640 
0 640 
0 640 
0 640 
0 640 
0 640 
0 640 
0 640 
0 640 
0 640 
0 640 
0 640 
0 640 
0 640 
0 640 
0 640 
0 640 
0 298 300 640 
0 297 301 640 
0 296 301 640 
0 295 302 640 
0 295 303 640 
0 294 303 640 
0 294 303 640 
0 293 304 640 
0 293 304 640 
0 293 305 640 
0 293 305 640 
0 292 305 640 
0 292 306 640 
0 292 306 640 
0 292 307 640 
0 291 307 640 
0 291 307 640 
0 290 308 640 
0 290 309 640 
0 290 309 640 
0 290 310 640 
0 289 310 640 
0 289 310 640 
0 289 311 640 
0 289 311 640 
0 288 312 640 
0 288 312 640 
0 288 313 640 
0 288 313 640 
0 288 313 640 
0 287 313 640 
0 287 314 640 
0 287 315 640 
0 287 315 640 
0 286 315 451 452 640 
0 240 284 286 316 451 452 640 
0 239 316 450 452 640 
0 239 316 318 328 449 452 640 
0 240 336 449 452 640 
0 240 342 448 451 640 
0 241 345 447 451 640 
0 242 350 447 451 640 
0 243 356 446 451 640 
0 245 361 446 451 640 
0 246 366 445 450 640 
0 247 370 445 450 640 
0 249 375 444 450 640 
0 250 380 443 450 640 
0 252 384 443 450 640 
0 253 389 442 449 640 
0 254 394 441 449 640 
0 256 397 441 449 640 
0 257 401 440 449 640 
0 259 404 440 449 640 
0 261 408 439 449 640 
0 262 411 438 449 640 
0 264 413 438 449 640 
0 266 415 437 449 640 
0 268 417 437 448 640 
0 270 419 436 448 640 
0 271 420 435 448 640 
0 271 420 435 448 640 
0 269 421 434 448 640 
0 267 422 433 448 640 
0 266 422 432 448 640 
0 265 423 431 448 640 
0 263 423 430 448 640 
0 262 423 428 448 640 
0 260 424 427 448 640 
0 259 449 640 
0 258 450 640 
0 257 451 640 
0 255 452 640 
0 254 453 640 
0 253 456 640 
0 252 458 640 
0 250 459 640 
0 249 460 640 
0 248 460 640 
0 247 461 640 
0 246 462 640 
0 245 462 640 
0 244 462 640 
0 243 462 640 
0 241 462 640 
0 240 462 640 
0 238 462 640 
0 237 462 640 
0 236 462 640 
0 235 462 640 
0 235 462 640 
0 234 462 640 
0 233 462 640 
0 232 260 262 462 640 
0 231 254 265 462 640 
0 231 248 268 462 640 
0 231 243 271 462 640 
0 232 237 274 464 640 
0 278 467 640 
0 281 470 640 
0 284 473 640 
0 285 475 640 
0 285 477 640 
0 285 479 640 
0 284 480 640 
0 284 479 640 
0 284 479 640 
0 284 479 640 
0 281 478 640 
0 280 477 640 
0 279 476 640 
0 279 474 640 
0 278 472 640 
0 278 471 640 
0 277 468 640 
0 277 466 640 
0 276 465 640 
0 276 462 640 
0 276 461 640 
0 276 459 640 
0 275 456 640 
0 275 454 640 
0 275 454 640 
0 275 456 640 
0 275 458 640 
0 275 459 640 
0 275 460 640 
0 275 461 640 
0 274 461 640 
0 274 463 640 
0 274 464 640 
0 274 464 640 
0 274 422 428 464 640 
0 274 422 433 463 640 
0 275 422 437 462 640 
0 275 422 442 463 640 
0 275 422 450 451 453 454 456 458 459 461 640 
0 275 422 640 
0 275 422 640 
0 275 422 640 
0 276 422 640 
0 276 422 640 
0 276 422 640 
0 275 422 640 
0 275 422 640 
0 275 422 640 
0 274 422 640 
0 274 422 640 
0 274 422 640 
0 274 421 640 
0 274 421 640 
0 274 421 640 
0 274 421 640 
0 273 421 640 
0 273 420 640 
0 273 420 640 
0 273 420 640 
0 273 420 640 
0 273 419 640 
0 273 419 640 
0 273 419 640 
0 272 418 640 
0 272 418 640 
0 272 418 640 
0 272 417 640 
0 272 417 640 
0 272 416 640 
0 272 416 640 
0 272 415 640 
0 272 415 640 
0 272 414 640 
0 271 414 640 
0 271 413 640 
0 271 413 640 
0 271 413 640 
0 271 413 640 
0 271 413 640 
0 271 413 640 
0 271 413 640 
0 271 413 640 
0 271 413 640 
0 271 413 640 
0 271 413 640 
0 271 413 640 
0 270 413 640 
0 270 413 640 
0 270 413 640 
0 270 413 640 
0 270 413 640 
0 270 413 640 
0 270 413 640 
0 270 413 640 
0 270 413 640 
0 270 413 640 
0 270 413 640 
0 270 413 640 
0 270 413 640 
0 270 413 640 
0 270 413 640 
0 270 413 640 
0 270 413 640 
0 270 414 640 
0 270 414 640 
0 270 414 640 
0 270 414 640 
0 270 414 640 
0 270 414 640 
0 270 414 640 
0 270 414 640 
0 270 414 640 
0 270 414 640 
0 270 414 640 
0 270 414 640 
0 270 414 640 
0 270 414 640 
0 270 414 640 
0 270 414 640 
0 270 414 640 
0 270 414 640 
0 270 414 640 
0 270 414 640 
0 270 414 640 
0 270 414 640 
0 270 415 640 
0 270 415 640 
0 270 415 640 
0 270 415 640 
0 270 415 640 
0 270 415 640 
0 270 415 640 
0 270 415 640 
0 270 415 640 
0 270 415 640 
0 270 415 640 
0 270 415 640 
0 270 415 640 
0 270 415 640 
0 270 415 640 
0 262 415 640 
0 254 415 640 
0 249 415 640 
0 243 415 640 
0 235 415 640 
0 223 415 640 
0 219 415 640 
0 216 415 640 
0 212 416 640 
0 210 416 640 
0 208 416 640 
0 207 416 640 
0 205 416 640 
0 204 416 640 
0 202 417 640 
0 201 417 640 
0 200 418 640 
0 200 419 640 
0 199 420 640 
0 199 421 640 
0 198 421 640 
0 197 422 640 
0 197 423 640 
0 196 423 640 
0 196 424 640 
0 195 425 640 
0 194 425 640 
0 194 426 640 
0 194 426 640 
0 194 427 640 
0 193 427 640 
0 193 428 640 
0 192 428 640 
0 192 429 640 
0 192 429 640 
0 190 429 640 
0 188 430 640 
0 186 430 640 
0 184 431 640 
0 180 431 640 
0 179 431 640 
0 177 432 640 
0 176 432 640 
0 175 433 640 
0 174 433 640 
0 173 433 640 
0 172 434 640 
0 172 434 640 
0 171 435 640 
0 170 435 640 
0 169 435 640 
0 167 436 640 
0 166 436 640 
0 164 437 640 
0 162 437 640 
0 160 437 640 
0 159 438 640 
0 156 438 640 
0 154 438 640 
0 151 439 640 
0 149 439 640 
0 147 439 640 
0 144 440 640 
0 143 440 640 
0 139 440 640 
0 138 440 640 
0 136 440 640 
0 135 441 640 
0 134 441 640 
0 133 441 640 
0 132 441 640 
0 131 441 640 
0 130 441 640 
0 130 441 640 
0 130 441 640 
0 129 441 640 
0 129 441 640 
0 129 441 640 
0 129 263 264 441 640 
0 129 262 265 441 640 
0 129 260 265 441 640 
0 130 258 265 441 640 
0 130 255 265 440 640 
0 130 253 266 440 640 
0 130 250 266 440 640 
0 130 248 266 439 640 
0 130 244 266 439 640 
0 131 240 266 438 640 
0 131 236 267 438 640 
0 131 234 267 437 640 
0 131 233 267 436 640 
0 132 230 267 436 640 
0 132 228 267 435 640 
0 132 227 267 434 640 
0 133 225 268 433 640 
0 133 223 268 432 640 
0 133 221 268 431 640 
0 133 219 268 430 640 
0 134 217 268 430 640 
0 134 215 268 430 640 
0 135 213 269 430 640 
0 136 211 269 430 640 
0 136 209 269 430 640 
0 137 208 269 430 640 
0 137 205 269 430 640 
0 138 204 269 430 640 
0 138 200 269 430 640 
0 139 198 269 431 640 
0 140 197 269 431 640 
0 142 194 269 431 640 
0 143 193 269 431 640 
0 144 190 270 431 640 
0 144 188 270 431 640 
0 145 186 270 430 640 
0 146 184 270 430 640 
0 147 182 270 430 640 
0 148 179 270 430 640 
0 149 177 270 429 640 
0 150 175 270 428 640 
0 150 173 270 428 640 
0 151 158 162 170 270 427 640 
0 270 427 640 
0 270 427 640 
0 270 427 640 
0 271 427 640 
0 271 427 640 
0 271 427 640 
0 271 427 640 
0 271 427 640 
0 271 427 640 
0 271 427 640 
0 271 427 640 
0 272 427 640 
0 272 427 640 
0 272 427 640 
0 272 427 640 
0 272 427 640 
0 272 427 640 
0 272 427 640 
0 272 427 640 
0 273 427 640 
0 273 427 640 
0 273 427 640 
0 273 427 640 
0 273 427 640 
0 273 427 640 
0 273 427 640 
0 274 427 640 
0 274 427 640 
0 274 428 640 
0 274 428 640 
0 274 428 640 
0 274 428 640 
0 275 429 640 
0 275 429 640 
0 275 429 640 
0 275 430 640 
0 275 430 640 
0 276 430 640 
0 276 431 640 
0 276 433 640 
0 276 441 640 
0 277 445 640 
0 277 449 640 
0 277 450 640 
0 277 451 640 
0 277 450 640 
0 277 450 640 
0 277 450 640 
0 277 450 640 
0 277 450 640 
0 277 450 640 
0 277 450 640 
0 277 449 640 
0 277 449 640 
0 277 449 640 
0 277 449 640 
0 277 448 640 
0 277 448 640 
0 277 448 640 
0 277 447 640 
0 277 447 640 
0 277 447 640 
0 277 446 640 
0 277 446 640 
0 277 445 640 
0 277 445 640 
0 277 444 640 
0 277 444 640 
0 277 443 640 
0 276 443 640 
0 268 442 640 
0 260 441 640 
0 252 441 640 
0 247 440 640 
0 243 440 640 
0 239 439 640 
0 236 438 640 
0 233 438 640 
0 230 438 640 
0 228 438 640 
0 225 438 640 
0 224 438 640 
0 222 438 640 
0 219 438 640 
0 218 438 640 
0 216 439 640 
0 214 439 640 
0 213 439 640 
0 211 439 640 
0 210 439 640 
