0 640 
0 640 
0 640 
0 640 
0 640 
0 640 
0 640 
0 640 
0 640 
0 640 
0 640 
0 640 
0 640 
0 640 
0 640 
0 640 
0 640 
0 640 
0 640 
0 640 
0 640 
0 640 
0 640 
0 640 
0 640 
0 640 
0 640 
0 640 
0 640 
0 640 
0 640 
0 640 
0 640 
0 640 
0 640 
0 640 
0 640 
0 640 
0 640 
0 640 
0 640 
0 640 
0 640 
0 640 
0 640 
0 640 
0 640 
0 640 
0 640 
0 640 
0 640 
0 640 
0 640 
0 640 
0 640 
0 640 
0 640 
0 640 
0 640 
0 640 
0 640 
0 640 
0 640 
0 640 
0 640 
0 640 
0 640 
0 640 
0 640 
0 640 
0 640 
0 640 
0 640 
0 640 
0 640 
0 640 
0 640 
0 640 
0 640 
0 640 
0 640 
0 640 
0 640 
0 640 
0 640 
0 640 
0 640 
0 640 
0 640 
0 640 
0 640 
0 640 
0 640 
0 640 
0 640 
0 640 
0 640 
0 640 
0 640 
0 640 
0 640 
0 640 
0 412 422 640 
0 411 425 640 
0 409 426 640 
0 408 427 640 
0 407 428 640 
0 406 428 640 
0 406 429 640 
0 405 429 640 
0 404 430 640 
0 404 430 640 
0 403 430 640 
0 403 431 640 
0 402 431 640 
0 402 431 640 
0 401 430 640 
0 400 429 640 
0 400 429 640 
0 399 429 640 
0 399 430 640 
0 399 430 640 
0 398 430 640 
0 398 430 640 
0 396 431 640 
0 381 382 394 431 640 
0 381 384 392 431 640 
0 382 386 391 432 640 
0 384 432 640 
0 385 432 640 
0 387 433 640 
0 387 433 640 
0 387 435 640 
0 385 438 640 
0 383 443 640 
0 381 448 640 
0 378 451 640 
0 376 456 640 
0 375 460 640 
0 374 461 640 
0 373 462 640 
0 373 462 640 
0 374 384 387 388 391 461 640 
0 374 382 392 460 640 
0 374 380 392 459 640 
0 393 458 640 
0 393 457 640 
0 393 454 640 
0 395 448 452 453 640 
0 395 446 640 
0 395 446 640 
0 396 447 640 
0 396 448 640 
0 396 449 640 
0 396 451 640 
0 396 451 640 
0 397 449 640 
0 397 449 640 
0 397 450 640 
0 397 451 640 
0 397 452 640 
0 397 452 640 
0 397 398 399 446 447 453 640 
0 397 446 450 454 640 
0 397 446 452 455 640 
0 397 446 454 455 640 
0 397 446 640 
0 397 446 640 
0 396 445 640 
0 395 436 438 441 443 444 640 
0 395 436 438 441 640 
0 394 436 438 439 640 
0 394 436 640 
0 394 436 640 
0 393 436 640 
0 393 436 640 
0 393 436 640 
0 393 436 640 
0 393 436 463 464 640 
0 393 436 459 465 640 
0 393 436 455 465 640 
0 394 436 453 465 640 
0 394 436 450 465 640 
0 395 436 448 465 640 
0 395 436 445 464 640 
0 395 436 443 464 640 
0 396 436 442 464 640 
0 396 435 440 463 640 
0 396 434 438 463 640 
0 396 434 437 463 640 
0 397 434 435 463 640 
0 397 462 640 
0 397 462 640 
0 397 461 640 
0 397 461 640 
0 398 460 640 
0 399 459 640 
0 401 459 640 
0 403 458 640 
0 403 458 640 
0 404 481 640 
0 404 485 492 494 640 
0 404 489 492 498 640 
0 404 489 493 497 640 
0 405 490 493 495 640 
0 405 494 640 
0 405 494 640 
0 406 495 640 
0 406 497 640 
0 406 498 640 
0 405 500 640 
0 404 502 640 
0 404 505 640 
0 404 505 640 
0 403 504 640 
0 403 504 640 
0 403 504 640 
0 403 506 640 
0 403 509 640 
0 403 514 640 
0 402 506 508 517 640 
0 402 517 640 
0 402 510 640 
0 401 510 640 
0 399 510 640 
0 397 511 640 
0 394 512 640 
0 393 514 640 
0 391 512 514 518 640 
0 389 513 515 518 640 
0 388 513 515 519 640 
0 386 509 515 519 640 
0 385 509 516 517 519 520 640 
0 384 509 640 
0 383 509 640 
0 383 511 640 
0 382 511 640 
0 381 509 640 
0 380 394 395 509 511 512 640 
0 377 513 640 
0 370 514 640 
0 369 510 513 515 640 
0 368 510 515 516 640 
0 368 512 640 
0 368 510 511 513 640 
0 368 514 640 
0 369 509 510 515 640 
0 369 509 513 515 640 
0 370 510 640 
0 370 511 640 
0 372 512 640 
0 375 513 640 
0 375 513 640 
0 375 512 640 
0 375 378 382 512 640 
0 374 378 382 513 640 
0 374 378 382 424 429 515 640 
0 374 378 382 423 430 518 640 
0 375 378 382 423 432 502 503 505 508 518 640 
0 376 377 382 422 433 502 504 506 510 517 522 523 640 
0 383 422 436 506 513 518 523 525 640 
0 384 422 436 507 516 518 640 
0 386 393 396 422 437 500 502 505 506 507 640 
0 387 390 399 421 437 504 640 
0 388 390 403 421 437 492 494 506 640 
0 388 390 406 421 438 488 489 493 496 497 499 511 640 
0 389 391 406 420 438 489 490 494 500 504 508 515 640 
0 389 391 406 420 438 456 459 467 468 495 501 503 513 517 640 
0 389 391 405 420 438 456 461 468 470 497 502 504 640 
0 390 392 405 420 439 456 462 469 471 483 484 500 503 504 640 
0 390 392 405 419 439 457 464 482 486 493 494 502 640 
0 390 392 406 419 439 457 465 482 487 493 497 502 640 
0 390 393 406 419 439 456 467 469 470 482 489 493 499 502 640 
0 391 393 406 418 439 456 469 479 480 482 490 494 501 503 640 
0 391 393 406 418 439 456 470 481 492 495 502 504 640 
0 392 393 407 418 439 456 474 481 493 495 640 
0 392 393 407 418 439 456 475 481 494 496 640 
0 408 417 440 456 476 482 495 496 640 
0 65 67 408 417 440 456 477 482 495 496 640 
0 65 68 409 417 440 456 477 482 496 497 640 
0 65 68 410 416 440 455 477 481 640 
0 64 68 412 415 441 455 477 480 640 
0 63 70 441 454 478 480 640 
0 62 71 442 453 478 480 640 
0 62 71 442 452 640 
0 63 68 443 451 640 
0 64 68 640 
0 64 68 640 
0 64 68 640 
0 64 68 640 
0 64 68 640 
0 64 68 640 
0 64 68 640 
0 64 68 640 
0 62 69 640 
0 60 70 640 
0 58 70 640 
0 55 71 640 
0 53 75 640 
0 52 78 640 
0 52 79 640 
0 52 80 640 
0 52 80 640 
0 53 79 640 
0 54 78 640 
0 54 77 640 
0 54 77 640 
0 53 77 640 
0 53 77 640 
0 53 77 640 
0 53 77 640 
0 53 77 640 
0 53 77 640 
0 53 77 640 
0 53 77 640 
0 53 77 640 
0 53 77 640 
0 53 77 640 
0 53 77 640 
0 52 77 640 
0 51 77 640 
0 48 79 640 
0 47 82 640 
0 44 83 640 
0 36 86 640 
0 35 93 640 
0 34 94 640 
0 34 95 640 
0 33 96 640 
0 33 96 250 252 640 
0 32 96 249 253 640 
0 32 97 249 254 640 
0 31 97 248 254 640 
0 31 98 247 255 640 
0 30 98 247 256 640 
0 30 98 118 119 246 256 640 
0 29 99 117 119 245 257 640 
0 29 99 116 120 245 258 640 
0 28 100 115 121 244 258 640 
0 28 100 115 121 243 259 640 
0 27 100 114 122 242 260 640 
0 28 101 113 122 242 260 640 
0 30 101 113 123 241 261 640 
0 30 101 112 124 240 262 640 
0 30 99 111 124 240 262 640 
0 30 99 111 125 239 263 640 
0 30 99 110 125 238 263 640 
0 30 99 110 126 238 263 640 
0 30 99 109 126 238 264 640 
0 30 99 108 127 238 264 640 
0 30 99 108 128 238 264 640 
0 30 99 107 128 238 264 640 
0 30 98 106 129 238 264 640 
0 30 98 106 129 238 264 640 
0 30 98 105 130 238 264 640 
0 30 98 104 131 238 264 640 
0 30 98 104 131 238 264 640 
0 30 98 104 131 238 264 640 
0 30 98 104 131 238 264 640 
0 29 98 104 131 238 264 640 
0 29 98 104 131 238 264 640 
0 29 98 104 131 238 264 640 
0 29 98 104 131 239 264 640 
0 29 98 104 131 239 264 640 
0 29 98 104 131 239 264 640 
0 29 98 104 131 239 264 640 
0 29 98 104 131 239 264 640 
0 29 98 104 131 239 264 640 
0 29 98 104 131 239 264 640 
0 29 98 104 131 239 264 640 
0 29 98 104 131 239 263 640 
0 29 98 104 131 239 263 640 
0 29 98 104 131 239 263 640 
0 29 98 105 131 239 263 640 
0 29 98 105 132 239 263 640 
0 29 98 105 147 239 263 640 
0 29 98 105 166 239 263 640 
0 28 98 105 192 239 263 640 
0 28 98 105 213 239 263 640 
0 28 98 105 220 239 263 640 
0 27 221 239 263 640 
222 239 263 640 
223 239 263 640 
224 239 263 640 
225 239 263 640 
226 239 263 640 
227 239 263 640 
228 239 263 640 
229 239 263 640 
230 239 263 640 
231 239 263 640 
232 239 263 640 
233 239 263 640 
234 239 263 640 
235 239 263 640 
237 239 263 640 
263 640 
263 640 
263 640 
263 640 
263 640 
263 640 
263 640 
263 640 
263 640 
263 640 
263 640 
263 640 
263 640 
263 640 
263 640 
263 640 
263 640 
263 640 
263 640 
263 640 
263 640 
263 640 
263 640 
263 640 
263 640 
263 640 
263 640 
263 640 
263 640 
263 640 
263 640 
262 640 
262 640 
262 640 
262 640 
262 640 
262 640 
262 640 
262 640 
262 640 
262 640 
262 640 
262 640 
262 640 
262 640 
262 640 
262 640 
262 640 
262 640 
262 640 
262 640 
262 640 
262 640 
262 640 
262 640 
262 640 
262 640 
262 640 
262 640 
262 640 
262 640 
262 640 
262 640 
262 640 
262 640 
262 640 
262 640 
262 640 
262 640 
262 640 
262 640 
262 640 
262 640 
262 640 
262 640 
262 640 
262 640 
262 640 
262 640 
262 640 
262 640 
262 640 
262 640 
262 640 
