0 380 387 640 
0 380 387 640 
0 379 387 640 
0 379 387 640 
0 378 387 640 
0 378 387 640 
0 377 387 640 
0 377 387 640 
0 376 387 640 
0 375 387 640 
0 375 387 640 
0 374 387 640 
0 176 177 374 387 640 
0 176 179 373 388 640 
0 176 181 373 388 640 
0 176 182 372 388 640 
0 177 182 372 388 640 
0 178 181 372 388 640 
0 371 389 640 
0 370 389 640 
0 5 7 370 389 640 
0 4 8 370 390 640 
0 4 8 369 390 640 
0 3 7 369 390 640 
0 3 7 368 391 640 
0 4 6 368 391 640 
0 367 392 640 
0 366 392 640 
0 366 393 640 
0 82 84 365 393 640 
0 82 85 365 394 640 
0 83 84 364 394 640 
0 364 395 640 
0 364 395 640 
0 308 323 363 396 640 
0 304 327 363 396 640 
0 302 329 362 397 640 
0 300 332 361 397 502 504 640 
0 297 334 361 398 502 506 640 
0 296 336 360 398 640 
0 294 338 360 399 640 
0 293 340 359 399 640 
0 291 341 359 399 640 
0 290 343 358 399 640 
0 288 344 358 399 640 
0 287 346 357 398 640 
0 286 347 357 398 640 
0 285 348 356 397 640 
0 283 349 356 395 640 
0 282 350 355 393 640 
0 281 351 355 390 640 
0 280 352 354 387 640 
0 278 385 640 
0 277 383 640 
0 277 382 640 
0 275 382 640 
0 274 382 640 
0 274 382 640 
0 273 382 640 
0 272 382 640 
0 272 382 640 
0 271 382 640 
0 270 382 640 
0 270 382 640 
0 269 382 640 
0 269 382 640 
0 268 381 640 
0 268 381 640 
0 268 381 640 
0 267 381 640 
0 267 381 640 
0 266 381 640 
0 266 381 640 
0 265 381 640 
0 265 381 640 
0 264 381 640 
0 264 381 640 
0 264 381 640 
0 263 381 640 
0 263 381 640 
0 262 381 640 
0 262 381 640 
0 262 381 640 
0 261 380 640 
0 261 380 640 
0 261 380 640 
0 260 380 640 
0 260 380 640 
0 260 380 640 
0 259 380 640 
0 259 374 375 380 640 
0 259 374 376 380 640 
0 258 374 376 380 640 
0 258 374 377 380 640 
0 258 374 377 379 640 
0 258 374 640 
0 257 374 640 
0 257 374 640 
0 257 374 640 
0 257 374 640 
0 256 374 640 
0 256 374 640 
0 256 374 640 
0 256 374 640 
0 255 374 640 
0 255 373 640 
0 255 373 640 
0 255 373 640 
0 255 372 640 
0 254 372 640 
0 254 371 640 
0 254 371 640 
0 254 370 640 
0 254 370 640 
0 254 369 640 
0 254 368 640 
0 254 367 640 
0 254 366 640 
0 254 365 640 
0 254 364 640 
0 254 365 640 
0 254 365 640 
0 254 365 640 
0 255 365 640 
0 255 365 640 
0 255 365 640 
0 255 365 640 
0 255 365 640 
0 255 365 640 
0 255 366 640 
0 256 363 365 366 640 
0 256 274 275 363 640 
0 256 274 276 362 640 
0 256 270 271 274 276 352 353 362 640 
0 256 257 258 270 271 274 277 352 354 362 640 
0 258 274 277 280 281 292 293 351 354 361 640 
0 258 271 272 274 278 280 281 291 294 297 298 351 354 361 640 
0 259 271 272 274 278 280 282 291 294 296 298 350 354 361 640 
0 259 263 265 274 279 280 283 291 298 350 354 360 640 
0 259 263 265 274 279 281 283 291 297 350 354 360 640 
0 259 261 265 271 272 274 280 281 284 290 297 340 344 349 354 360 640 
0 259 260 266 272 273 274 281 282 285 290 296 339 344 349 354 356 640 
0 266 268 270 272 281 282 285 290 296 338 344 348 354 356 640 
0 267 269 285 289 295 337 344 348 354 356 510 512 640 
0 267 269 286 289 295 336 345 347 354 356 510 513 640 
0 268 269 286 289 295 333 346 347 354 356 510 513 640 
0 287 289 294 332 354 355 510 512 640 
0 287 288 294 331 511 512 640 
0 293 330 640 
0 291 329 640 
0 288 332 640 
0 286 336 640 
0 283 340 640 
0 279 344 640 
0 277 347 519 520 640 
0 274 348 519 521 640 
0 274 348 519 521 640 
0 275 349 640 
0 276 349 640 
0 276 349 640 
0 277 349 640 
0 276 349 640 
0 274 349 640 
0 273 349 640 
0 271 350 640 
0 270 352 640 
0 268 353 640 
0 267 355 640 
0 266 356 640 
0 264 357 640 
0 263 358 640 
0 262 359 640 
0 261 360 640 
0 260 360 640 
0 260 361 640 
0 258 362 640 
0 257 363 640 
0 256 363 640 
0 254 364 640 
0 253 365 640 
0 252 366 640 
0 251 367 474 475 640 
0 250 369 473 475 640 
0 248 371 473 476 640 
0 248 373 473 476 640 
0 247 374 473 475 593 598 640 
0 246 376 591 601 640 
0 245 377 589 603 640 
0 244 378 587 606 640 
0 243 379 586 608 640 
0 70 71 243 380 585 610 640 
0 68 80 242 381 584 611 640 
0 66 84 241 382 583 612 640 
0 64 85 241 382 582 613 640 
0 62 86 240 383 579 614 640 
0 61 86 239 384 576 614 640 
0 60 87 239 384 575 615 640 
0 60 88 239 385 574 615 640 
0 59 88 238 385 573 615 640 
0 59 89 238 386 571 616 640 
0 59 89 237 386 570 616 640 
0 59 90 237 386 568 616 640 
0 59 92 237 387 567 617 640 
0 59 93 237 387 565 593 595 617 640 
0 59 94 237 387 564 590 595 617 640 
0 59 94 237 387 563 589 596 617 640 
0 58 93 237 388 561 588 596 617 640 
0 58 93 237 388 560 587 596 618 640 
0 57 92 237 388 558 586 597 618 640 
0 58 91 237 388 556 585 597 618 640 
0 58 90 237 388 555 583 597 618 640 
0 58 90 237 388 553 580 597 618 640 
0 58 90 237 388 552 578 598 618 640 
0 58 89 237 388 550 576 598 618 640 
0 58 89 237 387 548 574 598 618 640 
0 58 89 237 387 547 573 598 618 640 
0 58 90 238 387 545 571 599 618 640 
0 58 90 238 387 544 569 599 618 640 
0 57 91 238 387 542 568 599 618 640 
0 57 91 238 386 540 566 600 618 640 
0 56 91 238 386 539 565 600 618 640 
0 56 91 237 386 537 563 600 618 640 
0 56 90 237 386 535 561 601 618 640 
0 55 90 236 386 534 560 601 618 640 
0 55 90 236 386 532 558 601 618 640 
0 55 89 235 390 531 557 602 618 640 
0 56 59 61 89 235 393 529 555 602 617 640 
0 62 89 235 397 528 553 602 617 640 
0 61 90 236 400 526 552 603 617 640 
0 61 90 236 403 524 550 603 617 640 
0 61 91 236 407 522 549 603 617 640 
0 60 91 236 410 521 547 604 617 640 
0 60 91 236 414 519 545 604 617 640 
0 60 91 236 417 518 544 604 617 640 
0 59 92 235 420 516 542 604 617 640 
0 59 92 235 424 514 541 605 616 640 
0 58 92 234 428 513 539 605 616 640 
0 57 93 234 432 511 537 605 616 640 
0 57 93 234 436 509 536 606 616 640 
0 56 93 234 351 353 440 508 534 606 616 640 
0 56 94 233 272 273 351 355 447 506 533 606 616 640 
0 55 94 233 270 273 351 358 453 504 531 607 616 640 
0 55 94 233 269 273 351 359 460 503 529 607 616 640 
0 54 94 232 268 273 351 360 464 501 528 607 615 640 
0 53 95 232 267 273 351 361 466 499 526 607 615 640 
0 53 95 232 267 273 351 362 468 497 524 608 615 640 
0 53 95 232 266 272 351 363 470 496 522 608 615 640 
0 53 95 231 266 272 351 364 471 494 521 608 615 640 
0 52 95 231 265 272 351 365 473 492 519 608 615 640 
0 52 95 231 265 272 351 366 474 491 518 608 615 640 
0 51 59 63 95 230 264 271 351 367 475 489 516 609 615 640 
0 51 59 64 95 230 264 271 351 369 477 487 514 609 615 640 
0 50 59 64 96 230 263 271 351 372 478 485 513 609 615 640 
0 50 59 64 96 230 263 270 351 374 479 484 511 610 614 640 
0 49 59 65 96 230 262 270 351 378 480 482 509 610 614 640 
0 49 59 65 97 229 262 270 351 383 508 610 614 640 
0 48 59 65 97 229 261 269 351 391 506 538 540 611 614 640 
0 47 60 65 98 229 260 269 351 399 505 536 541 640 
0 46 60 64 98 229 260 269 351 408 503 536 542 640 
0 45 99 229 259 268 351 414 501 640 
0 45 100 228 258 268 351 421 500 640 
0 45 101 228 258 268 351 427 498 640 
0 45 103 228 259 267 352 431 495 640 
0 45 103 228 260 267 352 432 494 640 
0 44 104 228 260 266 352 433 493 640 
0 43 104 228 261 266 352 433 491 640 
0 41 105 228 262 265 352 434 447 452 490 640 
0 40 105 228 262 265 352 434 447 456 490 640 
0 38 106 228 263 265 353 434 447 456 491 640 
0 38 107 228 353 435 448 455 491 640 
0 38 109 229 353 435 449 453 492 640 
0 39 110 229 353 436 449 451 492 640 
0 39 111 229 354 436 492 640 
0 39 112 229 354 437 492 640 
0 40 112 230 354 437 491 640 
0 40 113 115 121 230 354 438 491 640 
0 40 123 230 355 437 491 640 
0 41 125 231 355 435 490 640 
0 43 110 111 126 232 355 433 490 640 
0 48 109 111 128 232 355 432 490 640 
0 50 108 111 130 233 355 430 489 640 
0 51 107 111 132 234 356 428 489 640 
0 52 106 111 135 234 356 426 488 640 
0 53 104 110 137 235 356 425 487 640 
0 53 98 110 139 236 356 416 419 423 486 640 
0 53 97 110 142 236 357 414 420 422 457 459 485 640 
0 52 96 111 144 237 357 412 456 460 484 640 
0 52 96 111 147 238 352 356 357 411 456 460 484 640 
0 51 96 112 149 238 350 409 457 461 484 640 
0 51 96 114 152 239 349 371 374 408 457 462 483 640 
0 50 96 116 154 240 348 370 374 406 458 463 483 640 
0 50 55 57 96 121 157 240 348 370 373 404 458 463 482 640 
0 50 55 57 96 124 159 241 348 370 372 403 459 463 482 640 
0 49 54 57 96 126 161 242 348 401 459 464 481 640 
0 48 54 56 96 128 164 242 347 399 443 446 460 464 481 640 
0 48 53 56 96 131 167 243 347 397 441 447 460 465 480 640 
0 47 53 56 96 134 169 244 347 395 440 448 461 466 479 640 
0 47 52 56 96 136 172 245 347 394 438 448 461 468 476 640 
0 46 52 56 96 139 174 246 347 392 436 449 462 469 470 640 
0 46 51 56 96 141 177 246 346 390 434 450 462 640 
0 45 50 56 96 143 180 247 346 388 432 451 463 640 
0 44 50 55 96 145 182 248 346 386 430 451 463 640 
0 44 50 55 97 148 185 248 346 384 429 452 463 640 
0 44 49 55 97 151 188 249 347 383 429 453 463 640 
0 45 48 56 97 153 190 250 348 381 430 455 462 640 
0 56 97 156 193 250 349 379 430 455 461 640 
0 57 97 158 196 237 240 251 349 377 430 457 460 640 
0 57 97 161 198 236 241 252 349 375 428 640 
0 57 97 163 201 235 241 253 349 374 426 640 
0 57 97 165 204 235 241 253 349 372 424 640 
0 57 97 168 207 235 241 254 348 370 422 640 
0 57 97 171 210 234 240 255 349 368 421 640 
0 57 97 174 212 234 240 255 349 366 419 640 
0 56 97 176 215 233 240 256 350 364 417 640 
0 56 97 179 219 233 239 257 351 362 415 640 
0 56 97 181 222 233 239 258 352 360 413 640 
0 56 97 184 225 232 238 258 352 359 412 640 
0 56 97 187 238 259 353 357 409 640 
0 56 97 190 239 260 354 355 407 640 
0 56 96 192 240 260 406 640 
0 55 96 195 243 260 404 640 
0 55 96 198 246 260 401 640 
0 55 96 201 249 259 400 640 
0 55 96 204 252 258 398 640 
0 55 96 206 254 257 396 640 
0 55 96 209 394 640 
0 55 96 212 393 640 
0 55 96 215 390 640 
0 54 97 218 389 640 
0 54 97 220 387 640 
0 54 97 222 385 640 
0 54 97 224 383 640 
0 54 97 225 381 640 
0 53 97 227 380 640 
0 53 97 226 378 640 
0 53 97 226 376 640 
0 52 97 225 374 640 
0 52 97 225 232 235 372 640 
0 52 98 225 231 237 370 640 
0 51 98 224 231 240 368 640 
0 51 98 224 230 243 366 640 
0 50 98 224 230 246 366 640 
0 50 98 223 230 249 366 640 
0 50 99 223 229 250 367 640 
0 49 99 224 229 249 367 640 
0 49 99 224 228 249 367 640 
0 49 99 226 227 249 368 640 
0 48 100 249 368 640 
0 48 100 248 369 640 
0 47 100 248 369 640 
0 47 100 248 370 640 
0 46 101 248 370 640 
0 45 75 79 101 247 370 640 
0 45 74 79 101 247 371 640 
0 44 74 80 102 247 371 640 
0 44 74 80 87 91 102 246 371 640 
0 44 74 80 86 93 102 246 372 640 
0 44 73 79 86 95 103 246 372 640 
0 46 73 79 86 96 103 246 372 640 
0 52 72 79 86 99 102 245 372 640 
0 57 70 79 86 245 373 640 
0 57 67 79 85 245 373 640 
0 57 67 79 85 245 374 640 
0 57 66 79 84 244 375 640 
0 57 66 78 84 244 378 640 
0 57 66 78 85 244 381 640 
0 57 66 78 85 244 384 640 
0 58 66 77 86 243 387 640 
0 58 66 77 87 243 391 640 
0 58 66 78 88 243 394 640 
0 58 66 78 88 243 398 640 
0 57 67 77 89 243 400 640 
0 57 67 77 90 242 403 640 
0 56 67 77 90 242 407 640 
0 53 69 76 95 242 411 640 
0 44 96 242 414 640 
0 38 96 241 416 640 
0 35 95 241 420 640 
0 32 91 240 423 640 
0 23 86 239 427 640 
0 17 82 237 430 640 
0 4 75 235 433 640 
0 2 72 234 436 640 
0 2 68 232 440 640 
0 2 64 229 382 383 444 640 
0 2 56 227 382 386 447 640 
0 2 50 226 382 389 450 640 
0 2 46 224 383 393 454 640 
0 2 43 222 383 396 457 640 
0 2 40 220 384 399 461 640 
0 2 35 218 384 403 464 640 
0 2 30 216 384 406 467 640 
0 2 26 214 385 410 472 640 
0 2 22 212 385 413 475 640 
0 2 17 210 386 417 479 640 
0 2 12 208 386 420 483 640 
0 3 6 206 386 423 487 640 
0 204 387 427 490 640 
0 202 387 430 494 640 
0 200 388 434 497 640 
0 198 388 436 502 640 
0 196 389 440 506 640 
0 194 390 444 510 640 
0 193 390 448 514 640 
0 191 391 451 518 640 
0 189 392 455 522 640 
0 186 392 458 525 640 
0 185 393 462 530 640 
0 183 394 466 534 640 
0 181 394 469 536 640 
0 178 395 474 537 640 
0 176 230 232 396 478 537 640 
0 175 229 232 396 482 536 640 
0 173 227 232 397 486 536 640 
0 170 225 232 397 490 535 640 
0 168 223 231 398 495 534 640 
0 166 221 231 399 501 532 640 
0 164 219 231 399 506 530 640 
0 162 217 230 400 519 523 640 
0 160 216 230 400 640 
0 158 214 230 401 640 
0 156 211 230 401 640 
0 154 209 229 402 640 
0 151 207 229 402 640 
0 150 205 229 403 640 
0 147 203 229 403 640 
0 74 78 146 201 228 404 640 
0 73 80 143 199 228 404 640 
0 70 71 72 83 141 197 228 405 640 
0 70 83 139 196 228 405 640 
0 66 83 136 193 227 406 640 
0 65 83 135 191 227 406 640 
0 64 83 133 188 227 407 640 
0 64 83 130 187 226 407 640 
0 64 82 128 185 226 408 640 
0 64 81 126 182 226 408 640 
0 63 81 124 180 225 409 640 
0 64 80 122 178 225 409 640 
0 64 79 119 176 225 410 640 
0 64 78 117 174 225 410 640 
0 64 79 93 95 115 172 224 411 640 
0 66 72 77 80 91 95 113 170 224 411 640 
0 78 80 89 94 110 167 224 412 640 
0 78 81 88 93 108 166 224 412 640 
0 79 81 87 92 106 164 223 413 640 
0 79 82 86 91 104 161 223 413 640 
0 79 82 86 91 101 159 223 414 640 
0 80 83 85 90 99 156 223 414 640 
0 81 83 84 89 96 154 222 415 640 
0 82 88 94 152 222 416 640 
0 82 86 91 150 222 417 640 
0 83 86 90 148 221 417 640 
0 83 85 87 145 221 418 640 
0 83 142 221 418 640 
0 82 140 220 418 451 453 640 
0 79 138 220 419 450 452 640 
0 77 136 220 419 449 452 640 
0 73 133 220 419 448 451 640 
0 70 130 219 420 448 450 640 
0 68 128 219 420 447 450 640 
0 66 126 219 421 447 448 640 
0 65 123 218 421 640 
0 62 121 218 422 640 
0 60 118 218 422 640 
0 57 115 217 423 640 
0 54 113 217 423 640 
0 51 111 217 423 640 
0 49 108 217 423 640 
0 46 106 216 422 640 
0 44 103 216 422 640 
0 41 101 215 422 640 
0 38 99 215 421 640 
0 35 96 215 421 640 
0 34 94 215 420 640 
0 32 91 214 420 640 
0 31 88 214 420 640 
0 30 86 214 420 640 
0 30 85 214 420 640 
0 30 80 83 85 213 420 640 
0 30 79 84 85 214 420 640 
