0 640 
0 640 
0 640 
0 640 
0 640 
0 640 
0 640 
0 640 
0 640 
0 640 
0 640 
0 640 
0 640 
0 640 
0 640 
0 640 
0 640 
0 640 
0 640 
0 640 
0 640 
0 640 
0 640 
0 640 
0 640 
0 640 
0 640 
0 640 
0 640 
0 640 
0 640 
0 640 
0 640 
0 640 
0 640 
0 640 
0 640 
0 640 
0 640 
0 640 
0 640 
0 640 
0 640 
0 640 
0 640 
0 640 
0 640 
0 640 
0 640 
0 640 
0 640 
0 640 
0 640 
0 640 
0 640 
0 640 
0 640 
0 640 
0 640 
0 640 
0 640 
0 640 
0 640 
0 640 
0 640 
0 640 
0 640 
0 640 
0 640 
0 640 
0 640 
0 640 
0 640 
0 640 
0 640 
0 640 
0 640 
0 640 
0 640 
0 640 
0 640 
0 640 
0 640 
0 640 
0 640 
0 640 
0 640 
0 640 
0 640 
0 640 
0 640 
0 640 
0 640 
0 640 
0 640 
0 640 
0 640 
0 640 
0 640 
0 640 
0 640 
0 640 
0 640 
0 640 
0 640 
0 640 
0 640 
0 640 
0 640 
0 640 
0 640 
0 640 
0 640 
0 640 
0 640 
0 640 
0 640 
0 640 
0 640 
0 640 
0 640 
0 640 
0 640 
0 640 
0 640 
0 640 
0 640 
0 640 
0 640 
0 640 
0 640 
0 640 
0 640 
0 640 
0 640 
0 640 
0 640 
0 640 
0 640 
0 640 
0 640 
0 640 
0 640 
0 640 
0 640 
0 640 
0 640 
0 640 
0 640 
0 640 
0 640 
0 640 
0 640 
0 640 
0 640 
0 640 
0 640 
0 640 
0 640 
0 640 
0 640 
0 640 
0 640 
0 640 
0 640 
0 640 
0 640 
0 640 
0 640 
0 640 
0 640 
0 640 
0 640 
0 640 
0 640 
0 640 
0 640 
0 640 
0 640 
0 640 
0 640 
0 640 
0 640 
0 640 
0 640 
0 640 
0 640 
0 640 
0 640 
0 640 
0 640 
0 640 
0 640 
0 640 
0 640 
0 640 
0 640 
0 640 
0 640 
0 640 
0 640 
0 640 
0 640 
0 640 
0 640 
0 640 
0 640 
0 640 
0 640 
0 640 
0 640 
0 640 
0 640 
0 640 
0 640 
0 640 
0 640 
0 640 
0 640 
0 640 
0 640 
0 640 
0 640 
0 640 
0 640 
0 640 
0 640 
0 640 
0 640 
0 640 
0 640 
0 640 
0 640 
0 640 
0 640 
0 640 
0 640 
0 640 
0 640 
0 640 
0 640 
0 640 
0 640 
0 640 
0 640 
0 640 
0 640 
0 640 
0 640 
0 640 
0 640 
0 640 
0 640 
0 640 
0 640 
0 640 
0 640 
0 640 
0 640 
0 640 
0 640 
0 640 
0 640 
0 640 
0 640 
0 640 
0 640 
0 640 
0 640 
0 640 
0 640 
0 640 
0 640 
0 640 
0 640 
0 640 
0 640 
0 640 
0 640 
0 640 
0 640 
0 640 
0 640 
0 640 
1 640 
2 640 
4 640 
6 640 
9 640 
10 640 
12 640 
14 640 
16 640 
19 640 
21 640 
22 640 
24 640 
24 640 
24 640 
25 640 
25 640 
24 640 
24 640 
24 640 
22 640 
21 640 
21 640 
23 640 
23 640 
24 640 
25 640 
26 640 
26 640 
27 640 
27 640 
28 640 
28 640 
29 640 
29 640 
30 640 
30 640 
31 640 
31 640 
32 640 
30 640 
30 640 
30 640 
31 640 
32 640 
32 640 
33 640 
34 640 
34 640 
35 640 
35 640 
36 640 
36 640 
36 640 
37 640 
37 640 
37 640 
37 640 
38 640 
38 640 
38 640 
38 640 
39 640 
39 640 
39 640 
39 640 
39 640 
37 38 40 640 
37 436 438 456 457 640 
37 431 463 640 
37 424 468 640 
37 420 472 640 
34 35 37 417 476 640 
34 36 37 413 478 640 
34 409 481 640 
34 406 483 640 
35 403 486 640 
35 400 488 640 
33 398 489 640 
30 32 34 395 491 640 
30 33 34 393 492 640 
31 391 494 640 
31 388 495 640 
31 386 497 640 
31 385 498 640 
28 29 32 383 500 640 
28 30 32 380 501 640 
29 30 32 379 502 640 
29 31 33 377 503 640 
29 31 33 375 504 640 
28 32 33 373 505 640 
27 371 506 640 
27 370 507 640 
27 368 508 640 
27 367 509 640 
28 365 510 640 
28 363 511 640 
28 362 512 640 
28 360 513 640 
29 359 514 640 
29 358 515 640 
29 357 515 640 
30 355 516 640 
30 354 517 640 
30 353 518 640 
29 351 519 640 
29 350 520 640 
29 348 520 640 
29 347 521 640 
29 346 522 640 
27 345 522 640 
27 344 523 640 
27 343 524 640 
28 342 524 640 
28 340 525 640 
29 37 42 339 525 640 
43 338 526 640 
43 337 527 640 
44 336 527 640 
44 335 528 640 
44 334 528 640 
44 333 529 640 
44 332 529 640 
44 331 530 640 
44 330 530 640 
44 329 530 640 
44 329 531 640 
44 328 531 640 
44 327 532 640 
43 326 532 640 
42 325 532 640 
42 324 533 640 
42 323 533 640 
41 323 534 640 
41 322 534 640 
41 321 534 640 
42 320 534 640 
42 320 535 640 
42 319 535 640 
43 318 535 640 
44 318 535 640 
44 317 536 640 
45 316 536 640 
45 315 536 640 
46 315 537 640 
46 314 537 640 
47 313 537 640 
48 313 537 640 
48 312 537 640 
48 311 537 640 
49 311 537 640 
50 310 538 640 
50 309 538 640 
50 309 538 640 
50 308 538 640 
50 308 538 640 
50 307 538 640 
50 306 538 640 
50 306 539 640 
50 305 539 640 
50 305 539 640 
49 304 539 640 
49 303 539 640 
48 303 539 640 
48 302 539 640 
48 302 539 640 
48 301 539 640 
48 300 539 640 
48 300 539 640 
48 300 539 640 
48 299 539 640 
48 299 539 640 
49 298 539 640 
49 298 539 640 
49 297 539 640 
49 296 539 640 
49 296 539 640 
50 295 539 640 
50 294 538 640 
50 293 538 640 
50 291 538 640 
50 289 538 640 
52 288 538 640 
53 286 538 640 
53 284 538 640 
53 283 538 640 
53 281 537 640 
54 279 537 640 
54 278 537 640 
53 276 537 640 
53 275 537 640 
52 273 537 640 
52 271 537 640 
52 270 536 640 
52 268 536 640 
52 267 536 640 
