411 640 
410 640 
409 640 
408 640 
407 640 
406 640 
405 640 
404 640 
403 640 
402 640 
401 640 
400 640 
399 640 
398 640 
398 640 
397 640 
396 640 
395 640 
395 640 
394 640 
394 640 
393 640 
393 640 
392 640 
392 640 
391 640 
391 640 
391 640 
390 640 
390 640 
390 640 
389 640 
389 640 
389 640 
388 640 
388 640 
388 640 
388 640 
387 640 
387 640 
387 640 
387 640 
386 640 
386 640 
386 640 
386 640 
386 640 
386 640 
386 640 
386 640 
385 640 
385 640 
385 640 
385 640 
385 640 
385 640 
385 640 
385 640 
385 640 
385 640 
385 640 
385 640 
385 640 
385 640 
385 640 
385 640 
385 640 
385 640 
385 640 
385 640 
385 640 
385 640 
385 640 
385 640 
385 640 
385 640 
385 640 
385 640 
385 640 
385 640 
385 640 
386 640 
386 640 
386 640 
386 640 
387 605 606 640 
387 604 612 640 
387 605 617 640 
387 605 619 623 624 640 
387 606 625 640 
386 606 626 640 
385 606 628 640 
384 606 632 634 635 640 
383 607 636 640 
382 607 
381 607 
380 608 
379 609 
378 610 
377 610 
376 611 
375 613 
373 614 
372 615 
371 617 
370 618 
368 619 
367 620 
366 620 
365 620 
363 619 
362 618 
361 618 
360 618 
358 617 
357 616 
356 616 
351 616 
346 615 
343 615 
341 614 
340 614 
339 613 
339 613 
339 612 
340 612 
340 611 
341 610 
342 610 
343 610 
345 609 
347 609 
347 608 
347 608 
347 607 
347 607 
347 607 
347 607 
347 607 
347 607 
348 357 359 607 
349 354 361 606 
351 352 363 606 
364 606 
366 606 
367 605 
369 605 
371 605 
372 605 
374 605 
375 605 
377 605 
379 606 
380 606 
382 606 
385 390 392 393 395 606 
386 388 390 391 396 606 
385 388 396 606 
385 387 397 606 
385 387 397 606 
397 606 
397 606 
397 606 
397 606 
396 606 
396 607 
396 607 
396 403 404 607 
396 402 405 608 
396 398 405 608 
404 609 
404 610 
403 610 
403 610 
402 611 
402 612 
401 612 
400 613 
400 614 
399 615 
398 616 
397 617 
397 618 
396 619 
395 621 
393 621 
392 618 
390 613 
389 607 
388 606 
387 395 403 606 
388 389 403 606 
402 607 
402 607 
402 607 
402 608 
401 608 
401 609 
400 609 
400 609 
399 610 
399 610 
398 611 
398 611 
397 611 
397 400 401 403 405 612 
405 613 
405 613 
405 613 
405 589 590 614 
404 581 583 585 592 611 613 615 
404 577 578 581 593 606 
404 576 595 598 
404 576 
403 575 
403 574 
403 574 
402 434 435 573 
402 415 417 434 436 573 
402 415 417 431 436 439 440 443 446 448 449 453 454 456 460 572 
401 414 416 431 437 439 441 442 450 452 461 571 
401 411 412 414 416 430 437 439 461 571 
401 407 408 410 412 413 416 430 461 465 466 467 468 570 
400 403 405 406 416 426 428 430 462 465 468 565 567 569 
400 402 416 419 423 426 428 429 462 465 469 544 545 548 549 565 567 569 
399 402 416 418 424 425 463 465 470 544 551 560 561 563 
399 401 416 418 419 420 470 542 551 553 555 557 
416 418 470 541 551 553 
470 541 550 551 
469 542 550 552 
262 274 469 543 
262 275 468 544 
261 275 468 545 
260 275 467 547 
260 276 466 548 
259 276 464 550 
258 276 460 550 
257 276 456 552 
256 276 451 554 
256 276 446 554 
255 276 441 557 
254 277 436 558 
253 278 432 560 
253 279 429 563 
252 281 426 565 
251 283 423 569 
251 285 420 573 
250 287 418 576 
249 289 416 579 
249 291 414 582 
248 293 412 586 
247 295 411 588 
247 297 409 592 
246 298 408 594 
245 300 407 597 
245 301 406 599 
244 303 405 602 
243 304 404 604 
242 305 403 606 
242 307 402 608 
241 308 401 610 
240 309 400 612 
239 311 399 614 
239 312 398 615 
238 313 397 617 
237 314 396 619 
236 315 394 620 
236 316 393 621 
235 317 391 622 
234 318 390 623 
233 319 389 624 
233 320 387 625 
232 321 386 626 
231 322 385 627 
230 323 383 627 
230 324 382 628 
229 325 381 629 
228 325 379 629 
227 326 378 630 
226 327 377 630 
226 328 376 631 
225 329 374 631 
224 330 373 632 
223 331 372 632 
222 332 371 632 
221 333 370 633 
220 334 369 634 
219 335 368 634 
218 336 367 635 
218 337 366 635 
216 338 365 636 
215 339 364 636 
214 340 363 637 
214 341 362 637 
213 342 361 638 
212 344 361 638 
211 345 360 639 
210 346 360 640 
209 347 359 640 
208 349 359 640 
207 350 358 640 
205 351 358 640 
205 353 358 640 
203 354 358 640 
202 356 357 640 
201 640 
200 640 
199 640 
198 640 
197 640 
196 640 
195 640 
193 640 
192 640 
191 640 
190 640 
189 640 
187 640 
186 640 
185 640 
184 640 
182 640 
181 640 
180 640 
179 640 
177 640 
176 640 
175 640 
173 640 
172 640 
171 640 
170 640 
169 640 
167 640 
166 640 
165 640 
163 245 247 640 
162 245 248 640 
160 244 249 640 
159 243 249 640 
158 243 250 640 
156 242 250 640 
155 242 251 640 
154 241 251 640 
152 240 252 640 
151 240 252 640 
150 239 253 640 
149 239 253 640 
148 238 254 640 
147 238 254 640 
145 237 255 640 
144 237 255 640 
143 236 255 640 
142 235 255 640 
142 175 189 235 255 640 
142 166 192 234 255 640 
142 160 194 234 255 640 
196 234 256 640 
198 233 256 640 
200 232 256 640 
202 232 256 640 
204 231 257 640 
205 231 257 640 
207 230 257 640 
209 230 258 636 
212 229 259 635 
214 228 259 632 
216 227 260 632 
260 631 
260 631 
261 632 
261 633 
262 634 
262 635 
263 637 
263 638 
264 639 
265 640 
265 639 
266 639 
267 639 
268 639 
269 638 
271 639 
274 640 
280 640 
292 639 
301 636 
302 627 
304 625 
305 625 
306 625 
307 625 
308 625 
308 625 
309 626 
310 625 
311 625 
311 624 
312 623 
313 622 
313 620 
314 620 
315 619 
315 619 
316 619 
316 619 
317 619 
317 619 
318 619 
319 619 
319 619 
320 619 
320 619 
321 619 
322 619 
322 618 
323 618 
324 618 
324 618 
325 618 
326 618 
326 618 
327 618 
328 618 
329 618 
330 618 
330 617 
331 617 
333 617 
334 617 
335 617 
336 617 
338 617 
340 617 
342 617 
345 617 
349 617 
356 617 
362 617 
364 617 
364 617 
365 617 
366 617 
367 617 
368 617 
369 617 
371 617 
373 617 
374 617 
377 617 
380 617 
383 618 
388 618 
395 619 
406 619 
406 619 
406 619 
406 619 
406 619 
406 619 
406 619 
406 619 
406 619 
405 619 
405 618 
405 618 
405 618 
405 617 
405 617 
404 616 
404 616 
404 616 
404 616 
404 615 
403 615 
403 614 
403 614 
403 613 
402 613 
