0 640 
0 640 
0 640 
0 640 
0 640 
0 640 
0 640 
0 640 
0 640 
0 640 
0 640 
0 640 
0 640 
0 640 
0 193 195 640 
0 193 195 640 
0 193 196 640 
0 193 197 640 
0 194 198 640 
0 194 199 640 
0 194 199 640 
0 194 200 640 
0 194 201 640 
0 194 202 640 
0 194 202 640 
0 194 203 640 
0 194 204 640 
0 194 205 640 
0 194 206 640 
0 194 207 640 
0 194 207 640 
0 194 208 640 
0 194 209 640 
0 194 209 640 
0 195 210 640 
0 195 211 640 
0 195 211 640 
0 195 212 640 
0 195 213 640 
0 195 214 640 
0 195 214 640 
0 195 215 640 
0 195 216 640 
0 195 217 640 
0 196 217 640 
0 188 193 196 218 640 
0 179 180 183 194 195 219 640 
0 174 219 640 
0 170 220 640 
0 162 221 640 
0 154 222 640 
0 150 222 640 
0 146 223 640 
0 140 224 640 
0 136 225 640 
0 133 226 640 
0 131 227 640 
0 128 229 640 
0 125 230 640 
0 123 231 640 
0 121 233 640 
0 120 234 640 
0 117 235 640 
0 115 236 640 
0 114 237 640 
0 112 238 640 
0 111 239 640 
0 109 240 640 
0 107 240 640 
0 105 241 640 
0 104 242 640 
0 103 243 640 
0 101 244 640 
0 100 244 640 
0 98 245 640 
0 97 246 640 
0 95 246 640 
0 94 247 640 
0 93 248 640 
0 91 248 640 
0 90 249 640 
0 88 250 640 
0 87 250 640 
0 85 251 640 
0 84 251 640 
0 82 252 640 
0 81 252 640 
0 80 253 640 
0 78 253 640 
0 78 253 640 
0 77 254 640 
0 75 255 640 
0 74 255 640 
0 72 256 640 
0 71 256 640 
0 70 256 640 
0 70 256 640 
0 69 257 640 
0 68 257 640 
0 67 257 640 
0 67 258 640 
0 66 258 640 
0 65 258 640 
0 64 258 640 
0 63 259 640 
0 63 259 640 
0 62 260 640 
0 62 260 640 
0 61 261 640 
0 60 261 640 
0 60 262 640 
0 59 262 640 
0 59 263 640 
0 59 264 640 
0 58 265 640 
0 58 265 640 
0 58 266 640 
0 57 267 640 
0 57 269 640 
0 57 272 640 
0 57 274 640 
0 56 277 640 
0 56 281 304 305 640 
0 56 287 300 307 640 
0 55 296 297 308 640 
0 55 309 316 317 640 
0 55 313 315 317 640 
0 55 317 640 
0 55 317 640 
0 54 317 640 
0 54 316 640 
0 54 316 640 
0 54 316 640 
0 54 315 640 
0 54 315 640 
0 54 315 640 
0 54 314 640 
0 54 314 640 
0 54 314 640 
0 54 313 640 
0 54 313 640 
0 54 313 640 
0 54 312 640 
0 54 312 640 
0 54 312 640 
0 54 311 640 
0 54 291 302 311 640 
0 54 290 303 310 640 
0 54 289 306 307 640 
0 54 288 640 
0 54 287 640 
0 55 287 640 
0 55 288 640 
0 55 288 640 
0 55 289 640 
0 55 290 640 
0 55 290 640 
0 56 291 640 
0 56 291 640 
0 56 291 640 
0 57 291 640 
0 57 292 640 
0 57 292 640 
0 57 292 640 
0 57 292 640 
0 58 292 640 
0 58 293 640 
0 58 293 640 
0 58 294 640 
0 58 294 640 
0 59 295 640 
0 59 292 640 
0 59 291 640 
0 60 291 640 
0 60 291 640 
0 61 291 640 
0 61 291 640 
0 62 291 640 
0 62 291 640 
0 62 282 283 291 640 
0 63 282 283 290 640 
0 63 290 640 
0 64 290 640 
0 64 290 640 
0 65 290 640 
0 65 288 640 
0 66 287 640 
0 67 287 640 
0 67 287 640 
0 68 283 284 286 640 
0 69 282 284 286 640 
0 70 282 284 285 640 
0 70 282 640 
0 71 282 640 
0 72 282 640 
0 73 282 640 
0 74 282 640 
0 75 282 640 
0 76 272 275 282 640 
0 77 272 275 277 279 281 640 
0 77 271 275 277 280 281 640 
0 77 270 275 277 640 
0 77 269 640 
0 77 269 640 
0 77 268 382 390 640 
0 77 268 379 392 640 
0 77 266 377 394 640 
0 77 265 377 397 640 
0 77 264 377 398 400 402 640 
0 76 263 378 401 640 
0 76 263 378 399 640 
0 75 263 378 395 640 
0 75 263 377 391 640 
0 75 263 375 388 640 
0 74 262 373 385 640 
0 74 263 374 382 640 
0 73 263 640 
0 73 263 640 
0 73 263 640 
0 73 263 640 
0 72 263 640 
0 71 263 640 
0 71 263 640 
0 70 263 640 
0 70 264 640 
0 29 34 70 264 640 
0 28 33 69 264 640 
0 27 33 69 264 640 
0 27 32 69 264 640 
0 26 30 69 264 640 
0 69 265 640 
0 69 265 640 
0 69 266 640 
0 68 267 640 
0 67 266 640 
0 66 265 640 
0 65 265 640 
0 65 263 640 
0 66 263 640 
0 67 76 78 264 640 
0 70 75 78 264 640 
0 78 265 640 
0 78 265 640 
0 78 265 640 
0 78 266 640 
0 77 266 640 
0 77 266 640 
0 77 260 262 267 640 
0 77 259 262 267 640 
0 77 259 263 267 640 
0 77 258 264 268 640 
0 76 258 265 268 640 
0 76 257 266 269 640 
0 75 257 267 270 640 
0 75 257 268 270 640 
0 75 256 640 
0 75 256 640 
0 75 255 640 
0 74 255 640 
0 74 255 640 
0 74 254 640 
0 74 254 640 
0 74 254 640 
0 74 253 640 
0 73 252 640 
0 73 252 640 
0 73 252 640 
0 73 251 640 
0 73 250 640 
0 73 250 640 
0 73 249 640 
0 72 249 640 
0 72 248 640 
0 72 247 640 
0 72 247 640 
0 72 246 640 
0 72 213 215 245 640 
0 72 212 223 242 640 
0 71 213 237 238 640 
0 71 213 640 
0 71 213 640 
0 70 213 640 
0 70 213 640 
0 70 213 640 
0 70 213 640 
0 70 213 640 
0 70 213 640 
0 69 213 640 
0 69 213 640 
0 69 214 640 
0 69 214 640 
0 69 215 640 
0 69 217 640 
0 69 221 640 
0 69 224 640 
0 68 227 640 
0 68 229 640 
0 68 232 640 
0 68 237 640 
0 68 241 640 
0 68 244 640 
0 68 246 640 
0 67 251 640 
0 67 255 640 
0 67 259 640 
0 67 262 640 
0 67 265 640 
0 67 269 640 
0 67 274 640 
0 66 282 640 
0 66 285 640 
0 66 287 640 
0 66 288 640 
0 66 289 640 
0 66 291 640 
0 65 292 640 
0 65 293 640 
0 65 294 640 
0 65 295 640 
0 65 295 640 
0 65 296 640 
0 65 297 640 
0 64 297 640 
0 64 298 640 
0 63 297 640 
0 63 296 640 
0 64 296 640 
0 64 295 640 
0 64 295 640 
0 64 295 640 
0 64 295 640 
0 64 294 640 
0 63 294 640 
0 63 294 640 
0 63 294 640 
0 62 294 640 
0 62 294 640 
0 61 294 640 
0 61 294 640 
0 60 295 640 
0 60 296 640 
0 59 296 640 
0 57 297 640 
0 56 297 640 
0 55 297 640 
0 54 298 640 
0 52 298 640 
0 50 299 640 
0 49 299 640 
0 48 300 640 
0 48 300 640 
0 48 301 640 
0 48 301 640 
0 48 301 640 
0 48 301 640 
0 49 302 640 
0 49 302 640 
0 49 302 640 
0 50 302 640 
0 50 302 640 
0 51 303 640 
0 52 303 640 
0 52 303 640 
0 53 304 640 
0 54 304 640 
0 55 305 640 
0 56 305 640 
0 57 305 640 
0 59 305 640 
0 60 306 640 
0 62 306 640 
0 66 306 640 
0 66 306 640 
0 65 306 640 
0 65 307 640 
0 64 307 640 
0 61 307 640 
0 58 307 640 
0 57 307 640 
0 57 307 640 
0 57 308 312 318 640 
0 57 319 640 
0 57 320 640 
0 57 320 640 
0 57 320 640 
0 57 320 640 
0 57 319 640 
0 57 318 640 
0 57 318 640 
0 57 318 640 
0 57 317 640 
0 54 55 56 317 640 
0 55 316 640 
0 55 315 640 
0 56 315 640 
0 56 315 640 
0 57 315 640 
0 57 315 640 
0 58 314 640 
0 58 314 640 
0 58 314 640 
0 58 313 640 
0 58 313 640 
0 58 313 640 
0 58 313 640 
0 58 312 640 
0 58 312 640 
0 58 312 640 
0 58 312 640 
0 58 312 640 
0 57 312 402 404 640 
0 57 312 401 408 436 437 640 
0 57 312 400 414 435 444 640 
0 57 312 366 375 399 421 434 449 640 
0 57 312 365 385 399 426 433 453 469 472 640 
0 56 313 364 394 399 456 467 475 640 
0 56 314 364 396 397 459 466 477 640 
0 55 314 364 463 465 480 640 
0 55 315 332 343 364 483 640 
0 54 316 330 486 640 
0 53 317 329 488 498 501 640 
0 52 318 330 490 496 502 640 
0 50 319 330 492 495 505 640 
0 48 320 331 507 640 
0 47 322 331 509 640 
0 46 511 640 
0 46 513 640 
0 47 515 640 
0 47 517 640 
0 48 518 523 527 640 
0 48 520 522 528 640 
0 48 530 640 
0 48 531 640 
0 47 532 640 
0 46 534 640 
0 46 536 640 
0 45 537 640 
0 45 538 640 
0 45 540 640 
0 46 541 640 
0 46 547 640 
0 47 549 640 
0 47 550 640 
0 48 551 640 
0 48 552 640 
0 49 553 640 
0 50 554 640 
0 50 554 640 
0 52 555 640 
0 52 557 640 
0 52 558 640 
0 53 559 640 
0 52 561 640 
0 52 563 640 
0 52 565 640 
0 51 566 640 
0 51 566 640 
0 50 567 640 
0 50 568 640 
0 50 569 640 
0 49 569 640 
0 49 570 640 
0 49 571 640 
0 49 260 262 571 640 
0 48 260 263 572 640 
0 48 262 264 573 640 
0 48 265 266 573 640 
0 48 574 640 
0 47 575 640 
0 47 576 640 
0 47 576 640 
0 47 577 640 
0 46 577 640 
0 46 576 640 
0 45 576 640 
0 45 574 640 
0 45 571 640 
0 44 568 640 
0 44 565 640 
0 44 256 258 564 640 
