0 640 
0 640 
0 640 
0 640 
0 640 
0 640 
0 640 
0 640 
0 640 
0 640 
0 640 
0 640 
0 640 
0 640 
0 640 
0 640 
0 640 
0 640 
0 640 
0 640 
0 640 
0 640 
0 640 
0 640 
0 640 
0 640 
0 640 
0 640 
0 640 
0 640 
0 640 
0 640 
0 640 
0 640 
0 640 
0 640 
0 640 
0 640 
0 640 
0 640 
0 640 
0 640 
0 640 
0 640 
0 640 
0 640 
0 640 
0 640 
0 640 
0 640 
0 640 
0 640 
0 640 
0 640 
0 640 
0 640 
0 640 
0 640 
0 640 
0 640 
0 640 
0 640 
0 640 
0 640 
0 640 
0 640 
0 640 
0 640 
0 339 361 640 
0 333 366 640 
0 327 370 640 
0 324 374 640 
0 321 376 640 
0 317 379 640 
0 314 381 640 
0 311 383 640 
0 309 384 640 
0 306 386 640 
0 304 387 640 
0 301 389 640 
0 299 390 640 
0 297 391 640 
0 295 392 640 
0 293 394 640 
0 291 395 640 
0 290 396 640 
0 288 397 640 
0 287 398 640 
0 285 399 640 
0 284 401 640 
0 282 403 640 
0 281 404 640 
0 280 405 640 
0 279 406 640 
0 278 407 640 
0 277 408 640 
0 276 409 640 
0 275 410 640 
0 273 411 640 
0 273 412 640 
0 272 413 640 
0 272 414 640 
0 271 415 640 
0 270 415 640 
0 270 416 640 
0 269 416 640 
0 268 416 640 
0 268 417 640 
0 267 417 640 
0 267 418 640 
0 266 418 640 
0 266 419 640 
0 265 419 640 
0 265 420 640 
0 264 420 640 
0 264 420 640 
0 263 421 640 
0 263 421 640 
0 263 422 640 
0 262 422 640 
0 262 423 640 
0 261 423 640 
0 261 423 640 
0 261 424 640 
0 260 424 640 
0 260 424 640 
0 259 425 640 
0 259 425 640 
0 259 425 640 
0 258 425 640 
0 258 426 640 
0 258 426 640 
0 257 427 640 
0 257 427 640 
0 257 427 640 
0 257 428 640 
0 256 428 640 
0 256 429 640 
0 256 429 640 
0 256 429 640 
0 255 429 640 
0 255 430 640 
0 255 430 640 
0 255 430 640 
0 254 430 640 
0 254 430 640 
0 254 430 640 
0 254 257 259 431 640 
0 254 257 259 431 640 
0 254 257 259 431 640 
0 254 256 259 431 640 
0 254 256 259 431 640 
0 253 255 259 432 640 
0 253 255 259 432 640 
0 253 254 260 432 640 
0 260 432 640 
0 260 432 640 
0 260 433 640 
0 260 433 640 
0 261 433 640 
0 261 433 640 
0 261 263 265 433 640 
0 262 263 265 433 640 
0 262 263 266 434 640 
0 262 263 266 434 640 
0 266 434 640 
0 267 434 640 
0 267 434 640 
0 267 434 640 
0 268 434 640 
0 268 273 274 434 640 
0 269 273 274 435 640 
0 269 274 275 435 640 
0 270 273 275 435 640 
0 270 273 275 286 287 435 640 
0 272 274 276 279 281 286 288 435 640 
0 272 274 276 278 282 287 289 435 640 
0 272 274 277 278 283 287 289 435 640 
0 277 278 284 287 289 435 640 
0 284 287 288 435 640 
0 285 287 288 435 640 
0 288 435 640 
0 288 436 640 
0 288 436 640 
0 287 436 640 
0 287 436 640 
0 286 436 640 
0 285 436 640 
0 284 436 640 
0 283 436 640 
0 282 436 640 
0 281 436 640 
0 282 436 640 
0 283 436 640 
0 284 436 640 
0 286 436 640 
0 288 436 640 
0 289 436 640 
0 290 436 640 
0 290 436 640 
0 291 436 640 
0 291 436 640 
0 291 437 640 
0 291 437 640 
0 292 437 640 
0 293 437 640 
0 293 437 640 
0 295 437 640 
0 296 437 640 
0 296 437 640 
0 297 437 640 
0 297 437 640 
0 298 437 640 
0 300 437 640 
0 301 437 640 
0 302 437 640 
0 303 437 640 
0 303 437 640 
0 304 437 640 
0 304 437 640 
0 305 437 640 
0 305 437 640 
0 306 437 640 
0 306 437 640 
0 307 437 640 
0 308 437 640 
0 310 437 640 
0 310 437 640 
0 310 437 640 
0 310 437 640 
0 310 437 640 
0 310 437 640 
0 310 436 640 
0 310 436 640 
0 310 436 640 
0 310 436 640 
0 310 436 640 
0 310 436 640 
0 310 436 640 
0 310 436 640 
0 309 436 640 
0 309 436 640 
0 309 436 640 
0 309 436 640 
0 309 436 640 
0 309 436 640 
0 309 436 640 
0 309 436 640 
0 309 436 640 
0 309 436 640 
0 308 436 640 
0 308 436 640 
0 308 436 640 
0 308 436 640 
0 308 436 640 
0 308 436 640 
0 308 436 640 
0 308 436 640 
0 307 436 640 
0 307 436 640 
0 307 436 640 
0 306 436 640 
0 306 436 640 
0 305 436 640 
0 304 436 640 
0 303 436 640 
0 303 437 640 
0 302 437 640 
0 301 437 640 
0 301 437 640 
0 300 437 640 
0 299 437 640 
0 299 437 640 
0 298 437 640 
0 298 438 640 
0 298 438 640 
0 298 438 640 
0 298 438 640 
0 298 438 640 
0 297 438 640 
0 297 438 640 
0 296 438 640 
0 296 438 640 
0 295 439 640 
0 294 439 640 
0 294 439 640 
0 293 439 640 
0 292 439 640 
0 291 439 640 
0 290 439 640 
0 288 439 640 
0 287 439 640 
0 286 439 640 
0 285 439 640 
0 284 440 640 
0 283 440 640 
0 282 440 640 
0 281 440 640 
0 280 440 640 
0 279 440 640 
0 278 440 640 
0 278 440 640 
0 277 282 287 440 640 
0 287 440 640 
0 287 440 640 
0 286 441 640 
0 286 441 640 
0 285 441 640 
0 285 441 640 
0 284 441 640 
0 284 441 640 
0 283 441 640 
0 283 441 640 
0 283 441 640 
0 282 442 640 
0 281 442 640 
0 281 442 640 
0 280 442 640 
0 280 442 640 
0 280 442 640 
0 279 442 640 
0 279 442 640 
0 278 442 640 
0 278 442 640 
0 277 442 640 
0 277 443 640 
0 277 443 640 
0 277 443 640 
0 277 443 640 
0 277 443 640 
0 277 443 640 
0 277 443 640 
0 278 443 640 
0 278 443 640 
0 278 443 640 
0 278 444 640 
0 278 444 640 
0 277 444 640 
0 277 444 640 
0 276 444 640 
0 276 444 640 
0 275 444 640 
0 275 444 640 
0 274 444 640 
0 274 444 640 
0 274 445 640 
0 273 445 640 
0 273 445 640 
0 273 445 640 
0 272 445 640 
0 272 445 640 
0 272 445 640 
0 271 445 640 
0 271 445 640 
0 271 445 640 
0 270 445 640 
0 270 445 640 
0 270 445 640 
0 270 445 640 
0 270 445 640 
0 269 445 640 
0 269 445 640 
0 269 445 640 
0 269 445 640 
0 269 445 640 
0 269 445 640 
0 269 445 640 
0 269 445 640 
0 269 445 640 
0 269 445 640 
0 269 445 640 
0 269 445 640 
0 269 445 640 
0 269 445 640 
0 269 445 640 
0 269 445 640 
0 269 445 640 
0 269 445 640 
0 270 445 640 
0 270 445 640 
0 270 445 640 
0 270 445 640 
0 271 445 640 
0 271 445 640 
0 271 445 640 
0 271 445 640 
0 272 445 640 
0 272 445 640 
0 272 445 640 
0 272 445 640 
0 273 446 640 
0 273 446 640 
0 273 446 640 
0 274 446 640 
0 274 446 640 
0 274 446 640 
0 275 445 640 
0 275 445 640 
0 275 445 640 
0 276 445 640 
0 276 444 640 
0 277 444 640 
0 277 444 640 
0 277 444 640 
0 278 444 640 
0 278 444 640 
0 279 444 640 
0 279 444 640 
0 279 444 640 
0 280 444 640 
0 280 444 640 
0 280 445 640 
0 281 445 640 
0 281 445 640 
0 282 445 640 
0 282 445 640 
0 283 445 640 
0 283 445 640 
0 283 445 640 
0 283 445 640 
0 284 445 640 
0 284 445 640 
0 285 446 640 
0 285 446 640 
0 285 446 640 
0 285 447 640 
0 285 447 640 
0 285 447 640 
0 285 448 640 
0 285 448 640 
0 285 449 640 
0 285 450 640 
0 285 450 640 
0 285 450 640 
0 285 451 640 
0 285 451 640 
0 285 452 640 
0 284 452 640 
0 284 453 640 
0 284 453 640 
0 284 454 640 
0 284 454 640 
0 284 455 640 
0 284 455 640 
0 284 456 640 
0 283 456 640 
0 283 457 640 
0 283 457 640 
0 283 457 640 
0 283 458 640 
0 283 458 640 
0 283 459 640 
0 283 459 640 
0 282 459 640 
0 282 460 640 
0 282 460 640 
0 282 461 640 
0 282 461 640 
0 282 461 640 
0 282 462 640 
0 282 462 640 
0 281 462 640 
0 281 463 640 
0 281 463 640 
0 281 463 640 
0 281 464 640 
0 280 464 640 
0 280 464 640 
0 280 465 640 
0 280 465 640 
0 280 465 640 
0 280 466 640 
0 280 466 640 
0 279 466 640 
0 279 466 640 
0 279 467 640 
0 279 467 640 
0 279 467 640 
0 279 467 640 
0 279 467 640 
