622 640 
621 640 
621 640 
620 640 
620 640 
620 640 
620 640 
620 640 
620 640 
620 640 
620 640 
620 640 
620 640 
620 640 
620 640 
620 640 
619 640 
619 640 
619 640 
620 640 
620 640 
620 640 
620 640 
620 640 
620 640 
620 640 
620 640 
620 640 
620 640 
620 640 
620 640 
620 640 
621 640 
621 640 
621 640 
622 640 
622 640 
622 640 
623 640 
623 640 
623 640 
623 640 
623 640 
623 640 
623 640 
623 640 
622 640 
622 640 
621 640 
621 640 
620 640 
620 640 
619 640 
619 640 
619 640 
618 640 
618 640 
618 640 
617 640 
617 640 
617 640 
617 640 
616 640 
616 640 
616 640 
616 640 
615 640 
615 640 
615 640 
614 640 
614 640 
613 640 
613 640 
612 640 
612 640 
612 640 
611 640 
611 640 
611 640 
610 640 
610 640 
610 640 
609 640 
609 640 
609 640 
609 640 
608 640 
608 640 
608 640 
608 640 
608 640 
607 640 
606 640 
606 640 
605 640 
605 640 
604 640 
604 640 
604 640 
604 640 
604 640 
604 640 
603 640 
603 640 
602 640 
601 640 
600 640 
600 640 
600 640 
599 640 
599 640 
599 640 
599 640 
599 639 
598 639 
598 639 
597 638 
597 638 
596 637 
596 637 
596 637 
595 637 
595 636 
594 636 
594 635 
593 635 
593 634 
593 634 
592 634 
592 634 
591 633 
591 633 
590 632 
590 632 
589 631 
589 631 
588 630 
588 630 
587 630 
587 629 
586 629 
586 628 
585 628 
585 628 
585 627 
584 627 
584 626 
583 626 
583 625 
583 625 
582 624 
582 624 
319 325 581 623 
315 328 580 623 
308 329 580 623 
307 330 579 622 
307 331 579 622 
306 332 579 621 
306 333 578 621 
306 334 578 620 
305 335 578 619 
305 335 577 619 
305 336 577 618 
305 336 577 618 
305 337 576 618 
305 338 575 618 
305 338 574 617 
305 338 574 617 
305 339 573 617 
305 339 573 616 
306 339 572 615 
307 339 572 615 
307 340 571 614 
309 340 570 614 
309 340 570 613 
310 340 570 613 
310 339 569 613 
310 339 568 612 
311 338 568 611 
311 338 567 611 
312 337 567 611 
313 336 566 610 
313 334 566 609 639 640 
313 333 565 609 638 640 
312 332 564 608 636 640 
311 331 564 608 636 640 
310 331 563 608 635 640 
310 331 563 607 634 640 
310 331 563 607 633 640 
310 332 563 606 633 640 
310 332 562 606 633 640 
309 333 561 605 633 640 
309 333 561 604 633 640 
308 334 560 604 633 640 
307 334 560 603 633 640 
306 334 560 603 634 640 
306 334 559 602 634 640 
305 334 559 601 635 640 
305 334 558 601 636 640 
304 334 557 600 636 640 
304 334 556 600 637 640 
303 334 556 599 638 640 
303 334 555 599 638 640 
302 334 554 598 638 640 
302 334 554 598 638 640 
302 334 553 597 637 640 
302 334 553 596 636 640 
303 334 552 596 636 640 
303 334 552 595 635 640 
304 334 552 595 634 640 
305 334 551 594 633 640 
306 333 550 594 632 640 
307 334 550 593 630 640 
308 334 549 593 629 640 
308 334 549 592 628 640 
308 334 548 591 627 640 
308 334 548 591 626 640 
308 335 547 590 625 640 
307 335 547 589 624 640 
307 335 546 589 623 640 
307 335 545 588 621 640 
306 335 545 587 620 640 
305 335 544 587 618 640 
305 334 544 586 617 640 
304 334 543 586 615 640 
304 334 542 585 614 640 
304 334 541 585 613 640 
304 333 540 584 612 640 
304 333 540 584 611 640 
303 333 539 583 609 640 
303 332 538 582 608 640 
303 332 538 582 607 640 
302 332 537 581 606 640 
302 332 536 580 606 640 
302 332 536 579 605 640 
302 333 535 579 604 640 
301 333 534 578 603 640 
301 333 534 578 602 640 
302 333 534 577 601 640 
302 333 533 576 601 640 
301 333 532 575 600 640 
301 334 531 575 599 640 
301 334 531 574 598 640 
301 334 530 574 598 640 
301 335 529 573 597 640 
300 335 529 572 596 640 
300 335 528 571 596 640 
300 336 528 571 595 640 
300 336 527 570 595 640 
300 336 526 569 594 640 
300 337 525 569 594 640 
300 337 525 568 594 640 
300 337 525 568 594 640 
299 337 524 567 593 640 
299 338 523 566 592 640 
299 338 522 565 592 640 
299 338 522 565 591 640 
299 338 521 564 590 640 
299 339 521 564 589 640 
299 339 519 563 588 640 
299 339 519 562 587 640 
299 340 518 561 587 640 
299 340 517 561 586 640 
299 340 516 560 584 640 
299 340 516 559 582 640 
299 340 515 558 578 640 
299 341 515 558 575 640 
298 341 514 557 574 640 
298 341 513 557 572 640 
298 341 512 556 570 640 
298 341 511 555 568 640 
298 341 510 555 565 640 
298 342 510 555 563 640 
298 342 509 554 561 640 
298 342 509 554 560 640 
298 342 508 555 556 640 
298 342 508 640 
297 342 507 640 
297 342 506 640 
297 342 506 640 
297 343 504 640 
297 343 504 640 
297 343 503 640 
297 343 503 640 
297 343 501 640 
297 343 501 640 
297 344 500 545 548 640 
297 344 500 544 548 640 
297 344 499 544 547 640 
297 344 499 543 547 640 
297 344 498 542 546 640 
297 344 498 542 546 640 
297 345 498 540 546 640 
297 345 498 540 546 640 
297 345 498 539 547 639 
297 345 498 538 547 582 588 639 
297 345 498 537 547 581 589 638 
297 346 499 536 548 577 589 638 
296 346 499 510 517 535 549 573 589 638 
296 346 503 508 519 533 549 571 589 638 
296 346 521 531 549 571 589 637 
296 346 549 570 588 637 
296 346 549 570 588 637 
296 347 550 571 588 636 
296 347 550 571 588 636 
296 347 552 571 587 635 
296 347 552 571 587 635 
296 347 553 571 587 635 
296 348 554 571 587 634 
296 348 555 570 586 634 
296 348 556 570 586 633 
295 348 557 570 586 632 
295 348 558 569 585 632 
295 349 559 567 584 632 
295 349 584 631 
295 349 584 631 
295 349 584 630 
295 349 584 630 
295 349 583 629 
295 349 583 628 
295 349 582 628 
296 349 581 627 
296 349 581 626 
296 349 581 625 
298 349 579 625 
300 329 340 349 578 624 
304 328 344 347 577 623 
310 328 576 623 
311 328 575 622 
312 328 573 621 
312 329 570 620 
313 329 569 618 
313 329 422 432 567 618 
313 329 421 440 564 617 
313 330 419 448 560 616 
312 330 419 454 558 615 
310 330 418 462 556 614 
308 331 418 471 552 613 
303 331 418 488 546 611 
300 331 417 490 542 611 
298 331 417 499 528 610 
297 332 416 608 
297 332 416 608 
296 333 416 607 
296 339 416 605 
296 345 415 604 
296 348 414 602 
296 349 413 601 
298 349 413 601 
298 349 412 600 
299 349 413 600 
301 348 413 599 
304 346 413 598 
306 341 413 597 
312 331 414 597 
414 596 
414 595 
414 595 
414 594 
414 594 
414 593 
413 592 
413 591 
413 590 
413 589 
413 589 
414 588 
415 587 
416 586 
418 585 
420 584 
427 430 431 584 
442 583 
461 582 
485 581 
520 580 
521 579 
520 579 
519 577 
517 576 
513 575 
509 575 
507 574 
502 572 
498 571 
494 569 
490 568 
484 567 
477 566 
469 565 
461 564 
456 562 
450 561 
445 560 
432 558 
428 557 
427 556 
426 554 
426 553 
425 551 
426 549 
426 547 
426 544 639 640 
426 544 638 640 
427 541 638 640 
427 539 638 640 
427 536 637 640 
427 534 636 640 
427 530 636 640 
427 527 635 640 
427 524 634 640 
425 520 634 640 
424 517 633 640 
423 514 633 640 
422 510 632 640 
421 506 632 640 
421 501 631 640 
421 498 630 640 
421 494 630 640 
422 490 629 640 
425 487 628 640 
428 483 628 640 
432 479 627 640 
433 475 627 640 
435 471 626 640 
436 468 625 640 
438 462 625 640 
440 459 625 640 
441 454 624 640 
623 640 
622 640 
622 640 
622 640 
621 640 
620 640 
620 640 
619 640 
619 640 
618 640 
617 640 
617 640 
616 640 
616 640 
616 640 
615 640 
614 640 
614 640 
613 640 
613 640 
612 640 
612 640 
611 640 
611 640 
610 640 
610 640 
609 640 
608 640 
608 640 
608 640 
607 640 
607 640 
606 640 
606 640 
605 640 
605 640 
604 640 
604 640 
603 640 
603 640 
602 640 
602 640 
601 640 
601 640 
600 640 
600 640 
599 640 
599 640 
599 640 
600 640 
600 640 
