

































































366 374 
364 376 378 379 390 393 
363 377 378 380 382 392 393 398 
362 410 416 421 422 425 
361 424 
360 424 
359 424 
359 425 
358 426 
357 426 
357 426 
357 426 
356 426 
356 426 
355 427 
355 427 
355 427 
355 427 
354 427 
354 427 
354 427 
354 427 
353 427 
353 427 
353 427 
353 427 
352 427 
352 427 
352 426 
352 426 
352 426 
352 426 
352 426 
352 426 
351 425 
351 425 
351 425 
351 425 
351 425 
351 425 
351 425 
351 424 
351 424 
351 424 
351 424 
351 424 
351 424 
351 424 
351 423 
351 423 
351 423 
350 422 
350 422 
350 422 
350 422 
350 422 
350 422 
350 422 
350 422 
350 421 
350 421 
350 421 
350 421 
350 420 
350 420 
350 420 
350 420 
350 420 
349 420 
349 420 
349 420 
349 420 
349 420 
349 420 
349 420 
349 419 
348 419 
348 419 
348 419 
348 419 
348 419 
348 419 
348 419 
348 419 
348 419 
348 419 
348 419 
348 419 
348 419 
348 419 
348 418 
347 418 
347 418 
347 418 
347 417 
347 417 
347 417 
347 417 
347 417 
347 417 
347 417 
347 417 
347 416 
347 416 
347 416 
346 416 
346 416 
346 416 
346 416 
346 416 
346 416 
346 416 
346 416 
346 416 
345 416 
345 416 
345 416 
345 416 
345 415 
345 415 
345 415 
345 415 
344 415 
344 415 
344 415 
344 415 
318 325 343 414 
310 327 343 414 
305 330 343 414 
298 333 343 414 
292 334 343 414 
284 336 343 414 
281 339 342 414 
279 340 342 414 
277 341 342 414 
276 341 342 414 
275 414 
274 414 
273 414 
272 414 
272 414 
271 414 
271 414 
270 414 
270 414 
270 414 
270 414 
269 414 
269 414 
269 414 
268 414 
268 414 
268 414 
268 414 
268 414 
267 414 
267 414 
265 414 
262 414 
259 415 
256 415 
251 416 
249 419 
246 420 
243 420 
241 422 
239 422 
238 423 
237 424 
236 425 
235 426 
234 426 
233 427 
232 428 
231 428 
230 428 
230 428 
229 428 
229 429 
228 429 
228 429 
227 430 
227 430 
227 430 
227 430 
226 430 
226 431 
226 431 
226 431 
226 431 
226 431 
225 431 
224 431 
222 431 
221 431 
220 431 
219 431 
218 431 
218 431 
217 431 
216 431 
216 431 
215 432 
215 432 
214 432 
214 432 
213 433 
213 433 
212 433 
212 433 
211 433 
211 433 
211 433 
210 433 
210 433 
210 433 
209 433 
209 433 
208 433 
208 433 
207 433 
207 433 
207 433 
207 433 
206 433 
206 433 
206 433 
206 433 
205 433 
205 433 
205 433 
205 433 
204 433 
204 433 
203 433 
203 433 
203 433 
203 433 
203 433 
203 433 
203 433 
203 433 
204 433 
204 433 
205 433 
205 433 
206 433 
206 433 
207 433 
208 433 
209 433 
210 433 
211 433 
212 433 
214 432 
217 432 
232 432 
232 432 
232 432 
233 432 
233 432 
233 432 
233 432 
233 431 
234 431 
234 431 
234 431 
234 431 
235 431 
235 430 
235 430 
235 430 
235 430 
236 430 
236 430 
236 429 
236 429 
236 429 
237 428 
237 428 
237 428 
237 427 
237 427 
238 427 
238 426 
238 426 
238 424 
239 425 
239 424 
239 424 
240 424 
240 424 
240 423 
240 423 
241 422 
241 422 
241 422 
241 421 
242 421 
242 420 
242 419 
242 419 
242 419 
243 418 
243 418 
243 417 
244 417 
244 416 
244 416 
245 416 
245 415 
245 415 
246 414 
246 413 
246 413 
246 413 
247 412 
247 412 
247 412 
247 412 
248 412 
248 412 
249 413 
249 414 
249 415 
250 416 
250 418 
250 419 
250 420 
251 421 
251 422 
251 424 
252 425 
252 426 
252 427 
253 428 
253 429 
253 430 
254 431 
254 433 
254 434 
255 435 
255 436 
255 437 
256 439 
256 439 
256 440 
257 441 
257 443 
258 444 
258 445 
258 446 
259 447 
259 448 
260 450 
260 451 
260 452 
261 453 
261 454 
261 455 
262 456 
262 458 
262 459 
263 460 
263 461 
264 462 
264 463 
265 464 
265 465 
266 467 
266 468 
267 469 
267 470 
267 471 
268 473 
268 474 
269 474 
269 476 
270 477 
270 478 
271 479 
271 480 
272 481 
273 482 
273 484 
274 485 
274 486 
275 487 
275 488 
276 489 
276 490 
277 491 
278 492 
278 494 
279 495 
279 496 
280 497 
281 498 
281 499 
282 500 
283 501 
283 503 
284 504 
285 505 
285 506 
286 507 
287 508 
288 509 
289 511 
290 512 
290 513 
292 514 
293 516 
293 516 
