










































358 360 363 365 
358 366 
357 366 
356 366 
356 366 
355 366 
355 366 
354 367 
353 367 
353 367 
352 367 
338 343 352 367 
335 349 350 367 
336 367 
337 368 
337 369 
338 372 
339 377 
340 381 
341 382 
341 382 
342 382 
343 382 
343 386 
343 389 
343 392 
342 395 
341 397 
341 399 
340 400 
339 402 
339 403 
338 404 
338 405 
337 406 
337 368 369 407 
336 368 371 408 
335 368 373 409 
336 368 374 410 
337 368 376 410 
341 368 377 410 
341 369 379 409 
339 370 380 409 
338 370 381 409 
336 371 382 408 
335 373 383 408 
334 373 384 407 
333 374 385 407 
331 375 386 407 
330 376 387 406 
329 377 388 406 
327 378 389 405 
326 379 389 405 
324 380 390 404 
323 381 390 404 
321 381 391 403 
320 382 392 403 
318 384 393 402 
317 385 395 402 
315 385 399 401 
310 386 
306 387 
299 388 
297 389 
296 390 
294 391 
293 392 
292 393 
291 393 
290 394 
289 395 
276 282 289 396 
272 283 288 397 
271 284 286 397 
271 398 
271 399 
271 400 
272 400 
272 401 
273 402 
273 408 
274 408 
275 409 415 417 422 424 
274 410 413 419 421 424 
273 412 413 424 
272 424 
272 424 
273 424 
273 423 428 430 
274 423 426 430 
274 422 426 429 
275 422 425 428 
275 422 424 428 
276 421 423 427 
277 421 422 426 
277 425 
278 425 
279 424 
279 423 
280 423 
281 423 
281 423 
282 422 
283 421 
283 420 
284 420 
285 418 
285 417 
286 417 
287 416 
288 415 
288 414 
287 414 
286 413 
286 412 
285 411 
284 411 
284 410 
283 409 
283 409 
283 408 
282 409 
282 409 
282 410 
281 411 
281 411 
281 412 
281 413 
281 413 
281 413 
280 414 
280 414 
280 415 
280 415 
280 415 
280 416 
280 416 
280 416 
280 417 
280 417 
280 417 
280 418 
280 418 
281 418 
281 418 
281 418 
281 419 
282 419 
282 419 
282 419 
282 419 
283 419 
283 420 
284 420 
284 420 
285 420 
285 420 
285 420 
285 420 
285 420 
285 420 
285 420 
285 421 
285 421 
285 421 
284 421 
284 421 
284 421 
284 421 
284 420 
283 420 
283 420 
283 420 
283 420 
283 420 
283 420 
282 420 
282 420 
282 419 
282 419 
284 419 
284 418 
285 418 
285 418 
286 418 
286 417 
287 417 
290 291 295 416 
295 415 
296 415 
296 414 
297 414 
297 413 
298 412 
298 411 
299 410 
299 410 
300 409 
300 408 
301 407 
302 406 
302 405 
303 404 
305 403 
305 402 
306 401 
306 400 
307 399 
307 398 
310 397 
310 314 315 395 
311 313 315 395 
316 320 322 394 
316 319 323 393 
316 319 322 392 
317 318 320 391 
319 391 
318 390 
317 384 385 389 639 640 
317 378 379 383 385 389 639 640 
316 381 384 388 638 640 
315 380 384 387 639 640 
314 379 385 387 639 640 
313 379 639 640 
312 378 639 640 
312 381 
311 383 
309 385 
306 386 
300 388 
289 389 
287 391 
286 392 
285 394 
284 396 
282 398 
281 400 
280 402 
280 405 
280 408 
279 411 
279 413 
279 414 
279 416 
279 418 
280 420 
280 421 639 640 
281 420 639 640 
281 420 639 640 
280 419 639 640 
279 421 
277 421 
275 421 
274 419 
272 418 
271 416 
270 415 
269 414 
267 413 
266 412 
265 412 
265 411 
264 411 
263 410 
263 410 
262 410 
262 409 
262 409 
262 408 
261 408 
261 408 
261 409 
261 410 
260 410 
259 410 
258 411 
258 411 
256 412 
255 412 
187 188 254 412 
176 190 253 413 
175 194 252 413 
175 202 251 413 
174 204 250 414 
171 206 249 414 
170 208 248 414 
168 210 247 414 
166 212 246 414 
159 214 245 415 
149 217 244 415 
142 220 244 415 
138 223 243 415 
133 226 242 415 
129 231 240 415 
127 235 239 415 
126 415 
125 415 
124 415 
123 414 
123 414 
122 414 
121 414 
120 413 
119 413 
118 412 
118 412 
117 411 
116 411 
115 410 
114 409 
114 409 
113 408 
112 407 
111 407 
111 406 
110 405 
109 266 269 405 
109 133 134 135 136 265 269 405 
108 131 140 263 269 405 
108 128 147 157 158 160 161 262 269 405 
107 126 161 261 269 405 
107 126 162 259 269 406 
107 125 164 258 269 406 
107 126 165 170 174 256 269 406 
107 126 166 169 175 255 270 406 
107 127 178 253 270 406 
107 127 183 185 187 188 190 252 270 406 
107 127 184 186 213 250 270 406 
107 127 218 249 270 406 
107 127 224 247 270 407 
107 127 228 245 270 407 
107 124 125 126 234 241 270 407 
108 122 271 407 
35 56 109 113 116 121 271 407 
24 60 109 112 117 121 271 407 
14 62 110 111 118 120 271 407 
0 65 118 120 272 407 
0 66 272 407 
0 66 272 408 
0 67 272 407 
0 68 273 407 
0 68 273 407 
0 68 273 407 
0 69 273 407 
0 69 274 407 
0 69 274 407 
0 69 274 407 
0 69 275 407 
0 69 275 407 
0 70 275 407 
0 70 275 407 
0 70 276 407 
0 71 276 407 
0 74 276 407 
0 77 277 407 
0 81 277 407 
0 85 277 407 
0 88 278 407 
0 91 278 407 
0 95 278 407 
0 99 279 407 
0 103 279 407 
0 107 279 407 
0 110 280 407 
0 114 280 407 
0 118 279 407 
0 122 278 406 
0 126 277 406 
0 130 276 406 
0 133 259 260 276 406 
0 137 258 262 276 406 
0 141 258 266 275 406 
0 145 258 405 
0 148 259 405 
0 152 258 405 
0 155 258 405 
0 159 258 405 
0 164 258 404 
0 167 257 404 
0 171 189 198 257 404 
0 175 186 201 257 404 
0 179 182 206 247 403 
0 210 230 403 
0 403 
0 402 
0 402 
0 401 
0 401 
0 400 
0 400 
0 399 
0 399 
0 398 
0 397 
0 397 
0 396 
0 397 
0 397 
0 393 395 397 
0 392 
0 391 
0 389 
0 385 
0 384 
0 384 
0 384 
0 385 639 640 
0 385 639 640 
0 385 638 640 
0 385 638 640 
0 385 637 640 
0 385 636 640 
0 386 635 640 
0 386 635 640 
0 387 635 640 
0 388 634 640 
0 388 633 640 
0 389 632 640 
0 390 632 640 
0 391 631 640 
0 391 630 640 
0 392 630 640 
0 393 629 640 
0 394 628 640 
0 395 628 640 
0 395 627 640 
0 396 626 640 
0 397 626 640 
0 398 625 640 
0 398 625 640 
0 399 625 640 
0 399 624 640 
0 400 624 640 
0 401 623 640 
0 402 623 640 
0 402 623 640 
0 403 623 640 
