0 206 307 640 
0 209 309 640 
0 214 313 640 
0 217 316 640 
0 219 319 640 
0 220 322 640 
0 222 323 640 
0 223 327 640 
0 224 329 640 
0 224 332 640 
0 226 336 640 
0 226 338 640 
0 227 338 640 
0 227 339 640 
0 227 341 640 
0 227 342 640 
0 228 343 640 
0 228 344 640 
0 228 344 640 
0 228 345 640 
0 228 345 640 
0 228 346 640 
0 229 346 640 
0 229 346 640 
0 229 347 640 
0 228 347 640 
0 227 347 640 
0 225 347 640 
0 224 347 640 
0 222 347 640 
0 219 347 640 
0 218 347 640 
0 216 346 640 
0 214 344 640 
0 212 344 640 
0 211 328 329 332 640 
0 209 322 640 
0 208 321 640 
0 206 322 640 
0 205 321 640 
0 203 321 640 
0 201 321 640 
0 200 321 640 
0 198 321 640 
0 197 322 640 
0 195 322 640 
0 194 322 640 
0 192 322 640 
0 191 322 640 
0 190 323 640 
0 188 323 640 
0 186 323 640 
0 185 323 640 
0 184 323 640 
0 183 323 640 
0 182 324 640 
0 180 324 640 
0 179 326 640 
0 179 328 640 
0 177 329 640 
0 176 330 640 
0 175 331 640 
0 175 332 640 
0 174 333 640 
0 173 335 640 
0 172 336 640 
0 172 337 640 
0 171 338 640 
0 171 339 640 
0 170 340 640 
0 169 341 640 
0 169 342 640 
0 168 342 640 
0 168 343 640 
0 168 344 640 
0 167 345 640 
0 167 346 640 
0 166 346 640 
0 166 347 640 
0 165 348 640 
0 165 349 640 
0 165 349 640 
0 164 350 640 
0 164 351 640 
0 164 351 640 
0 163 352 640 
0 162 353 640 
0 162 354 640 
0 162 355 640 
0 161 355 640 
0 160 356 640 
0 160 356 640 
0 160 357 640 
0 159 358 640 
0 158 359 640 
0 157 360 640 
0 157 360 640 
0 156 361 640 
0 156 361 640 
0 155 362 640 
0 155 362 640 
0 154 363 640 
0 154 363 640 
0 153 364 640 
0 152 364 640 
0 152 365 640 
0 152 365 640 
0 151 366 640 
0 150 366 640 
0 150 367 640 
0 149 367 640 
0 149 367 640 
0 148 368 640 
0 148 368 640 
0 147 369 640 
0 147 369 640 
0 146 370 640 
0 145 370 640 
0 145 370 640 
0 144 370 640 
0 144 371 640 
0 143 371 640 
0 143 371 640 
0 142 372 640 
0 142 372 640 
0 141 372 640 
0 141 372 640 
0 140 372 640 
0 140 372 640 
0 139 373 640 
0 139 373 640 
0 138 373 640 
0 138 373 640 
0 137 373 597 606 640 
0 137 373 594 612 640 
0 136 373 594 614 640 
0 135 373 462 463 593 616 640 
0 135 373 462 464 593 618 640 
0 135 373 461 464 593 619 639 
0 134 373 461 465 594 619 639 
0 133 373 461 465 594 620 638 
0 133 373 461 465 594 620 636 
0 132 372 460 465 594 621 636 
0 132 372 460 466 594 621 636 
0 131 372 460 466 594 622 636 
0 131 372 460 466 595 622 636 
0 130 372 460 465 595 622 636 
0 130 372 460 465 595 622 637 
0 130 371 459 466 595 622 637 
0 129 371 459 466 596 622 637 
0 129 371 459 466 596 622 637 
0 128 371 459 466 596 622 638 
0 128 371 459 467 596 621 638 
0 127 370 459 467 596 620 638 
0 127 370 458 467 596 619 639 
0 126 370 458 468 597 619 639 
0 126 370 458 469 597 618 640 
0 125 369 458 469 597 618 640 
0 125 369 458 470 597 617 640 
0 124 369 458 471 597 616 640 
0 124 368 458 471 597 615 640 
0 123 368 457 471 597 615 640 
0 123 367 457 472 598 614 640 
0 122 366 457 473 598 613 640 
0 122 366 457 473 598 612 640 
0 122 366 457 474 599 611 640 
0 121 365 457 474 599 610 640 
0 121 365 457 475 600 610 640 
0 120 364 457 475 600 608 640 
0 120 363 456 475 484 487 488 500 602 607 640 
0 119 363 456 475 476 478 480 506 640 
0 119 362 456 510 640 
0 118 362 456 512 640 
0 118 360 456 514 640 
0 118 360 456 519 640 
0 117 359 455 521 640 
0 117 357 455 523 640 
0 116 357 455 524 640 
0 116 356 455 526 640 
0 115 355 455 527 640 
0 115 354 454 529 640 
0 114 353 454 530 640 
0 114 352 454 530 640 
0 114 335 341 350 450 531 640 
0 113 335 342 349 450 533 640 
0 113 333 447 534 640 
0 112 333 446 536 640 
0 112 335 443 537 640 
0 111 338 442 538 640 
0 111 341 441 539 640 
0 110 341 439 539 640 
0 110 330 334 340 437 540 640 
0 110 328 436 541 640 
0 110 327 435 541 640 
0 109 330 434 542 640 
0 108 330 433 543 640 
0 108 329 433 544 640 
0 108 328 431 544 640 
0 107 327 429 545 640 
0 107 325 428 545 640 
0 106 321 427 546 640 
0 106 320 426 547 640 
0 106 318 425 547 640 
0 105 317 424 547 640 
0 105 317 423 548 640 
0 105 316 422 548 640 
0 104 315 421 549 640 
0 104 314 420 549 640 
0 103 312 419 549 640 
0 103 311 418 550 640 
0 103 310 417 550 640 
0 102 309 417 550 640 
0 102 308 415 550 640 
0 102 306 414 551 640 
0 101 305 413 551 640 
0 101 304 413 551 640 
0 100 302 412 551 640 
0 100 301 411 551 640 
0 100 300 410 551 640 
0 99 300 408 552 640 
0 99 298 406 552 640 
0 99 296 405 552 640 
0 98 294 404 552 640 
0 98 292 403 552 640 
0 98 291 401 552 640 
0 97 290 400 552 640 
0 97 289 398 552 640 
0 96 287 397 552 640 
0 96 285 396 552 640 
0 96 284 394 552 640 
0 96 282 392 552 640 
0 95 281 391 552 640 
0 95 279 390 552 640 
0 95 278 388 552 640 
0 94 276 387 552 640 
0 94 275 386 552 640 
0 94 273 385 552 640 
0 93 272 384 552 640 
0 93 271 383 552 640 
0 93 270 382 552 640 
0 92 268 381 552 640 
0 92 267 381 551 640 
0 91 267 380 551 640 
0 91 266 380 551 640 
0 91 267 380 551 640 
0 91 267 380 551 640 
0 91 267 380 551 640 
0 91 268 379 551 640 
0 90 268 379 550 640 
0 90 274 378 550 640 
0 90 277 377 550 640 
0 89 277 376 550 640 
0 89 279 375 550 640 
0 89 280 374 549 640 
0 88 281 361 363 372 549 640 
0 88 282 359 365 368 549 640 
0 88 282 358 548 640 
0 87 283 357 548 640 
0 87 283 356 548 640 
0 87 284 354 548 640 
0 86 284 353 547 640 
0 86 285 350 547 640 
0 86 285 346 546 640 
0 86 286 343 546 640 
0 86 287 340 546 640 
0 85 287 337 546 640 
0 85 288 334 545 640 
0 85 288 332 545 640 
0 85 288 329 544 640 
0 85 288 327 544 640 
0 84 289 324 543 640 
0 84 289 321 543 640 
0 84 289 319 542 640 
0 84 289 317 542 640 
0 84 289 315 542 640 
0 83 289 314 541 640 
0 83 289 311 541 640 
0 83 289 310 540 640 
0 83 289 308 540 640 
0 83 289 306 539 640 
0 83 289 304 539 640 
0 82 289 303 538 640 
0 82 289 302 538 640 
0 82 289 299 537 640 
0 82 290 298 536 640 
0 82 292 296 536 640 
0 82 536 640 
0 81 535 640 
0 81 535 640 
0 81 534 640 
0 80 534 640 
0 80 533 640 
0 80 533 640 
0 79 532 640 
0 79 532 640 
0 78 531 640 
0 78 531 640 
0 78 530 640 
0 78 530 640 
0 77 530 640 
0 77 529 640 
0 77 528 640 
0 76 528 640 
0 76 528 640 
0 76 237 238 527 640 
0 75 526 640 
0 75 240 241 526 640 
0 75 240 241 525 640 
0 74 242 243 525 640 
0 74 525 640 
0 74 524 640 
0 73 523 640 
0 73 523 640 
0 73 522 640 
0 72 522 640 
0 72 521 640 
0 72 521 640 
0 72 520 640 
0 72 520 640 
0 71 519 640 
0 71 518 640 
0 71 518 640 
0 70 517 640 
0 70 517 640 
0 70 516 640 
0 70 515 640 
0 69 515 640 
0 69 515 640 
0 69 514 640 
0 69 513 640 
0 68 513 640 
0 68 512 640 
0 68 512 640 
0 67 511 640 
0 67 510 640 
0 67 510 640 
0 67 509 640 
0 67 509 640 
0 67 508 640 
0 67 507 640 
0 66 507 640 
0 66 506 640 
0 66 505 640 
0 66 505 640 
0 65 504 640 
0 65 504 640 
0 65 503 640 
0 65 502 640 
0 64 502 640 
0 64 501 640 
0 64 500 640 
0 64 500 640 
0 64 499 640 
0 64 499 640 
0 64 498 640 
0 65 497 640 
0 65 496 640 
0 65 496 640 
0 64 495 640 
0 64 495 640 
0 63 494 640 
0 63 493 640 
0 63 493 640 
0 63 492 640 
0 63 491 640 
0 63 490 640 
0 63 490 640 
0 63 489 640 
0 63 489 640 
0 63 488 640 
0 63 487 640 
0 63 486 640 
0 63 486 640 
0 63 485 640 
0 63 484 640 
0 63 484 640 
0 63 483 640 
0 63 482 640 
0 62 481 640 
0 63 481 640 
0 63 480 640 
0 63 480 640 
0 63 479 640 
0 62 478 640 
0 63 477 640 
0 63 477 640 
0 63 476 640 
0 63 475 640 
0 64 475 640 
0 64 474 640 
0 65 473 640 
0 67 206 208 473 640 
0 68 205 210 472 640 
0 69 205 211 471 640 
0 70 204 213 471 640 
0 71 204 214 470 640 
0 71 203 215 469 640 
0 73 202 217 469 640 
0 74 201 219 468 640 
0 75 200 221 468 640 
0 76 200 223 467 640 
0 81 199 224 466 640 
0 82 199 225 465 640 
0 83 199 226 465 640 
0 84 199 227 464 640 
0 91 198 227 464 640 
0 94 198 227 463 640 
0 96 198 228 463 640 
0 99 197 228 462 640 
0 101 197 228 461 640 
0 105 196 229 460 640 
0 108 196 229 460 640 
0 110 196 229 459 640 
0 112 196 230 458 640 
0 115 195 230 458 640 
0 117 195 230 457 640 
0 120 195 230 456 640 
0 123 195 231 456 640 
0 125 195 231 456 640 
0 126 195 232 455 640 
0 130 194 232 454 640 
0 133 194 232 453 640 
0 135 194 233 453 640 
0 136 194 233 452 640 
0 139 194 233 452 640 
0 142 194 234 452 640 
0 144 193 234 451 640 
0 146 192 234 450 640 
0 148 192 235 449 640 
0 150 192 235 449 640 
0 152 191 235 448 640 
0 154 190 235 448 640 
0 156 189 235 447 640 
0 158 188 235 446 640 
0 160 187 235 446 640 
0 162 187 236 446 640 
0 164 186 236 445 640 
0 166 184 236 444 640 
0 168 182 237 444 640 
0 170 181 237 443 640 
0 173 179 237 443 640 
0 174 179 237 442 640 
0 176 179 237 441 640 
0 237 440 640 
0 238 439 640 
0 238 439 640 
0 238 439 640 
0 238 438 640 
0 238 438 640 
0 238 437 640 
0 239 436 640 
0 239 435 640 
0 240 435 640 
0 240 434 640 
0 240 434 640 
0 241 434 640 
0 241 434 640 
0 242 433 640 
0 243 433 640 
0 243 433 640 
0 244 433 640 
0 244 432 640 
0 245 432 640 
0 245 432 640 
0 246 432 640 
0 247 432 640 
0 248 432 640 
0 249 431 640 
0 249 431 640 
0 250 431 640 
0 251 431 640 
0 251 431 640 
0 252 430 640 
0 252 430 640 
0 253 430 640 
0 255 430 640 
0 255 430 640 
0 256 430 640 
0 257 430 640 
0 257 430 640 
