64 95 
64 95 
64 96 
64 96 
63 97 
63 97 
63 97 
63 97 
63 97 
63 97 
63 97 
63 97 
62 97 
62 97 
62 97 
62 97 
62 97 
62 97 
62 97 
61 97 
61 97 
61 97 
61 97 
61 97 
61 97 
61 97 
61 97 
61 97 
61 97 
60 97 
60 97 
60 97 
60 97 
60 97 
60 97 
60 97 
60 97 
60 97 
60 97 
60 97 
60 97 
60 97 
60 97 
59 97 
59 97 
59 97 
59 97 
59 97 
59 96 
59 96 
59 96 
59 96 
59 96 
59 96 
59 96 
59 96 
59 96 
58 96 
58 96 
58 96 
58 96 
58 96 
58 96 
58 95 
58 95 
58 95 
58 95 
58 95 
57 95 
57 95 
57 95 
57 95 
57 95 
57 95 
57 95 
57 95 
57 95 
57 95 
56 95 
56 95 
56 95 
56 95 
56 95 
56 95 
56 95 
56 95 
56 95 
56 95 
56 95 
56 95 
56 95 
56 95 
56 94 
55 94 
55 94 
55 94 
55 94 
55 94 
55 94 
55 94 
55 94 
55 94 
55 94 
55 94 
55 94 
56 94 
56 94 
57 94 
57 94 
59 94 
59 94 
59 93 
59 93 
59 93 
59 93 
59 93 
59 93 
59 93 
59 93 
59 93 
59 93 
59 92 
59 91 
59 90 
58 90 
58 90 
58 89 
58 89 
58 89 
58 89 
58 89 
58 89 
58 89 
58 89 
58 89 
58 89 
58 89 
58 89 
59 88 
59 88 
62 88 
65 88 
65 88 
65 88 
65 67 70 88 
71 74 75 88 
71 72 75 88 
76 88 
76 77 78 88 
79 88 
79 88 
79 88 
80 87 
80 87 
80 86 
80 86 
80 85 
80 84 
80 84 
80 84 
80 83 
80 83 
80 83 
80 82 
80 82 
79 82 
79 82 
80 82 
80 81 























































































































































































































































































































