









































450 452 
444 459 
438 463 
436 467 
432 470 
430 473 
428 475 
426 477 
424 480 
423 481 
421 483 
326 329 332 334 420 485 
320 345 419 487 
315 350 418 489 
310 354 391 407 416 490 
308 357 388 413 416 492 
304 360 384 493 
296 363 383 495 
295 366 381 496 
293 368 380 497 
293 370 379 499 
291 372 378 500 
290 501 
289 503 
287 504 
286 505 
284 506 
282 507 
280 508 
278 509 
277 510 
275 511 
274 512 
272 513 
271 514 
270 515 
270 516 
269 517 
269 518 
269 519 
268 520 
268 520 
268 521 
267 522 
267 522 
267 523 
268 523 
268 524 
268 525 
268 525 
268 526 
267 526 
267 527 
268 528 
268 528 
268 528 
268 529 
269 529 
270 529 
270 529 
271 530 
271 530 
273 530 
273 530 
273 531 
274 531 
275 531 
275 531 
276 531 
276 531 
276 531 
277 531 
278 531 
278 531 
279 531 
280 531 
281 531 
282 532 
283 533 
284 533 
285 534 
286 535 
287 535 
289 536 
289 537 
290 537 
291 538 
292 539 
294 539 
295 540 
296 540 
297 541 
298 542 
300 542 
300 543 
300 543 
300 544 
300 544 
299 544 
298 545 
297 545 
296 546 
296 546 
295 547 
294 547 
294 547 
294 548 
293 548 
292 549 
292 549 
291 550 
290 550 
290 550 
289 551 
289 551 
289 551 
288 552 
288 552 
287 553 
286 553 
286 553 
286 554 
285 554 
285 554 
285 554 
284 555 
284 555 
284 555 
283 555 
283 556 
283 556 
283 556 
283 556 
282 556 
282 557 
282 557 
282 557 
282 558 
282 558 
282 558 
282 558 
281 559 
281 559 
281 559 
281 559 
281 560 
281 560 
281 560 
280 560 
280 560 
280 561 
280 561 
280 561 
280 561 
279 561 
279 561 
279 561 
279 562 
279 562 
279 562 
279 562 
279 562 
279 562 
279 563 
279 563 
278 563 
278 563 
278 563 
278 563 
278 563 
278 564 
278 564 
278 564 
278 564 
278 564 
278 564 
278 565 
278 565 
278 565 
279 565 
279 565 
279 565 
279 565 
279 565 
279 565 
279 565 
279 565 
279 566 
279 566 
279 566 
279 566 
279 566 
279 566 
279 566 
279 566 
278 566 
278 566 
278 566 
278 567 
277 567 
277 567 
277 567 
276 567 
276 567 
275 281 283 567 
275 280 284 567 
277 279 284 567 
284 567 
284 567 
285 568 
285 568 
285 568 
285 568 
285 568 
286 568 
286 568 
286 568 
286 568 
287 569 
287 569 
287 293 295 569 
287 293 295 568 
288 293 297 569 
288 294 298 569 
288 291 292 294 299 569 
289 294 301 569 
289 290 291 294 302 569 
289 291 303 569 
290 291 305 569 
305 569 
306 569 
307 569 
307 569 
313 569 
315 321 322 569 
316 321 324 570 
318 322 325 570 
319 323 326 570 
322 323 328 570 
329 570 
331 570 
333 570 
335 570 
336 570 
338 570 
338 570 
338 570 
338 571 
338 571 
337 571 
337 571 
337 571 
337 571 
336 571 
336 571 
336 571 
336 571 
335 571 
335 572 
335 572 
334 572 
334 572 
334 572 
333 572 
333 572 
333 572 
333 573 
332 563 564 573 
332 563 565 573 
332 564 565 573 
331 564 565 573 
331 564 566 573 
331 564 566 573 
330 564 567 573 
330 564 567 573 
330 565 568 574 
329 565 568 574 
329 565 569 574 
321 565 569 574 
321 566 570 575 
321 566 570 575 
322 566 571 575 
322 357 359 566 571 575 
322 357 359 567 572 575 
322 356 358 567 572 575 
322 356 358 568 573 576 
321 568 573 576 
321 568 573 576 
321 418 421 569 574 577 
320 417 421 569 574 577 
320 415 421 570 575 577 
320 414 422 570 575 577 
319 412 422 570 576 578 
319 410 422 571 577 578 
319 410 422 571 
318 386 388 408 422 572 
318 385 389 406 422 572 
318 385 390 405 423 573 
318 385 392 403 423 573 
317 384 394 401 423 574 
317 384 423 574 
317 384 423 574 
316 383 423 575 
316 383 424 575 
316 384 424 576 
315 384 424 576 
315 384 424 577 
315 354 355 384 424 577 
314 354 357 359 360 385 424 578 
314 354 361 385 425 578 
314 353 361 384 425 578 
313 353 361 384 425 579 
313 353 361 378 380 383 425 579 
313 352 361 378 426 579 
312 352 361 377 426 580 
312 352 361 377 427 581 
312 351 361 377 427 581 
311 351 361 377 427 582 
311 350 361 377 428 583 
311 350 361 377 428 583 
310 350 361 376 429 584 
310 350 361 376 429 585 
310 349 361 376 430 585 
310 349 361 376 430 586 
309 349 361 376 430 587 
309 348 361 375 431 587 
309 348 361 375 431 588 
308 347 361 375 431 588 
308 347 361 375 432 589 
308 347 362 375 432 589 
307 346 362 374 432 590 
307 346 362 374 433 590 
307 346 362 374 433 591 
306 345 362 374 434 591 
306 345 362 374 434 592 
306 345 362 374 435 592 
305 344 362 373 435 593 
305 344 362 373 435 593 
305 344 362 373 436 594 
304 343 363 373 436 594 
304 343 363 373 436 594 
303 343 363 373 437 595 
303 342 363 372 437 595 
302 342 363 372 438 595 
301 342 363 372 438 596 
301 341 364 372 437 596 
301 341 364 372 437 597 
302 340 364 372 435 597 
302 340 364 372 435 598 
304 340 364 372 434 598 
306 307 309 341 365 371 433 599 
309 341 365 371 432 599 
310 341 365 371 431 599 
310 342 365 371 431 600 
310 342 365 371 430 600 
310 341 365 371 429 601 
310 341 365 371 429 601 
310 334 336 341 366 370 428 602 
310 334 366 370 428 602 
310 334 366 370 427 603 
310 333 366 370 427 603 
310 333 366 370 426 604 
310 332 367 370 426 604 
310 332 367 370 426 605 
310 332 367 370 425 605 
310 331 367 370 425 605 
309 331 367 369 425 606 
309 331 368 369 424 606 
309 330 423 607 
309 330 423 608 
309 330 423 608 
309 330 422 609 
309 329 421 609 
309 329 421 610 
309 328 420 610 
309 328 420 610 
309 328 420 611 
309 327 420 611 
309 327 419 612 
309 326 419 613 
309 326 419 613 
309 326 419 613 
309 326 419 614 
309 325 419 615 
309 325 419 615 
309 324 419 615 
309 324 419 616 
309 324 419 616 
309 323 418 617 
309 323 418 617 
309 323 417 618 
310 322 416 618 
310 322 415 619 
310 322 415 619 
310 321 414 620 
310 321 413 620 
310 321 412 621 
310 320 411 621 
310 320 410 622 
310 320 410 622 
310 320 409 623 
310 319 409 623 
310 319 408 624 
310 318 408 624 
310 318 407 625 
310 318 407 625 
310 318 406 626 
310 317 406 626 
310 317 406 627 
311 317 406 627 
311 316 405 628 
311 316 405 628 
311 316 405 629 
311 315 405 629 
311 315 405 630 
311 315 405 630 
311 314 406 631 
311 314 406 631 
311 314 406 632 
311 313 406 632 
311 312 406 633 
406 633 
406 633 
407 634 
407 634 
407 635 
407 635 
407 635 
407 636 
408 637 
408 637 
408 638 
408 638 
409 639 
409 640 
409 640 
409 640 
409 640 
