


















































































































































345 347 
341 356 
331 366 
327 374 
324 378 
320 381 
318 386 
315 389 
313 394 
311 396 
310 399 
309 401 
307 404 
306 407 
305 409 
304 411 
303 413 
302 415 
301 417 
300 419 
299 421 
298 423 
297 425 
296 427 
296 428 
295 430 
294 431 
294 433 
293 434 
292 436 
291 437 
291 439 
290 440 
290 441 
289 442 
289 443 
288 445 
288 445 
287 446 
287 447 
286 448 
286 449 
286 450 
285 450 
285 451 
285 452 
284 453 
284 454 
283 455 
283 455 
282 456 
282 456 
282 457 
281 457 
281 458 
280 458 
280 458 
280 459 
279 459 
279 459 
278 459 
278 460 
277 460 
277 460 
276 460 
276 460 
276 461 
275 461 
275 461 
274 461 
274 461 
273 461 
273 461 
273 461 
272 461 
272 461 
272 461 
272 461 
272 461 
271 461 
271 461 
271 461 
271 461 
271 460 
271 460 
271 459 
271 459 
271 459 
271 458 
271 458 
271 458 
271 458 
271 458 
271 459 
271 459 
271 459 
271 459 
271 459 
271 460 
271 460 
271 460 
271 461 
271 461 
271 461 
271 462 
272 462 
272 462 
272 462 
272 462 
272 463 
272 463 
272 463 
273 463 
273 463 
273 463 
273 463 
274 463 
274 463 
274 462 
275 462 
275 462 
275 462 
275 462 
276 462 
276 461 
276 461 
277 461 
277 460 
277 460 
277 460 
278 459 
278 459 
278 459 
279 458 
279 458 
279 458 
279 457 
280 457 
280 456 
280 456 
280 455 
280 454 
281 454 
281 453 
281 452 
281 451 
282 450 
282 449 
283 449 
283 448 
284 447 
284 446 
285 445 
285 444 
286 443 
286 442 
287 441 
288 440 
288 439 
289 437 
290 436 
290 435 
291 433 
292 432 
293 431 
294 430 
295 428 
295 427 
296 426 
297 424 
298 423 
299 420 
300 418 
302 416 
304 414 
306 412 
308 410 
309 408 
311 406 
313 404 
315 402 
317 398 
321 394 
324 389 
327 385 
331 379 
337 368 
350 358 

















































































































































