0 640 
0 640 
0 640 
0 640 
0 640 
0 640 
0 640 
0 640 
0 640 
0 640 
0 640 
0 640 
0 640 
0 640 
0 640 
0 640 
0 640 
0 640 
0 640 
0 188 191 640 
0 186 192 640 
0 185 192 640 
0 183 193 640 
0 181 193 640 
0 179 194 640 
0 178 194 640 
0 176 195 640 
0 175 195 640 
0 173 196 640 
0 172 196 640 
0 170 196 640 
0 169 197 640 
0 168 197 640 
0 120 121 166 197 640 
0 106 134 165 198 640 
0 100 142 164 198 640 
0 97 147 162 198 640 
0 94 155 161 198 640 
0 90 199 640 
0 88 199 640 
0 86 199 640 
0 84 200 640 
0 82 200 640 
0 80 200 640 
0 79 201 640 
0 78 201 640 
0 76 201 640 
0 75 203 640 
0 74 205 640 
0 73 207 640 
0 71 209 640 
0 70 211 640 
0 69 213 640 
0 68 215 640 
0 67 216 640 
0 66 218 397 399 640 
0 65 219 396 401 640 
0 65 221 395 400 640 
0 64 222 640 
0 63 223 640 
0 62 225 640 
0 61 226 640 
0 61 227 640 
0 60 229 640 
0 59 229 640 
0 59 231 640 
0 58 232 640 
0 57 233 640 
0 57 234 640 
0 56 235 640 
0 55 236 640 
0 55 236 640 
0 54 237 640 
0 54 238 640 
0 53 238 640 
0 52 239 640 
0 52 240 640 
0 51 241 640 
0 51 242 640 
0 50 243 640 
0 50 243 640 
0 50 244 640 
0 49 245 640 
0 49 245 640 
0 49 246 640 
0 48 247 640 
0 48 247 640 
0 48 248 640 
0 47 248 640 
0 47 249 640 
0 46 249 640 
0 46 250 640 
0 45 250 640 
0 45 251 640 
0 45 251 640 
0 44 251 640 
0 44 252 640 
0 44 252 640 
0 44 253 640 
0 44 253 640 
0 43 253 640 
0 43 254 640 
0 43 254 640 
0 43 255 640 
0 42 255 640 
0 42 255 640 
0 42 256 640 
0 42 256 640 
0 42 256 640 
0 42 256 640 
0 42 256 640 
0 42 257 640 
0 42 257 640 
0 42 257 640 
0 42 257 640 
0 42 257 640 
0 42 258 640 
0 42 258 640 
0 42 258 640 
0 42 258 640 
0 42 258 640 
0 42 258 640 
0 42 258 640 
0 42 258 640 
0 42 258 640 
0 42 258 640 
0 42 258 640 
0 41 258 296 308 640 
0 40 258 294 311 640 
0 38 258 292 313 640 
0 32 258 289 313 640 
0 29 258 288 312 640 
0 26 258 287 310 640 
0 24 258 301 306 640 
8 21 258 640 
11 19 258 640 
13 18 258 640 
259 640 
258 640 
258 640 
258 640 
258 640 
258 640 
258 640 
257 640 
257 640 
257 640 
256 640 
0 1 256 640 
0 2 256 640 
0 2 255 640 
0 2 255 640 
0 2 254 640 
0 3 253 640 
0 3 253 640 
0 3 253 640 
0 2 253 640 
253 640 
253 640 
252 640 
253 640 
253 640 
254 640 
254 640 
0 1 255 640 
0 3 255 640 
0 5 255 640 
0 7 256 640 
0 8 256 640 
0 10 257 640 
0 12 257 640 
0 13 258 640 
0 15 258 640 
0 17 259 640 
0 19 259 640 
0 20 260 640 
0 22 42 43 260 640 
0 24 41 44 261 640 
0 26 40 44 261 640 
0 28 40 44 262 640 
0 30 39 44 262 640 
0 32 38 44 263 640 
0 43 263 640 
0 43 264 640 
0 43 265 640 
0 43 266 640 
0 43 266 640 
0 43 267 640 
0 43 267 640 
0 43 268 640 
0 43 267 640 
0 43 267 640 
0 43 266 640 
0 43 266 640 
0 43 264 640 
0 43 264 640 
0 43 262 640 
0 42 262 640 
0 42 260 618 622 640 
0 42 259 618 623 640 
0 42 254 618 624 640 
0 42 254 619 624 640 
0 42 254 640 
0 42 254 640 
0 42 255 640 
0 42 255 640 
0 42 255 640 
0 42 255 640 
0 42 255 640 
0 42 256 640 
0 42 256 640 
0 42 256 640 
0 42 256 640 
0 42 256 640 
0 42 256 640 
0 42 257 640 
0 42 257 640 
0 41 257 640 
0 41 257 640 
0 41 257 640 
0 41 257 640 
0 41 258 640 
0 41 258 640 
0 41 258 640 
0 40 258 640 
0 40 259 640 
0 39 259 640 
0 38 259 640 
0 37 260 640 
0 36 260 640 
0 34 260 640 
0 32 260 640 
0 30 261 640 
0 29 261 640 
0 27 261 640 
0 24 261 640 
0 24 28 35 262 640 
0 35 262 640 
0 34 262 640 
0 33 262 640 
0 32 263 640 
0 32 263 640 
0 31 263 640 
0 31 263 640 
0 30 264 640 
0 29 264 640 
0 29 265 640 
0 28 265 640 
0 27 30 31 265 640 
0 27 29 31 266 640 
0 31 266 640 
0 30 39 40 266 640 
0 29 38 40 267 640 
0 29 37 40 267 640 
0 29 36 39 267 640 
0 28 35 38 268 640 
0 28 33 38 268 640 
0 28 32 37 269 640 
0 27 30 36 269 640 
0 27 29 35 270 640 
0 27 28 34 270 640 
0 34 270 640 
0 32 38 40 271 640 
0 31 36 40 271 640 
0 31 34 40 271 640 
0 40 272 640 
0 40 272 640 
0 39 272 640 
0 39 273 640 
0 39 273 640 
0 39 274 640 
0 39 275 640 
0 39 275 640 
0 39 276 640 
0 39 276 640 
0 39 277 640 
0 39 277 640 
0 39 277 640 
0 39 278 640 
0 39 278 640 
0 39 279 640 
0 39 279 640 
0 39 280 640 
0 39 212 216 280 640 
0 39 210 218 281 640 
0 39 208 220 282 640 
0 39 205 206 208 220 284 640 
0 39 201 204 205 220 273 275 286 640 
0 39 200 220 227 230 272 277 288 640 
0 39 198 220 227 232 271 278 289 640 
0 39 49 55 196 220 228 235 270 280 290 640 
0 39 48 59 195 220 223 225 227 237 268 281 290 640 
0 39 47 63 196 220 223 226 227 239 267 282 291 640 
0 39 46 66 202 220 223 241 265 283 292 640 
0 39 45 69 206 220 223 242 264 284 292 640 
0 39 45 70 210 220 222 244 263 285 293 640 
0 39 44 69 213 220 222 245 262 287 293 640 
0 38 43 66 217 220 222 246 260 288 293 640 
0 38 42 63 222 248 259 289 294 640 
0 38 42 61 225 249 258 290 294 640 
0 38 41 59 229 252 255 290 295 640 
0 38 41 57 234 292 295 640 
0 38 40 55 238 293 295 640 
0 38 40 53 240 640 
0 37 39 51 241 640 
0 37 38 49 242 640 
0 48 243 640 
0 46 244 640 
0 44 244 640 
0 42 245 640 
0 40 246 640 
0 38 246 640 
0 36 247 640 
0 34 247 640 
0 32 248 328 358 640 
0 30 248 320 367 640 
0 28 247 314 371 640 
0 27 246 306 378 640 
0 26 245 301 386 640 
0 25 243 296 390 587 591 640 
0 24 242 292 396 587 593 640 
0 24 242 289 398 586 594 640 
0 23 242 285 401 586 595 640 
0 23 243 282 404 585 595 640 
0 22 244 280 408 585 596 640 
0 22 244 275 411 585 596 640 
0 21 245 273 414 584 595 640 
0 21 246 270 416 584 595 640 
0 21 246 268 419 584 594 640 
0 20 247 268 421 585 593 640 
0 20 248 267 424 585 592 640 
0 20 248 268 426 586 592 640 
0 19 249 268 429 586 591 640 
0 22 249 268 431 587 590 640 
0 23 250 268 434 640 
0 23 250 269 436 640 
0 24 251 269 438 640 
0 24 251 269 439 640 
0 24 252 270 442 640 
0 25 252 270 443 640 
0 25 252 270 445 640 
0 26 253 271 446 640 
0 26 254 271 449 640 
0 26 254 272 451 640 
0 26 255 272 453 640 
0 26 255 272 454 640 
0 25 255 273 455 640 
0 25 256 273 457 640 
0 24 256 273 459 640 
0 24 256 273 461 640 
0 24 257 274 462 640 
0 23 257 274 464 640 
0 23 258 274 465 640 
0 23 258 275 466 640 
0 22 258 275 467 640 
0 22 259 275 467 640 
0 22 259 276 466 640 
0 21 260 276 466 640 
0 21 261 267 273 277 465 640 
0 21 274 277 465 640 
0 20 275 277 464 640 
0 20 276 278 463 640 
0 20 276 278 463 640 
0 20 276 278 462 640 
0 20 275 279 462 640 
0 19 275 279 461 640 
0 19 275 279 460 640 
0 19 275 280 460 640 
0 19 274 280 459 640 
0 19 274 280 458 640 
0 19 274 281 458 640 
0 18 273 281 457 640 
0 18 273 282 457 640 
0 18 273 282 456 640 
0 18 272 282 456 640 
0 15 272 283 455 640 
0 14 272 283 454 640 
0 13 272 283 454 640 
0 13 272 283 453 640 
0 13 272 284 452 640 
0 13 272 284 452 640 
0 12 272 284 451 640 
0 12 272 285 451 640 
0 12 272 285 450 640 
0 12 273 285 449 640 
0 12 273 286 449 640 
0 12 274 286 448 640 
0 11 276 287 447 640 
0 6 8 11 278 287 447 640 
0 7 281 287 446 640 
0 8 285 288 446 640 
0 8 286 288 445 640 
0 8 445 640 
0 8 444 640 
0 9 443 640 
0 9 443 640 
0 10 442 640 
0 11 441 640 
0 11 441 640 
0 11 440 640 
0 11 289 292 440 640 
0 12 288 292 439 640 
0 12 288 292 438 640 
0 11 287 292 438 640 
0 11 286 293 437 640 
0 10 285 293 437 640 
0 10 284 293 436 640 
0 10 284 293 435 640 
0 10 283 294 435 640 
0 10 283 294 434 640 
0 10 283 294 433 640 
0 10 284 295 433 640 
0 10 284 295 432 640 
0 10 285 295 432 640 
0 9 285 296 431 640 
0 9 285 296 431 640 
0 9 286 297 430 640 
0 9 285 297 429 640 
0 8 285 297 429 640 
0 8 285 298 428 640 
0 7 285 298 427 640 
0 6 285 298 427 640 
0 5 285 298 426 640 
0 5 286 299 425 640 
0 4 287 299 425 640 
0 4 287 299 424 640 
0 3 288 300 423 640 
0 2 288 300 423 640 
0 2 289 300 422 640 
0 2 290 301 422 640 
0 2 290 302 421 640 
0 2 291 302 421 640 
0 1 291 302 420 640 
292 303 419 640 
292 303 419 640 
293 303 418 640 
293 304 418 640 
294 304 417 640 
295 304 416 640 
295 304 416 640 
232 234 296 305 415 640 
232 235 296 305 414 640 
232 236 297 305 414 640 
232 236 298 306 413 640 
232 237 298 306 413 640 
233 237 299 307 412 640 
0 2 4 7 233 238 299 307 411 640 
0 7 233 237 300 307 411 640 
0 7 233 237 301 308 410 640 
0 7 233 237 301 308 409 640 
0 6 233 237 302 308 409 640 
0 6 233 237 302 309 408 640 
0 6 233 237 302 309 407 640 
0 6 233 237 303 309 407 640 
0 5 233 237 304 309 406 640 
0 5 233 237 304 310 406 640 
0 5 233 237 305 310 405 640 
0 5 233 237 305 310 405 640 
0 5 233 237 306 311 404 640 
0 4 233 237 306 311 403 640 
0 4 233 237 307 312 403 640 
0 4 233 237 307 312 402 640 
0 4 232 237 308 312 401 640 
0 3 232 237 308 313 401 640 
0 3 232 237 309 313 400 640 
0 3 232 236 310 313 400 640 
0 3 232 236 310 314 399 640 
0 2 232 235 311 314 398 640 
0 2 231 235 311 314 398 640 
0 2 231 234 312 315 397 640 
0 2 231 234 312 315 396 640 
0 2 231 233 313 315 396 640 
0 2 230 233 313 316 395 640 
0 1 230 233 314 316 395 640 
230 233 314 317 394 640 
230 233 315 317 393 640 
229 233 315 317 393 640 
229 234 316 318 392 640 
228 234 316 318 391 640 
227 234 317 319 391 640 
