0 640 
0 640 
0 640 
0 640 
0 640 
0 640 
0 640 
0 640 
0 640 
0 640 
0 640 
0 640 
0 640 
0 640 
0 640 
0 640 
0 640 
0 640 
0 640 
0 640 
0 640 
0 640 
0 640 
0 640 
0 640 
0 640 
0 640 
0 640 
0 640 
0 640 
0 640 
0 640 
0 640 
0 640 
0 640 
0 640 
0 640 
0 640 
0 640 
0 640 
0 640 
0 640 
0 640 
0 640 
0 640 
0 640 
0 640 
0 640 
0 640 
0 640 
0 640 
0 640 
0 640 
0 640 
0 640 
0 640 
0 640 
0 640 
0 640 
0 640 
0 640 
0 640 
0 640 
0 640 
0 640 
0 640 
0 640 
0 640 
0 640 
0 640 
0 640 
0 640 
0 640 
0 640 
0 640 
0 640 
0 640 
0 640 
0 640 
0 640 
0 640 
0 640 
0 640 
0 640 
0 640 
0 640 
0 640 
0 640 
0 640 
0 640 
0 640 
0 640 
0 640 
0 640 
0 640 
0 640 
0 640 
0 640 
0 640 
0 640 
0 640 
0 640 
0 640 
0 640 
0 640 
0 640 
0 640 
0 640 
0 640 
0 640 
0 640 
0 640 
0 640 
0 640 
0 640 
0 640 
0 640 
0 640 
0 640 
0 640 
0 640 
0 640 
0 640 
0 640 
0 640 
0 640 
0 315 316 640 
0 313 319 640 
0 312 320 640 
0 312 321 640 
0 312 323 334 336 640 
0 311 324 333 338 640 
0 303 306 311 325 331 339 640 
0 302 306 310 326 330 341 640 
0 299 307 310 342 640 
0 293 344 640 
0 288 345 640 
0 287 347 640 
0 287 349 640 
0 276 280 287 350 640 
0 275 281 287 351 640 
0 274 282 287 352 640 
0 273 283 287 352 640 
0 272 284 287 353 640 
0 271 353 640 
0 270 354 640 
0 269 354 640 
0 268 354 640 
0 268 355 640 
0 267 355 640 
0 266 356 363 367 640 
0 266 357 360 367 640 
0 267 366 640 
0 268 366 640 
0 268 365 640 
0 266 365 640 
0 265 364 640 
0 264 364 640 
0 264 364 640 
0 263 363 640 
0 263 363 640 
0 263 363 640 
0 263 363 640 
0 264 363 640 
0 264 363 640 
0 265 364 640 
0 265 365 640 
0 266 365 640 
0 266 365 640 
0 266 366 640 
0 267 366 640 
0 268 366 640 
0 269 366 640 
0 270 367 640 
0 270 367 640 
0 270 367 640 
0 269 367 640 
0 269 367 640 
0 269 367 640 
0 269 368 640 
0 269 368 640 
0 269 368 640 
0 269 368 640 
0 269 368 640 
0 269 368 640 
0 269 368 640 
0 269 368 640 
0 268 368 640 
0 268 368 640 
0 268 368 640 
0 268 368 640 
0 268 368 640 
0 268 368 640 
0 268 368 640 
0 268 368 640 
0 268 270 271 368 640 
0 268 270 272 368 640 
0 268 270 272 369 640 
0 268 269 272 369 640 
0 273 369 640 
0 273 369 640 
0 273 369 640 
0 273 369 640 
0 272 369 640 
0 272 275 276 369 640 
0 276 369 640 
0 276 369 640 
0 275 369 640 
0 275 369 640 
0 276 369 640 
0 276 370 640 
0 276 370 640 
0 276 370 640 
0 276 370 640 
0 276 278 280 370 640 
0 276 277 280 359 360 370 640 
0 280 358 361 371 640 
0 280 358 361 371 640 
0 280 358 361 369 370 371 640 
0 280 357 362 365 366 368 640 
0 280 357 362 365 367 368 640 
0 280 356 362 365 367 369 640 
0 280 356 363 365 368 369 640 
0 280 355 363 365 640 
0 280 293 295 355 363 365 640 
0 280 293 295 299 300 351 352 355 364 365 640 
0 280 293 296 298 301 350 352 354 640 
0 280 292 296 298 302 350 352 353 640 
0 280 292 296 297 302 349 351 353 640 
0 280 292 302 349 351 352 640 
0 280 283 284 291 306 348 351 352 640 
0 280 282 284 291 307 347 640 
0 280 281 284 291 308 347 640 
0 284 288 289 290 308 344 345 346 640 
0 234 239 279 280 284 288 289 290 308 344 345 346 640 
0 232 240 284 288 307 345 640 
0 231 240 284 288 307 345 640 
0 230 241 284 289 306 344 640 
0 229 241 254 258 284 343 640 
0 228 242 251 270 284 343 640 
0 225 243 246 270 284 343 640 
0 222 269 283 349 640 
0 220 268 282 361 640 
0 219 268 278 364 640 
0 219 267 274 365 640 
0 218 268 271 371 640 
0 218 374 640 
0 218 376 640 
0 218 377 640 
0 217 378 640 
0 212 379 640 
0 209 380 640 
0 205 381 640 
0 201 382 640 
0 198 383 640 
0 196 384 640 
0 195 384 640 
0 193 385 640 
0 192 386 640 
0 192 387 640 
0 191 387 640 
0 190 388 640 
0 190 389 640 
0 189 389 640 
0 189 390 640 
0 189 391 640 
0 189 391 640 
0 189 392 640 
0 189 392 640 
0 189 393 640 
0 189 394 640 
0 189 394 640 
0 190 395 640 
0 190 395 640 
0 191 396 640 
0 192 396 640 
0 192 397 640 
0 194 397 640 
0 195 215 220 397 640 
0 197 209 223 397 640 
0 224 398 640 
0 224 398 640 
0 225 398 640 
0 225 398 640 
0 226 266 268 398 640 
0 228 265 268 398 640 
0 235 262 268 398 640 
0 237 260 268 398 640 
0 238 259 268 398 640 
0 240 260 266 398 640 
0 242 247 249 250 257 262 264 398 640 
0 258 397 640 
0 259 397 640 
0 260 397 640 
0 262 396 640 
0 266 396 640 
0 265 395 640 
0 260 394 640 
0 259 394 640 
0 259 393 640 
0 260 392 640 
0 263 277 279 392 640 
0 263 277 279 391 640 
0 264 274 279 391 640 
0 268 270 279 391 640 
0 279 390 640 
0 279 390 640 
0 279 390 640 
0 279 390 640 
0 279 390 640 
0 279 390 640 
0 279 390 640 
0 279 391 640 
0 279 391 640 
0 279 391 640 
0 279 391 640 
0 279 391 640 
0 279 391 640 
0 279 391 640 
0 279 391 640 
0 279 391 640 
0 279 391 640 
0 279 362 363 391 640 
0 279 362 363 391 640 
0 279 391 640 
0 279 391 640 
0 279 391 640 
0 279 391 640 
0 279 391 640 
0 279 391 640 
0 279 391 640 
0 278 391 640 
0 278 391 640 
0 278 391 640 
0 263 266 278 391 640 
0 262 268 278 390 640 
0 262 271 278 390 640 
0 262 275 277 390 640 
0 261 390 640 
0 261 389 640 
0 261 389 640 
0 261 388 640 
0 261 387 640 
0 261 386 640 
0 261 386 640 
0 261 384 640 
0 262 383 640 
0 262 382 640 
0 262 380 640 
0 263 379 640 
0 263 377 640 
0 263 375 640 
0 263 374 640 
0 264 371 640 
0 264 372 640 
0 265 381 640 
0 265 390 640 
0 265 401 640 
0 266 405 640 
0 266 405 640 
0 267 405 640 
0 267 404 640 
0 268 404 640 
0 268 403 640 
0 269 403 640 
0 269 402 640 
0 270 402 640 
0 270 402 640 
0 270 401 640 
0 271 400 640 
0 271 400 640 
0 272 399 640 
0 272 398 640 
0 272 397 640 
0 272 396 640 
0 273 395 640 
0 272 394 640 
0 272 393 640 
0 271 391 640 
0 271 390 640 
0 270 388 640 
0 270 387 640 
0 269 386 640 
0 269 384 640 
0 268 384 640 
0 268 383 640 
0 267 382 640 
0 267 380 640 
0 266 380 640 
0 265 379 640 
0 265 378 640 
0 264 378 640 
0 264 377 640 
0 264 376 640 
0 263 376 640 
0 263 375 640 
0 263 375 640 
0 262 375 640 
0 262 374 640 
0 261 374 640 
0 261 373 640 
0 261 373 640 
0 260 373 640 
0 260 372 640 
0 260 372 640 
0 259 371 640 
0 259 371 640 
0 258 370 640 
0 258 370 640 
0 258 368 640 
0 257 369 640 
0 257 369 640 
0 257 369 640 
0 256 370 640 
0 256 370 640 
0 255 370 640 
0 255 371 640 
0 255 371 640 
0 254 372 640 
0 254 372 640 
0 254 372 640 
0 253 373 640 
0 253 373 640 
0 253 373 640 
0 252 374 640 
0 252 374 640 
0 252 375 640 
0 251 375 640 
0 251 375 640 
0 251 376 640 
0 250 376 640 
0 250 376 640 
0 250 377 640 
0 249 377 640 
0 249 377 640 
0 249 377 640 
0 248 378 640 
0 248 378 640 
0 248 378 640 
0 247 379 640 
0 247 379 640 
0 247 380 640 
0 246 380 640 
0 246 380 640 
0 246 381 640 
0 245 381 640 
0 245 382 640 
0 245 382 640 
0 244 382 640 
0 244 382 640 
0 244 383 640 
0 243 383 640 
0 243 384 640 
0 242 384 640 
0 242 385 640 
0 242 385 640 
0 241 386 640 
0 241 386 640 
0 240 387 640 
0 240 387 640 
0 239 388 640 
0 239 388 640 
0 239 389 640 
0 238 389 640 
0 238 390 640 
0 237 391 640 
0 237 391 640 
0 236 391 640 
0 236 392 640 
0 235 392 640 
0 235 393 640 
0 234 394 640 
0 234 394 640 
0 234 395 640 
0 233 395 640 
0 233 396 640 
0 233 396 640 
0 232 397 640 
0 232 397 640 
0 232 397 640 
