0 320 
0 320 
0 320 
0 320 
0 320 
0 320 
0 320 
0 320 
0 320 
0 320 
0 320 
0 320 
0 320 
0 320 
0 320 
0 320 
0 320 
0 320 
0 320 
0 320 
0 320 
0 320 
0 320 
0 320 
0 320 
0 320 
0 320 
0 320 
0 320 
0 320 
0 320 
0 320 
0 320 
0 320 
0 320 
0 320 
0 320 
0 320 
0 320 
0 320 
0 320 
0 320 
0 320 
0 320 
0 320 
0 320 
0 320 
0 320 
0 320 
0 320 
0 320 
0 320 
0 320 
0 320 
0 320 
0 320 
0 320 
0 320 
0 320 
0 320 
0 320 
0 320 
0 320 
0 320 
0 320 
0 320 
0 320 
0 320 
0 320 
0 320 
0 320 
0 320 
0 320 
0 320 
0 320 
0 320 
0 320 
0 320 
0 320 
0 320 
0 320 
0 320 
0 320 
0 320 
0 320 
0 320 
0 320 
0 320 
0 320 
0 320 
0 320 
0 320 
0 320 
0 320 
0 320 
0 320 
0 320 
0 320 
0 320 
0 320 
0 320 
0 320 
0 320 
0 320 
0 320 
0 320 
0 320 
0 320 
0 320 
0 320 
0 320 
0 320 
0 320 
0 320 
0 320 
0 320 
0 320 
0 320 
0 320 
0 320 
0 320 
0 320 
0 321 
0 325 
0 318 320 326 
0 317 320 328 
0 315 320 329 
0 314 320 330 
0 313 320 331 
0 312 320 332 
0 311 320 333 
0 310 320 333 
0 310 320 334 
0 309 320 335 
0 308 320 336 
0 307 320 337 
0 307 320 341 378 380 
0 305 320 346 376 381 
0 298 320 349 375 382 
0 264 268 295 320 351 373 383 
0 263 269 293 320 353 372 383 
0 262 270 291 320 355 371 383 
0 262 271 289 320 356 370 384 
0 262 272 287 320 357 369 384 
0 261 274 286 320 358 368 384 
0 261 275 285 320 360 366 384 
0 261 276 284 320 361 365 384 
0 261 277 283 320 362 364 384 
0 261 278 282 320 384 
0 261 279 281 320 384 
0 261 320 384 
0 261 320 384 
0 261 320 384 
0 261 320 384 
0 262 320 384 
0 262 320 384 
0 262 320 383 
0 262 320 383 
0 262 320 383 
0 262 320 383 
0 262 320 383 
0 262 320 383 
0 263 320 383 
0 263 320 383 
0 263 320 382 
0 263 320 382 
0 263 320 382 
0 263 320 382 
0 263 320 382 
0 264 320 382 
0 264 320 382 
0 264 320 381 
0 264 320 381 
0 264 320 381 
0 265 320 381 
0 265 320 381 
0 265 320 380 
0 265 320 380 
0 253 254 266 320 380 
0 252 256 266 320 380 
0 251 257 266 320 380 
0 250 258 266 320 379 389 391 
0 250 259 265 320 379 387 392 
0 250 320 379 384 392 
0 251 320 380 383 392 
0 251 320 392 
0 247 320 392 
0 248 320 392 
0 249 320 392 
0 251 320 392 
0 253 320 392 
0 255 320 391 
0 257 320 391 
0 259 261 264 320 382 385 390 
0 266 320 381 
0 267 320 381 
0 267 320 380 
0 266 320 378 
0 264 320 379 
0 263 320 380 
0 258 259 261 320 382 
0 255 320 384 
0 255 320 386 
0 254 320 387 
0 254 320 387 
0 253 320 388 
0 252 320 389 
0 251 320 390 
0 251 320 391 
0 251 320 392 
0 253 320 393 
0 254 255 256 268 269 320 393 
0 255 267 270 320 394 
0 255 267 271 320 395 
0 254 266 271 320 379 380 395 
0 254 265 270 320 378 382 396 
0 253 261 270 320 377 382 396 
0 253 260 270 320 378 388 397 
0 253 259 270 320 378 389 397 
0 253 258 270 320 378 390 398 
0 253 257 270 320 379 391 398 
0 252 257 269 320 379 391 397 
0 252 257 269 320 380 392 397 
0 252 257 269 320 380 392 397 
0 252 257 269 320 381 392 397 
0 252 257 268 320 381 392 397 
0 252 257 268 320 382 392 397 
0 252 257 267 320 382 392 397 
0 253 257 267 320 383 392 397 
0 253 257 266 320 383 391 397 
0 253 257 266 267 269 320 379 391 397 
0 253 258 269 274 275 320 379 391 397 
0 254 258 269 273 275 320 380 390 396 
0 254 259 269 273 276 320 369 370 380 390 396 
0 254 260 269 272 277 320 369 371 380 389 395 
0 255 260 269 271 277 320 368 371 375 377 380 388 395 
0 256 261 269 271 278 320 368 372 374 378 381 387 395 
0 256 262 269 270 279 320 368 378 381 387 394 
0 257 262 279 320 367 386 393 
0 257 263 280 320 367 385 393 
0 258 264 280 282 283 320 366 384 392 
0 259 265 284 320 366 383 392 
0 259 266 284 320 366 382 391 
0 260 267 284 320 365 381 390 
0 261 268 285 320 365 380 389 
0 262 269 285 320 364 379 389 
0 262 270 285 320 364 378 388 
0 263 271 285 289 290 320 364 376 387 
0 264 272 285 289 291 320 363 375 386 
0 265 274 286 288 291 306 308 320 362 374 385 
0 266 275 286 288 291 300 302 306 308 320 361 373 384 
0 267 276 286 288 290 300 303 306 308 320 361 371 383 
0 268 277 286 288 289 300 303 306 309 320 340 341 346 347 362 370 382 
0 269 278 286 300 304 307 309 320 340 341 345 347 362 369 381 
0 270 280 286 298 304 307 309 320 339 341 344 348 362 367 380 
0 271 281 286 298 305 307 309 320 344 350 379 
0 272 298 305 320 343 350 378 
0 273 297 306 320 343 351 377 
0 274 297 307 320 342 351 375 
0 275 296 307 320 342 351 374 
0 277 295 306 320 341 352 373 
0 278 295 306 320 340 352 372 
0 279 295 305 320 371 
0 279 320 369 
0 277 320 370 
0 274 320 374 
0 272 320 376 
0 272 320 376 
0 272 320 377 
0 272 320 377 
0 272 320 377 
0 272 320 377 
0 272 320 377 
0 272 320 377 
0 272 320 377 
0 272 320 376 
0 272 320 377 
0 272 320 377 
0 272 320 376 
0 272 320 376 
0 272 320 375 
0 271 320 376 
0 270 320 377 
0 269 320 378 
0 268 320 379 
0 268 320 380 
0 267 320 381 
0 266 320 381 
0 265 320 382 
0 265 320 382 
0 264 320 383 
0 264 320 383 
0 264 320 384 
0 263 320 384 
0 263 320 384 
0 263 320 385 
0 262 320 385 
0 262 320 386 
0 261 320 386 
0 261 320 386 
0 260 320 387 
0 260 320 387 
0 259 320 388 
0 259 320 388 
0 258 320 388 
0 258 320 389 
0 257 320 389 
0 256 320 390 
0 256 320 390 
0 255 320 391 
0 255 320 391 
0 254 320 392 
0 253 320 392 
0 253 320 393 
0 252 320 393 
0 252 320 394 
0 251 320 394 
0 251 320 395 
0 250 320 395 
0 250 320 395 
0 250 320 396 
0 249 320 396 
0 249 320 396 
0 249 320 396 
0 249 320 396 
0 250 320 396 
0 250 320 397 
0 250 320 397 
0 250 320 397 
0 249 320 397 
0 249 320 397 
0 249 320 397 
0 248 320 397 
0 248 320 398 
0 248 320 398 
0 248 320 398 
0 247 320 398 
0 247 320 399 
0 246 320 399 
0 246 320 399 
0 246 320 399 
0 245 320 400 
0 245 320 400 
0 245 255 257 320 400 
0 245 254 257 320 400 
0 245 253 256 320 388 389 400 
0 245 253 256 320 388 390 400 
0 245 252 255 320 388 391 400 
0 245 252 255 320 388 391 399 
0 245 251 254 320 388 392 399 
0 245 251 254 320 388 393 399 
0 245 250 254 320 389 393 398 
0 246 249 254 320 389 394 398 
0 254 320 389 395 397 
0 254 320 389 
0 254 320 389 
0 254 320 389 
0 255 320 389 
0 255 320 389 
0 256 320 389 
0 256 320 388 
0 257 320 388 
0 257 320 388 
0 257 320 388 
0 257 320 388 
0 257 320 388 
0 257 320 388 
0 257 320 388 
0 257 320 388 
0 257 320 388 
0 256 320 388 
0 256 320 388 
0 256 320 388 
0 256 320 387 
0 255 320 387 
0 255 320 387 
0 255 320 387 
0 255 320 387 
0 255 320 387 
0 255 320 387 
0 255 320 387 
0 255 320 387 
0 255 320 387 
0 254 320 387 
0 254 320 387 
0 254 320 387 
0 254 320 387 
0 254 320 387 
0 254 320 387 
0 254 320 387 
0 254 320 387 
0 254 320 387 
0 254 320 387 
0 254 320 387 
0 254 320 387 
0 254 320 387 
0 254 320 386 
0 255 320 386 
0 255 320 386 
0 256 320 385 
0 256 320 385 
0 257 320 385 
0 258 320 385 
0 258 320 385 
0 259 320 385 
0 259 320 385 
0 259 320 385 
0 260 320 385 
0 260 320 385 
0 260 320 385 
0 260 263 265 320 377 379 385 
0 260 264 266 320 377 378 385 
0 260 264 267 320 376 378 385 
0 260 264 268 320 376 378 385 
0 260 264 269 320 376 378 385 
0 260 264 269 320 377 378 385 
0 260 264 269 320 385 
0 260 264 268 320 385 
0 260 264 268 320 385 
0 260 264 267 320 385 
0 260 265 267 320 385 
0 260 265 266 320 385 
0 260 265 266 320 385 
0 260 320 385 
0 260 320 385 
0 260 320 385 
0 260 320 385 
0 260 320 385 
0 260 320 385 
0 260 320 385 
0 260 320 385 
0 260 320 385 
0 260 320 385 
0 260 320 385 
0 260 320 385 
0 260 320 386 
0 259 320 386 
0 259 320 387 
0 259 320 387 
0 258 320 388 
0 258 320 388 
0 257 320 389 
0 257 320 389 
0 256 320 390 
0 256 320 390 
0 255 320 390 
0 255 320 391 
0 255 320 391 
0 254 320 392 
0 254 320 392 
0 254 320 393 
0 253 320 393 
0 253 320 393 
0 252 320 393 
0 252 320 394 
0 252 320 394 
0 251 320 395 
0 251 320 395 
0 250 320 395 
0 250 320 396 
0 250 320 396 
0 249 320 396 
0 249 320 397 
0 249 320 397 
0 248 320 397 
0 248 320 398 
0 248 320 398 
0 248 320 398 
0 249 320 398 
0 249 320 397 
0 249 320 397 
0 249 320 398 
0 248 320 398 
0 248 320 398 
0 248 320 398 
0 247 320 399 
0 246 320 400 
0 246 320 400 
0 245 320 401 
0 245 319 402 
