0 640 
0 640 
0 640 
0 640 
0 640 
0 640 
0 640 
0 640 
0 640 
0 640 
0 640 
0 640 
0 640 
0 640 
0 640 
0 640 
0 640 
0 640 
0 640 
0 640 
0 640 
0 640 
0 640 
0 640 
0 640 
0 640 
0 640 
0 640 
0 640 
0 640 
0 640 
0 640 
0 640 
0 640 
0 640 
0 640 
0 640 
0 640 
0 640 
0 640 
0 640 
0 640 
0 640 
0 640 
0 640 
0 640 
0 640 
0 640 
0 640 
0 640 
0 640 
0 640 
0 640 
0 640 
0 640 
0 640 
0 640 
0 640 
0 640 
0 640 
0 640 
0 640 
0 640 
0 640 
0 640 
0 640 
0 640 
0 640 
0 640 
0 640 
0 640 
0 640 
0 640 
0 640 
0 640 
0 640 
0 640 
0 640 
0 640 
0 640 
0 640 
0 640 
0 640 
0 640 
0 640 
0 640 
0 640 
0 640 
0 640 
0 640 
0 640 
0 640 
0 640 
0 640 
0 640 
0 640 
0 640 
0 640 
0 640 
0 640 
0 640 
0 640 
0 640 
0 640 
0 640 
0 640 
0 640 
0 640 
0 640 
0 640 
0 640 
0 640 
0 640 
0 326 331 640 
0 321 333 640 
0 315 333 640 
0 311 334 640 
0 307 336 640 
0 303 336 640 
0 300 336 640 
0 298 336 640 
0 295 338 640 
0 207 213 281 339 640 
0 205 229 275 339 640 
0 204 237 269 270 272 339 640 
0 204 242 266 339 640 
0 204 246 263 339 640 
0 203 249 260 338 640 
0 202 252 257 339 640 
0 202 340 640 
0 202 340 640 
0 202 340 640 
0 202 340 640 
0 202 340 640 
0 201 340 640 
0 202 339 640 
0 202 339 640 
0 203 338 640 
0 203 338 640 
0 203 338 640 
0 203 341 640 
0 204 341 640 
0 204 340 640 
0 204 340 640 
0 205 340 640 
0 206 340 640 
0 206 340 640 
0 206 339 640 
0 206 339 640 
0 207 338 640 
0 207 338 640 
0 207 338 640 
0 207 340 640 
0 207 340 640 
0 208 339 640 
0 209 339 640 
0 210 339 640 
0 210 339 640 
0 210 339 640 
0 210 339 640 
0 210 339 640 
0 211 339 640 
0 211 339 640 
0 212 339 640 
0 213 339 640 
0 213 340 640 
0 213 340 640 
0 214 340 640 
0 214 340 640 
0 214 340 640 
0 215 341 640 
0 215 341 640 
0 216 341 640 
0 217 338 339 341 640 
0 218 337 340 341 640 
0 219 337 640 
0 219 336 640 
0 219 336 640 
0 221 336 640 
0 221 336 640 
0 222 336 640 
0 222 335 640 
0 223 335 640 
0 224 231 235 335 640 
0 226 229 235 335 640 
0 235 335 640 
0 235 335 640 
0 235 334 640 
0 234 334 640 
0 234 334 640 
0 234 331 640 
0 233 331 640 
0 233 331 640 
0 233 331 640 
0 233 327 328 331 640 
0 232 326 328 330 640 
0 232 326 328 330 640 
0 232 326 328 330 640 
0 232 326 328 330 640 
0 231 326 328 329 640 
0 231 326 328 329 640 
0 231 324 328 329 640 
0 230 324 640 
0 230 323 640 
0 230 323 640 
0 230 323 640 
0 230 323 640 
0 229 323 640 
0 229 323 640 
0 229 323 640 
0 229 323 640 
0 233 323 640 
0 235 323 640 
0 235 323 640 
0 235 323 640 
0 235 323 640 
0 235 323 640 
0 235 324 640 
0 235 324 640 
0 235 324 640 
0 235 324 640 
0 234 324 640 
0 234 324 640 
0 234 324 640 
0 234 324 640 
0 234 324 640 
0 234 325 640 
0 234 325 640 
0 233 325 640 
0 233 325 640 
0 233 325 640 
0 233 325 640 
0 233 325 640 
0 232 326 640 
0 232 329 640 
0 232 333 640 
0 232 336 640 
0 232 338 640 
0 231 340 640 
0 231 342 640 
0 231 344 640 
0 230 346 640 
0 230 348 640 
0 230 349 640 
0 230 350 640 
0 230 351 640 
0 230 352 640 
0 229 353 640 
0 229 353 640 
0 229 353 640 
0 229 354 640 
0 228 354 640 
0 228 355 640 
0 228 355 640 
0 228 356 640 
0 227 357 640 
0 226 358 640 
0 225 358 640 
0 225 359 640 
0 224 359 640 
0 223 359 640 
0 222 360 640 
0 222 360 640 
0 221 361 640 
0 220 361 640 
0 219 361 640 
0 218 362 640 
0 217 362 640 
0 216 362 640 
0 215 363 640 
0 214 363 640 
0 213 363 640 
0 212 363 640 
0 211 364 640 
0 209 364 640 
0 208 364 640 
0 207 365 640 
0 206 365 640 
0 204 365 640 
0 203 365 640 
0 202 366 640 
0 201 366 640 
0 200 366 640 
0 199 366 640 
0 197 367 640 
0 196 368 640 
0 195 369 640 
0 195 204 205 369 640 
0 194 202 205 370 640 
0 194 200 205 370 640 
0 193 196 204 371 640 
0 203 371 640 
0 203 372 640 
0 203 372 640 
0 202 372 640 
0 202 372 640 
0 201 372 640 
0 201 373 640 
0 200 373 640 
0 200 373 640 
0 200 373 640 
0 200 373 640 
0 200 374 640 
0 199 205 206 374 640 
0 199 203 206 374 640 
0 199 202 206 374 640 
0 199 202 207 374 640 
0 199 201 207 374 640 
0 199 200 208 375 640 
0 198 199 210 375 640 
0 210 376 640 
0 210 376 640 
0 210 275 276 377 640 
0 210 274 277 378 640 
0 209 272 276 379 640 
0 209 260 264 271 276 380 640 
0 208 259 265 269 276 381 640 
0 208 259 276 382 640 
0 207 259 276 383 640 
0 207 259 277 384 640 
0 206 259 277 386 640 
0 206 259 277 387 640 
0 205 259 277 388 640 
0 205 259 277 389 640 
0 204 260 277 390 640 
0 203 260 277 391 640 
0 203 260 277 392 640 
0 202 259 277 393 640 
0 202 259 276 394 640 
0 201 259 276 395 640 
0 201 259 276 397 640 
0 200 258 276 398 640 
0 200 258 276 399 640 
0 199 258 276 400 640 
0 198 258 276 401 640 
0 197 257 276 402 640 
0 197 257 276 403 640 
0 196 257 276 404 640 
0 195 256 276 405 640 
0 194 256 276 406 640 
0 193 255 276 407 640 
0 192 255 276 408 640 
0 191 254 276 409 640 
0 191 254 276 410 640 
0 190 254 276 412 640 
0 189 253 276 413 640 
0 188 253 276 414 640 
0 187 252 276 414 640 
0 186 252 276 415 640 
0 185 251 276 415 640 
0 184 251 276 416 640 
0 183 250 276 416 640 
0 183 250 276 416 640 
0 182 249 276 416 640 
0 181 249 276 416 640 
0 180 248 276 416 640 
0 179 248 276 415 640 
0 178 247 277 415 640 
0 177 246 277 414 640 
0 176 246 277 413 640 
0 175 245 276 412 640 
0 175 245 275 411 640 
0 174 244 275 410 640 
0 173 244 274 410 640 
0 172 243 273 409 640 
0 171 242 272 409 640 
0 170 242 272 409 640 
0 169 241 271 409 640 
0 168 241 270 409 640 
0 168 240 270 409 640 
0 167 239 269 410 640 
0 166 239 268 395 398 410 640 
0 165 238 268 394 399 411 640 
0 164 237 267 393 399 412 640 
0 163 236 267 391 399 413 640 
0 162 236 266 390 399 413 640 
0 161 235 265 389 400 414 640 
0 161 234 265 388 400 415 640 
0 160 233 265 387 400 416 640 
0 159 232 264 386 400 418 640 
0 158 232 264 385 401 420 640 
0 157 231 263 385 401 423 640 
0 156 230 263 384 402 425 640 
0 155 229 262 384 403 426 640 
0 154 228 262 383 404 426 640 
0 153 227 261 383 405 425 640 
0 152 226 261 382 406 425 640 
0 152 225 261 382 408 424 640 
0 151 224 260 382 410 423 640 
0 150 223 260 381 412 421 640 
0 149 221 259 381 640 
0 148 220 259 381 640 
0 147 219 259 380 640 
0 147 218 258 380 640 
0 146 217 258 380 640 
0 145 216 258 380 640 
0 145 214 257 380 640 
0 145 213 257 379 640 
0 145 212 257 379 640 
0 145 210 256 379 640 
0 144 209 256 379 640 
0 142 207 256 368 369 378 640 
0 140 206 255 368 371 378 640 
0 139 204 255 368 373 378 640 
0 136 203 255 369 375 377 640 
0 134 201 254 369 640 
0 132 200 254 369 640 
0 130 199 254 370 640 
0 129 197 253 370 640 
0 128 135 141 196 253 370 640 
0 128 133 143 194 253 371 640 
0 128 132 143 193 253 371 640 
0 143 191 252 371 640 
0 142 190 252 371 640 
0 142 189 252 372 640 
0 142 187 251 372 640 
0 141 186 251 372 640 
0 141 184 251 372 640 
0 141 183 250 373 640 
0 140 182 250 373 640 
0 140 180 250 373 640 
0 139 179 249 374 640 
0 139 178 249 374 640 
0 138 177 249 374 640 
0 138 175 248 375 640 
0 137 174 248 375 640 
0 136 172 248 375 640 
0 136 171 248 375 640 
0 135 170 247 375 640 
0 134 169 247 376 640 
0 134 168 247 376 640 
0 133 167 246 376 640 
0 132 166 246 376 640 
0 131 139 140 166 246 377 640 
0 130 138 140 165 245 377 640 
0 130 136 139 164 245 377 640 
0 129 135 138 163 245 377 640 
0 128 135 137 145 146 162 244 377 640 
0 127 134 136 144 145 153 154 161 244 378 640 
0 126 133 135 143 145 152 154 160 244 378 640 
0 126 132 135 142 144 160 243 378 640 
0 125 131 134 141 143 159 243 378 640 
0 125 130 133 140 142 158 243 379 640 
0 124 128 132 157 242 379 640 
0 124 127 131 156 242 379 640 
0 130 154 242 380 640 
0 129 153 242 380 640 
0 128 152 241 380 640 
0 128 133 135 151 241 380 640 
0 127 132 134 150 240 380 640 
0 127 130 134 140 144 147 240 381 640 
0 134 139 240 381 640 
0 239 381 640 
0 239 382 640 
0 239 382 640 
0 239 382 640 
0 238 382 640 
0 238 383 640 
0 238 383 640 
0 237 383 640 
0 237 383 640 
0 237 384 640 
0 236 384 640 
0 236 384 640 
0 236 385 640 
0 235 385 640 
0 235 385 640 
0 235 385 640 
0 234 386 640 
0 234 386 640 
0 234 386 640 
0 233 386 640 
0 233 387 640 
0 233 387 640 
0 232 387 640 
0 232 388 640 
0 232 388 640 
0 231 388 640 
0 231 388 640 
0 231 388 640 
