0 640 
0 640 
0 640 
0 640 
0 640 
0 640 
0 640 
0 640 
0 640 
0 640 
0 640 
0 640 
0 640 
0 640 
0 640 
0 640 
0 640 
0 640 
0 640 
0 640 
0 640 
0 640 
0 640 
0 640 
0 640 
0 640 
0 640 
0 640 
0 640 
0 640 
0 640 
0 640 
0 640 
0 640 
0 640 
0 640 
0 640 
0 640 
0 640 
0 640 
0 640 
0 640 
0 640 
0 640 
0 640 
0 640 
0 640 
0 640 
0 640 
0 640 
0 640 
0 640 
0 640 
0 640 
0 640 
0 640 
0 640 
0 640 
0 640 
0 640 
0 640 
0 640 
0 640 
0 640 
0 640 
0 640 
0 640 
0 640 
0 640 
0 640 
0 640 
0 640 
0 640 
0 640 
0 640 
0 640 
0 640 
0 640 
0 640 
0 640 
0 640 
0 640 
0 640 
0 640 
0 640 
0 640 
0 640 
0 640 
1 640 
2 640 
2 640 
3 640 
3 640 
4 640 
5 640 
6 640 
7 640 
7 640 
8 640 
9 640 
9 640 
10 640 
11 640 
12 640 
12 640 
13 640 
14 640 
14 640 
15 640 
16 640 
17 640 
17 640 
18 640 
18 640 
19 640 
20 640 
20 640 
21 640 
21 640 
22 640 
22 640 
22 640 
23 640 
24 640 
24 640 
25 640 
25 640 
26 640 
26 640 
27 111 123 640 
27 108 126 640 
29 106 128 640 
30 105 129 640 
31 103 131 640 
32 101 132 640 
40 99 133 640 
43 98 135 640 
54 96 136 640 
65 95 137 640 
78 94 137 640 
88 93 138 640 
139 640 
139 640 
140 640 
140 640 
141 640 
141 640 
141 640 
141 640 
141 640 
141 640 
141 640 
141 640 
140 640 
139 640 
138 640 
137 640 
135 640 
131 640 
128 640 
128 640 
128 640 
128 640 
128 640 
128 640 
128 640 
128 640 
129 640 
129 640 
129 640 
129 640 
130 640 
130 640 
130 640 
130 640 
130 308 311 640 
131 306 312 640 
131 305 313 640 
131 304 314 640 
131 304 314 640 
131 303 315 640 
132 303 315 640 
132 302 315 640 
132 302 315 640 
132 301 314 640 
133 301 314 640 
133 301 313 640 
134 301 313 640 
134 300 312 640 
135 300 312 640 
135 300 311 640 
136 300 311 640 
135 300 311 640 
134 300 310 640 
134 301 310 640 
133 301 310 640 
132 301 310 640 
132 302 310 640 
131 302 310 640 
131 302 310 640 
130 303 311 640 
129 303 311 640 
129 303 311 640 
128 304 312 640 
128 304 312 640 
127 304 312 640 
127 305 313 640 
126 305 313 640 
126 306 313 640 
126 307 313 640 
125 307 313 640 
125 308 313 640 
124 309 314 640 
124 310 314 640 
123 310 314 640 
123 312 315 640 
123 313 316 640 
123 313 316 640 
123 314 317 640 
122 314 317 640 
122 315 318 640 
122 316 318 640 
122 317 319 640 
122 318 319 640 
121 640 
121 640 
121 640 
121 640 
121 640 
121 640 
120 640 
120 640 
120 640 
120 640 
120 640 
120 640 
120 640 
120 640 
120 640 
120 640 
119 640 
119 640 
119 640 
119 640 
119 640 
119 640 
118 640 
118 640 
118 640 
118 640 
118 640 
118 640 
118 640 
118 640 
118 640 
117 640 
105 107 117 640 
104 111 116 640 
104 640 
103 640 
103 640 
103 640 
103 640 
103 640 
103 640 
103 640 
103 640 
103 640 
103 640 
103 640 
103 640 
103 640 
103 640 
103 640 
102 640 
102 640 
101 640 
101 640 
100 640 
100 640 
100 640 
100 640 
100 640 
100 640 
76 77 101 640 
76 78 102 640 
76 78 102 640 
75 78 98 99 103 640 
75 78 98 101 103 640 
75 78 97 102 104 640 
75 78 97 103 105 640 
75 78 86 87 96 104 105 640 
75 79 85 87 96 105 106 640 
74 79 85 87 95 106 107 640 
74 79 85 87 95 640 
74 79 85 87 94 640 
74 79 85 86 94 640 
74 79 93 640 
73 79 93 640 
73 79 92 640 
73 78 92 640 
73 78 83 85 91 640 
73 78 83 85 90 640 
73 77 90 640 
73 77 89 640 
73 77 88 640 
74 76 88 640 
74 76 79 80 88 640 
78 80 87 640 
78 80 87 640 
77 80 86 640 
76 80 85 640 
76 80 84 640 
76 81 84 640 
76 81 83 640 
76 82 83 640 
76 82 83 640 
76 640 
77 640 
77 640 
77 640 
77 640 
77 640 
77 640 
77 640 
78 640 
78 640 
78 640 
78 640 
78 640 
78 640 
76 640 
76 640 
77 640 
77 640 
77 640 
78 640 
78 640 
78 640 
79 640 
79 640 
80 640 
80 640 
80 640 
80 640 
81 640 
81 640 
81 640 
81 640 
82 640 
82 640 
82 640 
82 640 
83 640 
83 640 
83 640 
83 640 
83 640 
84 640 
84 640 
85 640 
86 640 
87 640 
89 640 
91 640 
92 640 
94 640 
96 640 
97 640 
99 640 
100 640 
89 90 101 640 
88 640 
88 640 
89 640 
89 640 
90 640 
90 640 
90 640 
90 640 
91 640 
91 640 
91 640 
92 640 
92 640 
92 640 
93 640 
94 640 
94 640 
95 640 
95 640 
96 640 
67 69 96 640 
67 70 97 640 
67 71 97 640 
67 73 98 640 
68 75 99 640 
68 76 99 640 
68 78 81 83 100 640 
68 79 81 84 100 640 
69 85 101 640 
69 86 101 640 
69 87 102 640 
70 89 102 640 
70 90 103 640 
70 92 104 640 
71 93 105 640 
71 95 105 640 
71 96 106 640 
71 97 107 640 
72 98 108 640 
72 98 109 640 
72 99 109 640 
72 99 110 640 
73 100 102 104 111 640 
73 101 102 105 112 640 
73 101 103 107 112 640 
73 102 103 109 113 640 
74 110 114 640 
74 112 115 640 
75 114 115 640 
75 640 
76 640 
76 640 
76 640 
77 640 
77 640 
77 640 
59 62 77 640 
59 64 78 640 
59 66 78 640 
60 69 79 640 
60 71 79 640 
61 72 80 640 
52 54 61 73 80 640 
53 55 61 74 80 640 
52 56 62 75 80 640 
51 57 62 76 81 640 
51 57 62 77 81 640 
51 58 62 77 82 640 
50 59 62 79 82 640 
49 60 63 80 82 640 
49 61 63 81 82 640 
49 62 63 82 83 640 
50 63 64 640 
50 640 
50 640 
50 640 
51 640 
51 640 
51 640 
51 640 
51 640 
52 640 
52 640 
52 640 
52 640 
52 640 
52 640 
53 640 
53 640 
53 640 
53 640 
54 640 
54 640 
54 640 
55 640 
55 640 
55 640 
31 33 55 640 
30 34 55 640 
30 36 56 640 
30 38 56 640 
29 39 56 640 
29 41 47 48 56 640 
29 42 47 49 57 640 
16 17 29 44 45 50 57 640 
12 17 29 51 57 640 
2 5 11 18 20 21 28 52 57 640 
2 5 11 18 20 22 28 53 56 640 
