0 640 
0 640 
0 640 
0 640 
0 640 
0 640 
0 640 
0 640 
0 640 
0 640 
0 640 
0 640 
0 640 
0 640 
0 640 
0 640 
0 640 
0 640 
0 640 
0 640 
0 640 
0 640 
0 640 
0 640 
0 640 
0 640 
0 640 
0 640 
0 640 
0 640 
0 640 
0 640 
0 640 
0 640 
0 640 
0 640 
0 640 
0 640 
0 640 
0 640 
0 640 
0 640 
0 640 
0 640 
0 640 
0 640 
0 640 
0 640 
0 640 
0 640 
0 640 
0 640 
0 640 
0 640 
0 640 
0 640 
0 640 
0 640 
0 318 341 640 
0 307 346 640 
0 299 350 640 
0 294 353 640 
0 290 355 640 
0 287 357 640 
0 285 359 640 
0 282 362 640 
0 280 363 640 
0 278 364 640 
0 277 365 640 
0 275 367 640 
0 274 368 640 
0 272 370 640 
0 271 371 640 
0 270 372 640 
0 269 374 640 
0 268 374 640 
0 267 376 640 
0 266 376 640 
0 265 377 640 
0 264 378 640 
0 264 380 640 
0 262 380 640 
0 261 381 640 
0 261 382 640 
0 260 383 640 
0 260 384 640 
0 259 385 640 
0 258 385 640 
0 257 386 640 
0 257 386 640 
0 256 387 640 
0 256 388 640 
0 255 389 640 
0 255 389 640 
0 254 390 640 
0 253 390 640 
0 253 391 640 
0 253 392 640 
0 252 393 640 
0 252 394 640 
0 251 399 640 
0 251 403 640 
0 250 406 640 
0 250 408 640 
0 250 410 640 
0 249 412 640 
0 249 413 640 
0 248 414 640 
0 247 398 404 415 640 
0 243 397 408 415 640 
0 239 398 412 416 640 
0 236 398 414 416 640 
0 234 399 415 416 640 
0 233 399 640 
0 231 399 640 
0 230 400 640 
0 229 400 640 
0 228 240 245 400 640 
0 227 235 246 400 640 
0 226 233 245 400 640 
0 225 230 245 400 640 
0 225 227 245 401 415 417 640 
0 245 401 415 418 640 
0 244 401 414 418 640 
0 244 401 414 418 640 
0 244 402 413 418 640 
0 244 402 412 417 640 
0 244 402 411 417 640 
0 244 402 410 417 640 
0 244 402 410 416 640 
0 244 402 408 415 640 
0 223 225 243 415 640 
0 223 226 243 414 640 
0 223 227 244 414 640 
0 223 227 244 413 640 
0 223 228 243 412 640 
0 224 229 244 411 640 
0 224 230 244 411 640 
0 224 231 244 410 640 
0 225 232 244 410 640 
0 225 233 243 409 640 
0 226 234 244 408 640 
0 226 235 244 407 640 
0 227 236 244 406 640 
0 228 237 244 405 640 
0 229 239 244 405 640 
0 229 403 640 
0 230 402 640 
0 231 402 640 
0 232 402 640 
0 233 402 640 
0 234 403 640 
0 235 403 640 
0 236 404 640 
0 237 404 640 
0 238 405 640 
0 240 405 640 
0 240 406 640 
0 239 406 640 
0 238 407 640 
0 237 408 640 
0 236 409 640 
0 235 409 640 
0 235 410 640 
0 234 410 640 
0 232 411 640 
0 231 412 640 
0 228 413 640 
0 223 414 640 
0 221 415 640 
0 220 416 640 
0 220 417 640 
0 220 417 640 
0 221 418 640 
0 221 418 640 
0 221 418 640 
0 221 418 640 
0 222 418 640 
0 222 418 640 
0 221 417 640 
0 220 417 640 
0 219 417 640 
0 219 417 640 
0 218 417 640 
0 217 417 640 
0 216 406 412 416 640 
0 217 404 413 415 640 
0 218 403 640 
0 219 403 640 
0 220 402 640 
0 223 402 640 
0 226 401 640 
0 228 401 640 
0 229 400 640 
0 230 400 640 
0 232 400 640 
0 234 245 252 400 640 
0 236 244 253 400 640 
0 238 244 254 400 640 
0 239 243 254 400 640 
0 254 399 640 
0 254 400 640 
0 254 400 640 
0 254 400 640 
0 254 400 640 
0 254 400 640 
0 254 400 640 
0 254 401 640 
0 254 401 640 
0 254 401 640 
0 254 401 640 
0 254 402 640 
0 254 402 640 
0 254 402 640 
0 254 402 640 
0 254 402 640 
0 254 402 640 
0 254 402 640 
0 254 402 640 
0 254 402 640 
0 254 402 640 
0 254 402 640 
0 254 403 640 
0 254 402 640 
0 254 403 640 
0 254 403 640 
0 254 403 640 
0 254 403 640 
0 254 403 640 
0 254 403 640 
0 254 403 640 
0 254 403 640 
0 254 403 640 
0 254 403 640 
0 254 404 640 
0 254 404 640 
0 254 404 640 
0 254 404 640 
0 254 404 640 
0 254 404 640 
0 254 404 640 
0 254 404 640 
0 254 404 640 
0 254 404 640 
0 254 405 640 
0 254 405 640 
0 254 405 640 
0 254 405 640 
0 254 405 640 
0 254 405 640 
0 254 405 640 
0 253 405 640 
0 253 405 640 
0 253 405 640 
0 253 406 640 
0 253 405 640 
0 253 405 640 
0 253 406 640 
0 253 406 640 
0 253 406 640 
0 253 406 640 
0 253 406 640 
0 253 406 640 
0 253 406 640 
0 253 406 640 
0 253 406 640 
0 253 406 640 
0 253 406 640 
0 253 406 640 
0 253 406 640 
0 250 406 640 
0 246 406 640 
0 242 407 640 
0 241 407 640 
0 240 407 640 
0 238 407 640 
0 237 407 640 
0 236 407 640 
0 235 407 640 
0 235 407 640 
0 233 407 640 
0 232 407 640 
0 231 407 640 
0 229 407 640 
0 228 407 640 
0 226 407 640 
0 224 407 640 
0 223 407 640 
0 221 408 640 
0 220 408 640 
0 219 408 640 
0 218 408 640 
0 217 408 640 
0 216 408 640 
0 215 408 640 
0 214 410 640 
0 214 410 640 
0 213 411 640 
0 213 412 640 
0 212 413 640 
0 211 414 640 
0 211 415 640 
0 210 415 640 
0 210 415 640 
0 210 416 640 
0 210 417 640 
0 209 417 640 
0 209 418 640 
0 209 418 640 
0 209 419 640 
0 178 182 208 420 640 
0 177 183 208 420 640 
0 177 185 208 421 640 
0 177 186 207 421 640 
0 176 187 206 421 640 
0 176 422 640 
0 176 423 640 
0 176 423 640 
0 175 423 640 
0 175 424 640 
0 175 424 640 
0 174 425 640 
0 174 425 640 
0 174 426 640 
0 174 426 640 
0 174 426 640 
0 174 427 640 
0 173 427 640 
0 173 427 640 
0 173 428 640 
0 173 428 640 
0 173 428 640 
0 173 428 640 
0 173 428 640 
0 173 429 640 
0 173 429 640 
0 173 429 640 
0 173 429 640 
0 173 429 640 
0 173 429 640 
0 173 181 183 429 640 
0 173 178 183 429 640 
0 175 180 181 429 640 
0 174 429 640 
0 175 429 640 
0 175 429 640 
0 175 429 640 
0 175 429 640 
0 172 429 640 
0 171 429 640 
0 169 429 640 
0 167 429 640 
0 167 428 640 
0 169 246 252 428 640 
0 171 234 253 428 640 
0 172 234 253 428 640 
0 172 234 252 429 640 
0 172 234 252 429 640 
0 173 234 251 429 640 
0 172 234 250 429 640 
0 171 234 249 430 640 
0 171 234 249 430 640 
0 171 234 248 431 640 
0 170 233 248 431 640 
0 170 233 247 431 640 
0 169 232 247 432 640 
0 169 232 246 432 640 
0 168 232 245 433 640 
0 168 222 228 230 245 433 640 
0 167 220 245 434 640 
0 167 220 245 434 640 
0 167 221 244 434 640 
0 166 221 244 434 640 
0 166 222 243 434 640 
0 166 222 243 434 640 
0 166 222 243 434 640 
0 167 222 243 433 640 
0 167 222 242 433 640 
0 167 223 242 433 640 
0 167 223 242 433 640 
0 167 222 242 433 640 
0 168 221 242 432 640 
0 168 220 242 432 640 
0 168 218 242 432 640 
0 169 214 241 431 640 
0 169 206 241 430 640 
0 170 205 241 429 640 
0 170 206 241 428 640 
0 170 206 241 427 640 
0 170 207 241 427 640 
0 171 207 241 428 640 
0 171 207 241 428 640 
0 172 207 241 428 640 
0 172 208 241 428 640 
0 173 208 241 425 426 428 640 
0 173 208 241 424 640 
0 174 209 241 427 640 
0 174 209 241 421 640 
0 175 210 241 420 640 
0 175 210 241 419 640 
0 175 210 241 419 640 
0 176 210 242 420 640 
0 177 211 242 420 640 
0 177 211 242 420 640 
0 178 211 243 421 430 432 640 
0 178 211 243 421 430 435 640 
0 179 212 243 422 430 435 640 
0 179 212 244 422 430 436 640 
0 179 212 244 422 430 436 640 
0 180 212 244 423 431 437 640 
0 180 213 244 423 431 436 640 
0 181 213 245 424 431 436 640 
0 181 213 245 424 434 436 640 
0 181 214 245 425 434 435 640 
0 182 214 245 425 640 
0 182 214 245 425 640 
0 183 214 245 425 640 
0 184 215 245 425 640 
0 184 215 245 426 640 
0 185 215 245 427 640 
0 185 216 245 426 640 
0 185 216 245 420 640 
0 186 216 245 418 640 
0 186 216 245 418 640 
0 187 217 245 419 640 
0 187 217 245 419 640 
0 188 217 245 420 640 
0 188 218 245 420 640 
0 189 218 245 420 640 
0 189 218 245 420 640 
0 190 219 245 420 640 
0 190 219 246 420 640 
0 191 219 246 420 640 
0 191 220 246 420 640 
0 191 220 246 420 640 
0 192 220 246 421 640 
0 192 220 246 421 640 
0 193 221 246 421 640 
0 194 221 246 421 640 
0 194 222 246 421 640 
0 195 222 246 421 640 
0 195 222 246 421 640 
0 195 222 247 422 640 
0 195 222 247 422 640 
0 196 223 247 422 640 
0 196 223 247 422 640 
0 197 224 247 422 640 
0 197 224 247 422 640 
0 198 224 247 422 640 
0 198 225 247 423 640 
0 199 225 247 423 640 
0 199 225 247 424 640 
0 200 226 247 424 640 
0 200 226 247 424 640 
0 200 227 247 424 640 
0 201 227 247 424 640 
0 201 228 247 424 640 
0 202 231 246 424 640 
0 202 235 247 424 640 
0 203 240 246 424 640 
0 203 424 640 
0 203 424 640 
0 204 424 640 
0 204 424 640 
0 205 425 640 
0 205 425 640 
0 205 425 640 
0 206 424 640 
0 206 424 640 
0 207 425 640 
0 207 425 640 
0 208 425 640 
0 208 425 640 
0 208 425 640 
0 209 425 640 
0 210 425 640 
0 210 425 640 
0 210 424 640 
0 211 424 640 
0 211 424 640 
