0 640 
0 640 
0 640 
0 640 
0 640 
0 640 
0 640 
0 640 
0 640 
0 640 
0 640 
0 640 
0 640 
0 640 
0 640 
0 640 
0 640 
0 640 
0 640 
0 640 
0 640 
0 640 
0 640 
0 640 
0 640 
0 640 
0 640 
0 640 
0 640 
0 640 
0 640 
0 640 
0 640 
0 640 
0 640 
0 640 
0 640 
0 640 
0 640 
0 640 
0 640 
0 640 
0 640 
0 640 
0 640 
0 640 
0 640 
0 640 
0 640 
0 640 
0 640 
0 640 
0 640 
0 640 
0 640 
0 640 
0 640 
0 640 
0 640 
0 640 
0 640 
0 640 
0 640 
0 640 
0 640 
0 640 
0 640 
0 640 
0 640 
0 640 
0 640 
0 640 
0 640 
0 640 
0 640 
0 640 
0 640 
0 640 
0 640 
0 640 
0 640 
0 640 
0 640 
0 640 
0 640 
0 640 
0 640 
0 640 
0 640 
0 640 
0 640 
0 640 
0 640 
0 640 
0 640 
0 640 
0 640 
0 640 
0 640 
0 640 
0 640 
0 640 
0 640 
0 640 
0 640 
0 640 
0 640 
0 640 
0 640 
0 640 
0 640 
0 640 
0 640 
0 640 
0 640 
0 640 
0 640 
0 640 
0 640 
0 640 
0 640 
0 640 
0 640 
0 640 
0 640 
0 640 
0 640 
0 640 
0 640 
0 640 
0 640 
0 640 
0 640 
0 640 
0 640 
0 640 
0 640 
0 640 
0 640 
0 640 
0 640 
0 640 
0 640 
0 640 
0 640 
0 640 
0 640 
0 640 
0 640 
0 640 
0 640 
0 640 
0 640 
0 640 
0 640 
0 640 
0 640 
0 640 
0 640 
0 387 388 640 
0 383 384 387 388 390 391 640 
0 383 384 386 387 390 391 640 
0 382 384 386 387 389 390 640 
0 382 384 385 387 388 391 392 393 640 
0 381 392 640 
0 380 392 640 
0 380 392 640 
0 379 391 640 
0 378 390 640 
0 377 390 640 
0 377 390 640 
0 373 375 376 391 640 
0 373 393 640 
0 374 393 640 
0 374 393 640 
0 372 393 640 
0 368 393 640 
0 367 392 640 
0 367 392 640 
0 366 391 640 
0 366 381 383 389 640 
0 365 380 383 388 640 
0 364 380 384 387 640 
0 363 380 640 
0 362 381 640 
0 361 381 640 
0 360 382 640 
0 359 382 640 
0 358 376 377 383 640 
0 357 375 378 382 640 
0 356 375 378 379 640 
0 356 376 377 378 640 
0 355 378 640 
0 354 374 375 378 640 
0 353 376 640 
0 351 377 640 
0 350 377 640 
0 349 375 640 
0 348 374 640 
0 346 374 640 
0 344 374 640 
0 309 318 342 373 640 
0 305 318 340 373 640 
0 304 318 335 372 640 
0 303 318 329 371 640 
0 301 318 319 320 325 369 640 
0 301 318 323 368 640 
0 300 317 318 320 321 368 640 
0 299 317 319 367 640 
0 298 367 640 
0 297 366 640 
0 295 365 640 
0 295 364 640 
0 295 364 640 
0 294 365 640 
0 293 365 640 
0 291 365 640 
0 291 365 640 
0 287 365 640 
0 286 365 640 
0 284 366 640 
0 282 366 640 
0 281 365 640 
0 280 366 640 
0 277 366 640 
0 273 365 640 
0 270 365 640 
0 270 365 640 
0 270 365 640 
0 269 365 640 
0 269 365 640 
0 268 365 640 
0 268 365 640 
0 268 365 640 
0 267 364 640 
0 267 364 640 
0 266 364 640 
0 266 364 640 
0 266 364 640 
0 265 364 640 
0 265 364 640 
0 265 364 640 
0 265 364 640 
0 264 364 640 
0 264 363 640 
0 264 363 640 
0 264 362 640 
0 264 362 640 
0 264 361 640 
0 264 361 640 
0 263 360 640 
0 263 360 640 
0 263 359 640 
0 263 359 640 
0 263 358 640 
0 262 358 640 
0 262 357 640 
0 262 357 640 
0 262 356 640 
0 262 355 640 
0 262 355 640 
0 262 354 640 
0 262 354 640 
0 262 353 640 
0 262 352 640 
0 262 352 640 
0 261 351 640 
0 261 350 640 
0 259 350 640 
0 258 349 640 
0 257 348 640 
0 257 348 640 
0 256 347 640 
0 255 347 640 
0 254 346 640 
0 253 345 640 
0 252 344 640 
0 252 344 640 
0 251 343 640 
0 251 343 640 
0 250 342 640 
0 250 342 640 
0 248 341 640 
0 246 340 640 
0 246 340 640 
0 245 339 640 
0 245 253 255 337 640 
0 245 336 640 
0 241 243 244 335 640 
0 240 245 247 334 640 
0 239 246 247 332 640 
0 237 330 640 
0 235 329 640 
0 236 283 287 327 640 
0 236 281 288 326 640 
0 236 279 291 323 640 
0 235 277 293 319 640 
0 233 274 295 314 640 
0 233 270 300 306 640 
0 233 268 640 
0 233 266 640 
0 233 265 640 
0 234 261 640 
0 234 259 640 
0 234 258 640 
0 233 248 249 257 640 
0 236 243 251 256 640 
0 235 241 251 254 640 
0 234 239 251 253 640 
0 234 236 640 
0 640 
0 640 
0 640 
0 640 
0 640 
0 640 
0 640 
0 640 
0 640 
0 640 
0 640 
0 640 
0 640 
0 640 
0 640 
0 640 
0 640 
0 640 
0 640 
0 640 
0 640 
0 640 
0 640 
0 640 
0 640 
0 640 
0 640 
0 640 
0 640 
0 640 
0 640 
0 640 
0 640 
0 640 
0 640 
0 640 
0 640 
0 640 
0 640 
0 640 
0 640 
0 640 
0 640 
0 640 
0 640 
0 640 
0 640 
0 640 
0 640 
0 640 
0 640 
0 640 
0 640 
0 640 
0 640 
0 640 
0 640 
0 640 
0 640 
0 640 
0 640 
0 640 
0 640 
0 640 
0 640 
0 640 
0 640 
0 640 
0 640 
0 640 
0 640 
0 640 
0 640 
0 640 
0 640 
0 640 
0 640 
0 640 
0 640 
0 640 
0 640 
0 640 
0 640 
0 640 
0 640 
0 640 
0 640 
0 640 
0 640 
0 640 
0 640 
0 640 
0 640 
0 640 
0 640 
0 640 
0 640 
0 640 
0 640 
0 640 
0 640 
0 640 
0 640 
0 640 
0 640 
0 640 
0 640 
0 640 
0 640 
0 640 
0 640 
0 640 
0 640 
0 640 
0 640 
0 640 
0 640 
0 640 
0 640 
0 640 
0 640 
0 640 
0 640 
0 640 
0 640 
0 640 
0 640 
0 640 
0 640 
0 640 
0 640 
0 640 
0 640 
0 640 
0 640 
0 640 
0 640 
0 640 
0 640 
0 640 
0 640 
0 640 
0 640 
0 640 
0 640 
0 640 
0 640 
0 640 
0 640 
0 640 
0 640 
0 640 
0 640 
0 640 
0 640 
0 640 
0 640 
0 640 
0 640 
0 640 
0 640 
0 640 
0 640 
0 640 
0 640 
0 640 
0 640 
0 640 
0 640 
0 640 
