0 640 
0 640 
0 640 
0 640 
0 640 
0 640 
0 640 
0 640 
0 640 
0 640 
0 640 
0 640 
0 640 
0 640 
0 640 
0 640 
0 640 
0 640 
0 640 
0 640 
0 640 
0 640 
0 640 
0 640 
0 368 379 640 
0 358 387 640 
0 355 394 640 
0 351 400 640 
0 348 405 640 
0 345 409 640 
0 342 412 640 
0 340 415 640 
0 338 418 640 
0 336 426 640 
0 334 427 640 
0 332 428 640 
0 330 429 640 
0 328 430 640 
0 326 430 640 
0 325 431 640 
0 323 432 640 
0 321 433 640 
0 320 434 640 
0 318 435 640 
0 317 436 640 
0 316 438 640 
0 314 439 640 
0 313 440 640 
0 311 440 640 
0 310 442 640 
0 309 443 640 
0 308 444 640 
0 307 444 640 
0 306 445 640 
0 305 446 640 
0 304 446 640 
0 303 447 640 
0 303 448 640 
0 302 449 640 
0 301 450 640 
0 300 450 640 
0 300 451 640 
0 299 452 640 
0 298 452 640 
0 298 453 640 
0 297 453 640 
0 297 454 640 
0 296 454 640 
0 296 455 640 
0 295 455 640 
0 295 456 640 
0 294 456 640 
0 294 456 640 
0 293 457 640 
0 293 457 640 
0 292 457 640 
0 291 457 640 
0 290 458 640 
0 290 458 640 
0 290 458 640 
0 290 458 640 
0 290 459 640 
0 290 459 640 
0 290 459 640 
0 290 459 640 
0 290 459 640 
0 290 459 640 
0 290 459 640 
0 290 460 640 
0 290 460 640 
0 290 460 640 
0 290 459 640 
0 290 459 640 
0 291 459 640 
0 291 459 640 
0 292 459 640 
0 292 459 640 
0 292 459 640 
0 292 460 640 
0 292 460 640 
0 292 460 640 
0 292 460 640 
0 292 460 640 
0 292 460 640 
0 291 460 640 
0 291 460 640 
0 290 460 640 
0 289 460 640 
0 289 460 640 
0 288 460 640 
0 287 460 640 
0 286 459 640 
0 285 459 640 
0 284 458 640 
0 283 458 640 
0 282 457 640 
0 281 456 640 
0 280 456 640 
0 279 456 640 
0 278 456 640 
0 277 457 640 
0 277 457 640 
0 275 458 640 
0 274 459 640 
0 273 459 640 
0 272 460 640 
0 271 460 640 
0 270 461 640 
0 269 462 640 
0 268 462 640 
0 267 463 640 
0 265 464 640 
0 264 465 640 
0 263 465 640 
0 263 466 640 
0 262 467 640 
0 260 468 640 
0 256 468 640 
0 251 469 640 
0 250 470 640 
0 251 471 640 
0 251 472 640 
0 252 473 640 
0 252 475 640 
0 253 282 284 476 640 
0 253 281 284 478 640 
0 254 279 284 480 640 
0 257 278 284 482 640 
0 258 276 284 483 640 
0 259 275 284 287 289 483 640 
0 260 274 283 286 289 483 640 
0 261 272 283 285 289 483 640 
0 263 270 283 284 290 458 462 482 640 
0 290 458 467 482 640 
0 290 459 472 481 640 
0 290 460 473 481 640 
0 291 460 474 480 640 
0 292 461 476 478 640 
0 292 462 640 
0 294 462 640 
0 295 462 640 
0 295 459 640 
0 296 459 640 
0 297 459 640 
0 297 460 640 
0 300 307 308 314 315 461 640 
0 301 307 309 313 316 461 640 
0 302 307 311 314 317 461 640 
0 305 307 312 315 318 462 640 
0 313 315 320 450 452 462 640 
0 315 316 321 451 458 463 640 
0 322 451 460 463 640 
0 323 452 640 
0 324 453 640 
0 325 441 443 454 640 
0 325 441 444 454 640 
0 325 442 445 455 640 
0 324 442 446 455 640 
0 324 442 447 453 640 
0 323 427 428 442 449 453 640 
0 131 136 323 428 429 443 450 453 640 
0 130 138 322 428 430 443 640 
0 128 139 321 428 430 443 640 
0 126 140 321 429 431 443 640 
0 124 141 320 430 432 443 640 
0 123 142 321 430 433 444 640 
0 121 143 322 430 434 444 640 
0 119 144 326 431 435 444 640 
0 118 145 329 431 436 445 640 
0 116 146 329 432 437 445 640 
0 115 147 329 432 438 445 640 
0 113 148 329 407 408 431 438 445 640 
0 112 149 329 407 409 430 439 445 640 
0 110 150 329 407 409 430 441 445 640 
0 109 151 329 407 409 411 412 427 429 430 442 444 640 
0 107 153 329 403 405 407 410 411 413 427 640 
0 105 154 328 403 405 406 410 412 414 428 640 
0 104 155 328 335 338 403 405 406 411 412 415 428 640 
0 102 156 328 334 338 404 416 421 422 428 640 
0 100 157 327 333 338 404 417 421 423 428 640 
0 99 128 131 158 327 332 338 404 418 422 424 428 640 
0 97 126 132 159 327 331 338 405 420 422 425 428 640 
0 95 125 134 161 326 330 338 342 344 405 421 422 426 428 640 
0 93 123 135 162 326 329 337 341 345 406 427 429 640 
0 91 122 135 163 325 328 337 340 345 410 427 429 640 
0 89 120 136 164 325 327 337 339 346 413 640 
0 88 119 137 165 324 326 336 338 346 414 640 
0 86 118 138 166 324 325 336 338 346 414 640 
0 84 116 139 168 336 337 346 414 640 
0 82 115 140 169 347 349 351 413 640 
0 79 114 141 170 347 349 351 413 640 
0 77 112 142 171 347 348 351 354 356 412 640 
0 75 111 143 172 347 348 351 353 356 412 640 
0 73 110 145 174 350 352 356 411 640 
0 70 109 146 175 350 352 356 411 640 
0 68 110 147 176 350 351 356 412 640 
0 66 111 147 177 357 413 640 
0 63 111 148 178 357 414 640 
0 60 112 150 179 357 416 640 
0 58 113 151 180 357 419 640 
0 55 113 152 181 357 421 640 
0 53 113 153 182 356 424 640 
0 50 113 155 184 356 427 640 
0 47 112 156 185 355 430 640 
0 44 94 97 112 157 186 352 432 640 
0 40 92 98 112 158 187 350 435 640 
0 37 91 98 113 159 188 347 437 640 
0 34 89 97 115 159 189 345 439 640 
0 31 87 96 116 158 190 343 441 640 
0 27 85 95 117 158 191 340 443 640 
0 22 83 94 118 157 192 339 445 640 
0 18 81 93 119 157 193 337 446 640 
0 14 80 92 120 157 194 335 448 640 
0 10 77 92 120 157 195 334 449 638 
0 5 75 91 121 157 196 333 450 637 
73 91 122 157 197 331 451 635 
70 90 122 157 198 330 451 634 
68 90 123 156 199 329 451 633 
66 90 123 155 200 327 451 631 
63 90 124 154 201 326 451 630 
60 89 125 153 180 181 202 326 452 628 
57 89 125 152 180 182 202 325 452 627 
55 89 125 152 181 184 203 324 453 625 
52 89 126 151 181 185 204 323 454 624 
52 88 127 151 182 186 205 322 455 623 
30 36 53 88 127 150 183 188 206 322 455 622 
25 36 53 88 128 150 183 188 207 321 455 621 
21 36 52 88 128 150 184 189 208 321 456 619 
16 37 52 87 129 150 184 190 209 320 456 617 
12 37 52 87 129 149 185 191 210 320 456 616 639 640 
8 37 52 87 130 149 185 193 211 319 457 615 637 640 
3 36 53 86 130 149 186 194 212 319 457 613 636 640 
0 35 55 86 130 149 186 194 213 318 457 612 634 640 
0 33 56 86 130 148 187 195 214 318 457 611 633 640 
0 32 57 85 130 148 187 196 215 317 458 609 632 640 
0 31 58 85 130 148 188 197 216 317 458 608 630 640 
0 30 58 86 130 148 188 198 217 316 458 606 629 640 
0 30 59 86 130 148 189 198 218 316 459 605 627 640 
0 29 59 87 129 148 190 199 219 315 459 603 626 640 
0 29 60 87 129 147 190 200 220 315 460 602 625 640 
0 28 60 87 129 147 190 201 221 315 460 600 624 639 
0 28 61 88 129 147 190 202 222 314 461 599 623 638 
0 27 61 88 129 146 190 203 223 314 461 597 621 638 
0 27 61 88 129 146 190 203 224 313 462 595 620 637 
0 27 62 89 129 146 190 204 225 313 462 594 619 637 
0 26 62 89 129 145 190 205 226 313 463 592 618 636 
0 26 63 89 128 145 190 206 227 312 463 590 617 635 
0 25 63 90 128 146 190 207 228 312 464 588 616 635 
1 25 63 90 128 146 190 207 229 311 464 586 615 636 
1 25 64 90 128 147 190 208 230 311 465 584 614 636 
2 24 64 91 128 147 190 209 232 310 466 581 612 636 
2 24 65 91 128 148 189 210 233 310 466 518 521 578 611 637 
2 23 65 91 128 148 189 210 235 310 466 515 525 574 610 637 
2 23 65 92 127 148 189 211 236 309 467 510 532 569 609 637 
2 23 66 92 127 149 189 212 238 309 467 506 541 561 609 637 
3 22 66 93 127 149 189 213 239 308 468 500 609 637 
3 22 67 93 127 149 189 213 241 308 468 494 609 637 
3 22 67 93 127 150 189 213 242 308 472 480 481 488 609 637 
4 22 66 94 127 150 189 213 245 307 609 638 
4 22 66 94 127 150 189 212 247 307 609 638 
4 23 66 94 127 151 188 212 250 306 608 638 
5 23 65 95 126 152 188 212 252 306 609 638 
5 23 65 95 126 152 188 212 255 306 610 638 
5 23 65 95 126 152 188 213 260 305 587 588 611 638 
6 24 65 96 126 153 188 213 265 305 574 589 613 638 
6 24 64 96 126 153 188 213 272 296 563 588 614 638 
6 24 64 97 126 153 188 212 556 588 615 639 
6 24 64 97 126 154 188 211 551 587 615 639 
7 25 64 97 125 154 188 210 549 587 615 639 
7 25 63 97 125 154 188 210 548 586 615 639 
6 25 63 98 125 155 188 208 234 237 466 467 521 533 548 586 616 639 
5 25 63 98 125 155 187 207 234 242 462 467 505 534 548 585 616 640 
5 26 63 98 125 155 187 207 235 247 462 467 485 533 549 585 616 640 
5 26 63 99 125 156 187 206 235 251 462 468 485 531 550 584 617 640 
4 26 62 99 125 156 187 205 236 255 463 468 485 530 551 584 617 640 
4 26 62 99 125 157 187 205 237 259 464 468 485 529 553 583 618 640 
3 27 62 100 125 157 187 205 237 263 464 468 485 528 554 583 618 640 
3 27 62 100 124 157 187 205 237 266 465 466 486 528 554 582 618 640 
2 27 61 100 124 158 187 204 238 268 488 527 555 582 619 640 
2 28 61 101 124 158 187 204 239 268 489 527 555 581 619 640 
2 28 61 101 124 159 187 204 239 269 490 526 555 581 620 640 
1 28 61 102 124 159 187 204 240 269 490 526 556 580 620 640 
1 28 60 102 124 159 186 203 240 270 491 525 556 579 620 640 
1 29 60 102 124 160 186 203 241 271 284 286 305 314 491 525 556 579 621 640 
0 29 60 103 123 160 186 203 241 271 285 290 296 314 491 525 557 579 621 640 
0 29 60 103 123 160 186 203 242 270 286 314 491 524 558 579 621 640 
0 29 60 103 123 161 186 202 242 269 287 314 492 524 558 579 622 640 
0 30 59 104 123 161 186 202 243 268 289 313 492 524 558 579 622 640 
0 30 59 104 123 162 186 202 243 267 290 313 493 523 559 579 622 640 
0 30 59 104 123 162 186 202 244 267 291 313 493 523 559 580 622 640 
0 30 59 105 123 162 186 202 244 266 292 312 494 522 559 580 621 640 
0 31 58 105 123 163 185 201 245 265 292 312 494 522 560 580 621 640 
0 31 58 105 122 163 185 201 245 264 293 311 495 522 560 580 621 640 
0 31 58 106 122 163 185 201 245 264 293 311 495 521 561 581 620 640 
0 32 58 106 122 164 185 200 244 264 294 310 496 521 561 581 620 640 
0 32 57 106 122 164 185 200 244 263 295 309 496 520 561 581 620 640 
0 32 57 107 122 165 185 200 244 263 295 308 496 520 562 582 619 640 
0 32 57 107 122 165 185 200 244 263 296 307 497 520 562 582 619 640 
0 33 57 107 122 165 185 201 244 263 296 306 497 520 562 582 619 640 
0 33 57 108 122 166 185 201 244 263 297 306 497 520 562 582 618 640 
0 33 56 108 121 166 185 202 244 262 297 306 498 521 561 582 618 640 
0 33 56 109 121 166 185 202 244 262 298 307 498 522 561 583 618 640 
0 34 56 109 121 167 184 202 244 262 298 310 497 522 561 583 618 640 
0 34 56 109 121 167 184 203 244 262 299 316 497 522 561 583 618 640 
0 34 55 110 121 168 184 203 243 261 299 317 497 522 561 583 617 640 
0 34 55 110 121 168 184 203 243 261 300 317 497 522 560 583 617 640 
0 35 55 110 121 168 184 204 243 261 301 317 496 523 560 584 616 640 
0 35 55 111 121 169 184 204 243 260 301 317 496 523 560 584 616 640 
0 35 55 111 120 169 184 204 243 260 301 317 496 523 560 584 616 640 
0 35 54 111 120 169 184 205 243 260 302 317 496 523 560 584 615 640 
0 36 54 112 120 170 184 205 243 260 302 317 496 524 559 585 615 640 
0 36 54 112 120 170 184 206 243 259 302 317 496 524 559 585 615 640 
0 36 54 112 120 170 184 206 243 259 302 317 495 524 559 585 615 640 
0 36 53 113 120 171 183 206 242 259 302 317 495 525 559 585 614 640 
0 37 53 113 119 171 183 207 242 259 302 316 495 525 558 585 614 640 
0 37 53 114 119 172 183 207 242 259 302 316 495 525 558 586 614 640 
0 37 53 114 119 172 183 208 242 259 302 316 495 525 558 586 613 640 
0 37 52 115 118 173 183 208 242 259 302 316 495 526 558 586 613 640 
0 38 52 173 183 208 242 259 302 316 494 526 557 586 613 640 
0 38 52 173 183 208 242 260 302 316 494 526 557 587 612 640 
0 38 52 174 183 209 242 260 301 316 494 526 557 587 612 640 
0 38 51 174 182 209 242 261 301 316 494 527 557 587 612 640 
0 39 51 174 182 209 241 261 301 316 494 527 556 587 611 640 
0 39 51 175 182 210 241 262 301 315 494 527 556 587 611 640 
0 39 51 175 182 210 241 262 301 315 493 528 556 588 611 640 
0 39 50 176 182 210 241 262 301 315 493 528 556 588 610 640 
0 40 50 176 182 211 241 263 301 315 493 528 556 588 610 640 
0 40 50 177 181 211 241 263 301 315 493 528 555 588 610 640 
0 40 50 178 181 212 241 263 301 315 492 529 555 589 610 640 
0 40 50 212 241 264 300 315 492 529 555 589 609 640 
0 40 49 212 241 264 300 315 492 529 555 589 609 640 
0 41 49 213 241 264 300 315 492 529 554 589 609 640 
0 41 49 213 240 265 300 315 491 530 554 589 608 640 
0 41 49 213 240 265 300 315 491 530 554 590 608 640 
0 42 48 214 240 265 300 315 491 530 554 590 608 640 
0 42 48 214 240 266 300 315 435 436 491 531 553 590 607 640 
0 43 47 215 240 266 300 315 435 436 491 531 553 590 607 640 
0 43 47 215 240 266 300 315 435 436 490 531 553 590 607 640 
0 44 46 215 240 267 300 315 435 437 490 532 553 591 606 640 
0 45 46 216 240 267 300 315 435 437 490 532 552 591 606 640 
0 216 240 267 299 315 435 437 490 532 552 591 606 640 
0 216 240 268 299 315 435 437 490 532 552 592 605 640 
0 217 239 268 299 315 435 438 490 533 552 592 605 640 
0 217 239 268 299 315 435 438 490 533 551 592 605 640 
0 217 239 269 299 315 435 438 489 533 551 592 605 640 
0 218 239 269 299 315 435 438 489 533 551 593 604 640 
0 218 239 270 299 315 435 439 489 534 551 593 604 640 
0 218 239 270 299 315 435 439 489 534 551 593 604 640 
0 219 239 270 299 315 435 439 489 534 550 593 603 640 
0 219 239 271 298 315 435 439 488 534 550 593 603 640 
0 220 239 271 298 315 435 440 488 535 550 593 603 640 
0 220 239 271 298 315 435 440 488 535 550 594 602 640 
0 220 238 272 298 315 435 440 488 535 549 594 602 640 
0 221 238 272 298 315 435 441 488 535 549 594 601 640 
0 221 238 272 298 315 435 441 487 536 549 594 601 640 
0 221 238 273 298 315 435 441 487 536 549 595 600 640 
0 222 238 273 298 315 435 441 487 536 548 595 599 640 
0 222 238 273 298 315 435 442 487 537 548 596 598 640 
0 222 238 274 297 315 436 442 486 537 548 640 
0 223 238 274 297 315 436 442 486 537 547 640 
0 223 238 274 297 315 436 442 486 538 547 640 
0 224 237 275 297 315 437 443 486 538 547 640 
0 224 237 275 297 315 437 443 486 538 547 640 
0 224 237 275 297 315 437 443 486 538 546 640 
0 225 237 276 297 315 437 444 486 538 546 640 
0 225 237 276 297 315 437 444 485 539 546 640 
0 225 237 277 297 315 438 444 485 539 545 640 
0 226 237 277 296 315 438 445 485 539 545 640 
0 226 237 277 296 316 438 445 485 540 544 640 
0 226 237 278 296 316 438 445 485 541 543 640 
0 227 237 278 296 316 439 446 484 640 
0 227 236 278 296 316 439 446 484 640 
0 228 236 279 296 316 439 446 484 640 
0 228 236 279 296 316 440 446 482 640 
0 228 236 279 296 316 440 446 482 640 
0 229 236 280 296 316 440 446 481 640 
0 229 236 280 295 316 440 446 481 640 
0 230 235 280 295 316 441 446 481 640 
0 230 235 281 295 316 441 446 481 640 
0 231 235 281 295 316 441 445 481 640 
0 232 234 281 295 316 441 445 481 640 
0 282 295 315 442 445 482 640 
0 282 295 315 442 445 482 640 
0 282 295 315 443 445 482 640 
0 283 295 314 443 445 482 640 
0 283 295 314 443 445 482 640 
0 283 295 313 443 445 482 640 
0 284 294 313 443 445 482 640 
0 284 294 312 444 445 482 640 
0 285 294 312 444 445 482 640 
0 285 294 311 443 445 482 640 
0 285 294 311 442 446 482 640 
0 286 294 310 441 446 482 640 
0 286 294 310 440 446 482 640 
0 286 294 309 441 446 482 640 
0 287 294 308 441 446 482 640 
0 287 293 308 442 446 482 640 
0 288 293 308 442 446 482 640 
0 289 292 307 443 446 482 640 
0 289 292 307 443 447 482 640 
0 306 444 447 482 640 
0 306 444 447 482 640 
0 306 445 447 482 640 
0 305 445 447 482 640 
0 305 446 447 482 640 
0 304 482 640 
0 304 482 640 
0 304 482 640 
0 303 482 640 
0 303 482 640 
0 303 482 640 
0 302 481 640 
0 302 481 640 
0 301 481 640 
0 301 481 640 
0 301 481 640 
0 300 481 640 
0 300 481 640 
0 300 481 640 
0 299 481 640 
0 299 481 640 
0 299 481 640 
0 298 481 640 
0 298 481 640 
0 298 481 640 
0 297 480 640 
0 297 480 640 
0 297 480 640 
0 296 480 640 
0 296 480 640 
0 296 480 640 
0 295 480 640 
0 295 480 640 
0 295 480 640 
0 294 480 640 
0 294 480 640 
0 293 480 640 
0 293 480 640 
0 293 480 640 
0 292 480 640 
0 292 479 640 
0 292 479 640 
0 291 479 640 
0 291 479 640 
0 291 479 640 
0 290 479 640 
0 290 479 640 
0 290 479 640 
0 289 479 640 
0 289 479 640 
0 289 479 640 
0 288 479 640 
0 288 479 640 
0 288 479 640 
0 287 479 640 
0 287 479 640 
0 287 479 640 
0 286 479 640 
0 286 479 640 
0 286 478 640 
