
































































































335 355 
331 358 
329 361 
325 365 
322 368 
320 372 
318 374 
316 377 
315 380 
314 382 
312 385 
311 386 
310 388 
309 390 
307 392 
307 393 
306 395 
305 396 
305 397 
304 398 
304 399 
303 400 
302 401 
302 402 
301 403 
301 404 
301 404 
300 405 
300 406 
300 407 
300 407 
300 408 
300 409 
300 410 
301 410 
301 411 
301 411 
301 412 
301 412 
299 413 
297 414 
295 414 
290 415 
285 415 
281 416 
277 417 
274 417 
273 418 
272 418 
272 418 
273 419 
273 419 
274 419 
274 419 
274 420 
275 420 
275 420 
276 420 
277 420 
278 420 
279 420 
280 421 
282 421 
283 424 
284 425 
286 426 
286 427 
286 429 
285 430 
285 432 
284 433 
284 434 
284 435 
284 436 437 438 
287 438 
286 439 
285 441 
285 442 
286 444 
286 445 
286 446 
286 447 
287 449 
287 451 
288 451 
288 454 
288 454 
289 456 
289 457 
289 461 
289 460 
290 459 
290 460 
291 460 
291 460 
292 461 463 465 
292 466 
293 466 
293 466 
293 467 
294 467 
296 468 
296 470 
189 201 297 470 
186 208 297 470 
185 214 299 469 
185 216 299 469 
185 218 303 470 
185 221 304 471 
185 223 305 471 
184 225 306 468 470 471 
183 227 305 466 
182 228 303 467 
180 230 302 469 
179 232 301 470 
179 233 301 458 459 471 
179 234 302 449 450 454 460 461 467 472 
179 235 302 449 
184 236 302 453 
183 237 303 460 
182 237 304 459 
182 239 304 446 
181 240 305 444 
181 241 305 444 
181 242 306 447 
184 243 307 449 
190 243 308 451 
190 244 310 453 
189 245 310 454 
188 246 311 456 
187 247 311 457 
187 248 312 458 
187 200 204 249 312 460 
188 198 206 249 313 461 
208 250 314 463 
209 250 314 464 
210 251 315 465 
211 252 316 466 
212 253 316 467 
212 253 317 468 
213 254 317 470 
214 255 318 470 
214 256 319 471 
215 256 320 472 
216 257 320 473 
216 258 321 474 
217 260 321 475 
218 261 322 476 
218 262 323 477 
219 264 324 478 
221 264 325 335 336 479 
222 264 326 332 336 479 
224 264 336 343 345 480 
225 265 336 339 340 343 345 481 
227 265 340 342 346 482 
228 265 340 342 346 483 
228 266 347 483 
225 266 347 484 
224 266 347 485 
223 267 347 486 
223 267 348 487 
223 267 347 487 
223 268 346 488 
223 268 346 489 
223 268 345 490 
224 268 345 491 
225 269 345 491 
225 269 344 492 
226 269 344 493 
227 270 344 494 
227 270 330 335 343 494 
228 270 328 495 
228 270 322 496 
229 271 314 497 
230 271 310 498 
230 271 307 498 
231 272 305 499 
231 272 303 500 
232 272 302 501 
232 273 301 502 
233 273 301 502 
233 274 300 503 
234 274 300 504 
234 274 299 505 
235 274 299 506 
235 275 298 507 
236 275 297 508 
236 275 294 509 
237 276 291 510 
237 276 289 510 
238 276 287 511 
238 277 285 512 
239 277 283 513 
239 278 280 514 
240 515 
240 516 
240 517 
241 518 
241 519 
242 520 
242 521 
242 522 
243 523 
243 524 
244 525 
244 527 
244 528 
245 529 
245 530 
246 531 
246 532 
246 533 
247 534 
247 535 
248 536 
248 537 
248 538 
249 539 
249 540 
249 541 
250 329 333 542 
250 325 333 543 
251 322 333 544 
251 319 332 545 
252 316 332 546 
253 312 332 547 
254 307 332 547 
255 303 332 548 
256 298 332 549 
258 294 332 550 
261 288 332 551 
266 278 331 552 
331 553 
331 554 
331 554 
331 555 
331 556 
331 557 
331 557 
331 558 
331 558 
331 559 
331 560 
331 560 
331 561 
331 562 
331 562 
331 563 
331 563 
331 564 
331 565 
331 565 
332 565 
332 566 
332 566 
333 567 
333 567 
333 567 
333 568 
334 568 
334 569 
334 569 
334 569 
334 569 
335 570 
335 570 
335 570 
335 570 
335 571 
335 571 
335 572 
335 572 
335 572 
335 572 
336 572 
336 572 
336 572 
336 572 
337 572 
338 343 345 572 
339 344 345 572 
339 344 346 572 
340 344 347 572 
340 344 348 572 
340 344 348 572 
341 343 349 572 
349 572 
350 571 
350 571 
350 570 
350 570 
350 570 
351 570 
351 569 
351 569 
351 569 
351 569 
352 568 
352 568 
352 568 
352 567 
352 567 
352 566 
353 566 
353 565 
353 564 
353 563 
353 563 
354 562 
354 561 
354 560 
354 559 
354 558 
355 557 
355 556 
355 555 
355 554 
355 553 
356 552 
356 550 
356 549 
356 547 
357 546 
357 544 
357 542 
358 540 
358 538 
358 536 
359 534 
359 531 
359 529 
360 526 
360 522 
361 519 
361 464 465 516 
362 464 470 512 
362 463 465 466 474 505 
363 464 
364 465 
364 466 
364 467 
364 468 
364 469 
364 470 
364 471 
363 472 
363 473 
363 474 
363 475 
362 476 
362 477 
362 478 
362 478 
361 479 
361 480 
361 481 
360 482 
360 483 
360 483 
359 484 
359 485 
358 486 
358 487 
357 488 
357 488 
356 489 
356 489 
355 490 
355 491 
355 492 
354 492 
354 493 
353 493 
352 494 
352 494 
352 495 
351 496 
351 496 
350 497 
350 497 
350 498 
349 498 
349 499 
