















172 175 
145 147 170 174 
145 148 168 174 
144 150 166 174 
144 151 163 174 
143 152 162 173 
143 152 160 173 
143 153 159 172 
143 154 158 172 
143 154 157 172 
143 155 156 171 
143 171 
143 170 
143 170 
142 169 
136 168 
135 167 
135 167 
134 166 
134 166 
134 168 
134 170 
136 171 
138 173 
139 174 
143 174 
144 176 
143 177 
142 177 
141 147 149 177 
141 145 149 177 
140 144 149 176 
140 143 149 160 162 176 
141 142 149 159 
150 159 
150 159 
150 159 
151 158 
151 158 
152 158 
153 157 
154 156 




















328 340 
327 342 
325 344 
324 345 
324 347 451 452 
323 348 449 455 
322 348 447 456 
322 349 445 456 
322 349 444 456 
322 350 443 456 
321 350 438 459 
321 350 433 465 
321 350 427 472 
321 350 423 477 
321 350 421 482 
321 350 419 486 
321 350 417 489 
322 350 415 492 
322 350 413 495 
322 349 412 498 
322 349 411 500 
323 349 409 502 
323 349 408 505 
323 348 406 507 
323 348 405 509 
323 348 404 511 
323 347 403 512 
323 347 401 514 
323 347 400 515 
323 346 399 517 
323 346 398 519 
323 346 397 520 
323 346 396 522 
323 345 394 523 
323 345 393 524 
323 345 392 525 
323 345 391 526 
323 345 390 527 
323 344 389 528 
323 344 388 529 
322 344 386 530 
322 344 385 531 
322 344 384 532 
322 343 383 533 
322 343 382 534 
322 343 382 534 
322 343 382 535 
322 343 381 536 
322 343 380 537 
322 343 379 386 387 537 
321 342 377 384 386 538 
321 342 376 381 386 538 
321 342 374 379 385 539 
321 342 373 377 385 540 
321 342 374 375 384 540 
321 342 384 541 
321 342 383 541 
321 342 382 542 
321 341 382 542 
321 341 381 543 
320 341 381 543 
320 341 380 543 
320 341 380 544 
320 341 379 544 
320 341 378 545 
320 340 378 545 
320 340 377 380 381 545 
320 340 380 545 
319 340 380 546 
319 340 380 546 
319 340 380 546 
319 340 380 546 
319 340 380 547 
319 340 379 547 
319 339 379 547 
319 339 379 547 
318 339 379 547 
318 339 379 548 
318 339 379 548 
318 339 379 548 
318 339 379 548 
318 339 379 549 
318 339 379 550 
318 338 378 550 
318 338 378 551 
317 338 378 551 
317 338 378 381 382 552 
317 338 379 380 382 553 
317 338 382 553 
317 338 383 388 389 553 
317 338 383 387 390 553 
317 338 383 387 390 554 
317 338 384 386 390 554 
316 337 383 386 390 554 
316 337 384 386 390 554 
316 337 390 555 
316 337 389 555 
316 337 388 555 
316 337 387 555 
316 337 385 556 
316 337 381 556 
316 337 379 556 
316 337 378 557 
315 337 377 557 
315 337 377 557 
315 336 377 557 
315 336 377 558 
315 336 377 558 
315 336 378 558 
315 336 378 558 
315 336 379 558 
315 336 379 558 
314 336 380 559 
314 335 381 559 
314 335 381 559 
314 335 381 559 
314 335 381 559 
314 335 381 559 
314 335 380 559 
313 335 380 559 
313 335 380 559 
313 335 379 559 
313 335 379 560 
313 334 378 560 
313 334 378 560 
313 334 379 560 
312 334 379 560 
312 334 379 560 
312 334 380 560 
310 334 380 560 
308 334 380 560 
307 334 380 560 
305 334 380 560 
304 334 380 560 
302 334 380 561 
301 334 380 561 
300 334 381 561 
299 334 381 561 
299 334 381 561 
298 334 381 561 
298 334 381 562 
298 335 382 562 
297 336 381 562 
298 337 381 562 
298 337 381 562 
298 338 381 561 
298 339 381 562 
298 339 381 562 
298 340 381 561 
298 340 381 561 
297 341 382 561 
297 342 383 561 
297 343 384 561 
296 343 386 561 
296 344 389 561 
295 344 395 561 
295 345 401 560 
295 345 402 560 
294 346 402 560 
294 346 402 560 
294 347 402 560 
294 347 388 391 402 560 
294 348 389 393 401 560 
293 348 390 396 401 560 
293 348 392 399 401 560 
292 349 393 560 
291 349 394 560 
291 349 396 560 
290 349 397 560 
290 350 398 560 
290 350 399 560 
290 350 399 560 
290 350 399 559 
290 351 398 559 
290 351 398 559 
290 351 398 559 
290 352 397 559 
290 352 397 559 
290 352 397 559 
290 352 397 559 
291 352 396 559 
291 353 396 559 
291 353 396 559 
291 353 395 559 
292 353 395 558 
293 353 395 558 
294 353 394 558 
295 354 394 558 
295 354 394 558 
297 354 393 558 
298 354 393 558 
300 354 393 557 
302 355 392 557 
302 355 392 557 
303 355 392 557 
303 355 390 557 
302 355 388 557 
302 356 386 556 
302 356 385 556 
302 357 383 556 
302 357 382 556 
302 357 380 556 
301 358 379 555 
301 358 378 555 
301 359 378 555 
301 359 377 555 
301 359 377 555 
300 360 377 554 
300 323 324 360 376 554 
300 323 325 361 376 554 
300 323 327 361 376 554 
300 322 327 362 377 554 
300 322 329 362 377 554 
300 322 330 363 377 553 
299 321 331 363 377 553 
299 321 332 364 376 553 
299 321 333 364 376 553 
299 321 333 364 375 553 
298 320 334 365 374 553 
298 320 335 365 373 553 
298 320 336 366 373 552 
298 320 336 366 372 552 
298 320 337 366 371 552 
298 320 337 367 371 552 
298 319 338 367 370 552 
298 319 339 368 369 551 
297 319 339 551 
297 319 340 551 
297 319 340 551 
297 318 341 550 
297 318 341 550 
297 318 342 550 
296 318 342 550 
296 318 343 550 
296 318 343 549 
296 318 343 549 
296 317 343 549 
296 317 344 549 
295 317 344 549 
295 317 345 548 
295 317 345 548 
295 317 345 548 
295 316 346 548 
295 316 346 548 
294 316 346 548 
294 316 346 547 
294 315 346 547 
294 315 347 547 
294 315 346 547 
293 315 343 547 
293 315 340 546 
293 314 332 546 
293 314 326 546 
293 314 324 546 
292 314 324 545 
292 314 323 545 
292 314 322 545 
292 313 321 545 
292 313 321 544 
292 313 320 544 
292 313 320 544 
291 313 319 544 
291 313 319 544 
291 312 318 544 
291 312 318 544 
291 312 318 544 
291 312 317 544 
290 312 317 544 
290 312 317 544 
290 311 317 544 
290 311 316 544 
290 311 316 544 
290 311 316 545 
290 310 316 545 
289 310 316 545 
289 310 316 545 
289 310 315 545 
288 310 315 545 
288 310 315 545 
288 310 315 545 
288 309 315 545 
288 309 315 546 
288 309 315 546 
288 309 315 546 
287 309 315 546 
287 309 315 546 
287 308 315 546 
287 308 315 546 
287 308 315 547 
287 308 315 547 
286 308 315 547 
286 308 315 547 
286 307 315 547 
286 307 315 547 
286 307 315 547 
285 307 315 547 
285 307 315 547 
285 307 316 547 
285 307 316 548 
285 307 316 548 
284 306 316 548 
284 306 316 548 
284 306 316 548 
284 306 316 548 
283 306 316 548 
283 305 316 548 
283 305 316 548 
283 305 316 548 
283 305 317 548 
282 305 317 549 
282 305 317 549 
282 304 317 549 
282 304 317 549 
281 304 317 549 
281 304 317 549 
281 304 317 549 
281 304 317 549 
280 304 318 549 
280 304 318 549 
280 304 318 550 
279 304 318 550 
279 304 318 550 
278 304 318 550 
278 304 318 550 
277 304 319 550 
277 304 319 550 
277 304 319 550 
276 304 319 551 
276 304 319 551 
276 305 320 551 
276 305 320 551 
276 305 320 551 
276 305 320 551 
276 305 320 552 
276 304 321 552 
276 304 321 552 
276 304 321 552 
276 304 321 552 
276 303 321 552 
276 303 321 552 
276 303 322 552 
276 302 322 552 
276 302 322 553 
275 302 322 553 
274 301 322 553 
272 301 323 553 
270 300 323 553 
268 301 323 553 
266 304 323 553 
265 310 324 553 
264 314 324 553 
263 318 324 553 
262 320 325 554 
261 323 325 554 
261 554 
260 554 
260 554 
260 554 
260 554 
260 555 
260 555 
261 555 
262 555 
262 555 
263 555 
263 555 
262 555 
262 555 
261 555 
261 555 
260 556 
260 556 
260 556 
260 556 
260 556 
260 556 
260 556 
260 556 
261 556 
260 556 
259 556 
258 557 
258 557 
257 557 
257 557 
256 557 
256 557 
256 557 
256 557 
256 557 
255 557 
255 557 
255 557 
254 557 
254 557 
253 557 
252 557 
252 557 
252 557 
252 557 
252 558 
252 558 
