0 404 556 640 
0 405 556 640 
0 406 557 640 
0 407 557 640 
0 408 557 640 
0 410 557 640 
0 411 557 640 
0 412 557 640 
0 413 557 640 
0 414 557 640 
0 417 557 640 
0 419 557 640 
0 421 557 640 
0 423 557 640 
0 425 557 640 
0 427 557 640 
0 429 557 640 
0 430 557 640 
0 432 557 640 
0 434 557 640 
0 435 557 640 
0 437 557 640 
0 439 557 640 
0 440 557 640 
0 441 557 640 
0 442 557 640 
0 443 557 640 
0 444 557 640 
0 445 557 640 
0 446 557 640 
0 447 557 640 
0 448 557 640 
0 449 557 640 
0 449 557 640 
0 450 557 640 
0 451 557 640 
0 452 557 640 
0 452 557 640 
0 453 557 640 
0 454 557 640 
0 454 557 640 
0 455 557 640 
0 455 557 640 
0 456 557 640 
0 456 557 640 
0 457 556 640 
0 457 556 640 
0 458 556 640 
0 458 556 640 
0 459 556 640 
0 460 556 640 
0 460 556 640 
0 461 556 640 
0 461 556 640 
0 462 556 640 
0 463 555 640 
0 464 555 640 
0 464 555 640 
0 308 309 465 555 640 
0 307 311 466 555 640 
0 306 312 466 555 640 
0 304 314 467 555 640 
0 302 315 468 555 640 
0 301 317 468 555 640 
0 299 319 469 554 640 
0 298 321 470 554 640 
0 296 323 470 554 640 
0 294 325 470 554 640 
0 292 326 471 554 640 
0 290 328 471 554 640 
0 288 330 472 553 640 
0 286 332 472 553 640 
0 284 334 472 553 640 
0 281 336 473 553 640 
0 279 337 473 553 640 
0 276 339 474 553 640 
0 275 341 474 552 640 
0 273 344 474 552 640 
0 271 345 474 552 640 
0 270 347 475 552 640 
0 268 350 475 551 640 
0 267 352 476 551 640 
0 265 354 476 551 640 
0 264 356 477 551 640 
0 262 358 477 551 640 
0 261 360 478 550 640 
0 260 362 478 550 640 
0 258 364 479 550 640 
0 257 366 479 550 640 
0 255 369 480 549 640 
0 254 371 480 549 640 
0 253 373 480 549 640 
0 251 376 480 549 640 
0 250 378 481 548 640 
0 248 381 482 548 640 
0 247 383 482 548 640 
0 245 385 482 483 484 547 640 
0 244 387 483 547 640 
0 242 389 484 547 640 
0 241 392 484 546 640 
0 240 394 486 546 640 
0 238 397 486 546 640 
0 237 400 485 546 640 
0 235 403 485 545 640 
0 234 405 485 487 488 545 640 
0 232 405 486 487 488 545 640 
0 231 406 487 544 640 
0 229 406 488 544 640 
0 228 406 488 544 640 
0 226 406 490 543 640 
0 224 406 490 543 640 
0 223 407 490 542 640 
0 221 407 490 542 640 
0 219 407 490 542 640 
0 218 407 491 541 640 
0 216 407 491 541 640 
0 214 408 492 541 640 
0 213 408 492 540 640 
0 211 408 494 540 640 
3 210 408 494 539 640 
5 207 408 494 539 640 
7 206 408 494 538 640 
9 204 409 494 538 640 
11 202 409 494 538 640 
13 200 409 494 537 640 
15 197 409 495 537 640 
17 195 410 495 536 640 
19 194 410 495 536 640 
21 192 410 496 535 640 
23 190 410 496 535 640 
25 187 410 496 534 640 
27 185 411 496 534 640 
29 183 411 496 534 640 
31 180 411 496 533 640 
34 178 411 496 532 640 
35 176 411 496 532 640 
37 174 412 494 531 640 
39 172 412 494 531 640 
41 170 412 494 530 640 
43 168 412 494 530 640 
45 165 412 494 529 640 
47 163 412 494 529 640 
49 160 411 494 528 640 
51 157 410 494 528 640 
54 153 410 494 527 640 
56 149 409 494 526 640 
57 145 408 494 526 640 
59 139 407 494 525 640 
61 134 407 494 525 640 
63 125 406 493 524 640 
66 98 405 493 523 640 
68 87 405 492 523 640 
71 80 404 492 522 640 
403 492 522 640 
402 492 521 640 
402 492 520 640 
401 491 519 640 
401 491 519 640 
400 491 518 640 
399 490 517 640 
399 490 517 640 
398 490 516 640 
397 490 515 640 
397 490 514 640 
396 490 514 640 
395 490 513 640 
395 489 512 640 
395 489 511 640 
394 489 511 640 
393 489 510 640 
393 489 509 640 
392 488 508 640 
392 488 507 640 
391 487 506 640 
391 487 505 640 
390 486 505 640 
390 486 504 640 
389 486 503 640 
388 485 502 640 
388 484 501 640 
387 484 500 640 
387 484 499 640 
386 484 498 640 
386 484 497 640 
386 484 496 640 
385 484 495 640 
385 482 494 640 
384 482 493 640 
384 481 492 640 
383 481 491 640 
383 481 489 640 
383 481 488 640 
382 480 487 640 
382 480 486 640 
382 480 485 640 
381 479 483 640 
381 479 482 640 
381 478 481 640 
381 477 479 640 
381 640 
381 640 
381 640 
381 640 
381 640 
381 640 
381 640 
380 640 
380 640 
381 640 
381 640 
381 640 
382 640 
383 640 
383 640 
384 640 
385 405 406 640 
387 401 407 640 
388 396 407 640 
407 640 
406 640 
406 640 
406 640 
406 640 
407 640 
407 640 
408 640 
408 640 
408 640 
409 640 
409 640 
409 640 
405 640 
401 640 
396 640 
390 640 
382 640 
375 640 
363 640 
349 640 
325 640 
297 640 
280 640 
268 640 
260 640 
253 640 
246 640 
240 640 
236 640 
233 640 
233 640 
234 640 
235 640 
236 640 
236 640 
237 640 
237 640 
238 640 
238 640 
238 256 268 640 
238 251 269 640 
239 247 271 640 
239 245 273 640 
239 244 274 640 
192 194 239 242 275 640 
189 193 275 640 
186 192 276 640 
185 191 276 640 
182 190 277 640 
180 189 277 640 
178 188 278 640 
176 187 278 640 
175 186 278 640 
173 185 278 640 
171 185 278 640 
170 184 278 640 
168 183 278 640 
167 182 278 640 
165 181 278 640 
164 181 278 640 
163 180 278 640 
161 179 277 640 
160 178 277 640 
159 178 277 640 
157 177 277 640 
156 176 277 640 
155 175 276 640 
154 175 276 640 
152 174 276 640 
151 173 275 640 
150 173 275 640 
149 172 274 640 
148 171 274 640 
147 171 274 640 
146 170 273 640 
145 170 273 640 
144 169 272 640 
143 168 272 640 
142 168 271 640 
141 167 271 640 
140 167 271 640 
139 166 270 640 
138 166 269 640 
137 165 269 640 
136 165 268 640 
135 164 268 640 
134 164 267 640 
133 164 267 640 
132 163 266 640 
132 163 266 640 
131 163 265 640 
130 163 265 640 
129 163 264 640 
128 162 263 640 
128 162 263 640 
127 162 262 640 
126 162 262 640 
125 162 261 640 
125 162 261 640 
124 161 260 640 
123 161 259 640 
122 161 258 640 
121 161 258 526 567 640 
121 161 257 520 579 640 
120 161 256 514 588 640 
120 162 256 510 593 640 
119 162 255 505 596 640 
118 162 254 501 598 640 
118 162 254 498 600 640 
117 162 253 496 602 640 
116 162 252 494 604 640 
116 162 251 491 607 640 
115 163 251 489 609 640 
115 163 250 486 611 640 
114 163 249 485 612 640 
113 163 249 483 615 640 
113 163 248 481 618 640 
112 163 247 479 620 640 
112 163 247 478 622 640 
111 164 247 476 625 640 
110 164 247 475 628 640 
110 164 247 473 630 640 
109 164 247 472 633 640 
109 164 248 471 635 640 
108 164 248 470 638 640 
108 164 248 469 
107 164 249 468 
107 164 249 467 
106 164 249 466 
106 164 249 465 
105 164 249 464 
105 165 250 462 
104 165 250 460 
104 166 250 458 
103 166 250 455 
103 166 251 454 
103 165 251 452 
102 165 251 450 
102 166 251 448 
101 166 251 446 
101 166 252 444 
100 166 252 442 
100 167 252 440 
100 167 252 439 
99 167 252 437 
99 167 253 435 
98 168 253 434 
98 168 253 432 
98 168 253 431 
97 168 253 429 
97 168 253 427 
96 169 254 425 
96 169 254 422 
96 169 254 420 
96 169 254 418 
95 169 254 415 
95 169 255 412 
95 170 255 410 
94 170 255 407 
94 170 257 405 
94 170 259 403 
93 170 262 400 
93 170 265 398 
93 171 268 395 
92 171 271 393 
92 171 274 391 
92 171 277 388 
91 171 279 386 
91 172 282 385 
91 172 285 382 
91 172 287 380 
90 172 290 378 
90 173 292 375 
90 173 295 374 
90 173 297 372 
90 173 300 370 
89 173 303 368 
89 174 305 366 
89 174 307 364 
89 174 310 363 
88 175 312 361 
88 175 315 359 
88 175 317 358 
88 175 320 356 
87 176 322 355 
87 176 324 354 
87 176 327 353 
87 177 329 352 
87 177 331 351 
86 177 333 350 
86 177 335 349 
86 178 338 348 
86 178 340 347 
86 179 341 346 
86 179 343 346 
85 180 
85 180 
85 180 
85 181 
85 181 
85 182 
85 182 
85 183 
84 184 
84 184 
84 185 
84 186 
84 187 
84 188 
84 188 
83 189 
83 190 
83 191 
83 192 
83 193 
83 194 
83 195 
83 196 
83 197 
83 198 
83 198 
83 200 
83 201 
83 202 
83 204 
83 205 
82 206 
82 207 
82 207 
82 209 
82 210 
82 211 
82 212 
82 213 
82 213 
82 215 
82 216 
82 217 
82 218 
82 219 
82 221 
82 222 
82 224 
82 225 
82 226 
82 228 
82 230 
82 232 
82 233 
82 235 
82 236 
82 239 
83 241 
83 243 
83 245 
83 246 
83 249 
83 250 
83 251 
83 253 
83 254 
