















































































































































































































































340 351 
334 355 
331 360 
328 362 
326 364 
324 366 
322 368 
320 370 
318 372 
316 374 
315 375 
314 376 
313 377 
311 379 
310 380 
308 381 410 414 
307 383 407 415 
306 384 406 416 
305 386 405 416 
304 387 403 416 
303 389 402 415 
302 390 402 415 416 418 
301 392 400 418 
300 393 399 419 
300 395 399 419 
298 396 397 420 
298 421 
297 419 421 422 
296 422 
296 423 
295 422 
294 419 
293 418 423 425 
292 416 421 422 
291 414 
291 413 
290 411 416 417 
290 412 413 415 
289 413 
288 414 
288 415 
287 415 
286 416 
286 417 
285 417 
284 418 
284 419 
283 419 
282 420 
282 420 
281 421 
281 422 
280 422 
280 423 
279 424 
279 425 
278 425 
278 426 
277 427 
277 427 
276 428 
276 429 
275 430 
275 430 
274 431 
274 432 
273 433 
273 433 
273 434 
272 434 
272 435 
272 435 
272 436 
271 436 
271 437 
271 437 
271 437 
270 438 
270 438 
270 439 
270 439 
269 439 
269 440 
269 440 
269 440 
269 440 
268 440 
268 440 
268 440 
268 440 
268 440 
268 440 
268 440 
268 440 
268 440 
268 440 
267 440 
267 440 
267 440 
267 440 
267 440 
267 440 
268 440 
268 439 
268 439 
268 439 
268 439 
268 439 
268 438 
268 438 
269 438 
269 437 
269 437 
269 437 
270 436 
270 436 
270 435 
270 435 
271 435 
271 434 
272 434 
272 433 
273 433 
273 432 
274 431 
275 430 
275 429 
276 429 
277 428 
277 428 
279 426 
279 426 
280 425 
281 425 
282 422 
283 421 
285 420 
286 420 
288 419 
289 418 
291 416 
293 415 
296 415 
298 414 
299 413 
299 412 
300 410 
300 408 
300 408 
301 406 
301 404 
302 403 
302 402 
303 400 
303 399 
304 397 
305 396 
306 394 
307 392 
308 390 
309 389 
310 387 
311 385 
312 383 
313 381 
314 379 
315 377 
317 374 
319 371 
321 369 
323 365 
326 362 
330 357 
340 350 


































































