0 640 
0 640 
0 640 
0 640 
0 640 
0 640 
0 640 
0 640 
0 640 
0 640 
0 640 
0 640 
0 640 
0 640 
0 640 
0 640 
0 640 
0 640 
0 640 
0 640 
0 640 
0 640 
0 640 
0 640 
0 640 
0 640 
0 640 
0 640 
0 640 
0 640 
0 640 
0 640 
0 640 
0 640 
0 640 
0 640 
0 640 
0 640 
0 640 
0 640 
0 640 
0 640 
0 640 
0 640 
0 640 
0 640 
0 640 
0 640 
0 640 
0 640 
0 640 
0 640 
0 640 
0 640 
0 640 
0 640 
0 640 
0 640 
0 640 
0 640 
0 640 
0 640 
0 640 
0 640 
0 640 
0 640 
0 640 
0 640 
0 640 
0 392 422 640 
0 385 430 640 
0 381 434 640 
0 375 439 640 
0 371 444 640 
0 367 448 640 
0 364 450 640 
0 361 453 640 
0 359 456 640 
0 356 459 640 
0 354 461 640 
0 352 463 640 
0 350 465 640 
0 349 467 640 
0 347 470 640 
0 345 472 640 
0 343 474 640 
0 342 475 640 
0 341 477 640 
0 339 478 640 
0 338 480 640 
0 336 482 640 
0 335 483 640 
0 334 485 640 
0 333 486 640 
0 332 487 640 
0 331 489 640 
0 330 490 640 
0 328 491 640 
0 327 493 640 
0 326 494 640 
0 325 495 640 
0 324 497 640 
0 323 498 640 
0 322 499 640 
0 322 500 640 
0 320 500 640 
0 320 501 640 
0 319 502 640 
0 318 502 640 
0 317 503 640 
0 316 503 640 
0 315 504 640 
0 315 505 640 
0 314 505 640 
0 313 505 640 
0 312 506 640 
0 311 506 640 
0 311 506 640 
0 310 507 640 
0 309 507 640 
0 308 507 640 
0 307 507 640 
0 307 508 640 
0 306 509 640 
0 305 510 640 
0 304 511 640 
0 304 512 640 
0 303 513 640 
0 303 513 640 
0 302 514 640 
0 302 515 640 
0 301 515 640 
0 300 516 640 
0 299 516 640 
0 299 517 640 
0 298 518 640 
0 297 518 640 
0 297 519 640 
0 296 520 640 
0 295 521 640 
0 295 521 640 
0 294 522 640 
0 294 522 640 
0 293 523 640 
0 293 523 640 
0 292 524 640 
0 292 524 640 
0 291 525 640 
0 291 525 640 
0 291 525 640 
0 290 526 640 
0 290 526 640 
0 289 526 640 
0 289 526 640 
0 289 526 640 
0 288 527 640 
0 288 527 640 
0 288 527 640 
0 287 527 640 
0 287 527 640 
0 286 528 640 
0 285 528 640 
0 285 528 640 
0 285 528 640 
0 284 528 640 
0 284 529 640 
0 283 529 640 
0 283 529 640 
0 283 528 640 
0 283 528 640 
0 282 528 640 
0 282 528 640 
0 282 528 640 
0 282 528 640 
0 281 528 640 
0 281 528 640 
0 281 528 640 
0 280 528 640 
0 280 528 640 
0 280 528 640 
0 280 528 640 
0 279 528 640 
0 279 528 640 
0 279 528 640 
0 279 528 640 
0 279 528 640 
0 279 528 640 
0 279 528 640 
0 278 528 640 
0 278 528 640 
0 278 528 640 
0 278 527 640 
0 278 527 640 
0 278 527 640 
0 278 527 640 
0 278 527 640 
0 278 527 640 
0 278 527 640 
0 278 526 640 
0 278 526 640 
0 278 526 640 
0 278 525 640 
0 278 525 640 
0 278 525 640 
0 278 524 640 
0 278 524 640 
0 278 523 640 
0 278 523 640 
0 278 522 640 
0 278 522 640 
0 278 521 640 
0 278 521 640 
0 278 520 640 
0 277 520 640 
0 277 519 640 
0 277 519 640 
0 277 518 640 
0 277 517 640 
0 277 517 640 
0 276 516 640 
0 276 515 640 
0 276 515 640 
0 276 514 640 
0 276 513 640 
0 275 512 640 
0 275 511 640 
0 275 511 640 
0 275 510 640 
0 275 510 640 
0 275 509 640 
0 275 508 640 
0 275 508 640 
0 274 507 640 
0 274 507 640 
0 274 506 640 
0 274 506 640 
0 274 506 640 
0 273 505 640 
0 271 505 640 
0 270 504 640 
0 269 498 501 503 640 
0 268 497 501 503 640 
0 266 497 501 502 640 
0 265 496 501 502 640 
0 264 495 640 
0 262 494 640 
0 261 494 640 
0 260 493 640 
0 259 492 640 
0 258 481 483 484 486 488 489 491 640 
0 256 481 486 490 640 
0 255 481 487 490 640 
0 254 481 487 489 640 
0 253 481 640 
0 251 481 640 
0 250 481 640 
0 248 480 640 
0 247 480 640 
0 246 480 640 
0 245 480 640 
0 243 480 640 
0 242 480 640 
0 241 480 640 
0 240 480 640 
0 238 479 640 
0 237 479 640 
0 235 479 640 
0 234 479 640 
0 232 479 640 
0 231 479 640 
0 229 479 640 
0 228 479 640 
0 226 478 640 
0 225 478 640 
0 224 478 640 
0 222 478 640 
0 221 477 640 
0 220 477 640 
0 218 477 640 
0 216 477 640 
0 214 477 640 
0 213 476 640 
0 212 476 640 
0 210 476 640 
0 209 476 640 
0 208 476 640 
0 206 475 640 
0 205 475 640 
0 203 475 640 
0 202 476 640 
0 200 219 220 475 640 
0 199 218 219 475 640 
0 198 216 218 475 640 
0 196 215 217 475 640 
0 195 213 216 268 269 475 640 
0 193 212 214 268 269 475 640 
0 192 210 213 267 269 475 640 
0 190 209 212 267 269 475 640 
0 189 207 210 266 269 475 640 
0 188 206 209 266 268 475 640 
0 186 204 208 265 267 475 640 
0 185 202 207 264 267 475 640 
0 183 201 205 263 266 475 640 
0 182 199 204 262 265 475 640 
0 180 198 203 261 264 475 640 
0 179 196 201 261 264 471 472 475 640 
0 177 194 201 260 263 470 473 475 640 
0 176 193 199 259 262 470 474 475 640 
0 175 191 198 258 261 470 640 
0 173 190 197 257 261 470 640 
0 172 188 196 257 260 470 640 
0 171 187 194 256 259 469 640 
0 169 186 192 255 258 469 640 
0 168 184 191 254 257 470 640 
0 166 183 190 254 256 472 640 
0 165 181 189 252 255 476 640 
0 163 180 187 252 255 478 640 
0 162 178 186 251 254 481 640 
0 161 177 185 250 252 484 640 
0 159 175 184 249 250 487 640 
0 158 174 182 490 640 
0 157 172 181 492 640 
0 156 171 180 495 640 
0 155 169 178 498 640 
0 154 168 177 500 640 
0 152 166 176 503 640 
0 151 165 175 504 640 
0 149 164 173 507 640 
0 148 163 172 509 640 
0 147 162 170 511 640 
0 146 160 169 513 640 
0 145 159 168 514 640 
0 143 158 167 515 640 
0 142 157 166 517 640 
0 141 155 164 518 640 
0 139 154 163 520 640 
0 138 153 162 521 640 
0 137 152 160 523 640 
0 136 150 159 525 640 
0 135 149 158 526 640 
0 133 148 157 528 640 
0 133 146 156 529 640 
0 131 145 155 530 640 
0 130 144 153 530 640 
0 128 142 152 532 640 
0 128 141 151 533 640 
0 127 140 150 534 640 
0 126 139 149 535 640 
0 125 137 147 536 640 
0 124 136 146 537 640 
0 123 135 145 538 640 
0 121 134 144 539 640 
0 120 133 143 539 640 
0 119 132 141 540 640 
0 118 131 140 541 640 
0 117 130 139 541 640 
0 116 129 138 540 640 
0 115 128 137 540 640 
0 114 127 135 540 640 
0 113 125 134 541 640 
0 111 124 133 542 640 
0 110 123 132 543 640 
0 109 122 131 544 640 
0 108 121 130 545 640 
0 107 120 128 545 640 
0 107 119 127 546 640 
0 106 118 126 547 640 
0 105 117 125 547 640 
0 103 116 124 548 640 
0 103 115 123 549 640 
0 102 114 122 550 640 
0 101 113 121 550 640 
0 100 112 120 551 640 
0 99 111 119 552 640 
0 98 110 118 552 640 
0 96 109 116 553 640 
0 95 108 115 554 640 
0 94 107 113 555 640 
0 93 106 111 210 211 556 640 
0 93 105 109 209 210 557 640 
0 92 104 107 200 202 208 209 557 640 
0 91 103 105 199 201 207 209 558 640 
0 90 199 201 206 208 559 640 
0 89 197 199 205 207 560 640 
0 88 197 199 205 207 560 640 
0 87 196 198 204 206 561 640 
0 86 195 198 203 205 562 640 
0 85 194 197 202 204 563 640 
0 84 193 196 202 203 564 640 
0 84 193 195 201 202 564 640 
0 82 192 195 200 201 565 640 
0 82 191 194 199 200 566 640 
0 81 190 193 567 640 
0 79 190 192 567 640 
0 78 189 191 568 640 
0 76 188 190 569 640 
0 74 187 190 569 640 
0 72 186 189 570 640 
0 70 186 188 571 640 
0 69 185 188 572 640 
0 67 184 186 573 640 
0 65 184 186 574 640 
0 63 178 179 182 185 575 640 
0 61 182 184 575 640 
0 59 176 177 181 184 576 640 
0 58 174 176 180 182 577 640 
0 56 173 175 180 181 578 640 
0 54 143 145 172 175 579 640 
0 52 141 144 172 175 580 640 
0 50 139 143 172 175 581 640 
0 48 138 143 164 165 171 173 582 640 
0 47 136 142 163 165 170 172 582 640 
0 45 135 141 162 164 169 171 583 640 
0 43 134 140 160 163 168 169 584 640 
0 41 134 140 160 162 585 640 
0 39 132 139 159 162 586 640 
0 38 131 138 158 162 587 640 
0 36 130 137 157 162 588 640 
0 34 129 137 157 160 589 640 
0 32 128 136 156 159 590 640 
0 30 125 135 155 157 590 640 
0 29 123 135 155 156 591 640 
0 27 121 134 154 155 592 640 
0 25 120 133 593 640 
0 22 118 133 593 640 
0 21 116 132 594 640 
0 19 115 131 595 640 
0 18 113 130 597 640 
0 16 112 130 598 640 
0 14 111 129 598 640 
0 12 108 128 600 640 
0 11 107 128 600 640 
0 9 106 127 602 640 
0 8 104 126 603 640 
0 6 102 126 603 640 
0 4 100 125 146 147 605 640 
0 3 100 124 144 147 152 153 605 640 
0 1 99 124 143 146 151 152 606 640 
98 123 143 145 607 640 
97 122 142 144 147 148 608 640 
39 40 96 121 141 145 609 640 
95 121 141 145 610 640 
94 120 140 144 611 640 
94 120 139 142 612 640 
32 33 93 119 139 141 613 640 
30 32 91 118 138 139 614 640 
29 30 91 118 615 640 
27 28 90 117 615 640 
25 26 90 116 616 640 
23 25 89 115 617 640 
21 23 88 113 619 640 
20 21 88 112 620 640 
18 20 87 111 621 640 
17 19 86 109 622 640 
15 17 85 108 623 640 
13 15 85 106 182 183 624 640 
12 14 84 105 181 183 625 640 
10 12 83 103 181 183 626 640 
8 10 82 102 179 182 627 640 
7 9 81 100 179 182 628 640 
5 7 80 99 178 181 629 640 
4 6 80 98 177 180 630 640 
2 4 79 96 176 180 631 640 
0 3 78 95 104 106 175 179 632 640 
0 1 78 94 102 105 174 179 467 470 633 640 
77 92 101 105 171 178 467 474 634 640 
76 90 100 104 170 178 467 478 635 640 
75 89 98 103 169 177 467 481 636 640 
74 88 97 103 169 177 467 483 637 640 
73 87 96 102 168 176 467 485 638 640 
73 85 94 102 166 175 467 488 638 640 
72 83 92 101 165 175 467 490 639 640 
72 82 91 100 165 174 467 492 
72 81 90 100 162 173 467 493 
71 80 88 99 161 172 467 495 
70 77 87 99 161 170 467 497 
70 76 86 98 160 170 467 498 
68 75 84 96 158 169 467 500 
67 73 83 94 157 168 467 501 
67 73 82 93 157 167 466 502 
