0 640 
0 640 
0 640 
0 640 
0 640 
0 546 548 640 
0 515 516 545 549 640 
0 545 550 640 
0 545 550 640 
0 545 550 640 
0 545 549 640 
0 546 547 640 
0 640 
0 640 
0 640 
0 640 
0 640 
0 640 
0 640 
0 640 
0 640 
0 640 
0 640 
0 640 
0 640 
0 640 
0 640 
0 640 
0 640 
0 640 
0 640 
0 640 
0 640 
0 640 
0 640 
0 640 
0 640 
0 640 
0 640 
0 238 245 297 303 640 
0 237 265 288 304 640 
0 236 270 282 305 640 
0 235 274 278 305 640 
0 234 307 640 
0 232 312 640 
0 231 314 640 
0 230 315 640 
0 229 317 640 
0 229 321 640 
0 228 324 640 
0 227 326 640 
0 226 327 640 
0 226 328 640 
0 225 330 640 
0 225 331 640 
0 225 332 640 
0 225 332 640 
0 225 333 640 
0 225 333 640 
0 224 336 640 
0 223 341 640 
0 223 343 640 
0 221 344 640 
0 220 345 640 
0 220 346 640 
0 219 346 640 
0 218 347 640 
0 217 347 640 
0 215 347 640 
0 215 348 640 
0 215 349 640 
0 215 350 362 365 640 
0 214 351 358 364 640 
0 213 352 356 363 640 
0 211 363 640 
0 209 363 640 
0 208 362 640 
0 206 362 640 
0 205 362 640 
0 205 362 640 
0 204 362 640 
0 204 362 640 
0 204 363 640 
0 204 364 640 
0 204 364 640 
0 204 365 640 
0 203 366 640 
0 203 366 640 
0 203 367 640 
0 203 367 640 
0 202 369 640 
0 202 370 640 
0 202 371 640 
0 202 372 640 
0 202 374 640 
0 202 375 640 
0 202 375 425 427 640 
0 202 375 425 428 640 
0 201 374 424 429 640 
0 201 374 425 429 640 
0 200 374 426 430 640 
0 199 373 427 430 640 
0 199 373 428 430 640 
0 198 373 640 
0 198 373 640 
0 198 373 640 
0 198 373 640 
0 199 373 640 
0 199 374 640 
0 200 375 640 
0 200 379 640 
0 200 379 640 
0 201 380 640 
0 201 380 640 
0 201 380 640 
0 201 380 640 
0 201 379 640 
0 201 379 640 
0 200 378 640 
0 200 378 640 
0 200 378 640 
0 179 182 199 378 640 
0 178 183 188 196 198 378 391 393 640 
0 176 378 391 392 640 
0 175 377 390 392 640 
0 173 377 390 391 640 
0 171 377 389 390 640 
0 170 377 388 390 640 
0 167 377 381 382 388 389 640 
0 166 377 381 383 387 388 640 
0 163 376 382 383 387 388 640 
0 160 376 383 384 386 387 640 
0 132 150 159 376 383 386 640 
0 130 376 383 386 640 
0 128 376 382 385 640 
0 126 376 380 383 456 458 640 
0 125 376 379 381 456 457 640 
0 123 380 640 
0 123 379 452 454 455 456 640 
0 66 67 121 381 453 456 640 
0 64 68 120 381 453 455 481 483 640 
0 63 67 119 382 453 454 480 482 640 
0 62 66 118 382 452 454 480 481 640 
0 62 66 117 383 451 453 479 480 640 
0 61 66 116 384 449 452 640 
0 62 65 116 385 448 451 640 
0 115 385 447 450 640 
0 113 386 446 450 640 
0 110 386 445 449 474 476 640 
0 108 387 445 448 473 476 640 
0 106 386 444 448 463 465 473 474 508 510 640 
0 105 386 407 408 444 447 463 465 507 508 640 
0 105 385 407 408 444 446 463 466 502 504 640 
0 104 385 407 408 443 445 462 467 469 470 640 
0 102 384 442 444 462 469 640 
0 101 384 406 407 441 444 462 468 495 497 640 
0 100 383 440 443 462 466 493 495 640 
0 98 383 440 443 459 460 462 465 492 494 640 
0 95 382 439 442 457 460 485 486 489 492 640 
0 83 88 94 382 438 441 455 457 484 486 488 489 640 
0 82 381 415 416 436 441 451 455 478 479 483 486 640 
0 81 380 435 439 448 454 478 480 483 485 640 
0 81 380 435 438 447 453 477 480 640 
0 80 379 434 437 444 450 464 465 473 481 640 
0 79 379 433 437 441 449 455 465 470 481 640 
0 78 378 432 436 439 448 455 467 469 472 477 480 640 
0 77 378 432 436 438 448 456 459 460 461 478 479 640 
0 77 377 431 447 640 
0 75 377 430 443 640 
0 72 376 403 405 429 440 640 
0 69 373 403 405 429 438 640 
0 68 373 402 406 428 436 640 
0 68 374 402 405 427 434 640 
0 66 374 402 405 427 433 640 
0 66 375 402 405 426 432 640 
0 67 375 401 405 424 432 640 
0 66 375 400 404 424 430 640 
0 66 375 399 403 423 428 640 
0 65 375 397 402 422 427 450 451 640 
0 64 375 383 384 396 401 420 426 449 451 640 
0 63 375 395 400 419 425 450 451 481 482 640 
0 63 375 394 398 418 424 480 481 486 488 640 
0 62 375 393 396 417 423 464 465 479 480 485 487 640 
0 62 375 392 395 416 422 455 456 485 486 640 
0 61 375 391 393 415 421 438 439 454 460 477 478 640 
0 60 375 390 392 412 420 455 456 476 478 640 
0 59 375 389 391 408 419 455 457 474 478 640 
0 58 376 388 391 399 402 405 407 409 418 427 429 455 457 473 478 495 496 640 
0 58 375 388 390 396 400 405 406 410 417 427 429 455 457 473 479 481 483 640 
0 57 375 386 389 394 398 410 417 427 431 455 456 461 462 465 466 471 478 480 483 640 
0 56 373 385 388 392 395 404 406 409 416 426 430 454 457 460 462 465 466 472 475 480 484 489 490 640 
0 56 373 381 382 384 387 390 394 405 406 408 415 426 429 454 459 460 462 471 474 480 483 488 490 640 
0 57 373 381 386 390 392 397 398 403 405 406 414 425 427 455 458 460 461 471 473 479 482 488 491 640 
0 58 373 379 385 396 398 403 412 423 425 455 457 459 460 470 472 479 480 486 491 495 496 640 
0 58 373 378 385 386 388 392 395 400 411 422 424 454 457 458 459 470 472 478 480 482 488 495 496 500 501 640 
0 58 373 377 385 389 410 420 422 454 458 461 463 469 471 477 480 481 483 499 500 640 
0 58 373 376 385 387 408 454 458 461 463 469 471 476 480 503 504 508 510 640 
0 58 373 375 381 382 406 415 418 454 458 460 463 469 471 475 479 507 509 640 
0 59 379 382 405 410 412 413 416 453 458 460 463 468 470 474 479 640 
0 59 377 381 405 406 415 453 457 461 463 466 470 473 476 640 
0 59 376 379 414 453 456 461 463 466 470 471 475 640 
0 59 375 378 380 383 403 452 456 461 464 466 473 640 
0 59 373 376 378 383 396 398 399 401 402 452 456 461 464 466 471 640 
0 59 372 383 395 398 399 451 454 455 456 462 464 465 470 640 
0 57 58 60 373 382 394 450 453 461 468 640 
0 60 372 382 392 451 453 455 456 461 467 640 
0 59 372 381 391 451 453 455 457 460 466 640 
0 59 372 380 391 398 400 408 410 451 453 455 457 459 465 640 
0 59 372 379 389 390 391 398 400 406 407 451 453 455 463 640 
0 59 369 371 372 379 388 397 403 450 453 456 463 640 
0 59 369 377 387 397 401 450 453 455 462 465 468 640 
0 59 368 376 387 397 400 450 463 464 469 640 
0 59 368 374 386 390 393 397 399 449 469 470 472 640 
0 61 367 372 386 449 469 471 474 640 
0 61 367 371 386 448 457 465 467 471 476 640 
0 61 367 370 385 396 397 448 456 472 479 560 561 640 
0 59 60 61 367 370 384 396 397 449 455 475 483 560 561 640 
0 60 367 369 383 396 398 449 455 479 485 560 561 640 
0 60 382 395 398 448 454 559 561 640 
0 60 381 395 397 448 454 559 561 640 
0 58 381 396 398 446 453 553 554 559 561 640 
0 58 381 397 398 444 453 553 554 559 561 640 
0 58 382 396 399 442 452 552 554 559 560 640 
0 58 384 396 399 441 451 552 554 558 560 640 
0 57 385 396 398 440 449 552 554 558 560 640 
0 57 385 390 391 396 398 438 447 553 555 558 559 640 
0 57 386 390 391 396 399 436 446 553 555 558 559 640 
0 57 386 390 391 395 399 434 444 553 555 557 559 640 
0 57 387 395 398 433 442 469 470 553 555 557 559 640 
0 57 387 395 398 431 441 457 458 468 469 553 555 557 558 640 
0 57 388 393 397 426 439 466 467 554 558 640 
0 57 389 393 397 421 438 465 466 554 557 640 
0 56 389 392 396 417 436 463 465 541 542 554 557 640 
0 57 390 392 396 414 434 458 462 541 542 554 557 611 612 640 
0 58 390 392 395 413 432 446 450 457 461 541 543 553 557 610 612 640 
0 59 390 392 395 411 432 440 450 455 461 484 485 542 543 553 556 610 612 640 
0 60 395 407 424 429 433 434 462 542 543 553 556 608 611 640 
0 60 395 404 420 429 442 447 469 476 477 483 484 542 544 553 556 607 611 640 
0 60 394 401 419 464 467 468 473 475 477 481 483 542 544 553 556 605 610 640 
0 60 393 400 418 470 477 480 482 542 544 553 555 589 590 604 608 640 
0 60 393 399 417 474 482 542 545 552 555 602 604 640 
0 60 393 398 415 475 477 479 483 496 502 543 545 552 555 640 
0 60 394 397 414 474 475 481 487 488 489 496 499 543 546 552 555 587 588 640 
0 60 411 475 477 484 487 496 497 544 546 552 555 584 585 598 599 609 610 640 
0 59 409 475 477 544 547 549 550 551 554 583 584 597 599 608 609 640 
0 58 408 476 478 544 548 549 550 551 554 581 583 587 588 597 599 640 
0 56 407 476 479 527 528 545 548 549 553 586 587 589 590 596 597 640 
0 55 405 477 479 528 529 545 548 550 553 586 587 588 590 594 596 640 
0 53 404 489 490 495 496 528 529 545 548 550 553 585 587 588 590 593 595 640 
0 51 403 476 477 480 482 487 488 496 498 545 548 550 552 585 587 593 595 640 
0 49 403 476 477 481 482 486 487 546 552 584 587 592 595 640 
0 47 404 475 477 479 480 481 483 546 551 584 587 591 593 609 610 640 
0 45 404 475 480 530 531 545 551 584 587 590 592 608 611 640 
0 44 404 473 474 475 480 481 482 530 531 545 551 584 587 588 592 607 609 640 
0 43 405 473 474 475 478 531 532 545 550 565 566 583 591 603 607 640 
0 41 405 473 476 531 532 544 550 559 560 563 565 580 581 583 591 602 606 640 
0 40 405 470 476 531 532 544 549 559 561 562 564 579 585 587 590 596 597 603 604 640 
0 38 405 467 476 531 533 544 549 559 562 578 585 586 589 595 596 640 
0 37 405 464 473 475 476 531 533 543 548 557 561 577 588 593 596 640 
0 36 405 463 472 475 477 532 533 543 548 556 561 570 571 577 587 592 595 640 
0 34 405 461 471 476 478 532 533 543 547 555 556 559 561 570 571 576 579 580 586 591 594 640 
0 31 406 459 472 476 477 532 534 543 547 551 555 559 561 569 571 575 584 589 592 640 
0 29 405 458 467 469 471 532 534 542 546 550 553 559 561 569 571 573 584 587 592 640 
0 26 405 452 453 455 464 469 470 532 534 539 540 542 546 548 551 559 561 568 570 573 590 640 
0 26 405 451 462 532 534 539 540 542 551 559 561 568 570 573 580 581 588 640 
0 25 405 449 457 467 468 532 534 541 547 559 561 568 570 572 579 581 586 640 
0 25 405 448 454 475 477 532 535 540 546 559 561 567 578 581 583 640 
0 26 405 448 453 466 467 475 477 532 535 539 544 559 562 566 582 640 
0 28 405 447 451 465 466 475 477 533 535 539 544 558 562 565 580 640 
0 27 405 410 411 445 449 464 465 475 478 533 535 538 543 558 562 564 579 640 
0 26 406 411 412 438 440 444 448 463 465 474 477 533 536 538 543 558 562 563 578 640 
0 25 407 411 412 437 438 443 446 463 465 533 543 556 558 559 576 640 
0 24 407 412 413 420 422 442 445 462 464 465 466 468 470 533 543 554 557 559 575 640 
0 24 408 413 414 419 425 427 428 440 445 461 463 465 471 533 544 553 556 558 574 579 580 593 594 640 
0 22 408 413 432 438 453 460 463 464 473 534 542 553 555 558 570 571 574 579 581 591 593 640 
0 21 410 413 434 436 468 470 473 535 542 544 545 546 548 558 569 572 574 579 581 640 
0 20 410 411 468 535 541 544 549 557 568 579 580 640 
0 18 442 447 460 465 467 534 541 545 548 552 553 556 568 579 580 640 
0 18 440 449 453 454 459 535 541 544 547 551 553 555 562 563 566 579 580 640 
0 16 17 18 422 424 427 429 437 451 453 535 540 544 547 550 561 562 565 578 581 640 
0 16 422 432 434 452 453 535 540 542 560 561 564 565 566 572 573 578 580 640 
0 15 422 535 560 561 564 571 573 578 579 640 
0 15 409 411 416 534 564 571 573 577 578 640 
0 14 409 410 414 430 432 534 540 541 560 561 564 571 573 576 578 640 
0 14 410 429 435 454 456 467 468 533 540 541 559 561 563 570 573 575 578 640 
0 14 410 427 430 433 434 466 468 523 526 533 539 540 548 550 557 569 572 574 578 640 
0 13 410 427 429 448 449 466 468 523 525 530 532 533 548 550 557 559 560 562 564 567 568 569 575 640 
0 13 15 16 410 412 413 426 428 466 468 523 525 530 545 551 560 562 568 569 571 640 
0 13 14 15 410 412 414 425 427 466 467 523 525 530 544 551 554 555 566 568 569 640 
0 13 14 15 410 412 414 424 427 465 467 521 525 527 544 550 564 640 
0 13 410 413 414 419 428 434 435 440 442 465 467 520 525 527 543 545 561 640 
0 13 411 412 423 425 436 439 441 464 466 519 543 544 556 559 561 640 
0 15 423 425 437 439 441 463 465 519 555 561 562 569 571 640 
0 15 423 425 437 462 464 517 541 542 554 561 563 568 570 640 
0 14 415 416 421 427 428 431 437 461 464 516 552 561 564 567 568 640 
0 12 414 417 419 431 438 447 448 460 464 514 551 560 563 640 
0 10 410 412 414 418 419 431 435 438 439 447 448 459 464 512 551 555 557 640 
0 10 410 412 414 432 435 441 443 447 449 459 462 510 557 640 
0 9 410 412 414 446 449 458 461 508 520 525 557 640 
0 8 411 413 415 447 449 457 461 505 519 525 552 555 558 561 563 640 
0 7 411 413 415 447 449 451 460 500 518 525 547 555 562 640 
0 7 411 413 415 447 449 455 458 494 514 516 518 525 542 552 561 640 
0 7 415 447 449 455 457 486 509 511 513 516 518 524 539 548 561 640 
0 7 415 447 449 454 457 480 507 511 513 516 518 523 537 544 558 640 
0 7 8 9 415 447 449 453 456 477 503 510 512 517 519 522 535 541 548 553 555 640 
0 9 415 447 450 453 456 473 494 509 511 517 520 521 534 542 544 553 555 640 
0 7 415 448 451 452 455 470 485 508 510 517 535 552 555 640 
0 7 416 449 454 466 481 507 509 516 536 551 555 640 
0 5 416 451 453 464 465 466 468 470 480 507 508 514 536 553 555 640 
0 6 416 451 453 470 478 506 508 511 537 554 555 640 
0 6 416 451 453 468 476 505 507 510 536 640 
0 5 416 450 452 467 475 504 507 508 531 640 
0 4 417 449 452 466 474 503 525 640 
0 3 417 448 452 465 472 502 522 640 
0 3 418 447 452 463 471 501 519 640 
0 3 418 445 451 462 470 499 516 640 
0 4 419 444 449 460 469 497 515 640 
0 6 419 424 425 444 448 458 468 494 513 640 
0 6 416 418 420 423 424 443 446 455 466 492 510 640 
0 6 416 418 420 422 423 441 445 453 465 490 506 640 
0 4 5 6 416 417 422 439 444 450 463 487 504 640 
0 4 416 417 422 438 442 447 461 485 502 640 
0 4 421 437 441 444 459 482 500 640 
0 4 421 435 457 480 497 640 
0 5 421 434 455 477 495 640 
0 3 421 432 452 475 492 640 
0 4 421 430 448 473 490 640 
0 4 5 6 421 428 445 471 487 640 
0 4 420 426 443 469 484 640 
0 4 420 424 442 468 483 640 
0 4 420 422 439 467 480 640 
0 4 420 421 437 466 479 640 
0 5 435 466 476 640 
0 5 433 464 475 640 
0 5 431 463 474 640 
0 6 428 462 472 640 
0 6 7 8 427 461 471 640 
0 6 423 425 426 459 470 640 
0 7 422 425 426 458 468 640 
0 8 422 456 467 640 
0 7 8 9 422 455 465 640 
0 10 425 453 464 640 
0 10 425 451 462 640 
0 9 425 450 461 640 
0 9 10 11 425 449 460 640 
0 10 425 447 458 640 
0 11 426 446 457 640 
0 10 426 444 455 640 
0 10 427 444 454 640 
0 10 427 442 453 640 
0 10 428 441 452 640 
0 9 428 440 451 640 
0 9 428 439 449 640 
0 9 429 437 448 640 
0 10 429 436 448 640 
0 12 429 434 447 640 
0 14 429 433 446 640 
0 15 429 431 445 640 
0 16 428 430 444 640 
0 16 427 429 443 640 
0 15 442 640 
0 15 442 640 
0 14 440 640 
0 15 439 640 
0 15 438 640 
0 16 436 640 
0 16 433 640 
0 17 430 640 
0 17 429 640 
0 17 427 640 
0 17 18 19 425 640 
0 17 18 19 422 640 
0 20 419 640 
0 18 416 640 
0 19 20 21 414 640 
0 21 413 640 
0 22 412 640 
0 23 410 640 
0 24 409 640 
0 25 408 640 
0 25 407 640 
0 27 406 640 
0 28 405 640 
0 30 405 640 
0 31 404 640 
0 34 404 640 
0 36 403 640 
0 38 402 640 
0 38 394 396 402 640 
0 39 393 397 401 640 
0 42 392 398 401 640 
0 43 390 392 393 395 396 399 400 640 
0 45 388 395 397 640 
0 45 386 640 
0 46 384 398 399 640 
0 46 383 640 
0 47 383 640 
0 49 384 640 
0 50 382 640 
0 52 382 640 
0 55 382 640 
0 56 382 640 
0 58 381 640 
0 59 380 640 
0 62 380 640 
0 62 380 640 
0 62 380 640 
0 62 379 640 
0 62 379 640 
0 61 379 640 
0 61 344 347 379 640 
0 61 340 348 377 640 
0 60 316 322 336 348 377 640 
0 60 315 326 333 348 377 640 
0 60 314 348 377 640 
0 60 159 160 313 348 376 640 
0 60 157 164 313 348 376 640 
0 61 156 165 312 348 376 640 
0 61 154 167 312 348 376 640 
0 61 153 170 311 348 376 640 
0 62 151 174 192 198 311 347 376 640 
0 62 150 202 292 295 310 347 376 640 
0 62 148 206 260 270 286 296 309 347 376 640 
0 63 128 130 146 207 255 298 308 347 376 640 
0 63 128 130 144 210 249 298 307 347 376 640 
0 64 128 135 142 213 241 347 376 640 
0 64 128 216 238 347 377 640 
0 65 107 108 128 219 236 347 377 640 
0 65 106 108 129 221 233 346 377 640 
0 66 106 108 129 223 226 346 377 640 
0 67 106 108 128 346 377 640 
0 67 128 346 377 640 
0 68 128 346 377 640 
0 67 128 346 377 640 
0 67 128 346 378 640 
0 67 128 346 378 640 
0 67 128 346 378 640 
0 58 66 67 128 345 378 640 
0 56 128 345 379 640 
0 55 127 345 379 640 
0 54 127 345 379 640 
0 52 127 345 380 640 
0 47 126 345 380 640 
0 42 125 345 380 640 
0 39 125 345 380 640 
0 36 124 344 381 640 
0 34 123 344 381 640 
0 32 123 344 381 640 
0 30 122 344 381 640 
0 29 122 343 380 640 
0 28 121 343 380 640 
0 27 121 342 380 640 
0 26 121 342 381 640 
0 25 122 341 381 640 
0 25 122 341 381 640 
0 25 123 340 381 640 
0 25 124 340 382 640 
0 26 124 339 382 640 
0 26 125 338 382 640 
0 26 125 338 382 640 
0 27 125 337 382 640 
0 27 125 337 382 640 
0 27 122 336 382 640 
0 28 122 336 383 640 
0 28 123 335 383 640 
0 28 124 335 383 640 
0 29 113 115 125 335 383 640 
0 29 112 118 124 334 383 640 
0 29 112 334 383 640 
0 29 112 334 383 640 
0 30 112 334 383 640 
0 30 112 334 383 640 
0 31 112 334 383 640 
0 32 112 334 383 640 
0 33 112 334 383 640 
0 33 113 334 383 640 
0 31 113 334 383 640 
0 30 113 334 383 640 
0 28 112 334 382 640 
0 27 112 334 382 640 
