






































































































376 377 
373 385 
369 389 
354 392 
352 395 
349 398 
346 401 
343 404 
342 407 
338 409 
336 410 
335 411 
333 413 
332 413 
330 413 
329 412 
328 413 
326 412 
325 412 
323 412 
322 412 
321 412 
320 411 
318 411 
317 411 
316 411 
316 411 
315 411 
313 411 
313 411 
312 411 
312 411 
311 411 
311 411 
310 411 
310 411 
309 411 
308 411 
307 411 
306 411 
306 411 
305 412 
304 412 
303 412 
302 412 
300 412 
299 412 
295 412 
293 412 
291 412 
289 413 
287 413 
285 413 
284 413 
282 413 
280 413 
280 414 
279 414 
278 414 
277 414 
276 414 
276 415 
275 415 
274 415 
274 415 
272 415 
272 416 
271 416 
270 416 
270 416 
269 416 
269 416 
269 416 
269 417 
268 417 
268 417 
268 417 
267 417 
267 417 
267 417 
267 417 
267 417 
268 418 
269 418 
275 418 
279 418 
283 418 
287 418 
290 418 
293 418 
296 419 
300 419 
303 419 
306 420 
307 420 
309 421 
311 421 
313 421 
314 422 
316 422 
317 423 
318 423 
320 424 
321 424 
322 425 
324 425 
325 426 
326 426 
328 427 
329 428 
330 429 
331 429 
333 430 
334 431 
335 431 
336 432 
337 433 
338 434 
339 435 
340 435 
341 436 
342 436 
342 437 
344 438 
344 439 
345 439 
346 440 
347 440 
348 440 
349 441 
350 441 
350 441 
351 442 
352 443 
353 443 
354 444 
355 444 
355 445 
356 445 
357 446 
358 447 
358 448 
359 449 
359 451 
360 451 
360 453 
361 454 
361 455 
362 456 
362 457 
363 458 
363 459 
364 460 
364 461 
365 462 
365 463 
365 464 
366 466 
366 467 
367 468 
367 469 
367 470 
368 471 
368 474 
369 475 
370 476 
370 477 
370 479 
370 480 
371 481 
371 483 
372 485 
372 486 
372 488 
373 490 
373 491 
373 493 
373 496 
374 496 
374 497 
374 497 
375 498 
375 498 
375 498 
375 498 
375 498 
376 499 
376 499 
376 500 
376 500 
377 500 
377 500 
377 501 
377 501 
378 501 
378 502 
378 502 
378 502 
379 501 
379 501 
379 501 
379 501 
379 500 
379 500 
379 499 
380 498 
380 497 
380 496 
380 493 
380 493 
380 490 
380 488 
380 486 
380 485 
380 485 
380 483 
380 482 
380 481 
380 479 
381 478 
381 476 
381 475 
382 472 
383 470 
383 469 
384 468 
384 467 
385 467 
386 467 
386 467 
387 468 
388 468 
388 470 
389 470 
389 471 
390 472 
391 473 
391 473 
391 446 450 474 
392 444 450 475 
393 442 450 476 
394 441 451 477 
394 439 451 478 
395 437 451 479 
395 435 452 480 
395 433 452 480 
396 432 453 481 
396 430 454 482 
397 428 454 483 
398 427 455 483 
398 424 456 484 
398 423 456 485 
399 420 457 485 
399 419 458 485 
400 416 458 484 
400 413 459 484 
401 408 409 410 459 484 
460 484 
460 484 
461 484 
462 484 
462 484 
463 484 
464 484 
464 483 
465 484 
465 483 
466 483 
466 482 
467 481 
467 481 
468 480 
469 479 
469 478 
470 477 
471 476 





































































































