0 640 
0 640 
0 640 
0 640 
0 640 
0 640 
0 640 
0 640 
0 640 
0 640 
0 640 
0 292 299 640 
0 291 300 640 
0 290 301 640 
0 290 302 640 
0 290 302 640 
0 291 301 640 
0 292 300 640 
0 294 299 640 
0 296 298 640 
0 201 202 640 
0 200 202 640 
0 198 201 640 
0 197 201 640 
0 196 200 640 
0 195 200 640 
0 194 199 640 
0 194 197 640 
0 194 196 248 253 640 
0 194 195 640 
0 640 
0 640 
0 640 
0 640 
0 640 
0 640 
0 640 
0 640 
0 640 
0 640 
0 640 
0 640 
0 640 
0 640 
0 640 
0 640 
0 640 
0 640 
0 640 
0 640 
0 640 
0 640 
0 640 
0 640 
0 640 
0 640 
0 640 
0 640 
0 640 
0 399 401 404 406 640 
0 397 409 640 
0 399 409 640 
0 640 
0 640 
0 640 
0 640 
0 640 
0 640 
0 640 
0 640 
0 640 
0 640 
0 640 
0 640 
0 640 
0 252 254 640 
0 248 257 640 
0 253 255 640 
0 640 
0 640 
0 640 
0 640 
0 640 
0 640 
0 640 
0 640 
0 640 
0 640 
0 640 
0 636 639 640 
0 634 639 640 
0 634 
0 634 
0 633 
0 633 639 640 
0 633 
0 634 
0 634 
0 635 639 640 
0 640 
0 640 
0 640 
0 640 
0 640 
0 640 
0 640 
0 640 
0 640 
0 640 
0 640 
0 640 
0 640 
0 640 
0 640 
0 640 
0 403 405 640 
0 401 407 640 
0 401 410 640 
0 401 411 640 
0 401 411 640 
0 402 412 640 
0 402 413 640 
0 403 413 640 
0 404 414 640 
0 405 414 640 
0 408 415 640 
0 640 
0 640 
0 640 
0 640 
0 640 
0 640 
0 640 
0 640 
0 640 
0 640 
0 640 
0 640 
0 34 59 640 
0 29 65 640 
0 24 70 640 
0 20 75 640 
0 16 79 153 156 640 
0 12 81 153 157 640 
0 9 83 151 158 640 
0 6 83 150 158 640 
0 4 85 150 158 640 
0 3 86 149 159 640 
88 149 159 640 
89 148 159 640 
90 148 158 640 
91 148 158 640 
93 148 158 640 
94 148 157 640 
96 148 156 640 
97 149 155 640 
98 149 155 640 
98 150 154 640 
99 150 154 640 
100 151 153 640 
101 640 
101 640 
102 640 
103 640 
103 640 
104 640 
105 640 
105 640 
105 640 
106 640 
106 640 
106 640 
107 640 
107 640 
107 640 
107 640 
107 640 
107 640 
106 640 
106 640 
105 640 
105 640 
106 640 
106 640 
106 640 
106 640 
107 640 
107 640 
107 640 
107 640 
108 640 
108 640 
108 640 
108 640 
108 640 
108 640 
108 640 
108 640 
108 640 
108 640 
108 640 
108 640 
107 640 
107 640 
106 640 
106 640 
105 640 
105 640 
104 640 
102 640 
101 640 
100 640 
100 640 
99 640 
99 640 
99 640 
99 640 
99 640 
99 640 
99 640 
99 640 
98 640 
98 640 
98 640 
98 640 
98 640 
98 640 
98 640 
97 640 
97 640 
97 640 
96 640 
96 640 
95 640 
95 640 
94 640 
94 640 
93 640 
92 640 
91 640 
90 640 
89 640 
87 640 
85 640 
84 640 
82 640 
80 640 
80 640 
79 640 
78 640 
78 640 
77 640 
77 640 
77 202 206 640 
77 199 206 640 
76 197 205 640 
76 196 205 640 
76 195 205 640 
76 195 204 640 
75 195 203 640 
75 194 202 640 
74 194 201 640 
73 194 199 408 411 640 
73 74 80 194 197 408 411 640 
81 195 196 406 411 640 
82 405 411 640 
83 404 410 640 
76 78 84 403 409 640 
69 72 74 75 76 79 85 402 408 640 
68 76 86 403 406 608 614 640 
66 75 87 606 620 640 
65 75 88 605 622 640 
64 76 88 605 623 640 
64 77 89 606 623 640 
64 78 90 612 622 640 
65 79 91 616 620 640 
65 80 91 385 386 422 425 640 
65 81 92 384 386 420 426 640 
66 82 93 383 386 420 428 525 529 640 
66 81 93 382 385 420 429 523 531 640 
66 78 94 381 385 420 430 523 534 640 
67 78 94 381 384 420 431 522 536 640 
67 77 94 381 383 420 432 522 538 640 
67 71 73 76 94 381 382 420 433 522 540 640 
94 420 433 522 542 640 
94 419 434 522 542 640 
94 419 435 523 543 640 
93 419 435 524 543 640 
93 419 435 524 544 640 
92 419 435 527 544 640 
92 419 435 532 544 640 
91 420 435 640 
91 420 435 640 
90 420 435 640 
88 421 435 640 
86 422 436 640 
84 423 436 640 
82 424 436 640 
80 425 435 640 
78 286 288 426 435 640 
76 285 289 428 435 640 
74 285 291 431 435 640 
24 28 66 68 73 286 292 640 
19 28 60 63 65 285 293 640 
18 28 60 285 293 640 
17 27 61 285 294 640 
18 27 62 285 294 640 
18 28 64 286 294 640 
19 28 64 287 294 640 
0 3 19 23 24 28 63 288 294 640 
0 3 26 27 63 640 
0 2 62 640 
0 2 63 640 
0 2 63 640 
0 2 64 640 
0 3 64 640 
0 3 7 10 65 640 
0 10 65 640 
0 11 66 640 
0 11 66 640 
0 11 66 640 
0 12 67 640 
0 12 67 640 
0 12 68 640 
0 12 68 640 
0 13 68 640 
0 13 68 640 
0 13 69 640 
0 11 69 640 
0 10 69 640 
0 10 69 360 361 556 557 640 
0 9 70 359 363 549 558 640 
0 8 70 359 363 546 557 640 
0 7 70 359 364 544 556 640 
0 6 70 359 364 543 554 640 
0 6 70 360 363 543 553 640 
0 5 70 360 363 546 551 640 
0 4 70 340 346 361 363 548 549 640 
0 3 71 339 346 640 
0 3 71 338 345 640 
0 2 71 337 346 640 
71 337 346 640 
71 338 346 640 
71 338 345 640 
71 338 344 640 
71 338 343 640 
71 339 341 640 
71 640 
71 640 
71 640 
71 351 358 640 
71 348 360 640 
71 347 360 640 
71 347 359 640 
71 348 358 640 
71 350 357 640 
71 354 355 640 
71 640 
71 640 
71 640 
71 556 558 640 
71 555 558 640 
71 554 558 640 
71 553 558 640 
71 552 557 640 
71 552 557 640 
71 551 557 640 
71 551 557 640 
71 551 556 640 
71 550 556 640 
71 550 555 640 
71 550 555 640 
71 551 554 640 
71 551 553 640 
71 551 552 640 
71 640 
71 640 
72 640 
75 640 
74 640 
73 640 
72 640 
71 640 
71 640 
71 640 
71 640 
71 640 
71 640 
71 640 
71 640 
71 640 
70 640 
70 640 
70 640 
70 640 
70 640 
70 640 
70 640 
70 640 
70 640 
70 640 
70 640 
70 640 
70 640 
70 640 
70 640 
70 640 
70 640 
70 640 
70 640 
70 640 
70 181 184 640 
70 180 185 640 
70 180 186 640 
70 180 187 640 
70 180 188 640 
70 180 189 640 
71 180 190 640 
71 180 191 408 410 640 
72 180 192 405 409 640 
72 180 192 403 408 640 
72 180 193 401 406 640 
73 180 193 400 405 640 
73 181 193 398 404 640 
73 181 193 397 402 640 
73 181 193 395 398 640 
73 182 193 640 
74 182 193 640 
74 183 193 640 
74 183 193 640 
74 184 193 509 512 640 
74 185 193 508 513 640 
74 186 192 507 514 640 
74 187 192 507 514 640 
74 188 191 506 515 640 
73 188 191 505 515 640 
73 189 191 505 515 640 
0 7 37 48 73 505 514 640 
0 14 36 53 70 505 514 640 
0 15 36 54 66 505 513 640 
0 16 36 54 65 505 512 640 
0 17 36 54 66 506 511 640 
0 19 36 54 66 507 510 640 
0 20 36 54 66 640 
0 21 36 54 67 640 
0 22 36 54 67 309 311 640 
0 22 36 54 67 308 311 640 
0 22 36 54 67 308 311 640 
0 22 36 54 67 307 311 640 
0 22 36 54 67 307 311 640 
0 22 36 54 66 307 311 640 
0 22 35 54 66 306 310 640 
0 22 35 54 66 306 310 640 
0 22 35 54 66 306 310 640 
0 22 35 54 66 306 310 640 
0 22 35 54 66 305 309 640 
0 23 35 54 66 305 309 640 
0 23 35 54 66 305 308 640 
0 23 35 54 65 305 308 640 
0 23 35 54 65 306 307 640 
0 23 35 54 65 640 
0 23 35 54 65 640 
0 23 35 54 65 640 
0 23 35 54 65 640 
0 23 35 54 65 458 461 640 
0 23 35 54 64 458 462 640 
0 24 35 54 64 457 463 640 
0 24 35 54 64 457 463 640 
0 24 35 54 64 457 463 640 
0 24 35 54 64 182 183 457 464 640 
0 24 35 54 63 181 182 456 464 640 
0 24 35 54 63 181 182 456 464 640 
0 24 35 54 63 180 182 456 463 640 
0 25 35 54 63 180 182 456 463 640 
0 25 35 54 63 179 181 456 463 640 
0 25 35 54 62 179 181 455 462 640 
0 25 35 54 62 178 180 455 462 640 
0 26 35 54 62 178 180 455 462 640 
0 26 35 54 62 455 461 640 
0 27 35 54 62 455 460 640 
