226 383 
226 383 
226 382 
226 383 
226 383 
226 382 
226 382 
226 382 
226 382 
227 382 
227 381 
227 381 
227 381 
227 381 
227 381 
228 380 
228 380 
228 380 
229 379 
229 379 
230 379 
230 378 
230 378 
231 378 
231 377 
231 377 
232 377 
232 376 
233 376 
233 375 
234 375 
234 374 
235 374 
236 373 
236 372 
237 372 
238 371 
238 370 
239 370 
240 369 
241 368 
242 368 
242 367 
243 366 
244 365 
245 365 
246 364 
247 363 
248 362 
249 361 
208 214 250 360 
207 217 251 360 
206 221 252 359 
205 225 253 359 
204 228 255 360 
204 230 256 360 
203 244 257 360 
203 250 258 360 
202 257 259 360 
202 360 
202 359 
201 358 
201 358 
201 359 
200 359 
198 360 
194 361 
191 362 
189 363 
187 363 
185 364 
183 365 
181 366 
180 366 
178 367 
177 368 
175 368 
174 369 
174 194 197 369 
174 192 197 370 
174 190 196 370 
174 189 196 371 
174 187 196 371 
174 186 196 372 
175 185 196 372 
176 186 196 373 
177 187 196 373 
182 190 196 373 
183 193 196 373 
184 194 195 373 
185 374 
185 374 
186 374 
186 374 
187 374 
187 374 
188 375 
188 375 
189 375 
189 375 
189 375 
190 375 
190 375 
190 375 
190 375 
191 375 
191 375 
191 375 
191 375 
192 248 249 375 
192 245 250 374 
192 246 250 374 
193 246 250 374 
193 245 250 374 
193 242 250 374 
194 237 251 374 
194 237 251 373 
194 237 251 373 
194 237 251 373 
195 237 251 373 
195 237 252 372 
195 238 252 372 
195 238 252 372 
196 239 253 372 
196 240 253 371 
196 240 254 371 
196 241 254 370 
196 241 254 370 
196 242 255 369 
196 243 255 369 
196 243 256 369 
196 244 256 368 
195 244 257 368 
195 245 257 367 
194 245 258 367 
194 246 259 366 
194 247 259 365 
193 249 260 365 
192 250 260 364 
192 250 261 363 544 549 
192 242 245 248 262 362 543 551 
192 242 263 361 543 553 
191 242 264 361 544 555 
191 242 265 360 545 556 
191 242 265 359 546 556 
190 242 266 358 546 557 
190 242 267 357 544 557 
189 198 200 242 268 356 542 558 
189 196 201 243 269 354 540 558 
189 193 201 243 270 353 538 558 
200 243 271 352 536 559 
200 243 273 351 534 559 
199 244 274 349 376 384 532 559 
199 244 276 348 377 394 530 559 
199 244 278 346 379 399 528 559 
199 244 279 344 382 404 513 515 526 559 
199 244 281 342 383 408 412 426 511 517 524 559 
199 245 283 340 380 430 510 518 522 559 
198 245 286 338 376 432 510 558 
198 245 289 336 374 435 509 558 
198 245 291 334 372 437 509 558 
198 245 294 333 371 439 509 558 
198 246 297 332 366 441 509 557 
197 246 300 331 364 443 508 557 
197 246 302 330 364 445 507 556 
197 246 303 330 367 369 370 446 504 555 
198 247 304 330 369 448 502 555 
198 247 305 330 368 449 500 553 
198 247 305 330 367 451 478 485 498 552 
198 247 305 330 366 452 476 487 496 551 
197 247 306 330 365 454 474 490 493 550 
198 248 306 329 364 455 472 550 
198 248 306 329 363 457 471 548 
198 248 306 329 362 458 471 546 
198 248 306 329 361 459 470 545 
199 248 306 329 360 460 470 542 
199 248 307 329 360 462 469 539 
200 249 307 329 359 463 469 533 
200 249 307 329 358 464 469 528 
200 249 307 329 357 466 468 527 
200 249 307 329 356 467 468 527 
200 249 308 329 355 526 
200 250 308 329 354 526 
200 250 308 328 354 526 
200 250 309 327 353 526 
200 250 309 322 352 526 
199 250 310 319 351 525 
199 251 310 318 350 525 
199 251 310 317 349 525 638 640 
199 251 311 316 348 351 352 524 625 640 
199 251 312 315 352 524 614 640 
198 251 313 314 351 524 606 640 
198 252 350 523 601 640 
198 252 350 353 355 510 511 523 596 640 
198 252 349 352 355 509 510 522 593 640 
197 252 349 350 354 521 587 640 
196 252 354 521 582 640 
196 252 353 520 577 640 
196 253 353 519 566 640 
195 253 353 518 560 640 
195 253 352 517 551 640 
195 253 352 516 546 640 
195 202 203 253 352 514 543 640 
194 202 204 253 332 335 351 513 540 640 
194 202 206 253 331 337 351 512 537 640 
194 202 207 253 331 339 351 354 355 510 534 638 
194 201 208 254 331 340 351 353 355 509 531 636 
194 201 208 254 330 342 350 352 354 513 518 634 
194 201 208 254 330 344 354 631 
194 201 208 254 330 346 353 629 
193 200 209 254 330 626 
193 200 209 254 330 624 
193 200 209 254 330 622 
193 200 210 254 330 622 
193 200 210 254 330 623 
193 200 210 254 330 625 
193 200 210 254 330 626 
193 200 210 254 329 627 
193 204 209 255 328 629 
193 206 209 255 327 605 608 630 
193 255 325 604 610 632 
193 255 323 605 612 633 
193 256 322 607 614 634 
193 257 321 608 616 635 
193 258 321 609 617 635 
194 259 321 611 620 636 
194 260 321 612 622 637 
195 212 214 261 320 613 624 636 
195 212 214 262 320 614 630 633 
196 211 215 264 320 615 
196 203 205 211 215 265 320 616 
196 203 205 211 216 266 320 617 
195 202 205 211 216 267 320 573 576 618 
195 202 205 211 217 269 320 570 577 619 
195 202 205 211 217 270 319 567 578 621 
195 202 205 211 218 271 319 564 580 621 
195 202 205 210 218 272 318 562 581 622 
195 202 204 210 219 273 315 559 582 623 
195 202 204 210 219 274 312 556 584 624 
195 202 204 210 220 275 310 553 585 625 
195 202 204 210 220 277 310 550 587 626 
195 202 203 210 221 278 310 548 588 626 
195 202 203 210 222 279 310 545 589 627 
195 202 203 210 223 280 310 541 591 628 
194 201 203 210 223 281 309 538 592 629 
194 202 203 210 224 282 309 535 594 630 
194 210 225 283 308 532 596 630 
194 211 225 284 308 529 598 631 
193 212 226 285 307 527 601 632 
193 212 227 286 306 527 612 632 
192 213 227 288 306 526 618 633 
191 213 228 289 305 526 621 634 
191 213 229 290 305 526 623 634 
191 213 230 291 305 525 625 634 
191 213 230 292 305 525 627 634 
190 213 231 293 305 528 631 634 
190 213 232 294 305 531 
190 198 200 213 233 295 305 533 
190 198 207 213 234 296 305 535 
190 197 207 213 234 297 305 536 
190 197 207 213 235 298 306 537 
190 197 207 213 236 299 306 539 
190 197 207 213 237 300 307 540 
189 197 207 213 238 301 307 541 
189 197 207 213 238 302 308 542 
189 196 206 213 240 303 309 542 
189 196 206 213 240 304 310 543 
188 196 206 213 241 304 310 544 
189 196 206 213 242 305 311 544 
189 196 206 213 243 306 311 545 
189 196 206 213 243 307 312 545 
189 196 205 213 244 308 313 546 
189 196 205 212 245 309 313 546 
189 196 197 200 205 212 246 310 314 547 
189 203 205 212 247 311 315 547 
189 212 248 312 316 547 
189 212 249 313 316 548 
189 211 250 314 317 548 
189 211 251 314 317 548 
189 211 251 315 318 549 
189 210 253 316 318 549 
189 210 254 317 319 549 
190 209 255 318 320 550 
191 208 256 319 320 550 
192 208 256 550 
192 199 200 208 258 550 
192 199 201 208 259 551 
192 199 201 208 259 551 
192 199 201 208 260 552 
192 198 201 208 261 552 
192 198 201 208 262 552 
191 198 201 207 263 552 
191 198 201 207 264 552 
191 198 201 207 265 553 
191 198 201 207 266 553 
191 198 201 207 267 553 
191 198 201 207 268 553 
191 198 201 207 269 554 
191 198 201 207 270 554 
191 198 201 207 271 554 
191 198 201 207 272 554 
190 198 200 207 273 554 
190 207 274 554 
190 208 274 554 
190 209 275 553 
189 210 276 553 
189 210 277 553 
188 210 278 553 
188 210 279 553 
187 210 280 552 
187 210 281 552 
187 210 282 551 
187 211 283 551 
187 195 196 211 284 550 
187 195 198 199 201 202 203 211 285 550 
187 194 203 211 286 549 
187 194 203 210 287 549 
187 194 203 210 288 548 
186 194 203 210 289 548 
186 194 203 210 290 547 
186 194 203 210 291 546 
186 194 203 210 292 546 
186 194 203 210 293 545 
186 193 203 210 294 544 
186 193 203 210 295 543 
186 193 203 210 296 543 
186 193 203 210 297 541 
186 193 203 210 298 540 
186 193 203 210 299 539 
186 193 203 210 300 539 
186 193 203 210 301 538 
186 201 202 210 302 538 
186 210 303 537 
186 209 304 536 
186 209 304 535 
186 209 305 535 
187 209 304 534 
187 209 304 533 
187 208 303 532 
187 207 302 532 
188 206 302 528 
189 206 301 527 
190 206 300 526 
189 197 198 206 300 525 
189 197 198 206 299 524 
189 197 198 206 298 523 
189 196 199 205 298 522 
189 196 199 205 297 521 
189 196 198 205 296 520 
189 196 198 205 296 520 
189 196 198 205 295 519 
189 196 198 205 293 518 
189 196 199 205 290 517 
189 196 199 205 289 515 
189 196 198 205 288 512 
188 196 198 205 287 511 
188 196 198 205 286 510 
188 196 198 205 285 509 
188 196 198 205 285 508 
188 196 198 205 284 507 
188 205 284 506 
188 205 283 505 
188 207 283 503 
187 208 282 502 
187 208 282 499 
186 208 282 496 
186 208 281 495 
186 208 281 494 
185 209 280 493 
185 209 279 493 
185 209 278 489 
185 209 277 488 
185 194 196 200 202 209 276 487 
185 193 202 209 276 486 
185 192 202 209 275 478 
185 192 202 209 275 477 
185 192 202 209 274 476 
185 192 202 209 274 471 473 475 
185 192 202 209 273 470 
185 192 202 209 273 468 
184 192 202 209 273 459 460 464 
184 192 202 209 273 458 
184 192 202 209 272 457 
184 192 202 209 272 457 
184 191 202 209 272 456 
184 192 202 209 272 456 
183 192 202 208 272 456 
183 191 202 208 272 455 
183 192 202 208 271 455 
183 192 197 200 201 208 271 455 
184 192 194 208 270 455 
184 208 270 454 
184 208 269 454 
184 208 269 454 
185 208 268 454 
185 208 267 454 
185 207 267 454 
185 207 266 453 
185 206 266 453 
186 206 265 453 
187 205 265 453 
187 204 264 453 
188 204 264 453 
187 195 197 204 263 453 
187 194 197 204 263 453 
187 194 197 203 262 453 
187 194 197 203 261 452 
187 194 197 203 261 452 
187 194 197 203 260 452 
187 194 197 203 260 452 
187 194 197 203 259 452 
187 194 197 203 259 452 
187 194 197 203 258 452 
186 193 196 203 258 451 
186 193 196 203 257 451 
186 193 196 203 257 451 
186 193 196 202 256 451 
186 193 196 202 256 451 
186 194 195 202 255 450 
186 202 255 450 
185 202 254 450 
185 202 254 450 
184 203 253 450 
184 204 253 450 
183 205 252 450 
183 205 252 449 
183 205 251 449 
183 205 251 449 
182 205 251 449 
182 205 250 449 
182 205 250 449 
182 205 249 449 
182 197 198 205 249 449 
182 189 198 205 248 449 
182 189 198 205 248 449 
181 189 198 205 248 449 
181 188 198 205 247 450 
181 189 198 205 247 450 
181 189 198 205 246 450 
181 189 198 205 246 450 
181 189 198 205 245 450 
181 189 198 205 245 450 
181 188 198 205 245 450 
181 188 198 205 244 450 
181 188 198 205 244 450 
181 188 198 205 243 450 
181 188 198 205 243 451 
181 188 198 205 243 451 
181 188 191 205 242 451 
181 188 190 205 242 451 
181 205 242 451 
181 205 242 451 
181 205 241 451 
181 204 241 452 
181 204 241 452 
181 204 241 452 
181 204 240 452 
182 204 240 452 
182 203 240 452 
183 203 239 452 
183 203 239 452 
183 201 239 452 
183 200 238 452 
183 190 192 199 238 452 
182 190 192 199 238 452 
182 189 191 198 237 452 
182 189 191 198 237 452 
182 189 191 198 237 452 
182 189 191 198 237 452 
181 189 191 198 237 452 
181 189 191 198 237 452 
181 188 190 198 237 452 
181 188 190 197 237 453 
181 188 190 197 237 453 
180 188 190 197 237 453 
179 188 189 197 236 453 
178 197 236 453 
177 197 236 453 
177 196 236 453 
177 196 236 453 
