0 640 
0 640 
0 640 
0 640 
0 640 
0 640 
0 640 
0 640 
0 640 
0 640 
0 640 
0 640 
0 640 
0 640 
0 640 
0 640 
0 640 
0 640 
0 640 
0 640 
0 640 
0 640 
0 640 
0 640 
0 640 
0 640 
0 640 
0 640 
0 640 
0 640 
0 640 
0 640 
0 640 
0 640 
0 640 
0 640 
0 640 
0 640 
0 640 
0 640 
0 640 
0 640 
0 640 
0 640 
0 640 
0 640 
0 640 
0 640 
0 640 
0 640 
0 640 
0 640 
0 640 
0 640 
0 640 
0 640 
0 640 
0 640 
0 640 
0 640 
0 640 
0 640 
0 640 
0 640 
0 640 
0 640 
0 640 
0 640 
0 640 
0 640 
0 640 
0 640 
0 640 
0 640 
0 640 
0 640 
0 640 
0 640 
0 640 
0 640 
0 640 
0 640 
0 640 
0 640 
0 640 
0 640 
0 290 292 640 
0 285 304 640 
0 284 306 640 
0 284 307 640 
0 283 309 640 
0 283 309 640 
0 283 310 640 
0 283 309 640 
0 283 309 640 
0 283 309 640 
0 283 310 640 
0 283 312 640 
0 283 315 346 373 640 
0 283 315 343 378 640 
0 283 315 340 382 640 
0 283 315 337 384 640 
0 284 314 336 385 640 
0 284 313 334 387 640 
0 284 312 333 389 640 
0 284 311 332 391 640 
0 284 310 330 392 640 
0 284 310 329 394 640 
0 283 309 328 395 640 
0 283 308 328 396 640 
0 283 307 327 398 640 
0 283 306 326 400 640 
0 283 305 325 401 640 
0 283 305 324 403 640 
0 284 304 323 405 640 
0 266 269 284 303 322 407 640 
0 266 271 285 303 322 408 640 
0 266 274 285 302 321 410 640 
0 263 277 286 302 320 412 640 
0 263 280 288 302 319 414 640 
0 264 283 289 302 317 416 640 
0 265 285 292 303 306 383 390 418 640 
0 265 288 293 381 395 420 640 
0 264 291 294 379 397 422 640 
0 264 379 399 424 640 
0 265 379 401 426 640 
0 265 379 404 426 640 
0 265 379 407 425 640 
0 266 379 412 418 640 
0 268 378 640 
0 271 378 640 
0 272 378 640 
0 273 378 640 
0 273 378 640 
0 274 378 640 
0 275 378 640 
0 276 378 640 
0 277 378 640 
0 279 377 640 
0 280 377 640 
0 282 377 640 
0 284 377 640 
0 286 378 640 
0 289 382 640 
0 291 387 640 
0 293 393 640 
0 295 397 640 
0 296 402 640 
0 297 405 640 
0 299 407 640 
0 301 410 640 
0 302 412 640 
0 304 414 640 
0 304 415 640 
0 304 416 640 
0 305 418 640 
0 305 419 640 
0 305 420 640 
0 306 421 640 
0 307 313 314 422 640 
0 309 313 315 423 640 
0 316 424 640 
0 318 425 640 
0 318 425 640 
0 318 426 640 
0 317 427 640 
0 316 427 640 
0 316 427 640 
0 316 427 640 
0 317 429 640 
0 319 434 640 
0 319 437 640 
0 320 442 640 
0 320 445 640 
0 310 312 321 446 640 
0 307 313 322 437 640 
0 306 315 323 438 640 
0 305 316 324 440 640 
0 303 317 325 442 446 451 640 
0 301 318 325 335 336 451 640 
0 300 319 326 333 338 450 640 
0 299 319 327 330 338 451 640 
0 298 320 337 454 640 
0 297 321 337 456 640 
0 295 321 337 458 640 
0 294 321 338 460 640 
0 294 322 339 449 450 456 460 461 640 
0 293 322 339 450 452 455 640 
0 293 322 340 451 640 
0 293 322 340 452 640 
0 293 322 340 453 640 
0 293 322 340 454 640 
0 293 322 340 456 640 
0 294 321 340 457 640 
0 294 321 340 457 640 
0 294 320 340 458 640 
0 295 321 339 459 640 
0 296 322 339 446 447 448 453 459 640 
0 297 322 338 445 455 457 640 
0 298 323 338 445 640 
0 299 324 337 428 435 441 442 445 640 
0 300 325 337 426 440 441 444 445 640 
0 301 326 335 426 640 
0 304 326 334 394 396 407 409 426 640 
0 307 327 333 387 389 395 398 408 412 426 640 
0 314 327 332 388 390 395 402 409 417 419 420 427 640 
0 315 327 332 388 395 396 407 410 418 419 421 427 640 
0 316 328 331 386 388 389 423 424 640 
0 316 328 330 386 640 
0 317 328 331 387 640 
0 317 329 331 387 640 
0 317 329 332 388 640 
0 317 330 332 388 640 
0 317 330 332 389 640 
0 318 330 332 389 640 
0 318 390 640 
0 318 390 441 442 640 
0 318 391 436 443 640 
0 318 391 430 443 640 
0 318 391 427 444 640 
0 318 392 424 444 640 
0 319 392 422 444 640 
0 319 393 418 445 640 
0 319 393 416 445 640 
0 319 394 414 445 640 
0 319 394 413 445 640 
0 319 394 412 445 640 
0 319 395 411 445 640 
0 320 395 410 445 640 
0 320 395 409 446 640 
0 320 396 409 446 640 
0 320 396 408 446 640 
0 320 396 408 446 640 
0 320 397 407 446 640 
0 320 397 407 446 640 
0 320 397 406 446 640 
0 321 398 406 446 640 
0 321 398 406 446 640 
0 321 401 405 446 640 
0 321 403 405 446 640 
0 322 446 640 
0 322 346 347 446 640 
0 322 346 348 446 640 
0 322 346 349 445 640 
0 323 346 350 445 640 
0 324 345 351 445 640 
0 327 345 351 445 640 
0 330 345 352 445 640 
0 330 344 353 445 640 
0 330 344 354 444 640 
0 329 344 354 444 640 
0 329 343 355 444 640 
0 328 343 356 444 640 
0 328 343 356 452 640 
0 328 342 357 464 640 
0 327 342 357 475 640 
0 326 342 358 483 640 
0 325 341 358 493 640 
0 324 341 359 502 640 
0 324 341 360 410 411 504 640 
0 323 340 360 411 414 505 640 
0 322 340 361 412 416 505 640 
0 322 339 363 414 418 505 640 
0 321 339 363 416 419 505 640 
0 320 338 362 418 421 474 475 506 640 
0 320 338 362 420 422 474 482 506 640 
0 320 337 361 441 444 476 489 507 640 
0 319 336 361 441 447 480 496 507 640 
0 318 336 360 440 450 483 501 508 640 
0 318 335 360 440 454 486 640 
0 318 334 359 439 458 490 640 
0 317 334 359 440 461 494 640 
0 316 333 358 443 465 497 640 
0 316 332 357 447 469 499 640 
0 315 331 357 453 472 498 548 583 640 
0 315 330 356 497 543 591 601 602 640 
0 314 329 355 496 538 594 599 603 640 
0 313 329 354 496 531 603 640 
0 313 328 353 496 525 606 640 
0 312 327 353 495 520 610 640 
0 311 327 352 494 513 610 640 
0 311 326 350 492 493 494 508 610 640 
0 310 325 350 491 502 611 640 
0 309 325 349 492 496 608 640 
0 97 104 105 108 109 112 308 324 348 604 640 
0 96 121 307 323 347 605 640 
0 94 129 138 140 307 322 345 606 640 
0 93 145 306 322 344 607 612 613 640 
0 93 149 305 321 344 613 640 
0 93 154 304 321 343 614 640 
0 93 167 303 320 342 615 640 
0 94 173 302 320 340 616 640 
0 94 183 301 319 340 616 640 
0 95 193 300 319 338 615 640 
0 95 206 299 319 338 615 640 
0 96 216 298 319 336 616 640 
0 96 223 297 319 336 617 640 
0 97 236 296 318 335 617 640 
0 97 253 296 318 334 618 640 
0 98 267 295 318 333 622 640 
0 99 281 294 318 332 624 640 
0 100 286 289 318 331 625 640 
0 101 623 624 625 640 
0 103 623 633 634 640 
0 105 624 630 634 640 
0 109 633 640 
0 115 630 640 
0 125 629 640 
0 135 630 640 
0 138 630 634 637 640 
0 140 636 640 
0 140 637 640 
0 140 638 640 
0 140 
0 140 
0 140 160 166 
0 140 149 150 159 171 225 240 
0 140 149 150 158 176 224 257 
0 141 150 152 158 180 228 274 
0 142 150 154 157 184 240 290 
0 142 151 188 249 299 302 303 307 309 312 313 
0 144 152 192 249 299 301 304 306 310 311 314 637 640 
0 150 152 197 249 315 
0 201 248 315 
0 206 247 317 
0 212 247 319 
0 216 247 318 
0 224 248 318 
0 230 248 317 
0 236 246 317 
0 245 246 317 444 445 446 449 
0 317 427 428 443 451 
0 317 427 452 
0 317 427 454 
0 317 427 456 
0 317 427 458 
0 317 428 460 
0 317 428 461 
0 317 428 463 
0 318 429 465 
0 319 368 379 429 467 635 637 
0 320 363 380 391 392 429 469 636 637 
0 322 349 381 390 392 430 471 637 640 
0 324 342 391 430 474 638 640 
0 391 430 475 
0 391 430 478 
0 391 431 480 
0 391 431 483 
0 391 431 486 
0 391 432 490 636 640 
0 391 432 494 638 640 
0 392 432 499 639 640 
0 392 433 503 622 625 
0 392 433 509 622 627 
0 392 433 518 620 621 622 629 
0 392 408 410 434 524 624 632 638 640 
0 392 408 411 434 531 625 634 638 640 
0 392 408 411 434 537 626 640 
0 392 408 412 434 544 622 625 626 640 
0 392 407 412 435 548 616 619 622 640 
0 392 407 413 435 553 616 640 
0 392 407 413 435 559 610 612 615 640 
0 392 407 414 435 564 610 640 
0 392 406 414 435 566 610 640 
0 392 406 414 435 568 573 575 611 640 
0 392 406 415 435 570 574 578 613 640 
0 393 405 415 436 571 575 580 615 640 
0 393 405 415 436 573 576 583 617 640 
0 393 405 416 435 574 578 585 618 640 
0 394 404 416 435 575 579 587 607 610 616 617 618 640 
0 394 403 417 435 577 581 590 601 640 
0 395 402 418 434 578 582 591 602 640 
0 396 401 418 434 580 583 593 605 640 
0 397 400 419 433 581 584 595 606 640 
0 420 432 582 585 597 599 601 609 640 
0 422 430 584 587 604 611 640 
0 424 428 585 588 606 613 640 
0 587 589 608 614 640 
0 588 590 611 614 640 
0 589 591 613 614 640 
0 640 
0 640 
0 640 
0 640 
0 640 
0 640 
0 640 
0 640 
0 640 
0 640 
0 640 
0 640 
0 640 
0 640 
0 640 
0 640 
0 640 
0 640 
0 640 
0 640 
0 640 
0 640 
0 640 
0 640 
0 640 
0 640 
0 640 
0 640 
0 640 
0 640 
0 640 
0 640 
0 640 
0 640 
0 640 
0 640 
0 640 
0 640 
0 640 
0 640 
0 640 
0 640 
0 640 
0 640 
0 640 
0 640 
0 640 
0 640 
0 640 
0 640 
0 640 
0 640 
0 640 
0 640 
0 640 
0 640 
0 640 
0 640 
0 640 
0 640 
0 640 
0 640 
0 640 
0 640 
0 640 
0 640 
0 640 
0 640 
0 640 
0 640 
0 640 
0 640 
0 640 
0 640 
0 640 
0 640 
0 640 
0 640 
0 640 
0 640 
0 640 
0 640 
0 640 
0 640 
0 640 
0 640 
0 640 
0 640 
0 640 
0 640 
0 640 
0 640 
0 640 
0 640 
0 640 
0 640 
0 640 
0 640 
0 640 
0 640 
