






























































112 114 
112 115 
112 117 140 141 
112 119 139 142 
112 120 137 142 
113 121 136 142 
113 122 135 142 
113 124 134 142 
113 124 132 142 
113 125 131 142 
113 126 130 142 
114 126 130 142 
114 127 129 142 
114 128 129 142 
115 141 
115 141 
115 141 
116 140 
116 140 
117 140 436 437 
117 140 433 440 
116 142 432 440 
114 144 431 441 
112 145 430 442 
111 146 428 452 
109 147 424 464 
108 147 420 469 
107 147 417 475 
107 147 414 480 
107 147 410 483 
108 145 408 487 
108 143 333 339 407 489 
110 134 137 139 330 342 405 492 
112 134 329 345 404 495 
115 135 328 346 402 497 
120 129 131 135 327 348 401 499 
119 129 132 135 326 349 399 501 
119 128 132 136 325 350 398 503 
119 128 133 136 325 351 397 505 
119 127 133 136 324 351 395 507 
119 127 134 136 324 351 395 508 
120 126 323 352 394 510 
120 125 323 352 392 511 
120 124 323 353 391 513 
120 123 323 353 390 514 
323 353 389 515 
323 353 388 516 
323 353 387 517 
323 352 385 519 
324 352 385 520 
324 352 384 521 
324 351 383 522 
324 351 382 523 
325 351 381 523 
325 350 380 524 
325 350 380 525 
325 350 379 526 
325 349 378 527 
325 349 377 527 
325 349 376 528 
325 349 375 529 
325 348 374 529 
325 348 373 530 
325 348 372 530 
325 348 372 531 
325 348 371 532 
325 347 371 532 
325 347 370 533 
325 347 369 375 376 533 
325 347 368 374 375 534 
325 347 366 372 375 534 
325 346 365 370 375 534 
325 346 364 368 374 535 
324 346 362 366 374 535 
324 346 362 364 373 536 
324 346 372 536 
324 346 372 536 
324 345 371 537 
324 345 371 537 
324 345 370 537 
324 345 370 537 
323 345 370 538 
323 345 369 538 
323 345 369 538 
323 344 368 538 
323 344 368 539 
323 344 367 370 371 539 
323 344 367 369 371 540 
323 344 371 540 
323 344 370 541 
323 344 370 542 
322 344 370 543 
322 344 370 543 
322 343 370 544 
322 343 370 544 
322 343 370 544 
322 343 370 545 
322 343 370 545 
322 343 370 545 
322 343 370 546 
322 343 370 546 
322 343 370 546 
321 342 370 547 
321 342 370 547 
321 342 371 373 374 547 
321 342 371 372 374 547 
321 342 374 548 
321 342 375 548 
321 342 375 380 381 548 
321 342 375 379 381 549 
321 342 376 379 382 549 
320 342 376 379 382 549 
320 342 376 378 385 550 
320 341 384 550 
320 341 384 550 
320 341 383 550 
320 341 382 551 
320 341 381 551 
320 341 380 551 
320 340 378 551 
320 340 375 552 
319 340 373 552 
319 340 371 552 
319 340 371 552 
319 340 371 552 
319 340 371 552 
319 340 371 552 
318 340 371 553 
318 340 371 553 
318 339 372 553 
318 339 373 553 
318 339 373 553 
318 339 374 553 
318 339 375 553 
318 339 375 553 
318 339 376 553 
318 339 376 554 
317 339 376 554 
317 339 376 554 
317 339 375 554 
317 339 375 554 
317 338 374 554 
317 338 374 554 
317 338 374 554 
317 338 374 555 
317 338 374 555 
316 338 374 555 
316 338 375 555 
316 338 376 555 
316 338 376 555 
316 338 376 555 
316 338 376 555 
316 338 376 555 
316 338 376 555 
316 337 376 555 
315 337 377 555 
315 337 377 555 
315 337 377 555 
315 337 378 555 
315 337 378 555 
315 337 378 555 
315 337 378 555 
315 337 378 555 
314 337 378 555 
314 337 378 555 
314 337 378 555 
314 337 378 555 
285 291 314 337 378 555 
283 292 314 337 379 555 
282 292 313 337 379 554 
281 292 313 337 380 554 
280 292 313 337 381 554 
280 291 313 337 382 554 
279 290 313 337 385 554 
279 290 312 337 390 554 
278 290 312 337 398 554 
278 290 312 337 398 554 
277 291 312 337 397 554 
276 292 311 337 397 554 
275 293 311 337 397 554 
275 292 311 338 385 386 397 555 
274 292 310 338 385 388 397 555 
273 291 302 305 310 338 385 391 396 554 
273 290 301 308 309 338 386 394 396 554 
272 289 300 338 388 554 
272 290 300 338 389 554 
272 291 300 338 390 554 
271 291 300 338 392 554 
271 292 300 338 393 554 
269 292 301 338 394 554 
268 292 302 337 395 554 
268 293 303 337 395 554 
267 293 304 336 394 553 
266 294 305 336 394 553 
266 294 306 335 393 553 
266 295 306 335 393 553 
266 295 307 335 393 553 
266 296 307 334 393 553 
266 296 307 334 392 553 
265 297 307 334 392 553 
265 297 307 334 392 552 
263 298 307 333 392 552 
262 299 307 333 391 552 
261 299 306 333 391 552 
260 301 306 333 391 552 
260 302 305 333 391 552 
260 333 390 552 
260 332 390 551 
260 332 390 551 
260 332 390 551 
260 332 389 551 
260 331 389 551 
260 331 389 550 
260 331 388 550 
260 331 387 550 
260 330 385 550 
260 330 383 550 
260 330 381 550 
260 330 380 550 
260 330 379 550 
260 329 377 549 
260 329 377 549 
260 329 376 549 
261 329 375 549 
261 329 374 549 
262 328 374 549 
263 328 374 549 
263 328 374 548 
264 328 373 548 
265 328 373 548 
265 328 373 548 
267 327 373 548 
268 327 372 548 
268 327 372 547 
269 327 371 547 
270 327 370 547 
271 327 370 547 
272 327 369 547 
273 327 368 547 
274 326 368 546 
275 327 367 546 
276 327 367 546 
277 327 366 546 
278 327 365 546 
278 328 365 545 
279 328 364 545 
280 328 363 545 
281 329 363 545 
282 329 362 545 
283 329 362 545 
284 330 361 544 
285 330 361 544 
285 330 360 544 
286 331 359 544 
287 331 358 544 
288 331 358 544 
289 332 357 543 
289 332 356 543 
290 333 356 543 
291 333 356 543 
291 333 361 543 
292 334 361 543 
292 335 361 542 
293 339 360 542 
294 346 360 542 
295 348 359 542 
295 349 359 542 
296 351 358 542 
297 352 357 542 
297 353 356 542 
298 353 356 542 
298 354 355 542 
298 542 
298 542 
298 542 
297 542 
297 542 
296 542 
294 542 
293 542 
291 542 
290 543 
288 543 
286 543 
285 543 
285 543 
284 543 
283 543 
283 543 
283 544 
282 544 
282 544 
281 544 
281 544 
280 544 
280 544 
280 544 
279 544 
279 545 
279 545 
278 545 
278 545 
278 545 
277 545 
277 545 
277 545 
276 545 
276 546 
276 546 
276 546 
276 546 
275 546 
275 546 
275 546 
275 547 
275 547 
275 547 
275 547 
274 547 
274 547 
274 547 
274 547 
274 548 
274 548 
274 548 
274 548 
274 548 
274 548 
274 548 
274 549 
274 549 
274 549 
274 549 
274 549 
274 549 
274 549 
275 549 
275 550 
275 550 
275 550 
275 550 
275 550 
275 550 
275 550 
275 550 
276 551 
276 551 
276 551 
276 551 
276 551 
276 552 
277 552 
277 552 
277 552 
277 552 
277 552 
278 552 
278 552 
278 553 
278 553 
278 553 
279 553 
279 553 
280 553 
280 553 
279 553 
279 554 
279 554 
279 554 
278 554 
278 554 
278 554 
278 554 
278 554 
278 555 
278 555 
278 555 
278 555 
279 555 
278 555 
277 555 
275 555 
273 555 
270 555 
269 555 
267 555 
266 555 
265 555 
265 555 
264 556 
263 556 
263 556 
262 556 
262 556 
262 556 
262 556 
263 556 
263 556 
263 556 
265 556 
265 556 
266 556 
265 557 
265 557 
264 557 
264 557 
263 557 
263 557 
262 557 
262 557 
262 557 
262 557 
262 557 
262 557 
263 557 
263 558 
263 558 
