178 468 
179 467 
179 466 
180 465 
180 465 
182 465 
182 464 
182 463 
182 462 
182 461 
181 460 
181 460 
181 460 
181 460 
182 460 
184 459 
186 459 
186 458 
184 458 
183 457 
183 457 
183 456 
183 455 
184 454 
184 453 
185 452 
185 451 
185 450 
185 449 
186 449 
187 215 218 450 
189 200 204 210 218 450 
193 198 218 450 
218 450 
218 449 
218 448 
218 448 
218 447 
217 446 
217 445 
217 445 
216 444 
215 443 
215 442 
214 442 
213 440 
212 440 
212 439 
211 439 
210 440 
210 440 
209 439 
208 438 
207 438 
207 437 
206 436 
205 435 
205 434 
204 432 
203 431 
202 430 
202 430 
201 430 
200 429 
200 426 
199 424 
198 423 
198 422 
197 423 
197 423 
196 422 
196 422 
195 422 
195 422 
194 422 
194 422 
193 422 
193 422 
193 422 
193 422 
192 422 
192 422 
192 422 
193 422 
193 422 
194 422 
194 422 
195 422 
196 421 
196 421 
197 421 
198 200 202 421 
203 208 212 421 
214 421 
218 420 
218 420 
218 420 
218 419 
218 412 413 419 
218 411 412 419 
217 410 412 418 
217 410 412 418 
217 409 412 417 
217 408 412 417 
217 407 411 417 
217 407 411 416 
217 406 411 415 
217 406 410 415 
217 405 410 414 
217 404 410 414 
216 404 409 413 
216 403 408 412 
216 403 408 411 
216 402 407 410 
216 402 406 409 
216 401 405 408 
216 400 404 407 
216 400 404 406 
216 400 404 405 
216 400 
216 400 
216 400 
216 400 
216 400 
216 400 
215 400 
215 400 
215 400 
215 400 
215 400 
215 400 
215 400 
215 400 
215 400 
215 400 
215 400 
215 405 
215 406 
215 406 
215 405 
215 405 
215 405 
215 404 
215 404 
215 404 
215 404 
215 405 
215 405 
215 405 
215 405 
215 405 
215 405 
215 224 225 405 
215 223 225 405 
214 223 225 405 
214 223 225 405 
214 223 225 405 
214 223 225 405 
214 223 225 405 
214 223 225 405 
214 223 225 405 
214 222 225 405 
214 222 225 405 
214 221 225 405 
214 221 224 405 
214 221 224 405 
214 221 224 405 
214 220 224 406 
214 220 224 406 
214 220 224 406 
213 220 225 406 
213 220 224 406 
213 219 224 406 
213 220 224 406 
213 220 224 406 
213 220 224 406 
213 219 224 406 
213 219 224 406 
213 219 224 337 339 406 
213 218 223 338 339 406 
213 218 223 338 340 406 
213 218 224 338 340 406 
213 218 224 338 340 406 
212 217 225 339 341 407 
212 217 225 340 341 407 
213 216 225 407 
214 216 226 407 
226 407 
226 407 
226 407 
226 408 
226 408 
226 409 
226 409 
226 403 
226 402 
226 403 
226 403 
226 403 
225 403 
223 403 
221 402 
219 402 
217 403 
215 403 
214 403 
212 405 
211 405 
209 406 
208 406 
207 406 
206 405 
204 405 
203 407 
202 408 
201 410 
200 410 
199 411 
198 411 
197 411 
197 411 
196 412 
195 413 
194 414 
194 415 
193 415 
193 416 
192 416 
192 416 
191 417 
191 419 
191 420 
190 420 
190 421 
190 421 
190 422 
189 422 
189 423 
189 424 
188 425 
188 425 
188 426 
188 427 
188 427 
187 427 
187 428 
187 429 
187 429 
187 430 
187 431 
186 431 
186 432 
186 432 
186 433 
186 434 
186 434 
186 435 
185 436 
185 436 
185 434 
185 435 
185 437 
184 438 
184 439 
184 440 
184 440 
184 441 
183 441 
183 442 
183 443 
183 443 
182 444 
182 444 
182 444 
182 443 
181 444 
181 445 
181 446 
181 447 
180 448 
180 449 
180 449 
180 450 
179 450 
179 451 
179 451 
178 451 
178 452 
178 452 
177 453 
177 453 
177 454 
177 454 
153 160 176 454 
150 166 176 455 
148 171 176 455 
148 456 
148 456 
148 457 
148 458 
149 458 
149 459 
149 459 
150 460 
150 460 
150 461 
151 461 
151 461 
151 461 
152 462 
152 463 
152 463 
153 463 
153 463 
153 463 
154 463 
154 464 
155 465 
155 465 
155 466 
155 467 
156 467 
156 467 
156 467 
157 465 
157 466 
157 466 
157 467 
157 468 
157 469 
157 470 
157 471 
156 471 
156 471 
155 471 
155 433 435 472 
155 433 435 471 
154 432 435 472 
154 432 436 472 
153 432 436 473 
153 432 437 473 
152 432 437 474 
152 432 437 474 
152 432 438 474 
151 433 438 473 
151 433 438 473 
151 433 439 473 
150 433 439 474 
150 433 441 474 
150 433 442 475 
149 434 441 476 
148 434 441 476 
148 434 441 477 
148 434 441 477 
147 434 441 477 
147 434 441 476 
147 434 442 476 
146 435 442 476 
146 435 442 477 
145 435 442 478 
145 435 443 478 
145 435 443 479 
144 435 443 479 
144 435 444 480 
143 435 444 479 
143 435 444 478 
143 435 445 478 
142 435 445 479 
142 436 445 480 
142 436 446 481 
141 436 446 481 
141 436 446 481 
141 436 446 482 
140 436 446 482 
140 436 446 482 
139 436 446 482 
139 368 369 437 447 481 
139 368 369 437 447 482 
138 367 369 437 448 482 
138 367 370 437 448 483 
137 367 370 437 448 483 
137 367 370 437 448 484 
137 366 370 438 448 484 
137 366 370 438 448 484 
136 365 370 439 449 484 
136 365 370 439 449 484 
135 365 370 440 449 484 
135 365 370 440 450 484 
135 365 370 441 451 485 
134 364 370 441 452 485 
134 364 370 442 451 485 
133 364 370 443 450 485 
133 364 370 443 450 485 
132 364 370 444 451 486 
132 364 370 444 451 486 
131 363 370 445 451 486 
131 363 370 445 452 486 
130 363 370 446 452 486 
130 363 370 446 453 486 
129 363 370 447 453 487 
128 363 370 447 453 487 
128 363 370 448 453 487 
127 363 370 448 452 487 
127 363 370 449 452 487 
127 363 370 449 452 487 
126 363 370 450 452 487 
126 363 370 450 453 485 
125 363 370 450 453 486 
125 363 370 451 454 486 
124 363 370 452 455 487 
124 363 370 452 455 488 
123 363 370 453 454 488 
123 363 370 488 
122 363 370 488 
122 363 370 488 
121 363 370 488 
121 363 370 489 
120 363 370 489 
120 363 370 489 
119 363 370 489 
119 363 370 490 
118 362 371 490 
118 362 371 490 
117 362 371 490 
117 362 371 490 
116 362 371 488 
116 362 371 489 
115 362 371 489 
115 363 371 489 
114 363 371 490 
113 363 371 490 
113 363 371 491 
112 363 371 491 
112 363 371 491 
111 363 371 491 
111 364 371 491 
110 364 371 491 
110 364 371 491 
109 364 372 492 
109 364 372 492 
108 364 372 492 
108 364 372 492 
107 364 372 492 
107 364 372 491 
106 364 372 492 
106 365 372 492 
105 365 372 493 
105 365 372 493 
104 365 372 493 
103 365 372 493 
103 365 372 493 
102 365 372 493 
102 366 373 493 
101 366 373 494 
101 366 373 494 
100 366 373 494 
100 367 373 494 
99 367 373 494 
99 367 373 494 
98 367 373 495 
97 367 373 495 
97 367 373 494 
96 367 373 493 
96 367 373 494 
95 367 374 494 
95 367 374 495 
94 367 374 495 
94 367 374 495 
93 367 374 496 
92 367 374 496 
92 368 374 493 495 496 
91 368 375 494 
91 368 375 495 
90 368 375 495 
90 368 375 496 
89 368 375 496 
89 368 375 497 
88 368 376 497 
87 368 376 497 
87 369 376 498 
