0 640 
0 640 
0 640 
0 640 
0 640 
0 640 
0 640 
0 640 
0 640 
0 640 
0 640 
0 640 
0 640 
0 640 
0 640 
0 640 
0 640 
0 640 
0 640 
0 640 
0 640 
0 640 
0 640 
0 640 
0 640 
0 640 
0 640 
0 640 
0 640 
0 640 
0 640 
0 640 
0 640 
0 640 
0 640 
0 640 
0 640 
0 640 
0 640 
0 640 
0 640 
0 640 
0 640 
0 640 
0 640 
0 640 
0 640 
0 640 
0 640 
0 640 
0 640 
0 640 
0 640 
0 640 
0 640 
0 640 
0 640 
0 640 
0 640 
0 640 
0 640 
0 640 
0 640 
0 640 
0 640 
0 640 
0 640 
0 640 
0 640 
0 640 
0 640 
0 640 
0 640 
0 640 
0 640 
0 640 
0 640 
0 640 
0 640 
0 640 
0 640 
0 640 
0 640 
0 640 
0 640 
0 640 
0 640 
0 640 
0 640 
0 640 
0 640 
0 640 
0 640 
0 640 
0 640 
0 640 
0 640 
0 640 
0 640 
0 640 
0 640 
0 640 
0 640 
0 640 
0 640 
0 640 
0 640 
0 640 
0 640 
0 640 
0 640 
0 640 
0 640 
0 640 
0 640 
0 640 
0 640 
0 640 
0 640 
0 640 
0 640 
0 640 
0 640 
0 640 
0 640 
0 640 
0 640 
0 640 
0 640 
0 640 
0 315 319 337 361 640 
0 304 320 332 364 640 
0 294 321 329 367 640 
0 293 321 325 368 640 
0 271 285 293 369 640 
0 265 370 640 
0 261 370 640 
0 256 370 640 
0 254 370 640 
0 252 369 640 
0 251 369 640 
0 250 368 640 
0 250 369 640 
0 249 369 640 
0 249 368 640 
0 248 368 640 
0 247 368 640 
0 248 368 640 
0 248 368 640 
0 248 367 640 
0 248 367 640 
0 249 366 640 
0 249 366 640 
0 250 366 640 
0 250 366 640 
0 250 365 640 
0 250 365 640 
0 250 364 640 
0 251 363 640 
0 252 362 640 
0 252 362 640 
0 252 362 640 
0 252 362 640 
0 253 361 640 
0 253 361 640 
0 254 359 640 
0 254 358 640 
0 254 358 640 
0 255 358 640 
0 255 357 640 
0 255 356 640 
0 257 350 640 
0 257 350 640 
0 258 269 272 350 640 
0 259 268 272 350 640 
0 259 267 271 351 640 
0 260 266 271 351 640 
0 261 265 271 352 640 
0 262 264 271 352 640 
0 271 353 640 
0 271 353 640 
0 271 353 640 
0 271 353 640 
0 270 354 640 
0 270 354 640 
0 270 354 640 
0 270 354 640 
0 269 355 640 
0 269 355 640 
0 269 355 640 
0 269 354 640 
0 270 354 640 
0 270 354 640 
0 270 354 640 
0 270 354 640 
0 270 351 640 
0 270 350 640 
0 270 350 640 
0 270 349 640 
0 269 348 640 
0 269 348 640 
0 269 347 640 
0 269 346 640 
0 269 346 640 
0 269 344 640 
0 268 343 640 
0 268 343 640 
0 268 343 640 
0 268 343 640 
0 268 343 640 
0 267 343 640 
0 267 343 640 
0 267 343 640 
0 267 343 640 
0 266 343 640 
0 266 343 640 
0 266 343 640 
0 266 343 640 
0 266 343 640 
0 265 343 640 
0 265 343 640 
0 265 343 640 
0 265 343 640 
0 265 343 640 
0 264 342 640 
0 264 342 640 
0 264 342 640 
0 264 342 640 
0 263 342 640 
0 263 342 640 
0 262 342 640 
0 261 342 640 
0 260 342 640 
0 260 342 640 
0 259 342 640 
0 258 342 640 
0 256 343 640 
0 255 345 640 
0 254 347 640 
0 253 260 261 349 640 
0 252 259 261 350 640 
0 251 258 260 352 640 
0 250 256 260 353 640 
0 250 255 259 355 640 
0 250 254 259 356 640 
0 249 252 258 357 640 
0 249 250 258 357 640 
0 258 358 640 
0 257 358 640 
0 257 358 640 
0 256 358 640 
0 256 357 640 
0 255 357 640 
0 255 357 640 
0 255 357 640 
0 255 357 640 
0 255 358 640 
0 255 258 259 358 640 
0 255 257 260 358 640 
0 254 257 260 358 640 
0 254 257 260 358 640 
0 254 256 261 359 640 
0 254 256 261 359 640 
0 254 255 262 359 640 
0 262 359 640 
0 262 359 640 
0 261 359 640 
0 261 359 640 
0 261 359 640 
0 260 359 640 
0 260 359 640 
0 260 359 640 
0 260 359 640 
0 260 359 640 
0 259 359 640 
0 259 359 640 
0 259 359 640 
0 259 359 640 
0 258 359 640 
0 258 359 640 
0 258 359 640 
0 258 359 640 
0 259 359 640 
0 260 359 640 
0 260 360 640 
0 260 360 640 
0 260 360 640 
0 260 360 640 
0 260 360 640 
0 260 361 640 
0 260 361 640 
0 259 361 640 
0 259 361 640 
0 259 361 640 
0 258 361 640 
0 258 361 640 
0 258 361 640 
0 257 361 640 
0 257 361 640 
0 257 361 640 
0 257 361 640 
0 256 361 640 
0 256 361 640 
0 256 361 640 
0 255 361 640 
0 255 362 640 
0 255 362 640 
0 255 364 640 
0 255 365 640 
0 254 366 640 
0 254 367 640 
0 254 368 640 
0 254 370 640 
0 253 370 640 
0 253 372 640 
0 253 373 640 
0 252 374 640 
0 251 375 640 
0 251 376 640 
0 250 377 640 
0 249 378 640 
0 248 379 640 
0 248 380 640 
0 247 382 640 
0 246 383 640 
0 246 384 640 
0 245 385 640 
0 244 386 640 
0 244 387 640 
0 243 388 640 
0 242 389 640 
0 241 390 640 
0 241 391 640 
0 240 392 640 
0 239 393 640 
0 239 395 640 
0 238 396 640 
0 237 397 640 
0 237 398 640 
0 236 399 640 
0 235 400 640 
0 234 401 640 
0 234 402 640 
0 233 403 640 
0 232 403 640 
0 231 402 640 
0 231 402 640 
0 230 402 640 
0 229 403 640 
0 229 406 640 
0 228 408 640 
0 227 410 640 
0 226 413 640 
0 226 415 640 
0 225 417 640 
0 224 419 640 
0 224 420 640 
0 223 413 416 421 640 
0 222 413 417 421 640 
0 221 413 418 421 640 
0 220 414 640 
0 220 415 640 
0 219 416 640 
0 219 416 640 
0 218 417 640 
0 219 386 388 418 640 
0 220 386 388 418 640 
0 219 385 389 411 413 419 640 
0 217 385 390 412 414 420 640 
0 215 385 391 405 406 412 415 421 640 
0 213 385 392 405 408 413 416 421 640 
0 211 384 392 406 408 414 417 422 640 
0 209 384 393 406 409 414 418 423 640 
0 206 384 394 407 410 415 418 423 640 
0 204 384 395 400 402 408 410 415 419 424 640 
0 203 384 396 401 403 408 411 416 420 425 640 
0 202 384 397 402 404 409 412 417 421 425 640 
0 201 384 398 402 405 409 413 417 422 426 640 
0 200 206 208 384 398 403 406 410 413 418 422 426 640 
0 200 204 208 383 399 403 406 410 414 418 423 427 640 
0 201 203 207 383 400 404 407 411 414 418 424 427 640 
0 206 262 263 383 400 404 407 411 415 418 640 
0 205 261 263 383 401 404 408 411 415 417 640 
0 205 261 263 383 408 411 640 
0 204 260 262 383 640 
0 204 260 262 383 640 
0 203 259 262 383 640 
0 202 258 261 383 640 
0 202 258 261 382 640 
0 201 207 209 257 260 382 640 
0 201 206 209 215 216 256 260 382 640 
0 200 205 208 214 216 256 260 382 640 
0 200 205 208 213 215 255 259 382 640 
0 199 204 207 213 215 255 259 382 640 
0 199 203 207 212 214 227 229 254 259 382 640 
0 198 203 206 211 214 226 229 253 258 382 640 
0 198 202 206 211 214 219 220 225 228 253 258 381 640 
0 197 202 205 210 213 218 220 225 228 252 258 381 640 
0 197 201 205 210 213 217 220 224 228 251 257 381 640 
0 197 201 205 209 212 217 219 223 229 251 257 381 640 
0 197 200 205 209 212 216 219 223 229 250 257 380 640 
0 196 200 204 208 212 216 218 223 229 249 257 380 640 
0 196 199 204 208 211 216 218 223 229 249 256 380 640 
0 205 208 211 216 219 223 229 248 256 379 640 
0 206 208 211 215 220 222 230 247 255 379 640 
0 212 215 230 247 255 378 640 
0 230 246 255 378 640 
0 231 245 255 377 640 
0 231 245 254 375 640 
0 232 244 254 375 640 
0 233 244 254 375 640 
0 234 243 253 376 640 
0 235 242 253 376 640 
0 237 241 253 376 640 
0 252 377 640 
0 252 377 640 
0 252 377 640 
0 251 378 640 
0 251 378 640 
0 251 378 640 
0 250 379 640 
0 250 379 640 
0 250 379 640 
0 250 380 640 
0 249 380 640 
0 249 380 640 
0 249 381 640 
0 248 381 640 
0 248 381 640 
0 248 382 640 
0 247 382 640 
0 247 382 640 
0 247 383 640 
0 246 383 640 
0 246 383 640 
0 246 384 640 
0 245 384 640 
0 245 384 640 
0 245 385 640 
0 244 385 640 
0 244 385 640 
0 244 385 640 
0 244 386 640 
0 243 386 640 
0 243 386 640 
0 243 387 640 
0 242 387 640 
0 242 387 640 
0 242 388 640 
0 241 388 640 
0 241 388 640 
0 241 389 640 
0 240 389 640 
0 240 389 640 
0 240 390 640 
0 239 390 640 
0 239 390 640 
0 239 390 640 
0 238 390 640 
0 238 391 640 
0 238 391 640 
0 237 391 640 
0 237 392 640 
0 237 392 640 
0 237 392 640 
0 236 392 640 
0 236 392 640 
0 236 393 640 
0 235 393 640 
0 235 393 640 
0 235 393 640 
0 235 394 640 
0 234 394 640 
0 234 394 640 
0 234 394 640 
0 234 394 640 
0 233 394 640 
0 233 395 640 
0 233 395 640 
0 233 395 640 
