0 226 
0 226 
0 227 
0 228 
0 229 
0 230 
0 226 
0 226 
0 227 
0 227 
0 228 
0 229 
0 230 
0 230 
0 232 
0 233 
0 233 
0 234 
0 234 
0 235 
0 235 
0 237 
0 238 
0 239 
0 241 
0 242 
0 243 
0 244 
0 245 
0 247 
0 248 
0 249 
0 250 
0 252 
0 253 
0 254 
0 255 
0 257 
0 258 
0 260 
0 263 
0 264 
0 265 
0 266 
0 267 
0 269 
0 270 
0 271 273 276 
0 278 
0 279 
0 281 
0 282 
0 284 
0 285 
0 287 
0 289 
0 290 
0 292 
0 293 
0 295 
0 296 
0 298 
0 300 
0 301 
0 301 
0 301 
0 302 
0 302 
0 304 
0 305 
0 307 
0 308 
0 310 
0 312 
0 313 
0 315 
0 316 
0 318 
0 320 
0 321 
0 323 
0 324 326 328 
0 330 
0 332 
0 334 
0 336 
0 338 
0 339 
0 340 
0 340 
0 341 
0 341 
0 342 
0 342 
0 343 
0 344 
0 344 
0 345 347 349 354 357 
0 346 347 350 354 358 
0 347 348 351 354 358 
0 352 355 359 
0 353 355 360 363 365 
0 354 355 360 362 367 
0 361 362 369 
0 361 363 371 
0 362 363 373 
0 375 
0 376 
0 378 
0 379 
0 380 
0 381 
0 381 
0 380 
0 379 
0 378 
0 376 
0 374 
0 373 
0 372 
0 372 
0 372 
0 372 
0 372 
0 372 
0 373 
0 374 
0 375 
0 377 
0 379 
0 381 
0 383 
0 384 
0 385 
0 385 
0 386 
0 386 
0 387 
0 387 
0 387 
0 387 
0 387 
0 388 
0 388 
0 388 
0 390 
0 391 
0 393 
0 395 
0 396 
0 397 
0 397 
0 397 
0 397 
0 397 
0 398 
0 400 
0 402 
0 403 
0 404 
0 405 
0 405 
0 406 
0 406 
0 407 
0 407 
0 408 
0 408 
0 409 440 443 
0 409 438 443 450 451 
0 410 436 443 449 452 
0 410 433 443 448 452 
0 411 431 443 447 453 
0 412 428 443 447 453 
0 413 425 443 446 454 
0 309 319 414 422 443 446 454 
0 306 323 443 445 455 
0 303 328 443 445 455 
0 301 330 443 444 454 
0 299 332 453 
0 298 334 451 
0 296 336 450 
0 295 337 450 
0 294 338 450 
0 292 340 449 
0 281 284 291 341 450 
0 281 285 290 342 451 
0 281 285 288 343 452 
0 282 286 287 344 453 
0 282 345 454 
0 283 346 455 
0 283 347 455 
0 282 348 456 
0 281 349 457 
0 280 350 458 
0 279 350 458 
0 278 351 459 
0 277 352 460 
0 276 353 460 
0 275 353 461 
0 274 354 462 
0 274 355 462 
0 273 355 462 
0 272 356 462 
0 271 356 462 
0 269 357 462 
0 268 357 462 
0 266 358 461 
0 265 358 460 
0 264 359 459 
0 263 359 458 
0 262 360 458 
0 261 360 457 
0 260 361 456 
0 259 361 456 
0 259 361 455 
0 258 362 455 
0 257 362 454 
0 257 362 453 
0 257 362 453 
0 257 363 451 
0 257 363 451 
0 257 363 450 
0 256 363 449 
0 256 364 448 
0 256 364 447 
0 256 364 446 
0 256 364 446 
0 256 364 446 
0 256 365 446 
0 256 365 446 
0 256 365 446 
0 256 365 447 
0 256 365 447 
0 256 365 447 
0 256 365 447 
0 256 365 447 
0 256 364 447 
0 256 364 447 
0 257 364 447 
0 257 363 446 
0 257 363 446 
0 257 363 446 
0 257 363 446 
0 257 362 446 
0 257 362 446 
0 257 361 446 
0 257 360 446 
0 258 359 446 
0 258 359 446 
0 259 357 446 
0 259 357 446 
0 260 356 446 
0 261 355 446 
0 262 354 446 
0 262 354 445 
0 263 354 445 
0 264 355 444 
0 265 357 444 
0 265 358 443 
0 266 359 442 
0 267 360 442 
0 268 361 441 
0 269 362 440 
0 269 363 440 
0 270 365 439 627 630 
0 271 366 438 627 632 
0 272 367 438 627 634 
0 273 368 437 628 636 
0 274 369 436 629 638 
0 275 371 435 629 640 
0 275 372 434 630 640 
0 276 373 433 630 640 
0 277 374 432 631 640 
0 278 375 432 631 640 
0 279 376 431 632 640 
0 280 377 430 632 640 
0 282 378 429 633 640 
0 283 379 428 634 640 
0 285 380 428 634 640 
0 287 381 427 635 640 
0 290 382 426 635 640 
0 293 383 425 636 640 
0 297 384 424 636 640 
0 300 385 424 637 640 
0 304 386 423 637 640 
0 308 386 422 637 640 
0 314 387 421 638 640 
0 320 388 420 638 640 
0 325 389 420 639 640 
0 329 390 419 
0 331 391 418 
0 333 391 418 
0 335 392 417 
0 336 393 416 
0 337 394 416 
0 338 395 415 
0 339 396 415 
0 340 396 415 
0 341 397 414 
0 342 398 414 
0 343 399 414 
0 343 400 414 
0 344 401 414 
0 345 401 414 
0 345 402 414 
0 346 403 414 
0 347 404 414 
0 348 405 414 
0 348 406 414 
0 349 406 415 
0 350 407 415 
0 350 408 416 
0 351 409 416 
0 352 410 417 
0 353 411 418 
0 353 411 419 
0 354 412 420 
0 355 413 421 
0 355 414 422 
0 356 415 423 
0 357 416 424 
0 357 417 426 
0 358 417 427 
0 359 418 424 426 428 
0 359 419 423 
0 360 420 423 
0 360 421 423 
0 361 
0 362 
0 362 
0 363 
0 364 
0 364 
0 365 
0 366 
0 366 
0 367 
0 368 
0 368 
0 369 
0 370 
0 370 
0 371 
0 371 
0 372 
0 373 
0 373 
0 374 
0 374 
0 375 
0 375 
0 376 
0 377 
0 377 
0 378 
0 379 
0 379 
0 380 
0 380 
0 381 
0 381 
0 382 
0 383 
0 383 
0 384 
0 384 
0 385 
0 385 
0 386 
0 387 
0 387 
0 388 
0 388 
0 389 
0 389 
0 390 
0 390 
0 391 
0 391 
0 392 
0 393 
0 393 
0 394 
0 394 
0 395 
0 395 
0 396 
0 396 
0 397 
0 397 
0 398 
0 398 
0 399 
0 400 
0 400 
0 401 
0 401 
0 402 
0 402 
0 403 
0 403 
0 404 
0 404 
0 405 
0 405 
0 406 491 493 
0 406 490 494 
0 407 489 495 
0 408 489 495 
0 408 487 496 
0 408 487 497 
0 409 485 498 
0 409 484 498 
0 408 483 499 
0 408 482 500 
0 407 482 501 
0 407 480 502 
0 407 479 502 
0 406 477 503 
0 405 476 504 
0 405 475 504 
0 404 474 505 
0 404 473 506 
0 403 471 506 
0 402 470 507 
0 402 468 508 
0 401 466 508 
0 400 464 509 
0 400 462 510 
0 399 460 510 
0 398 458 511 
0 398 455 512 
0 397 453 512 
0 396 452 513 
0 396 451 514 
0 395 451 514 
0 394 451 515 
0 394 450 515 
0 393 450 516 
0 392 450 516 
0 392 449 517 
0 391 449 518 
0 390 449 518 
0 390 448 519 
0 389 448 519 
0 389 447 520 
0 388 447 520 
0 388 447 520 
0 387 446 521 
0 387 446 522 
0 386 445 522 
0 385 445 523 
0 385 445 523 
0 385 444 524 
0 384 444 524 
0 384 443 525 
0 383 443 525 
0 383 442 526 
0 382 442 526 
0 382 441 527 
0 381 441 527 
0 381 440 528 
0 380 440 528 
0 380 439 528 
0 380 439 529 
0 379 438 530 
0 379 438 530 
0 378 437 531 
0 378 437 532 
0 377 436 533 
0 377 435 534 
0 376 435 535 
0 376 434 535 
0 376 434 535 
0 375 433 535 
0 375 432 535 
0 374 432 534 
0 374 431 534 
0 374 431 534 
