0 640 
0 640 
0 640 
0 640 
0 640 
0 640 
0 640 
0 640 
0 640 
0 640 
0 640 
0 640 
0 640 
0 640 
0 640 
0 640 
0 640 
0 640 
0 640 
0 640 
0 640 
0 640 
0 640 
0 640 
0 640 
0 640 
0 640 
0 640 
0 640 
0 640 
0 640 
0 640 
0 640 
0 640 
0 640 
0 640 
0 640 
0 640 
0 640 
0 640 
0 640 
0 640 
0 640 
0 640 
0 640 
0 640 
0 640 
0 640 
0 640 
0 640 
0 640 
0 640 
0 640 
0 640 
0 640 
0 640 
0 640 
0 640 
0 640 
0 640 
0 640 
0 640 
0 640 
0 640 
0 640 
0 640 
0 640 
0 640 
0 640 
0 640 
0 640 
0 640 
0 640 
0 640 
0 640 
0 640 
0 640 
0 640 
0 640 
0 640 
0 640 
0 640 
0 640 
0 640 
0 640 
0 640 
0 640 
0 640 
0 640 
0 640 
0 640 
0 640 
0 640 
0 640 
0 640 
0 640 
0 640 
0 640 
0 640 
0 640 
0 640 
0 640 
0 640 
0 640 
0 640 
0 640 
0 640 
0 640 
0 640 
0 640 
0 640 
0 640 
0 640 
0 640 
0 640 
0 292 297 640 
0 286 299 640 
0 284 300 640 
0 282 301 640 
0 280 302 640 
0 279 304 640 
0 277 304 640 
0 276 305 640 
0 276 306 640 
0 276 306 640 
0 275 307 640 
0 275 308 640 
0 274 309 640 
0 274 312 640 
0 274 312 640 
0 274 313 640 
0 273 313 640 
0 273 314 640 
0 273 315 640 
0 273 315 640 
0 273 315 640 
0 272 315 640 
0 272 316 640 
0 272 317 640 
0 272 318 640 
0 272 318 640 
0 272 319 640 
0 271 320 640 
0 271 320 640 
0 271 321 640 
0 271 321 640 
0 271 322 640 
0 271 323 640 
0 271 323 640 
0 271 324 640 
0 271 325 640 
0 270 325 640 
0 270 326 640 
0 270 326 640 
0 270 327 640 
0 270 327 640 
0 270 328 640 
0 270 329 640 
0 270 329 640 
0 270 330 640 
0 270 330 640 
0 270 331 640 
0 269 331 640 
0 269 332 640 
0 269 332 640 
0 269 333 640 
0 269 334 640 
0 269 334 640 
0 269 335 640 
0 269 335 640 
0 269 335 640 
0 269 336 640 
0 269 337 640 
0 269 337 640 
0 269 338 640 
0 269 338 640 
0 269 339 640 
0 269 339 640 
0 269 340 640 
0 269 340 640 
0 269 341 640 
0 269 341 640 
0 269 342 640 
0 270 342 640 
0 270 343 640 
0 270 343 640 
0 270 344 640 
0 270 344 640 
0 270 345 640 
0 270 345 640 
0 270 346 640 
0 270 347 640 
0 270 347 640 
0 270 347 640 
0 270 348 640 
0 270 349 640 
0 270 349 640 
0 270 350 640 
0 271 350 640 
0 271 351 640 
0 271 351 640 
0 271 351 640 
0 271 352 640 
0 271 352 640 
0 271 353 640 
0 272 353 640 
0 272 353 640 
0 272 354 640 
0 272 354 640 
0 272 355 640 
0 272 355 640 
0 272 356 640 
0 272 356 640 
0 273 357 640 
0 273 357 640 
0 273 358 640 
0 273 358 640 
0 273 358 640 
0 273 359 640 
0 273 359 640 
0 274 360 640 
0 274 360 640 
0 274 360 640 
0 274 361 640 
0 274 361 640 
0 274 362 640 
0 274 362 640 
0 275 362 640 
0 275 362 640 
0 275 363 640 
0 275 363 640 
0 275 364 640 
0 276 364 640 
0 276 364 640 
0 276 365 640 
0 276 365 640 
0 277 365 640 
0 277 366 640 
0 277 366 640 
0 277 367 640 
0 277 367 640 
0 278 367 640 
0 278 368 640 
0 278 368 640 
0 278 368 640 
0 278 369 640 
0 279 369 640 
0 279 369 640 
0 279 370 640 
0 279 370 640 
0 280 370 640 
0 280 370 640 
0 280 371 640 
0 280 371 640 
0 281 371 640 
0 281 372 640 
0 282 372 640 
0 282 372 640 
0 282 373 640 
0 282 373 640 
0 283 373 640 
0 283 374 640 
0 283 374 640 
0 283 374 640 
0 284 374 640 
0 284 375 640 
0 284 375 640 
0 285 375 640 
0 285 375 640 
0 285 375 640 
0 286 376 640 
0 286 376 640 
0 286 377 640 
0 286 377 640 
0 287 377 640 
0 287 377 640 
0 288 377 640 
0 288 378 640 
0 288 378 640 
0 289 378 640 
0 289 379 640 
0 289 379 640 
0 290 379 640 
0 290 379 640 
0 290 380 640 
0 291 380 640 
0 291 380 640 
0 291 380 640 
0 292 380 640 
0 292 381 640 
0 293 381 640 
0 293 381 640 
0 293 381 640 
0 294 381 640 
0 294 382 640 
0 295 382 640 
0 295 382 640 
0 295 382 640 
0 296 382 640 
0 296 383 640 
0 297 383 640 
0 297 383 640 
0 298 383 640 
0 298 383 640 
0 299 384 640 
0 299 384 640 
0 299 384 640 
0 300 384 640 
0 300 384 640 
0 301 384 640 
0 301 384 640 
0 301 384 640 
0 302 384 640 
0 302 385 640 
0 303 385 640 
0 304 385 640 
0 304 385 640 
0 305 385 640 
0 305 385 640 
0 305 385 640 
0 306 385 640 
0 306 385 640 
0 307 385 640 
0 308 386 640 
0 308 386 640 
0 309 386 640 
0 309 386 640 
0 310 386 640 
0 310 386 640 
0 311 386 640 
0 312 386 640 
0 312 386 640 
0 313 386 640 
0 313 386 640 
0 314 387 640 
0 314 387 640 
0 315 387 640 
0 316 387 640 
0 317 387 640 
0 317 387 640 
0 318 387 640 
0 318 387 640 
0 319 387 640 
0 319 388 640 
0 320 388 640 
0 321 387 640 
0 322 388 640 
0 323 387 640 
0 323 387 640 
0 324 387 640 
0 325 387 640 
0 325 387 640 
0 326 387 640 
0 327 388 640 
0 328 387 640 
0 329 386 640 
0 329 384 640 
0 330 382 640 
0 330 380 640 
0 331 378 640 
0 332 375 640 
0 333 373 640 
0 334 370 640 
0 334 368 640 
0 335 366 640 
0 336 363 640 
0 337 360 640 
0 337 358 640 
0 338 356 640 
0 339 353 640 
0 341 350 640 
0 341 348 640 
0 640 
0 640 
0 640 
0 640 
0 640 
0 640 
0 640 
0 640 
0 640 
0 640 
0 640 
0 640 
0 640 
0 640 
0 640 
0 640 
0 640 
0 640 
0 640 
0 640 
0 640 
0 640 
0 640 
0 640 
0 640 
0 640 
0 640 
0 640 
0 640 
0 640 
0 640 
0 640 
0 640 
0 640 
0 640 
0 640 
0 640 
0 640 
0 640 
0 640 
0 640 
0 640 
0 640 
0 640 
0 640 
0 640 
0 640 
0 640 
0 640 
0 640 
0 640 
0 640 
0 640 
0 640 
0 640 
0 640 
0 640 
0 640 
0 640 
0 640 
0 640 
0 640 
0 640 
0 640 
0 640 
0 640 
0 640 
0 640 
0 640 
0 640 
0 640 
0 640 
0 640 
0 640 
0 640 
0 640 
0 640 
0 640 
0 640 
0 640 
0 640 
0 640 
0 640 
0 640 
0 640 
0 640 
0 640 
0 640 
0 640 
0 640 
0 640 
0 640 
0 640 
0 640 
0 640 
0 640 
0 640 
0 640 
0 640 
0 640 
0 640 
0 640 
0 640 
0 640 
0 640 
0 640 
0 640 
0 640 
