0 640 
0 640 
0 640 
0 640 
0 640 
0 640 
0 640 
0 640 
0 640 
0 640 
0 640 
0 640 
0 640 
0 640 
0 640 
0 640 
0 640 
0 640 
0 640 
0 640 
0 640 
0 640 
0 640 
0 640 
0 640 
0 640 
0 640 
0 640 
0 640 
0 640 
0 640 
0 640 
0 640 
0 640 
0 640 
0 640 
0 640 
0 640 
0 640 
0 640 
0 640 
0 640 
0 292 311 326 357 640 
0 287 362 640 
0 284 365 640 
0 281 368 640 
0 279 369 640 
0 276 371 640 
0 275 373 640 
0 273 375 640 
0 271 376 640 
0 270 377 640 
0 269 379 640 
0 267 380 640 
0 266 381 640 
0 265 381 640 
0 264 382 640 
0 264 383 640 
0 263 384 640 
0 262 384 640 
0 262 385 640 
0 261 386 640 
0 260 386 640 
0 260 387 640 
0 259 388 640 
0 259 388 640 
0 258 389 640 
0 258 389 640 
0 258 390 400 408 640 
0 257 390 399 410 640 
0 257 391 397 411 640 
0 257 391 396 413 640 
0 256 391 395 415 640 
0 256 392 395 416 640 
0 255 392 394 418 640 
0 255 392 393 419 640 
0 255 420 640 
0 255 421 640 
0 255 423 640 
0 254 424 640 
0 254 425 640 
0 254 426 640 
0 254 426 640 
0 254 427 640 
0 253 428 640 
0 253 429 640 
0 253 430 640 
0 253 431 640 
0 253 432 640 
0 253 432 640 
0 253 433 640 
0 253 433 640 
0 253 434 640 
0 252 434 640 
0 253 435 640 
0 253 435 640 
0 253 436 640 
0 253 436 640 
0 253 436 640 
0 253 436 640 
0 253 436 640 
0 253 437 640 
0 253 437 640 
0 253 437 640 
0 254 437 640 
0 254 437 640 
0 254 437 640 
0 255 438 640 
0 255 438 640 
0 255 438 640 
0 256 438 640 
0 256 438 640 
0 256 438 640 
0 255 438 640 
0 255 439 640 
0 255 439 640 
0 254 440 640 
0 254 440 640 
0 253 440 640 
0 253 441 640 
0 252 441 640 
0 252 442 640 
0 251 442 640 
0 250 442 640 
0 250 441 640 
0 249 440 640 
0 248 439 640 
0 247 437 640 
0 246 436 640 
0 245 435 640 
0 244 396 399 435 640 
0 243 396 399 435 640 
0 242 395 400 434 640 
0 242 395 400 434 640 
0 240 394 400 433 640 
0 239 394 400 432 640 
0 238 393 400 432 640 
0 237 393 400 431 640 
0 235 393 400 431 640 
0 234 392 400 431 640 
0 232 392 400 431 640 
0 232 391 400 432 640 
0 232 391 401 432 640 
0 233 390 401 432 640 
0 234 390 401 433 640 
0 235 256 257 389 401 433 640 
0 237 240 241 255 258 389 401 434 640 
0 242 255 259 388 401 434 640 
0 244 254 260 388 401 434 640 
0 246 254 261 388 401 435 640 
0 247 253 261 388 401 435 640 
0 249 253 261 388 401 435 640 
0 260 389 401 435 640 
0 260 389 401 436 640 
0 259 389 400 436 640 
0 258 390 400 436 640 
0 258 390 400 436 640 
0 257 391 400 436 640 
0 257 392 400 437 640 
0 256 394 400 437 640 
0 255 395 400 437 640 
0 254 397 400 437 640 
0 254 391 395 397 399 437 640 
0 253 258 260 391 399 438 640 
0 252 257 260 391 399 438 640 
0 251 255 260 391 399 438 640 
0 251 252 260 387 388 392 399 438 640 
0 260 387 390 392 399 438 640 
0 260 264 266 380 382 387 399 438 640 
0 260 263 266 380 382 387 399 439 640 
0 260 262 267 380 383 387 399 439 640 
0 260 262 267 379 384 388 399 439 640 
0 260 262 268 379 385 388 399 439 640 
0 260 261 268 374 376 378 385 388 399 439 640 
0 268 271 273 374 376 377 386 388 399 440 640 
0 269 271 273 374 387 389 399 440 640 
0 270 271 273 373 399 440 640 
0 274 373 399 440 640 
0 274 372 399 441 640 
0 274 372 399 402 403 441 640 
0 275 372 399 401 404 441 640 
0 275 372 399 401 404 441 640 
0 275 356 357 371 399 401 404 441 640 
0 275 282 283 355 357 371 399 401 403 442 640 
0 276 282 283 354 357 371 399 402 403 442 640 
0 276 283 284 292 294 354 357 370 399 442 640 
0 276 283 284 292 295 353 356 370 400 440 640 
0 277 282 284 292 296 352 357 370 400 440 640 
0 277 282 284 291 296 352 357 370 400 440 640 
0 277 282 285 291 296 352 357 369 400 440 640 
0 277 282 285 291 296 298 299 351 357 369 401 440 640 
0 277 282 285 291 296 298 300 348 357 360 361 365 367 369 401 440 640 
0 277 282 285 291 301 347 357 360 361 365 367 369 401 440 640 
0 277 282 285 291 302 346 356 360 361 364 367 369 402 440 640 
0 278 281 285 291 303 345 356 360 361 364 367 368 402 440 640 
0 278 281 285 291 303 344 356 359 361 363 402 440 640 
0 278 281 285 287 288 291 303 344 356 359 361 363 403 439 640 
0 278 281 285 287 288 291 303 344 356 359 361 363 403 439 640 
0 278 281 285 286 288 290 303 344 356 358 361 363 403 439 640 
0 278 280 285 286 288 290 303 343 356 358 361 362 404 438 640 
0 278 280 288 290 304 343 356 358 360 362 404 438 640 
0 278 280 288 290 304 343 356 358 360 362 404 438 640 
0 278 280 288 290 304 343 356 358 360 362 405 438 640 
0 73 80 278 280 288 290 305 342 356 358 360 362 405 437 640 
0 72 81 278 279 288 290 305 342 356 358 360 361 406 430 431 437 640 
0 70 83 288 289 305 342 356 357 360 361 406 430 431 437 640 
0 69 85 288 289 305 342 406 430 432 436 640 
0 67 87 304 343 406 430 432 436 640 
0 66 89 302 344 407 430 432 436 640 
0 65 90 301 345 407 430 432 436 640 
0 64 93 299 346 407 430 432 435 640 
0 63 94 298 348 407 430 432 435 640 
0 62 97 295 350 407 430 432 435 640 
0 61 100 293 352 408 430 432 434 640 
0 60 101 290 354 408 412 413 430 432 434 640 
0 59 104 288 357 408 411 413 430 432 433 640 
0 58 106 286 358 408 411 414 430 432 433 640 
0 57 108 283 360 408 411 414 430 431 433 640 
0 56 75 79 110 281 363 408 411 414 430 431 433 640 
0 55 74 81 113 279 365 408 411 414 430 640 
0 54 73 83 115 278 366 408 411 414 431 565 570 640 
0 52 72 84 116 277 368 409 410 414 428 429 431 563 571 640 
0 51 71 86 119 276 369 414 427 561 572 640 
0 50 70 88 121 274 371 414 417 419 427 558 574 640 
0 49 69 90 122 273 372 414 417 419 426 556 575 640 
0 48 68 92 124 272 373 415 417 419 426 554 576 640 
0 47 67 94 126 271 374 415 417 421 426 551 576 640 
0 45 66 96 128 270 375 415 417 422 426 549 577 640 
0 44 65 98 130 269 376 415 417 422 423 546 578 640 
0 43 64 100 131 269 377 422 423 543 579 640 
0 42 63 102 133 268 378 541 580 640 
0 41 62 104 135 267 379 539 581 640 
0 39 62 104 137 266 380 536 582 640 
0 38 63 104 138 266 380 533 583 640 
0 37 64 103 140 265 381 530 584 640 
0 35 65 103 116 119 142 264 382 528 562 567 585 640 
0 34 66 103 116 122 143 264 383 526 561 568 585 640 
0 32 66 102 116 125 145 263 383 524 559 569 587 640 
0 31 66 101 116 127 147 262 384 521 557 570 588 640 
0 29 65 99 117 129 149 261 385 519 555 571 588 640 
0 28 65 98 118 131 150 260 386 517 553 571 590 640 
0 26 65 98 118 133 152 260 386 515 551 572 590 640 
0 25 52 53 66 97 119 135 154 259 387 512 548 573 591 640 
0 23 67 97 119 136 156 258 388 510 546 574 592 640 
0 22 67 96 120 138 157 258 388 509 543 574 593 640 
0 20 68 95 120 139 160 257 389 507 541 575 595 640 
0 19 47 49 69 95 120 141 162 256 390 505 538 576 595 640 
0 17 46 49 70 94 120 142 164 255 391 503 538 577 596 640 
0 15 45 48 70 94 121 144 166 221 230 254 391 501 538 578 598 640 
0 14 44 47 71 93 121 145 169 218 232 253 392 499 539 578 598 640 
0 11 42 47 71 93 121 147 172 213 235 253 393 497 521 526 539 579 600 640 
0 10 41 46 71 92 121 148 175 209 238 252 393 495 518 526 540 578 600 640 
0 8 40 46 72 92 121 149 181 203 242 251 394 493 515 526 540 576 602 640 
0 6 38 45 72 91 122 150 246 250 395 491 512 526 542 575 603 640 
0 4 37 45 72 91 122 152 396 489 511 525 543 575 604 640 
0 3 35 44 72 90 122 153 396 414 422 487 509 524 543 575 605 640 
0 1 34 43 73 90 122 154 397 412 424 485 507 523 544 575 607 640 
32 43 73 90 122 154 397 407 427 483 505 523 545 575 608 640 
31 42 73 90 123 154 398 401 430 480 503 523 545 575 609 640 
29 42 74 90 123 154 435 477 501 523 546 574 611 640 
27 42 74 90 123 154 439 473 500 522 546 572 586 588 612 640 
26 41 74 90 123 154 443 470 498 522 547 571 587 588 613 640 
24 41 75 90 122 153 166 203 453 461 462 464 496 522 547 570 614 640 
22 41 75 90 122 151 165 204 217 230 495 521 548 569 589 590 615 640 
20 41 75 90 121 150 166 204 216 235 494 521 548 569 590 592 617 640 
19 41 75 91 121 149 167 205 215 242 492 520 549 568 590 592 618 640 
19 42 75 91 121 148 168 203 215 242 490 520 549 568 590 593 619 640 
19 42 74 91 120 147 168 201 215 241 489 520 550 568 591 595 621 640 
19 42 74 91 120 147 169 199 215 241 488 519 550 567 592 595 622 640 
4 6 19 42 73 91 120 146 169 198 216 240 488 519 551 567 592 597 624 640 
1 7 18 42 73 91 119 146 170 198 217 240 416 421 488 518 551 566 592 598 625 640 
0 7 18 42 73 91 119 145 170 197 217 240 405 426 440 460 488 518 551 566 593 599 626 640 
0 6 19 42 72 91 118 144 170 196 218 240 405 428 439 470 488 518 551 565 593 600 628 640 
0 5 20 42 72 92 118 144 170 195 218 241 405 428 439 476 489 519 551 565 594 601 630 640 
0 3 21 42 72 92 118 143 170 194 218 241 405 429 442 477 491 519 551 564 594 603 631 640 
0 2 22 42 71 92 117 143 170 194 219 242 405 429 444 476 493 519 550 564 595 604 633 640 
0 2 22 42 71 92 117 142 170 193 219 242 405 428 445 475 493 520 550 563 595 605 634 640 
0 1 23 43 70 92 117 142 171 193 219 243 405 428 446 475 494 520 550 563 596 607 636 640 
23 43 70 92 116 141 171 192 219 244 404 427 446 474 495 520 550 563 596 608 637 640 
24 43 70 92 116 140 171 191 219 244 403 426 447 474 496 521 550 563 596 609 
24 43 69 92 115 140 171 191 219 246 403 426 448 473 496 521 549 563 596 610 
24 43 69 92 115 139 171 190 219 245 402 425 449 473 497 522 549 563 596 612 
25 43 68 92 115 139 172 189 220 244 401 425 450 473 497 522 549 563 596 614 
25 43 68 92 114 140 172 189 220 243 400 425 451 473 498 522 549 564 595 616 
25 43 68 93 114 140 172 189 220 242 399 425 452 472 499 523 549 564 595 617 
25 43 67 93 114 140 172 189 220 241 400 425 452 472 499 523 548 564 595 618 
26 44 67 93 113 140 172 189 220 240 402 425 453 472 500 523 548 565 595 618 
26 44 67 93 113 140 172 189 220 238 403 425 454 472 501 524 548 565 594 618 
26 44 66 93 112 140 171 189 220 238 403 425 455 471 501 524 548 565 594 618 
26 44 66 93 112 140 171 189 220 238 403 425 455 471 502 524 548 566 594 618 
27 44 66 93 112 140 170 189 220 238 403 424 455 471 502 525 547 566 593 618 631 633 
27 44 65 93 111 140 170 188 220 239 404 424 455 470 502 525 547 566 593 618 631 634 
27 44 65 93 111 140 169 188 220 240 405 424 456 470 502 525 547 567 593 617 630 636 
27 44 64 93 111 140 169 188 219 241 405 424 456 470 502 526 547 567 593 615 630 638 
27 44 64 94 110 140 168 188 218 242 406 424 456 470 502 526 547 567 592 614 631 640 
27 44 64 94 110 140 168 188 218 244 405 424 456 470 502 527 547 567 592 613 632 640 
27 45 63 94 109 140 168 188 217 246 404 424 456 470 502 527 546 568 592 612 633 640 
26 45 63 94 109 140 167 188 217 246 403 424 456 471 502 527 546 568 592 612 634 640 
26 45 63 94 109 140 167 188 216 246 402 424 456 471 502 528 546 568 591 612 634 640 
26 45 62 94 108 140 166 188 216 245 400 424 456 472 502 528 546 569 591 611 635 640 
25 45 62 94 108 140 166 188 215 245 398 425 456 472 501 528 546 569 591 610 635 640 
25 45 61 94 108 140 166 188 215 244 398 426 456 473 501 529 545 569 591 610 635 640 
25 45 61 94 107 140 165 188 214 244 398 426 457 473 501 529 545 570 590 609 636 640 
24 45 61 94 107 140 165 188 214 244 398 427 457 474 501 529 545 570 590 609 636 640 
24 45 60 94 107 141 164 188 213 243 398 428 457 474 501 530 545 570 590 608 637 640 
23 46 60 95 106 141 164 188 213 243 398 428 457 474 501 530 545 571 590 608 637 640 
23 46 60 95 106 141 163 188 212 243 398 429 457 475 501 531 544 571 589 608 637 640 
22 46 59 95 105 141 163 188 212 243 398 430 457 475 501 531 544 571 589 607 638 640 
22 46 59 95 105 141 162 188 211 242 399 431 457 476 501 531 544 572 589 607 638 640 
22 46 58 95 105 141 162 188 210 242 399 431 457 477 500 532 544 572 589 606 638 640 
21 46 58 95 104 141 162 188 210 242 399 432 457 477 500 532 544 572 588 606 638 640 
21 46 58 95 104 141 161 188 209 241 400 433 457 478 500 533 544 572 588 606 638 640 
21 46 57 95 104 141 161 188 209 241 400 433 458 478 500 533 543 573 588 606 638 640 
20 47 57 95 103 141 160 188 208 241 400 434 458 478 500 533 543 573 588 606 638 640 
20 47 57 95 103 141 160 188 208 240 400 434 458 479 500 533 543 573 587 607 638 640 
19 47 56 95 102 141 160 188 207 240 400 435 458 479 500 534 543 574 587 607 638 640 
19 47 56 96 102 141 159 188 207 239 401 436 458 480 500 534 543 574 587 607 638 640 
18 47 56 96 102 141 159 188 206 239 401 437 458 480 500 535 542 574 587 607 638 640 
18 47 55 96 101 141 158 188 206 239 401 437 458 481 500 535 542 574 586 608 638 640 
18 47 55 96 101 141 158 188 205 239 401 438 458 481 500 535 542 575 586 608 637 640 
17 47 54 96 100 142 157 188 205 238 401 439 458 482 499 536 542 575 586 608 637 640 
17 47 54 97 100 142 157 188 204 238 401 439 458 482 499 536 542 575 586 608 637 640 
16 48 54 97 99 142 157 188 203 238 402 440 458 483 499 536 541 576 585 609 636 640 
16 48 53 142 156 187 203 238 402 441 459 483 499 537 541 576 585 609 636 640 
16 48 53 142 156 187 202 238 402 441 459 484 499 537 541 576 585 609 636 640 
15 48 52 142 155 187 202 237 402 442 459 484 499 538 540 577 585 609 635 640 
15 49 52 142 155 187 201 237 402 443 459 485 499 577 584 610 635 640 
15 49 51 142 155 187 201 237 402 443 459 485 499 577 584 610 635 640 
14 142 154 187 200 237 402 444 459 485 499 578 584 610 635 640 
14 142 154 187 200 237 402 444 460 486 499 578 584 610 634 640 
13 142 153 187 199 236 403 445 460 487 498 578 583 611 634 640 
13 142 153 187 199 236 403 446 460 487 498 579 583 611 634 640 
12 142 152 187 198 236 403 447 460 487 498 579 582 611 633 640 
12 142 152 187 198 236 403 447 460 488 498 580 582 612 633 640 
12 142 152 187 197 235 403 448 460 488 498 612 633 640 
11 142 151 187 197 235 403 449 460 489 498 612 632 640 
11 142 151 187 196 235 403 449 460 489 498 613 632 640 
10 142 150 187 196 235 403 450 460 490 498 613 632 640 
10 142 150 187 195 235 374 375 403 451 460 490 498 613 631 640 
10 142 150 187 194 235 373 375 403 451 461 490 498 613 631 640 
9 143 149 187 194 235 373 375 403 452 461 491 497 613 631 640 
9 143 148 187 193 234 263 264 373 376 403 453 461 492 497 614 630 640 
8 143 148 187 193 232 262 265 373 376 404 453 461 492 497 614 630 640 
8 143 148 187 192 230 262 265 373 376 406 454 461 493 497 614 630 640 
8 143 147 187 192 228 262 266 373 377 408 455 461 493 497 614 629 640 
7 143 147 187 191 227 261 266 372 377 409 455 461 494 496 615 629 640 
7 143 146 187 190 226 261 267 372 377 411 456 461 495 496 615 629 640 
6 144 145 187 190 224 261 267 372 377 412 457 461 615 629 640 
6 187 189 223 260 267 372 378 414 457 461 615 628 640 
6 221 260 267 372 378 415 458 461 616 628 640 
5 219 259 268 372 378 417 460 461 616 627 640 
5 218 259 268 372 379 418 616 627 640 
5 217 258 268 372 379 419 617 627 640 
4 215 258 268 372 379 421 617 627 640 
4 214 257 268 372 379 422 617 626 640 
3 213 257 268 372 380 424 617 626 640 
2 212 256 268 371 380 425 520 522 618 626 640 
1 210 255 268 371 381 427 520 523 618 625 640 
0 209 255 268 371 381 428 520 524 618 625 640 
0 208 254 268 372 382 430 520 525 618 625 640 
0 207 253 267 372 382 431 520 526 618 624 640 
0 205 253 267 372 383 432 510 513 520 527 619 624 640 
0 204 252 267 372 384 433 511 515 519 528 619 624 640 
0 203 251 267 372 385 435 509 516 519 528 620 623 640 
0 202 250 267 372 386 436 509 517 519 528 640 
0 200 249 267 372 386 438 486 491 510 518 519 528 640 
0 199 248 267 372 387 439 473 495 510 527 640 
0 198 247 267 372 388 441 466 498 511 527 640 
0 196 246 267 372 389 442 463 499 511 527 640 
0 195 245 267 373 391 443 460 500 511 527 640 
0 194 243 267 373 392 444 457 501 512 527 640 
0 193 242 266 373 394 446 455 501 512 526 640 
0 191 241 267 373 395 447 453 502 511 526 640 
0 190 239 267 373 397 449 451 502 511 525 640 
0 189 238 266 374 398 504 510 525 640 
0 188 236 266 374 400 487 494 506 510 524 640 
0 186 235 266 374 402 485 496 507 509 524 640 
0 185 233 266 374 404 485 497 523 640 
0 184 232 266 374 406 485 498 522 640 
0 183 230 265 375 407 486 499 522 640 
0 181 228 265 375 409 489 495 521 640 
0 180 227 265 375 411 521 640 
0 179 225 266 372 373 375 413 520 640 
0 178 224 267 374 414 520 640 
0 176 223 267 373 416 519 640 
0 175 221 267 373 418 517 640 
0 149 151 174 219 266 372 420 516 640 
0 140 158 173 218 266 373 422 515 640 
0 134 162 171 216 266 373 424 513 640 
0 131 164 170 214 266 373 425 512 640 
0 130 166 168 213 266 373 427 511 640 
0 128 211 266 374 429 509 640 
0 128 210 265 375 431 508 640 
0 127 208 265 375 433 506 640 
0 127 207 264 376 435 504 640 
0 127 205 264 376 437 503 640 
0 128 136 139 203 263 377 439 502 640 
0 129 133 140 202 263 377 442 500 640 
0 139 200 263 378 445 499 640 
0 139 199 262 378 448 498 640 
0 139 197 262 379 471 496 640 
0 138 195 261 379 479 495 640 
0 137 194 261 380 640 
0 136 192 260 380 640 
0 135 190 260 380 640 
0 132 189 259 381 640 
0 129 187 259 381 640 
0 127 185 258 382 640 
0 123 184 258 382 640 
0 120 182 258 383 640 
0 84 87 117 180 257 383 640 
0 83 91 113 178 257 384 640 
0 82 99 109 175 256 384 640 
0 83 172 256 385 640 
0 83 169 255 385 640 
0 85 165 255 386 640 
0 86 162 254 386 640 
0 88 159 254 386 640 
0 89 156 254 387 640 
0 91 154 253 387 640 
0 93 152 253 387 640 
0 95 149 253 388 640 
0 98 146 252 388 640 
0 101 144 252 388 640 
0 104 142 252 389 640 
0 107 139 251 389 640 
0 110 136 251 390 640 
0 116 133 250 390 640 
0 128 129 250 390 640 
0 250 391 640 
0 249 391 640 
0 249 391 640 
0 249 392 640 
0 249 392 640 
0 248 392 640 
0 248 392 640 
0 248 393 640 
0 247 393 640 
0 247 393 640 
0 247 394 640 
0 246 394 640 
0 246 394 640 
0 246 395 640 
0 245 395 640 
0 245 395 640 
0 245 395 640 
0 245 396 640 
0 244 396 640 
0 244 396 640 
0 244 396 640 
0 244 397 640 
0 243 397 640 
0 243 397 640 
0 243 397 640 
0 243 398 640 
0 243 398 640 
0 242 398 640 
0 242 398 640 
0 242 399 640 
0 241 399 640 
0 241 399 640 
0 241 400 640 
0 240 400 640 
0 240 400 640 
0 240 400 640 
0 239 401 640 
0 239 401 640 
0 239 401 640 
0 238 402 640 
0 238 402 640 
0 238 402 640 
0 238 403 640 
0 237 403 640 
0 237 403 640 
0 237 404 640 
0 236 404 640 
0 236 405 640 
0 235 405 640 
0 235 405 640 
0 235 405 640 
