0 640 
0 640 
0 640 
0 640 
0 640 
0 640 
0 640 
0 640 
0 640 
0 640 
0 640 
0 640 
0 640 
0 640 
0 640 
0 640 
0 640 
0 640 
0 640 
0 640 
0 640 
0 390 403 640 
0 382 414 640 
0 378 420 640 
0 374 426 640 
0 372 431 640 
0 370 434 640 
0 367 437 449 450 640 
0 364 440 444 451 640 
0 362 452 640 
0 360 453 640 
0 358 454 640 
0 356 455 640 
0 355 456 640 
0 353 456 640 
0 351 457 640 
0 350 458 640 
0 348 459 640 
0 346 460 640 
0 345 461 640 
0 343 462 640 
0 342 464 640 
0 340 465 640 
0 339 466 640 
0 338 467 640 
0 336 468 640 
0 335 469 640 
0 334 470 640 
0 333 471 640 
0 332 472 640 
0 331 473 640 
0 330 474 640 
0 329 474 640 
0 328 475 640 
0 327 476 640 
0 326 477 640 
0 326 478 640 
0 325 478 640 
0 324 479 640 
0 324 480 640 
0 323 481 640 
0 322 481 640 
0 322 482 640 
0 321 482 640 
0 320 483 640 
0 320 484 640 
0 320 484 640 
0 319 485 640 
0 319 485 640 
0 318 486 640 
0 317 486 640 
0 313 487 640 
0 310 487 640 
0 308 487 640 
0 307 488 640 
0 307 488 640 
0 306 488 640 
0 306 489 640 
0 306 489 640 
0 306 489 640 
0 306 490 640 
0 306 490 640 
0 305 490 640 
0 306 490 640 
0 306 490 640 
0 306 491 640 
0 306 491 640 
0 307 491 640 
0 307 491 640 
0 307 491 640 
0 307 491 640 
0 307 491 640 
0 307 491 640 
0 308 491 640 
0 308 491 640 
0 308 491 640 
0 308 491 640 
0 309 491 640 
0 309 490 640 
0 309 490 640 
0 309 490 640 
0 310 490 640 
0 310 490 640 
0 310 490 640 
0 310 490 640 
0 310 489 640 
0 310 489 640 
0 310 489 640 
0 308 489 640 
0 307 488 640 
0 306 488 640 
0 305 488 640 
0 304 487 640 
0 303 487 640 
0 303 487 640 
0 302 487 640 
0 301 486 640 
0 300 486 640 
0 299 486 640 
0 297 486 640 
0 296 486 640 
0 295 486 640 
0 294 486 640 
0 292 486 640 
0 291 486 640 
0 290 487 640 
0 289 487 640 
0 288 488 640 
0 287 488 640 
0 286 489 640 
0 285 490 640 
0 284 490 640 
0 283 491 640 
0 281 491 640 
0 280 492 640 
0 279 493 640 
0 277 494 640 
0 272 494 640 
0 270 495 640 
0 271 496 640 
0 271 497 640 
0 272 497 640 
0 272 498 640 
0 272 499 640 
0 273 500 640 
0 274 302 304 308 309 501 640 
0 277 301 304 307 309 501 640 
0 277 299 304 307 310 502 640 
0 278 298 304 306 310 503 640 
0 279 296 304 306 310 505 640 
0 281 294 303 305 310 506 640 
0 282 293 303 305 310 508 640 
0 284 291 303 304 310 510 640 
0 286 288 310 512 640 
0 311 514 640 
0 311 514 640 
0 311 514 640 
0 311 514 640 
0 312 488 494 514 640 
0 312 488 497 514 640 
0 312 489 504 514 640 
0 314 328 329 489 505 513 640 
0 315 328 331 490 506 512 640 
0 316 329 332 491 507 512 640 
0 316 318 319 331 332 491 507 511 640 
0 320 326 327 331 335 492 509 510 640 
0 321 326 328 331 336 488 490 493 640 
0 322 326 329 331 337 488 640 
0 322 327 330 333 339 488 640 
0 324 327 331 334 340 489 640 
0 333 335 342 489 640 
0 334 335 342 490 640 
0 343 490 640 
0 344 490 640 
0 345 491 640 
0 346 478 482 491 640 
0 346 479 487 492 640 
0 345 480 488 492 640 
0 345 481 490 493 640 
0 345 481 491 493 640 
0 344 482 640 
0 343 483 640 
0 148 153 343 470 471 483 640 
0 145 155 342 470 473 484 640 
0 142 156 341 471 474 483 640 
0 139 157 341 471 475 483 640 
0 137 158 340 471 476 481 640 
0 135 159 340 470 477 481 640 
0 133 160 340 470 479 481 640 
0 131 161 342 471 480 482 640 
0 129 162 344 471 640 
0 127 163 349 471 640 
0 125 164 350 471 640 
0 123 165 351 459 460 471 640 
0 121 166 352 460 462 472 640 
0 119 167 352 432 433 460 463 472 640 
0 117 168 353 432 434 458 459 460 463 472 640 
0 115 169 353 432 434 458 465 472 640 
0 113 170 353 432 434 457 465 472 640 
0 110 171 352 433 434 457 466 473 640 
0 108 172 352 433 435 438 439 457 467 473 640 
0 106 173 352 433 435 438 440 457 468 473 640 
0 104 174 351 433 436 438 441 457 470 473 640 
0 101 145 147 175 351 356 359 428 429 433 436 438 442 448 449 454 455 458 471 473 640 
0 99 142 149 177 350 356 360 428 430 433 436 438 443 448 449 455 457 458 472 473 640 
0 96 141 150 178 350 355 361 428 431 433 437 438 444 448 450 455 640 
0 94 139 151 179 350 354 361 428 431 433 437 438 444 449 451 455 640 
0 91 137 152 180 349 353 361 428 432 433 445 449 452 455 640 
0 88 135 152 181 349 352 361 428 446 450 453 455 640 
0 86 134 153 182 348 351 361 364 366 428 447 450 453 456 640 
0 83 132 155 183 348 350 360 363 367 429 449 451 454 456 640 
0 80 130 155 184 348 349 360 362 368 434 455 456 640 
0 77 129 156 186 347 348 359 361 369 381 383 438 455 457 640 
0 74 127 157 187 359 360 370 379 383 438 640 
0 71 125 158 188 370 377 383 438 640 
0 67 123 159 189 370 374 382 437 640 
0 65 122 160 190 370 373 382 437 640 
0 61 120 161 191 370 372 382 437 640 
0 57 120 162 192 370 372 382 385 387 436 640 
0 53 121 163 193 382 384 387 436 640 
0 49 122 164 194 382 383 388 435 640 
0 46 122 165 196 382 383 388 435 640 
0 42 123 166 197 388 435 640 
0 37 123 167 198 389 437 640 
0 32 123 168 199 389 438 640 
0 27 123 169 200 389 441 640 
0 22 123 170 201 388 443 640 
0 18 102 105 123 171 202 387 446 640 
0 11 100 106 123 172 203 385 451 640 
0 4 98 107 125 173 204 383 454 640 
96 108 128 175 205 381 457 640 
94 108 129 176 206 379 459 640 
91 107 130 177 207 376 461 640 
88 106 131 178 208 374 464 640 
86 105 131 179 209 371 466 640 
83 104 132 179 210 369 468 640 
80 104 133 178 211 367 469 640 
77 103 134 177 212 365 470 640 
74 103 134 177 213 363 471 640 
72 102 135 177 214 361 472 640 
69 102 136 177 215 360 474 640 
65 102 137 177 216 358 474 640 
61 102 137 177 217 357 475 640 
56 102 138 177 218 355 475 640 
52 102 139 177 219 354 475 640 
48 102 140 177 220 353 476 640 
44 101 140 176 220 351 476 640 
7 24 44 101 141 175 221 350 477 640 
0 24 44 101 142 174 222 349 477 640 
0 25 44 101 143 173 223 348 478 638 
0 25 46 101 144 172 202 203 224 347 479 637 
0 26 49 100 144 172 202 205 225 346 479 636 
0 27 50 100 145 172 203 206 226 345 480 635 
0 27 51 100 145 171 204 207 227 344 480 634 
0 27 52 100 145 171 205 208 228 343 481 633 
0 26 53 100 145 171 205 209 229 342 481 631 
0 25 54 100 145 170 206 210 229 341 482 630 
0 25 55 100 145 170 206 211 230 341 482 629 
0 24 56 100 145 170 207 212 231 340 482 628 
0 23 56 100 145 170 208 213 232 339 482 627 
0 23 57 99 145 170 208 214 233 339 483 626 
0 23 58 99 145 170 209 215 234 338 483 625 
0 22 59 99 145 170 210 216 235 338 483 623 
0 22 60 99 145 169 210 217 236 337 483 622 
0 22 61 99 145 169 211 218 237 337 484 620 
0 22 62 99 145 169 212 218 237 336 484 619 
0 22 62 100 145 169 212 219 238 335 484 617 
0 22 63 100 145 169 213 220 239 335 485 616 
0 22 64 101 145 169 213 221 240 334 485 614 638 640 
0 22 65 101 145 169 213 222 241 334 486 612 638 640 
0 22 66 102 145 168 213 223 242 333 486 610 637 640 
0 22 67 102 145 168 213 223 243 333 487 608 636 640 
0 22 67 103 145 168 213 224 244 333 487 606 635 640 
0 21 67 103 145 168 213 225 245 332 488 604 635 640 
0 21 67 104 145 168 213 226 246 332 488 600 636 640 
0 21 67 105 145 167 213 226 247 331 489 597 636 640 
0 21 68 105 145 167 213 227 248 330 489 594 636 640 
0 21 68 106 145 167 213 228 249 330 490 550 551 588 636 640 
0 21 68 106 145 168 213 228 250 330 490 546 560 579 636 640 
0 21 68 107 145 168 213 229 251 329 491 542 636 640 
0 20 68 108 145 168 213 230 252 328 491 538 637 640 
0 20 68 108 145 169 213 231 254 328 492 534 638 640 
0 20 68 109 145 169 213 231 255 328 492 526 639 640 
0 20 68 109 145 170 212 232 256 327 493 512 616 618 
0 20 68 110 145 170 212 233 257 327 610 618 
0 20 68 110 145 170 212 234 258 326 604 617 
0 21 68 111 145 171 212 234 260 326 598 616 
0 21 68 112 145 171 212 235 261 325 594 616 
0 22 68 112 145 172 212 236 263 325 589 616 
0 23 68 113 145 173 212 236 264 325 586 615 
0 23 68 113 145 173 212 236 266 324 582 615 
0 24 69 114 145 173 212 236 267 324 581 615 
0 25 69 114 145 174 212 235 270 323 580 615 
0 25 69 115 145 174 212 235 272 323 579 614 
0 26 69 115 145 175 212 235 274 323 579 614 
0 27 69 116 145 175 212 235 277 323 562 564 578 614 
0 27 69 116 145 176 212 235 279 322 552 565 578 613 
0 28 69 117 145 176 212 235 282 322 495 497 542 565 580 613 
0 29 69 118 145 177 212 236 286 322 494 498 513 564 582 613 
0 29 69 118 145 177 212 236 291 322 493 498 514 562 583 613 
0 30 69 119 145 178 212 235 298 322 492 498 514 561 584 612 
0 31 69 119 145 178 212 234 303 321 490 498 514 560 585 612 
0 32 69 120 145 179 212 233 488 498 514 560 586 612 
0 32 69 120 145 179 212 232 487 499 515 559 586 611 
0 33 69 121 145 179 212 231 487 499 515 559 587 611 
0 34 69 122 145 180 212 230 259 264 488 498 517 559 587 610 
0 34 70 122 145 180 211 229 259 269 488 497 518 558 588 610 
0 35 70 123 145 181 211 229 260 274 489 495 519 558 588 610 
0 36 70 123 145 181 211 228 260 278 489 495 520 558 589 610 
0 37 70 123 145 182 211 228 261 280 490 494 520 557 590 610 
0 37 70 124 145 182 211 228 261 284 491 494 521 557 590 610 
0 38 70 125 145 183 211 228 262 288 491 493 521 557 591 611 
0 39 70 125 145 183 211 227 262 291 522 557 591 611 
0 39 70 126 145 184 211 227 263 293 522 556 592 612 
0 40 70 126 145 184 211 227 263 294 523 556 592 612 
0 41 70 127 145 185 211 227 264 293 523 555 593 612 
0 41 70 128 145 185 211 227 264 294 524 555 593 613 
0 42 70 128 145 186 211 226 265 294 524 555 594 613 
0 43 70 129 145 186 211 226 265 295 525 555 594 613 
0 43 70 129 145 187 211 226 266 296 309 313 327 329 525 554 595 614 
0 44 70 130 145 187 211 226 267 296 310 316 322 329 489 491 526 554 595 614 
0 45 70 130 145 188 211 225 267 296 312 329 489 491 526 553 596 615 
0 46 70 131 145 188 211 225 268 295 314 328 527 553 596 615 
0 46 70 131 145 189 211 225 268 294 315 327 527 553 596 615 
0 47 70 132 145 189 211 225 269 293 316 326 488 490 528 553 596 616 
0 48 71 133 145 189 211 225 269 292 317 326 487 490 529 553 596 616 
0 48 71 133 145 190 211 224 269 291 318 325 487 489 529 554 595 616 
0 49 71 134 145 190 211 224 269 291 318 324 530 554 595 617 
0 50 71 134 145 191 211 224 269 290 319 323 530 554 595 617 
0 51 71 135 145 191 211 224 269 290 319 322 530 555 595 617 
0 51 71 135 145 192 210 224 269 289 530 555 595 618 
0 52 71 136 145 193 210 223 269 289 320 322 530 555 595 618 
0 53 71 136 145 193 210 224 269 289 321 324 325 329 530 556 594 618 
0 54 71 137 145 193 210 224 268 289 321 332 530 556 594 619 
0 54 71 138 145 194 210 224 268 288 322 332 488 489 530 557 594 619 
0 55 71 138 145 194 210 225 268 288 323 332 488 489 530 557 594 619 
0 56 71 139 145 195 210 225 268 288 323 332 488 490 529 557 594 620 
0 56 71 140 145 195 210 225 268 288 324 332 488 490 529 558 594 620 
0 57 71 140 145 196 210 226 268 287 324 331 488 490 529 558 594 620 
0 58 71 141 144 196 210 226 268 287 325 331 488 491 529 558 593 621 
0 58 71 143 144 196 210 227 268 287 325 331 489 491 529 559 593 621 
0 59 71 197 210 227 268 287 326 331 489 492 529 559 593 622 
0 60 71 197 210 228 268 286 327 331 489 492 528 559 593 622 
0 60 72 198 210 228 268 286 327 331 489 492 528 560 593 623 
0 61 72 198 210 228 268 286 328 330 489 493 528 560 592 623 
0 62 72 199 210 229 268 286 328 330 489 493 528 561 592 623 
0 63 72 199 210 229 268 285 328 330 490 494 528 561 592 624 
0 63 72 200 210 230 267 285 328 330 490 494 528 561 592 624 
0 64 72 200 210 230 267 285 328 330 490 494 528 562 592 624 
0 64 72 201 210 230 267 284 328 330 490 495 528 562 592 624 
0 65 72 201 210 231 267 284 329 330 490 495 527 562 592 625 
0 66 72 202 210 231 267 284 490 495 527 563 591 625 
0 67 71 202 210 232 267 284 490 496 527 563 591 625 
0 68 71 203 210 232 267 284 490 496 527 563 591 626 
0 203 209 233 267 284 490 497 527 564 591 626 
0 204 209 233 267 284 328 329 490 497 527 564 591 627 
0 205 209 233 267 284 328 329 490 497 527 564 591 627 
0 205 208 234 267 285 327 329 490 498 526 565 591 628 
0 206 208 234 267 285 327 329 490 498 526 565 590 628 
0 234 267 286 327 329 490 498 526 565 590 628 
0 235 267 286 327 329 491 499 526 566 590 629 
0 235 266 287 328 329 491 499 526 566 590 629 
0 236 266 287 491 499 526 567 590 629 
0 236 266 287 491 500 526 567 590 629 
0 237 266 288 491 500 526 567 590 630 
0 237 266 288 491 501 525 568 589 630 
0 237 266 289 327 328 491 501 525 568 589 630 
0 238 266 289 327 328 491 501 525 568 589 631 
0 238 266 289 327 328 491 502 525 569 589 631 
0 238 266 289 327 329 491 502 525 569 589 632 
0 239 266 290 327 328 491 503 525 570 589 632 
0 239 266 290 327 328 491 503 525 570 588 632 
0 240 266 291 327 328 491 503 525 570 588 633 
0 240 266 291 327 328 491 504 525 571 588 633 
0 241 265 292 492 504 525 571 588 634 
0 241 265 292 492 504 524 571 588 634 
0 241 265 292 492 505 524 572 588 634 
0 242 265 293 326 327 492 505 524 572 587 634 
0 242 265 293 326 327 492 505 524 573 587 635 
0 243 265 293 326 327 492 506 524 573 587 635 
0 243 265 294 326 328 492 506 524 573 587 636 
0 244 265 294 326 328 492 507 523 574 587 636 
0 244 265 294 326 328 492 507 523 574 587 637 
0 244 264 295 326 328 492 507 523 574 587 638 
0 245 264 295 326 328 492 508 523 574 586 640 
0 245 264 296 326 327 492 508 523 575 586 640 
0 245 264 296 325 327 492 508 523 575 586 640 
0 246 264 296 325 327 492 509 523 576 586 640 
0 246 264 297 325 326 492 509 523 576 586 640 
0 247 264 297 325 327 493 509 522 576 586 640 
0 247 264 298 325 327 493 510 522 577 585 640 
0 248 264 298 325 327 493 510 522 577 585 640 
0 248 264 298 325 327 493 511 522 578 585 640 
0 248 263 299 325 327 493 511 522 578 585 640 
0 249 263 299 325 327 493 512 522 578 585 640 
0 249 263 299 325 326 493 512 522 579 585 640 
0 249 263 300 325 326 493 512 522 579 584 640 
0 250 263 300 324 326 493 513 521 580 584 640 
0 250 263 300 324 326 494 513 521 580 584 640 
0 251 263 301 324 326 494 513 521 581 583 640 
0 251 263 301 324 326 494 514 521 640 
0 252 263 302 323 326 494 514 521 640 
0 252 263 302 323 325 494 514 521 640 
0 253 263 302 323 325 494 515 521 640 
0 253 263 303 323 325 495 515 520 640 
0 253 262 303 323 325 495 516 520 640 
0 254 262 304 323 325 495 517 520 640 
0 254 262 304 323 325 495 517 519 640 
0 254 262 304 323 325 495 640 
0 255 262 305 323 325 495 640 
0 255 262 305 323 325 496 640 
0 256 262 305 323 325 496 640 
0 256 262 306 322 325 496 640 
0 257 262 306 322 325 496 640 
0 257 261 307 322 325 496 640 
0 258 261 307 322 324 496 640 
0 259 261 307 322 324 496 640 
0 308 322 324 496 640 
0 308 322 324 496 640 
0 308 322 324 496 640 
0 309 322 324 497 640 
0 309 322 324 497 640 
0 309 322 323 497 640 
0 310 497 640 
0 310 497 640 
0 311 497 640 
0 311 497 640 
0 312 497 640 
0 312 497 640 
0 312 497 640 
0 313 497 640 
0 313 497 640 
0 313 497 640 
0 314 497 640 
0 314 497 640 
0 314 497 640 
0 315 497 640 
0 315 497 640 
0 316 496 640 
0 317 496 640 
0 317 496 640 
0 317 496 640 
0 317 496 640 
0 317 496 640 
0 317 496 640 
0 317 496 640 
0 316 496 640 
0 316 496 640 
0 316 496 640 
0 316 496 640 
0 315 496 640 
0 315 496 640 
0 315 496 640 
0 315 496 640 
0 315 496 640 
0 315 496 640 
0 314 496 640 
0 314 496 640 
0 314 496 640 
0 314 496 640 
0 314 496 640 
0 314 496 640 
0 314 496 640 
0 313 495 640 
0 313 495 640 
0 313 495 640 
0 313 495 640 
0 313 495 640 
0 313 495 640 
0 313 495 640 
0 312 495 640 
0 312 495 640 
0 312 495 640 
0 312 495 640 
0 312 495 640 
0 312 495 640 
0 312 495 640 
0 312 495 640 
0 312 495 640 
0 312 495 640 
