0 640 
0 640 
0 640 
0 640 
0 640 
0 640 
0 640 
0 640 
0 640 
0 640 
0 640 
0 640 
0 640 
0 640 
0 640 
0 640 
0 640 
0 259 260 264 266 640 
0 253 271 640 
0 248 250 251 274 640 
0 245 276 640 
0 242 278 640 
0 240 280 640 
0 237 281 640 
0 235 283 640 
0 232 285 640 
0 230 286 640 
0 228 288 640 
0 226 289 640 
0 224 291 640 
0 222 292 347 361 640 
0 220 293 344 363 640 
0 219 295 340 365 640 
0 217 296 338 366 640 
0 215 298 334 366 640 
0 215 299 330 367 640 
0 215 301 327 367 640 
0 214 302 324 367 640 
0 208 304 320 367 640 
0 206 305 318 367 640 
0 205 307 316 366 640 
0 203 308 313 366 640 
0 202 309 311 365 640 
0 200 365 640 
0 199 365 640 
0 198 364 640 
0 196 363 640 
0 195 363 640 
0 194 362 640 
0 192 361 640 
0 191 361 640 
0 189 360 640 
0 188 359 640 
0 187 358 640 
0 186 358 640 
0 186 357 640 
0 184 356 640 
0 183 355 640 
0 182 354 640 
0 182 353 640 
0 181 352 640 
0 180 351 640 
0 179 350 640 
0 178 349 640 
0 178 348 640 
0 177 347 640 
0 176 346 640 
0 175 345 640 
0 175 344 640 
0 174 343 640 
0 174 342 640 
0 173 340 640 
0 173 339 640 
0 173 338 640 
0 173 337 640 
0 172 336 640 
0 172 335 640 
0 172 335 640 
0 172 336 640 
0 171 337 640 
0 171 338 640 
0 171 339 640 
0 171 340 640 
0 171 341 640 
0 171 342 640 
0 171 343 640 
0 171 343 640 
0 171 344 640 
0 172 345 640 
0 172 346 640 
0 172 347 640 
0 172 348 640 
0 172 349 640 
0 172 350 640 
0 172 351 640 
0 172 352 640 
0 172 353 640 
0 172 354 640 
0 173 355 640 
0 173 356 640 
0 173 357 640 
0 173 358 640 
0 173 359 640 
0 173 358 359 360 640 
0 173 357 359 361 640 
0 173 352 355 358 640 
0 173 352 357 359 640 
0 173 353 640 
0 173 353 640 
0 173 353 640 
0 173 354 640 
0 173 354 640 
0 173 355 640 
0 173 355 640 
0 174 355 640 
0 174 356 640 
0 174 356 640 
0 174 356 640 
0 174 356 640 
0 174 351 352 356 640 
0 174 351 353 356 640 
0 174 351 353 356 640 
0 174 351 353 356 640 
0 174 351 354 356 640 
0 174 351 354 356 640 
0 174 350 354 356 640 
0 173 346 347 350 355 356 640 
0 172 346 348 349 640 
0 171 345 348 349 640 
0 170 345 348 349 640 
0 169 345 347 349 640 
0 167 345 347 348 640 
0 166 344 347 348 640 
0 166 344 347 348 640 
0 164 343 640 
0 163 343 640 
0 162 342 640 
0 161 341 640 
0 160 341 640 
0 160 340 640 
0 159 339 640 
0 158 338 640 
0 157 337 640 
0 156 337 640 
0 155 337 640 
0 154 337 640 
0 154 338 640 
0 153 338 640 
0 152 339 640 
0 152 339 640 
0 151 340 640 
0 150 341 640 
0 150 343 640 
0 149 345 640 
0 148 347 640 
0 148 348 640 
0 147 349 640 
0 147 350 640 
0 146 350 640 
0 145 349 640 
0 145 349 640 
0 144 348 640 
0 144 347 640 
0 144 346 640 
0 144 345 640 
0 144 344 640 
0 145 343 640 
0 145 173 175 342 640 
0 151 169 176 341 640 
0 151 166 176 341 640 
0 152 160 176 341 640 
0 176 341 640 
0 177 341 640 
0 177 341 640 
0 177 342 640 
0 177 342 640 
0 177 342 640 
0 177 342 640 
0 177 341 640 
0 177 340 640 
0 177 339 640 
0 177 337 640 
0 177 337 640 
0 172 337 640 
0 170 176 177 337 640 
0 168 176 177 337 640 
0 167 176 177 337 640 
0 166 176 177 337 640 
0 164 176 177 336 640 
0 163 176 177 335 640 
0 162 334 640 
0 161 334 640 
0 48 57 160 333 640 
0 28 85 159 333 640 
0 15 98 159 332 640 
0 5 110 158 332 640 
0 2 116 158 332 640 
124 158 331 640 
132 157 331 640 
139 157 331 640 
146 157 331 640 
150 156 330 640 
153 154 330 640 
329 640 
329 640 
328 640 
327 640 
326 640 
325 640 
325 640 
325 640 
325 640 
325 640 
324 640 
324 640 
324 640 
324 640 
324 640 
323 640 
323 640 
323 640 
323 640 
323 640 
323 640 
322 640 
322 640 
322 640 
35 62 322 640 
24 81 321 640 
13 88 321 640 
5 100 320 640 
0 110 320 640 
0 118 319 640 
0 125 318 640 
0 129 317 640 
0 136 316 640 
0 142 315 640 
0 147 313 640 
0 152 310 640 
0 156 308 640 
0 161 303 640 
0 164 304 640 
0 165 305 640 
0 166 306 640 
0 167 307 640 
0 167 308 640 
0 168 308 640 
0 170 309 640 
0 170 310 640 
0 171 311 640 
0 173 312 640 
0 173 313 640 
0 175 315 640 
0 175 317 640 
0 177 319 640 
0 178 322 640 
0 179 324 640 
0 181 326 640 
0 182 329 640 
0 183 331 640 
0 185 333 640 
0 187 335 640 
0 189 337 640 
0 191 340 640 
0 192 342 640 
0 195 344 640 
0 197 346 640 
0 200 349 640 
0 204 351 640 
0 207 353 640 
0 216 355 640 
0 216 358 640 
0 216 359 640 
0 215 361 375 381 640 
0 215 364 374 384 640 
0 215 366 373 385 640 
0 215 368 372 387 640 
0 215 370 371 388 640 
0 215 390 640 
0 215 391 640 
0 214 393 640 
0 214 394 640 
0 214 397 640 
0 214 400 640 
0 214 402 640 
0 214 403 640 
0 214 404 640 
0 214 405 640 
0 214 407 640 
0 214 408 640 
0 214 410 640 
0 214 414 640 
0 214 417 640 
0 214 419 640 
0 214 421 640 
0 214 422 640 
0 214 424 640 
0 214 425 640 
0 214 428 640 
0 214 431 640 
0 214 433 640 
0 214 434 640 
0 214 435 640 
0 214 436 640 
0 215 436 640 
0 215 437 640 
0 215 437 640 
0 215 222 223 348 349 437 640 
0 215 222 224 348 350 437 640 
0 215 217 218 222 224 349 351 436 640 
0 215 217 219 222 225 354 356 436 640 
0 215 217 219 222 225 354 356 436 640 
0 215 217 219 222 225 436 640 
0 215 217 219 222 225 352 353 437 640 
0 215 217 219 222 226 352 354 439 640 
0 215 216 219 222 226 353 355 441 640 
0 220 221 226 353 356 442 640 
0 220 221 227 353 356 444 640 
0 220 221 227 354 357 446 640 
0 220 221 227 354 358 447 640 
0 220 221 227 355 358 449 640 
0 227 355 358 450 640 
0 227 356 358 452 640 
0 227 356 359 454 640 
0 227 357 359 455 640 
0 227 357 359 457 640 
0 226 357 359 458 640 
0 226 357 360 460 640 
0 226 358 360 461 640 
0 226 358 360 463 640 
0 226 359 360 464 640 
0 226 360 361 466 640 
0 225 360 361 468 640 
0 225 469 640 
0 225 471 640 
0 225 472 640 
0 225 473 640 
0 225 475 640 
0 225 476 640 
0 225 478 640 
0 225 479 640 
0 225 480 640 
0 224 482 640 
0 224 483 640 
0 224 485 640 
0 224 486 640 
0 224 488 640 
0 224 425 427 489 640 
0 224 425 428 490 640 
0 224 424 430 492 640 
0 224 424 432 493 640 
0 224 423 433 494 640 
0 224 423 435 496 506 507 640 
0 224 422 437 497 502 513 640 
0 224 422 438 499 500 514 640 
0 224 421 440 515 640 
0 225 420 441 516 640 
0 226 420 443 516 640 
0 226 419 445 516 640 
0 227 418 446 517 640 
0 228 418 448 518 640 
0 227 417 449 524 640 
0 226 417 451 527 640 
0 225 417 453 528 640 
0 226 418 454 529 640 
0 226 419 455 530 640 
0 227 420 457 530 640 
0 227 422 458 530 640 
0 228 423 460 530 640 
0 228 424 461 531 640 
0 229 425 463 531 640 
0 229 426 464 531 640 
0 230 427 466 534 640 
0 231 428 467 537 640 
0 231 429 469 539 640 
0 232 430 470 540 640 
0 234 431 472 541 640 
0 235 431 473 541 640 
0 237 432 475 541 640 
0 238 432 475 542 640 
0 238 432 477 542 640 
0 238 431 476 541 640 
0 238 430 475 541 640 
0 239 429 475 542 640 
0 239 428 474 543 640 
0 239 428 474 544 640 
0 239 427 473 545 640 
0 239 426 472 545 640 
0 239 425 472 546 640 
0 240 425 471 546 640 
0 240 423 471 546 640 
0 240 423 470 546 640 
0 240 422 470 546 640 
0 240 421 469 546 640 
0 241 420 463 546 640 
0 241 418 456 547 640 
0 241 417 451 548 640 
0 241 417 445 549 640 
0 242 550 640 
0 242 551 640 
0 242 552 640 
0 242 553 640 
0 242 554 640 
0 242 555 640 
0 243 556 640 
0 243 557 640 
0 243 558 640 
0 243 559 640 
0 243 560 640 
0 243 561 640 
0 243 562 640 
0 243 563 640 
0 244 564 640 
0 244 564 640 
0 244 565 640 
0 244 566 640 
0 244 567 640 
0 244 568 640 
0 244 521 523 569 640 
0 244 521 524 570 640 
0 244 520 525 571 640 
0 245 519 527 572 640 
0 245 518 528 573 640 
0 245 517 529 574 640 
0 245 516 530 575 640 
0 245 515 531 576 640 
0 245 514 532 576 640 
0 245 513 533 577 640 
0 245 512 534 578 640 
0 245 511 535 579 640 
0 245 510 537 580 640 
0 245 508 538 581 640 
0 246 507 538 582 640 
0 246 505 539 582 640 
0 246 504 540 583 640 
0 246 503 541 584 640 
0 246 503 542 585 640 
0 246 503 543 586 640 
0 246 502 544 587 640 
0 246 502 545 587 640 
0 247 502 546 588 640 
0 247 502 547 589 640 
0 247 502 548 590 640 
0 247 502 549 591 640 
0 247 502 550 592 640 
0 247 367 371 501 551 592 640 
0 247 366 382 501 552 593 640 
0 247 365 400 501 552 594 640 
0 247 364 413 501 553 595 640 
0 247 363 418 501 554 596 640 
0 247 362 426 501 555 597 640 
0 247 362 432 500 556 597 640 
0 248 361 437 500 557 598 640 
0 248 360 441 500 558 599 640 
0 248 359 443 499 559 600 640 
0 248 359 447 499 560 601 640 
0 248 358 449 499 561 601 640 
0 248 357 453 498 562 602 640 
0 248 356 455 498 563 602 640 
0 248 356 458 498 563 603 640 
0 248 355 460 497 564 604 640 
0 248 354 463 497 565 605 640 
0 248 353 466 496 566 606 640 
0 248 353 469 495 567 606 640 
0 248 352 471 495 568 607 640 
0 248 352 474 494 568 608 640 
0 248 352 478 493 569 609 640 
0 248 352 482 491 570 609 640 
0 248 352 571 610 640 
0 248 352 572 611 640 
0 248 352 573 612 640 
0 248 352 574 612 640 
0 247 352 574 613 640 
0 247 352 575 614 640 
0 247 352 576 614 640 
0 247 352 577 615 640 
0 247 352 578 616 640 
0 246 352 579 616 640 
0 246 352 580 617 640 
0 246 352 580 617 640 
