0 10 30 157 468 512 
0 10 30 157 468 512 
0 11 29 156 467 513 
0 12 29 156 467 514 
0 13 28 156 466 515 
0 14 27 155 466 516 
0 15 26 155 465 518 
0 17 25 155 465 518 
0 19 23 154 464 520 
0 154 463 521 
0 154 462 522 
0 153 462 523 
0 153 461 524 
0 153 460 526 
0 152 460 527 
0 152 459 528 
0 152 458 530 
0 155 457 531 
0 157 457 532 
0 160 456 534 
0 162 455 535 
0 165 454 536 
0 166 454 538 
0 168 453 539 
0 170 451 541 
0 172 450 542 
0 174 449 544 
0 175 449 546 
0 176 448 547 
0 178 446 549 
0 180 446 550 
0 181 445 552 
0 182 444 554 
0 184 443 556 
0 185 442 557 
0 186 441 559 
0 188 440 561 
0 189 439 563 
0 190 438 565 
0 191 437 566 
0 193 435 569 
0 194 434 571 
0 195 433 573 
0 195 432 575 
0 196 430 577 
0 197 429 580 
0 198 428 582 
0 198 427 585 
0 198 426 588 
0 199 425 590 
0 199 423 593 
0 199 422 596 
0 199 420 599 
0 198 419 602 
0 198 418 605 
0 198 416 609 
0 198 415 612 
0 197 413 616 
0 196 412 620 
0 195 411 624 
0 193 409 629 
0 192 408 633 
0 191 406 638 
0 189 404 640 
0 188 403 640 
0 186 401 640 
0 184 399 640 
0 183 398 640 
0 182 396 640 
0 180 394 640 
0 179 392 640 
0 177 390 640 
0 176 388 640 
0 174 386 640 
0 173 385 640 
0 172 382 640 
0 173 380 640 
0 174 378 640 
0 174 376 640 
0 176 374 640 
0 177 372 640 
0 177 370 640 
0 178 368 640 
0 179 366 640 
0 179 364 640 
0 180 361 640 
0 181 359 640 
0 181 357 640 
0 182 355 640 
0 183 353 640 
0 184 350 640 
0 185 348 640 
0 185 346 640 
0 186 344 640 
0 186 342 640 
0 187 341 640 
0 188 339 640 
0 188 339 640 
0 189 338 640 
0 190 337 640 
0 190 337 640 
0 191 336 640 
0 191 336 640 
0 192 336 640 
0 193 336 640 
0 194 336 640 
0 194 336 640 
0 195 336 640 
0 195 336 640 
0 196 336 640 
0 197 336 640 
0 197 337 640 
0 198 337 640 
0 199 337 640 
0 199 338 640 
0 200 338 640 
0 200 338 640 
0 201 339 640 
0 202 339 640 
0 202 339 640 
0 203 340 640 
0 204 340 640 
0 204 341 640 
0 205 341 640 
0 205 342 640 
0 206 342 640 
0 206 343 640 
0 206 343 640 
0 207 344 640 
0 207 344 640 
0 208 345 640 
0 208 345 640 
0 209 346 640 
0 209 346 640 
0 209 347 640 
0 209 347 640 
0 209 348 640 
0 209 349 640 
0 208 349 640 
0 208 350 640 
0 208 350 640 
0 207 351 640 
0 207 352 640 
0 206 352 640 
0 205 353 640 
0 204 353 640 
0 202 354 640 
0 201 355 640 
0 198 355 640 
0 195 356 640 
0 192 357 640 
0 188 358 640 
0 185 358 640 
0 182 359 640 
0 178 360 640 
0 174 360 640 
0 170 361 640 
0 167 362 640 
0 162 362 640 
0 158 363 640 
0 157 364 640 
0 157 365 640 
0 157 366 640 
0 158 366 640 
0 158 367 640 
0 158 368 640 
0 159 369 640 
0 159 370 640 
0 159 370 640 
0 159 371 640 
0 159 372 640 
0 160 373 640 
0 160 374 640 
0 160 375 640 
0 160 375 640 
0 160 376 640 
0 161 377 640 
0 161 378 640 
0 161 379 640 
0 161 380 499 501 640 
0 161 381 499 502 640 
0 162 382 499 502 640 
0 3 6 162 383 499 502 640 
0 1 7 162 384 499 502 640 
7 162 385 498 503 639 
8 162 386 498 503 638 
8 162 387 498 503 637 
9 163 388 498 503 636 
10 163 389 498 504 635 
10 163 390 498 504 634 
11 163 392 498 504 632 
11 163 393 498 504 631 
12 164 394 497 505 630 
12 164 395 497 505 629 
13 164 396 497 505 628 
14 164 398 497 506 627 
15 164 399 497 506 625 
15 164 400 497 506 624 
16 164 402 497 506 623 
17 164 403 497 507 621 
18 164 404 497 507 620 
18 165 406 497 507 618 
19 165 407 496 508 617 
20 85 87 165 409 496 508 615 
20 84 88 165 410 496 508 614 
21 83 89 165 412 496 509 612 
22 82 90 165 414 496 509 610 
22 81 92 165 415 496 509 609 
23 80 93 165 417 495 510 607 
24 79 94 165 419 495 510 605 
25 78 96 166 421 495 510 603 
26 77 97 166 423 495 511 601 
26 76 98 166 424 494 511 599 
27 75 99 166 426 494 512 597 
28 75 101 166 429 494 512 594 
28 73 102 166 431 493 513 592 
29 72 104 166 433 493 513 590 
30 71 105 166 435 493 514 587 
30 71 107 166 437 493 515 584 
31 70 109 166 440 492 516 581 
32 68 110 166 443 492 517 578 
33 67 111 166 445 491 518 575 
33 66 113 166 449 490 519 571 
34 65 115 166 452 490 521 567 
35 65 116 165 454 488 523 563 
36 63 118 165 459 487 527 557 
37 62 119 165 464 485 531 549 
37 61 121 165 469 481 540 542 
38 60 122 165 
39 59 124 164 
40 58 126 164 
41 56 128 164 
42 55 130 163 
43 53 131 162 
45 50 133 162 
136 161 
138 160 
140 159 
143 157 
146 155 



















85 88 
83 90 
82 91 
81 92 
80 93 
79 93 
78 94 
78 95 
77 95 
76 96 
76 97 
75 97 
74 98 
73 98 
73 99 
72 99 
71 100 
71 100 459 465 556 563 
70 101 457 470 554 566 
70 101 456 472 553 568 
69 102 455 475 551 569 
68 102 454 478 550 571 
68 103 453 481 549 572 
67 103 453 484 548 574 
67 104 452 486 548 575 
66 104 451 488 547 576 
65 105 451 491 546 578 
65 106 450 494 545 579 
64 106 450 496 545 580 
64 106 450 499 544 581 
63 107 449 501 544 582 
63 108 449 504 543 584 
62 108 449 506 542 585 
61 109 449 509 542 586 
61 109 448 511 541 587 
60 110 448 513 541 587 
60 110 448 515 540 589 
59 111 448 518 539 589 
59 111 447 520 539 590 
58 112 447 522 538 591 
58 112 447 524 538 592 
57 113 447 527 537 593 
57 113 446 528 537 594 
56 114 446 530 536 595 
56 114 446 532 536 595 
55 115 446 533 534 596 
55 115 445 597 
55 116 445 598 
54 116 445 598 634 640 
54 117 445 599 628 640 
53 117 445 600 624 640 
53 118 444 600 619 640 
52 118 444 601 616 640 
52 119 444 602 612 640 
52 119 444 602 609 640 
51 120 444 603 606 640 
51 120 443 640 
51 121 443 640 
50 121 443 640 
50 122 443 640 
50 122 442 640 
50 122 442 640 
49 123 442 640 
49 123 442 640 
49 123 442 640 
48 124 442 640 
48 124 441 640 
48 125 441 640 
48 125 294 305 441 640 
47 125 280 306 441 640 
47 126 267 307 441 640 
47 126 249 307 441 640 
47 126 233 307 441 640 
47 127 222 308 377 419 440 640 
47 127 213 308 367 430 440 640 
47 127 206 308 360 438 440 640 
47 127 200 308 355 640 
47 128 195 308 353 640 
47 128 191 308 350 640 
47 128 187 308 348 640 
47 128 183 307 348 640 
47 129 179 306 346 640 
47 129 176 305 345 640 
47 129 174 304 345 640 
47 129 172 303 344 640 
48 129 169 302 344 640 
48 129 166 301 343 640 
48 130 165 300 343 640 
48 130 162 300 343 640 
48 130 160 299 343 640 
48 130 158 297 342 640 
48 130 156 296 342 640 
0 5 49 130 154 295 342 640 
0 9 49 130 153 294 342 640 
0 13 49 130 151 293 342 640 
0 16 50 129 149 292 342 640 
0 19 50 129 148 291 342 640 
0 22 50 129 146 290 343 640 
0 24 50 129 145 289 343 640 
0 26 51 129 143 289 343 640 
0 28 51 129 142 288 343 640 
0 30 51 129 140 287 344 640 
0 31 52 128 139 286 344 640 
0 33 52 128 137 285 344 640 
0 35 52 128 136 284 345 640 
0 36 53 127 135 283 345 640 
0 37 53 127 134 282 346 640 
0 39 54 127 133 281 346 640 
0 40 54 126 131 281 347 640 
0 41 55 126 130 280 347 640 
0 43 55 126 129 279 348 640 
0 44 56 125 127 278 349 640 
0 45 56 125 126 277 349 640 
0 46 56 276 350 640 
0 47 57 276 351 640 
0 48 57 275 351 640 
0 50 58 274 352 640 
0 51 59 273 353 640 
0 52 59 272 354 640 
0 53 60 271 354 640 
0 54 60 270 355 640 
0 55 61 269 356 640 
0 56 61 268 356 640 
0 57 62 268 357 640 
0 58 62 267 358 640 
0 59 62 266 359 640 
0 60 63 265 360 640 
0 62 63 264 361 640 
0 63 64 263 361 640 
0 262 362 640 
0 261 363 640 
0 260 364 640 
0 259 365 640 
0 259 366 640 
0 258 366 640 
0 256 367 640 
0 256 368 640 
0 255 369 640 
0 254 370 640 
0 253 371 640 
0 252 372 640 
0 251 373 640 
0 250 374 640 
0 248 375 640 
0 247 376 640 
0 246 376 640 
0 245 377 640 
0 245 378 640 
0 243 379 640 
0 242 380 640 
0 241 381 640 
0 240 382 640 
0 239 383 640 
2 237 384 640 
4 236 385 640 
5 235 386 640 
7 233 387 640 
9 232 388 640 
11 231 389 640 
13 229 390 640 
14 228 391 640 
17 226 392 640 
19 225 393 640 
20 223 394 640 
22 221 394 640 
24 220 394 640 
26 218 394 640 
28 216 393 640 
29 214 391 640 
30 211 390 640 
32 210 390 640 
33 208 388 640 
34 206 387 640 
34 203 386 640 
34 200 385 640 
34 197 384 640 
33 193 384 640 
32 190 382 640 
31 186 381 640 
30 181 380 640 
28 178 380 640 
27 170 379 640 
25 167 378 640 
23 167 377 640 
21 170 376 640 
20 173 375 640 
17 176 374 640 
15 178 373 640 
12 180 372 640 
10 182 372 640 
7 183 371 640 
4 185 370 640 
0 187 369 640 
0 188 368 640 
0 190 367 640 
0 191 366 640 
0 192 366 640 
0 193 365 640 
0 194 364 640 
0 195 363 640 
0 196 362 640 
0 197 361 640 
0 199 360 640 
0 37 47 199 360 640 
0 32 49 200 359 640 
0 27 50 201 358 640 
0 24 50 202 358 640 
0 21 50 203 357 640 
0 18 50 203 357 640 
0 15 50 204 356 640 
0 12 50 205 356 640 
0 10 50 206 356 640 
0 7 50 207 355 640 
0 5 50 208 355 640 
0 3 50 208 356 640 
0 1 49 209 356 640 
49 210 356 640 
49 211 356 640 
48 212 356 640 
48 212 357 640 
48 213 357 640 
