223 640 
223 640 
222 640 
220 640 
219 640 
218 640 
217 640 
216 640 
215 640 
214 640 
213 640 
213 640 
212 640 
211 640 
210 640 
210 640 
209 640 
208 640 
207 640 
207 640 
206 640 
205 640 
204 640 
204 640 
203 640 
202 640 
201 640 
201 640 
200 640 
200 640 
199 640 
198 640 
198 640 
197 640 
196 640 
196 640 
195 640 
195 640 
194 640 
194 576 579 640 
193 576 584 640 
193 575 580 581 587 640 
192 575 580 581 587 640 
192 575 590 640 
191 574 593 640 
191 571 595 640 
191 570 597 640 
190 567 599 640 
190 565 600 640 
189 563 603 640 
189 561 570 572 605 640 
189 560 567 569 607 640 
188 558 609 640 
188 556 564 565 613 640 
188 553 616 640 
188 549 558 562 616 640 
187 546 626 640 
187 543 548 549 552 556 624 627 633 640 
187 542 625 628 637 640 
187 540 543 544 547 548 629 630 632 634 
187 539 546 547 
187 538 
186 538 
186 536 
186 535 540 542 
186 534 539 541 
186 533 538 540 
186 532 538 539 
186 531 537 538 
186 530 536 537 
186 529 
186 527 533 534 
186 527 
186 525 
186 524 
186 524 
186 522 
186 521 
186 520 
186 518 
186 517 
186 516 522 523 
186 514 
186 513 519 520 
186 511 517 518 
186 509 515 516 
187 507 513 514 
187 505 
187 503 
187 502 508 509 
187 392 397 496 
188 392 394 395 400 493 495 496 502 503 
188 392 405 492 495 498 
188 392 427 487 490 493 
188 392 393 394 465 467 470 472 483 485 
189 394 
189 390 
190 390 
190 390 
190 390 
191 390 
191 389 
192 389 391 392 
192 388 390 391 
193 388 
193 388 
194 388 390 391 
195 388 
195 387 
196 387 
197 387 389 390 
198 387 389 390 
199 387 388 390 
200 387 388 389 
201 386 388 389 
202 385 388 389 
204 385 
205 385 
207 385 
212 385 
216 385 
217 385 
218 384 
218 384 
218 384 
218 384 
218 383 
219 383 
218 383 
218 383 
218 383 
219 383 
219 382 
218 382 
218 382 
218 382 
218 382 
218 382 
218 299 300 382 
218 298 301 381 
218 296 302 381 
218 295 302 381 
217 294 303 381 382 383 
217 293 303 315 322 380 382 383 
217 291 304 314 323 380 
217 291 304 313 322 380 
217 290 304 312 322 380 381 382 
217 240 244 289 305 310 322 380 381 382 
217 239 245 287 306 309 322 380 
217 238 246 285 322 379 
217 236 247 256 259 283 322 379 
217 235 249 256 262 280 322 379 381 382 
217 234 250 257 265 270 272 276 322 378 380 381 
217 232 251 257 268 270 322 378 380 381 
218 230 251 253 255 258 322 378 380 381 
218 228 256 258 322 378 
218 227 257 259 322 378 
219 224 257 259 321 379 
258 260 321 379 
259 260 321 378 
321 377 
321 377 378 379 
321 376 
321 376 377 378 
321 375 377 378 
321 375 
321 375 
320 374 375 376 
320 377 
320 376 
320 376 
320 376 
320 374 
320 374 
320 374 
320 373 
320 373 
320 372 
319 372 373 374 
319 374 
319 373 
319 373 
319 371 
319 371 
319 370 
319 370 
318 369 
318 369 370 371 
318 371 
318 371 
318 369 
318 368 
318 370 
317 368 369 370 
317 369 
317 369 
316 368 
315 368 
314 366 
313 366 
312 365 
312 365 
311 365 
310 365 
310 366 
309 366 
308 365 
307 364 
307 364 
306 364 
305 364 
305 362 
304 363 
303 363 
302 362 
302 361 
301 360 
300 360 
299 360 
298 359 
298 358 
297 358 
296 358 
296 355 
295 355 
294 354 
293 353 
292 352 
292 351 
291 350 
290 349 
290 347 
289 347 
288 346 
287 345 
286 345 
285 344 
285 343 
284 343 
283 340 
282 339 
282 339 
280 339 
280 338 
279 337 
278 336 
277 335 
277 334 
276 333 
275 332 
274 332 
273 331 
273 330 
272 329 
271 327 
270 327 
269 326 
268 326 
267 325 
267 324 
266 323 
265 322 
264 322 
263 321 
262 320 
261 319 
260 318 
259 318 
258 317 
258 316 
258 315 
258 314 
259 314 
260 313 
261 312 
261 311 
261 310 
260 310 
260 309 
259 309 
258 308 
257 307 
256 306 
255 306 
254 304 
253 304 
252 303 
251 302 
249 302 
248 301 
247 300 
246 299 
245 299 
244 299 
243 283 286 298 
241 282 288 297 
240 280 289 295 
239 279 291 294 
238 278 
237 277 
236 276 
235 275 
234 274 
233 273 
232 272 
231 272 
231 271 
230 270 
229 270 
228 269 
227 268 
227 267 
226 267 
225 266 
224 265 
224 264 
223 263 
222 261 
221 260 
221 259 
220 257 
219 256 
218 254 
218 253 
217 251 
216 250 
216 248 
215 247 
215 245 
214 245 
214 243 
213 243 
213 242 
212 241 
211 241 
211 240 
210 239 
210 239 
210 238 
209 238 
209 238 
208 238 
208 237 
208 237 
207 237 
207 237 
207 237 
207 238 
207 238 
208 238 
208 229 230 238 
208 217 218 228 231 238 
208 217 218 228 231 238 
208 217 218 228 231 238 
208 216 218 227 232 238 
208 216 219 227 233 238 
208 215 219 227 233 238 
208 215 219 226 234 237 
208 214 220 226 
208 213 220 226 
209 213 220 225 
221 224 
222 223 





















































































































