0 640 
0 640 
0 640 
0 640 
0 640 
0 640 
0 640 
0 640 
0 640 
0 640 
0 640 
0 640 
0 640 
0 640 
0 241 259 640 
0 238 262 640 
0 235 264 640 
0 231 266 640 
0 228 267 640 
0 225 269 640 
0 223 271 640 
0 221 272 640 
0 218 274 640 
0 216 276 640 
0 214 277 334 349 640 
0 212 279 330 351 640 
0 210 280 327 353 640 
0 209 282 325 353 640 
0 207 283 322 354 640 
0 206 285 318 355 640 
0 204 286 314 355 640 
0 203 288 312 355 640 
0 202 290 309 355 640 
0 202 291 306 355 640 
0 201 292 303 355 640 
0 199 294 301 354 640 
0 194 295 299 354 640 
0 193 353 640 
0 191 353 640 
0 190 352 640 
0 188 352 640 
0 187 351 640 
0 186 351 640 
0 184 350 640 
0 183 349 640 
0 182 349 640 
0 180 348 640 
0 179 347 640 
0 178 347 640 
0 177 346 640 
0 176 345 640 
0 175 344 640 
0 174 343 640 
0 173 342 640 
0 172 342 640 
0 171 341 640 
0 170 340 640 
0 170 339 640 
0 169 338 640 
0 168 337 640 
0 167 336 640 
0 166 335 640 
0 165 334 640 
0 165 333 640 
0 164 332 640 
0 163 331 640 
0 163 330 640 
0 162 329 640 
0 162 328 640 
0 162 327 640 
0 161 326 640 
0 161 325 640 
0 160 325 640 
0 160 326 640 
0 160 327 640 
0 160 328 640 
0 160 329 640 
0 159 330 640 
0 159 331 640 
0 159 332 640 
0 159 333 640 
0 159 334 640 
0 159 335 640 
0 160 336 640 
0 160 337 640 
0 160 338 640 
0 160 339 640 
0 161 340 640 
0 161 341 640 
0 161 342 640 
0 161 343 640 
0 161 344 640 
0 161 345 640 
0 161 347 640 
0 161 348 640 
0 161 349 640 
0 161 346 349 350 640 
0 161 346 640 
0 161 342 345 348 640 
0 161 342 346 348 640 
0 162 342 640 
0 162 343 640 
0 162 343 640 
0 162 344 640 
0 162 344 640 
0 162 345 640 
0 162 345 640 
0 162 346 640 
0 162 346 640 
0 162 346 640 
0 163 346 640 
0 163 346 640 
0 163 341 343 346 640 
0 163 341 343 346 640 
0 163 341 343 346 640 
0 163 341 344 346 640 
0 163 341 344 346 640 
0 163 341 344 346 640 
0 163 341 345 347 640 
0 163 340 345 347 640 
0 164 336 338 340 640 
0 164 336 338 340 640 
0 164 336 338 340 640 
0 163 336 338 339 640 
0 162 336 338 339 640 
0 161 335 338 339 640 
0 160 334 640 
0 159 334 640 
0 158 333 640 
0 157 333 640 
0 156 332 640 
0 155 332 640 
0 154 331 640 
0 153 330 640 
0 152 330 640 
0 151 329 640 
0 150 328 640 
0 150 328 640 
0 149 328 640 
0 148 328 640 
0 147 329 640 
0 146 330 640 
0 145 330 640 
0 145 331 640 
0 144 332 640 
0 143 333 640 
0 142 335 640 
0 142 337 640 
0 141 339 640 
0 140 340 640 
0 139 342 640 
0 139 342 640 
0 138 341 640 
0 138 341 640 
0 137 340 640 
0 137 340 640 
0 136 339 640 
0 136 338 640 
0 136 337 640 
0 135 336 640 
0 135 335 640 
0 135 334 640 
0 134 334 640 
0 134 334 640 
0 134 334 640 
0 135 334 640 
0 135 334 640 
0 136 140 142 162 167 334 640 
0 142 158 167 334 640 
0 142 155 167 334 640 
0 143 148 168 334 640 
0 168 334 640 
0 168 333 640 
0 168 332 640 
0 168 331 640 
0 28 62 168 330 640 
0 21 72 168 329 640 
0 6 90 168 329 640 
100 168 329 640 
109 168 330 640 
116 168 330 640 
121 168 330 640 
128 168 329 640 
134 163 329 640 
139 160 168 169 328 640 
145 159 167 169 327 640 
150 158 167 169 327 640 
154 156 167 169 326 640 
167 169 326 640 
167 169 325 640 
167 168 325 640 
325 640 
325 640 
324 640 
324 640 
324 640 
323 640 
323 640 
322 640 
322 640 
321 640 
319 640 
317 640 
316 640 
316 640 
316 640 
316 640 
316 640 
316 640 
316 640 
16 66 316 640 
5 79 316 640 
0 90 315 640 
0 98 315 640 
0 103 315 640 
0 110 315 640 
0 117 315 640 
0 123 315 640 
0 128 315 640 
0 133 314 640 
0 138 314 640 
0 143 314 640 
0 147 313 640 
0 149 313 640 
0 150 313 640 
0 150 312 640 
0 150 312 640 
0 151 311 640 
0 151 310 640 
0 151 310 640 
0 151 309 640 
0 152 307 640 
0 152 306 640 
0 152 304 640 
0 152 302 640 
0 153 299 640 
0 153 299 640 
0 153 301 640 
0 154 303 640 
0 154 305 640 
0 155 307 640 
0 156 310 640 
0 157 312 640 
0 157 315 640 
0 158 317 640 
0 158 319 640 
0 159 321 640 
0 160 323 640 
0 161 325 640 
0 162 328 640 
0 163 330 640 
0 165 332 640 
0 166 334 640 
0 167 336 640 
0 168 338 640 
0 169 340 640 
0 170 342 640 
0 172 344 640 
0 173 346 640 
0 174 348 640 
0 176 350 640 
0 178 352 640 
0 180 354 640 
0 181 356 640 
0 183 358 640 
0 186 360 640 
0 188 362 640 
0 191 363 378 382 640 
0 195 365 375 384 640 
0 199 368 374 386 640 
0 208 370 374 387 640 
0 208 371 373 388 640 
0 208 390 640 
0 208 391 640 
0 208 392 640 
0 208 394 640 
0 207 396 640 
0 207 398 640 
0 207 401 640 
0 207 402 640 
0 207 404 640 
0 207 405 640 
0 207 406 640 
0 207 407 640 
0 207 408 640 
0 207 410 640 
0 207 413 640 
0 207 416 640 
0 207 418 640 
0 207 420 640 
0 207 421 640 
0 206 422 640 
0 206 424 640 
0 206 425 640 
0 206 429 640 
0 206 431 640 
0 206 433 640 
0 206 434 640 
0 206 340 342 345 347 435 640 
0 206 208 209 341 343 346 348 436 640 
0 206 207 209 341 343 346 350 436 640 
0 209 342 344 346 352 437 640 
0 209 342 345 347 354 437 640 
0 209 343 345 348 355 436 640 
0 209 344 346 349 356 436 640 
0 209 344 347 349 356 436 640 
0 209 345 347 350 356 436 640 
0 209 211 212 217 218 346 348 351 357 436 640 
0 209 211 213 216 218 346 349 351 357 436 640 
0 209 211 213 216 219 347 349 352 357 437 640 
0 209 211 213 216 219 347 350 352 357 438 640 
0 209 211 214 216 219 348 351 353 357 440 640 
0 209 210 214 216 220 349 352 353 357 441 640 
0 209 210 214 216 220 349 357 443 640 
0 214 216 220 350 358 445 640 
0 214 216 220 350 358 446 640 
0 214 216 220 351 358 448 640 
0 214 216 220 351 358 449 640 
0 215 216 220 352 358 450 640 
0 220 352 358 452 640 
0 220 353 358 453 640 
0 220 353 359 454 640 
0 220 353 359 456 640 
0 220 354 359 457 640 
0 220 354 359 459 640 
0 220 355 359 461 640 
0 219 355 359 462 640 
0 219 356 358 463 640 
0 219 356 358 465 640 
0 219 466 640 
0 219 468 640 
0 219 469 640 
0 219 470 640 
0 219 472 640 
0 219 473 640 
0 219 474 640 
0 219 476 640 
0 218 477 640 
0 218 478 640 
0 218 480 640 
0 218 481 640 
0 218 482 640 
0 218 484 640 
0 218 423 426 485 640 
0 218 422 427 486 640 
0 218 421 429 488 640 
0 218 421 430 489 640 
0 218 420 432 490 640 
0 218 420 433 491 640 
0 218 419 434 493 503 504 640 
0 218 418 436 494 499 507 640 
0 218 418 438 509 640 
0 218 417 439 510 640 
0 218 417 441 510 640 
0 218 416 442 511 640 
0 219 415 444 512 640 
0 220 415 445 512 640 
0 221 415 447 512 640 
0 222 417 448 512 514 519 640 
0 222 418 449 522 640 
0 222 419 451 523 640 
0 221 420 452 524 640 
0 220 421 454 525 640 
0 220 422 455 525 640 
0 221 423 456 525 640 
0 221 424 458 526 640 
0 222 425 459 526 640 
0 222 426 461 526 640 
0 223 427 462 526 640 
0 223 428 463 527 640 
0 224 428 464 533 640 
0 225 429 466 534 640 
0 226 430 467 535 640 
0 227 430 469 536 640 
0 228 429 470 536 640 
0 229 428 471 537 640 
0 230 427 472 537 640 
0 232 427 472 537 640 
0 233 426 472 537 640 
0 234 425 471 537 640 
0 234 424 471 537 640 
0 234 424 470 538 640 
0 235 423 469 539 640 
0 235 422 469 540 640 
0 235 421 468 541 640 
0 235 420 468 541 640 
0 236 419 467 541 640 
0 236 418 466 541 640 
0 236 417 466 541 640 
0 236 416 465 541 640 
0 237 415 464 541 640 
0 237 414 462 541 640 
0 237 413 455 541 640 
0 237 412 448 542 640 
0 237 411 441 542 640 
0 237 410 434 543 640 
0 238 544 640 
0 238 545 640 
0 238 546 640 
0 238 547 640 
0 238 548 640 
0 239 549 640 
0 239 550 640 
0 239 551 640 
0 239 552 640 
0 239 553 640 
0 239 554 640 
0 240 555 640 
0 240 556 640 
0 240 557 640 
0 240 558 640 
0 240 559 640 
0 240 559 640 
0 241 560 640 
0 241 561 640 
0 241 562 640 
0 241 516 518 563 640 
0 241 515 519 564 640 
0 242 514 520 565 640 
0 242 513 522 565 640 
0 242 513 523 566 640 
0 242 512 524 567 640 
0 242 511 525 568 640 
0 242 510 526 569 640 
0 242 509 527 570 640 
0 242 507 528 571 640 
0 242 506 528 571 640 
0 243 505 530 572 640 
0 243 504 530 573 640 
0 243 502 531 574 640 
0 243 501 532 574 640 
0 243 499 533 575 640 
0 243 498 534 576 640 
0 243 498 535 577 640 
0 243 497 536 578 640 
0 243 497 537 579 640 
0 243 497 538 579 640 
0 243 497 539 580 640 
0 244 497 540 581 640 
0 244 496 540 582 640 
0 244 496 541 582 640 
0 244 496 542 583 640 
0 244 496 543 584 640 
0 244 363 367 496 544 585 640 
0 244 362 378 496 545 586 640 
0 244 361 396 496 546 586 640 
0 244 360 408 495 546 587 640 
0 244 360 418 495 547 588 640 
0 244 359 425 495 548 589 640 
0 244 358 429 495 549 589 640 
0 244 357 434 495 550 590 640 
0 245 357 438 494 551 591 640 
0 245 356 442 494 552 592 640 
0 245 355 445 493 553 592 640 
0 245 354 447 493 553 593 640 
0 245 353 450 493 554 594 640 
0 245 353 453 492 555 595 640 
0 245 352 456 492 556 595 640 
0 245 351 459 492 557 596 640 
0 245 351 461 491 558 597 640 
0 245 350 464 490 558 597 640 
0 245 350 466 490 559 598 640 
0 245 349 470 489 560 599 640 
0 245 349 474 488 561 599 640 
0 245 349 477 486 562 600 640 
0 245 349 483 484 563 601 640 
0 245 349 563 602 640 
0 245 350 564 602 640 
0 245 350 565 603 640 
0 244 350 565 603 640 
0 244 350 566 604 640 
0 244 350 567 605 640 
0 244 350 568 605 640 
0 244 350 569 606 640 
0 243 350 569 607 640 
0 243 350 570 608 640 
0 243 350 571 608 640 
0 242 350 572 609 640 
0 242 350 573 610 640 
0 242 350 573 610 640 
