0 171 223 640 
0 171 223 640 
0 171 223 640 
0 171 223 640 
0 171 224 640 
0 171 224 640 
0 171 225 640 
0 172 225 640 
0 172 226 640 
0 172 226 640 
0 172 227 640 
0 172 227 640 
0 171 228 640 
0 171 228 640 
0 171 228 640 
0 171 229 640 
0 171 229 640 
0 171 230 640 
0 170 230 640 
0 170 231 269 271 640 
0 170 234 267 274 640 
0 170 236 267 273 640 
0 170 238 266 273 640 
0 170 244 266 275 640 
0 171 246 265 276 640 
0 171 245 261 280 640 
0 170 243 261 282 640 
0 166 243 263 273 640 
0 158 242 265 272 640 
0 158 243 265 272 640 
0 160 243 266 270 640 
0 160 243 640 
0 160 243 640 
0 161 242 640 
0 166 242 640 
0 169 242 640 
0 172 241 640 
0 175 242 640 
0 175 242 640 
0 175 242 640 
0 175 244 640 
0 176 245 640 
0 176 246 640 
0 176 248 640 
0 176 249 640 
0 176 251 640 
0 176 252 640 
0 177 253 640 
0 177 255 640 
0 177 212 216 256 640 
0 176 212 220 257 640 
0 174 212 222 259 640 
0 150 155 172 213 223 260 640 
0 148 157 170 213 224 261 640 
0 147 160 169 214 223 263 640 
0 146 162 168 217 223 265 640 
0 145 220 222 266 640 
0 145 267 640 
0 144 269 640 
0 143 270 640 
0 143 272 640 
0 143 273 640 
0 143 274 640 
0 143 276 640 
0 142 277 640 
0 142 279 640 
0 142 281 640 
0 142 282 640 
0 142 283 640 
0 143 285 640 
0 143 287 640 
0 143 288 640 
0 143 290 640 
0 144 291 640 
0 145 292 640 
0 146 294 640 
0 147 296 640 
0 147 297 640 
0 146 298 640 
0 145 300 640 
0 144 302 640 
0 143 303 640 
0 142 304 640 
0 141 270 274 306 640 
0 140 270 277 307 640 
0 139 270 279 309 640 
0 139 270 280 310 640 
0 139 270 282 312 640 
0 138 271 283 313 640 
0 139 271 284 314 640 
0 138 271 286 316 640 
0 138 271 286 318 640 
0 138 271 288 319 640 
0 137 271 289 320 640 
0 137 272 290 322 640 
0 136 272 292 323 640 
0 137 272 293 325 640 
0 137 272 294 326 640 
0 136 272 296 327 640 
0 136 272 297 329 640 
0 136 272 298 330 640 
0 136 272 299 331 640 
0 136 272 301 332 640 
0 136 272 302 334 640 
0 136 272 303 335 640 
0 136 272 304 336 640 
0 136 271 306 337 640 
0 136 271 307 338 640 
0 136 271 308 339 640 
0 136 271 309 340 640 
0 135 271 311 342 640 
0 135 179 180 271 312 343 640 
0 135 178 183 270 313 344 640 
0 135 177 186 270 314 345 640 
0 135 176 189 270 315 346 640 
0 135 176 190 269 316 347 640 
0 135 176 191 269 317 347 640 
0 135 175 192 268 319 348 640 
0 135 175 193 267 320 349 640 
0 135 175 194 267 321 350 640 
0 135 174 193 265 322 351 640 
0 135 174 193 264 323 352 640 
0 135 175 192 260 325 353 640 
0 135 175 191 254 326 354 640 
0 135 175 191 246 327 354 640 
0 135 176 191 208 215 218 219 234 328 355 640 
0 135 177 191 205 329 356 640 
0 135 178 192 203 330 357 640 
0 135 179 192 200 330 358 640 
0 135 179 193 198 331 358 640 
0 135 179 194 196 332 359 640 
0 134 179 333 359 640 
0 134 179 334 360 640 
0 133 179 335 360 640 
0 132 179 336 361 640 
0 131 179 337 361 640 
0 130 180 338 362 640 
0 130 181 339 362 640 
0 130 182 340 363 640 
0 129 182 341 364 640 
0 129 183 341 364 640 
0 128 184 342 365 640 
0 129 185 343 365 640 
0 129 186 344 365 640 
0 129 186 345 366 640 
0 129 188 345 366 640 
0 130 190 346 367 640 
0 130 192 347 367 640 
0 130 194 348 368 640 
0 130 197 349 368 640 
0 129 201 349 368 640 
0 129 204 258 269 350 369 640 
0 129 207 251 272 351 369 640 
0 129 209 246 275 351 370 640 
0 128 210 243 278 352 370 640 
0 128 212 241 283 290 302 353 370 640 
0 128 214 239 304 354 370 640 
0 127 216 236 304 354 371 640 
0 127 219 234 304 355 371 640 
0 126 221 230 304 355 371 640 
0 126 303 356 371 640 
0 125 303 357 371 640 
0 124 304 358 371 640 
0 123 305 358 372 640 
0 122 306 359 372 640 
0 120 307 360 372 640 
0 120 309 360 372 640 
0 112 308 361 372 640 
0 104 308 361 373 640 
0 100 308 362 373 640 
0 96 306 362 373 640 
0 93 306 363 373 640 
0 92 305 364 373 640 
0 89 304 364 373 640 
0 86 304 365 373 640 
0 85 303 365 373 640 
0 83 301 366 373 640 
0 82 301 366 373 640 
0 81 300 367 373 640 
0 79 300 367 373 640 
0 78 301 368 373 640 
0 77 302 369 373 640 
0 76 303 369 372 640 
0 76 304 370 372 640 
0 75 304 640 
0 74 303 640 
0 73 302 640 
0 72 302 640 
0 72 301 640 
0 71 301 640 
0 70 300 640 
0 69 298 300 301 640 
0 69 298 640 
0 68 299 640 
0 67 299 640 
0 67 299 640 
0 67 298 640 
0 66 298 640 
0 66 297 640 
0 65 297 640 
0 65 296 640 
0 65 295 640 
0 64 293 640 
0 63 291 640 
0 63 290 640 
0 63 289 640 
0 63 288 640 
0 62 286 640 
0 62 285 640 
0 62 284 640 
0 61 283 640 
0 61 281 640 
0 60 280 640 
0 60 280 640 
0 60 282 640 
0 59 284 640 
0 59 287 640 
0 1 616 640 
619 640 
618 640 
618 640 
618 640 
618 640 
618 640 
619 640 
619 640 
617 640 
0 56 245 252 268 640 
0 57 245 258 262 640 
0 57 245 640 
0 57 247 640 
0 57 247 640 
0 57 248 640 
0 57 249 640 
0 56 250 640 
0 56 251 640 
0 56 252 640 
0 56 253 640 
0 56 254 640 
0 56 254 640 
0 56 256 640 
0 56 256 640 
0 56 258 640 
0 56 258 640 
0 56 260 640 
0 57 261 640 
0 57 262 640 
0 57 262 640 
0 57 263 640 
0 57 264 640 
0 57 265 640 
0 57 265 640 
0 58 266 640 
0 58 267 640 
0 58 268 640 
0 58 269 640 
0 58 270 640 
0 59 270 640 
0 59 271 640 
0 59 271 640 
0 59 272 640 
0 59 273 640 
0 60 273 640 
0 60 274 640 
0 60 274 640 
0 61 275 640 
0 61 275 640 
0 62 275 640 
0 62 273 640 
0 63 271 640 
0 63 265 640 
0 64 260 640 
0 64 257 640 
0 65 255 640 
0 65 251 640 
0 66 250 640 
0 67 248 640 
0 68 245 640 
0 69 244 640 
0 70 243 640 
0 70 240 640 
0 71 239 640 
0 71 238 640 
0 73 236 640 
0 74 234 640 
0 75 232 640 
0 76 230 640 
0 78 229 640 
0 79 228 640 
0 80 229 640 
0 82 230 640 
0 83 230 640 
0 85 230 640 
0 86 230 640 
0 88 231 640 
0 90 230 640 
0 92 230 640 
0 94 230 640 
0 96 230 640 
0 98 230 640 
0 101 197 201 230 640 
0 103 192 204 230 640 
0 106 184 207 229 640 
0 110 178 209 229 640 
0 113 178 208 229 640 
0 117 179 207 229 640 
0 123 140 148 180 207 230 640 
0 151 180 207 230 640 
0 153 181 207 230 640 
0 155 181 207 231 640 
0 156 182 208 231 640 
0 157 183 208 231 640 
0 158 184 208 232 640 
0 159 185 207 233 640 
0 160 186 207 233 640 
0 162 187 206 234 640 
0 163 188 206 234 640 
0 164 190 206 235 640 
0 165 191 205 235 640 
0 166 192 205 235 640 
0 168 193 205 236 640 
0 169 194 205 236 640 
0 170 195 204 237 640 
0 172 199 204 237 640 
0 173 202 204 238 640 
0 175 238 640 
0 176 239 640 
0 177 239 640 
0 178 238 640 
0 179 213 214 238 640 
0 180 203 218 238 640 
0 180 204 220 237 640 
0 181 205 222 235 640 
0 181 206 223 231 640 
0 181 207 226 227 640 
0 182 207 640 
0 183 208 640 
0 184 208 640 
0 184 209 640 
0 185 209 640 
0 186 209 640 
0 188 210 640 
0 190 210 640 
0 192 209 640 
0 193 209 640 
0 193 209 640 
0 193 209 640 
0 193 209 640 
0 193 209 640 
0 192 209 640 
0 192 209 640 
0 192 209 640 
0 192 209 640 
0 191 209 640 
0 191 210 640 
0 191 211 640 
0 191 212 640 
0 190 213 640 
0 190 214 640 
0 189 215 640 
0 188 216 640 
0 188 216 640 
0 187 217 640 
0 188 217 640 
0 188 217 640 
0 188 217 640 
0 188 217 640 
0 188 217 640 
0 188 217 640 
0 188 217 640 
0 188 212 640 
0 188 210 640 
0 187 210 640 
0 187 210 640 
0 187 209 640 
0 187 209 640 
0 187 209 640 
0 187 209 640 
0 187 208 640 
0 187 208 640 
0 188 208 640 
0 188 208 640 
0 188 208 640 
0 188 207 640 
0 189 207 640 
0 189 206 640 
0 189 206 640 
0 190 205 640 
0 190 205 640 
0 190 204 640 
0 191 202 640 
0 193 200 640 
0 195 199 640 
0 640 
0 640 
0 640 
0 640 
0 640 
0 640 
0 640 
0 640 
0 640 
0 640 
0 640 
0 640 
0 640 
0 640 
0 640 
0 640 
0 640 
0 640 
0 640 
0 640 
0 640 
0 640 
0 640 
0 640 
0 640 
0 640 
0 640 
0 640 
0 640 
0 640 
0 640 
0 640 
0 640 
0 640 
0 640 
0 640 
0 640 
0 640 
0 640 
0 640 
0 640 
0 640 
0 640 
0 640 
0 640 
0 640 
0 640 
0 640 
0 640 
0 640 
0 640 
0 640 
0 640 
0 640 
0 640 
0 640 
0 640 
0 640 
0 640 
0 640 
0 640 
0 640 
0 640 
0 640 
0 640 
0 640 
0 640 
0 640 
0 640 
0 640 
0 640 
0 640 
0 640 
0 640 
0 640 
0 640 
0 640 
0 640 
0 640 
0 640 
0 640 
0 640 
0 640 
0 640 
0 640 
0 640 
0 640 
