











391 409 
381 410 
377 411 
373 411 
370 412 
367 413 
364 414 
362 415 
360 416 
358 417 
356 418 
355 417 
354 417 
352 417 
351 417 
350 417 
350 418 
349 418 
279 304 331 346 349 417 
275 308 326 417 
270 311 323 416 
267 313 322 416 
264 314 320 417 
261 315 319 417 
259 315 318 417 
256 316 317 418 
253 418 
251 418 
250 418 
249 418 
248 417 
247 416 
247 416 
247 417 
247 418 
246 418 
246 418 
245 418 
246 418 
246 418 
246 417 
246 417 
246 417 
248 417 
249 418 
249 418 
249 418 
249 417 
250 417 
251 417 
252 417 
252 416 
253 415 
253 416 
254 416 
254 416 
254 415 
255 414 
255 415 
256 415 
257 415 
257 414 
258 414 
258 413 
258 394 397 413 
259 395 404 411 
260 395 
260 395 
261 396 
261 396 
261 397 
262 397 
262 398 
263 399 
264 400 
265 400 
265 401 
265 402 
266 403 
266 404 
267 404 
268 405 
269 406 
270 278 280 406 
271 275 280 407 
280 408 
279 408 
279 409 
279 409 
279 410 
279 410 
279 410 
279 410 
279 410 
279 410 
279 409 
280 408 
280 408 
280 406 
281 399 400 404 
281 397 
281 395 
282 394 
282 394 
283 394 
283 394 
284 394 
284 394 
285 394 
285 394 
286 394 
286 395 
287 395 
287 395 
287 395 
287 395 
287 396 
287 396 
287 396 
287 396 
287 396 
287 397 
287 397 
287 397 
286 397 
284 397 
283 397 
283 397 
284 398 
284 398 
284 398 
284 398 
284 398 
284 398 
284 395 396 399 
284 395 396 399 
284 395 397 399 
283 395 397 399 
283 396 
283 396 
283 396 
283 397 
283 397 
283 397 
283 398 
283 398 
283 398 
283 399 
283 399 
283 399 
283 400 
282 396 397 400 
282 397 398 401 
282 397 398 401 
282 398 399 402 
282 398 399 402 
282 398 400 403 
282 398 401 403 
281 399 401 403 
282 399 
285 389 390 399 
285 295 296 389 391 399 
285 294 296 389 392 400 
285 294 297 389 392 400 
285 294 296 390 393 400 
285 294 295 391 394 397 398 401 
286 393 394 396 398 401 
286 396 399 401 
286 397 399 401 
286 398 400 402 
286 402 
286 402 
286 402 
287 403 
287 404 
287 405 
286 406 
285 407 
285 408 
284 408 
283 409 
283 409 
282 410 
282 410 
281 410 
281 410 
281 410 
281 411 
280 411 
280 411 
280 411 
280 411 
280 411 
279 412 
279 412 
279 412 
279 412 
279 412 
278 412 
278 412 
278 413 
278 413 
277 413 
277 413 
277 413 
276 413 
275 413 
275 414 
274 414 
273 414 
268 414 
266 414 
264 415 
263 415 
262 415 
261 415 
260 415 
260 416 
259 416 
259 416 
259 417 
259 418 421 432 
259 432 
259 432 
259 432 
259 431 
260 431 
260 430 
260 430 
261 430 
261 429 
262 429 
262 429 
262 428 
262 428 
262 428 
261 427 
261 427 
260 426 
260 426 
259 426 
259 426 
259 426 
259 427 
258 427 
257 428 
256 428 
256 389 390 428 
255 389 391 428 
255 389 391 429 
255 388 391 429 
255 388 392 429 
254 388 392 430 
254 388 392 430 
254 387 392 430 
254 387 392 431 
253 387 392 431 
252 387 392 431 
252 387 392 432 
251 387 392 432 
251 387 392 432 
251 387 392 433 
251 387 392 433 
250 387 392 433 
250 387 393 433 
249 387 393 434 
249 387 393 434 
249 387 393 434 
248 387 393 435 
248 387 393 435 
247 387 393 435 
247 387 393 435 
247 387 393 435 
246 387 393 436 
246 387 394 436 
245 387 394 437 
245 388 394 437 
245 388 394 437 
244 388 394 438 
244 388 394 438 
244 388 394 439 
244 388 394 439 
243 389 394 440 
243 389 395 440 
242 389 395 441 
242 389 395 441 
242 389 395 442 
241 389 395 442 
241 390 395 442 
240 390 395 443 
239 390 395 443 
239 390 395 444 
238 390 395 444 
237 391 395 445 
237 391 396 445 
236 391 396 446 
235 391 396 446 
235 392 396 447 
234 392 396 447 
234 392 396 448 
233 392 396 448 
232 392 396 448 
232 392 396 449 
231 393 396 449 
230 393 396 450 
230 393 397 450 
229 393 397 451 
228 392 397 451 
227 392 397 452 
227 392 397 452 
227 393 397 453 
227 393 397 453 
227 394 397 454 
227 395 398 454 
227 395 398 455 
227 395 398 455 
227 394 398 456 
227 393 398 456 
227 393 398 457 
227 393 398 457 
227 394 398 458 
228 395 399 458 
228 396 399 458 
228 397 399 459 
229 398 399 459 
229 398 399 460 
229 460 
229 461 
228 461 
228 462 
227 462 
227 463 
226 463 
225 464 
225 464 
224 465 
224 465 
223 466 
222 466 
222 467 
222 467 
222 468 
221 468 
221 468 
221 468 
221 467 
221 467 
221 466 
221 466 
221 465 
221 465 
221 464 
221 464 
222 463 
222 463 
223 463 
224 462 
225 462 
226 462 
227 462 
229 462 
230 462 
231 461 
232 461 
234 460 
236 461 
236 461 
236 462 
236 462 
237 462 
237 462 
237 462 
237 462 
237 462 
237 462 
237 463 
237 463 
238 463 
238 463 
238 463 
238 463 
238 463 
238 463 
238 463 
239 463 
239 463 
239 463 
239 463 
239 463 
239 463 
240 463 
240 463 
240 463 
240 463 
240 462 
241 463 
241 462 
241 462 
241 462 
241 462 
242 463 
242 463 
242 463 
242 463 
243 463 
243 464 
243 464 
244 464 
244 464 
244 270 271 464 
245 464 
245 269 270 464 
246 268 269 465 
246 267 269 465 
247 267 269 465 
247 266 268 465 
248 266 268 465 
248 265 267 465 
249 264 267 466 
250 264 267 466 
251 264 266 466 
253 265 266 466 
254 466 
258 261 262 466 
259 260 263 467 
259 260 263 467 
264 467 
264 467 
263 467 
259 260 263 467 
258 260 262 467 
258 260 262 467 
262 467 
261 467 
261 467 
260 468 
260 468 
260 468 
259 468 
259 468 
258 468 
258 468 
257 468 
257 468 
257 439 440 468 
256 439 441 468 
256 440 441 467 
256 440 442 467 
255 440 443 467 
255 440 443 467 
254 441 444 467 
254 441 444 467 
253 441 445 466 
253 442 446 466 
253 442 446 466 
252 442 447 465 
252 442 447 464 
251 443 448 463 
251 443 449 462 
250 443 450 461 
250 444 450 460 
250 444 450 457 
249 444 450 455 
249 444 450 454 456 458 
248 445 450 453 455 458 
248 445 449 453 455 458 
247 445 449 453 456 458 
247 445 449 453 
