














































































































































































307 348 
298 357 
288 366 
280 373 
274 315 320 378 
268 313 323 383 
262 311 325 387 
257 309 327 392 
252 307 331 396 
248 305 334 399 
244 302 337 403 
240 300 341 407 
236 298 348 410 
233 295 355 414 
230 292 358 417 
226 289 359 420 
223 287 360 424 
220 283 360 427 
217 279 361 431 
214 278 361 434 
211 277 362 437 
209 277 363 440 
206 276 363 443 
203 276 364 447 
201 275 364 450 
198 274 365 453 
196 274 366 456 
193 273 366 460 
190 273 367 463 
188 272 368 466 
185 271 369 469 
183 271 369 472 
180 270 370 476 
178 270 371 479 
175 269 372 482 
172 268 373 485 
170 268 374 488 
167 267 375 491 
165 266 376 495 
162 266 377 498 
159 265 379 501 
156 264 380 504 
153 264 381 507 
151 263 382 510 
148 262 382 513 
145 262 384 516 
142 261 384 519 
139 260 385 523 
136 260 385 526 
133 259 385 529 
129 258 385 532 
126 257 384 535 
123 256 384 538 
120 256 384 541 
117 255 384 544 
114 256 384 547 
110 256 384 550 
107 256 384 554 
103 256 384 557 
99 256 383 560 
95 256 383 564 
91 257 383 568 
85 257 383 573 
80 257 383 577 
75 257 383 581 
68 257 383 587 
60 257 383 592 
50 257 383 600 
38 257 383 608 
29 257 383 614 
18 257 383 622 
8 257 383 630 
6 257 383 632 
9 257 384 632 
18 258 384 617 
27 258 385 598 
33 258 385 587 
44 258 385 578 
53 257 386 568 
60 257 386 562 
66 257 386 557 
70 257 387 554 
76 257 387 548 
81 258 387 544 
85 258 387 540 
89 258 387 537 
93 258 387 534 
97 258 387 531 
100 258 387 528 
104 258 387 524 
107 258 386 522 
110 258 385 519 
114 258 384 517 
117 258 383 514 
120 257 382 511 
124 258 381 508 
127 258 380 506 
130 259 380 503 
134 260 379 501 
137 261 378 498 
142 262 377 495 
144 262 376 493 
148 263 375 491 
152 265 375 488 
156 265 374 485 
160 266 373 483 
163 267 373 480 
167 269 372 478 
170 269 372 475 
174 269 371 472 
177 270 371 470 
181 271 370 467 
184 272 370 464 
188 273 370 461 
191 274 370 458 
194 275 369 456 
197 275 369 454 
201 276 368 450 
204 277 368 447 
208 278 367 444 
211 278 367 441 
214 279 366 438 
218 280 366 435 
221 280 365 432 
225 281 364 428 
229 282 361 425 
233 282 356 422 
237 283 352 418 
241 284 348 414 
246 286 345 409 
250 290 343 405 
254 298 340 402 
260 304 338 396 
266 308 337 390 
273 310 336 385 
281 314 334 377 
288 317 332 372 
298 318 331 357 
331 337 






































































































































































