205 640 
205 640 
205 640 
205 640 
205 640 
205 640 
205 640 
205 640 
205 640 
205 640 
205 640 
206 640 
206 640 
206 640 
206 640 
206 640 
206 640 
206 640 
206 640 
206 640 
206 640 
206 640 
206 640 
206 640 
206 640 
206 640 
206 640 
206 640 
206 640 
206 640 
206 640 
206 640 
206 640 
206 640 
206 640 
206 640 
206 640 
206 640 
206 640 
206 640 
206 640 
206 640 
206 640 
206 640 
205 640 
205 640 
205 640 
205 640 
205 640 
205 640 
205 640 
205 640 
205 640 
204 640 
204 640 
204 640 
204 640 
204 640 
203 640 
203 640 
203 640 
203 640 
203 640 
202 640 
202 640 
202 640 
202 640 
201 640 
201 640 
201 640 
200 640 
200 640 
200 640 
200 640 
200 640 
199 640 
199 640 
199 640 
199 640 
198 640 
198 640 
197 640 
197 640 
196 640 
196 640 
196 640 
195 640 
195 640 
195 640 
194 640 
194 640 
194 640 
193 375 385 640 
193 374 389 640 
192 373 392 640 
192 373 396 640 
191 373 398 640 
191 373 402 640 
190 373 406 640 
190 374 409 640 
190 374 413 640 
189 374 415 640 
188 375 417 640 
188 375 418 640 
187 376 420 640 
187 376 421 640 
186 377 425 640 
185 377 429 640 
185 377 433 640 
185 378 435 640 
184 378 437 640 
183 379 439 640 
183 380 440 640 
182 380 441 640 
182 381 442 640 
181 381 443 640 
180 382 444 640 
180 382 445 640 
179 382 447 640 
179 382 448 640 
177 381 449 640 
177 381 450 640 
176 380 450 640 
175 379 451 640 
175 378 452 640 
174 378 453 640 
173 377 453 640 
172 377 453 640 
172 376 454 640 
171 376 454 640 
170 375 455 640 
170 375 455 640 
169 374 456 640 
168 374 456 640 
167 374 456 640 
167 375 457 640 
166 374 457 640 
165 374 457 640 
163 376 457 640 
162 376 458 640 
161 376 458 640 
160 376 458 640 
160 376 458 640 
159 377 459 640 
158 377 459 640 
157 377 459 640 
156 377 459 640 
155 378 459 640 
154 379 460 640 
153 379 460 640 
151 380 460 640 
150 384 460 640 
149 385 460 640 
149 389 461 640 
147 390 461 640 
146 389 461 640 
144 389 461 640 
143 388 461 640 
142 387 461 640 
141 386 462 640 
139 385 462 640 
138 385 462 640 
136 386 462 640 
135 387 462 640 
133 388 462 640 
131 389 462 640 
130 389 463 640 
129 389 463 640 
128 390 463 640 
126 390 464 640 
124 392 464 640 
122 392 465 640 
120 393 465 640 
119 394 466 640 
117 394 467 640 
115 394 467 640 
112 395 468 640 
110 396 468 640 
109 406 469 640 
106 406 469 640 
103 406 470 640 
100 405 470 640 
98 403 470 640 
94 402 471 640 
92 402 471 640 
89 402 471 640 
86 403 472 640 
0 1 82 403 472 640 
0 6 79 404 472 640 
0 12 73 404 472 640 
0 17 66 404 472 640 
0 25 61 402 473 640 
0 32 51 399 473 640 
0 397 473 640 
0 395 473 640 
0 393 473 640 
0 392 473 640 
0 390 473 640 
0 389 474 640 
0 389 474 640 
0 388 474 640 
0 388 474 640 
0 387 474 640 
0 387 474 640 
0 387 474 640 
0 386 474 640 
0 386 474 640 
0 385 474 640 
0 384 474 640 
0 383 474 640 
0 381 475 640 
0 380 475 640 
0 379 475 640 
0 377 475 640 
0 375 475 640 
0 373 476 640 
0 372 476 640 
0 370 477 640 
0 367 477 640 
0 365 478 640 
0 364 478 640 
0 363 478 640 
0 362 479 640 
0 361 479 640 
0 360 480 640 
0 360 480 640 
0 359 481 640 
0 359 481 640 
0 359 482 640 
0 358 482 640 
0 359 482 640 
0 359 483 640 
0 359 483 640 
0 358 483 640 
0 355 484 640 
0 354 484 640 
0 353 484 640 
0 354 485 640 
0 354 485 640 
0 355 485 640 
0 355 486 640 
0 356 486 640 
0 356 486 640 
0 356 487 640 
0 355 487 640 
0 354 487 640 
0 353 487 640 
0 344 488 640 
0 328 488 640 
0 314 488 640 
0 306 488 640 
0 304 489 640 
0 302 489 640 
0 299 489 640 
0 295 380 381 489 640 
0 293 380 383 489 640 
0 291 380 384 489 640 
0 289 368 370 376 386 489 640 
0 287 367 372 375 387 445 446 489 640 
0 287 366 390 445 446 489 640 
0 286 365 393 445 447 489 640 
0 285 364 394 445 447 489 640 
0 284 310 313 362 394 445 447 489 640 
0 284 310 316 361 394 445 447 490 640 
0 283 309 329 359 394 445 447 490 640 
0 283 307 343 356 394 445 447 490 640 
0 283 306 394 444 447 491 640 
0 282 304 394 444 448 491 640 
0 282 302 394 444 448 491 640 
0 282 295 395 444 448 492 640 
0 282 295 395 443 448 492 640 
0 282 294 395 443 448 492 640 
0 283 294 297 298 395 443 448 492 640 
0 283 294 295 298 395 443 449 492 640 
0 284 298 395 443 449 492 640 
0 285 298 395 443 449 492 640 
0 286 298 395 443 449 492 640 
0 287 298 395 443 449 492 640 
0 288 299 395 443 450 492 640 
0 290 299 395 443 450 492 640 
0 291 297 395 443 450 492 640 
0 293 297 395 443 450 492 640 
0 395 443 450 492 640 
0 395 444 451 492 640 
0 395 444 451 492 640 
0 395 444 451 492 640 
0 396 443 451 492 640 
0 396 443 452 492 640 
0 396 443 452 492 640 
0 397 443 452 492 640 
0 397 443 452 491 640 
0 397 444 453 491 640 
0 397 444 453 491 640 
0 397 445 453 491 640 
0 397 446 453 491 640 
0 397 446 453 491 640 
0 396 447 453 491 640 
0 396 448 453 491 640 
0 396 449 453 491 640 
0 396 449 453 491 640 
0 395 450 453 491 640 
0 395 451 453 491 640 
0 395 490 640 
0 395 490 640 
0 394 490 640 
0 394 490 640 
0 394 490 640 
0 394 490 640 
0 394 490 640 
0 394 490 640 
0 393 490 640 
0 393 490 640 
0 393 490 640 
0 393 490 640 
0 393 490 640 
0 393 490 640 
0 392 490 640 
0 392 490 640 
0 392 490 640 
0 392 490 640 
0 392 490 640 
0 391 490 640 
0 391 490 640 
0 391 490 640 
0 391 490 640 
0 390 490 640 
0 390 490 640 
0 390 490 640 
0 390 490 640 
0 390 490 640 
0 390 491 640 
0 390 491 640 
0 390 491 640 
0 389 491 640 
0 389 492 640 
0 389 492 640 
0 389 492 640 
0 389 492 640 
0 389 492 640 
0 388 492 640 
0 388 492 640 
0 388 492 640 
0 388 492 640 
0 388 492 640 
0 388 492 640 
0 388 492 640 
0 387 492 640 
0 387 492 640 
0 387 492 640 
0 387 492 640 
0 387 491 640 
0 387 491 640 
0 386 491 640 
0 386 491 640 
0 386 491 640 
0 386 478 479 491 640 
0 385 477 480 491 640 
0 385 477 480 491 640 
0 385 478 480 485 487 491 640 
0 385 478 480 485 487 491 640 
0 385 478 480 485 487 491 640 
0 385 478 480 485 488 492 640 
0 384 478 481 485 488 493 640 
0 384 478 481 485 488 493 640 
0 384 478 481 485 489 493 640 
0 384 478 481 485 640 
0 384 479 481 486 640 
0 384 479 482 486 640 
0 383 480 482 487 640 
0 383 480 482 487 640 
0 383 480 483 487 640 
0 383 481 483 487 640 
0 383 481 640 
0 382 481 640 
0 382 482 640 
0 382 482 640 
0 382 483 640 
0 382 483 640 
0 381 483 640 
0 381 484 640 
0 381 484 640 
0 381 485 640 
0 380 485 640 
0 380 485 640 
0 380 486 640 
0 379 486 640 
0 379 487 640 
0 379 487 640 
0 379 487 640 
0 378 488 640 
0 378 488 640 
0 378 489 640 
0 378 489 640 
0 377 490 640 
0 377 490 640 
0 377 491 640 
0 376 491 640 
0 376 492 640 
0 376 492 640 
0 375 492 640 
0 375 493 640 
0 375 493 640 
0 374 494 640 
0 374 494 640 
0 374 495 640 
0 373 495 640 
0 373 496 640 
0 373 496 640 
0 373 497 640 
0 372 497 640 
0 372 498 640 
0 372 498 640 
0 371 499 640 
0 371 499 640 
0 370 500 640 
0 370 500 640 
0 370 501 640 
0 370 501 640 
0 369 502 640 
0 369 502 640 
0 369 503 640 
0 368 503 640 
0 368 504 640 
0 368 504 640 
0 368 505 640 
0 367 505 640 
0 367 506 640 
0 367 506 640 
0 366 507 640 
0 366 508 640 
0 366 508 640 
0 365 509 640 
0 365 509 640 
0 365 510 640 
0 365 510 640 
0 365 511 640 
0 364 511 640 
0 364 511 640 
0 364 512 640 
0 364 512 640 
0 364 513 640 
0 364 513 640 
0 364 514 640 
0 363 514 640 
0 363 515 640 
0 363 515 640 
0 363 516 640 
0 363 516 640 
0 363 517 640 
0 363 517 640 
0 362 518 640 
0 362 518 640 
0 362 518 640 
0 362 519 640 
0 362 519 640 
0 362 520 640 
0 362 520 640 
0 362 520 640 
0 362 521 640 
0 362 521 640 
0 362 522 640 
0 361 522 640 
0 361 522 640 
0 361 523 640 
0 361 523 640 
0 361 523 640 
0 360 524 640 
0 360 524 640 
0 360 525 640 
0 360 525 640 
0 360 525 640 
0 360 526 640 
0 359 526 640 
0 359 526 640 
0 359 526 640 
0 359 527 640 
0 359 527 640 
0 359 527 640 
0 359 527 640 
0 359 528 640 
