





































































































253 255 
250 258 
249 259 
249 260 
249 260 
249 260 
249 260 
249 260 
250 259 
250 259 
250 259 
250 259 
251 259 
251 259 
251 260 
251 260 
251 260 
252 260 
252 260 
252 260 
252 260 
252 260 
252 260 
252 260 
252 260 
253 260 
253 261 
253 261 
253 261 
253 261 
253 261 
253 261 
253 261 
253 261 
254 261 
254 262 
254 262 
254 262 
254 262 
254 262 
254 262 
254 262 
255 262 
255 262 
255 262 
255 262 
255 263 307 312 
255 263 305 317 
255 263 302 319 
255 263 300 320 
256 263 299 321 
256 263 297 322 
256 263 296 324 
256 264 295 325 
256 264 294 326 
256 265 293 326 
256 266 292 327 
256 266 292 328 
255 266 291 329 
254 267 290 329 
254 267 290 330 
254 268 289 331 
253 268 288 331 
253 271 287 332 
253 272 287 332 
252 273 286 332 
252 273 286 333 
252 273 286 333 
252 273 286 333 
253 273 286 334 
253 273 286 334 
253 273 287 334 
253 273 287 334 
253 273 287 334 
251 273 287 334 
250 274 286 334 
250 274 286 334 
250 274 283 335 
250 274 281 335 
251 274 280 335 
251 335 
251 335 
252 335 
252 335 
252 336 
253 336 
253 336 
253 336 
254 336 
254 336 
255 337 
255 337 
255 337 
256 337 
256 291 292 337 
257 271 282 290 292 337 
258 267 292 338 
258 266 291 338 
259 265 290 338 
259 266 290 338 
259 266 289 338 
259 266 288 338 
260 266 288 339 
260 266 287 339 
260 266 287 339 
260 266 287 339 
260 267 287 340 
260 267 288 340 
260 267 288 341 
260 267 289 342 
260 267 289 342 
260 267 290 343 
260 267 290 343 
260 267 291 344 
260 268 291 344 
260 268 291 344 
259 270 279 280 291 344 
259 273 277 282 292 344 
258 286 292 344 
258 288 292 344 
257 291 292 344 
257 342 
258 342 
258 342 
258 342 
258 342 
258 342 
258 342 
259 341 
259 341 
259 341 
260 341 
261 270 274 341 
261 269 273 341 
262 269 273 340 
262 269 272 340 
262 269 272 340 
262 269 272 340 
262 268 271 340 
262 268 271 340 
262 268 270 340 
262 268 270 340 
262 268 269 337 338 340 
262 336 
263 335 
263 335 
263 335 
263 335 
263 335 
263 335 
263 335 
263 335 
263 335 
263 335 
263 335 
263 335 
263 335 
263 270 290 335 
263 269 290 335 
263 269 290 335 
263 270 290 336 
263 270 290 336 
263 271 290 336 
264 272 289 336 
264 272 289 336 
264 272 289 337 
264 272 289 337 
264 272 289 337 
264 272 288 337 
264 272 288 337 
264 271 288 337 
264 271 288 337 
264 272 288 337 
265 272 288 337 
262 272 288 337 
262 272 288 337 
262 273 288 337 
262 273 288 337 
262 274 287 337 
262 274 287 337 
262 274 287 338 
262 274 287 338 
262 275 287 338 
262 275 287 338 
262 275 287 338 
262 275 287 338 
262 276 287 338 
262 276 287 338 
261 276 286 338 
261 276 286 338 
261 276 285 339 
261 276 285 339 
261 277 284 339 
261 277 284 339 
261 277 283 340 
261 277 283 340 
261 277 283 341 
261 277 283 341 
261 277 283 342 
262 278 283 342 
262 278 283 343 
262 278 283 343 
262 278 284 343 
262 278 284 344 
262 278 284 344 
262 278 285 344 
262 279 285 345 
262 279 286 345 
261 279 286 345 
261 279 287 346 
261 279 287 346 
261 280 288 346 
260 280 288 346 
260 281 289 346 
260 283 289 346 
260 285 290 347 
259 288 290 347 
259 347 
258 347 
258 347 
258 347 
258 346 
257 346 
257 346 
257 346 
256 345 
256 345 
256 345 
256 344 
255 344 
255 345 
255 346 
255 347 
255 348 
255 348 
255 348 
254 348 
254 348 
254 349 
254 350 
253 350 
253 350 
252 350 
252 349 
251 349 
251 349 
250 349 
250 349 
250 349 
249 349 
249 349 
248 349 
248 349 
247 349 
247 348 
246 348 
246 348 
245 347 
245 347 
244 346 
244 346 
244 345 
244 345 
245 301 302 344 
245 300 302 344 
245 298 303 343 
247 298 304 342 
247 300 304 341 
247 299 305 340 
248 298 307 339 
249 297 311 338 
250 297 313 337 
250 297 316 335 
252 297 318 333 
253 298 322 330 
254 298 
254 298 
255 299 
254 298 
255 297 
256 291 294 297 
258 290 
258 290 
259 290 
259 290 
268 290 
269 285 286 289 
269 284 
269 283 
270 276 278 283 
271 276 























































































