






































387 391 
386 393 
385 394 
385 395 
385 395 
384 395 
384 395 
383 395 
383 395 
382 394 
382 394 
382 394 
381 393 
380 393 
380 392 403 421 
379 392 399 426 
379 391 396 431 
378 391 393 434 
377 437 
377 441 
376 443 
376 446 
375 449 
374 452 
374 454 
373 456 
373 458 
372 460 
371 462 
371 464 
370 466 
369 467 
369 469 
368 470 
367 472 
367 473 
366 474 
365 476 
365 477 
364 478 
363 479 
362 480 
362 481 
361 482 
360 483 
360 484 
359 485 
358 486 
357 487 
357 488 
356 489 
355 490 
354 491 
353 491 
352 492 
351 493 
350 494 
348 495 
347 496 
346 496 
346 497 
345 498 
345 499 
345 499 
345 500 
346 501 
347 356 358 501 
347 355 358 502 
348 354 358 503 
350 352 357 503 
357 504 
356 504 
354 505 
353 505 
350 506 
349 506 
347 507 
344 507 
341 507 
338 508 
335 508 
333 508 
331 508 
320 508 
319 508 
318 509 
318 509 
318 509 
318 509 
318 509 
318 509 
318 509 
319 509 
319 508 
319 508 
319 508 
320 508 
320 508 
320 328 329 508 
321 326 330 334 340 507 
341 507 
342 507 
343 506 
343 506 
344 505 
344 505 
343 505 
343 504 
343 504 
348 503 
348 503 
348 502 
348 502 
348 501 
348 501 
348 500 
348 499 
348 499 
348 498 
348 498 
348 498 
349 499 
349 499 
350 499 
350 500 
351 500 
351 357 359 501 
352 353 359 502 
360 502 
360 503 
361 504 
362 505 
362 506 
364 507 
364 508 
364 509 
364 510 
364 511 
364 513 
364 514 
364 515 
364 516 
364 517 
362 517 
361 517 
360 517 
360 514 
360 504 507 513 
361 501 508 511 
361 499 
362 498 
364 498 
364 498 
364 497 
364 497 
364 497 
363 497 
363 497 
363 497 
363 497 
363 497 
363 497 
363 497 
218 255 363 497 
210 265 363 497 
210 270 363 496 
210 275 363 496 
195 205 209 280 363 496 
192 285 363 496 
190 289 362 496 
189 292 362 496 
187 296 362 496 
184 300 362 496 
182 305 362 495 
180 310 362 495 
178 315 362 495 
177 325 362 495 
175 334 361 495 
174 341 361 495 
172 348 361 495 
171 353 361 494 
169 358 360 494 
168 494 
166 494 
164 494 
162 494 
159 494 
157 493 
154 493 
152 493 
149 493 
145 493 
142 493 
140 200 203 493 
138 198 203 493 
137 195 204 492 
135 192 205 492 
134 190 205 492 
133 188 206 492 
133 185 206 492 
134 182 207 492 
134 178 207 491 
135 175 207 491 
134 170 207 491 
134 166 207 491 
134 163 207 491 
133 158 207 490 
134 154 207 490 
135 152 207 490 
135 147 207 490 
135 136 140 143 207 490 
207 490 
137 139 207 490 
207 489 
207 489 
207 489 
207 489 
207 489 
207 489 
207 489 
207 488 
206 488 
206 488 
206 488 
206 488 
206 487 
206 487 
206 487 
206 487 
206 487 
206 487 
206 487 
206 487 
206 487 
206 270 283 487 
206 266 289 487 
206 262 308 487 
206 260 322 487 
206 258 334 487 
206 254 345 487 
206 252 346 487 
206 250 346 487 
206 248 346 487 
206 246 345 487 
206 244 345 487 
207 242 345 488 
207 241 344 488 
207 239 344 488 
207 238 344 488 
207 236 343 489 
207 235 343 492 
207 233 343 494 
207 231 342 495 
207 230 342 496 
207 229 341 497 
207 227 341 498 
207 226 341 500 
207 224 340 499 
207 223 340 499 
207 222 339 500 
207 220 339 500 
207 219 338 500 
207 217 338 499 
207 216 338 498 
207 215 337 496 
207 213 337 495 
207 212 337 494 
208 210 336 493 
208 209 336 492 
335 492 
335 491 
335 490 
334 489 
334 489 
333 489 
333 489 
333 489 
332 489 
332 489 
332 489 
331 489 
331 489 
331 489 
330 489 
330 489 
330 489 
329 489 
329 489 
329 489 
328 489 
328 489 
328 489 
328 489 
328 489 
327 489 
327 489 
327 489 
327 490 
326 490 
326 490 
325 490 
325 490 
324 490 
324 490 
323 490 
323 490 
323 490 
322 490 
322 490 
322 490 
321 490 
321 490 
321 490 
321 490 
321 490 
321 490 
321 490 
322 490 
324 489 
327 489 
329 489 
332 489 
333 489 
335 489 
336 489 
336 489 
337 489 
338 489 
339 489 
340 489 
341 488 
342 488 
342 488 
344 488 
345 488 
346 488 
347 488 
346 488 
345 488 
344 487 
342 487 
341 487 
340 487 
339 487 
338 487 
337 487 
335 487 
334 486 
333 486 
332 486 
331 486 
330 485 
330 485 
329 484 
328 484 
327 484 
326 341 343 484 
325 340 343 483 
324 339 343 483 
323 339 343 483 
322 338 342 483 
321 337 342 483 
319 336 341 483 
317 335 341 483 
316 335 340 483 
314 334 340 482 
314 333 339 482 
314 332 339 482 
315 331 339 482 
315 330 338 482 
316 329 338 481 
315 328 338 481 
316 327 337 480 
316 326 337 480 
319 325 337 479 
319 324 337 478 
318 323 337 478 
318 321 337 478 
337 477 
337 477 
336 477 
336 477 
336 477 
336 477 
336 476 
336 476 
336 476 
335 476 
335 475 
335 475 
336 475 
337 475 
339 474 
339 474 
339 474 
339 473 
339 473 
339 472 
339 472 
338 472 
338 471 
338 471 
338 470 
338 470 
338 470 
338 469 
338 469 
338 469 
338 468 
338 468 
338 467 
338 467 
338 467 
338 466 
338 466 
338 466 
338 467 
338 467 
338 467 
338 468 
338 468 
338 468 
338 468 
338 469 
338 469 
337 469 
337 469 
337 470 
337 470 
337 470 
337 470 
337 471 
337 471 
337 471 
337 471 
337 472 
337 472 
337 472 
337 472 
337 473 
336 473 
