0 281 363 640 
0 280 363 640 
0 280 365 640 
0 280 366 640 
0 279 366 640 
0 278 367 640 
0 277 368 640 
0 276 369 640 
0 276 370 640 
0 275 371 640 
0 274 372 640 
0 273 373 640 
0 273 374 640 
0 272 374 640 
0 271 375 640 
0 270 376 640 
0 270 377 640 
0 269 378 640 
0 268 379 640 
0 267 380 640 
0 267 381 640 
0 266 382 640 
0 265 383 640 
0 264 383 640 
0 264 384 640 
0 263 385 640 
0 262 386 640 
0 261 387 640 
0 261 388 640 
0 260 389 640 
0 260 390 640 
0 259 390 640 
0 258 391 640 
0 258 392 640 
0 257 393 640 
0 259 394 640 
0 259 395 640 
0 260 396 640 
0 261 397 640 
0 261 398 640 
0 260 399 640 
0 260 399 640 
0 259 400 640 
0 259 401 640 
0 258 402 640 
0 257 403 640 
0 257 404 640 
0 256 405 640 
0 255 406 640 
0 255 406 640 
0 254 408 640 
0 254 408 640 
0 253 409 640 
0 253 410 640 
0 252 411 640 
0 251 412 640 
0 251 413 640 
0 250 414 640 
0 250 415 640 
0 249 416 640 
0 248 416 640 
0 248 417 640 
0 247 418 640 
0 247 419 640 
0 246 420 640 
0 245 421 640 
0 245 422 640 
0 244 423 640 
0 244 424 640 
0 244 425 640 
0 243 425 640 
0 243 426 640 
0 242 427 640 
0 242 428 640 
0 242 429 640 
0 242 430 640 
0 243 430 640 
0 244 432 640 
0 245 432 640 
0 244 433 640 
0 244 434 640 
0 243 435 640 
0 243 436 640 
0 243 437 640 
0 242 438 640 
0 242 439 640 
0 241 440 640 
0 241 440 640 
0 240 441 640 
0 240 442 640 
0 239 443 640 
0 239 444 640 
0 238 445 640 
0 238 445 640 
0 238 447 640 
0 237 448 640 
0 237 449 640 
0 236 449 640 
0 236 450 640 
0 235 451 640 
0 235 452 640 
0 235 453 640 
0 234 454 640 
0 234 455 640 
0 233 456 640 
0 233 457 640 
0 232 457 640 
0 232 458 640 
0 232 459 640 
0 231 460 640 
0 231 461 640 
0 230 462 640 
0 230 463 640 
0 230 464 640 
0 230 465 640 
0 230 466 640 
0 231 466 640 
0 232 467 640 
0 232 468 640 
0 232 468 640 
0 232 469 640 
0 231 470 640 
0 231 472 640 
0 231 473 640 
0 230 474 640 
0 230 474 640 
0 230 475 640 
0 229 476 640 
0 229 477 640 
0 229 477 640 
0 229 478 640 
0 228 480 640 
0 228 481 640 
0 228 482 640 
0 227 482 640 
0 227 483 640 
0 227 484 640 
0 226 485 640 
0 226 486 640 
0 226 486 640 
0 225 488 640 
0 225 489 640 
0 225 490 640 
0 225 490 640 
0 224 491 640 
0 224 492 640 
0 224 493 640 
0 223 494 640 
0 223 495 640 
0 223 496 640 
0 223 497 640 
0 223 498 640 
0 222 498 640 
0 222 499 640 
0 222 500 640 
0 222 501 640 
0 222 502 640 
0 222 503 640 
0 223 504 640 
0 223 505 640 
0 223 506 640 
0 223 506 640 
0 223 507 640 
0 223 508 640 
0 222 509 640 
0 222 510 640 
0 222 511 640 
0 222 512 640 
0 222 513 640 
0 221 513 640 
0 221 515 640 
0 221 515 640 
0 221 516 585 590 640 
0 221 517 584 592 640 
0 220 518 582 593 636 
0 220 519 579 594 627 
0 220 520 578 595 623 
0 220 521 578 597 612 
0 220 522 577 
0 220 522 576 
0 220 523 575 
0 219 524 574 
0 219 525 574 
0 219 526 572 
0 219 527 570 
0 219 528 567 
0 219 529 563 
0 218 530 558 
0 218 531 552 
0 218 531 544 
0 218 532 535 
0 218 
0 218 
0 218 
0 217 
0 218 
0 218 
0 218 
0 218 
0 218 
0 218 
0 218 
0 218 
0 218 
0 218 
0 218 
0 218 
0 218 
0 218 
0 218 
0 218 
0 218 
0 218 
0 217 
0 217 
0 217 
0 217 
0 217 
0 217 
0 217 
0 217 
0 217 
0 217 
0 217 
0 217 
0 217 
0 217 
0 216 
0 216 
0 216 
0 216 
0 216 
0 216 
0 216 
0 216 
0 216 
0 216 
0 216 
0 216 
0 216 
0 216 
0 216 
0 216 
0 217 
0 217 
0 217 
0 217 
0 217 
0 217 
0 217 
0 217 
0 217 
0 217 
0 218 
0 218 
0 218 
0 218 
0 218 
0 218 
0 218 
0 218 
0 218 
0 218 
0 218 
0 218 
0 218 
0 219 
0 219 
0 219 
0 219 
0 219 
0 219 
0 219 
0 219 
0 219 
0 219 
0 218 
0 218 
0 218 
0 218 
0 218 
0 218 
0 219 
0 219 
0 219 
0 219 
0 219 
0 220 639 640 
0 220 637 640 
0 220 636 640 
0 220 634 640 
0 220 632 640 
0 221 630 640 
0 221 628 640 
0 221 626 640 
0 221 625 640 
0 222 622 640 
0 222 620 640 
0 222 618 640 
0 222 524 527 617 640 
0 222 523 529 555 558 615 640 
0 223 522 558 613 640 
0 223 521 559 610 640 
0 223 520 559 609 640 
0 223 519 558 608 640 
0 223 519 559 605 640 
0 224 518 559 601 640 
0 224 517 559 599 640 
0 224 517 559 599 640 
0 224 516 559 598 640 
0 225 515 560 597 640 
0 225 515 560 597 640 
0 225 514 561 596 640 
0 225 513 561 595 640 
0 225 512 561 592 640 
0 225 512 563 587 640 
0 224 511 563 581 640 
0 224 510 566 576 640 
0 224 509 640 
0 224 509 640 
0 224 508 640 
0 224 507 640 
0 224 507 640 
0 225 506 640 
0 225 505 640 
0 225 505 640 
0 226 504 640 
0 226 503 640 
0 226 503 640 
0 227 502 640 
0 227 501 640 
0 228 500 640 
0 228 500 640 
0 228 499 640 
0 228 498 640 
0 229 497 640 
0 229 497 640 
0 229 496 640 
0 230 495 640 
0 230 495 640 
0 230 494 640 
0 231 493 640 
0 231 493 640 
0 231 492 640 
0 232 491 640 
0 232 491 640 
0 232 490 640 
0 233 489 640 
0 233 488 640 
0 234 488 640 
0 234 487 640 
0 234 486 640 
0 235 485 640 
0 235 485 640 
0 235 484 640 
0 235 483 640 
0 234 482 640 
0 234 482 640 
0 234 481 640 
0 233 481 640 
0 233 480 640 
0 233 479 640 
0 234 479 640 
0 234 478 640 
0 235 477 640 
0 235 476 640 
0 236 476 640 
0 236 475 640 
0 236 474 640 
0 237 474 640 
0 237 473 640 
0 238 472 640 
0 238 471 640 
0 239 471 640 
0 239 470 640 
0 240 469 640 
0 241 469 640 
0 241 468 640 
0 241 467 640 
0 242 467 640 
0 242 466 640 
0 243 465 640 
0 243 464 640 
0 244 464 640 
0 244 463 640 
0 245 462 640 
0 245 462 640 
0 246 461 640 
0 246 460 640 
0 247 460 640 
0 247 459 640 
0 248 458 640 
0 248 457 640 
0 249 457 640 
0 249 456 640 
0 248 455 640 
0 247 455 640 
0 247 454 640 
0 246 453 640 
0 246 452 640 
0 246 452 640 
0 246 451 640 
0 247 450 640 
0 248 450 640 
0 248 449 640 
0 249 448 640 
0 249 448 640 
0 250 447 640 
0 251 446 640 
0 252 446 640 
0 252 445 640 
0 253 444 640 
0 253 443 640 
0 254 442 640 
0 254 442 640 
0 255 441 640 
0 256 440 640 
0 257 440 640 
0 257 439 640 
0 258 438 640 
0 259 438 640 
0 260 437 640 
0 260 436 640 
0 261 436 640 
0 261 435 640 
0 262 434 640 
0 263 433 640 
0 263 433 640 
0 264 432 640 
0 265 431 640 
0 265 431 640 
0 266 430 640 
0 266 429 640 
0 266 428 640 
0 265 428 640 
0 264 427 640 
0 263 426 640 
0 262 426 640 
0 262 425 640 
0 263 424 640 
0 264 423 640 
0 264 423 640 
0 265 422 640 
0 266 421 640 
0 267 421 640 
0 268 420 640 
0 268 419 640 
0 269 419 640 
0 270 418 640 
0 271 417 640 
0 272 416 640 
0 273 416 640 
0 274 415 640 
0 274 414 640 
0 275 414 640 
0 276 413 640 
0 277 412 640 
0 278 411 640 
0 279 411 640 
0 280 410 640 
0 280 409 640 
0 281 409 640 
0 282 408 640 
0 283 407 640 
0 284 407 640 
0 285 406 640 
0 286 405 640 
0 287 404 640 
0 287 404 640 
0 287 403 640 
0 286 402 640 
0 285 402 640 
0 284 401 640 
0 283 400 640 
0 283 400 640 
0 283 399 640 
0 283 398 640 
0 284 397 640 
0 285 396 640 
0 286 396 640 
