335 516 
335 516 
336 515 
337 515 
343 515 
351 515 
352 515 
353 514 
355 379 384 389 390 514 
355 373 397 514 
357 369 401 514 
358 368 404 513 
360 366 406 513 
363 364 408 512 
409 512 
410 511 
411 511 
412 511 
413 510 
413 510 
414 509 
415 509 
415 508 
416 508 
416 507 
417 507 
418 507 
419 507 
419 510 
420 511 
420 513 
422 514 
423 516 
424 518 
424 519 
425 519 
426 521 
427 522 
427 523 
428 524 
429 524 
429 525 
429 525 
430 524 
430 524 
430 522 
430 521 
431 521 
432 520 
433 520 
435 518 
435 518 
436 517 
437 491 493 517 
438 490 494 516 
439 489 495 515 
440 488 495 514 
440 487 497 513 
442 486 498 513 
442 485 498 513 
443 484 500 511 
444 482 500 510 
445 481 501 509 
446 480 501 509 
446 479 503 508 
447 477 504 506 
448 475 
448 474 
449 472 
450 470 
459 468 
460 465 
462 464 























































































































































































































































































































































































































