311 333 
312 333 
312 333 
312 333 
312 333 
312 333 
311 333 
311 333 
310 333 
310 333 
309 333 340 346 
309 333 336 347 
308 348 
308 347 
307 346 
306 345 
305 345 
305 344 
304 343 
303 343 
303 342 
302 342 
302 341 
302 340 
301 341 
301 340 
301 340 
300 339 
300 339 
300 339 
299 339 
299 338 
299 338 
299 338 
298 338 
299 337 
298 337 
298 337 
299 336 
299 336 
298 336 
299 335 
298 335 
298 335 
299 335 
299 335 
299 335 
300 335 
300 335 
300 335 
301 335 
301 335 
301 335 
302 335 
302 336 
302 335 
303 336 
303 334 
304 334 
304 334 
305 334 
305 334 
305 334 335 336 
305 334 
304 334 
304 334 
303 334 
303 334 
303 334 
303 334 
302 334 
302 334 
302 334 
301 334 
301 334 
301 334 
300 334 
248 249 300 334 
241 254 300 334 
240 256 299 334 
239 258 299 334 
238 259 298 334 
237 260 298 334 341 360 
236 261 297 333 336 363 
236 262 297 333 335 365 
236 263 297 366 
236 239 240 263 296 369 
241 263 296 370 
241 264 295 371 
242 264 295 372 
242 264 295 373 
243 264 294 374 
243 264 294 375 
243 264 293 376 
243 264 293 377 
244 264 293 378 
244 265 292 379 
244 265 292 379 
245 265 292 380 
245 265 291 381 
245 267 291 381 
246 269 291 382 
246 271 290 383 
246 273 290 384 
245 274 290 384 
244 276 290 385 
244 277 290 385 
243 278 289 386 
243 279 289 386 
244 280 289 387 
245 280 288 388 
246 281 288 388 
247 281 288 389 
249 282 287 390 
249 390 
250 391 
250 391 
250 390 
251 391 
251 392 
252 392 
252 393 
251 393 
251 394 
250 394 
250 395 
250 395 
250 395 
250 395 
250 395 
250 395 
250 396 
250 396 
251 396 
251 397 
251 397 
251 397 
250 397 
249 398 
247 398 
246 399 
246 399 
245 399 
244 398 
243 398 
242 398 
242 397 
241 397 
240 398 
240 399 
239 399 
239 399 
238 398 
238 398 
238 398 
237 399 
237 399 
237 399 
237 384 385 399 
237 384 386 399 
237 385 387 399 
237 386 388 399 
237 387 390 399 
236 388 392 398 
236 387 
236 386 
235 385 
235 386 
234 386 
234 386 
233 387 
233 387 
232 388 
232 388 
232 388 
231 389 
231 389 
231 389 
230 389 
229 390 
229 390 
228 230 231 390 
231 390 
231 391 
231 391 
231 391 
231 234 235 391 
230 233 235 391 
230 232 235 392 
230 232 235 392 
230 232 236 392 
236 392 
236 393 
236 393 
237 393 
237 393 
238 394 
239 394 
239 394 
240 394 
241 395 
242 395 
243 395 
244 395 
245 395 
246 395 
246 396 
247 254 256 396 
250 253 258 396 
251 253 259 396 
261 396 
261 396 
262 397 
262 397 
262 397 
262 397 
261 397 
260 398 
259 398 
259 398 
258 398 
257 398 
255 398 
255 399 
255 399 
255 399 
256 399 
258 399 
261 399 
263 400 
264 400 
265 400 
265 400 
265 400 
266 400 
266 400 
267 400 
268 401 
270 401 
271 401 
272 401 
272 401 
272 401 
274 402 
275 402 
276 402 
277 402 
277 402 
278 402 
279 402 
279 402 
280 402 
281 403 
282 403 
284 403 
286 403 
286 403 
287 403 
287 403 
288 403 
288 403 
288 403 
288 403 
289 403 
289 404 
290 404 
290 404 
289 404 
288 404 
287 404 
286 404 
285 404 
284 404 
283 404 
282 404 
281 404 
280 404 
280 404 
279 405 
278 405 
278 405 
277 405 
276 405 
222 225 276 405 
220 227 275 406 
219 229 275 406 
219 231 273 406 
218 232 272 406 
217 233 271 406 
217 234 270 407 
216 235 270 407 
215 235 269 407 
215 235 269 407 
214 235 269 407 
213 235 268 407 
212 235 268 408 
185 205 211 235 268 408 
180 235 267 408 
178 235 267 408 
175 234 266 408 
173 234 265 409 
171 233 265 409 
170 233 264 409 
168 232 264 409 
167 232 263 409 
165 231 263 410 
164 231 262 410 
163 231 262 410 
162 232 262 410 
161 232 262 410 
160 233 262 411 
159 234 262 411 
158 235 262 411 
157 237 262 411 
156 237 263 412 
155 238 263 412 
154 239 263 412 
153 240 263 412 
152 241 263 412 
151 241 262 413 
151 242 262 413 
150 243 261 413 
150 243 261 413 
149 244 260 413 
148 244 260 414 
148 245 260 414 
148 245 259 414 
147 246 259 414 
147 246 258 414 
147 247 258 414 
146 247 258 414 
146 248 257 414 
146 248 257 415 
145 248 257 415 
145 248 256 415 
145 248 256 415 
145 249 256 415 
145 249 255 415 
145 249 255 415 
145 249 255 415 
145 249 255 415 
145 249 255 415 
145 249 254 415 
145 250 254 415 
145 250 254 415 
145 250 254 415 
145 250 254 415 
145 250 254 415 
145 249 253 415 
145 249 253 415 
145 250 253 415 
145 250 253 415 
145 250 253 415 
146 249 252 415 
146 249 253 415 
145 249 253 415 
145 249 253 415 
144 249 253 415 
143 248 253 415 
142 248 253 415 
141 248 253 415 
139 248 253 415 
136 247 253 415 
133 247 253 415 
131 247 254 415 
129 246 254 415 
126 246 254 415 
124 245 254 415 
122 245 254 414 
121 245 254 414 
119 244 255 414 
118 244 255 414 
116 243 255 414 
115 243 255 415 
114 244 256 415 
113 415 
112 416 
110 416 
109 416 
108 417 
107 417 
107 417 
106 417 
105 417 
104 416 
103 416 
103 416 
102 415 
101 416 
101 416 
100 417 
99 417 
99 417 
98 418 
98 418 
97 419 
97 420 
96 420 
96 420 
95 420 
95 423 
94 422 
94 422 
93 422 
93 360 361 423 
93 359 360 423 
92 424 
92 362 364 424 
92 360 365 424 
91 359 366 425 
91 358 366 425 
91 358 367 425 
91 221 222 358 367 426 
90 221 222 359 368 426 
90 221 223 262 263 359 369 427 
90 221 223 255 256 359 369 427 
90 221 223 255 258 359 370 428 
90 222 224 255 259 262 264 359 370 428 
89 222 224 255 264 359 371 428 
89 221 225 254 264 359 370 428 
89 221 225 253 264 359 368 429 
88 221 225 240 241 251 264 359 368 429 
88 221 226 240 244 250 265 359 367 429 
88 221 227 240 244 249 265 359 366 430 
88 221 228 241 244 250 265 359 366 430 
88 221 232 241 244 250 265 359 365 430 
88 221 232 241 244 250 265 359 364 431 
88 221 232 241 244 250 265 359 364 431 
88 221 232 242 244 250 265 359 363 432 
88 221 232 242 244 250 265 359 362 432 
88 221 233 242 244 250 265 359 361 432 
88 221 233 243 244 250 265 360 361 432 
89 221 233 243 244 251 265 359 365 432 
88 220 234 251 265 359 365 366 369 370 371 431 
89 220 234 253 265 359 365 366 371 431 
89 220 235 254 265 360 365 366 370 431 
90 220 236 255 265 360 365 366 370 430 
90 219 236 255 265 360 370 430 
90 219 238 255 265 360 370 430 
90 219 238 255 265 360 370 430 
90 219 238 243 245 255 265 360 370 430 
91 218 238 243 245 255 264 361 368 369 370 430 
91 218 237 243 246 248 251 255 263 363 367 369 370 430 
91 218 237 243 250 255 262 364 367 369 370 430 
92 217 237 243 250 255 262 365 367 430 
92 217 237 242 250 255 261 365 367 430 
92 216 236 242 250 255 261 365 367 430 
93 216 236 242 250 255 261 429 
93 215 236 242 250 255 261 366 367 429 
93 215 236 242 250 255 261 366 367 428 
94 214 236 241 250 255 260 366 369 428 
94 214 236 242 249 255 260 366 369 427 
95 213 235 242 249 255 260 367 368 427 
95 213 235 242 245 248 249 255 259 426 
96 212 235 242 243 254 258 426 
97 212 235 254 257 425 
97 211 235 254 257 425 
98 211 235 254 255 424 
99 210 235 253 255 424 
100 209 235 253 254 424 
101 209 237 252 254 259 260 423 
101 208 238 251 253 258 260 423 
102 207 240 249 253 258 260 422 
103 206 240 248 252 257 260 422 
104 205 240 247 252 257 260 421 
105 205 240 247 252 256 260 412 413 421 
106 203 240 247 251 257 259 412 413 420 
107 203 239 247 249 411 413 415 417 419 
108 202 239 411 413 415 417 419 
109 201 239 408 409 410 416 418 
110 199 239 408 416 418 
111 199 239 408 416 417 
113 197 238 407 
114 197 237 407 
115 195 235 406 
116 194 233 406 
118 193 232 406 
120 192 231 405 
121 190 230 405 
122 190 202 204 230 405 
