0 640 
0 640 
0 640 
0 640 
0 640 
0 640 
0 640 
0 640 
0 640 
0 640 
0 640 
0 640 
0 640 
0 640 
0 640 
0 640 
0 640 
0 640 
0 640 
0 640 
0 640 
0 640 
0 640 
0 640 
0 640 
0 640 
0 640 
0 640 
0 640 
0 640 
0 640 
0 640 
0 640 
0 640 
0 640 
0 640 
0 640 
0 640 
0 640 
0 640 
0 640 
0 640 
0 640 
0 640 
0 640 
0 640 
0 640 
0 640 
0 640 
0 640 
0 640 
0 640 
0 640 
0 640 
0 640 
0 640 
0 640 
0 640 
0 640 
0 640 
0 640 
0 640 
0 640 
0 640 
0 640 
0 640 
0 640 
0 640 
0 640 
0 640 
0 640 
0 640 
0 640 
0 640 
0 640 
0 640 
0 640 
0 640 
0 640 
0 640 
0 640 
0 640 
0 640 
0 640 
0 640 
0 640 
0 640 
0 640 
0 640 
0 640 
0 640 
0 640 
0 640 
0 640 
0 640 
0 640 
0 640 
0 640 
0 640 
0 640 
0 640 
0 640 
0 640 
0 394 405 640 
0 393 406 640 
0 392 407 640 
0 391 408 640 
0 390 409 640 
0 389 410 640 
0 388 410 640 
0 388 411 640 
0 387 411 640 
0 386 411 640 
0 386 411 640 
0 385 411 640 
0 385 411 640 
0 384 411 640 
0 384 410 640 
0 383 410 640 
0 383 411 640 
0 383 411 640 
0 382 411 640 
0 382 412 640 
0 381 412 640 
0 381 412 640 
0 380 413 640 
0 380 413 640 
0 377 413 640 
0 375 414 640 
0 374 414 640 
0 364 366 373 415 640 
0 365 369 372 415 640 
0 366 416 640 
0 368 420 640 
0 368 425 640 
0 366 429 640 
0 363 433 640 
0 361 439 640 
0 359 441 640 
0 357 442 640 
0 355 443 640 
0 354 443 640 
0 353 442 640 
0 352 442 640 
0 354 441 640 
0 356 440 640 
0 356 369 370 439 640 
0 356 367 376 438 640 
0 376 436 640 
0 377 436 640 
0 378 432 640 
0 378 432 640 
0 379 434 640 
0 379 435 640 
0 379 437 640 
0 379 432 433 435 640 
0 379 432 640 
0 379 431 640 
0 379 427 640 
0 379 424 640 
0 379 424 640 
0 379 424 640 
0 379 426 640 
0 379 380 382 423 424 428 640 
0 382 423 640 
0 382 424 640 
0 381 424 640 
0 380 424 640 
0 379 424 640 
0 379 418 640 
0 378 418 640 
0 377 418 640 
0 377 418 640 
0 376 418 640 
0 376 418 640 
0 375 418 640 
0 375 418 640 
0 375 418 640 
0 375 418 440 444 640 
0 376 418 437 444 640 
0 376 418 434 444 640 
0 377 418 432 444 640 
0 377 418 430 444 640 
0 377 418 427 443 640 
0 378 418 425 443 640 
0 378 418 424 443 640 
0 378 417 422 443 640 
0 378 417 421 442 640 
0 378 416 419 442 640 
0 378 415 418 442 640 
0 378 441 640 
0 378 441 640 
0 378 440 640 
0 378 440 640 
0 379 439 640 
0 380 438 640 
0 382 438 640 
0 384 437 640 
0 385 437 640 
0 385 436 640 
0 385 435 438 456 459 463 640 
0 386 464 468 473 640 
0 386 463 467 471 640 
0 386 464 465 470 640 
0 386 468 640 
0 387 467 640 
0 387 468 640 
0 388 470 640 
0 388 472 640 
0 388 474 640 
0 387 476 640 
0 386 478 640 
0 386 479 640 
0 385 477 640 
0 385 477 640 
0 385 478 640 
0 385 480 640 
0 385 483 640 
0 384 483 484 488 640 
0 384 483 485 492 640 
0 384 483 485 490 640 
0 383 484 640 
0 382 484 640 
0 380 485 640 
0 378 486 640 
0 376 487 640 
0 375 489 640 
0 374 492 640 
0 373 488 489 493 640 
0 372 488 490 493 640 
0 371 483 490 495 640 
0 370 483 494 496 640 
0 370 484 640 
0 369 484 640 
0 368 379 381 485 640 
0 368 378 380 483 484 486 640 
0 367 376 380 483 485 486 640 
0 367 375 379 483 485 487 640 
0 366 374 378 483 485 487 640 
0 359 361 363 373 378 484 485 489 640 
0 357 374 377 486 488 490 640 
0 356 487 640 
0 355 487 640 
0 355 488 640 
0 356 481 483 489 640 
0 356 482 486 487 640 
0 356 483 640 
0 356 485 640 
0 357 487 640 
0 358 487 640 
0 360 487 640 
0 362 486 640 
0 362 486 640 
0 361 365 367 487 640 
0 361 365 367 490 640 
0 360 365 368 377 379 405 408 493 640 
0 360 365 370 377 379 404 411 480 483 493 640 
0 361 364 371 378 379 404 413 480 485 492 495 497 640 
0 361 364 372 403 414 480 487 492 497 498 640 
0 80 82 362 363 373 403 416 481 490 492 640 
0 79 83 374 379 380 403 417 474 475 482 640 
0 79 83 375 379 380 402 418 479 640 
0 79 83 377 379 382 402 418 466 468 479 640 
0 78 84 384 402 418 463 464 466 473 479 481 485 640 
0 77 86 386 401 418 463 465 467 475 478 481 490 640 
0 76 86 386 401 419 469 476 478 486 491 640 
0 76 85 386 401 419 472 477 478 640 
0 77 84 386 401 419 435 437 474 640 
0 79 83 386 400 419 435 439 476 640 
0 79 83 386 400 419 436 440 457 462 468 471 476 640 
0 79 83 386 400 420 436 442 457 464 468 474 477 640 
0 79 83 386 399 420 437 443 457 465 468 476 478 640 
0 79 83 387 399 420 437 446 457 467 469 477 479 640 
0 79 83 387 399 420 437 449 457 468 470 640 
0 79 83 387 398 420 437 450 457 468 470 640 
0 79 83 388 398 420 437 451 457 469 471 640 
0 79 83 388 398 420 437 452 457 470 471 640 
0 78 83 389 398 421 437 452 453 454 457 471 472 640 
0 76 84 390 397 421 436 454 456 640 
0 73 85 391 397 421 436 454 456 640 
0 70 85 392 396 422 435 454 455 640 
0 68 86 422 435 454 455 640 
0 65 89 423 434 453 455 640 
0 64 93 423 433 453 454 640 
0 64 96 424 432 640 
0 64 97 640 
0 64 97 640 
0 65 96 640 
0 66 95 640 
0 66 95 640 
0 66 95 640 
0 66 94 640 
0 66 94 640 
0 66 94 640 
0 66 94 640 
0 66 94 640 
0 66 94 640 
0 66 94 640 
0 66 94 640 
0 66 94 640 
0 66 94 640 
0 66 94 640 
0 66 94 640 
0 66 94 640 
0 66 94 640 
0 66 94 640 
0 66 94 640 
0 65 94 640 
0 61 94 640 
0 59 96 640 
0 58 99 640 
0 56 100 640 
0 46 102 640 
0 45 107 640 
0 44 112 640 
0 44 114 640 
0 43 114 640 
0 43 115 300 301 640 
0 42 115 299 302 640 
0 42 115 298 302 640 
0 41 116 297 303 640 
0 41 116 158 159 297 303 640 
0 40 117 157 160 296 304 640 
0 40 117 156 160 295 305 640 
0 39 118 156 161 295 305 640 
0 39 118 155 161 294 306 640 
0 38 118 155 162 294 307 640 
0 38 119 154 163 293 307 640 
0 37 119 153 163 292 308 640 
0 37 120 153 164 291 309 640 
0 36 120 152 164 291 309 640 
0 36 120 151 165 290 310 640 
0 36 121 151 165 289 311 640 
0 38 121 150 166 289 311 640 
0 39 121 149 167 288 312 640 
0 39 119 149 167 287 312 640 
0 39 119 148 168 287 313 640 
0 39 119 148 168 286 314 640 
0 39 119 147 169 286 314 640 
0 39 118 146 169 286 314 640 
0 39 118 146 170 286 314 640 
0 39 118 145 171 286 314 640 
0 39 118 144 171 286 314 640 
0 39 118 144 172 286 314 640 
0 39 118 143 172 286 314 640 
0 39 118 143 173 286 314 640 
0 39 118 142 173 286 314 640 
0 39 118 142 174 286 314 640 
0 39 118 142 174 286 315 640 
0 39 118 142 174 286 315 640 
0 39 118 142 174 286 315 640 
0 39 118 142 174 285 315 640 
0 39 118 142 174 285 315 640 
0 39 118 142 174 285 315 640 
0 39 118 141 174 285 315 640 
0 39 118 141 174 285 315 640 
0 39 118 141 174 286 314 640 
0 39 118 141 174 287 314 640 
0 38 118 141 174 287 314 640 
0 38 118 141 174 287 314 640 
0 38 117 141 174 287 314 640 
0 38 117 141 174 287 314 640 
0 38 117 141 174 287 314 640 
0 38 117 141 174 287 314 640 
0 38 117 141 174 287 314 640 
0 38 117 141 174 287 314 640 
0 38 117 141 174 287 314 640 
0 38 117 141 174 287 314 640 
0 38 117 142 174 287 314 640 
0 38 117 142 174 287 314 640 
0 38 117 143 180 287 314 640 
0 38 117 143 192 287 314 640 
0 38 117 143 210 287 314 640 
0 38 117 142 227 287 314 640 
0 38 117 142 245 287 314 640 
0 37 117 142 261 287 314 640 
0 37 117 142 264 287 314 640 
0 36 266 287 314 640 
0 7 267 287 314 640 
268 287 314 640 
269 287 314 640 
270 287 314 640 
271 287 314 640 
272 287 314 640 
273 287 314 640 
274 287 314 640 
275 287 314 640 
276 287 314 640 
277 287 314 640 
278 287 314 640 
279 287 314 640 
280 287 314 640 
281 287 314 640 
282 287 314 640 
283 287 314 640 
284 287 314 640 
285 287 314 640 
314 640 
314 640 
314 640 
314 640 
314 640 
314 640 
314 640 
314 640 
314 640 
314 640 
314 640 
314 640 
314 640 
314 640 
314 640 
314 640 
314 640 
314 640 
314 640 
314 640 
314 640 
314 640 
314 640 
313 640 
313 640 
313 640 
313 640 
313 640 
313 640 
313 640 
313 640 
313 640 
313 640 
313 640 
313 640 
313 640 
313 640 
313 640 
313 640 
313 640 
313 640 
313 640 
313 640 
313 640 
313 640 
313 640 
313 640 
313 640 
313 640 
313 640 
313 640 
313 640 
313 640 
313 640 
313 640 
313 640 
313 640 
313 640 
313 640 
313 640 
313 640 
313 640 
313 640 
313 640 
313 640 
313 640 
313 640 
313 640 
313 640 
313 640 
313 640 
313 640 
313 640 
313 640 
313 640 
313 640 
313 640 
313 640 
313 640 
313 640 
313 640 
313 640 
313 640 
