0 320 
0 320 
0 320 
0 320 
0 320 
0 320 
0 320 
0 320 
0 320 
0 320 
0 320 
0 320 
0 320 
0 320 
0 320 
0 320 
0 320 
0 320 
0 320 
0 320 
0 320 
0 320 
0 320 
0 320 
0 320 
0 320 
0 320 
0 320 
0 320 
0 320 
0 320 
0 320 
0 320 
0 320 
0 320 
0 320 
0 320 
0 320 
0 320 
0 320 
0 320 
0 320 
0 320 
0 320 
0 320 
0 320 
0 320 
0 320 
0 320 
0 320 
0 320 
0 320 
0 320 
0 320 
0 320 
0 320 
0 320 
0 320 
0 320 
0 320 
0 320 
0 320 
0 320 
0 320 
0 320 
0 320 
0 320 
0 320 
0 320 
0 320 
0 320 
0 320 
0 320 
0 320 
0 320 
0 320 
0 320 
0 320 
0 320 
0 320 
0 320 
0 320 
0 320 
0 320 
0 320 
0 320 
0 320 
0 320 
0 320 
0 320 
0 320 
0 320 
0 320 
0 320 
0 320 
0 320 
0 320 
0 320 
0 320 
0 320 
0 320 
0 320 
0 320 
0 320 
0 320 
0 320 
0 320 
0 320 
0 320 
0 320 
0 320 
0 320 
0 320 
0 320 
0 320 
0 320 
0 320 
0 320 
0 320 
0 320 
0 320 
0 320 
0 320 
0 320 
0 320 
0 320 
0 320 
0 320 
0 320 
0 320 
0 320 
0 320 
0 320 
0 320 
0 320 
0 320 
0 320 
0 320 
0 320 
0 320 
0 320 
0 320 
0 320 
0 320 
0 320 
0 320 
0 320 
0 320 
0 320 
0 320 
0 320 
0 320 
0 320 
0 320 
0 320 
0 320 
0 320 
0 320 
0 320 
0 320 
0 320 
0 320 
0 320 
0 320 
0 320 
0 320 
0 320 
0 320 
0 320 
0 320 
0 320 
0 320 
0 320 
0 320 
0 320 
0 320 
0 320 
0 320 
0 320 
0 320 
0 320 
0 320 
0 320 
0 320 
0 320 
0 320 
0 320 
0 320 
0 300 318 320 
0 295 320 322 
0 292 320 325 
0 290 320 327 
0 288 320 334 335 347 
0 286 320 349 
0 284 320 351 
0 282 320 352 
0 281 320 354 
0 280 320 355 
0 279 320 356 
0 278 320 357 
0 277 320 359 
0 276 320 359 
0 275 320 361 
0 275 320 362 
0 274 320 363 
0 273 320 365 
0 272 320 367 
0 271 320 369 
0 270 320 370 
0 269 320 371 
0 268 320 372 
0 267 320 373 
0 266 320 373 
0 265 320 374 
0 264 320 375 
0 263 320 376 
0 262 320 379 
0 260 320 381 
0 258 320 383 
0 255 320 385 
0 254 320 387 
0 252 320 389 
0 250 320 390 
0 248 320 392 
0 246 320 393 
0 245 320 395 
0 243 320 396 
0 242 320 398 
0 240 256 257 320 399 
0 239 255 257 320 401 
0 238 253 256 320 402 
0 236 251 256 320 403 
0 235 249 256 320 405 
0 234 248 255 320 384 386 405 
0 233 246 255 320 384 388 406 
0 232 245 254 320 384 390 408 
0 231 244 254 320 384 391 409 
0 230 242 253 320 384 392 410 
0 229 241 253 320 385 394 410 
0 228 240 252 320 385 395 411 
0 228 239 252 320 385 396 412 
0 227 237 251 320 386 397 412 
0 226 237 251 320 387 399 413 
0 226 236 250 320 388 400 414 
0 225 235 250 320 389 401 414 
0 224 234 250 320 390 401 415 
0 224 234 250 320 390 402 415 
0 224 233 251 320 391 403 415 
0 224 233 251 320 391 404 416 
0 224 232 250 320 392 405 416 
0 224 232 250 320 392 405 416 
0 224 233 250 320 392 406 416 
0 224 234 249 320 393 406 416 
0 224 320 393 405 417 
0 224 320 394 403 416 
0 224 320 416 
0 225 320 416 
0 226 320 416 
0 226 320 415 
0 228 320 415 
0 229 320 415 
0 231 320 414 
0 233 320 414 
0 235 320 413 
0 240 320 412 
0 242 320 410 
0 242 320 409 
0 242 320 407 
0 242 320 391 395 405 
0 243 320 390 
0 243 320 390 
0 243 320 390 
0 243 320 389 
0 244 320 389 
0 244 320 389 
0 245 320 388 
0 245 320 388 
0 246 320 388 
0 246 320 387 
0 247 320 387 
0 247 320 387 
0 248 320 386 
0 248 320 386 
0 248 320 385 
0 249 320 385 
0 249 320 385 
0 250 320 384 
0 250 320 384 
0 251 320 383 
0 252 320 382 
0 253 320 382 
0 254 320 381 
0 255 320 381 
0 256 320 380 
0 257 320 380 
0 258 320 380 
0 258 320 381 
0 259 320 382 
0 259 320 382 
0 259 320 383 
0 259 320 383 
0 258 320 384 
0 258 320 384 
0 258 320 384 
0 257 320 385 
0 257 320 385 
0 257 320 386 
0 256 320 386 
0 256 320 386 
0 256 320 387 
0 255 320 387 
0 255 320 388 
0 255 320 388 
0 254 320 388 
0 254 320 389 
0 254 320 389 
0 253 320 390 
0 253 320 390 
0 253 320 391 
0 252 320 391 
0 252 320 392 
0 252 320 392 
0 251 320 392 
0 251 320 393 
0 251 320 393 
0 250 320 394 
0 250 320 394 
0 250 320 394 
0 249 320 395 
0 249 320 395 
0 248 320 395 
0 248 320 395 
0 248 320 395 
0 248 320 395 
0 248 320 395 
0 248 320 396 
0 248 320 396 
0 248 320 396 
0 248 320 396 
0 248 320 396 
0 248 320 396 
0 249 320 396 
0 250 320 396 
0 250 320 396 
0 251 320 396 
0 252 320 397 
0 253 320 397 
0 253 320 397 
0 253 320 397 
0 253 320 397 
0 252 320 398 
0 252 320 398 
0 252 320 398 
0 252 320 398 
0 251 320 398 
0 251 320 398 
0 251 320 386 388 398 
0 251 320 386 388 397 
0 251 320 386 389 397 
0 251 320 386 390 396 
0 251 320 387 390 396 
0 251 320 387 391 395 
0 251 320 387 392 395 
0 252 320 387 
0 252 320 387 
0 253 320 387 
0 253 320 387 
0 254 320 387 
0 254 320 387 
0 254 263 264 320 387 
0 255 320 387 
0 255 320 388 
0 256 320 388 
0 256 320 387 
0 260 320 387 
0 260 320 387 
0 260 320 386 
0 260 320 386 
0 260 320 386 
0 261 320 386 
0 261 320 386 
0 261 264 265 320 386 
0 261 264 265 320 386 
0 261 264 265 320 386 
0 261 263 265 320 386 
0 261 264 265 320 386 
0 261 264 265 320 386 
0 262 264 265 320 386 
0 262 320 385 
0 262 320 385 
0 262 320 385 
0 262 265 266 320 385 
0 262 265 266 320 385 
0 262 265 266 320 385 
0 262 265 267 320 385 
0 262 265 267 320 385 
0 262 265 267 320 385 
0 262 265 267 320 385 
0 262 265 267 320 385 
0 262 265 267 320 385 
0 262 265 267 320 385 
0 262 265 267 320 385 
0 262 265 267 320 385 
0 262 265 268 320 385 
0 262 265 268 320 385 
0 262 266 268 320 385 
0 262 266 268 320 385 
0 262 266 268 320 385 
0 263 266 268 320 385 
0 263 266 268 320 385 
0 263 266 268 320 385 
0 263 266 268 320 385 
0 263 266 269 320 385 
0 263 266 269 320 385 
0 263 266 269 320 385 
0 263 266 270 320 385 
0 263 266 270 320 385 
0 263 266 270 320 385 
0 263 266 270 320 385 
0 263 266 269 320 385 
0 263 266 269 320 385 
0 263 267 268 320 385 
0 263 320 385 
0 263 320 384 
0 263 320 384 
0 263 320 384 
0 263 320 385 
0 263 320 385 
0 263 320 385 
0 263 320 385 
0 263 320 385 
0 263 320 385 
0 263 320 385 
0 262 320 385 
0 262 320 385 
0 261 320 385 
0 261 320 385 
0 260 320 385 
0 260 320 385 
0 259 320 385 
0 259 320 385 
0 258 320 385 
0 258 320 385 
0 258 320 385 
0 257 320 385 
0 257 320 385 
0 256 320 385 
0 256 320 385 
0 255 320 386 
0 255 320 386 
0 254 320 386 
0 254 320 387 
0 254 320 387 
0 253 320 388 
0 253 320 388 
0 252 320 388 
0 252 320 389 
0 252 320 389 
0 251 320 389 
0 251 320 390 
0 250 320 390 
0 250 320 391 
0 250 320 391 
0 249 320 391 
0 249 320 392 
0 249 320 392 
0 248 320 393 
0 248 320 393 
0 248 320 393 
0 247 320 393 
0 247 320 394 
0 247 320 394 
0 246 320 394 
0 246 320 395 
0 246 320 395 
0 245 320 395 
0 245 320 395 
0 247 320 395 
0 247 320 394 
0 247 319 394 
