































































































































































































































































336 381 
256 301 328 390 
247 396 
243 400 
238 405 
234 409 
229 412 
226 415 
223 417 
220 420 
218 422 
215 424 
213 426 
211 427 
209 429 
207 430 
206 432 
204 433 
203 434 
201 435 
200 437 
199 438 
198 439 
197 440 
196 442 
195 442 
193 444 
192 445 
191 445 
190 447 
190 447 
189 448 
188 449 
187 450 
187 450 
186 451 
185 452 
185 453 
184 454 
183 454 
183 455 
182 455 
182 456 
181 457 
181 457 
180 458 
180 458 
180 459 
179 459 
179 460 
178 460 
178 460 
177 461 
177 461 
177 462 
176 462 
176 462 
176 463 
175 463 
175 463 
175 464 
175 464 
174 464 
174 464 
174 465 
173 465 
173 465 
173 465 
173 466 
172 466 
172 466 
172 467 
172 467 
171 467 
171 467 
171 467 
171 467 
171 468 
171 468 
170 468 
170 468 
170 468 
170 468 
170 468 
170 468 
169 469 
169 469 
169 469 
169 469 
169 469 
169 469 
169 469 
169 469 
169 469 
169 469 
169 469 
169 469 
169 469 
169 469 637 640 
169 469 625 640 
170 469 618 640 
170 468 615 640 
170 468 614 640 
170 468 614 640 
169 468 613 640 
160 480 612 640 
148 492 612 640 
140 499 613 640 
136 503 614 640 
129 511 616 640 
125 516 618 640 
119 520 620 640 
115 525 622 640 
112 528 624 640 
109 531 625 640 
105 535 627 640 
102 538 628 640 
99 541 630 640 
96 544 632 640 
93 547 635 640 
91 549 638 640 
88 552 
86 554 
84 556 
81 559 
79 561 
77 563 
75 565 
73 566 
72 568 
70 570 
69 571 
67 573 
66 574 
64 576 
63 577 
62 578 
61 579 
60 580 
58 582 
57 583 
56 584 
55 585 
55 585 
54 586 
53 587 
53 587 
53 588 
53 587 
52 588 
52 588 
52 588 
52 588 
52 588 
51 589 
51 589 
50 590 
50 590 
50 590 
50 590 
49 590 
49 591 
48 591 
48 592 
48 592 
47 592 
47 593 
47 593 
46 593 
45 594 
45 594 
45 594 
45 595 
45 595 
45 595 
45 596 
45 595 
46 595 
47 594 
48 593 
48 592 
50 592 
50 591 
51 590 
52 587 
53 586 
55 585 
56 584 
58 582 
59 581 
61 579 
63 578 
65 576 
65 575 
67 574 
68 573 
71 570 
72 568 
74 566 
76 565 
77 563 
78 562 
83 559 
83 558 
83 85 86 557 
87 557 
89 557 
91 557 
93 557 
96 557 
97 557 
98 557 
100 557 
103 557 
104 557 
106 531 533 557 
109 531 532 557 
110 528 531 557 
112 527 530 557 
115 525 526 557 
118 522 524 556 
120 556 
122 556 
123 556 
