205 640 
205 640 
205 640 
205 640 
205 640 
205 640 
205 640 
205 640 
205 640 
205 640 
205 640 
206 640 
206 640 
206 640 
206 640 
206 640 
206 640 
206 640 
206 640 
206 640 
206 640 
206 640 
206 640 
206 640 
206 640 
206 640 
206 640 
206 640 
206 640 
206 640 
206 640 
206 640 
206 640 
206 640 
206 640 
206 640 
206 640 
206 640 
206 640 
206 640 
206 640 
206 640 
206 640 
206 640 
205 640 
205 640 
205 640 
205 640 
205 640 
205 640 
205 640 
205 640 
205 640 
204 640 
204 640 
204 640 
204 640 
204 640 
203 640 
203 640 
203 640 
203 640 
203 640 
202 640 
202 640 
202 640 
202 640 
202 640 
201 640 
201 640 
200 640 
200 640 
200 640 
200 640 
200 640 
199 640 
199 640 
199 640 
199 640 
199 640 
198 640 
197 640 
197 640 
196 640 
196 640 
196 640 
195 640 
195 640 
195 640 
194 640 
194 640 
194 640 
193 640 
193 640 
193 640 
192 364 375 640 
191 363 378 640 
191 363 382 640 
190 362 387 640 
190 362 391 640 
190 363 396 640 
189 363 400 640 
188 363 404 640 
188 364 406 640 
187 364 408 640 
187 364 410 640 
186 365 414 640 
186 365 420 640 
185 366 424 640 
185 366 426 640 
184 367 428 640 
183 368 430 640 
183 368 431 640 
182 369 433 640 
182 369 434 640 
181 370 435 640 
180 370 436 640 
180 371 438 640 
180 372 439 640 
179 372 440 640 
178 373 441 640 
177 373 442 640 
176 373 442 640 
175 372 443 640 
175 371 444 640 
174 371 444 640 
173 370 445 640 
172 370 445 640 
172 369 446 640 
171 369 446 640 
170 368 447 640 
170 368 447 640 
169 367 447 640 
168 367 447 640 
167 367 448 640 
167 366 448 640 
166 366 449 640 
165 365 449 640 
163 365 449 640 
162 366 450 640 
162 366 450 640 
161 366 450 640 
160 368 450 640 
159 368 451 640 
158 368 451 640 
157 368 451 640 
156 369 451 640 
155 369 451 640 
154 369 451 640 
153 370 452 640 
151 371 452 640 
150 372 452 640 
149 372 374 375 452 640 
149 376 452 640 
147 378 452 640 
146 380 381 383 452 640 
144 383 452 640 
143 383 453 640 
142 382 453 640 
141 382 453 640 
139 381 453 640 
138 380 453 640 
136 379 454 640 
135 378 454 640 
133 378 455 640 
131 380 456 640 
130 382 456 640 
129 382 457 640 
128 383 457 640 
126 383 458 640 
124 384 458 640 
122 385 459 640 
120 386 459 640 
119 387 460 640 
117 387 460 640 
115 388 461 640 
113 389 461 640 
110 389 461 640 
109 390 462 640 
106 391 397 401 462 640 
103 392 394 401 462 640 
101 400 462 640 
98 399 463 640 
94 396 463 640 
92 395 463 640 
89 396 463 640 
86 397 463 640 
0 1 82 397 463 640 
0 6 79 398 463 640 
0 12 73 399 463 640 
0 17 65 399 463 640 
0 25 61 345 350 396 463 640 
0 34 51 344 355 392 463 640 
0 343 359 389 463 640 
0 343 363 385 463 640 
0 342 369 378 463 640 
0 231 246 332 334 342 463 640 
0 227 250 332 336 342 463 640 
0 224 254 332 338 341 463 640 
0 222 259 332 463 640 
0 221 268 332 463 640 
0 220 281 331 463 640 
0 219 299 330 463 640 
0 218 310 325 463 640 
0 217 313 320 463 640 
0 216 463 640 
0 217 463 640 
0 220 463 640 
0 219 463 640 
0 219 229 230 237 241 463 640 
0 219 228 230 234 243 463 640 
0 219 227 229 233 246 463 640 
0 219 226 229 232 249 251 262 463 640 
0 219 226 229 232 264 463 640 
0 219 221 223 225 229 232 267 463 640 
0 222 225 229 232 272 463 640 
0 223 224 230 232 278 463 640 
0 230 232 283 463 640 
0 290 464 640 
0 293 465 640 
0 299 466 640 
0 304 330 331 467 640 
0 332 468 640 
0 332 469 640 
0 333 340 342 376 380 470 640 
0 334 339 343 373 380 471 640 
0 334 337 343 370 379 472 640 
0 334 335 343 367 378 473 640 
0 343 365 378 474 640 
0 344 363 377 475 640 
0 344 360 377 475 640 
0 344 358 376 476 640 
0 345 355 375 476 640 
0 346 352 375 476 640 
0 347 349 374 476 640 
0 374 476 640 
0 374 476 640 
0 373 475 640 
0 373 475 640 
0 373 474 640 
0 373 473 640 
0 372 472 640 
0 372 472 640 
0 372 474 640 
0 372 476 640 
0 372 476 640 
0 372 475 640 
0 373 475 640 
0 373 476 640 
0 373 476 640 
0 373 476 640 
0 374 475 640 
0 374 473 640 
0 375 473 640 
0 376 473 640 
0 377 474 640 
0 378 474 640 
0 380 475 640 
0 381 475 640 
0 383 476 640 
0 385 476 640 
0 388 477 640 
0 389 477 640 
0 389 477 640 
0 389 478 640 
0 389 478 640 
0 389 479 640 
0 389 479 640 
0 389 480 640 
0 390 480 640 
0 390 480 640 
0 390 481 640 
0 390 481 640 
0 390 481 640 
0 390 482 640 
0 390 482 640 
0 390 482 640 
0 390 482 640 
0 391 482 640 
0 391 482 640 
0 391 482 640 
0 392 482 640 
0 392 482 640 
0 392 482 640 
0 392 482 640 
0 392 482 640 
0 392 482 640 
0 393 483 640 
0 393 483 640 
0 394 483 640 
0 394 483 640 
0 394 483 640 
0 394 483 640 
0 394 483 640 
0 394 483 640 
0 393 483 640 
0 393 483 640 
0 393 483 640 
0 393 483 640 
0 393 483 640 
0 392 483 640 
0 392 483 640 
0 392 483 640 
0 392 483 640 
0 392 483 640 
0 391 483 640 
0 391 483 640 
0 391 483 640 
0 391 483 640 
0 390 483 640 
0 390 483 640 
0 390 483 640 
0 390 483 640 
0 390 483 640 
0 389 483 640 
0 389 483 640 
0 389 483 640 
0 389 483 640 
0 389 483 640 
0 388 483 640 
0 388 483 640 
0 388 483 640 
0 388 483 640 
0 388 483 640 
0 388 483 640 
0 387 483 640 
0 387 484 640 
0 387 484 640 
0 387 484 640 
0 387 484 640 
0 387 484 640 
0 386 484 640 
0 386 485 640 
0 386 485 640 
0 386 485 640 
0 386 485 640 
0 385 485 640 
0 385 486 640 
0 385 486 640 
0 385 486 640 
0 385 486 640 
0 385 487 640 
0 384 487 640 
0 384 487 640 
0 384 487 640 
0 384 487 640 
0 384 487 640 
0 384 487 640 
0 383 487 640 
0 383 487 640 
0 383 487 640 
0 383 487 640 
0 383 487 640 
0 383 486 640 
0 382 486 640 
0 382 486 640 
0 382 486 640 
0 382 486 640 
0 382 486 640 
0 381 486 640 
0 381 474 475 486 640 
0 381 474 475 481 482 486 640 
0 381 474 476 481 483 487 640 
0 380 474 476 481 483 487 640 
0 380 474 477 481 483 487 640 
0 380 475 477 481 484 488 640 
0 380 475 477 481 484 489 640 
0 380 475 477 482 485 490 640 
0 379 476 478 482 486 489 640 
0 379 476 478 482 640 
0 379 476 478 482 640 
0 379 476 478 483 640 
0 379 477 479 483 640 
0 379 477 479 484 640 
0 378 477 479 484 640 
0 378 478 480 484 640 
0 378 478 482 483 640 
0 378 479 640 
0 377 479 640 
0 377 479 640 
0 377 480 640 
0 376 480 640 
0 376 480 640 
0 376 481 640 
0 375 481 640 
0 375 482 640 
0 375 482 640 
0 375 482 640 
0 374 483 640 
0 374 483 640 
0 374 484 640 
0 373 484 640 
0 373 485 640 
0 373 485 640 
0 373 485 640 
0 372 486 640 
0 372 486 640 
0 372 487 640 
0 371 487 640 
0 371 487 640 
0 370 488 640 
0 370 488 640 
0 370 489 640 
0 369 489 640 
0 369 490 640 
0 369 490 640 
0 368 491 640 
0 368 491 640 
0 368 492 640 
0 367 492 640 
0 367 492 640 
0 367 493 640 
0 366 493 640 
0 366 494 640 
0 365 494 640 
0 365 495 640 
0 365 495 640 
0 364 496 640 
0 364 496 640 
0 364 497 640 
0 363 497 640 
0 363 498 640 
0 363 498 640 
0 362 499 640 
0 362 499 640 
0 362 500 640 
0 361 500 640 
0 361 500 640 
0 361 501 640 
0 360 501 640 
0 360 502 640 
0 360 502 640 
0 359 503 640 
0 359 503 640 
0 359 504 640 
0 359 504 640 
0 358 505 640 
0 358 505 640 
0 358 505 640 
0 358 506 640 
0 358 506 640 
0 358 507 640 
0 357 507 640 
0 357 508 640 
0 357 508 640 
0 357 508 640 
0 357 509 640 
0 356 509 640 
0 356 510 640 
0 356 510 640 
0 356 510 640 
0 355 511 640 
0 355 511 640 
0 355 512 640 
0 355 512 640 
0 355 512 640 
0 355 513 640 
0 354 513 640 
0 354 513 640 
0 354 514 640 
0 354 514 640 
0 354 515 640 
0 354 515 640 
0 353 515 640 
0 353 516 640 
0 353 516 640 
0 353 516 640 
0 353 516 640 
0 353 517 640 
0 352 517 640 
0 352 517 640 
0 352 517 640 
0 352 518 640 
0 352 518 640 
0 352 518 640 
0 352 518 640 
0 352 519 640 
0 351 519 640 
0 351 520 640 
0 351 520 640 
