0 640 
0 640 
0 640 
0 640 
0 640 
0 640 
0 640 
0 640 
0 640 
0 640 
0 640 
0 640 
0 640 
0 640 
0 640 
0 640 
0 640 
0 640 
0 640 
0 640 
0 640 
0 640 
0 640 
0 640 
0 640 
0 640 
0 640 
0 640 
0 640 
0 640 
0 640 
0 640 
0 640 
0 640 
0 640 
0 101 107 640 
0 640 
0 640 
0 640 
0 640 
0 640 
0 640 
0 112 115 640 
0 111 115 640 
0 112 115 640 
0 112 115 640 
0 112 115 640 
0 112 115 640 
0 113 115 640 
0 640 
0 640 
0 640 
0 640 
0 640 
0 640 
0 640 
0 640 
0 640 
0 640 
0 640 
0 640 
0 640 
0 640 
0 39 41 640 
0 38 41 640 
0 37 40 640 
0 36 39 640 
0 640 
0 640 
0 138 143 471 472 640 
0 138 143 640 
0 138 142 640 
0 467 468 640 
0 466 467 640 
0 465 466 640 
0 463 464 640 
0 461 463 640 
0 460 462 640 
0 460 461 640 
0 640 
0 455 458 640 
0 454 457 640 
0 453 455 640 
0 453 454 640 
0 450 453 640 
0 449 450 451 452 640 
0 432 434 448 450 640 
0 426 429 430 434 447 449 640 
0 366 381 424 428 429 434 435 440 445 446 447 449 640 
0 362 384 423 440 442 443 444 448 640 
0 359 386 421 445 446 448 640 
0 357 388 419 445 446 448 640 
0 355 390 417 445 446 448 640 
0 354 392 415 449 640 
0 352 393 413 449 640 
0 351 394 412 448 640 
0 350 395 411 447 640 
0 349 397 410 446 640 
0 348 398 409 445 640 
0 347 400 409 444 640 
0 346 401 407 444 640 
0 344 402 406 444 640 
0 343 403 405 447 640 
0 342 445 640 
0 341 443 640 
0 341 442 640 
0 340 442 640 
0 339 442 640 
0 339 443 640 
0 339 442 640 
0 338 437 640 
0 338 437 640 
0 337 436 640 
0 337 424 428 429 431 433 640 
0 337 423 640 
0 337 422 640 
0 336 421 640 
0 336 420 640 
0 336 419 640 
0 336 418 640 
0 336 418 640 
0 335 417 640 
0 335 415 640 
0 335 414 640 
0 335 414 640 
0 335 412 640 
0 335 411 640 
0 335 410 640 
0 334 410 640 
0 334 410 640 
0 334 410 640 
0 334 410 640 
0 334 410 640 
0 334 407 640 
0 333 406 640 
0 86 89 332 406 640 
0 84 89 331 405 640 
0 83 90 331 405 640 
0 82 90 330 405 640 
0 81 90 326 327 329 404 640 
0 80 89 326 404 640 
0 80 88 325 404 640 
0 80 87 323 404 640 
0 80 85 322 404 640 
0 322 403 640 
0 322 403 640 
0 322 403 640 
0 321 404 640 
0 321 404 640 
0 213 214 320 404 640 
0 212 214 320 404 640 
0 211 213 320 403 640 
0 211 213 319 403 640 
0 211 212 319 325 326 403 640 
0 320 324 328 403 640 
0 20 21 321 324 328 403 640 
0 20 22 321 323 328 402 640 
0 19 23 320 322 327 403 640 
0 19 23 327 406 640 
0 19 24 326 409 640 
0 19 24 327 410 640 
0 19 25 328 400 401 411 640 
0 19 25 327 396 398 399 402 403 405 407 640 
0 20 24 327 395 398 399 401 403 640 
0 20 24 327 394 401 402 640 
0 21 23 99 100 327 394 640 
0 22 23 98 100 329 393 640 
0 98 101 330 393 404 405 640 
0 97 100 330 392 404 405 640 
0 96 100 332 391 640 
0 96 100 332 390 640 
0 95 99 331 388 640 
0 95 99 334 387 640 
0 94 98 334 383 385 386 640 
0 94 97 333 382 640 
0 94 96 339 383 640 
0 94 95 339 383 640 
0 339 383 640 
0 340 383 640 
0 340 383 640 
0 340 383 640 
0 340 384 640 
0 21 23 342 385 640 
0 21 24 343 386 640 
0 20 25 343 387 640 
0 20 26 343 388 640 
0 20 27 343 389 640 
0 21 28 343 389 640 
0 21 29 343 390 640 
0 21 29 343 391 640 
0 22 30 343 392 640 
0 23 30 343 392 640 
0 24 29 343 393 640 
0 25 29 343 393 640 
0 26 29 344 394 640 
0 27 28 344 394 640 
0 344 395 640 
0 344 395 640 
0 344 396 640 
0 344 397 640 
0 344 398 640 
0 344 398 640 
0 344 399 640 
0 344 400 640 
0 344 401 640 
0 344 401 640 
0 344 402 640 
0 344 402 640 
0 344 403 640 
0 344 404 640 
0 344 404 640 
0 344 405 640 
0 344 405 640 
0 344 406 640 
0 344 406 640 
0 344 407 640 
0 344 407 640 
0 344 408 640 
0 344 408 640 
0 344 409 640 
0 344 409 640 
0 344 410 640 
0 344 410 640 
0 344 410 640 
0 344 410 640 
0 344 410 640 
0 344 410 640 
0 343 410 640 
0 343 410 640 
0 343 410 640 
0 343 410 640 
0 343 409 640 
0 342 409 640 
0 342 409 640 
0 342 408 640 
0 341 408 640 
0 341 407 640 
0 341 407 640 
0 340 406 640 
0 340 406 640 
0 339 405 640 
0 339 405 640 
0 338 404 640 
0 338 403 640 
0 337 403 640 
0 337 402 640 
0 336 402 635 636 640 
0 335 401 634 636 640 
0 335 400 633 636 640 
0 334 400 632 637 640 
0 333 399 632 637 640 
0 331 399 632 637 640 
0 329 398 631 637 640 
0 328 398 631 637 640 
0 327 398 631 637 640 
0 326 398 631 637 640 
0 325 398 632 636 640 
0 325 398 632 635 640 
0 325 398 632 635 640 
0 325 329 333 398 632 634 640 
0 334 398 632 633 640 
0 334 398 640 
0 334 398 640 
0 333 398 640 
0 333 398 640 
0 333 355 357 399 640 
0 333 355 357 399 640 
0 332 355 357 399 640 
0 333 355 357 399 640 
0 332 355 357 399 640 
0 332 399 640 
0 332 399 640 
0 333 399 640 
0 333 400 640 
0 333 400 640 
0 333 402 640 
0 333 403 640 
0 333 403 640 
0 333 404 640 
0 333 403 640 
0 333 402 640 
0 333 402 640 
0 334 402 640 
0 334 402 640 
0 334 402 640 
0 334 402 640 
0 334 402 640 
0 334 403 640 
0 334 403 640 
0 334 403 640 
0 334 403 640 
0 334 403 640 
0 335 404 640 
0 335 404 640 
0 334 404 640 
0 334 404 640 
0 334 405 640 
0 334 405 640 
0 334 405 640 
0 334 405 640 
0 334 405 640 
0 334 405 640 
0 334 406 640 
0 334 406 640 
0 334 406 640 
0 225 229 334 406 640 
0 224 230 333 406 640 
0 223 230 332 407 640 
0 222 229 331 407 640 
0 221 228 330 407 640 
0 221 227 329 407 640 
0 223 226 328 407 640 
0 224 225 327 407 640 
0 326 407 640 
0 325 408 640 
0 325 408 640 
0 324 408 640 
0 323 408 640 
0 322 408 640 
0 321 408 640 
0 320 409 640 
0 319 409 640 
0 318 409 640 
0 318 409 640 
0 317 409 640 
0 315 409 640 
0 314 409 640 
0 313 410 640 
0 312 410 640 
0 311 410 640 
0 309 410 640 
0 308 410 640 
0 307 410 640 
0 306 410 640 
0 305 410 640 
0 304 411 640 
0 303 411 640 
0 302 411 640 
0 300 411 640 
0 299 411 640 
0 298 411 640 
0 297 412 640 
0 296 412 640 
0 295 412 640 
0 293 412 640 
0 167 171 292 412 640 
0 166 171 290 412 640 
0 165 170 289 413 640 
0 165 170 287 413 640 
0 165 170 285 413 640 
0 164 169 283 413 640 
0 164 168 282 413 640 
0 164 167 280 414 640 
0 278 415 640 
0 276 415 640 
0 273 414 640 
0 271 414 640 
0 269 414 640 
0 266 414 640 
0 263 414 640 
0 261 415 640 
0 259 415 640 
0 256 415 640 
0 253 415 640 
0 250 415 640 
0 248 415 640 
0 245 415 640 
0 243 416 640 
0 240 416 640 
0 238 416 640 
0 110 112 236 416 640 
0 111 113 234 416 640 
0 111 113 232 416 640 
0 111 114 230 416 640 
0 112 114 228 417 640 
0 112 114 226 417 640 
0 112 115 224 417 640 
0 113 114 223 417 640 
0 113 114 221 417 640 
0 219 417 640 
0 217 417 640 
0 215 418 640 
0 214 418 640 
0 212 418 640 
0 210 418 640 
0 209 418 640 
0 207 418 640 
0 206 418 640 
0 205 418 640 
0 203 418 640 
0 202 419 640 
0 202 419 640 
0 202 419 640 
0 203 419 640 
0 204 419 640 
0 206 419 640 
0 208 419 640 
0 208 419 640 
0 208 419 640 
0 206 420 640 
0 205 420 640 
0 203 420 640 
0 202 420 640 
0 200 420 640 
0 199 420 640 
0 197 420 640 
0 196 420 640 
0 195 421 640 
0 194 421 640 
0 193 421 640 
0 192 421 640 
0 191 421 640 
0 193 421 640 
0 198 421 640 
0 203 421 640 
0 205 422 640 
0 206 422 640 
0 206 422 640 
0 207 422 640 
0 207 422 640 
0 208 422 640 
0 209 422 640 
0 210 422 640 
0 212 423 640 
0 214 423 640 
0 216 423 640 
0 218 423 640 
0 220 423 640 
0 223 423 640 
0 225 423 640 
0 227 424 640 
0 229 424 640 
0 231 424 640 
0 232 424 640 
0 234 424 640 
0 235 424 640 
0 236 425 640 
0 237 425 640 
0 237 425 640 
0 238 425 640 
0 239 425 640 
0 239 425 640 
0 240 425 640 
0 240 426 640 
0 240 426 640 
0 241 426 640 
0 241 426 640 
0 241 426 640 
0 242 426 640 
0 242 426 640 
0 242 427 640 
0 242 427 640 
0 243 427 640 
0 243 427 640 
0 243 427 640 
0 243 427 640 
0 244 427 640 
0 244 427 640 
0 245 428 640 
0 246 428 640 
0 247 428 640 
0 249 428 640 
0 251 428 640 
0 253 428 640 
0 255 428 640 
0 259 428 640 
0 263 429 640 
0 266 429 640 
0 269 429 640 
0 272 429 640 
0 275 429 640 
0 278 429 640 
0 280 430 640 
0 282 429 640 
0 284 429 640 
0 286 429 640 
0 288 428 640 
0 290 427 640 
0 292 425 640 
0 293 425 640 
