0 165 171 640 
0 165 171 640 
0 164 172 640 
0 162 173 640 
0 162 174 640 
0 160 175 640 
0 160 175 640 
0 159 176 640 
0 158 177 640 
0 157 178 640 
0 156 178 640 
0 155 179 640 
0 154 180 640 
0 153 180 640 
0 153 181 640 
0 152 181 640 
0 151 182 640 
0 150 182 640 
0 149 183 640 
0 149 183 640 
0 148 184 640 
0 147 184 640 
0 146 185 640 
0 145 185 640 
0 145 186 640 
0 144 186 640 
0 143 187 569 571 640 
0 142 187 568 573 640 
0 142 188 568 573 640 
0 141 188 569 573 640 
0 140 189 569 571 640 
0 139 189 640 
0 138 190 640 
0 126 191 640 
0 119 192 640 
0 115 198 640 
0 111 201 640 
0 108 206 640 
0 105 210 640 
0 101 213 640 
0 99 216 640 
0 98 217 640 
0 96 220 640 
0 95 221 640 
0 93 224 640 
0 92 226 640 
0 91 227 640 
0 89 229 640 
0 88 230 640 
0 86 232 640 
0 85 234 640 
0 84 235 640 
0 83 236 640 
0 83 237 640 
0 82 238 640 
0 81 240 640 
0 80 241 640 
0 79 242 640 
0 79 244 640 
0 78 245 640 
0 77 246 640 
0 76 247 640 
0 76 247 640 
0 75 248 640 
0 74 249 640 
0 74 250 640 
0 73 250 640 
0 73 251 640 
0 72 253 640 
0 72 253 640 
0 71 254 640 
0 70 255 640 
0 70 255 640 
0 70 256 640 
0 69 257 640 
0 69 258 640 
0 68 258 640 
0 68 259 640 
0 68 260 640 
0 67 260 640 
0 67 261 640 
0 67 261 640 
0 66 262 640 
0 66 263 640 
0 65 263 640 
0 65 263 640 
0 65 264 640 
0 65 265 640 
0 64 265 640 
0 64 265 640 
0 64 266 640 
0 64 266 640 
0 63 267 640 
0 63 267 640 
0 63 267 640 
0 63 268 640 
0 63 268 640 
0 62 268 640 
0 62 269 640 
0 62 269 640 
0 62 269 640 
0 62 270 640 
0 61 270 640 
0 61 270 640 
0 61 270 640 
0 61 271 640 
0 60 271 640 
0 60 271 640 
0 60 271 640 
0 60 271 640 
0 60 271 640 
0 60 272 640 
0 60 272 640 
0 60 272 640 
0 60 272 640 
0 60 272 640 
0 60 272 640 
0 60 273 640 
0 60 273 640 
0 60 273 640 
0 60 273 640 
0 60 273 640 
0 60 273 640 
0 60 273 640 
0 61 273 640 
0 61 272 640 
0 61 272 640 
0 61 272 640 
0 61 272 640 
0 59 272 640 
0 57 272 640 
0 54 271 640 
0 51 271 640 
0 47 271 640 
0 44 271 640 
0 42 270 640 
0 41 270 640 
0 39 270 640 
0 38 269 640 
0 37 268 640 
0 35 268 640 
0 34 268 640 
0 18 30 32 268 640 
0 17 268 640 
0 18 268 640 
0 18 268 640 
0 18 268 640 
0 18 268 640 
0 19 269 640 
0 19 269 640 
0 19 270 640 
0 20 270 640 
0 20 271 640 
0 21 271 640 
0 21 272 640 
0 22 273 640 
0 22 273 640 
0 23 274 640 
0 23 275 640 
0 24 275 640 
0 24 276 640 
0 24 277 640 
0 23 278 640 
0 22 279 640 
0 22 280 640 
0 21 281 640 
0 20 281 640 
0 20 282 640 
0 21 282 640 
0 22 282 640 
0 23 281 640 
0 25 280 640 
0 27 279 640 
0 29 278 640 
0 31 277 384 390 640 
0 33 275 383 392 640 
0 34 274 382 393 640 
0 36 272 381 394 640 
0 38 271 381 395 640 
0 40 271 381 396 640 
0 42 272 380 396 640 
0 44 272 381 397 640 
0 46 66 68 272 384 397 640 
0 47 65 68 272 388 396 640 
0 49 65 68 272 390 395 640 
0 51 63 68 272 640 
0 53 63 68 272 640 
0 56 61 67 273 640 
0 59 60 67 273 640 
0 67 273 640 
0 67 273 640 
0 67 273 640 
0 67 273 640 
0 66 273 640 
0 66 273 640 
0 65 273 640 
0 66 274 640 
0 66 274 640 
0 66 274 504 506 640 
0 66 274 501 506 640 
0 65 274 498 505 640 
0 65 274 496 505 640 
0 65 275 494 505 640 
0 65 275 492 504 640 
0 65 275 490 504 640 
0 64 275 489 503 640 
0 64 275 487 503 640 
0 64 275 485 502 640 
0 64 275 484 501 640 
0 64 275 483 501 640 
0 63 275 482 500 640 
0 63 275 481 499 640 
0 63 275 481 498 640 
0 63 276 480 498 640 
0 63 276 480 497 640 
0 62 276 479 496 640 
0 62 276 479 495 640 
0 62 276 479 494 640 
0 62 276 478 493 640 
0 61 276 478 492 640 
0 61 276 478 490 640 
0 60 276 478 489 640 
0 60 276 478 486 640 
0 60 276 478 485 640 
0 59 276 479 482 640 
0 59 277 640 
0 59 277 640 
0 59 278 640 
0 58 279 640 
0 58 280 640 
0 58 280 640 
0 57 281 640 
0 57 282 640 
0 57 282 640 
0 56 283 640 
0 56 284 640 
0 55 279 281 284 640 
0 55 279 282 285 640 
0 54 280 284 286 640 
0 54 281 285 287 640 
0 54 281 640 
0 53 282 640 
0 53 282 640 
0 52 283 640 
0 52 284 640 
0 51 284 640 
0 51 285 640 
0 50 277 279 285 640 
0 50 277 280 286 640 
0 49 277 281 286 640 
0 49 277 283 287 640 
0 48 277 284 288 640 
0 48 277 286 288 640 
0 48 278 287 289 640 
0 47 278 640 
0 47 278 640 
0 46 278 640 
0 45 278 640 
0 45 278 640 
0 44 278 640 
0 44 278 640 
0 43 278 640 
0 43 278 640 
0 42 278 640 
0 41 278 640 
0 41 278 640 
0 40 276 640 
0 40 277 640 
0 39 277 640 
0 38 277 640 
0 38 277 640 
0 37 277 640 
0 37 277 640 
0 36 277 640 
0 35 277 640 
0 34 46 50 277 640 
0 34 45 51 277 640 
0 33 43 53 277 640 
0 31 41 55 277 640 
0 30 39 56 277 640 
0 29 37 57 277 640 
0 28 36 58 118 127 277 640 
0 28 34 60 114 128 129 133 277 640 
0 27 32 61 108 112 114 127 129 135 277 640 
0 26 31 62 102 103 105 135 277 640 
0 25 30 63 94 132 277 640 
0 25 28 64 91 127 277 640 
0 24 26 65 89 124 277 640 
0 24 25 67 86 120 268 269 270 271 278 640 
0 68 84 115 266 273 278 640 
0 70 81 111 263 273 279 640 
0 73 78 108 260 274 280 640 
0 105 260 274 281 640 
0 101 261 275 281 640 
0 98 263 275 282 640 
0 95 264 276 282 640 
0 93 266 276 282 640 
0 91 267 277 282 640 
0 89 269 277 283 640 
0 87 271 278 283 640 
0 85 272 278 282 640 
0 83 274 278 282 640 
0 81 276 278 282 640 
0 79 282 640 
0 78 281 640 
0 76 281 640 
0 74 281 640 
0 72 283 640 
0 70 284 640 
0 69 285 640 
0 67 285 640 
0 65 284 640 
0 63 284 640 
0 62 283 640 
0 60 283 640 
0 59 283 640 
0 59 282 640 
0 58 282 640 
0 58 282 640 
0 57 282 640 
0 57 282 640 
0 57 282 640 
0 56 282 640 
0 56 282 640 
0 56 283 640 
0 55 284 640 
0 55 284 640 
0 55 285 640 
0 55 286 640 
0 54 286 640 
0 55 287 640 
0 56 57 60 287 640 
0 61 288 640 
0 62 288 640 
0 62 288 640 
0 61 289 640 
0 61 289 640 
0 60 290 640 
0 60 290 640 
0 59 290 640 
0 59 291 640 
0 58 291 640 
0 58 291 514 517 640 
0 58 291 513 516 640 
0 57 292 640 
0 57 292 640 
0 57 292 640 
0 56 293 640 
0 56 293 640 
0 55 293 640 
0 55 294 640 
0 55 294 640 
0 54 294 640 
0 54 294 640 
0 54 295 640 
0 54 295 640 
0 53 295 640 
0 53 296 640 
0 53 296 640 
0 53 296 640 
0 53 296 640 
0 53 297 640 
0 53 297 640 
0 52 297 302 309 640 
0 52 297 300 310 640 
0 52 311 640 
0 52 310 640 
0 51 310 640 
0 51 310 640 
0 50 309 640 
0 49 309 640 
0 48 308 640 
0 47 308 640 
0 46 307 640 
0 46 307 640 
0 45 306 640 
0 45 306 640 
0 45 306 640 
0 45 305 640 
0 45 305 640 
0 45 305 640 
0 45 305 640 
0 39 40 45 304 640 
0 40 304 640 
0 40 304 640 
0 41 304 640 
0 41 304 640 
0 41 303 640 
0 41 303 640 
0 42 303 640 
0 43 303 640 
0 44 303 640 
0 45 303 640 
0 45 304 640 
0 45 304 640 
0 45 305 640 
0 45 306 640 
0 45 307 640 
0 45 308 640 
0 44 309 640 
0 44 310 640 
0 44 311 640 
0 44 312 640 
0 44 313 640 
0 44 315 640 
0 44 318 640 
0 44 321 640 
0 44 322 640 
0 44 323 640 
0 44 323 640 
0 43 323 640 
0 43 323 640 
0 43 322 640 
0 42 321 640 
0 42 320 371 373 640 
0 41 318 336 340 370 378 640 
0 41 317 335 345 369 381 640 
0 40 316 334 354 369 385 405 406 407 408 640 
0 40 316 334 361 369 390 404 413 640 
0 39 317 334 395 404 416 640 
0 39 329 335 398 403 419 640 
0 38 333 335 421 640 
0 38 424 640 
0 38 427 439 443 640 
0 38 431 438 445 640 
0 37 433 437 448 640 
0 37 449 640 
0 36 452 640 
0 36 454 640 
0 35 457 640 
0 34 459 640 
0 34 461 640 
0 34 463 470 474 640 
0 34 465 469 476 640 
0 35 478 640 
0 35 480 640 
0 35 481 640 
0 35 483 640 
0 36 485 640 
0 39 41 44 487 640 
0 44 488 640 
0 43 490 640 
0 43 491 640 
0 43 493 499 501 640 
0 43 495 498 502 640 
0 43 504 640 
0 43 505 640 
0 43 506 640 
0 42 100 101 508 640 
0 42 99 105 509 640 
0 42 99 105 511 640 
0 42 99 105 512 640 
0 42 99 106 513 640 
0 42 99 106 515 640 
0 42 99 106 516 640 
0 41 99 107 517 640 
0 41 98 107 519 640 
0 41 98 107 520 640 
0 40 98 108 526 640 
0 40 98 108 527 640 
0 40 98 108 529 640 
0 40 98 108 529 640 
0 40 98 109 530 640 
0 39 98 109 531 640 
0 39 98 109 532 640 
0 39 98 109 534 640 
0 39 98 110 534 640 
0 39 98 110 535 640 
0 38 98 110 537 640 
0 38 99 110 537 640 
0 38 99 110 538 640 
0 38 99 111 540 640 
0 38 99 111 540 640 
0 37 99 111 541 544 545 640 
0 37 100 111 546 640 
0 37 100 112 547 640 
0 37 100 112 548 640 
0 36 100 112 549 640 
0 36 100 113 550 640 
0 37 100 113 550 640 
