0 640 
0 640 
0 640 
0 640 
0 640 
0 640 
0 640 
0 640 
0 640 
0 640 
0 640 
0 640 
0 640 
0 640 
0 640 
0 640 
0 640 
0 640 
0 640 
0 640 
0 640 
0 640 
0 640 
0 640 
0 640 
0 640 
0 640 
0 317 318 640 
0 315 319 640 
0 314 320 640 
0 313 322 640 
0 312 322 640 
0 311 323 640 
0 299 301 310 324 640 
0 298 302 309 325 640 
0 298 303 308 326 640 
0 297 303 307 326 640 
0 297 304 307 327 640 
0 296 328 640 
0 296 329 640 
0 295 329 640 
0 295 330 640 
0 295 331 640 
0 294 331 640 
0 294 332 640 
0 293 333 640 
0 293 333 640 
0 293 334 640 
0 293 335 640 
0 293 335 640 
0 292 336 640 
0 292 336 640 
0 291 337 640 
0 291 337 640 
0 291 338 640 
0 290 339 640 
0 290 339 640 
0 290 340 640 
0 277 281 290 340 640 
0 268 282 289 341 640 
0 266 284 288 341 640 
0 265 341 640 
0 265 342 640 
0 265 342 640 
0 265 342 640 
0 266 343 640 
0 266 343 640 
0 266 343 640 
0 266 343 640 
0 266 343 640 
0 267 343 640 
0 267 343 640 
0 267 343 640 
0 267 343 640 
0 268 343 640 
0 268 343 640 
0 268 343 640 
0 268 343 640 
0 268 343 640 
0 266 343 640 
0 264 344 640 
0 263 346 640 
0 261 347 640 
0 260 348 640 
0 258 349 640 
0 257 350 640 
0 256 351 640 
0 255 352 640 
0 254 353 640 
0 253 354 640 
0 252 355 640 
0 252 355 640 
0 251 356 640 
0 250 356 640 
0 250 357 640 
0 250 357 640 
0 249 358 640 
0 249 359 640 
0 249 359 640 
0 248 360 640 
0 248 360 640 
0 247 361 640 
0 247 361 640 
0 247 362 640 
0 246 362 640 
0 246 362 640 
0 245 363 640 
0 245 363 640 
0 245 364 640 
0 244 364 640 
0 244 365 640 
0 244 365 640 
0 244 365 640 
0 243 366 640 
0 243 366 640 
0 243 367 640 
0 242 367 640 
0 242 367 640 
0 242 367 640 
0 242 368 640 
0 241 368 640 
0 241 368 640 
0 241 368 640 
0 240 369 640 
0 240 369 640 
0 240 369 640 
0 239 241 243 370 640 
0 239 241 243 370 640 
0 239 240 244 370 640 
0 244 370 640 
0 244 371 640 
0 244 371 640 
0 244 371 640 
0 244 371 640 
0 244 372 640 
0 246 372 640 
0 247 372 640 
0 248 372 640 
0 248 372 640 
0 249 373 640 
0 250 373 640 
0 250 373 640 
0 251 254 256 373 640 
0 261 267 268 373 640 
0 262 266 268 373 640 
0 264 266 268 373 640 
0 265 267 268 374 640 
0 265 374 640 
0 266 374 640 
0 267 374 640 
0 268 374 640 
0 268 375 640 
0 267 375 640 
0 266 375 640 
0 266 375 640 
0 265 375 640 
0 264 375 640 
0 263 375 640 
0 263 376 640 
0 264 376 640 
0 266 376 640 
0 269 376 640 
0 270 376 640 
0 271 376 640 
0 271 376 640 
0 271 377 640 
0 272 377 640 
0 272 377 640 
0 273 377 640 
0 274 377 640 
0 275 377 640 
0 277 377 640 
0 278 377 640 
0 279 377 640 
0 280 377 640 
0 280 378 640 
0 281 295 298 378 640 
0 282 293 298 378 640 
0 283 291 298 378 640 
0 284 288 298 378 640 
0 297 378 640 
0 297 378 640 
0 297 378 640 
0 297 378 640 
0 297 379 640 
0 296 379 640 
0 295 379 640 
0 294 379 640 
0 293 379 640 
0 291 379 640 
0 290 380 640 
0 288 380 640 
0 287 380 640 
0 286 380 640 
0 285 380 640 
0 284 380 640 
0 283 380 640 
0 282 380 640 
0 281 381 640 
0 280 381 640 
0 279 381 640 
0 278 381 640 
0 278 381 640 
0 277 382 640 
0 276 382 640 
0 276 382 640 
0 275 383 640 
0 275 383 640 
0 275 383 640 
0 275 384 640 
0 275 384 640 
0 276 385 640 
0 276 385 640 
0 276 385 640 
0 276 386 640 
0 276 386 640 
0 275 386 640 
0 275 387 640 
0 275 387 640 
0 274 387 640 
0 273 388 640 
0 272 388 640 
0 271 388 640 
0 270 389 640 
0 269 389 640 
0 267 390 640 
0 266 390 640 
0 265 390 640 
0 264 391 640 
0 263 391 640 
0 261 391 640 
0 260 392 640 
0 260 392 640 
0 258 393 640 
0 258 393 640 
0 257 393 640 
0 256 394 640 
0 255 394 640 
0 254 394 640 
0 253 395 640 
0 253 395 640 
0 252 396 640 
0 252 396 640 
0 252 396 640 
0 252 397 640 
0 252 397 640 
0 252 397 640 
0 252 398 640 
0 253 398 640 
0 253 398 640 
0 253 399 640 
0 252 399 640 
0 252 399 640 
0 251 399 640 
0 251 400 640 
0 250 400 640 
0 249 400 640 
0 249 400 640 
0 248 400 640 
0 248 401 640 
0 247 401 640 
0 247 401 640 
0 246 401 640 
0 246 402 640 
0 245 402 640 
0 245 402 640 
0 244 402 640 
0 244 402 640 
0 243 403 640 
0 110 113 119 147 243 403 640 
0 110 115 117 150 180 181 242 403 640 
0 110 152 167 170 178 183 241 403 640 
0 97 100 110 154 166 172 176 187 241 403 640 
0 97 102 111 157 165 189 240 404 640 
0 97 103 111 159 165 192 240 404 640 
0 98 105 112 160 164 194 239 405 640 
0 99 106 112 162 163 196 239 405 640 
0 99 108 113 123 125 199 238 405 640 
0 100 111 113 123 127 202 238 405 640 
0 101 125 127 205 237 406 640 
0 93 99 102 209 237 406 640 
0 92 100 101 211 236 406 640 
0 92 215 236 406 640 
0 92 219 235 407 640 
0 94 224 235 407 640 
0 96 229 234 407 640 
0 101 232 233 407 640 
0 105 407 640 
0 109 407 640 
0 114 407 640 
0 123 407 640 
0 128 407 640 
0 135 407 640 
0 142 156 158 408 640 
0 159 403 404 408 640 
0 158 266 268 403 405 407 640 
0 158 265 268 403 406 407 640 
0 158 264 269 403 640 
0 158 263 269 403 640 
0 158 263 270 403 640 
0 159 262 270 402 640 
0 160 261 271 402 640 
0 163 260 271 402 640 
0 166 260 272 402 640 
0 166 259 272 402 640 
0 167 258 273 402 640 
0 167 257 273 401 640 
0 168 256 273 401 640 
0 169 255 273 401 640 
0 170 254 273 401 640 
0 174 253 273 400 640 
0 192 252 273 400 640 
0 199 251 273 400 640 
0 204 250 273 400 640 
0 208 249 273 400 640 
0 212 248 273 400 640 
0 216 247 273 400 640 
0 221 245 273 401 640 
0 224 244 273 401 640 
0 228 242 273 401 640 
0 231 240 273 278 279 402 640 
0 273 278 279 402 640 
0 273 277 279 402 640 
0 273 277 279 402 640 
0 273 277 279 403 640 
0 273 277 279 403 640 
0 273 277 279 403 640 
0 273 277 280 403 640 
0 273 277 280 403 640 
0 273 278 280 403 640 
0 272 278 280 402 640 
0 272 278 280 402 640 
0 272 278 280 402 640 
0 273 278 280 401 640 
0 273 279 280 401 640 
0 273 279 280 401 640 
0 272 400 640 
0 272 400 640 
0 273 400 640 
0 273 399 640 
0 273 399 640 
0 273 398 640 
0 273 398 640 
0 273 398 640 
0 273 397 640 
0 273 397 640 
0 274 397 640 
0 274 396 640 
0 274 396 640 
0 274 396 640 
0 273 395 640 
0 273 395 640 
0 272 395 640 
0 272 394 640 
0 272 394 640 
0 272 393 640 
0 272 393 640 
0 273 393 640 
0 273 392 640 
0 273 392 640 
0 273 392 640 
0 274 392 640 
0 274 391 640 
0 274 391 640 
0 274 391 640 
0 275 390 640 
0 275 390 640 
0 275 390 640 
0 276 390 640 
0 276 389 640 
0 277 389 640 
0 277 389 640 
0 277 388 640 
0 276 388 640 
0 276 388 640 
0 275 388 640 
0 275 387 640 
0 275 387 640 
0 275 387 640 
0 274 387 640 
0 274 387 640 
0 274 387 640 
0 274 386 640 
0 274 386 640 
0 274 386 640 
0 274 386 640 
0 274 386 640 
0 274 386 640 
0 274 386 640 
0 274 385 640 
0 274 385 640 
0 274 385 640 
0 274 385 640 
0 274 385 640 
0 274 385 640 
0 274 385 640 
0 274 385 640 
0 274 384 640 
0 274 384 640 
0 274 384 640 
0 274 384 640 
0 275 383 640 
0 275 383 640 
0 275 383 640 
0 275 382 640 
0 275 381 640 
0 275 379 640 
0 276 378 640 
0 276 377 640 
0 276 377 640 
0 277 377 640 
0 277 377 640 
0 277 377 640 
0 277 377 640 
0 277 377 640 
0 277 377 640 
0 277 377 640 
0 276 377 640 
0 276 377 640 
0 276 376 640 
0 276 376 640 
0 275 376 640 
0 275 376 640 
0 275 376 640 
0 275 376 640 
0 275 376 640 
0 274 376 640 
0 274 376 640 
0 274 376 640 
0 274 376 640 
0 274 376 640 
0 274 376 640 
0 273 376 640 
0 273 376 640 
0 273 376 640 
0 273 376 640 
0 273 375 640 
0 273 375 640 
0 273 375 640 
0 272 375 640 
0 272 375 640 
0 272 375 640 
0 272 375 640 
0 272 375 640 
0 272 375 640 
0 272 375 640 
0 271 375 640 
0 271 375 640 
0 271 375 640 
0 271 375 640 
0 271 375 640 
0 271 375 640 
0 270 375 640 
0 270 375 640 
0 270 375 640 
0 270 375 640 
0 270 375 640 
0 270 375 640 
0 270 375 640 
0 270 375 640 
0 270 375 640 
0 270 375 640 
0 270 375 640 
0 270 375 640 
0 270 375 640 
0 269 375 640 
0 269 375 640 
0 269 375 640 
0 269 375 640 
0 269 375 640 
0 269 375 640 
0 269 375 640 
0 269 375 640 
0 269 375 640 
0 269 375 640 
0 269 375 640 
0 269 375 640 
0 269 375 640 
0 269 375 640 
0 269 375 640 
