0 640 
0 640 
0 640 
0 640 
0 640 
0 640 
0 640 
0 640 
0 640 
0 640 
0 640 
0 640 
0 640 
0 640 
0 640 
0 640 
0 640 
0 640 
0 640 
0 640 
0 640 
0 640 
0 640 
0 640 
0 640 
0 640 
0 640 
0 640 
0 640 
0 640 
0 640 
0 640 
0 640 
0 640 
0 640 
0 640 
0 640 
0 640 
0 640 
0 640 
0 640 
0 640 
0 640 
0 640 
0 640 
0 640 
0 640 
0 640 
0 640 
0 640 
0 640 
0 640 
0 640 
0 640 
0 640 
0 640 
0 640 
0 640 
0 640 
0 640 
0 640 
0 640 
0 640 
0 640 
0 640 
0 640 
0 640 
0 640 
0 640 
0 640 
0 640 
0 640 
0 640 
0 640 
0 640 
0 640 
0 640 
0 640 
0 640 
0 640 
0 640 
0 640 
0 640 
0 640 
0 640 
0 640 
0 640 
0 640 
0 640 
0 640 
0 640 
0 640 
0 640 
0 640 
0 640 
0 640 
0 640 
0 640 
0 640 
0 640 
0 640 
0 640 
0 627 631 640 
0 626 633 640 
0 627 635 640 
0 627 636 640 
0 627 638 640 
0 628 638 640 
0 629 
0 630 
0 630 
0 630 
0 630 
0 632 
0 632 
0 633 
0 633 
0 634 
0 635 
0 636 
0 637 
0 638 
0 639 
0 640 
0 640 
0 640 
0 640 
0 640 
0 640 
0 640 
0 640 
0 640 
0 640 
0 640 
0 640 
0 640 
0 640 
0 640 
0 640 
0 640 
0 640 
0 640 
0 640 
0 640 
0 640 
0 640 
0 640 
0 640 
0 640 
0 640 
0 640 
0 640 
0 640 
0 640 
0 640 
0 640 
0 640 
0 640 
0 640 
0 640 
0 640 
0 640 
0 640 
0 640 
0 640 
0 640 
0 640 
0 640 
0 640 
0 640 
0 640 
0 640 
0 640 
0 640 
0 640 
0 561 564 640 
0 560 566 640 
0 560 569 571 573 640 
0 560 574 640 
0 560 575 640 
0 558 575 640 
0 558 575 640 
0 557 574 640 
0 557 574 640 
0 556 574 640 
0 555 574 640 
0 555 574 640 
0 555 574 640 
0 555 574 640 
0 555 573 640 
0 555 573 640 
0 555 573 640 
0 555 573 640 
0 556 573 640 
0 556 573 640 
0 557 574 640 
0 558 575 640 
0 559 577 640 
0 559 577 640 
0 560 578 640 
0 562 578 640 
0 562 578 640 
0 563 578 640 
0 563 578 640 
0 563 579 640 
0 563 579 640 
0 563 579 640 
0 563 579 640 
0 563 580 640 
0 563 580 640 
0 563 581 640 
0 564 582 640 
0 564 582 640 
0 564 582 640 
0 565 582 640 
0 565 583 640 
0 566 583 640 
0 2 464 465 466 467 468 566 583 640 
471 566 584 640 
471 567 584 640 
471 567 585 640 
471 568 585 640 
471 569 585 640 
471 569 586 640 
471 569 586 640 
471 569 586 630 
0 1 470 570 587 622 
0 571 587 615 
0 571 587 608 
0 572 588 602 
0 572 
0 572 
0 572 
0 573 
0 573 
0 574 
0 574 
0 575 
0 575 
0 576 
0 576 
0 577 
0 577 
0 577 
0 578 
0 578 
0 579 
0 579 
0 580 
0 581 
0 583 638 640 
0 585 632 640 
0 586 623 640 
0 588 614 640 
0 593 603 640 
0 640 
0 640 
0 640 
0 640 
0 640 
0 640 
0 640 
0 640 
0 640 
0 640 
0 640 
0 640 
0 640 
0 640 
0 640 
0 640 
0 640 
0 640 
0 640 
0 640 
0 640 
0 640 
0 640 
0 640 
0 640 
0 640 
0 640 
0 640 
0 640 
0 640 
0 640 
0 640 
0 640 
0 640 
0 640 
0 640 
0 640 
0 640 
0 640 
1 640 
2 640 
2 640 
2 640 
3 640 
5 640 
6 640 
6 640 
6 640 
7 640 
8 640 
8 640 
9 640 
10 640 
11 640 
11 640 
11 640 
12 640 
13 640 
13 640 
14 640 
15 640 
15 640 
16 640 
17 640 
18 640 
18 640 
18 640 
18 640 
19 640 
21 640 
21 640 
22 640 
23 640 
22 640 
23 640 
0 1 24 640 
24 640 
24 640 
25 640 
26 640 
26 640 
27 640 
27 640 
27 640 
28 640 
28 640 
29 640 
30 640 
30 640 
30 640 
30 640 
31 640 
32 640 
32 640 
32 640 
33 640 
33 640 
34 640 
34 640 
34 640 
34 640 
34 640 
35 640 
35 640 
36 640 
11 12 36 640 
9 13 36 640 
6 13 36 640 
4 14 36 640 
1 14 36 640 
0 14 36 640 
0 14 37 640 
0 15 38 640 
0 15 37 640 
0 15 38 640 
0 15 38 640 
0 15 38 640 
0 15 38 640 
0 16 38 640 
0 16 38 640 
0 16 39 640 
0 16 39 640 
0 10 11 13 15 16 39 640 
0 9 38 640 
0 8 38 640 
0 8 38 640 
0 2 7 8 37 640 
37 638 
15 16 37 638 
11 18 37 638 
8 18 37 638 
6 18 37 638 
5 18 36 637 
3 18 36 637 
0 19 36 637 
0 19 35 637 
0 18 35 637 
0 18 35 638 
0 18 35 640 
0 19 34 640 
0 19 34 640 
0 19 34 640 
0 19 33 640 
0 19 33 640 
0 19 32 640 
0 19 31 640 
0 19 31 640 
0 19 30 640 
0 19 30 640 
0 19 29 640 
0 19 28 640 
0 18 28 640 
0 18 27 640 
0 18 26 640 
0 18 26 640 
0 18 24 640 
0 18 22 640 
0 18 22 640 
0 18 21 640 
0 18 20 640 
0 639 
0 638 
0 638 
0 638 
0 638 
0 637 
0 637 
0 637 
0 636 
0 636 
0 636 
0 635 
0 635 
0 635 
0 634 
0 634 
0 633 
0 633 
0 633 
0 632 
0 632 
0 632 
0 632 
0 631 
0 631 
0 631 
0 631 
0 630 
0 630 
0 630 
0 630 
0 629 
0 629 
0 629 
0 628 
0 628 
0 628 
0 628 
0 627 
0 627 
0 627 
0 626 
0 626 
0 626 
0 625 
0 625 
0 625 
0 624 
0 624 
0 623 
0 623 
0 622 
0 622 
0 622 639 640 
0 621 638 640 
0 621 638 640 
0 621 638 640 
0 620 637 640 
0 620 636 640 
0 620 636 640 
0 619 635 640 
0 618 635 640 
0 618 634 640 
0 618 634 640 
0 618 634 640 
