0 10 35 162 473 509 
0 11 34 162 473 510 
0 11 33 162 473 510 
0 12 33 161 473 511 
0 13 32 161 473 512 
0 14 31 161 472 513 
0 15 30 160 472 515 
0 16 29 160 472 516 
0 17 28 160 471 516 
0 18 27 159 471 518 
0 19 26 159 470 519 
0 22 24 158 470 520 
0 158 470 521 
0 158 469 523 
0 157 468 524 
0 157 468 525 
0 156 467 526 
0 156 467 528 
0 156 466 529 
0 155 465 530 
0 155 465 532 
0 155 464 533 
0 154 464 535 
0 154 463 536 
0 154 462 538 
0 154 461 540 
0 155 461 541 
0 158 460 543 
0 160 459 544 
0 162 459 546 
0 164 458 548 
0 166 457 550 
0 168 456 552 
0 169 456 553 
0 170 455 555 
0 172 454 557 
0 174 453 559 
0 175 452 561 
0 177 451 563 
0 178 450 565 
0 180 449 568 
0 181 448 570 
0 182 447 572 
0 183 446 574 
0 185 446 576 
0 186 445 579 
0 187 444 582 
0 188 443 584 
0 189 442 587 
0 190 440 590 
0 192 440 593 
0 193 439 596 
0 194 437 599 
0 194 436 603 
0 195 436 606 
0 196 434 611 
0 196 433 615 
0 197 432 620 
0 198 431 625 
0 198 429 629 
0 198 428 635 
0 198 427 640 
0 198 426 640 
0 198 425 640 
0 198 424 640 
0 198 423 640 
0 198 421 640 
0 197 420 640 
0 196 419 640 
0 195 417 640 
0 194 416 640 
0 192 414 640 
0 191 413 640 
0 190 412 640 
0 188 411 640 
0 187 409 640 
0 185 407 640 
0 183 406 640 
0 181 404 640 
0 180 403 640 
0 178 401 640 
0 176 399 640 
0 175 398 640 
0 173 395 640 
0 171 394 640 
0 171 392 640 
0 171 390 640 
0 171 388 640 
0 173 387 640 
0 174 385 640 
0 175 384 640 
0 175 382 640 
0 175 380 640 
0 176 378 640 
0 177 376 640 
0 178 374 640 
0 179 371 640 
0 179 370 640 
0 179 368 640 
0 180 366 640 
0 181 364 640 
0 181 362 640 
0 182 360 640 
0 183 358 640 
0 183 356 640 
0 184 355 640 
0 185 353 640 
0 185 351 640 
0 186 350 640 
0 186 349 640 
0 187 347 640 
0 187 346 640 
0 188 346 640 
0 189 345 640 
0 189 345 640 
0 190 344 640 
0 190 344 640 
0 191 344 640 
0 191 344 640 
0 192 344 640 
0 192 344 640 
0 193 344 640 
0 194 344 640 
0 194 345 640 
0 195 345 640 
0 195 345 640 
0 196 345 640 
0 196 346 640 
0 197 346 640 
0 198 347 640 
0 198 347 640 
0 199 348 640 
0 199 348 640 
0 199 348 640 
0 200 349 640 
0 200 349 640 
0 201 350 640 
0 201 350 640 
0 202 351 640 
0 202 351 640 
0 203 352 640 
0 203 353 640 
0 203 353 640 
0 204 354 640 
0 204 354 640 
0 204 355 640 
0 204 356 640 
0 204 356 640 
0 204 357 640 
0 204 357 640 
0 203 358 640 
0 203 359 640 
0 202 359 640 
0 202 360 640 
0 201 361 640 
0 200 361 640 
0 200 362 640 
0 198 363 640 
0 197 364 640 
0 194 364 640 
0 191 365 640 
0 187 366 640 
0 182 366 640 
0 178 367 640 
0 174 368 640 
0 170 369 640 
0 164 370 640 
0 159 160 161 370 640 
0 153 371 640 
0 152 372 640 
0 151 373 640 
0 151 374 640 
0 151 374 640 
0 152 375 640 
0 152 376 640 
0 152 377 640 
0 152 378 640 
0 153 379 640 
0 153 379 640 
0 153 380 640 
0 153 381 640 
0 153 382 640 
0 153 383 640 
0 154 384 640 
0 154 385 640 
0 154 386 512 513 640 
0 154 387 511 514 640 
0 154 388 511 514 640 
1 154 389 511 514 640 
2 154 390 511 515 640 
2 154 391 511 515 640 
3 155 392 511 515 640 
3 155 393 511 515 640 
4 155 394 511 515 640 
5 155 395 510 516 640 
5 155 396 510 516 639 
6 155 397 510 517 638 
6 155 399 510 517 637 
7 155 400 510 517 636 
7 156 401 510 517 634 
8 156 402 510 518 633 
9 156 403 510 518 632 
9 156 405 510 519 630 
10 156 406 510 519 629 
10 156 407 510 519 628 
11 156 409 510 520 626 
12 156 410 510 520 624 
13 156 411 510 520 623 
13 156 413 510 521 621 
14 76 79 157 414 509 521 620 
15 75 80 157 416 509 521 618 
15 74 81 157 418 509 522 616 
16 73 82 157 419 509 522 615 
16 72 83 157 421 509 522 613 
17 71 84 157 422 509 523 611 
18 70 86 157 424 509 523 609 
18 69 87 157 426 509 524 607 
19 68 88 157 428 508 524 605 
20 67 89 157 430 508 525 602 
20 66 91 157 432 508 525 600 
21 65 92 157 434 508 526 598 
21 64 93 157 436 508 526 595 
22 63 94 157 438 507 527 593 
23 62 95 157 440 507 528 590 
24 61 97 157 443 507 529 587 
24 59 98 157 446 506 530 584 
25 58 100 157 448 506 532 580 
26 57 101 157 451 505 533 578 
26 56 102 157 453 505 535 573 
27 55 104 157 456 504 538 568 
28 54 105 157 460 504 542 562 
29 53 106 157 464 502 
30 51 108 156 468 501 
30 50 109 156 472 500 
31 49 111 156 477 497 
32 47 113 156 
33 46 114 156 
34 44 115 155 
36 40 116 155 
118 155 
120 154 
122 154 
123 153 
125 152 
127 151 
129 150 
131 149 
134 147 
136 146 















92 95 
91 97 
90 99 
89 100 
88 100 
87 101 
86 102 
85 102 
84 103 
84 103 
83 104 
82 105 
81 105 
80 105 
79 106 
79 106 
78 107 550 556 
77 107 548 560 
77 108 546 562 
76 108 545 563 
75 109 544 565 
75 109 453 460 543 567 
74 110 451 466 542 568 
73 110 450 469 542 570 
73 110 449 472 541 571 
72 111 448 475 540 572 
71 111 447 479 540 574 
71 112 447 481 539 575 
70 112 446 484 539 576 
70 113 445 486 538 578 
69 113 445 489 537 579 
68 114 445 492 537 580 
68 114 444 496 536 581 
67 115 444 498 536 582 
66 115 444 501 535 583 
66 116 443 504 535 584 
65 116 443 507 534 585 
65 116 443 509 534 586 
64 117 442 512 533 587 
64 117 442 514 533 588 
63 118 442 517 532 589 
62 118 442 519 532 590 
62 119 442 522 531 591 
61 119 442 524 531 592 633 635 
61 120 441 525 530 592 625 638 
60 120 441 528 530 593 622 640 
60 121 441 594 618 640 
59 121 441 595 615 640 
59 121 441 595 612 640 
59 122 441 596 609 640 
58 122 440 597 606 640 
58 123 440 597 603 640 
57 123 440 598 601 640 
57 124 440 640 
56 124 440 640 
56 124 440 640 
56 125 439 640 
55 125 439 640 
55 126 439 640 
55 126 439 640 
54 126 439 640 
54 127 439 640 
54 127 438 640 
53 127 438 640 
53 128 438 640 
53 128 438 640 
52 128 438 640 
52 129 438 640 
52 129 438 640 
52 130 437 640 
52 130 437 640 
51 130 437 640 
51 130 437 640 
51 131 437 640 
51 131 437 640 
51 131 437 640 
51 131 437 640 
51 132 437 640 
51 132 437 640 
51 132 248 310 436 640 
51 132 219 311 385 640 
51 132 208 311 374 640 
51 133 200 311 365 640 
51 133 195 311 361 640 
51 133 190 312 356 640 
52 133 186 312 352 640 
0 2 52 133 181 312 350 640 
0 5 52 133 178 312 347 640 
0 9 52 133 175 313 346 640 
0 13 52 133 172 312 345 640 
0 15 52 133 170 312 344 640 
0 18 52 133 168 311 343 640 
0 21 53 133 164 310 342 640 
0 24 53 133 162 309 341 640 
0 26 53 133 160 308 341 640 
0 27 53 133 158 307 341 640 
0 29 54 133 156 305 340 640 
0 31 54 133 154 305 340 640 
0 33 54 133 153 304 340 640 
0 34 54 133 151 303 340 640 
0 36 55 132 149 302 340 640 
0 37 55 132 147 300 339 640 
0 39 55 132 146 299 339 640 
0 40 56 132 145 298 339 640 
0 41 56 131 143 297 339 640 
0 42 57 131 141 296 339 640 
0 44 57 131 140 295 340 640 
0 45 57 130 138 294 340 640 
0 46 58 130 136 293 340 640 
0 47 58 130 135 292 340 640 
0 48 58 129 134 291 341 640 
0 49 59 129 133 290 341 640 
0 50 59 128 131 289 342 640 
0 51 60 128 129 288 342 640 
0 52 60 287 343 640 
0 53 61 286 343 640 
0 54 61 285 344 640 
0 55 61 284 344 640 
0 56 62 283 345 640 
0 57 62 282 345 640 
0 58 63 281 346 640 
0 59 63 280 347 640 
0 60 64 279 347 640 
0 61 64 278 348 640 
0 62 65 277 349 640 
0 63 65 276 350 640 
0 64 65 275 351 640 
0 274 351 640 
0 273 353 640 
0 272 353 640 
0 271 354 640 
0 270 355 640 
0 270 355 640 
0 269 356 640 
0 268 357 640 
0 267 358 640 
0 265 359 640 
0 265 360 640 
0 263 361 640 
0 262 362 640 
0 262 363 640 
0 260 364 640 
0 259 365 640 
0 259 366 640 
0 258 367 640 
0 256 368 640 
0 255 369 640 
0 254 370 640 
2 253 371 640 
3 252 372 640 
5 251 373 640 
6 249 374 640 
8 248 375 640 
9 247 376 640 
11 246 376 640 
13 245 378 640 
14 244 379 640 
16 243 380 640 
18 241 381 640 
20 240 382 640 
21 238 383 640 
23 237 384 640 
25 236 385 640 
26 234 386 640 
28 233 387 640 
29 231 389 640 
30 229 390 640 
32 227 391 640 
32 226 392 640 
33 225 393 640 
34 222 394 640 
34 221 395 640 
33 219 395 640 
33 217 395 640 
32 214 394 640 
30 212 392 640 
29 209 391 640 
27 207 391 640 
26 204 390 640 
24 201 389 640 
22 197 388 640 
19 194 387 640 
17 190 386 640 
14 184 385 640 
12 178 385 640 
9 172 384 640 
5 167 383 640 
1 167 382 640 
0 169 381 640 
0 171 380 640 
0 174 380 640 
0 176 379 640 
0 178 378 640 
0 180 377 640 
0 181 376 640 
0 183 375 640 
0 184 374 640 
0 186 374 640 
0 187 373 640 
0 188 372 640 
0 189 371 640 
0 30 45 191 371 640 
0 25 47 191 370 640 
0 21 47 192 369 640 
0 17 48 193 368 640 
0 14 48 194 368 640 
0 10 48 195 367 640 
0 8 48 196 366 640 
0 5 48 197 365 640 
0 2 48 198 364 640 
48 199 363 640 
47 200 363 640 
47 200 362 640 
47 201 362 640 
46 202 361 640 
46 202 360 640 
