0 214 286 640 
0 215 286 640 
0 215 286 640 
0 216 286 640 
0 217 286 640 
0 218 287 640 
0 218 287 640 
0 219 287 640 
0 219 287 640 
0 220 288 640 
0 221 288 640 
0 221 288 640 
0 222 288 640 
0 223 289 640 
0 223 289 640 
0 224 289 640 
0 225 290 640 
0 226 290 640 
0 226 290 640 
0 227 290 640 
0 228 291 640 
0 229 291 640 
0 229 291 640 
0 230 292 640 
0 231 292 640 
0 232 292 640 
0 232 292 640 
0 233 293 640 
0 234 293 640 
0 234 293 640 
0 235 293 640 
0 236 294 640 
0 237 294 640 
0 237 294 640 
0 238 295 640 
0 239 295 640 
0 240 295 640 
0 241 296 640 
0 241 296 640 
0 242 296 640 
0 243 296 640 
0 244 297 640 
0 245 297 640 
0 246 297 640 
0 246 298 640 
0 247 298 640 
0 248 298 640 
0 249 298 640 
0 250 299 640 
0 250 299 640 
0 251 300 640 
0 252 300 640 
0 253 300 640 
0 254 300 640 
0 254 301 640 
0 255 301 640 
0 256 301 640 
0 257 302 640 
0 258 302 640 
0 259 302 640 
0 260 303 640 
0 260 303 640 
0 261 303 640 
0 262 304 640 
0 263 304 640 
0 264 304 640 
0 265 305 640 
0 266 305 640 
0 267 305 640 
0 268 306 640 
0 269 306 640 
0 270 306 640 
0 271 307 640 
0 272 307 640 
0 273 308 640 
0 274 308 640 
0 275 308 640 
0 276 309 640 
0 277 309 640 
0 278 309 640 
0 279 310 640 
0 280 310 640 
0 281 311 640 
0 282 311 640 
0 283 312 640 
0 284 312 640 
0 286 313 640 
0 287 313 640 
0 288 313 640 
0 289 314 640 
0 290 314 640 
0 292 315 640 
0 293 315 640 
0 295 316 640 
0 296 316 640 
0 298 317 640 
0 299 317 640 
0 300 318 640 
0 302 318 640 
0 303 319 640 
0 304 319 640 
0 306 320 640 
0 307 320 640 
0 309 321 640 
0 311 321 640 
0 313 322 640 
0 314 322 640 
0 315 323 640 
0 316 323 640 
0 317 323 640 
0 317 324 640 
0 318 324 640 
0 319 324 640 
0 320 325 640 
0 320 325 640 
0 322 325 640 
0 323 324 640 
0 640 
0 640 
0 640 
0 640 
0 640 
0 640 
0 640 
0 640 
0 640 
0 640 
0 640 
0 640 
0 640 
0 640 
0 640 
0 640 
0 640 
0 640 
0 640 
0 640 
0 640 
0 640 
0 640 
0 640 
0 640 
0 640 
0 640 
0 640 
0 640 
0 640 
0 640 
0 640 
0 640 
0 640 
0 640 
0 640 
0 640 
0 640 
0 640 
0 640 
0 640 
0 640 
0 640 
0 640 
0 640 
0 640 
0 640 
0 640 
0 640 
0 640 
0 640 
0 640 
0 640 
0 640 
0 640 
0 640 
0 640 
0 640 
0 640 
0 640 
0 640 
0 640 
0 640 
0 640 
0 640 
0 640 
0 640 
0 640 
0 640 
0 640 
0 640 
0 640 
0 640 
0 640 
0 640 
0 640 
0 640 
0 640 
0 640 
0 640 
0 640 
0 640 
0 640 
0 640 
0 640 
0 640 
0 640 
0 640 
0 640 
0 640 
0 640 
0 640 
0 640 
0 640 
0 640 
0 640 
0 640 
0 640 
0 640 
0 640 
0 640 
0 640 
0 640 
0 640 
0 640 
0 640 
0 640 
0 640 
0 640 
0 640 
0 321 322 640 
0 319 324 640 
0 318 325 640 
0 317 326 640 
0 316 327 640 
0 316 327 640 
0 315 327 640 
0 315 327 640 
0 316 327 640 
0 316 326 640 
0 317 325 640 
0 318 325 640 
0 319 323 640 
0 320 322 640 
0 640 
0 640 
0 640 
0 640 
0 640 
0 640 
0 640 
0 640 
0 640 
0 640 
0 640 
0 640 
0 640 
0 640 
0 640 
0 640 
0 640 
0 640 
0 640 
0 640 
0 640 
0 640 
0 640 
0 640 
0 640 
0 640 
0 640 
0 640 
0 640 
0 640 
0 640 
0 640 
0 640 
0 640 
0 640 
0 640 
0 640 
0 640 
0 640 
0 640 
0 640 
0 640 
0 640 
0 640 
0 640 
0 640 
0 640 
0 640 
0 640 
0 640 
0 640 
0 640 
0 640 
0 640 
0 640 
0 640 
0 640 
0 640 
0 640 
0 640 
0 640 
0 640 
0 640 
0 640 
0 640 
0 640 
0 640 
0 640 
0 640 
0 640 
0 640 
0 640 
0 640 
0 640 
0 640 
0 640 
0 640 
0 640 
0 640 
0 640 
0 640 
0 640 
0 640 
0 640 
0 640 
0 640 
0 640 
0 640 
0 640 
0 640 
0 640 
0 640 
0 640 
0 640 
0 640 
0 640 
0 640 
0 640 
0 640 
0 640 
0 640 
0 640 
0 640 
0 640 
0 640 
0 640 
0 640 
0 640 
0 640 
0 640 
0 640 
0 640 
0 640 
0 640 
0 640 
0 640 
0 640 
0 640 
0 640 
0 640 
0 640 
0 640 
0 640 
0 640 
0 640 
0 640 
0 640 
0 640 
0 640 
0 640 
0 640 
0 640 
0 640 
0 640 
0 640 
0 640 
0 640 
0 640 
0 640 
0 640 
0 640 
0 640 
0 640 
0 640 
0 640 
0 640 
0 640 
0 640 
0 640 
0 640 
0 640 
0 640 
0 640 
0 640 
0 640 
0 640 
0 640 
0 640 
0 640 
0 640 
0 640 
0 640 
0 640 
0 640 
0 640 
0 640 
0 640 
0 640 
0 640 
0 640 
0 640 
0 640 
0 640 
0 640 
0 640 
0 640 
0 640 
0 640 
0 640 
0 640 
0 640 
0 640 
0 640 
0 640 
0 640 
0 640 
0 640 
0 640 
0 640 
0 640 
0 640 
0 640 
0 640 
0 640 
0 640 
0 640 
0 640 
0 640 
0 640 
0 640 
0 640 
0 640 
0 640 
0 640 
0 640 
0 640 
0 640 
0 640 
0 640 
0 640 
0 640 
0 640 
0 640 
0 640 
0 640 
0 640 
0 640 
0 640 
0 640 
0 640 
0 640 
0 640 
0 640 
0 640 
0 640 
0 640 
0 640 
0 640 
0 640 
0 640 
0 640 
0 640 
0 640 
0 640 
0 640 
0 640 
0 640 
0 640 
0 640 
