0 640 
0 640 
0 640 
0 640 
0 640 
0 640 
0 640 
0 640 
0 640 
0 640 
0 640 
0 640 
0 640 
0 640 
0 640 
0 640 
0 640 
0 640 
0 640 
0 640 
0 640 
0 640 
0 640 
0 640 
0 640 
0 640 
0 640 
0 640 
0 640 
0 640 
0 640 
0 640 
0 640 
0 640 
0 640 
0 640 
0 640 
0 640 
0 640 
0 640 
0 640 
0 640 
0 640 
0 640 
0 640 
0 640 
0 640 
0 640 
0 640 
0 640 
0 640 
0 640 
0 640 
0 640 
0 640 
0 640 
0 640 
0 640 
0 640 
0 314 330 640 
0 310 335 640 
0 307 338 640 
0 304 341 640 
0 302 343 640 
0 300 345 640 
0 298 347 640 
0 296 348 640 
0 295 349 640 
0 293 351 640 
0 292 352 640 
0 290 353 640 
0 289 354 640 
0 288 355 640 
0 287 356 640 
0 286 357 640 
0 286 358 640 
0 285 359 640 
0 283 360 640 
0 283 361 640 
0 282 362 640 
0 281 363 640 
0 281 363 640 
0 280 364 640 
0 280 365 640 
0 279 365 640 
0 145 147 279 366 640 
0 144 147 278 366 640 
0 144 147 278 367 640 
0 144 148 277 367 640 
0 144 148 277 368 640 
0 144 147 276 368 640 
0 145 147 276 369 640 
0 145 147 276 369 640 
0 146 147 276 370 640 
0 275 370 640 
0 275 371 640 
0 275 371 640 
0 275 371 640 
0 275 372 640 
0 274 372 640 
0 274 372 640 
0 274 372 640 
0 274 373 640 
0 274 373 640 
0 274 374 640 
0 273 374 640 
0 273 375 640 
0 273 375 640 
0 273 375 640 
0 273 376 640 
0 273 376 640 
0 274 377 640 
0 274 377 640 
0 274 378 640 
0 274 375 377 378 640 
0 273 375 640 
0 273 375 640 
0 273 375 640 
0 273 375 640 
0 273 375 640 
0 273 376 640 
0 273 376 640 
0 273 376 640 
0 273 377 640 
0 273 377 640 
0 273 378 640 
0 273 378 640 
0 274 379 640 
0 274 379 640 
0 273 379 640 
0 269 380 640 
0 266 376 378 380 640 
0 266 375 378 380 640 
0 266 375 379 381 640 
0 265 375 379 381 640 
0 264 375 380 381 640 
0 264 375 640 
0 266 376 640 
0 267 376 640 
0 267 376 640 
0 267 376 640 
0 268 376 640 
0 268 376 640 
0 268 376 640 
0 267 376 640 
0 267 376 640 
0 268 376 496 501 640 
0 269 376 492 500 640 
0 270 376 490 498 640 
0 270 376 491 495 640 
0 270 377 640 
0 270 377 640 
0 270 377 640 
0 270 377 640 
0 270 378 640 
0 270 378 640 
0 270 378 640 
0 271 378 640 
0 271 379 640 
0 271 379 640 
0 272 379 640 
0 272 279 280 376 640 
0 249 253 272 273 275 280 282 376 640 
0 245 259 272 273 275 280 283 376 640 
0 154 155 243 264 272 275 276 278 282 375 640 
0 154 156 241 275 277 278 282 375 640 
0 154 156 239 278 279 285 287 350 351 374 640 
0 154 157 239 285 286 349 351 369 370 374 640 
0 155 157 239 348 350 368 370 373 640 
0 155 157 236 237 238 347 350 367 370 373 640 
0 155 157 235 346 350 366 370 372 640 
0 155 157 235 345 351 358 360 365 640 
0 155 158 235 344 352 357 360 363 640 
0 156 158 233 234 235 344 351 357 360 362 640 
0 157 158 233 345 350 356 360 361 640 
0 232 355 640 
0 232 355 640 
0 233 357 640 
0 231 232 233 358 640 
0 52 72 230 358 640 
0 32 92 228 358 640 
0 22 103 226 358 640 
0 8 114 224 359 640 
123 223 359 640 
129 219 221 222 359 640 
134 218 360 640 
137 215 362 640 
141 214 215 216 363 640 
145 215 365 640 
148 211 213 214 366 640 
151 209 368 640 
153 208 369 640 
155 208 371 640 
158 206 372 640 
160 204 373 640 
163 201 375 640 
165 197 376 640 
167 190 377 640 
170 183 378 640 
380 640 
381 640 
382 640 
383 640 
384 640 
386 640 
387 640 
288 290 388 640 
271 296 389 640 
266 303 391 640 
261 308 392 640 
260 310 394 640 
260 311 395 640 
261 311 396 640 
265 311 398 640 
269 312 399 640 
271 312 401 640 
273 312 402 640 
274 312 403 640 
275 313 404 640 
277 313 405 640 
277 313 406 640 
278 314 407 640 
279 314 408 640 
280 314 409 640 
280 314 410 640 
281 315 410 640 
281 315 411 640 
282 315 412 640 
283 316 412 640 
283 316 413 640 
262 264 284 317 413 640 
262 265 269 276 284 317 413 640 
261 276 285 317 414 640 
260 276 285 318 414 640 
258 279 286 318 414 640 
239 242 257 278 286 318 415 640 
193 199 239 244 255 280 286 319 415 640 
188 202 241 246 252 279 287 319 415 640 
178 179 184 203 243 246 247 249 251 279 280 281 287 319 415 640 
172 204 247 279 287 319 415 640 
169 206 248 280 288 320 415 640 
167 208 250 280 288 320 415 640 
164 209 250 281 289 321 414 640 
162 211 245 281 282 283 289 321 414 640 
160 212 246 281 289 321 414 640 
158 214 232 238 240 282 290 321 414 640 
156 217 232 282 290 322 414 640 
153 218 233 284 290 322 413 640 
151 220 234 283 290 322 413 640 
1 2 148 225 235 283 290 322 413 640 
0 6 145 227 230 234 237 283 291 322 413 640 
0 19 142 235 238 283 291 322 412 640 
0 30 138 284 291 323 412 640 
0 40 133 284 285 286 291 323 412 640 
0 54 127 284 285 286 292 322 411 640 
0 71 72 74 109 284 292 322 411 640 
0 284 292 322 410 640 
0 284 292 322 410 640 
0 286 292 322 410 640 
0 215 216 286 292 322 410 640 
0 215 217 285 293 322 409 640 
0 215 217 285 293 322 409 640 
0 215 218 285 293 322 408 640 
0 215 219 285 293 321 408 640 
0 215 219 286 293 321 407 640 
0 216 219 286 293 321 407 640 
0 216 219 285 293 321 407 640 
0 217 218 284 293 321 406 640 
0 280 293 321 406 640 
0 278 293 320 405 640 
0 277 293 320 405 411 412 640 
0 275 292 320 404 411 414 640 
0 275 292 320 404 411 415 640 
0 270 292 320 404 412 417 640 
0 270 272 273 292 320 404 413 418 640 
0 270 291 320 404 414 419 640 
0 270 291 320 404 415 420 640 
0 270 291 319 404 417 421 640 
0 271 291 319 404 419 422 640 
0 272 290 319 404 640 
0 273 290 319 404 640 
0 274 289 319 404 640 
0 275 289 319 405 640 
0 278 288 319 405 640 
0 279 287 319 405 640 
0 283 286 319 405 640 
0 320 405 640 
0 320 405 640 
0 318 405 640 
0 317 405 640 
0 317 406 640 
0 316 406 640 
0 315 406 640 
0 314 406 640 
0 314 406 640 
0 313 407 640 
0 313 407 640 
0 313 407 640 
0 312 407 640 
0 312 407 640 
0 312 407 640 
0 312 407 640 
0 317 408 640 
0 324 408 640 
0 325 408 640 
0 326 409 640 
0 326 409 640 
0 327 410 640 
0 328 412 640 
0 329 413 640 
0 329 414 640 
0 211 216 329 415 640 
0 209 218 330 416 640 
0 207 219 330 416 640 
0 207 219 330 416 640 
0 210 216 330 416 640 
0 212 214 331 416 640 
0 332 416 640 
0 333 415 640 
0 334 415 640 
0 336 414 640 
0 338 414 640 
0 339 414 640 
0 340 414 640 
0 341 415 640 
0 342 415 640 
0 343 415 640 
0 343 415 640 
0 344 416 640 
0 344 416 640 
0 344 416 640 
0 343 417 640 
0 342 417 575 578 640 
0 342 417 575 579 640 
0 341 417 576 580 640 
0 340 417 577 580 640 
0 340 418 578 581 640 
0 339 418 579 581 640 
0 337 418 640 
0 334 418 640 
0 333 419 640 
0 334 419 640 
0 335 419 640 
0 334 420 640 
0 333 420 640 
0 333 420 640 
0 332 420 640 
0 331 420 640 
0 330 421 640 
0 330 421 640 
0 329 421 640 
0 265 269 270 271 328 421 640 
0 265 274 327 421 640 
0 266 275 327 422 640 
0 267 276 326 422 640 
0 270 273 325 422 640 
0 324 422 640 
0 324 422 640 
0 323 423 640 
0 322 423 640 
0 322 423 640 
0 321 423 640 
0 320 423 640 
0 319 424 640 
0 318 424 640 
0 318 424 640 
0 317 424 640 
0 316 424 640 
0 316 425 640 
0 315 425 640 
0 314 425 640 
0 314 425 640 
0 313 425 640 
0 312 426 640 
0 311 426 640 
0 311 426 640 
0 310 426 640 
0 309 426 640 
0 309 427 640 
0 308 427 640 
0 307 427 640 
0 306 427 640 
0 306 427 640 
0 305 427 640 
0 304 428 640 
0 303 428 640 
0 303 428 640 
0 302 428 640 
0 301 428 640 
0 300 429 640 
0 299 429 640 
0 299 429 579 580 640 
0 298 430 579 581 640 
0 297 430 579 582 640 
0 297 430 580 583 640 
0 296 430 581 583 640 
0 295 430 581 584 640 
0 294 430 582 585 640 
0 293 431 582 586 640 
0 292 431 583 586 640 
0 292 431 584 587 640 
0 291 431 584 588 640 
0 56 58 290 431 585 588 640 
0 55 58 289 432 585 588 640 
0 54 59 288 432 586 588 640 
0 52 58 287 432 587 588 640 
0 51 58 286 432 640 
0 50 58 285 432 640 
0 50 58 283 433 640 
0 50 57 283 433 640 
0 50 56 282 433 640 
0 50 55 281 433 640 
0 50 55 280 433 640 
0 50 54 278 434 640 
0 51 53 277 434 640 
0 275 434 640 
0 274 434 640 
0 273 435 640 
0 271 435 640 
0 270 435 640 
0 269 435 640 
0 267 435 640 
0 266 436 640 
0 264 436 640 
0 262 436 640 
0 204 206 261 436 640 
0 259 437 640 
0 257 437 640 
0 256 437 640 
0 254 437 640 
0 251 437 640 
0 250 438 640 
0 248 438 640 
0 246 438 640 
0 244 438 640 
0 242 438 640 
0 240 439 640 
0 238 439 640 
0 236 439 640 
0 234 439 640 
0 231 440 640 
0 228 440 640 
0 226 440 640 
0 222 440 640 
0 219 440 640 
0 217 441 640 
0 215 441 640 
0 213 441 640 
0 210 441 640 
0 208 442 640 
0 206 442 640 
0 204 442 640 
0 203 442 640 
0 201 443 640 
0 199 443 640 
0 198 443 640 
0 197 443 640 
0 196 443 640 
0 194 444 640 
0 193 444 640 
0 192 444 640 
0 191 445 640 
0 190 445 640 
0 189 445 640 
0 188 445 640 
0 187 445 640 
0 186 446 640 
0 185 446 640 
0 185 446 640 
0 184 446 640 
0 183 447 640 
0 183 447 640 
0 182 447 640 
0 182 447 640 
0 181 448 640 
0 181 448 640 
0 180 448 640 
0 179 448 640 
0 179 449 640 
0 179 449 640 
