226 378 
226 378 
226 378 
226 378 
227 378 
227 378 
227 378 
227 378 
227 378 
227 378 
227 378 
227 377 
227 377 
227 377 
227 377 
228 377 
228 377 
228 377 
228 377 
228 377 
229 376 
229 376 
230 376 
230 376 
230 375 
230 375 
231 375 
231 374 
231 374 
232 374 
232 373 
232 373 
233 373 
233 372 
234 372 
234 371 
235 370 
236 370 
236 369 
237 369 
237 368 
238 368 
239 367 
240 366 
240 365 
241 365 
242 364 
243 363 
243 363 
244 362 
245 361 
246 361 
247 360 
248 359 
249 358 
250 357 
252 356 
210 218 252 356 
210 222 254 356 
209 226 255 356 
208 230 256 357 
207 232 257 357 
207 247 258 357 
206 255 259 357 
206 356 
206 356 
205 355 
205 356 
205 356 
204 357 
203 358 
202 359 
199 360 
196 360 
194 361 
192 362 
190 362 
188 363 
187 364 
185 364 
183 365 
182 365 
180 366 
179 367 
179 198 201 367 
179 196 201 368 
179 194 200 368 
179 193 200 368 
179 191 200 369 
179 190 200 369 
180 189 200 369 
181 191 200 370 
182 194 199 370 
187 196 199 370 
188 198 199 370 
189 371 
189 371 
190 371 
190 371 
191 371 
192 371 
192 372 
193 372 
193 371 
193 371 
194 371 
194 371 
194 371 
194 371 
195 371 
195 371 
195 371 
195 371 
196 249 251 371 
196 248 251 371 
196 248 251 371 
197 248 251 371 
197 245 252 370 
197 242 252 370 
197 239 252 370 
198 239 252 370 
198 239 252 370 
198 239 253 369 
198 239 253 369 
199 240 254 369 
199 240 254 368 
199 241 254 368 
199 241 255 368 
200 242 255 367 
200 242 255 367 
200 243 256 366 
200 244 256 366 538 543 
200 244 257 366 538 545 
200 245 257 365 538 549 
199 245 258 365 539 550 
199 246 258 364 540 551 
198 247 259 363 540 551 
198 247 260 363 539 551 
197 248 260 362 538 552 
197 249 261 362 536 552 
196 250 261 361 535 552 
196 252 262 360 533 552 
196 251 263 359 531 552 
196 249 264 358 529 553 
195 244 265 357 527 553 
195 243 265 356 525 553 
195 243 266 355 523 553 
194 244 267 355 521 553 
194 244 268 354 507 509 519 553 
194 244 270 353 506 511 518 552 
193 200 203 244 270 351 505 513 515 552 
193 198 203 244 272 350 504 552 
194 195 203 245 273 349 372 375 504 552 
203 245 274 347 371 387 504 551 
203 245 276 346 373 394 504 551 
203 245 277 344 375 401 408 418 504 550 
203 245 279 342 375 422 504 550 
202 246 281 340 371 426 501 549 
202 246 283 338 369 428 500 548 
202 246 285 336 368 430 497 547 
202 246 288 334 366 432 495 547 
202 247 290 333 366 434 493 546 
202 247 293 332 364 436 491 544 
202 247 297 330 359 438 472 480 489 543 
202 247 300 329 358 439 470 482 487 541 
202 247 302 329 360 441 468 540 
202 248 303 329 363 443 467 537 
202 248 304 329 363 444 466 535 
202 248 305 329 362 446 465 528 
202 248 305 329 361 447 465 524 
202 248 305 329 360 448 464 523 
202 249 305 329 359 450 464 522 
202 249 305 328 358 451 464 521 
202 249 306 328 358 453 464 521 
202 249 306 328 357 454 463 520 
202 249 306 328 356 455 463 520 
202 250 306 328 355 456 462 520 
203 250 306 328 354 457 461 520 
203 250 307 328 353 459 460 519 
204 250 307 328 352 519 
204 250 307 328 352 519 
203 250 307 328 351 519 
203 251 307 328 350 518 
203 251 308 327 349 518 
203 251 308 326 349 517 
203 251 309 323 348 517 
203 252 309 320 347 516 
203 252 310 317 345 516 
203 252 310 316 345 515 
203 252 310 315 345 346 348 514 
203 252 347 513 
203 253 347 512 
203 253 346 511 
202 253 345 349 350 510 588 617 
202 253 345 348 350 510 582 621 
202 253 344 345 350 509 576 624 
201 253 350 507 570 627 
200 253 350 505 561 629 
200 254 349 503 549 630 
200 254 349 500 545 630 
199 254 348 499 539 630 
199 254 348 498 532 629 
199 254 330 333 348 497 528 627 
198 206 208 254 329 335 348 497 525 624 
198 206 209 254 329 336 347 350 351 497 522 620 
198 205 210 254 328 338 347 496 519 617 
198 205 211 255 328 339 348 496 517 615 
198 205 211 255 328 342 349 501 514 612 
198 205 211 255 328 610 
198 204 211 255 328 607 
198 204 211 255 327 605 
198 204 212 255 328 604 
198 204 212 255 328 604 
197 204 212 255 328 605 
197 204 212 255 328 605 
197 204 212 255 327 605 
197 204 213 255 327 605 
197 206 212 256 326 606 
197 209 213 256 325 607 
197 211 212 256 323 585 590 608 
198 256 321 585 591 609 
198 256 320 587 593 610 
198 257 320 588 595 611 
198 258 319 590 597 612 
198 259 319 590 599 613 
198 260 319 592 601 613 
199 261 319 593 604 613 
199 215 217 263 319 594 609 611 
200 215 217 264 318 595 
200 207 208 215 217 265 318 559 561 596 
200 207 208 215 218 267 318 557 562 598 
200 207 208 215 218 268 318 554 564 598 
200 207 208 215 219 269 318 552 565 600 
200 207 208 215 220 270 318 549 566 601 
200 207 209 215 220 272 317 547 568 602 
200 207 209 215 221 273 314 544 569 603 
200 206 209 214 221 274 311 542 571 603 
200 206 209 214 222 275 310 539 572 604 
200 206 209 214 222 277 310 536 574 605 
200 206 208 214 223 278 310 533 575 606 
200 206 208 215 223 279 310 530 576 607 
200 206 208 214 224 280 309 527 578 607 
200 206 207 214 225 281 309 525 580 608 
200 206 207 214 225 282 308 521 582 609 
200 214 226 283 308 520 584 610 
199 215 227 285 307 519 588 610 
199 216 228 286 307 519 597 611 
198 217 228 287 306 518 600 612 
197 217 229 288 306 517 602 612 
196 217 230 289 305 517 604 613 
196 217 231 290 305 518 606 613 
196 218 232 291 305 520 608 613 
196 218 232 292 305 522 611 612 
195 218 233 293 305 524 
195 218 234 294 305 525 
195 203 205 210 211 218 235 295 305 526 
195 202 207 208 212 218 235 297 305 527 
195 202 212 218 236 298 306 528 
195 202 212 218 237 299 306 529 
195 202 211 218 238 300 307 529 
195 202 211 218 238 300 307 530 
195 201 211 218 240 302 308 530 
195 201 211 218 241 303 309 531 
195 201 211 218 242 304 309 531 
195 201 211 217 243 304 310 532 
194 201 211 217 244 305 311 532 
194 201 211 217 245 306 311 533 
194 201 211 217 245 307 312 533 
194 201 210 217 246 308 313 533 
194 201 210 217 247 309 313 534 
194 201 210 217 248 310 314 534 
194 207 210 217 249 311 315 534 
194 217 250 312 315 535 
195 217 250 313 316 535 
195 216 252 314 317 535 
195 216 253 315 317 535 
195 215 254 316 318 536 
195 215 255 317 319 536 
195 215 256 318 319 536 
196 214 257 318 320 537 
197 213 258 319 320 537 
197 212 259 537 
198 205 206 212 260 537 
197 204 206 212 261 537 
197 204 206 212 262 538 
197 204 206 212 262 538 
197 204 206 212 263 538 
197 204 206 212 264 538 
197 204 206 212 265 538 
197 204 206 212 266 538 
197 204 206 212 267 539 
197 204 206 212 268 539 
197 204 206 212 269 539 
197 204 206 212 270 539 
197 204 206 211 271 539 
196 204 206 211 272 539 
196 204 206 211 273 539 
196 204 205 211 274 539 
196 212 275 539 
196 212 276 539 
195 213 277 539 
195 214 278 538 
194 214 279 538 
194 214 280 538 
193 215 281 537 
193 215 282 537 
193 215 282 537 
193 215 284 536 
193 215 285 535 
192 200 202 215 286 535 
192 200 208 215 287 534 
192 200 208 215 288 534 
192 199 208 215 289 533 
192 199 208 215 290 533 
192 199 208 215 291 532 
192 199 209 215 292 531 
192 199 209 215 293 530 
192 199 208 215 294 530 
192 199 208 215 295 529 
192 198 209 215 296 528 
192 198 209 215 297 527 
192 198 209 215 298 526 
192 198 208 215 299 525 
192 198 209 215 300 525 
192 198 208 215 301 524 
192 198 208 215 302 524 
192 199 200 206 207 214 304 523 
192 214 305 522 
192 214 305 521 
192 214 305 520 
192 214 305 519 
192 214 304 518 
192 213 304 517 
193 213 303 515 
193 212 302 514 
194 211 302 513 
195 210 301 512 
195 210 300 512 
195 202 203 210 300 511 
195 201 203 210 299 509 
195 201 203 210 298 508 
194 201 203 209 298 508 
194 201 203 209 297 507 
194 201 203 209 296 506 
194 201 203 209 294 505 
194 201 203 209 291 504 
194 200 202 209 290 501 
194 200 202 209 289 500 
194 200 202 209 288 499 
194 200 202 209 287 498 
193 200 202 209 287 497 
193 200 202 208 286 496 
193 200 202 208 286 495 
193 200 202 208 285 493 
193 208 285 492 
192 208 285 490 
191 209 284 487 
191 210 284 485 
190 211 283 484 
190 211 282 484 
190 211 282 483 
190 211 281 480 
189 211 280 479 
189 211 279 478 
189 212 279 477 
189 203 205 212 278 469 
189 196 205 211 277 468 
189 196 205 211 277 468 
188 195 206 211 276 462 464 467 
188 195 206 212 276 461 
188 195 205 212 276 460 
188 195 205 211 275 456 
188 195 205 211 275 453 455 456 
188 195 205 211 275 452 
187 195 205 211 275 452 
187 194 205 211 275 451 
188 194 205 211 275 451 
188 194 205 211 275 450 
188 194 205 211 275 450 
188 194 205 211 274 450 
187 194 204 211 274 450 
188 194 200 201 204 211 274 450 
188 195 197 210 273 450 
188 210 273 450 
188 210 272 449 
187 210 272 449 
187 210 271 449 
188 210 271 449 
188 209 270 449 
189 209 270 449 
189 209 269 449 
190 208 269 449 
190 207 268 448 
190 206 268 448 
190 197 198 205 267 448 
190 197 198 205 267 448 
190 197 198 205 266 448 
190 196 198 205 266 448 
189 196 198 204 265 448 
189 196 198 204 265 448 
189 196 198 204 264 447 
189 195 197 204 263 447 
188 195 197 204 263 447 
188 195 197 204 262 447 
188 195 197 204 262 447 
188 195 197 203 261 447 
188 194 197 203 261 447 
188 195 197 203 260 447 
187 195 196 203 260 447 
187 203 260 447 
186 202 259 446 
185 203 258 446 
185 203 258 446 
185 204 258 446 
184 205 257 446 
184 205 257 446 
183 205 256 446 
183 205 256 445 
183 205 256 445 
183 205 255 445 
183 197 198 205 255 445 
182 196 198 205 254 445 
182 189 192 193 198 205 254 446 
182 189 198 205 253 446 
182 189 198 205 253 446 
182 189 198 205 252 446 
182 189 198 205 252 446 
182 188 198 205 252 446 
182 188 198 205 251 446 
181 188 198 205 251 447 
181 188 198 205 250 447 
181 188 198 204 250 447 
181 188 198 204 250 447 
181 188 198 204 249 447 
181 188 197 204 249 447 
181 188 191 204 248 447 
181 188 190 204 248 447 
181 204 248 447 
181 203 247 447 
181 203 247 447 
181 203 247 448 
181 203 246 448 
181 203 246 448 
182 202 246 448 
182 202 246 448 
183 202 245 448 
183 201 245 448 
183 201 245 448 
183 199 244 448 
183 190 191 198 244 448 
183 189 191 198 244 448 
182 189 191 197 243 448 
182 189 191 197 243 448 
182 189 191 197 243 448 
182 188 191 197 243 448 
182 188 190 197 243 448 
182 188 190 197 242 449 
181 188 190 197 242 449 
181 188 190 196 242 449 
181 188 190 196 242 449 
181 188 190 196 242 449 
180 196 242 449 
179 195 242 449 
178 195 242 449 
178 195 241 449 
177 196 241 449 
177 197 241 449 
177 198 241 449 
176 198 241 449 
176 198 241 449 
176 198 241 449 
176 198 241 449 
175 198 241 449 
175 189 191 198 241 450 
175 188 192 198 241 450 
175 183 191 198 241 450 
175 182 191 198 241 450 
175 181 191 198 241 450 
175 181 191 198 241 450 
175 182 191 198 241 450 
