0 640 
0 640 
0 640 
0 153 154 640 
0 152 155 640 
0 150 156 640 
0 149 156 640 
0 148 156 640 
0 146 157 640 
0 145 157 640 
0 144 158 640 
0 143 158 640 
0 141 158 640 
0 140 159 640 
0 139 160 640 
0 138 160 640 
0 137 161 640 
0 136 161 640 
0 135 161 640 
0 134 162 640 
0 133 162 640 
0 132 162 640 
0 131 163 640 
0 130 163 640 
0 129 163 640 
0 128 164 640 
0 127 164 640 
0 126 165 640 
0 125 165 640 
0 124 165 640 
0 123 165 640 
0 122 166 640 
0 121 166 640 
0 120 166 640 
0 119 166 640 
0 118 167 640 
0 117 167 640 
0 116 167 640 
0 115 168 640 
0 115 168 640 
0 114 168 640 
0 113 169 640 
0 112 169 640 
0 111 170 640 
0 110 170 640 
0 107 170 640 
0 88 171 640 
0 79 171 640 
0 74 171 640 
0 70 171 640 
0 67 172 640 
0 66 172 640 
0 64 172 640 
0 61 172 640 
0 60 173 640 
0 58 174 640 
0 57 176 640 
0 55 179 640 
0 54 182 640 
0 53 185 640 
0 51 187 640 
0 50 189 640 
0 50 191 640 
0 49 192 640 
0 48 194 640 
0 47 196 640 
0 46 197 640 
0 45 199 640 
0 43 200 640 
0 43 202 640 
0 42 203 640 
0 41 204 640 
0 40 206 640 
0 40 206 640 
0 39 207 640 
0 38 209 640 
0 38 210 640 
0 37 210 640 
0 37 212 640 
0 36 212 640 
0 35 214 640 
0 35 214 640 
0 34 215 640 
0 34 217 640 
0 33 217 640 
0 32 218 640 
0 32 219 640 
0 32 220 640 
0 31 221 640 
0 31 221 640 
0 30 222 640 
0 30 223 640 
0 29 223 640 
0 29 224 640 
0 29 225 640 
0 28 226 640 
0 28 226 640 
0 28 227 640 
0 27 227 640 
0 27 228 640 
0 27 228 640 
0 26 229 640 
0 26 230 640 
0 25 230 640 
0 25 231 640 
0 25 231 640 
0 24 231 640 
0 24 232 640 
0 24 232 640 
0 24 232 640 
0 24 233 640 
0 23 233 640 
0 23 234 640 
0 23 234 640 
0 23 235 640 
0 23 235 640 
0 22 235 640 
0 22 236 640 
0 22 236 640 
0 22 236 640 
0 22 236 640 
0 22 237 640 
0 22 237 640 
0 22 237 640 
0 22 237 640 
0 22 237 640 
0 22 238 640 
0 22 238 640 
0 22 238 640 
0 21 238 640 
0 22 238 610 612 640 
0 22 238 609 612 640 
0 22 238 608 612 640 
0 22 238 607 612 640 
0 23 238 607 612 640 
0 22 238 606 611 640 
0 22 238 606 611 640 
0 19 238 608 610 640 
0 17 238 640 
0 14 238 640 
0 10 238 640 
0 8 238 640 
0 5 238 640 
0 3 238 640 
238 640 
238 640 
238 640 
238 640 
238 640 
238 640 
238 640 
238 640 
238 640 
238 640 
237 640 
237 640 
237 514 517 640 
237 513 515 640 
236 640 
236 640 
235 640 
235 640 
234 640 
234 640 
233 640 
232 640 
232 640 
232 640 
232 640 
232 640 
232 640 
232 640 
232 640 
232 640 
232 640 
232 640 
232 640 
233 640 
233 640 
233 640 
234 640 
234 640 
235 640 
235 640 
236 640 
237 640 
237 640 
0 2 17 19 238 640 
0 3 16 19 238 640 
0 5 15 19 239 640 
0 6 13 19 240 640 
0 9 12 19 240 640 
0 18 241 640 
0 18 242 640 
0 18 243 640 
0 17 243 640 
0 17 244 640 
0 17 243 640 
0 16 242 640 
0 16 241 640 
0 15 240 640 
0 15 238 640 
0 15 236 640 
0 14 235 640 
0 14 233 640 
0 14 232 640 
0 13 232 640 
0 13 232 640 
0 13 232 640 
0 12 232 640 
0 12 232 640 
0 12 232 640 
0 11 232 640 
0 11 232 640 
0 10 232 640 
0 10 232 640 
0 9 232 640 
0 9 232 640 
0 9 232 640 
0 8 232 640 
0 8 232 640 
0 8 232 640 
0 7 232 640 
0 7 232 640 
0 6 232 640 
0 6 232 640 
0 5 232 640 
0 5 233 640 
0 5 233 640 
0 4 233 640 
0 4 233 640 
0 3 233 640 
0 3 233 640 
0 3 233 640 
0 2 233 640 
0 2 233 640 
0 1 233 640 
233 640 
233 640 
233 640 
233 640 
233 640 
233 640 
233 640 
233 640 
234 640 
234 640 
234 640 
234 640 
234 640 
234 640 
234 640 
234 640 
235 640 
235 640 
235 640 
236 640 
236 640 
236 640 
237 640 
238 640 
238 640 
234 235 239 640 
234 237 240 640 
235 238 240 640 
235 239 241 640 
236 240 241 640 
236 241 242 640 
237 640 
237 640 
238 640 
238 640 
239 640 
239 640 
240 640 
240 640 
235 237 241 640 
235 237 241 640 
235 239 241 640 
235 240 242 309 310 640 
235 306 311 640 
235 305 312 640 
235 304 312 640 
235 305 310 640 
235 307 308 640 
236 640 
236 640 
236 640 
236 640 
236 640 
236 640 
236 640 
0 2 236 640 
0 3 236 640 
0 4 236 640 
0 5 236 640 
0 6 236 640 
0 8 236 640 
0 9 236 640 
0 11 237 640 
0 12 35 47 237 640 
0 15 32 50 65 74 237 640 
0 18 19 74 237 640 
0 70 237 640 
0 66 237 640 
0 62 237 640 
0 60 237 640 
0 57 237 640 
0 54 237 640 
0 50 237 640 
0 48 238 640 
0 46 238 640 
0 44 238 640 
0 42 230 234 240 640 
0 40 228 234 241 640 
0 39 227 235 243 640 
0 37 227 236 243 640 
0 35 229 236 244 640 
0 33 230 237 245 640 
0 31 231 237 245 640 
0 29 232 238 246 640 
0 28 232 238 246 640 
0 26 233 238 246 640 
0 24 232 239 246 640 
0 22 230 239 246 640 
0 19 227 240 246 640 
0 17 225 240 246 640 
0 15 225 240 246 640 
0 13 226 241 246 640 
0 12 227 241 245 640 
0 10 228 242 245 640 
0 10 229 242 244 640 
0 9 230 640 
0 8 230 640 
0 8 231 640 
0 7 232 640 
0 6 232 640 
0 6 233 640 
0 5 234 640 
0 5 234 640 
0 5 235 640 
0 4 236 640 
0 4 236 640 
0 4 237 640 
0 3 238 640 
0 3 238 640 
0 3 239 640 
0 3 239 640 
0 4 240 640 
0 4 241 640 
0 5 241 640 
0 5 242 640 
0 5 242 640 
0 5 242 640 
0 6 243 640 
0 6 244 640 
0 6 244 640 
0 6 245 640 
0 6 246 640 
0 7 247 257 260 640 
0 7 248 254 261 640 
0 7 262 640 
0 7 263 640 
0 7 263 640 
0 8 263 640 
0 8 263 640 
0 8 262 640 
0 8 262 640 
0 8 262 640 
0 8 262 640 
0 7 261 640 
0 7 261 640 
0 7 261 640 
0 7 261 640 
0 7 261 640 
0 7 260 640 
0 7 260 640 
0 7 260 640 
0 6 260 640 
0 6 260 640 
0 6 260 640 
0 6 260 640 
0 6 261 640 
0 6 263 640 
0 6 264 640 
0 5 266 640 
0 5 268 640 
0 5 270 640 
0 4 275 640 
0 3 278 640 
0 3 280 640 
0 3 281 640 
0 3 281 640 
0 3 282 640 
0 3 282 640 
0 3 283 640 
0 3 283 640 
0 3 282 640 
0 3 282 640 
0 2 282 640 
0 2 281 640 
280 640 
279 640 
279 640 
278 640 
277 640 
277 640 
277 640 
277 640 
277 640 
277 640 
0 2 277 640 
0 2 277 640 
0 2 277 640 
0 2 278 640 
0 2 279 640 
0 2 279 640 
0 1 280 640 
281 640 
282 640 
283 640 
283 640 
284 640 
285 640 
286 640 
0 1 287 640 
0 1 287 640 
288 640 
289 640 
290 640 
290 640 
291 640 
292 640 
293 640 
294 640 
295 640 
295 640 
296 640 
297 640 
297 640 
298 640 
299 640 
299 640 
228 230 300 640 
228 231 301 640 
228 233 302 640 
228 233 302 640 
228 235 303 640 
228 235 303 640 
229 236 304 640 
229 237 304 640 
229 237 305 640 
229 237 305 640 
229 237 306 640 
229 238 307 640 
229 238 307 640 
0 2 229 238 308 640 
0 2 229 238 308 640 
0 3 229 238 309 640 
0 3 229 238 310 640 
0 3 229 238 310 640 
0 3 229 238 311 640 
0 2 229 239 311 640 
0 2 228 239 312 640 
0 2 228 239 313 640 
0 3 228 239 313 640 
0 2 228 239 314 640 
0 2 228 238 314 640 
0 2 228 238 315 640 
0 2 228 237 315 640 
0 2 228 237 316 640 
0 2 228 237 316 640 
0 2 228 237 317 640 
0 2 228 237 317 640 
0 1 228 237 318 640 
227 237 319 640 
227 237 319 640 
227 237 320 640 
227 237 321 640 
226 237 321 640 
