523 640 
523 640 
522 640 
522 640 
522 640 
522 640 
521 640 
521 640 
521 640 
520 640 
520 640 
520 640 
520 640 
520 640 
519 640 
519 640 
519 640 
518 640 
518 640 
518 640 
518 640 
518 640 
518 640 
518 640 
517 640 
517 640 
517 640 
517 640 
517 640 
517 640 
517 640 
517 640 
516 640 
516 640 
516 640 
516 640 
516 640 
516 640 
516 640 
516 640 
516 640 
516 640 
516 640 
516 640 
516 640 
516 640 
516 640 
516 640 
516 640 
516 640 
516 640 
516 640 
516 640 
517 640 
517 640 
517 640 
517 640 
517 640 
517 640 
517 640 
517 640 
517 640 
517 640 
518 640 
518 640 
518 640 
518 640 
519 640 
519 640 
519 640 
519 640 
519 640 
519 640 
520 640 
520 640 
520 552 553 640 
522 550 555 640 
520 521 523 547 556 640 
523 545 557 640 
524 543 557 640 
524 540 558 640 
528 537 558 640 
527 530 558 640 
559 640 
560 640 
560 640 
560 640 
560 640 
561 640 
561 640 
561 640 
561 640 
562 640 
562 640 
562 640 
562 640 
562 640 
562 640 
562 640 
562 640 
562 640 
562 640 
562 640 
562 640 
561 640 
561 640 
560 640 
436 444 559 640 
434 446 558 640 
433 447 557 640 
431 449 557 572 574 640 
430 451 556 569 576 640 
430 453 556 566 577 640 
429 455 556 564 578 579 581 640 
428 457 557 560 581 640 
427 458 584 640 
426 459 585 640 
425 459 583 640 
424 459 586 640 
423 459 586 640 
423 459 586 587 589 640 
422 459 589 640 
421 459 589 640 
421 459 589 640 
420 459 592 640 
420 458 592 640 
419 458 594 640 
418 458 595 640 
418 458 595 640 
417 458 596 640 
417 457 596 640 
416 457 597 640 
416 456 598 640 
415 456 598 640 
415 455 599 640 
414 455 600 640 
414 455 601 640 
414 454 601 640 
413 454 602 640 
413 454 602 640 
412 453 602 640 
412 453 603 640 
411 452 604 640 
411 452 604 640 
410 451 604 640 
410 451 605 640 
409 450 606 640 
409 450 606 640 
408 450 606 640 
408 449 607 640 
408 448 608 640 
407 448 608 640 
407 447 609 640 
406 447 611 625 637 640 
406 446 611 623 
405 446 612 620 
405 445 614 618 
404 445 
404 444 
403 444 
403 443 
402 443 
402 442 
401 442 
401 441 
400 441 
400 440 
400 440 
399 440 
398 439 
398 438 
397 438 
397 437 
396 437 
396 437 
395 436 
395 436 
395 435 
394 435 
394 434 
393 434 
393 434 
392 433 
392 433 
391 432 
391 432 
390 432 
390 431 
389 431 
389 430 
388 430 
387 430 
387 429 
386 429 
386 428 
385 428 
385 427 
384 427 
384 426 
383 426 
324 334 382 425 
319 340 382 425 
317 342 381 425 
316 345 381 424 
315 347 380 424 
314 348 380 423 
313 350 379 423 
312 351 379 422 
311 352 378 422 
311 354 377 422 
310 355 377 421 
310 356 376 421 
309 357 376 420 
309 358 375 420 
308 359 375 420 
308 360 374 419 
294 361 373 419 
291 362 373 419 
288 363 372 418 
285 364 372 418 
282 365 371 417 
280 366 371 417 
279 368 370 416 
278 368 369 416 
277 416 
276 415 
275 415 
274 415 
273 414 
272 414 
271 414 
270 413 
269 413 
267 413 
266 413 
264 412 
263 412 
262 412 
261 411 
260 411 
259 410 
258 411 
257 411 
257 412 
256 413 
255 413 
255 414 
254 415 
253 415 
253 415 
252 416 
251 416 
251 416 
250 417 
250 417 
249 417 
248 417 
248 417 
247 417 
247 417 
246 417 
246 417 
245 417 
245 417 
244 417 
244 417 
243 417 
243 417 
243 417 
242 416 
242 416 
242 416 
242 416 
242 416 
242 416 
243 416 
243 416 
243 415 
243 415 
244 415 
245 415 
245 415 
247 415 
248 415 
249 415 
250 415 
252 414 
255 261 262 414 
262 414 
262 414 
262 414 
262 414 
262 413 
262 413 
263 413 
262 413 
262 413 
263 413 
262 413 
262 412 
262 412 
262 412 
262 412 
262 412 
262 411 
262 411 
262 411 
262 411 
262 411 
262 410 
262 410 
262 410 
263 410 
263 410 
263 409 
263 409 
263 409 
263 409 
263 408 
263 408 
263 408 
263 408 
263 408 
263 407 
263 407 
263 407 
263 406 
263 406 
263 406 
263 405 
263 405 
263 405 
263 404 
263 404 
263 404 
263 403 
263 403 
264 402 
264 402 
264 401 
264 401 
264 400 
264 400 
264 399 
264 399 
265 398 
265 397 
265 397 
265 396 
265 396 
265 395 
265 395 
266 394 
266 394 
266 393 
266 392 
266 392 
266 391 
266 391 
266 390 
266 389 
266 389 
267 388 
267 387 
267 386 
267 386 
267 385 
267 385 
267 385 
268 386 
268 387 
268 388 
268 389 
268 390 
268 391 
269 392 
269 392 
269 393 
269 394 
270 395 
270 396 
270 397 
270 398 
270 398 
271 399 
271 400 
271 401 
271 402 
272 402 
272 403 
272 404 
272 405 
273 406 
273 407 
273 408 
274 409 
274 409 
274 410 
275 411 
275 412 
275 413 
276 414 
276 415 
276 415 
277 416 
277 417 
277 418 
278 418 
278 419 
279 420 
279 421 
279 422 
280 423 
280 424 
281 424 
281 425 
282 426 
283 427 
283 428 
284 428 
284 429 
285 430 
286 431 
286 432 
287 433 
288 434 
288 435 
289 435 
290 436 
291 437 
292 438 
293 439 639 640 
293 440 636 640 
294 441 636 640 
295 442 637 640 
296 443 638 640 
297 443 639 640 
297 444 638 640 
298 445 636 640 
299 446 635 640 
300 446 634 640 
301 447 632 640 
302 448 630 640 
303 449 629 640 
303 450 626 640 
304 451 626 640 
305 452 624 640 
306 452 624 640 
307 453 622 640 
307 455 620 640 
309 455 620 640 
310 456 620 640 
311 457 619 640 
312 457 619 640 
312 458 619 640 
313 459 619 640 
314 460 618 640 
315 461 615 640 
316 462 613 640 
317 462 611 640 
318 463 609 640 
318 464 607 640 
319 465 605 640 
320 466 602 640 
321 467 601 640 
322 468 598 640 
323 468 596 640 
323 470 593 640 
324 470 592 640 
325 471 589 640 
326 472 587 640 
327 473 586 640 
328 474 584 640 
328 474 581 640 
329 475 580 640 
330 476 577 640 
330 477 575 640 
332 478 573 640 
333 479 570 640 
333 479 570 640 
