0 640 
0 640 
0 640 
0 640 
0 640 
0 640 
0 640 
0 640 
0 640 
0 640 
0 640 
0 640 
0 640 
0 640 
0 640 
0 640 
0 640 
0 640 
0 640 
0 640 
0 640 
0 640 
0 640 
0 640 
0 640 
0 640 
0 640 
0 640 
0 640 
0 640 
0 640 
0 640 
0 640 
0 640 
0 640 
0 640 
0 640 
0 640 
0 640 
0 640 
0 640 
0 640 
0 640 
0 640 
0 640 
0 640 
0 640 
0 640 
0 640 
0 640 
0 640 
0 640 
0 640 
0 640 
0 640 
0 640 
0 640 
0 640 
0 640 
0 640 
0 640 
0 640 
0 640 
0 640 
0 640 
0 640 
0 640 
0 640 
0 640 
0 640 
0 640 
0 640 
0 640 
0 640 
0 640 
0 640 
0 640 
0 536 539 640 
0 536 541 640 
0 535 543 640 
0 535 544 640 
0 535 545 640 
0 535 546 630 635 640 
0 535 547 622 635 640 
0 535 548 615 635 640 
0 535 549 608 635 640 
0 535 550 603 635 640 
0 535 551 599 635 640 
0 535 552 594 635 640 
0 535 554 590 635 640 
0 536 556 587 635 640 
0 536 557 584 635 640 
0 536 557 581 635 640 
0 536 558 578 635 640 
0 536 560 576 635 640 
0 536 560 575 635 640 
0 536 565 570 635 640 
0 537 635 640 
0 537 635 640 
0 537 635 640 
0 536 635 640 
0 532 635 640 
0 527 635 640 
0 521 635 640 
0 515 635 640 
0 507 635 640 
0 503 635 640 
0 502 635 640 
0 503 635 640 
0 503 635 640 
0 504 635 640 
0 505 635 640 
0 506 635 640 
0 508 635 640 
0 509 635 640 
0 510 635 640 
0 511 635 640 
0 513 635 640 
0 514 635 640 
0 515 635 640 
0 518 635 640 
0 519 635 640 
0 520 635 640 
0 520 635 640 
0 523 635 640 
0 525 635 640 
0 527 635 640 
0 529 635 640 
0 532 635 640 
0 534 635 640 
0 536 635 640 
0 535 635 640 
0 532 635 640 
0 531 635 640 
0 530 635 640 
0 528 635 640 
0 527 635 640 
0 526 635 640 
0 525 635 640 
0 525 635 640 
0 523 635 640 
0 522 635 640 
0 521 635 640 
0 520 635 640 
0 519 635 640 
0 518 635 640 
0 517 635 640 
0 516 635 640 
0 516 635 640 
0 515 635 640 
0 514 635 640 
0 513 635 640 
0 512 635 640 
0 511 635 640 
0 510 635 640 
0 509 635 640 
0 508 635 640 
0 508 635 640 
0 507 635 640 
0 506 635 640 
0 505 635 640 
0 504 635 640 
0 503 635 640 
0 502 635 640 
0 502 635 640 
0 501 635 640 
0 500 635 640 
0 499 635 640 
0 498 635 640 
0 498 635 640 
0 512 635 640 
0 514 635 640 
0 514 635 640 
0 515 635 640 
0 517 635 640 
0 519 635 640 
0 521 635 640 
0 523 635 640 
0 528 635 640 
0 533 635 640 
0 542 635 640 
0 553 635 640 
0 560 635 640 
0 561 635 640 
0 560 635 640 
0 561 635 640 
0 561 635 640 
0 561 635 640 
0 561 635 640 
0 561 635 640 
0 561 635 640 
0 561 635 640 
0 561 635 640 
0 561 635 640 
0 561 635 640 
0 561 635 640 
0 562 635 640 
0 562 635 640 
0 562 635 640 
0 563 635 640 
0 563 635 640 
0 563 635 640 
0 563 635 640 
0 562 635 640 
0 562 635 640 
0 563 635 640 
0 563 635 640 
0 563 635 640 
0 564 635 640 
0 564 635 640 
0 564 635 640 
0 564 635 640 
0 564 635 640 
0 565 635 640 
0 565 635 640 
0 565 635 640 
0 565 635 640 
0 565 635 640 
0 565 635 640 
0 565 635 640 
0 565 635 640 
0 566 635 640 
0 566 635 640 
0 566 635 640 
0 566 635 640 
0 566 635 640 
0 566 635 640 
0 566 635 640 
0 566 635 640 
0 566 635 640 
0 566 635 640 
0 566 635 640 
0 566 635 640 
0 566 635 640 
0 567 635 640 
0 567 635 640 
0 567 635 640 
0 567 635 640 
0 567 635 640 
0 568 635 640 
0 568 635 640 
0 568 635 640 
0 568 635 640 
0 568 635 640 
0 568 635 640 
0 568 635 640 
0 568 635 640 
0 568 635 640 
0 568 635 640 
0 568 635 640 
0 568 635 640 
0 568 635 640 
0 568 635 640 
0 568 635 640 
0 568 635 640 
0 568 635 640 
0 568 635 640 
0 568 635 640 
0 568 635 640 
0 568 635 640 
0 569 635 640 
0 569 635 640 
0 569 635 640 
0 568 635 640 
0 568 635 640 
0 568 635 640 
0 568 635 640 
0 568 635 640 
0 568 635 640 
0 568 635 640 
0 568 635 640 
0 568 635 640 
0 569 635 640 
0 569 635 640 
0 569 635 640 
0 569 635 640 
0 569 635 640 
0 569 635 640 
0 569 635 640 
0 569 635 640 
0 569 635 640 
0 569 635 640 
0 568 635 640 
0 568 635 640 
0 568 635 640 
0 568 635 640 
0 567 635 640 
0 567 635 640 
0 568 635 640 
0 568 635 640 
0 568 635 640 
0 568 635 640 
0 568 635 640 
0 568 635 640 
0 567 635 640 
0 563 635 640 
0 561 635 640 
0 559 635 640 
0 556 635 640 
0 555 635 640 
0 553 635 640 
0 551 635 640 
0 549 635 640 
0 543 635 640 
0 538 635 640 
0 534 635 640 
0 531 635 640 
0 528 635 640 
0 526 635 640 
0 524 635 640 
0 521 635 640 
0 519 635 640 
0 518 635 640 
0 516 635 640 
0 514 635 640 
0 513 635 640 
0 511 635 640 
0 510 635 640 
0 510 635 640 
0 508 635 640 
0 507 635 640 
0 507 635 640 
0 506 635 640 
0 505 635 640 
0 504 635 640 
0 503 635 640 
0 503 635 640 
0 503 635 640 
0 502 635 640 
0 502 635 640 
0 501 635 640 
0 501 635 640 
0 501 635 640 
0 500 635 640 
0 500 635 640 
0 500 635 640 
0 500 635 640 
0 500 635 640 
0 499 635 640 
0 499 635 640 
0 499 635 640 
0 497 635 640 
0 496 635 640 
0 495 635 640 
0 493 635 640 
0 492 635 640 
0 491 635 640 
0 491 635 640 
0 490 635 640 
0 490 635 640 
0 489 635 640 
0 489 635 640 
0 489 635 640 
0 489 635 640 
0 488 635 640 
0 488 635 640 
0 488 635 640 
0 488 635 640 
0 488 635 640 
0 488 635 640 
0 487 635 640 
0 486 635 640 
0 485 635 640 
0 484 635 640 
0 483 635 640 
0 482 635 640 
0 482 635 640 
0 481 635 640 
0 480 635 640 
0 480 635 640 
0 478 635 640 
0 478 635 640 
0 477 635 640 
0 476 635 640 
0 475 635 640 
0 475 635 640 
0 474 635 640 
0 473 635 640 
0 473 635 640 
0 472 635 640 
0 471 635 640 
0 471 635 640 
0 470 635 640 
0 470 635 640 
0 469 635 640 
0 468 635 640 
0 468 635 640 
0 467 635 640 
0 467 530 548 635 640 
0 466 526 549 635 640 
0 466 526 550 635 640 
0 466 525 550 635 640 
0 466 524 550 635 640 
0 465 523 550 635 640 
0 465 520 550 635 640 
0 465 510 550 635 640 
0 465 505 550 635 640 
0 466 502 550 635 640 
0 465 501 550 635 640 
0 465 501 550 635 640 
0 466 502 550 635 640 
0 466 502 550 635 640 
0 466 503 550 635 640 
0 466 503 549 635 640 
0 466 503 549 635 640 
0 467 503 549 635 640 
0 467 504 548 635 640 
0 468 504 548 635 640 
0 468 504 547 635 640 
0 469 504 547 635 640 
0 469 505 547 635 640 
0 469 505 546 635 640 
0 470 506 546 635 640 
0 470 506 546 635 640 
0 470 506 545 635 640 
0 471 507 545 635 640 
0 471 507 544 635 640 
0 472 507 544 635 640 
0 472 508 544 635 640 
0 473 508 543 635 640 
0 473 509 543 635 640 
0 474 509 542 635 640 
0 474 509 542 635 640 
0 474 510 541 635 640 
0 475 510 541 635 640 
0 476 510 541 635 640 
0 476 510 540 635 640 
0 476 511 540 635 640 
0 477 511 540 635 640 
0 477 511 539 635 640 
0 478 511 539 635 640 
0 478 512 539 635 640 
0 478 512 538 635 640 
0 479 513 539 635 640 
0 480 513 538 635 640 
0 480 514 538 635 640 
0 480 514 539 635 640 
0 481 514 539 635 640 
0 482 515 538 635 640 
0 482 515 539 635 640 
0 483 515 539 635 640 
0 483 515 539 635 640 
0 484 515 539 635 640 
0 484 515 539 635 640 
0 485 516 539 635 640 
0 485 517 539 635 640 
0 485 517 539 635 640 
0 486 517 540 635 640 
0 486 517 540 635 640 
0 487 518 540 635 640 
0 487 518 541 635 640 
0 488 518 542 635 640 
0 488 519 543 635 640 
0 489 519 545 635 640 
0 489 520 546 635 640 
0 489 519 547 635 640 
0 490 520 547 635 640 
0 490 520 548 635 640 
0 491 520 549 635 640 
0 492 521 549 635 640 
0 492 522 549 635 640 
0 492 522 549 635 640 
0 493 522 549 635 640 
0 494 523 549 635 640 
0 494 523 549 635 640 
0 494 524 549 635 640 
0 495 524 549 635 640 
0 495 525 549 635 640 
0 496 525 549 635 640 
0 496 526 549 635 640 
0 497 527 549 635 640 
0 497 528 549 635 640 
0 497 529 549 635 640 
0 498 529 549 635 640 
0 498 527 528 529 549 635 640 
0 499 527 549 635 640 
0 499 527 549 635 640 
0 500 527 548 635 640 
0 500 527 548 635 640 
0 501 527 549 635 640 
