0 640 
0 640 
0 640 
0 640 
0 640 
0 640 
0 640 
0 640 
0 640 
0 640 
0 640 
0 640 
0 640 
0 640 
0 640 
0 640 
0 640 
0 640 
0 640 
0 640 
0 640 
0 640 
0 640 
0 640 
0 640 
0 640 
0 640 
0 640 
0 640 
0 640 
0 640 
0 640 
0 640 
0 640 
0 640 
0 640 
0 640 
0 640 
0 640 
0 640 
0 640 
0 640 
0 640 
0 640 
0 640 
0 640 
0 640 
0 640 
0 640 
0 640 
0 640 
0 640 
0 640 
0 640 
0 640 
0 640 
0 640 
0 640 
0 640 
0 640 
0 640 
0 640 
0 640 
0 640 
0 640 
0 640 
0 640 
0 640 
0 640 
0 640 
0 640 
0 640 
0 640 
0 640 
0 640 
0 640 
0 640 
0 640 
0 640 
0 640 
0 640 
0 640 
0 640 
0 640 
0 640 
0 640 
0 640 
0 640 
0 640 
0 640 
0 640 
0 640 
0 640 
0 640 
0 640 
0 640 
0 640 
0 640 
0 640 
0 640 
0 640 
0 640 
0 640 
0 640 
0 640 
0 640 
0 640 
0 640 
0 640 
0 640 
0 640 
0 640 
0 640 
0 640 
0 640 
0 640 
0 640 
0 640 
0 640 
0 640 
0 640 
0 640 
0 640 
0 640 
0 640 
0 640 
0 640 
0 640 
0 640 
0 640 
0 640 
0 640 
0 640 
0 640 
0 640 
0 640 
0 640 
0 640 
0 640 
0 640 
0 640 
0 640 
0 640 
0 640 
0 640 
0 640 
0 640 
0 640 
0 355 372 640 
0 351 377 640 
0 348 380 638 
0 345 383 637 
0 342 386 635 
0 340 389 635 
0 338 392 635 
0 335 394 635 
0 334 397 635 
0 332 399 636 
0 330 402 637 
0 328 404 638 
0 325 407 639 
0 324 409 640 
0 322 411 640 
0 320 414 640 
0 319 417 637 
0 316 419 634 
0 315 422 632 
0 313 425 630 
0 311 427 626 
0 309 430 624 
0 307 433 621 
0 306 436 619 
0 304 439 616 
0 302 442 613 
0 300 446 610 
0 299 449 608 
0 297 452 606 
0 295 455 604 
0 293 458 600 
0 292 462 598 
0 290 466 596 
0 288 469 594 
0 286 472 591 
0 285 475 589 
0 283 478 586 
0 281 481 584 
0 280 484 582 
0 278 487 579 
0 276 489 577 
0 275 492 575 
0 273 494 572 
0 272 497 570 
0 271 499 568 
0 270 501 566 
0 268 503 564 
0 267 506 562 
0 266 507 560 
0 265 509 558 
0 264 511 556 
0 264 513 554 
0 263 514 552 
0 262 516 550 
0 261 518 548 
0 260 519 546 
0 259 375 377 521 544 
0 259 374 379 522 542 
0 258 373 380 524 540 
0 257 372 381 525 538 
0 256 371 382 527 536 
0 255 371 384 528 535 
0 254 370 385 529 533 
0 254 317 324 369 386 
0 253 317 328 367 388 
0 252 316 331 367 389 
0 252 316 333 366 390 
0 250 315 336 365 392 
0 250 315 338 364 393 
0 249 315 338 364 394 
0 248 315 338 363 395 
0 248 315 338 363 396 
0 247 315 338 362 398 
0 247 314 338 361 399 
0 246 314 338 361 400 
0 245 314 338 360 401 
0 245 314 338 360 403 
0 245 314 338 359 404 
0 244 314 338 359 405 
0 244 314 338 358 406 
0 243 313 338 358 408 
0 243 313 338 357 409 
0 242 313 338 356 410 
0 242 313 338 356 411 
0 242 313 338 355 412 
0 241 313 338 355 414 
0 241 292 294 312 338 355 414 
0 240 292 294 312 338 354 416 
0 240 291 295 312 337 354 417 
0 239 290 295 312 336 353 418 
0 239 290 295 312 335 352 420 
0 239 289 295 312 334 352 421 
0 239 289 295 313 331 351 422 
0 238 288 295 315 328 351 423 
0 238 287 295 316 326 350 424 
0 238 286 296 318 325 350 425 
0 238 250 251 286 296 320 324 349 427 
0 238 250 251 285 297 321 323 348 428 
0 237 249 251 285 298 347 429 
0 237 249 251 285 298 347 430 
0 237 249 251 285 299 346 431 
0 237 249 251 285 300 345 432 
0 237 248 250 285 302 344 434 
0 237 248 250 285 303 343 435 
0 237 248 250 285 305 343 436 
0 237 248 250 285 307 342 437 
0 237 248 250 267 268 285 309 341 438 
0 237 247 250 267 268 285 311 340 439 
0 238 247 250 267 268 286 313 339 441 
0 237 246 250 267 269 286 315 337 442 
0 238 246 249 267 269 286 318 329 333 336 443 
0 238 246 249 266 269 286 321 329 444 
0 239 245 249 266 269 286 323 329 445 
0 239 245 249 266 270 286 323 329 341 342 345 346 348 349 447 
0 240 243 249 266 270 286 323 329 336 355 448 
0 242 244 249 266 270 286 323 356 449 
0 249 266 270 286 322 357 450 
0 249 265 270 286 319 356 451 
0 250 265 270 287 315 356 453 
0 250 265 270 287 311 356 454 
0 250 265 270 287 307 356 455 638 640 
0 251 265 270 287 306 355 456 635 640 
0 251 265 271 287 306 355 457 632 640 
0 252 265 271 287 306 355 459 629 640 
0 252 266 271 287 307 355 460 625 640 
0 253 266 272 288 307 355 461 621 640 
0 253 265 272 288 307 355 462 619 640 
0 253 265 272 289 307 355 464 615 640 
0 254 265 273 289 308 355 465 611 640 
0 254 265 274 290 308 355 467 607 640 
0 255 265 275 290 308 355 468 603 640 
0 255 265 275 291 308 355 469 600 640 
0 256 265 276 292 308 355 471 596 640 
0 257 265 277 292 308 355 472 592 640 
0 258 265 278 293 308 355 474 588 640 
0 258 264 279 293 308 355 475 584 640 
0 259 264 279 294 309 355 477 580 640 
0 261 263 281 294 309 355 479 576 640 
0 282 294 309 355 481 571 640 
0 283 295 309 355 484 566 640 
0 284 295 309 355 486 562 640 
0 286 295 309 355 488 558 640 
0 287 295 309 355 492 552 640 
0 288 296 309 356 496 546 640 
0 291 295 309 356 502 537 640 
0 310 356 509 528 640 
0 310 356 640 
0 310 357 640 
0 310 357 640 
0 310 357 640 
0 310 357 640 
0 311 357 640 
0 311 357 640 
0 311 357 640 
0 311 356 640 
0 311 356 640 
0 312 356 640 
0 312 355 640 
0 312 355 640 
0 312 355 640 
0 312 355 640 
0 312 355 640 
0 312 355 640 
0 312 355 640 
0 312 355 640 
0 313 355 640 
0 313 355 640 
0 313 355 640 
0 314 355 640 
0 314 355 640 
0 315 355 640 
0 315 355 640 
0 316 355 640 
0 317 355 640 
0 317 356 640 
0 318 356 640 
0 318 356 640 
0 319 356 640 
0 319 357 640 
0 319 357 640 
0 320 357 640 
0 320 357 640 
0 320 358 640 
0 321 358 640 
0 321 359 640 
0 321 359 640 
0 322 360 640 
0 322 360 640 
0 322 360 640 
0 322 361 640 
0 322 361 640 
0 323 362 640 
0 323 362 640 
0 323 363 640 
0 323 363 640 
0 323 364 640 
0 323 365 640 
0 323 365 640 
0 323 366 640 
0 323 367 640 
0 323 367 640 
0 323 368 640 
0 323 369 640 
0 322 370 640 
0 322 371 640 
0 322 371 640 
0 322 373 640 
0 322 374 640 
0 322 375 640 
0 322 376 640 
0 321 376 640 
0 321 375 640 
0 320 374 640 
0 320 372 640 
0 320 370 640 
0 320 367 640 
0 319 365 640 
0 318 364 640 
0 318 362 640 
0 317 360 640 
0 317 356 640 
0 318 333 339 353 640 
0 320 332 640 
0 323 330 640 
0 640 
0 640 
0 640 
0 640 
0 640 
0 640 
0 640 
0 640 
0 640 
0 640 
0 640 
0 640 
0 640 
0 640 
0 640 
0 640 
0 640 
0 640 
0 640 
0 640 
0 640 
0 640 
0 640 
0 640 
0 640 
0 640 
0 640 
0 640 
0 640 
0 640 
0 640 
0 640 
0 640 
0 640 
0 640 
0 640 
0 640 
0 640 
0 640 
0 640 
0 640 
0 640 
0 640 
0 640 
0 640 
0 640 
0 640 
0 640 
0 640 
0 640 
0 640 
0 640 
0 640 
0 640 
0 640 
0 640 
0 640 
0 640 
0 640 
0 640 
0 640 
0 640 
0 640 
0 640 
0 640 
0 640 
0 640 
0 640 
0 640 
0 640 
0 640 
0 640 
0 640 
0 640 
0 640 
0 640 
0 640 
0 640 
0 640 
0 640 
0 640 
0 640 
0 640 
0 640 
0 640 
0 640 
0 640 
0 640 
0 640 
0 640 
0 640 
0 640 
0 640 
0 640 
0 640 
0 640 
0 640 
0 640 
0 640 
0 640 
0 640 
0 640 
0 640 
0 640 
0 640 
0 640 
0 640 
0 640 
