0 640 
0 640 
0 640 
0 640 
0 640 
0 640 
0 640 
0 640 
0 640 
0 640 
0 640 
0 640 
0 640 
0 640 
0 640 
0 640 
0 640 
0 640 
0 640 
0 640 
0 640 
0 640 
0 640 
0 640 
0 640 
0 640 
0 640 
0 640 
0 640 
0 640 
0 640 
0 640 
0 640 
0 640 
0 640 
0 640 
0 640 
0 640 
0 640 
0 640 
0 640 
0 640 
0 640 
0 640 
0 640 
0 640 
0 640 
0 640 
0 640 
0 640 
0 640 
0 640 
0 640 
0 640 
0 640 
0 640 
0 640 
0 640 
0 640 
0 640 
0 640 
0 640 
0 640 
0 640 
0 640 
0 640 
0 640 
0 640 
0 640 
0 640 
0 640 
0 640 
0 640 
0 640 
0 640 
0 640 
0 640 
0 640 
0 640 
0 640 
0 640 
0 640 
0 640 
0 640 
0 640 
0 640 
0 640 
0 640 
0 640 
0 640 
0 640 
0 640 
0 640 
0 640 
0 640 
0 640 
0 640 
0 640 
0 640 
0 640 
0 640 
0 640 
0 640 
0 640 
0 640 
0 640 
0 640 
0 640 
0 640 
0 640 
0 640 
0 640 
0 640 
0 640 
0 640 
0 640 
0 640 
0 640 
0 640 
0 640 
0 640 
0 640 
0 640 
0 640 
0 640 
0 640 
0 640 
0 640 
0 640 
0 640 
0 640 
0 640 
0 640 
0 640 
0 640 
0 640 
0 640 
0 640 
0 640 
0 640 
0 640 
0 640 
0 640 
0 640 
0 640 
0 640 
0 640 
0 640 
0 640 
0 640 
0 640 
0 640 
0 640 
0 640 
0 640 
0 640 
0 640 
0 640 
0 640 
0 640 
0 640 
0 640 
0 640 
0 640 
0 640 
0 640 
0 640 
0 640 
0 640 
0 640 
0 640 
0 640 
0 640 
0 640 
0 640 
0 640 
0 640 
0 640 
0 640 
0 640 
0 640 
0 640 
0 640 
0 640 
0 640 
0 640 
0 640 
0 640 
0 640 
0 640 
0 640 
0 640 
0 640 
0 640 
0 640 
0 640 
0 640 
0 640 
0 640 
0 640 
0 640 
0 640 
0 640 
0 640 
0 640 
0 640 
0 640 
0 640 
0 640 
0 640 
0 640 
0 640 
0 640 
0 640 
0 640 
0 640 
0 640 
0 640 
0 640 
0 640 
0 640 
0 640 
0 640 
0 640 
0 640 
0 640 
0 640 
0 640 
0 640 
0 640 
0 640 
0 640 
0 640 
0 640 
0 640 
0 640 
0 640 
0 640 
0 640 
0 640 
0 640 
0 640 
0 640 
0 640 
0 640 
0 640 
0 640 
0 640 
0 640 
0 640 
0 640 
0 640 
0 640 
0 640 
0 640 
0 640 
0 640 
0 640 
0 317 320 640 
0 312 325 640 
0 310 326 640 
0 309 327 640 
0 308 328 640 
0 307 330 640 
0 305 333 640 
0 300 340 640 
0 291 344 640 
0 287 346 348 349 640 
0 284 352 640 
0 282 353 640 
0 280 354 640 
0 279 355 640 
0 278 356 640 
0 277 355 640 
0 277 355 640 
0 277 355 640 
0 277 355 640 
0 278 355 640 
0 278 283 287 348 352 355 640 
0 279 282 287 348 352 355 640 
0 280 281 288 348 353 354 640 
0 288 348 640 
0 288 347 640 
0 288 348 640 
0 287 348 640 
0 287 349 640 
0 286 349 640 
0 286 350 640 
0 285 350 640 
0 285 350 640 
0 285 350 640 
0 285 350 640 
0 286 350 640 
0 286 351 640 
0 286 351 640 
0 286 351 640 
0 286 351 640 
0 286 352 640 
0 286 352 640 
0 286 352 640 
0 286 353 640 
0 286 354 640 
0 286 354 640 
0 286 355 640 
0 286 356 640 
0 287 356 640 
0 287 356 640 
0 288 357 640 
0 287 357 640 
0 287 357 640 
0 286 351 353 356 640 
0 289 351 640 
0 289 351 640 
0 290 352 640 
0 290 352 640 
0 290 352 640 
0 290 352 640 
0 290 352 640 
0 290 352 640 
0 290 351 640 
0 290 351 640 
0 291 351 640 
0 291 351 640 
0 292 351 640 
0 292 351 640 
0 291 351 640 
0 291 352 640 
0 290 352 640 
0 289 352 640 
0 289 352 640 
0 290 352 640 
0 290 352 640 
0 290 352 640 
0 289 352 640 
0 289 353 640 
0 288 353 640 
0 288 353 640 
0 288 353 640 
0 287 354 640 
0 287 354 640 
0 287 354 640 
0 287 354 640 
0 287 354 640 
0 287 354 640 
0 287 354 640 
0 287 354 640 
0 287 354 640 
0 287 354 640 
0 286 354 640 
0 286 354 640 
0 286 354 640 
0 286 354 640 
0 285 355 640 
0 285 355 640 
0 285 355 640 
0 285 356 640 
0 285 356 640 
0 284 356 640 
0 284 356 640 
0 284 357 640 
0 284 357 640 
0 284 357 640 
0 283 358 640 
0 283 358 640 
0 283 358 640 
0 283 358 640 
0 282 358 640 
0 282 358 640 
0 282 359 640 
0 282 359 640 
0 282 360 640 
0 282 360 640 
0 281 360 640 
0 281 360 640 
0 281 361 640 
0 281 361 640 
0 280 361 640 
0 280 361 640 
0 280 362 640 
0 280 362 640 
0 279 362 640 
0 279 362 640 
0 279 363 640 
0 279 362 640 
0 279 363 640 
0 279 363 640 
0 278 363 640 
0 278 364 640 
0 278 364 640 
0 278 365 640 
0 278 365 640 
0 278 365 640 
0 277 366 640 
0 277 366 640 
0 277 366 640 
0 277 366 640 
0 277 367 640 
0 276 367 640 
0 276 367 640 
0 275 367 640 
0 275 368 640 
0 275 368 640 
0 274 369 640 
0 274 369 640 
0 274 369 640 
0 274 369 640 
0 274 369 640 
0 273 369 640 
0 274 368 640 
0 275 367 640 
0 275 367 640 
0 275 365 640 
0 275 365 640 
0 275 365 640 
0 274 365 640 
0 274 366 640 
0 274 366 640 
0 274 366 640 
0 274 366 640 
0 274 366 640 
0 274 366 640 
0 274 280 281 367 640 
0 274 367 640 
0 274 367 640 
0 274 367 640 
0 274 366 640 
0 275 366 640 
0 275 366 640 
0 275 366 640 
0 275 366 640 
0 275 366 640 
0 276 366 640 
0 276 366 640 
0 277 366 640 
0 277 365 640 
0 277 365 640 
0 278 364 640 
0 278 364 640 
0 277 363 640 
0 277 363 640 
0 277 363 640 
0 277 363 640 
0 276 363 640 
0 276 363 640 
0 276 363 640 
0 276 363 640 
0 275 363 640 
0 275 363 640 
0 274 364 640 
0 274 364 640 
0 274 365 640 
0 274 365 640 
0 274 365 640 
0 273 366 640 
0 273 366 640 
0 273 366 640 
0 273 366 640 
0 273 366 640 
0 273 367 640 
0 272 367 640 
0 272 367 640 
0 271 367 640 
0 272 367 640 
0 271 368 640 
0 271 368 640 
0 271 368 640 
0 270 368 640 
0 270 369 640 
0 270 369 640 
0 270 370 640 
0 269 370 640 
0 269 370 640 
0 269 370 640 
0 269 370 640 
0 269 371 640 
0 269 371 640 
0 269 371 640 
0 268 371 640 
0 268 371 640 
0 269 371 640 
