



























































































































































































































































































329 332 
327 334 
322 336 
321 337 
322 337 
322 338 
322 338 
321 340 
312 340 
310 340 
308 339 
306 338 
306 339 
305 339 
304 339 
304 339 
303 340 352 360 
303 340 351 361 
303 340 350 363 
302 340 349 364 
302 340 347 365 
301 340 342 365 
301 365 
300 366 
300 366 
300 366 
299 366 
299 366 
298 366 
298 367 
297 368 
296 369 
296 369 
295 370 
295 370 
295 370 
293 371 
291 371 
290 371 
289 371 
287 370 
286 370 
285 370 
285 370 
284 369 
283 369 
282 368 
282 368 
281 368 
281 367 
280 367 
280 367 
280 367 
279 367 
279 367 
279 367 
279 368 
278 368 
278 369 
278 369 
278 370 
278 370 
278 370 
278 370 
278 370 
278 370 
278 370 
278 370 
279 370 
279 370 
279 370 
280 370 
281 370 
281 370 
281 369 
282 369 
282 368 
283 368 
284 368 
284 367 
285 367 
286 366 
287 365 
288 365 
289 365 
290 363 
292 362 
293 361 
294 360 
295 359 
296 358 
297 356 
298 354 
300 352 
301 351 
302 346 
304 342 
306 340 
308 335 
310 330 
312 325 
315 319 






























































































