0 640 
0 640 
0 640 
0 640 
0 640 
0 640 
0 489 490 640 
0 489 490 640 
0 488 490 640 
0 488 490 640 
0 488 490 640 
0 488 490 640 
0 487 490 640 
0 487 491 640 
0 487 491 640 
0 487 491 640 
0 486 491 494 500 640 
0 486 492 493 506 640 
0 486 507 640 
0 485 507 640 
0 145 148 473 474 484 507 640 
0 145 151 472 474 484 506 640 
0 146 153 472 474 483 506 640 
0 147 156 472 474 483 505 640 
0 147 158 471 474 483 504 640 
0 148 160 471 474 484 503 640 
0 150 162 470 474 484 503 640 
0 145 163 470 474 484 502 640 
0 145 165 470 474 484 502 640 
0 145 166 470 474 483 502 640 
0 146 168 469 474 483 499 640 
0 147 169 469 474 483 495 640 
0 149 170 469 474 483 494 640 
0 150 170 469 474 483 494 640 
0 152 172 468 474 482 493 640 
0 154 174 468 474 482 492 640 
0 155 176 468 474 482 492 640 
0 157 179 468 473 481 491 640 
0 158 180 468 473 481 491 640 
0 159 181 467 473 481 491 640 
0 160 181 467 473 481 491 640 
0 163 181 467 473 480 490 640 
0 166 182 466 474 480 490 640 
0 168 182 466 474 480 490 640 
0 168 182 466 474 480 490 640 
0 168 182 466 474 479 490 640 
0 169 182 466 474 479 490 640 
0 169 184 465 474 479 489 640 
0 168 188 465 474 478 489 640 
0 166 201 465 474 478 489 640 
0 164 204 465 474 478 489 640 
0 163 205 465 473 478 489 640 
0 162 206 464 473 477 489 640 
0 160 207 464 473 477 488 640 
0 157 207 464 474 477 488 640 
0 151 207 463 474 476 488 640 
0 150 206 461 487 640 
0 148 204 455 487 640 
0 147 202 450 488 640 
0 147 200 447 490 640 
0 147 198 445 492 640 
0 147 197 443 494 640 
0 147 196 442 496 640 
0 148 196 440 497 640 
0 149 196 439 498 640 
0 154 196 438 500 640 
0 159 196 438 501 640 
0 161 196 436 501 640 
0 161 196 435 502 640 
0 162 196 434 503 640 
0 162 202 434 504 640 
0 162 205 433 505 640 
0 162 208 432 506 640 
0 163 211 431 507 640 
0 163 213 431 508 640 
0 162 214 430 508 640 
0 160 216 429 509 640 
0 159 217 429 510 640 
0 158 218 428 510 640 
0 157 220 428 511 640 
0 156 221 427 512 640 
0 155 222 429 512 640 
0 154 222 429 513 640 
0 153 224 429 513 640 
0 153 225 429 514 640 
0 152 225 429 514 640 
0 151 226 428 514 640 
0 150 227 428 515 640 
0 149 228 428 515 640 
0 148 228 428 515 640 
0 147 229 428 516 640 
0 147 230 428 516 640 
0 146 230 428 516 640 
0 145 229 230 231 429 517 640 
0 145 228 430 431 432 517 640 
0 144 228 433 436 437 517 640 
0 144 228 434 518 640 
0 144 228 434 518 640 
0 143 228 435 437 439 518 640 
0 143 228 439 519 640 
0 143 228 439 519 640 
0 142 228 439 520 640 
0 142 228 438 520 640 
0 142 227 437 521 640 
0 142 226 436 521 640 
0 141 226 435 522 640 
0 141 226 434 522 640 
0 141 226 433 523 640 
0 140 220 221 225 433 524 640 
0 140 219 221 224 433 524 640 
0 140 219 222 223 434 525 640 
0 140 218 435 526 640 
0 139 218 436 527 640 
0 139 217 436 527 640 
0 138 218 437 528 640 
0 138 219 437 529 640 
0 137 220 437 530 640 
0 137 221 437 530 640 
0 136 222 437 532 640 
0 136 223 438 532 640 
0 136 223 439 533 640 
0 135 223 439 534 640 
0 135 223 439 535 640 
0 134 222 440 537 640 
0 133 221 440 537 640 
0 133 221 440 538 640 
0 132 221 441 540 640 
0 131 221 443 445 446 447 452 540 640 
0 130 220 452 542 640 
0 130 220 452 542 640 
0 129 219 452 544 640 
0 128 218 452 545 640 
0 127 218 452 546 640 
0 126 217 451 547 640 
0 125 217 451 547 640 
0 124 217 451 548 640 
0 123 217 451 549 640 
0 122 217 450 551 640 
0 122 216 449 552 640 
0 120 215 448 553 640 
0 119 205 447 476 477 553 640 
0 118 205 446 476 478 554 640 
0 116 205 445 477 478 556 640 
0 115 205 443 557 640 
0 114 205 442 558 640 
0 113 205 441 560 640 
0 112 205 440 560 640 
0 111 206 439 561 640 
0 109 206 438 481 482 562 640 
0 108 206 437 481 483 563 640 
0 106 207 436 481 484 565 640 
0 105 208 435 482 485 565 640 
0 104 209 434 482 486 566 640 
0 102 210 433 482 487 567 640 
0 101 181 182 211 433 482 488 568 640 
0 99 213 432 482 489 569 640 
0 98 214 431 482 490 570 640 
0 97 215 431 482 491 571 640 
0 95 216 430 482 493 572 640 
0 94 217 430 482 494 572 640 
0 93 218 430 481 495 574 640 
0 92 219 429 481 496 575 640 
0 90 175 176 220 429 481 497 575 640 
0 89 174 176 221 429 482 498 576 640 
0 88 173 176 222 428 483 499 577 640 
0 86 173 176 223 428 484 500 578 640 
0 85 172 176 224 428 485 500 579 640 
0 84 171 176 224 427 486 501 580 640 
0 82 170 176 225 427 486 502 580 640 
0 81 169 176 225 426 487 502 581 640 
0 79 168 176 226 425 488 503 582 640 
0 78 167 176 226 425 489 504 582 640 
0 77 166 176 226 424 490 505 583 640 
0 76 165 176 227 423 490 505 584 640 
0 75 164 176 227 422 490 506 584 640 
0 74 162 176 227 422 490 507 585 640 
0 73 161 176 228 421 491 508 586 640 
0 72 160 175 228 420 491 509 586 640 
0 71 160 175 229 419 492 509 587 640 
0 70 159 174 229 418 493 510 587 640 
0 69 158 173 230 417 495 511 588 640 
0 68 157 172 230 417 498 512 589 640 
0 67 157 171 231 416 500 513 590 640 
0 66 156 170 232 415 501 513 590 640 
0 65 155 169 232 414 503 514 591 640 
0 64 155 169 233 413 492 493 504 515 591 640 
0 63 154 168 234 412 492 494 505 515 518 519 591 640 
0 63 153 167 235 411 492 495 506 516 518 520 591 640 
0 62 153 167 235 411 493 495 500 501 506 516 518 520 591 640 
0 61 152 166 236 410 494 496 500 503 507 517 518 521 591 640 
0 61 151 166 237 409 495 497 501 504 507 522 592 640 
0 60 150 166 238 409 495 497 501 505 508 523 592 640 
0 60 150 164 239 409 496 498 502 506 508 523 592 640 
0 60 149 160 240 408 496 498 502 506 508 524 592 640 
0 59 149 157 241 408 497 499 503 507 508 524 592 640 
0 59 148 154 242 408 498 499 503 525 592 640 
0 58 147 153 242 407 498 500 504 525 592 640 
0 58 147 152 161 162 243 407 499 500 504 526 593 640 
0 57 146 151 158 164 244 407 504 526 593 640 
0 57 146 150 155 164 245 407 505 527 593 640 
0 56 145 149 153 163 246 408 506 527 593 640 
0 56 139 140 145 149 152 163 246 408 506 528 593 640 
0 55 138 140 144 148 150 163 247 408 505 528 593 640 
0 55 137 140 143 148 149 162 247 409 505 528 594 640 
0 54 137 140 143 162 248 409 504 528 594 640 
0 54 136 139 142 161 248 410 505 528 595 640 
0 53 135 139 142 161 248 410 505 529 595 640 
0 53 135 139 141 161 248 411 506 529 538 539 595 640 
0 52 134 139 141 149 150 160 248 412 506 529 538 539 596 640 
0 51 133 139 140 149 151 160 248 413 507 528 539 540 596 640 
0 51 132 149 152 159 248 413 508 528 539 540 596 640 
0 50 132 150 154 158 248 414 508 529 539 540 597 640 
0 49 131 150 155 158 248 415 472 473 509 529 540 541 597 640 
0 49 130 151 248 415 472 474 510 529 597 640 
0 48 130 153 248 416 471 475 510 529 540 541 598 640 
0 48 125 126 129 153 248 416 471 476 511 530 540 541 598 640 
0 48 124 126 129 154 247 416 471 478 511 530 540 542 598 640 
0 47 123 125 128 154 247 417 471 479 512 530 540 542 598 640 
0 47 122 125 127 154 246 417 471 479 512 530 533 534 540 542 598 640 
0 47 122 125 127 153 245 417 470 479 513 529 532 535 540 542 598 640 
0 46 121 125 126 152 245 417 470 478 513 529 532 535 541 544 598 640 
0 46 120 125 126 151 244 418 470 478 514 529 532 535 541 545 598 640 
0 46 120 124 125 151 243 418 470 478 514 529 531 534 541 546 598 640 
0 45 119 150 183 185 242 418 470 477 515 529 531 534 541 546 598 640 
0 45 119 150 183 185 242 418 470 477 515 529 531 536 541 545 549 550 598 640 
0 45 118 149 182 185 241 418 469 477 515 529 530 536 541 545 548 550 598 640 
0 45 117 148 181 186 241 418 469 477 515 529 530 536 541 545 548 550 598 640 
0 44 116 148 179 186 241 418 469 476 515 535 541 545 547 550 598 640 
0 44 116 147 178 186 240 418 469 476 515 536 541 545 547 550 598 640 
0 44 115 146 177 186 240 419 468 476 515 537 541 545 547 551 597 640 
0 44 102 103 115 146 177 187 240 419 468 475 515 537 541 545 546 551 597 640 
0 44 101 103 114 145 177 187 240 419 468 475 515 537 541 545 546 551 597 640 
0 43 100 102 114 145 177 187 239 419 468 475 514 538 541 544 545 551 598 640 
0 43 100 102 113 145 178 187 239 419 468 475 514 538 541 544 545 552 591 592 598 640 
0 42 99 101 104 105 112 144 178 187 239 419 468 474 514 538 541 552 591 592 598 640 
0 42 98 101 103 107 112 144 178 188 239 419 468 474 513 538 540 552 591 592 598 640 
0 42 98 100 102 107 111 143 178 188 238 419 468 474 513 538 540 552 591 593 597 640 
0 42 97 100 101 107 111 143 179 188 238 419 468 474 512 539 540 553 597 640 
0 41 96 99 100 106 110 143 179 188 238 419 468 473 512 539 540 553 597 640 
0 41 79 80 96 106 109 143 179 188 238 419 468 473 512 553 597 640 
0 41 95 105 109 143 180 188 238 419 468 473 511 553 596 640 
0 41 77 78 95 105 108 143 180 188 238 419 468 472 511 553 596 640 
0 40 76 78 94 105 108 143 180 189 238 419 469 472 510 553 596 640 
0 40 76 77 93 104 107 143 180 189 238 419 469 472 510 553 596 640 
0 40 75 77 93 104 107 143 180 189 238 419 469 471 510 553 596 640 
0 40 74 76 92 104 106 143 181 189 238 419 469 471 509 553 595 640 
0 40 73 75 91 104 105 144 181 189 237 419 509 553 595 640 
0 40 72 75 91 144 181 189 237 419 508 553 595 640 
0 39 72 74 90 144 181 189 237 419 508 554 595 640 
0 39 71 74 90 145 182 189 237 419 507 555 595 640 
0 39 71 73 83 85 90 145 182 189 237 419 507 555 558 559 594 640 
0 39 43 44 70 73 82 85 89 145 182 189 237 419 507 555 558 560 576 577 594 640 
0 39 43 44 70 73 82 84 89 146 182 189 237 419 506 555 558 561 576 578 594 640 
0 39 43 44 56 57 69 73 81 84 88 146 182 189 237 419 506 555 558 561 576 578 593 640 
0 39 42 44 54 57 69 72 80 84 88 147 183 188 237 419 505 555 557 562 571 573 576 578 593 640 
0 39 42 44 50 51 53 54 55 57 68 72 79 84 87 147 183 188 237 419 505 555 557 564 570 573 575 577 580 581 593 640 
0 41 42 44 48 50 52 57 67 72 79 83 87 147 183 188 237 419 505 555 556 564 569 573 574 577 580 582 592 640 
0 44 48 50 52 57 64 71 78 83 86 148 184 188 237 419 504 555 556 564 568 573 574 577 579 581 592 640 
0 44 48 50 51 56 64 71 78 82 86 148 184 187 237 419 504 564 568 577 579 582 591 640 
0 44 47 56 62 72 78 83 86 149 185 187 237 418 503 563 567 577 579 582 590 640 
0 44 46 55 61 72 78 83 85 149 185 187 237 418 503 563 566 577 578 582 588 640 
0 44 46 55 61 72 77 83 84 150 185 186 237 418 503 563 565 582 584 585 588 640 
0 44 45 55 60 72 77 83 84 150 237 418 502 582 584 586 587 640 
0 54 59 72 77 150 237 418 502 581 584 640 
0 54 58 72 77 151 237 418 501 581 583 640 
0 54 56 73 76 151 238 418 502 640 
0 54 55 73 76 151 238 418 504 640 
0 74 75 152 238 418 507 640 
0 74 75 152 238 418 509 640 
0 153 238 418 511 640 
0 153 238 417 514 640 
0 153 238 417 516 640 
0 154 238 417 518 640 
0 154 238 417 519 640 
0 155 239 417 521 640 
0 155 239 417 523 640 
0 155 239 417 525 640 
0 156 239 417 526 640 
0 156 240 417 528 640 
0 157 240 417 529 640 
0 156 240 417 530 640 
0 155 240 417 531 640 
0 154 240 417 533 640 
0 153 240 417 534 640 
0 152 241 417 535 640 
0 151 241 417 536 640 
0 150 241 417 537 640 
0 149 241 417 539 640 
0 148 241 417 540 640 
0 147 241 417 540 640 
0 147 242 417 541 640 
0 146 242 417 542 640 
0 145 242 417 543 640 
0 145 242 417 544 640 
0 144 242 417 545 640 
0 144 242 417 546 640 
0 143 243 417 546 640 
0 143 243 417 547 640 
0 142 243 417 548 640 
0 142 243 417 549 640 
0 141 243 417 550 640 
0 141 243 417 550 640 
0 141 244 417 551 640 
0 141 244 417 552 640 
0 141 244 417 553 640 
0 140 244 417 554 640 
0 140 244 418 555 640 
0 139 144 145 245 418 556 640 
0 139 245 418 557 640 
0 138 143 144 245 418 558 640 
0 138 143 144 245 418 559 640 
0 138 142 143 149 150 245 418 560 640 
0 138 142 143 149 150 245 418 561 640 
0 138 141 142 245 418 562 640 
0 138 140 142 246 418 564 640 
0 138 139 141 246 418 565 640 
0 141 246 418 566 640 
0 141 246 418 567 640 
0 141 246 418 568 640 
0 141 145 146 246 418 569 640 
0 141 145 146 246 419 570 640 
0 142 144 145 247 419 571 640 
0 145 247 419 572 640 
0 144 247 419 574 640 
0 143 247 419 575 640 
0 143 247 419 576 640 
0 142 247 419 577 640 
0 141 247 419 578 640 
0 140 248 419 579 640 
0 139 248 419 580 640 
0 138 248 419 581 640 
0 138 248 419 582 640 
0 137 248 419 583 640 
0 136 248 419 584 640 
0 135 248 419 585 640 
0 134 248 419 586 640 
0 133 249 419 587 640 
0 132 249 419 588 640 
0 131 249 419 588 640 
0 130 249 419 589 640 
0 129 249 419 590 640 
0 128 249 419 590 640 
0 127 249 419 591 640 
0 126 250 419 592 640 
0 125 250 419 593 640 
0 124 250 419 593 640 
0 123 250 419 594 640 
0 122 250 419 595 640 
0 121 250 419 596 640 
0 120 250 419 597 640 
0 119 250 419 597 640 
0 118 250 419 598 640 
0 117 251 420 599 640 
0 115 251 420 599 640 
0 114 251 420 599 640 
0 113 251 420 599 640 
0 112 251 420 600 640 
0 111 251 420 600 640 
0 110 251 420 600 640 
0 109 252 420 600 640 
0 107 252 420 601 640 
0 106 252 420 601 640 
0 105 252 420 601 640 
0 104 252 420 601 640 
0 103 252 420 602 640 
0 102 105 107 252 420 602 640 
0 101 103 106 252 420 603 640 
0 100 102 106 253 420 603 640 
0 105 253 420 604 640 
0 104 253 420 604 640 
0 103 253 420 605 640 
0 102 253 420 605 640 
0 102 253 420 606 640 
0 101 253 420 606 640 
0 100 254 420 607 640 
0 98 254 420 607 640 
0 97 254 420 608 640 
0 96 254 420 608 640 
0 88 90 94 254 420 608 640 
0 87 89 93 254 420 609 640 
0 86 89 91 254 420 609 640 
0 85 88 90 254 420 609 640 
0 84 88 89 254 420 609 640 
0 83 254 420 609 640 
0 82 255 420 610 640 
0 81 255 420 610 640 
0 81 255 421 610 640 
0 80 255 421 610 640 
0 79 255 421 610 640 
0 79 255 421 610 640 
0 78 255 421 610 640 
0 76 256 421 610 640 
0 75 256 421 610 640 
0 75 256 421 610 640 
0 73 256 421 610 640 
0 71 256 421 610 640 
0 70 256 422 610 640 
0 70 256 422 611 640 
0 69 256 422 611 640 
0 68 256 422 611 640 
0 67 70 72 256 422 612 640 
0 68 69 71 255 422 612 640 
0 71 255 422 612 640 
0 70 255 422 612 640 
0 69 255 422 612 640 
0 68 255 422 612 640 
0 67 255 422 612 640 
0 66 256 422 612 640 
0 65 257 423 612 640 
0 61 62 64 257 423 612 640 
0 61 258 423 612 640 
0 58 59 60 258 423 611 640 
0 58 256 257 258 423 611 640 
0 57 256 257 258 424 611 640 
0 57 258 424 611 640 
0 57 258 423 611 640 
0 57 258 423 606 607 611 640 
0 56 258 423 603 604 606 607 611 640 
0 56 259 424 602 604 606 608 610 640 
0 56 259 424 602 604 606 608 610 640 
0 56 259 424 602 604 606 608 610 640 
0 55 259 424 602 604 606 609 610 640 
0 55 259 424 601 604 605 608 610 640 
0 55 260 425 601 603 605 608 610 640 
0 54 260 425 601 603 605 608 609 640 
0 53 260 425 601 603 605 640 
0 53 260 426 601 603 604 640 
0 52 260 426 601 640 
0 52 260 427 601 640 
0 51 260 428 601 640 
0 51 260 428 601 640 
0 50 260 428 599 640 
0 50 259 429 598 640 
0 50 259 429 589 596 597 640 
0 49 259 427 586 640 
0 49 258 426 583 640 
0 50 258 427 580 640 
0 50 258 427 579 640 
0 50 258 428 578 640 
0 50 258 428 577 640 
0 51 258 429 576 640 
0 51 258 430 575 640 
0 51 61 65 258 431 574 640 
0 52 57 66 258 431 573 640 
0 53 54 67 258 431 573 640 
0 68 258 431 572 640 
0 69 258 431 571 640 
0 70 258 431 571 640 
0 70 258 431 570 640 
0 71 258 431 570 640 
0 73 258 431 569 640 
0 75 258 432 568 640 
0 78 258 432 568 640 
0 83 258 432 567 640 
0 88 258 433 566 640 
0 94 258 433 566 640 
0 99 257 434 565 640 
0 102 257 434 564 640 
0 104 257 436 564 640 
0 106 257 440 562 640 
0 107 257 443 558 560 562 640 
0 108 257 444 552 640 
0 109 257 445 540 640 
0 109 257 445 534 640 
0 110 257 446 531 640 
0 110 256 446 529 640 
0 111 256 447 528 640 
0 111 256 447 527 640 
0 111 256 447 525 640 
0 112 255 448 524 640 
0 112 255 448 522 640 
0 112 251 449 521 640 
0 112 245 449 520 640 
0 112 243 449 471 472 498 502 518 640 
0 113 243 450 470 472 498 505 517 640 
0 113 242 450 470 473 498 508 513 640 
0 113 241 450 471 474 499 511 513 640 
0 114 240 451 471 474 499 640 
0 115 240 451 472 475 500 640 
0 115 240 452 471 475 500 640 
