0 640 
0 640 
0 640 
0 640 
0 640 
0 640 
0 640 
0 640 
0 640 
0 640 
0 640 
0 640 
0 640 
0 640 
0 640 
0 640 
0 640 
0 640 
0 640 
0 640 
0 640 
0 640 
0 640 
0 640 
0 640 
0 640 
0 640 
0 640 
0 640 
0 201 204 640 
0 199 205 640 
0 197 205 640 
0 195 206 640 
0 194 206 640 
0 192 206 640 
0 190 207 640 
0 119 120 189 208 640 
0 115 154 187 208 640 
0 109 162 185 208 640 
0 106 170 184 209 640 
0 103 175 183 210 640 
0 102 210 640 
0 99 210 640 
0 97 211 640 
0 95 211 640 
0 94 211 640 
0 92 212 640 
0 90 212 640 
0 43 45 89 212 640 
0 43 46 88 215 640 
0 43 48 87 217 640 
0 43 49 86 219 640 
0 43 50 85 221 640 
0 43 51 84 223 640 
0 43 51 82 225 640 
0 47 48 49 52 81 227 640 
0 80 228 640 
0 79 230 640 
0 78 231 640 
0 77 233 640 
0 77 234 640 
0 76 235 640 
0 75 237 640 
0 74 238 640 
0 73 238 640 
0 73 240 640 
0 72 241 640 
0 71 242 640 
0 71 242 640 
0 70 243 640 
0 69 245 640 
0 68 246 640 
0 68 247 640 
0 67 248 640 
0 67 248 640 
0 66 249 591 593 640 
0 66 250 640 
0 65 251 640 
0 65 252 640 
0 64 252 640 
0 64 253 640 
0 63 254 640 
0 63 254 640 
0 63 255 640 
0 62 256 640 
0 62 256 640 
0 61 257 640 
0 61 257 640 
0 60 258 640 
0 60 258 640 
0 59 259 640 
0 59 260 640 
0 59 260 640 
0 59 261 640 
0 58 261 640 
0 58 261 640 
0 58 262 640 
0 57 262 640 
0 57 263 640 
0 57 263 640 
0 57 263 640 
0 56 264 640 
0 56 264 640 
0 56 265 640 
0 55 265 640 
0 55 265 640 
0 55 266 640 
0 55 266 640 
0 54 266 640 
0 54 266 640 
0 54 267 640 
0 54 267 640 
0 54 267 640 
0 54 267 640 
0 54 267 640 
0 54 268 640 
0 53 268 640 
0 53 268 640 
0 53 268 640 
0 54 268 640 
0 54 268 640 
0 54 268 640 
0 54 268 640 
0 54 268 640 
0 54 268 640 
0 55 268 640 
0 55 268 640 
0 55 268 640 
0 55 268 640 
0 55 268 552 553 640 
0 55 268 550 553 640 
0 53 268 549 553 640 
0 51 268 549 553 640 
0 46 268 549 553 640 
0 43 268 548 553 640 
0 40 268 548 552 640 
0 38 268 550 551 640 
0 36 268 640 
0 15 23 34 268 640 
0 14 26 33 268 640 
0 13 268 640 
0 13 268 640 
0 13 268 640 
0 13 268 640 
0 13 268 640 
0 13 267 640 
0 13 267 640 
0 13 267 640 
0 14 266 640 
0 14 266 640 
0 14 266 640 
0 15 265 640 
0 15 264 640 
0 16 264 640 
0 16 263 640 
0 17 263 640 
0 17 263 640 
0 18 263 640 
0 19 263 640 
0 19 264 640 
0 18 265 640 
0 18 265 640 
0 17 266 640 
0 16 266 640 
0 15 266 640 
0 14 267 640 
0 14 267 640 
0 14 268 640 
0 15 268 640 
0 16 269 640 
0 18 269 640 
0 21 270 640 
0 24 270 640 
0 26 270 640 
0 27 271 640 
0 29 271 640 
0 31 272 640 
0 34 272 640 
0 36 272 640 
0 38 273 640 
0 40 273 640 
0 43 274 640 
0 46 56 58 275 640 
0 49 55 58 275 640 
0 51 54 58 276 640 
0 58 277 640 
0 58 277 640 
0 58 278 640 
0 58 278 640 
0 58 278 640 
0 58 278 640 
0 58 279 640 
0 58 278 640 
0 58 278 640 
0 58 277 640 
0 58 276 640 
0 57 264 265 276 640 
0 57 264 266 275 640 
0 57 264 266 274 640 
0 57 265 267 272 640 
0 57 265 269 271 640 
0 57 265 640 
0 57 265 640 
0 57 265 640 
0 57 266 640 
0 57 266 640 
0 57 266 640 
0 57 266 640 
0 57 267 640 
0 57 267 640 
0 57 267 640 
0 56 268 640 
0 56 268 640 
0 56 268 640 
0 56 268 640 
0 55 269 640 
0 55 269 640 
0 55 270 640 
0 55 270 640 
0 54 270 640 
0 54 271 640 
0 54 271 640 
0 53 271 640 
0 53 272 640 
0 53 272 640 
0 52 273 640 
0 52 273 640 
0 51 273 640 
0 51 274 640 
0 50 274 640 
0 48 275 640 
0 47 275 640 
0 45 276 640 
0 43 276 640 
0 41 277 640 
0 39 277 640 
0 37 278 640 
0 37 39 46 278 640 
0 46 279 640 
0 45 280 640 
0 45 280 640 
0 44 281 640 
0 44 281 640 
0 43 282 640 
0 42 283 640 
0 42 283 640 
0 41 284 640 
0 40 285 640 
0 40 286 640 
0 39 42 44 53 55 286 640 
0 39 40 44 52 54 287 640 
0 43 52 54 288 640 
0 43 51 53 289 640 
0 43 50 52 290 640 
0 42 49 52 291 640 
0 41 48 51 292 640 
0 41 47 50 293 640 
0 40 45 49 293 640 
0 40 44 49 294 640 
0 40 42 48 295 640 
0 39 42 46 296 640 
0 39 40 46 54 56 297 640 
0 45 52 57 298 640 
0 44 49 57 299 640 
0 44 47 57 300 640 
0 43 44 57 62 63 302 640 
0 57 61 64 303 640 
0 57 61 63 304 640 
0 57 61 63 305 640 
0 57 60 63 306 640 
0 57 60 63 307 640 
0 57 59 63 308 640 
0 57 59 63 310 640 
0 57 58 63 312 640 
0 57 58 63 314 640 
0 63 298 303 317 640 
0 63 296 307 318 640 
0 63 295 310 319 640 
0 62 294 315 321 640 
0 64 293 317 322 640 
0 64 291 320 323 640 
0 65 290 322 323 640 
0 65 290 640 
0 65 289 640 
0 65 288 640 
0 65 287 640 
0 66 286 640 
0 66 285 640 
0 66 284 640 
0 66 72 75 283 640 
0 66 72 79 209 225 282 640 
0 66 71 85 207 228 281 640 
0 66 71 86 206 230 246 252 280 640 
0 65 71 85 209 230 233 235 241 256 278 640 
0 64 70 80 214 230 233 259 277 640 
0 64 70 78 218 230 232 262 275 640 
0 64 69 76 220 230 232 267 273 640 
0 63 69 74 225 230 232 640 
0 63 69 72 232 640 
0 63 235 640 
0 63 240 640 
0 63 246 640 
0 63 250 640 
0 62 251 640 
0 60 252 640 
0 58 253 640 
0 57 253 640 
0 55 254 640 
0 53 255 640 
0 51 256 640 
0 49 257 640 
0 47 257 640 
0 46 258 640 
0 44 258 640 
0 42 258 640 
0 40 258 640 
0 39 259 640 
0 37 258 640 
0 37 257 640 
0 36 256 640 
0 35 255 640 
0 35 254 640 
0 34 253 640 
0 34 253 640 
0 34 254 640 
0 33 255 640 
0 33 255 640 
0 33 256 640 
0 33 256 640 
0 33 257 640 
0 33 258 640 
0 36 258 640 
0 37 259 640 
0 37 259 640 
0 38 260 640 
0 38 260 640 
0 39 261 640 
0 39 261 640 
0 39 262 640 
0 39 262 640 
0 39 262 636 
0 39 263 627 
0 38 263 625 
0 38 263 626 
0 37 264 630 
0 37 264 633 
0 36 265 640 
0 36 265 640 
0 35 266 640 
0 35 266 640 
0 35 267 640 
0 34 267 640 
0 34 267 640 
0 34 267 640 
0 34 268 640 
0 33 268 640 
0 33 268 640 
0 33 269 640 
0 33 269 640 
0 32 270 640 
0 32 270 640 
0 32 270 640 
0 32 283 640 
0 32 284 640 
0 31 285 640 
0 31 285 640 
0 31 285 640 
0 30 285 640 
0 30 285 640 
0 30 284 640 
0 30 284 640 
0 30 283 640 
0 30 283 640 
0 29 283 640 
0 24 282 640 
0 23 282 640 
0 23 282 640 
0 23 282 640 
0 22 281 640 
0 22 281 640 
0 22 281 640 
0 22 281 640 
0 22 281 640 
0 22 281 640 
0 22 281 640 
0 22 282 640 
0 19 281 640 
0 19 281 640 
0 19 280 640 
0 20 280 640 
0 20 281 640 
0 21 282 640 
0 22 284 640 
0 22 286 640 
0 22 288 640 
0 22 291 640 
0 22 293 640 
0 22 295 640 
0 22 295 640 
0 22 296 640 
0 22 297 640 
0 22 297 640 
0 22 297 640 
0 22 297 640 
0 22 297 640 
0 22 296 640 
0 22 295 640 
0 21 295 640 
0 21 294 640 
0 21 293 640 
0 21 292 640 
0 21 291 640 
0 20 291 640 
0 20 291 640 
0 20 291 640 
0 19 291 640 
0 19 291 640 
0 18 291 640 
0 17 292 640 
0 17 292 640 
0 16 292 640 
0 15 292 640 
0 15 291 640 
0 14 291 640 
0 12 291 640 
0 11 290 640 
0 11 290 640 
0 12 291 640 
0 12 291 640 
0 12 292 640 
0 11 292 640 
0 10 293 640 
0 10 293 640 
0 9 294 640 
0 9 294 640 
0 8 295 640 
0 9 295 640 
0 9 296 640 
0 9 296 640 
0 10 297 640 
0 10 297 640 
0 11 298 640 
0 12 240 241 298 640 
0 14 239 241 299 640 
0 16 239 241 299 640 
0 17 239 241 300 640 
0 17 239 241 300 640 
0 16 239 241 301 640 
0 16 239 241 301 640 
0 16 239 241 302 640 
0 16 239 241 302 640 
0 15 239 241 303 640 
0 15 239 241 303 640 
0 15 239 241 303 640 
0 15 239 241 304 640 
0 14 239 241 305 640 
0 14 238 241 305 640 
0 14 238 241 306 640 
0 14 238 241 306 640 
0 13 238 241 307 640 
0 13 238 241 307 640 
0 13 237 241 308 640 
0 13 237 241 308 640 
0 12 237 241 308 640 
0 12 237 241 309 640 
0 12 237 240 310 640 
0 11 237 240 310 640 
0 11 237 240 311 640 
0 11 236 239 311 640 
0 10 236 239 312 640 
0 10 236 238 312 640 
0 10 235 238 313 640 
0 9 235 237 314 640 
0 9 235 237 314 640 
0 9 235 237 315 640 
0 8 234 237 315 640 
0 8 234 237 316 640 
0 8 234 237 316 640 
0 8 233 236 316 640 
0 8 233 237 317 640 
