









































































































































































































































































241 244 
240 246 
240 248 
239 249 
238 250 
238 250 
237 251 
237 252 
237 253 
237 253 319 327 
237 255 316 328 
237 255 315 328 
237 256 314 328 
237 257 313 328 
237 258 312 328 
235 259 312 327 
234 261 311 326 
223 224 226 229 233 263 311 321 
216 264 310 321 
212 264 310 320 
212 265 305 320 
213 265 304 320 
213 265 303 320 
214 265 302 319 
215 265 301 319 
215 264 300 319 
216 263 299 318 
216 260 298 317 
216 261 297 316 
217 262 296 316 
216 263 295 316 
216 264 294 315 
216 264 293 315 
215 265 292 314 
215 265 291 312 
215 265 290 311 
215 266 288 310 
215 266 288 308 
214 267 286 307 329 330 
214 268 285 305 326 330 
214 270 283 304 324 330 
214 274 282 303 321 330 
214 276 280 303 319 329 
214 302 315 328 
214 301 306 309 310 327 
215 325 
215 325 
215 324 
215 322 
215 321 
216 320 
216 324 
216 324 428 432 
217 324 426 434 
217 324 424 437 
218 324 328 330 421 438 
218 332 419 439 
218 332 417 439 
219 333 415 439 
219 334 413 439 
220 334 405 439 
220 334 402 443 
221 333 399 445 
221 333 396 445 
222 334 335 336 392 445 
222 336 390 445 
223 336 388 446 
224 335 384 446 
225 335 381 446 
226 335 379 447 
226 334 376 448 
227 334 374 450 
228 334 372 451 
229 333 338 340 368 450 
230 332 335 340 365 450 
232 331 333 340 361 450 
234 339 358 450 
235 339 355 450 
238 338 351 450 
240 338 346 449 
241 337 342 449 
243 449 
244 448 
245 448 
246 448 
247 448 
248 448 
249 448 
250 448 
251 448 
251 448 
252 448 
252 448 
252 448 
253 447 
254 446 
255 445 
256 445 
257 444 
259 263 264 444 
260 262 265 443 
267 443 
268 442 
270 442 
272 441 
273 441 
274 441 
276 441 
277 440 
278 440 
279 441 
280 441 
281 442 
282 442 
283 442 
284 443 456 458 
286 444 447 459 
287 299 300 461 
288 299 301 461 
290 299 303 462 
291 300 304 462 
292 303 305 463 
293 304 306 462 
294 305 306 461 
297 305 307 460 461 462 
299 304 308 460 
300 302 308 458 
309 457 
310 455 457 458 
310 453 457 458 
311 452 
312 450 
313 447 
314 445 
315 442 
316 440 
317 439 
318 438 440 441 444 446 
319 438 443 445 
322 438 
324 437 
325 437 
326 436 437 438 
329 435 437 438 
331 434 
333 433 
334 433 
336 432 
338 431 
340 431 
341 432 433 434 445 446 
342 434 435 436 
344 434 
346 436 448 449 
350 449 
353 452 
356 453 
358 454 
359 454 
362 454 
363 453 
365 454 
366 453 
368 452 
369 451 
371 450 
373 448 
375 421 424 447 
378 419 427 445 
380 418 430 438 
382 420 
384 419 
386 415 434 435 
389 405 
390 403 
392 402 
395 396 

407 408 
407 408 

407 408 
































