0 328 569 640 
0 328 569 640 
0 329 569 640 
0 329 569 640 
0 329 569 640 
0 330 569 640 
0 330 569 640 
0 331 569 640 
0 331 569 570 571 640 
0 332 569 570 571 640 
0 332 572 640 
0 333 570 571 573 640 
0 333 567 568 570 572 573 640 
0 333 570 572 574 640 
0 334 570 571 574 640 
0 334 574 640 
0 334 573 640 
0 335 574 640 
0 335 573 640 
0 335 573 640 
0 336 574 640 
0 336 573 640 
0 337 573 640 
0 337 573 640 
0 337 573 640 
0 338 573 640 
0 338 573 640 
0 339 572 640 
0 339 571 640 
0 340 573 640 
0 340 573 640 
0 340 574 640 
0 341 573 640 
0 341 573 640 
0 342 573 640 
0 342 573 640 
0 342 573 640 
0 342 573 640 
0 343 573 640 
0 343 573 640 
0 344 573 640 
0 344 573 640 
0 344 573 640 
0 345 573 640 
0 345 573 640 
0 346 573 640 
0 346 573 640 
0 347 573 640 
0 347 571 640 
0 348 571 640 
0 349 571 640 
0 350 571 640 
0 350 571 640 
0 351 571 640 
0 11 15 352 571 640 
0 12 18 352 571 640 
0 14 22 353 571 640 
0 16 27 353 571 640 
0 19 33 71 74 354 570 640 
0 21 36 67 77 354 570 640 
0 22 39 65 78 355 570 640 
0 24 41 63 79 355 570 640 
0 26 46 61 80 356 570 640 
0 28 51 60 81 356 570 640 
0 31 52 59 82 358 570 640 
0 33 54 57 82 358 570 640 
0 36 55 56 82 359 569 640 
0 38 81 359 569 640 
0 40 81 360 568 640 
0 42 81 360 568 640 
0 43 80 361 567 640 
0 43 79 362 470 472 565 566 568 640 
0 44 79 363 468 472 473 477 566 640 
0 44 78 91 97 364 467 478 567 640 
0 45 77 88 104 364 466 479 567 640 
0 46 77 85 109 365 464 481 567 640 
0 46 77 82 112 365 463 481 568 640 
0 45 78 80 115 366 462 481 568 640 
0 44 117 366 461 483 569 640 
0 43 120 367 460 484 485 486 569 640 
0 42 120 368 459 483 484 486 569 640 
0 41 117 368 459 485 570 640 
0 40 117 368 458 485 570 640 
0 39 119 369 458 485 486 488 571 640 
0 38 120 369 457 487 571 640 
0 37 121 370 456 487 571 640 
0 37 121 370 456 487 572 640 
0 36 122 370 456 487 572 640 
0 35 122 370 455 488 572 640 
0 35 122 370 454 488 572 640 
0 34 122 371 454 488 572 640 
0 34 122 371 454 488 572 640 
0 34 122 371 453 489 572 640 
0 34 123 371 453 489 572 640 
0 34 123 371 452 489 572 640 
0 35 123 371 452 490 572 640 
0 36 123 371 452 493 572 640 
0 37 52 54 123 372 451 494 572 640 
0 38 50 55 122 373 451 496 571 640 
0 40 48 56 121 373 451 496 571 640 
0 56 121 374 451 495 571 640 
0 56 122 374 450 494 571 640 
0 56 123 375 450 493 571 640 
0 55 127 375 449 493 571 640 
0 55 128 376 448 492 570 640 
0 54 128 376 448 491 570 640 
0 54 128 377 448 491 570 640 
0 54 128 378 448 490 569 640 
0 54 128 379 448 490 569 640 
0 54 128 380 448 489 569 640 
0 54 129 383 447 488 568 640 
0 54 129 384 446 488 568 640 
0 54 130 384 446 487 568 640 
0 53 130 384 446 486 567 640 
0 53 130 386 445 485 565 640 
0 53 130 387 445 485 565 640 
0 53 130 387 444 484 564 640 
0 53 130 387 443 483 564 640 
0 53 131 388 443 482 563 640 
0 53 131 388 443 482 563 640 
0 53 132 388 442 481 561 640 
0 52 132 389 442 480 560 640 
0 52 132 390 442 480 558 640 
0 52 131 391 442 479 557 640 
0 52 131 391 442 478 556 640 
0 52 130 392 442 477 555 640 
0 53 129 393 442 477 554 640 
0 53 127 394 442 476 552 640 
0 53 126 395 442 475 551 640 
0 53 125 396 442 475 551 640 
0 53 124 398 403 405 441 474 550 640 
0 54 123 399 402 406 441 473 549 551 552 640 
0 54 123 408 441 473 549 640 
0 54 123 408 440 472 548 640 
0 54 124 409 440 471 547 640 
0 55 124 410 440 470 547 640 
0 55 125 410 441 470 546 640 
0 55 126 411 441 469 545 640 
0 55 127 412 441 469 545 640 
0 55 127 413 441 468 544 640 
0 56 128 414 441 467 477 478 543 640 
0 56 129 417 441 467 476 477 542 640 
0 56 127 129 130 419 440 466 476 477 542 640 
0 56 127 420 439 466 475 476 541 640 
0 57 128 422 438 465 475 476 540 640 
0 57 130 422 438 465 474 475 541 640 
0 57 131 424 437 464 474 475 541 640 
0 57 133 426 429 432 437 464 473 474 542 640 
0 57 135 463 473 474 542 640 
0 57 136 463 472 474 542 640 
0 57 138 463 472 473 542 640 
0 57 139 462 471 473 542 640 
0 57 140 462 471 472 542 640 
0 57 142 461 470 472 541 640 
0 57 143 461 470 472 541 640 
0 57 144 461 469 471 541 640 
0 57 146 460 469 471 541 640 
0 57 147 460 468 471 541 640 
0 57 148 460 468 470 540 640 
0 57 148 459 468 470 540 640 
0 57 149 459 467 470 541 640 
0 57 150 459 467 469 541 640 
0 56 150 458 467 469 542 640 
0 56 151 458 466 469 543 640 
0 56 151 457 466 468 543 640 
0 56 152 457 466 468 543 640 
0 55 153 457 465 468 544 640 
0 55 153 457 465 467 544 640 
0 55 154 456 465 467 545 640 
0 55 155 456 465 467 545 640 
0 54 156 456 464 467 546 640 
0 54 157 456 464 466 546 640 
0 53 158 455 464 466 546 640 
0 53 159 455 464 466 547 640 
0 53 160 455 463 466 547 640 
0 52 161 454 463 465 547 640 
0 52 162 454 463 465 546 640 
0 51 163 454 462 465 546 640 
0 51 165 453 462 464 546 640 
0 51 166 453 462 464 546 640 
0 50 167 453 462 464 546 640 
0 49 168 453 462 464 546 640 
0 49 170 452 461 463 545 640 
0 48 171 452 461 463 544 640 
0 48 172 452 461 463 544 640 
0 47 173 452 461 463 544 640 
0 47 174 452 460 462 545 640 
0 46 175 451 460 462 546 640 
0 46 175 451 460 462 547 640 
0 45 176 451 460 462 548 640 
0 45 177 450 460 461 548 640 
0 44 177 450 459 461 549 640 
0 44 177 450 459 461 550 640 
0 43 177 450 459 461 550 640 
0 42 178 450 459 461 551 640 
0 42 178 449 459 460 551 640 
0 41 178 449 458 460 551 640 
0 41 178 449 458 460 552 640 
0 40 177 449 458 459 552 640 
0 40 177 449 458 459 552 640 
0 39 177 448 457 459 552 640 
0 39 176 448 457 459 552 640 
0 38 176 448 457 459 552 640 
0 38 176 448 457 459 552 640 
0 37 175 448 457 458 551 640 
0 37 44 45 175 447 457 458 550 640 
0 36 44 45 174 447 456 458 550 640 
0 36 174 447 456 458 550 640 
0 35 173 447 456 458 550 640 
0 34 173 447 456 458 550 640 
0 34 172 447 456 457 550 640 
0 33 172 447 456 457 550 640 
0 33 172 447 456 457 551 640 
0 32 172 447 455 457 551 640 
0 32 172 447 455 457 551 640 
0 31 172 447 455 457 552 640 
0 31 171 447 455 457 552 640 
0 31 171 447 455 457 552 640 
0 30 171 447 455 457 552 640 
0 30 171 447 455 457 553 640 
0 29 171 447 454 457 553 640 
0 29 171 447 454 457 553 640 
0 29 171 447 454 457 554 640 
0 28 171 447 454 457 554 640 
0 28 171 446 454 456 554 640 
0 28 171 446 453 456 554 640 
0 27 171 446 453 456 555 640 
0 27 171 446 453 456 555 640 
0 26 102 103 171 446 453 456 555 640 
0 26 101 103 171 446 453 456 556 640 
0 25 101 103 171 446 453 456 556 640 
0 25 100 103 171 446 452 456 533 535 556 640 
0 25 100 103 171 446 452 456 533 535 556 640 
0 24 99 102 171 446 452 456 464 465 533 535 556 640 
0 24 99 102 171 446 452 456 463 465 533 535 557 640 
0 24 98 102 171 446 452 456 463 465 533 535 557 640 
0 24 98 102 171 446 452 456 463 465 532 535 557 640 
0 24 98 102 124 125 171 446 452 456 463 464 532 535 557 640 
0 24 97 102 123 125 172 446 451 455 463 464 532 535 557 640 
0 24 97 102 124 125 172 446 451 455 463 464 532 535 557 640 
0 24 97 102 124 125 172 446 451 455 462 464 532 536 557 640 
0 24 97 102 123 125 172 446 451 455 462 464 531 536 557 640 
0 24 97 102 124 125 172 446 448 450 451 455 462 465 531 536 557 640 
0 24 97 102 172 446 448 450 451 455 462 465 531 536 557 640 
0 24 97 102 172 446 448 456 462 465 531 536 557 640 
0 24 96 102 172 456 461 464 531 536 557 640 
0 24 96 102 172 456 461 464 530 537 557 640 
0 24 96 101 106 108 172 456 461 463 530 537 557 640 
0 24 96 101 106 108 173 456 461 463 530 537 557 640 
0 24 96 101 106 108 173 456 459 460 461 463 530 537 557 640 
0 24 95 101 105 108 173 456 458 460 529 538 557 640 
0 24 95 101 105 108 173 456 458 460 530 538 557 640 
0 24 95 101 105 108 173 460 533 538 557 640 
0 24 94 101 104 108 173 460 536 538 557 640 
0 24 94 101 104 109 174 460 558 640 
0 24 93 101 104 109 174 460 558 640 
0 24 93 101 103 109 174 459 558 640 
0 24 93 101 103 109 174 459 558 640 
0 24 93 101 103 109 175 459 558 640 
0 24 92 100 103 109 175 459 558 640 
0 24 92 100 102 109 175 458 461 462 558 640 
0 24 92 100 102 109 175 457 460 462 558 640 
0 24 91 100 102 110 175 457 459 461 559 640 
0 23 91 100 101 110 176 457 458 461 559 640 
0 23 91 110 176 461 561 640 
0 24 90 110 176 461 562 640 
0 24 90 110 176 461 564 640 
0 23 90 110 177 461 464 466 565 640 
0 23 90 110 177 466 567 640 
0 23 90 110 177 466 568 640 
0 23 90 110 177 465 570 640 
0 23 89 109 178 465 571 640 
0 23 89 109 178 465 572 640 
0 23 88 108 178 465 573 640 
0 23 87 108 178 465 574 640 
0 23 87 108 179 465 575 640 
0 23 87 107 179 465 576 640 
0 23 87 107 179 464 577 640 
0 23 28 29 86 106 180 464 577 640 
0 23 27 29 86 106 180 464 578 640 
0 23 27 30 58 59 65 67 86 105 180 463 579 640 
0 23 27 30 57 59 65 67 85 105 181 463 580 640 
0 23 27 30 57 59 65 67 85 104 181 463 581 640 
0 23 27 30 57 59 65 68 85 104 181 463 582 640 
0 23 27 29 57 60 66 68 84 104 182 463 582 640 
0 23 27 29 56 60 66 68 84 103 182 455 457 461 462 463 583 640 
0 23 28 29 56 60 66 68 83 103 182 455 458 461 462 463 584 640 
0 24 56 60 66 68 83 102 182 455 458 461 462 463 584 640 
0 24 55 60 66 69 83 102 183 455 462 463 585 640 
0 24 55 61 66 69 83 102 183 454 462 463 585 640 
0 24 55 61 67 70 83 101 183 454 462 463 586 640 
0 24 51 53 54 62 67 70 84 101 184 453 462 463 587 640 
0 25 51 53 54 63 67 70 84 100 184 454 462 463 587 640 
0 25 51 63 67 69 85 100 185 454 588 640 
0 25 50 64 66 69 86 100 185 451 452 454 588 640 
0 25 27 28 37 39 42 43 50 65 67 68 86 99 185 453 589 640 
0 25 27 29 37 39 41 44 50 66 87 99 186 454 590 640 
0 29 37 39 42 44 49 67 87 99 186 454 590 640 
0 29 31 32 37 39 42 44 46 47 49 67 87 98 186 453 591 640 
0 29 31 32 37 39 41 44 46 47 48 67 88 98 187 453 591 640 
0 29 31 33 37 39 41 67 88 98 187 454 592 640 
0 29 30 34 37 40 41 66 88 97 187 454 592 640 
0 34 37 66 88 97 187 454 593 640 
0 35 37 65 88 96 188 454 593 640 
0 35 37 65 88 96 188 455 594 640 
0 65 88 95 188 456 594 640 
0 64 88 95 189 458 595 640 
0 64 88 95 189 458 595 640 
0 64 78 81 87 94 189 458 461 462 596 640 
0 63 77 82 87 94 190 460 461 462 597 640 
0 63 76 82 86 93 190 460 597 640 
0 63 75 83 86 93 190 461 598 640 
0 62 75 93 191 461 599 640 
0 62 75 92 191 461 599 640 
0 62 74 92 191 461 600 640 
0 62 74 91 192 461 601 640 
0 62 74 91 192 462 602 640 
0 62 73 90 192 462 602 640 
0 62 73 90 192 462 603 640 
0 62 73 89 193 462 604 640 
0 63 73 89 193 461 605 640 
0 63 72 89 194 461 605 640 
0 63 72 88 194 461 606 640 
0 64 72 88 194 461 607 640 
0 64 72 87 195 461 607 640 
0 64 72 87 195 461 608 640 
0 64 73 74 77 86 195 461 609 640 
0 64 76 86 196 461 610 640 
0 64 74 85 196 460 610 640 
0 65 72 85 196 460 611 640 
0 65 71 84 197 460 612 640 
0 65 71 84 197 460 612 640 
0 65 71 83 197 460 613 640 
0 65 72 83 198 460 613 640 
0 65 72 82 198 460 614 640 
0 65 73 82 198 459 615 640 
0 66 73 81 199 459 616 640 
0 66 74 81 199 459 616 640 
0 66 74 80 200 459 617 640 
0 67 71 80 200 459 617 640 
0 68 71 79 200 459 618 640 
0 68 70 79 201 458 618 640 
0 78 201 458 619 640 
0 77 201 458 619 640 
0 77 202 458 620 640 
0 76 202 458 620 640 
0 76 202 457 621 640 
0 75 203 457 621 640 
0 75 203 457 622 640 
0 74 203 457 622 640 
0 73 204 457 623 640 
0 73 204 457 623 640 
0 72 204 456 623 640 
0 72 205 456 623 640 
0 71 205 456 624 640 
0 70 205 456 624 640 
0 70 205 456 624 640 
0 69 205 456 624 640 
0 69 206 455 625 640 
0 68 206 455 625 640 
0 68 206 455 625 640 
0 67 207 455 625 640 
0 67 207 455 625 640 
0 66 208 454 625 640 
0 65 208 454 625 640 
0 66 209 454 625 640 
0 67 209 454 625 640 
0 66 210 454 626 640 
0 65 210 454 626 640 
0 65 211 454 626 640 
0 64 211 454 626 640 
0 64 212 454 626 640 
0 62 212 454 626 640 
0 61 213 454 626 640 
0 61 210 211 213 454 457 458 625 640 
0 60 210 212 213 454 456 458 625 640 
0 60 210 213 214 454 456 458 626 640 
0 59 211 213 214 455 456 458 626 640 
0 58 61 62 211 213 214 455 456 458 626 640 
0 58 60 61 211 213 215 453 454 457 626 640 
0 57 59 61 212 214 215 453 454 457 627 640 
0 56 58 60 212 214 215 453 455 457 627 640 
0 55 58 60 212 214 216 453 455 457 627 640 
0 54 57 59 212 214 216 453 455 457 627 640 
0 53 57 59 213 214 216 453 455 457 627 640 
0 53 56 58 214 215 216 453 454 457 628 640 
0 52 56 58 214 215 217 457 628 640 
0 52 55 57 217 457 628 640 
0 52 55 57 217 457 628 640 
0 52 54 56 217 457 628 640 
0 51 53 55 217 457 628 640 
0 51 218 457 628 640 
0 51 52 53 218 453 454 457 628 640 
0 50 52 53 218 453 454 457 629 640 
0 49 51 53 218 453 455 457 629 640 
0 49 50 52 219 452 455 457 629 640 
0 48 50 51 219 452 629 640 
0 47 219 452 630 640 
0 46 219 452 630 640 
0 46 220 452 630 640 
0 45 221 452 630 640 
0 45 221 452 630 640 
0 44 221 452 630 640 
0 44 221 452 630 640 
0 43 222 452 630 640 
0 44 221 453 630 640 
0 45 221 453 630 640 
0 45 221 453 630 640 
0 44 221 453 629 640 
0 43 221 453 629 640 
0 43 221 453 629 640 
0 42 221 455 629 640 
0 42 221 457 619 620 629 640 
0 41 221 458 619 620 629 640 
0 41 221 458 619 620 628 640 
0 40 221 457 619 620 628 640 
0 39 221 454 622 623 628 640 
0 37 221 454 622 623 628 640 
0 37 221 454 621 624 628 640 
0 37 221 455 621 624 625 626 627 640 
0 37 221 456 621 624 625 640 
0 38 222 457 622 640 
0 39 222 457 622 640 
0 39 222 457 622 640 
0 38 222 457 623 640 
0 38 222 457 622 640 
0 38 222 456 620 640 
0 38 222 456 611 614 617 640 
0 37 222 456 606 640 
0 37 222 456 603 640 
0 37 222 456 601 640 
0 37 223 456 600 640 
0 37 223 456 599 640 
0 36 223 456 598 640 
0 36 223 456 596 640 
0 36 223 456 595 640 
0 36 223 456 595 640 
0 36 223 457 594 640 
0 36 223 457 593 640 
0 36 223 458 592 640 
0 36 222 460 591 640 
0 37 221 465 591 640 
0 37 45 47 220 469 590 640 
0 37 43 47 213 471 589 640 
0 37 42 47 210 472 588 640 
0 38 41 48 56 70 208 473 587 640 
0 71 207 474 586 640 
0 72 207 475 585 640 
0 73 206 476 555 574 579 640 
0 74 206 477 552 640 
0 74 205 479 551 640 
0 74 204 480 549 640 
0 75 204 481 503 512 547 640 
0 75 203 481 503 513 545 640 
0 75 202 482 503 513 544 640 
0 76 202 482 502 513 542 640 
0 76 201 482 502 514 540 640 
0 77 200 482 502 514 538 640 
0 77 168 180 198 482 502 514 537 640 
0 78 92 100 164 187 196 482 502 515 537 640 
0 79 88 103 161 482 502 515 537 640 
0 105 160 482 502 515 537 640 
0 105 160 483 502 516 537 640 
0 105 159 483 502 516 538 640 
0 105 159 483 502 516 538 640 
0 105 159 483 502 516 538 640 
0 105 159 483 502 517 538 640 
0 105 134 140 159 483 502 517 538 640 
0 105 128 140 159 483 501 517 538 640 
0 105 127 140 158 483 501 518 538 640 
0 105 126 140 158 484 501 518 538 640 
0 105 126 140 158 484 501 518 538 640 
0 104 126 140 158 484 501 518 539 640 
0 104 126 140 158 484 501 519 539 640 
0 104 125 140 158 484 501 519 539 640 
0 104 125 140 158 484 501 519 539 640 
0 104 125 140 158 484 501 520 539 640 
0 104 124 140 158 484 501 520 540 640 
0 104 124 140 158 484 501 520 540 640 
0 104 123 140 157 484 501 520 540 640 
