50 98 320 640 
50 99 320 640 
50 101 320 640 
49 103 320 640 
49 106 110 117 320 640 
49 119 125 133 320 640 
49 134 320 640 
49 135 320 640 
49 138 320 640 
49 141 320 640 
48 141 320 640 
48 141 320 640 
48 141 320 640 
48 140 320 640 
48 140 320 640 
48 139 320 640 
48 139 320 640 
48 138 320 640 
48 138 320 640 
48 139 320 640 
48 139 320 640 
48 139 320 640 
47 139 320 640 
47 139 320 640 
47 138 320 640 
47 138 320 640 
47 137 320 640 
47 137 320 640 
48 136 320 640 
48 135 320 640 
48 135 320 640 
48 134 320 640 
48 134 320 640 
48 133 320 640 
48 132 320 640 
48 132 320 640 
48 131 320 640 
48 130 320 640 
48 129 320 640 
48 128 320 640 
48 127 320 640 
49 126 320 640 
49 125 320 640 
49 125 320 640 
49 124 320 640 
49 123 320 640 
49 122 320 640 
50 121 320 640 
50 120 320 640 
50 119 320 640 
50 118 320 640 
50 117 320 640 
50 116 320 640 
50 115 320 640 
50 114 320 640 
50 113 320 640 
50 112 320 640 
50 111 320 640 
50 110 320 640 
50 109 320 640 
50 108 320 640 
50 108 320 640 
50 107 320 640 
50 106 320 640 
50 105 320 640 
51 105 320 640 
51 104 320 640 
51 103 320 640 
51 103 320 640 
51 102 320 640 
51 101 320 640 
51 101 320 640 
51 100 320 640 
51 99 320 640 
51 99 320 640 
51 98 320 640 
51 98 320 640 
51 97 320 640 
51 97 320 640 
51 96 320 640 
51 95 320 640 
51 95 320 640 
51 94 320 640 
51 94 320 640 
51 94 320 640 
51 94 320 640 
51 93 320 640 
51 93 320 640 
52 93 320 640 
52 92 320 640 
52 92 320 640 
52 93 320 640 
52 94 320 640 
52 95 320 640 
52 95 96 99 107 109 320 640 
52 94 96 100 320 640 
53 94 96 101 109 110 320 640 
53 94 97 103 106 108 320 640 
53 93 97 103 106 108 320 640 
53 93 97 103 105 108 116 117 320 640 
53 92 97 103 105 108 113 121 124 127 320 640 
53 92 96 104 105 108 111 127 320 640 
53 92 96 103 104 107 108 125 127 128 320 640 
51 92 95 128 320 640 
50 93 95 128 320 640 
48 128 320 640 
47 127 320 640 
45 126 320 640 
44 126 320 640 
43 125 127 128 320 640 
41 130 320 640 
39 129 320 640 
36 129 320 640 
35 129 320 640 
34 129 320 640 
33 128 320 640 
32 128 320 640 
32 127 320 640 
32 127 320 640 
32 126 320 640 
32 126 320 640 
33 125 320 640 
33 125 320 640 
33 124 320 640 
33 124 320 640 
34 47 49 123 320 640 
34 47 48 122 320 640 
34 46 48 121 320 640 
34 45 48 120 320 640 
34 45 48 119 320 640 
34 45 48 119 320 640 
34 45 47 118 320 640 
34 44 48 119 320 640 
34 44 48 119 320 640 
35 44 48 119 320 640 
35 44 49 118 320 640 
35 44 49 118 320 640 
35 43 50 117 320 640 
35 42 51 115 320 640 
35 40 52 114 320 640 
35 41 52 112 320 640 
36 41 53 110 320 640 
36 41 54 109 320 640 
36 39 55 108 320 640 
37 39 56 108 320 640 
57 107 320 640 
58 106 320 640 
58 106 320 640 
59 106 320 640 
60 105 320 640 
61 105 320 640 
61 104 320 640 
62 104 320 640 
63 104 320 640 
64 104 320 640 
65 104 320 640 
65 103 320 640 
65 103 108 117 320 640 
64 104 106 117 119 120 320 640 
63 120 320 640 
62 121 320 640 
61 122 320 640 
60 122 320 640 
60 121 320 640 
60 120 320 640 
59 119 320 640 
59 117 320 640 
58 116 320 640 
58 114 320 640 
58 113 320 640 
58 111 320 640 
57 110 320 640 
55 108 320 640 
55 107 320 640 
54 105 320 640 
51 104 320 640 
50 102 320 640 
48 101 320 640 
46 99 320 640 
45 98 320 640 
41 97 320 640 
38 97 320 640 
33 97 320 640 
30 97 320 640 
30 97 320 640 
30 97 320 640 
29 97 320 640 
29 97 320 640 
30 97 320 640 
31 97 320 640 
33 35 41 97 320 640 
41 97 320 640 
41 97 320 640 
42 97 320 640 
42 97 320 640 
43 98 320 640 
45 99 320 640 
46 60 63 107 320 640 
49 57 64 107 320 640 
65 106 320 640 
65 105 320 640 
66 104 320 640 
67 103 320 640 
68 103 320 640 
68 102 320 640 
69 102 320 640 
70 102 320 640 
71 102 320 640 
72 101 320 640 
73 101 320 640 
74 100 320 640 
75 100 320 640 
76 99 320 640 
78 99 320 640 
79 98 320 640 
81 97 320 640 
82 96 320 640 
84 94 320 640 
320 640 
320 640 
320 640 
320 640 
320 640 
320 640 
320 640 
320 640 
320 640 
320 640 
320 640 
320 640 
320 640 
320 640 
320 640 
320 640 
320 640 
320 640 
320 640 
320 640 
320 640 
320 640 
320 640 
320 640 
320 640 
320 640 
320 640 
320 640 
320 640 
320 640 
320 640 
320 640 
320 640 
320 640 
320 640 
320 640 
320 640 
320 640 
320 640 
320 640 
320 640 
320 640 
320 640 
320 640 
320 640 
320 640 
320 640 
320 640 
320 640 
320 640 
320 640 
320 640 
320 640 
320 640 
320 640 
320 640 
320 640 
320 640 
320 640 
320 640 
320 571 576 640 
320 570 577 582 589 640 
320 568 590 640 
320 567 592 640 
320 565 592 640 
320 564 593 640 
320 564 593 640 
320 563 593 640 
320 563 592 640 
320 562 592 640 
320 561 592 640 
320 560 592 640 
320 558 592 640 
320 558 593 640 
320 557 594 640 
320 556 594 640 
320 555 595 640 
320 554 596 640 
320 554 596 640 
320 553 596 640 
320 552 597 640 
320 550 597 640 
320 549 598 640 
320 548 598 640 
320 547 598 640 
320 548 598 640 
320 549 598 640 
320 548 598 640 
320 548 598 640 
320 547 597 640 
320 547 597 640 
320 546 596 640 
320 546 595 640 
320 545 592 593 595 640 
320 545 590 640 
320 545 588 640 
320 544 587 640 
320 543 587 640 
320 543 587 640 
320 542 586 640 
320 541 585 640 
320 540 584 640 
320 539 582 640 
320 538 581 640 
320 537 580 640 
320 536 577 640 
320 535 577 640 
320 534 577 640 
320 533 578 640 
320 531 579 640 
320 530 581 640 
320 529 582 640 
320 528 583 640 
320 527 532 533 584 640 
320 525 531 532 585 640 
320 524 586 640 
320 523 587 640 
320 522 588 640 
320 521 589 640 
320 520 589 640 
320 519 590 640 
320 519 591 640 
320 518 592 640 
320 517 592 640 
320 517 593 640 
320 516 593 640 
320 515 594 640 
320 515 595 640 
320 515 595 640 
320 514 595 613 615 640 
320 514 596 614 615 640 
320 514 596 610 612 614 616 640 
320 513 596 610 616 640 
320 513 596 611 617 640 
320 513 567 569 596 609 617 640 
320 512 567 570 596 610 617 640 
320 512 568 570 596 610 618 640 
320 512 567 569 596 610 618 640 
320 511 567 569 597 610 618 640 
320 511 566 569 597 611 618 640 
320 511 566 568 598 611 618 640 
320 510 566 568 598 612 618 640 
320 510 566 568 599 612 618 640 
320 509 565 568 600 611 618 640 
320 509 565 568 600 611 618 640 
320 509 565 568 601 610 618 640 
320 510 564 567 601 609 619 640 
320 510 564 567 619 640 
320 509 564 567 620 640 
320 509 564 568 620 640 
320 509 564 568 621 640 
320 508 564 568 621 640 
320 508 564 567 621 640 
320 507 510 512 564 567 622 640 
320 507 508 512 564 566 622 640 
320 510 564 565 622 640 
320 509 517 519 622 640 
320 508 516 518 522 524 622 640 
320 509 515 518 521 524 622 640 
320 510 514 517 520 523 622 640 
320 510 514 517 519 522 622 640 
320 510 513 516 519 522 622 640 
320 510 512 515 519 522 622 640 
320 509 511 516 518 521 621 640 
320 509 510 516 518 521 621 640 
320 516 518 520 621 640 
320 520 621 640 
320 520 524 525 620 640 
320 519 523 525 620 640 
320 519 522 525 619 640 
320 518 522 524 619 640 
320 518 521 524 618 640 
320 524 618 640 
320 524 617 640 
320 524 616 640 
320 524 616 640 
320 524 615 640 
320 524 614 640 
320 524 613 640 
320 524 612 640 
320 524 611 640 
320 524 610 640 
320 524 549 552 609 640 
320 524 547 552 608 640 
320 524 545 553 607 640 
320 525 544 553 606 640 
320 525 542 553 604 640 
320 525 540 553 603 640 
320 525 538 553 601 640 
320 525 536 553 600 640 
320 526 534 553 598 640 
320 527 531 552 594 640 
320 552 594 640 
320 551 594 640 
320 551 594 640 
320 551 594 640 
320 550 594 640 
320 550 594 640 
320 550 594 640 
320 550 594 640 
320 549 595 640 
320 549 595 640 
320 549 595 640 
320 549 596 640 
320 548 596 640 
320 548 596 640 
320 548 597 640 
320 548 597 640 
320 548 597 640 
320 548 597 640 
320 547 598 640 
320 547 598 640 
320 547 599 640 
320 547 599 640 
320 547 599 640 
320 547 600 640 
320 546 600 640 
320 546 600 640 
320 546 601 640 
320 546 601 640 
320 546 601 640 
320 546 602 640 
320 545 602 640 
320 545 602 640 
320 545 603 640 
320 545 603 640 
320 545 603 640 
320 545 603 640 
320 545 604 640 
320 545 604 640 
320 545 605 640 
320 545 605 640 
320 544 605 640 
320 544 606 640 
320 544 606 640 
320 544 606 640 
320 544 607 640 
320 543 607 640 
320 543 607 640 
320 543 607 640 
320 543 607 640 
320 543 608 640 
320 542 608 640 
320 542 608 640 
320 542 608 640 
320 542 608 640 
320 541 609 640 
320 541 609 640 
320 541 609 640 
320 540 609 640 
320 540 610 640 
320 540 610 640 
320 539 610 640 
320 539 610 640 
320 539 610 640 
320 538 610 640 
320 538 610 640 
320 538 610 640 
320 537 610 640 
320 537 610 640 
320 537 610 640 
320 537 610 640 
