0 320 
0 320 
0 320 
0 320 
0 320 
0 320 
0 320 
0 320 
0 320 
0 320 
0 320 
0 320 
0 320 
0 320 
0 320 
0 320 
0 320 
0 320 
0 320 
0 320 
0 320 
0 320 
0 320 
0 320 
0 320 
0 320 
0 320 
0 320 
0 320 
0 320 
0 320 
0 320 
0 320 
0 320 
0 320 
0 320 
0 320 
0 320 
0 320 
0 320 
0 320 
0 320 
0 320 
0 320 
0 320 
0 320 
0 320 
0 320 
0 320 
0 320 
0 320 
0 320 
0 320 
0 320 
0 320 
0 320 
0 320 
0 320 
0 320 
0 320 
0 320 
0 320 
0 320 
0 320 
0 320 
0 320 
0 320 
0 320 
0 320 
0 320 
0 320 
0 320 
0 320 
0 320 
0 320 
0 320 
0 320 
0 320 
0 320 
0 320 
0 320 
0 320 
0 320 
0 320 
0 320 
0 320 
0 320 
0 320 
0 320 
0 320 
0 320 
0 320 
0 320 
0 320 
0 320 
0 320 
0 320 
0 320 
0 320 
0 320 
0 320 
0 320 
0 320 
0 320 
0 320 
0 320 
0 320 
0 320 
0 320 
0 320 
0 320 
0 320 
0 320 
0 320 
0 320 
0 320 
0 320 
0 320 
0 320 
0 320 
0 320 
0 320 
0 320 
0 320 
0 320 
0 320 
0 320 
0 320 
0 320 
0 320 
0 320 
0 320 
0 320 
0 320 
0 320 
0 320 
0 320 
0 320 
0 320 
0 320 
0 320 
0 320 
0 320 
0 320 
0 320 
0 320 
0 320 
0 320 
0 320 
0 320 
0 320 
0 320 
0 320 
0 320 
0 320 
0 320 
0 320 
0 320 
0 320 
0 320 
0 320 
0 320 
0 320 
0 320 
0 320 
0 320 
0 320 
0 320 
0 320 
0 320 
0 320 
0 320 
0 320 
0 320 
0 320 
0 320 
0 320 
0 320 
0 320 
0 320 
0 320 
0 320 
0 320 
0 320 
0 320 
0 320 
0 320 
0 320 
0 320 
0 320 
0 320 
0 320 
0 320 
0 320 
0 320 
0 306 315 320 
0 302 317 320 
0 296 319 322 
0 294 320 324 
0 291 320 327 
0 288 320 329 336 344 
0 286 320 348 
0 285 320 350 
0 283 320 352 
0 281 320 353 
0 280 320 354 
0 278 320 355 
0 278 320 356 
0 277 320 357 
0 276 320 358 
0 275 320 359 
0 275 320 361 
0 274 320 363 
0 273 320 364 
0 273 320 366 
0 272 320 367 
0 271 320 368 
0 271 320 370 
0 269 320 371 
0 268 320 372 
0 267 320 373 
0 266 320 374 
0 265 320 374 
0 264 320 375 
0 263 320 375 
0 263 320 376 
0 262 320 378 
0 261 320 380 
0 259 320 382 
0 257 320 384 
0 254 320 386 
0 252 320 387 
0 251 320 389 
0 249 320 390 
0 248 320 392 
0 246 320 393 
0 245 320 395 
0 244 320 396 
0 242 320 398 
0 241 320 399 
0 239 254 256 320 400 
0 238 253 255 320 401 
0 237 251 255 320 402 
0 236 250 255 320 403 
0 235 248 254 320 384 386 404 
0 234 247 254 320 385 388 405 
0 233 245 254 320 385 389 406 
0 232 244 253 320 385 390 407 
0 231 244 253 320 385 391 408 
0 230 242 252 320 385 393 409 
0 230 241 252 320 385 394 409 
0 229 240 251 320 385 395 410 
0 228 239 251 320 386 396 411 
0 228 238 250 320 386 397 412 
0 227 237 250 320 387 398 412 
0 227 236 250 320 388 399 413 
0 226 236 250 320 389 400 413 
0 226 235 250 320 390 401 414 
0 225 235 251 320 390 402 414 
0 225 234 251 320 391 403 414 
0 225 234 250 320 391 403 415 
0 225 233 250 320 392 404 415 
0 225 234 249 320 392 405 415 
0 225 235 247 320 393 405 415 
0 225 320 394 405 415 
0 225 320 397 403 415 
0 225 320 415 
0 225 320 415 
0 226 320 415 
0 226 320 415 
0 227 320 414 
0 229 320 414 
0 230 320 414 
0 232 320 413 
0 234 320 413 
0 239 241 242 320 412 
0 243 320 411 
0 243 320 410 
0 243 320 409 
0 243 320 393 396 406 
0 243 320 392 
0 243 320 392 
0 244 320 391 
0 244 320 391 
0 244 320 390 
0 245 320 390 
0 245 320 390 
0 246 320 389 
0 246 320 389 
0 247 320 388 
0 247 320 387 
0 248 320 386 
0 248 320 386 
0 248 320 385 
0 249 320 385 
0 249 320 384 
0 249 320 384 
0 250 320 383 
0 250 320 383 
0 251 320 382 
0 252 320 382 
0 253 320 381 
0 254 320 382 
0 256 320 382 
0 257 320 382 
0 257 320 383 
0 258 320 383 
0 258 320 384 
0 258 320 384 
0 257 320 384 
0 257 320 385 
0 257 320 385 
0 257 320 385 
0 256 320 386 
0 256 320 386 
0 256 320 387 
0 255 320 387 
0 255 320 387 
0 255 320 388 
0 255 320 388 
0 254 320 389 
0 254 320 389 
0 254 320 390 
0 253 320 390 
0 253 320 390 
0 253 320 391 
0 252 320 392 
0 252 320 392 
0 251 320 392 
0 251 320 393 
0 251 320 393 
0 250 320 394 
0 250 320 394 
0 250 320 394 
0 249 320 395 
0 249 320 395 
0 249 320 395 
0 249 320 395 
0 248 320 395 
0 248 320 395 
0 248 320 395 
0 248 320 395 
0 248 320 395 
0 248 320 396 
0 248 320 396 
0 248 320 396 
0 248 320 396 
0 249 320 396 
0 249 320 396 
0 250 320 396 
0 251 320 397 
0 252 320 397 
0 253 320 397 
0 253 320 397 
0 253 320 397 
0 253 320 397 
0 252 320 398 
0 252 320 398 
0 252 320 398 
0 252 320 398 
0 252 320 398 
0 252 320 398 
0 251 262 263 320 386 388 397 
0 251 262 263 320 386 389 397 
0 251 262 263 320 386 389 397 
0 251 262 263 320 386 390 396 
0 251 320 386 391 396 
0 252 320 386 391 395 
0 252 320 387 392 395 
0 252 320 387 
0 253 320 387 
0 253 320 387 
0 253 320 387 
0 254 320 387 
0 254 263 264 320 387 
0 254 263 264 320 387 
0 254 262 264 320 387 
0 255 262 264 320 387 
0 255 320 388 
0 256 320 388 
0 256 320 387 
0 260 320 387 
0 260 320 387 
0 260 320 387 
0 261 320 386 
0 261 264 265 320 386 
0 261 264 265 320 386 
0 261 264 265 320 386 
0 261 264 265 320 386 
0 261 264 265 320 386 
0 261 264 265 320 386 
0 262 320 386 
0 262 320 385 
0 262 320 385 
0 262 320 385 
0 262 265 266 320 385 
0 262 265 266 320 385 
0 262 265 266 320 385 
0 262 265 267 320 385 
0 262 265 267 320 385 
0 262 265 267 320 385 
0 262 265 267 320 385 
0 262 265 267 320 385 
0 262 265 267 320 385 
0 262 265 267 320 385 
0 262 265 267 320 385 
0 262 265 267 320 385 
0 262 265 268 320 385 
0 263 266 268 320 385 
0 263 266 268 320 385 
0 263 266 268 320 385 
0 263 266 268 320 385 
0 263 266 268 320 385 
0 263 266 268 320 385 
0 263 266 268 320 385 
0 263 266 268 320 385 
0 263 266 268 320 385 
0 263 266 269 320 385 
0 263 266 269 320 385 
0 263 266 269 320 385 
0 263 267 269 320 385 
0 263 267 270 320 385 
0 263 267 269 320 385 
0 263 267 269 320 385 
0 263 266 269 320 385 
0 263 267 268 320 385 
0 263 320 385 
0 263 320 385 
0 263 320 385 
0 263 320 385 
0 263 320 385 
0 263 320 385 
0 263 320 385 
0 263 320 385 
0 263 320 385 
0 263 320 385 
0 263 320 385 
0 262 320 385 
0 262 320 385 
0 261 320 385 
0 261 320 385 
0 260 320 385 
0 259 320 385 
0 259 320 385 
0 259 320 385 
0 258 320 385 
0 258 320 385 
0 257 320 385 
0 257 320 385 
0 257 320 385 
0 256 320 385 
0 255 320 385 
0 255 320 386 
0 255 320 386 
0 254 320 386 
0 254 320 387 
0 254 320 387 
0 253 320 388 
0 253 320 388 
0 252 320 388 
0 252 320 389 
0 251 320 389 
0 251 320 390 
0 251 320 390 
0 250 320 390 
0 250 320 391 
0 250 320 391 
0 249 320 392 
0 249 320 392 
0 249 320 392 
0 248 320 393 
0 248 320 393 
0 248 320 393 
0 247 320 393 
0 247 320 394 
0 247 320 394 
0 246 320 394 
0 246 320 395 
0 246 320 395 
0 245 319 395 
