0 135 320 640 
0 135 320 640 
0 134 320 640 
0 133 320 640 
0 132 320 640 
0 131 320 640 
0 130 320 640 
0 129 320 640 
0 128 320 640 
0 126 320 640 
0 125 320 640 
0 124 320 640 
0 123 320 640 
0 122 320 640 
0 121 320 640 
0 120 320 640 
0 118 320 640 
0 117 320 640 
0 116 320 640 
0 115 320 640 
0 114 320 640 
0 113 320 640 
0 111 320 640 
0 110 320 640 
0 109 320 640 
0 108 320 640 
0 107 320 640 
0 106 320 640 
0 105 320 640 
0 103 320 640 
1 102 320 640 
1 101 320 640 
2 100 320 640 
2 99 320 640 
2 98 320 640 
2 97 320 640 
3 96 320 640 
3 95 320 640 
3 94 320 640 
3 93 320 640 
4 93 320 640 
4 92 320 640 
4 91 320 640 
5 90 320 640 
5 89 320 640 
5 89 320 640 
6 88 320 640 
6 87 320 640 
6 86 320 640 
7 86 320 640 
7 85 320 640 
7 85 320 640 
5 84 320 640 
4 83 320 640 
3 83 320 640 
0 82 320 640 
0 82 320 640 
0 81 320 640 
0 81 320 640 
0 80 320 640 
0 80 320 640 
0 79 320 640 
0 79 320 640 
0 78 320 640 
0 78 320 640 
0 77 320 640 
0 77 320 640 
0 76 320 640 
0 76 320 640 
0 76 320 640 
0 76 320 640 
0 75 320 640 
0 75 320 640 
0 75 320 640 
0 75 320 640 
0 75 320 640 
0 76 320 640 
0 76 320 640 
0 77 320 640 
0 77 320 640 
0 77 320 640 
0 77 320 640 
0 77 320 640 
0 78 80 81 320 640 
0 77 79 81 320 640 
0 76 78 81 320 640 
0 76 77 81 320 640 
0 81 320 640 
0 80 320 640 
1 80 320 640 
2 79 320 640 
2 79 320 640 
2 78 320 640 
3 78 320 640 
4 77 320 640 
4 77 320 640 
5 76 320 640 
5 76 320 640 
6 75 320 640 
6 75 320 640 
7 75 320 640 
7 74 320 640 
8 74 320 640 
8 74 320 640 
9 74 320 640 
9 74 320 640 
10 73 320 640 
10 72 320 640 
11 72 320 640 
11 71 320 640 
12 71 320 640 
12 71 320 640 
13 71 320 640 
13 70 320 640 
14 70 320 640 
14 70 320 640 
15 70 320 640 
15 70 320 640 
15 71 320 640 
15 71 320 640 
16 71 320 640 
16 71 320 640 
16 71 320 640 
16 71 320 640 
17 70 320 640 
17 71 320 640 
17 72 320 640 
17 73 320 640 
17 73 320 640 
18 74 320 640 
18 75 320 640 
19 76 85 89 320 640 
19 96 320 640 
19 102 320 640 
20 108 320 640 
20 117 320 640 
20 122 320 640 
21 124 320 640 
21 125 320 640 
21 127 320 640 
22 128 320 640 
22 129 320 640 
22 130 320 640 
22 132 320 640 
23 133 320 640 
23 134 320 640 
23 136 320 640 
24 137 320 640 
24 139 320 640 
25 140 320 640 
26 142 320 640 
27 74 82 144 320 640 
27 72 91 146 320 640 
27 70 116 148 320 640 
27 67 118 150 320 640 
26 65 119 152 320 640 
25 64 121 153 320 640 
18 64 69 72 122 155 320 640 
14 64 67 72 124 163 320 640 
10 72 126 164 320 640 
3 76 127 165 320 640 
0 1 2 79 129 165 320 640 
0 80 130 165 320 640 
0 81 131 165 320 640 
0 87 132 165 320 640 
0 88 134 165 320 640 
0 90 135 165 320 640 
0 91 136 164 320 640 
0 95 137 164 320 640 
0 97 138 164 320 640 
0 100 140 164 320 640 
0 101 141 164 320 640 
0 102 142 143 146 164 320 640 
0 103 148 163 320 640 
0 104 149 163 320 640 
0 106 151 161 320 640 
0 107 153 159 320 640 
0 108 320 640 
0 109 320 640 
0 109 320 640 
0 110 320 640 
0 111 320 640 
0 112 320 640 
0 113 320 640 
0 114 320 640 
0 114 320 640 
0 115 320 640 
0 115 320 640 
0 115 320 640 
0 116 320 640 
0 116 320 640 
0 117 320 640 
0 117 320 640 
0 117 320 640 
0 117 320 640 
3 117 320 640 
4 117 320 640 
7 117 320 640 
9 117 320 640 
12 117 320 640 
16 117 320 640 
19 117 320 640 
22 116 320 640 
7 14 27 116 320 640 
6 21 30 115 320 640 
6 25 31 114 320 640 
8 29 31 113 320 640 
10 112 320 640 
12 110 320 640 
14 108 320 640 
15 86 91 101 320 640 
17 84 94 98 320 640 
18 81 320 640 
19 80 320 640 
20 78 320 640 
20 76 320 640 
21 75 320 640 
22 74 320 640 
22 73 320 640 
23 73 320 640 
24 72 320 640 
25 72 320 640 
25 71 320 640 
26 70 320 640 
27 70 320 640 
27 69 320 640 
28 68 320 640 
29 67 320 640 
30 66 320 640 
30 64 320 640 
32 62 320 640 
33 61 320 640 
34 59 320 640 
35 55 320 640 
37 51 320 640 
320 640 
320 640 
320 640 
320 640 
320 640 
320 640 
320 640 
320 640 
320 640 
320 640 
320 640 
320 640 
320 640 
320 640 
320 640 
320 640 
320 640 
320 640 
320 640 
320 640 
320 640 
320 640 
320 640 
320 640 
320 640 
320 640 
320 640 
320 640 
320 640 
320 640 
320 640 
320 640 
320 640 
320 640 
320 595 600 640 
320 594 601 640 
320 593 603 640 
320 592 605 640 
320 591 606 640 
320 590 607 640 
320 589 609 640 
320 587 610 640 
320 584 611 640 
320 582 613 640 
320 581 613 640 
320 578 615 640 
320 574 615 640 
320 568 616 640 
320 565 617 640 
320 563 618 640 
320 561 618 640 
320 559 616 640 
320 558 613 640 
320 557 604 640 
320 555 604 640 
320 555 604 640 
320 555 605 640 
320 555 605 640 
320 555 606 640 
320 556 606 640 
320 556 607 640 
320 557 607 640 
320 558 608 640 
320 559 608 640 
320 560 609 640 
320 561 609 640 
320 561 610 640 
320 562 610 640 
320 562 610 640 
320 562 611 640 
320 562 611 640 
320 563 612 640 
320 563 612 640 
320 564 612 640 
320 564 613 640 
320 563 613 640 
320 562 614 640 
320 562 615 640 
320 561 610 640 
320 560 610 640 
320 560 610 640 
320 559 610 640 
320 558 610 640 
320 556 611 640 
320 555 611 640 
320 553 611 640 
320 551 611 640 
320 550 611 640 
320 548 611 640 
320 547 611 640 
320 545 611 640 
320 543 612 640 
320 541 612 640 
320 539 612 640 
320 537 550 551 612 640 
320 534 548 550 612 640 
320 532 545 548 612 640 
320 530 542 547 612 640 
320 528 540 545 612 640 
320 526 538 543 613 640 
320 524 536 541 613 640 
320 523 534 540 613 640 
320 521 523 527 532 538 613 640 
320 526 531 536 612 640 
320 525 529 534 612 640 
320 524 528 533 612 640 
320 524 527 532 613 640 
320 523 525 531 613 640 
320 522 524 529 614 640 
320 522 523 528 614 640 
320 521 522 527 614 640 
320 526 615 640 
320 525 615 640 
320 524 616 640 
320 523 616 640 
320 522 616 640 
320 521 616 640 
320 520 616 640 
320 519 617 640 
320 518 617 640 
320 517 617 640 
320 516 617 640 
320 515 617 640 
320 514 617 640 
320 513 618 640 
320 512 618 640 
320 511 618 640 
320 511 618 640 
320 511 513 515 619 640 
320 516 619 640 
320 514 620 640 
320 513 621 640 
320 512 622 640 
320 511 622 640 
320 511 515 519 553 555 622 640 
320 510 512 518 552 555 622 640 
320 516 550 555 622 640 
320 515 523 525 549 554 622 640 
320 526 535 536 546 554 622 640 
320 526 531 533 543 553 622 640 
320 530 532 533 540 552 622 640 
320 530 532 552 622 640 
320 551 622 640 
320 551 622 640 
320 550 622 640 
320 549 622 640 
320 549 622 640 
320 548 622 640 
320 548 623 640 
320 547 624 640 
320 546 625 640 
320 546 625 640 
320 545 626 640 
320 544 626 640 
320 543 627 640 
320 543 627 640 
320 542 570 572 628 640 
320 541 570 572 629 640 
320 541 569 572 629 640 
320 540 568 572 630 640 
320 539 568 572 631 640 
320 538 568 573 630 640 
320 538 564 565 567 573 630 640 
320 537 563 565 567 573 629 640 
320 537 563 565 567 573 628 640 
320 536 562 565 567 573 627 640 
320 535 558 559 561 565 566 573 627 640 
320 535 551 553 557 559 561 565 566 573 627 640 
320 534 548 553 556 559 560 565 566 573 627 640 
320 534 547 553 555 558 560 565 566 574 627 640 
320 535 545 553 554 558 559 574 628 640 
320 536 543 558 559 574 628 640 
320 574 628 640 
320 574 628 640 
320 573 628 640 
320 573 628 640 
320 573 629 640 
320 573 629 640 
320 572 629 640 
320 572 630 640 
320 572 630 640 
320 572 630 640 
320 572 630 640 
320 571 630 640 
320 571 631 640 
320 571 631 640 
320 570 631 640 
320 570 631 640 
320 570 631 640 
320 570 631 640 
320 569 632 640 
320 569 632 640 
320 569 632 640 
320 568 632 640 
320 568 632 640 
320 568 633 640 
320 567 633 640 
320 567 633 640 
320 567 634 640 
320 567 634 640 
320 566 634 640 
320 566 634 640 
320 566 635 640 
320 565 635 640 
320 565 635 640 
320 565 635 640 
320 565 636 640 
320 564 636 640 
320 564 636 640 
320 564 636 640 
320 564 637 640 
320 563 637 640 
320 563 637 640 
320 563 637 640 
320 563 637 640 
320 563 638 640 
320 562 638 640 
320 562 638 640 
320 562 638 640 
320 562 638 640 
320 561 639 640 
320 561 
320 561 
320 561 
320 561 
320 560 
320 560 
320 560 
320 560 
320 560 
320 559 
320 559 
320 559 
320 559 
320 559 
320 559 
320 559 
320 558 
320 558 
320 558 
320 558 
320 558 
320 558 
320 558 
320 558 
