





535 542 
530 543 
528 543 
526 543 
524 544 
522 544 
520 544 
519 544 
517 544 
515 545 
429 435 440 441 514 545 
414 447 513 545 
406 451 511 544 
400 455 510 544 
391 458 508 544 
383 461 506 545 
376 462 505 545 
370 464 504 545 
365 467 503 546 
361 469 502 546 
358 470 500 545 
355 471 499 545 
353 473 498 546 
350 474 498 547 
348 476 496 547 
346 477 494 548 
345 478 493 548 
343 479 492 549 
341 480 490 549 
340 481 489 549 
339 482 488 550 
338 483 487 550 
337 484 486 551 
336 552 
335 552 
334 553 
333 553 
332 554 
331 555 
330 555 
329 556 
328 557 
327 557 
327 558 
326 559 
326 560 
325 560 
325 561 
324 562 
324 562 
323 564 
323 565 
322 566 
322 566 
321 567 
321 568 
321 569 
321 570 
320 571 
320 574 
320 575 
319 577 
319 578 
319 578 
318 579 
318 580 
318 580 
318 580 
318 579 
317 577 
317 576 
317 574 
317 572 
317 569 
317 564 
317 563 
316 557 
316 553 
316 543 544 548 
316 543 
316 544 
316 544 
316 545 
316 545 
316 545 
316 545 
316 546 
316 546 
316 546 
316 546 
316 546 
316 546 
316 546 
316 546 
316 546 
316 546 
316 546 
316 546 
316 546 
316 546 
317 546 
317 546 
317 545 
317 545 
318 545 
318 545 
317 544 
317 544 
316 544 
315 498 502 543 
314 498 504 543 
313 499 509 543 
312 499 513 543 
311 500 514 543 
310 500 519 543 
309 501 520 542 
308 501 523 540 
307 502 527 539 
306 503 530 536 
304 504 532 534 
303 505 
302 506 
300 508 
300 509 
298 511 
296 512 
290 513 
286 514 
284 513 
283 513 
283 513 
283 512 
284 512 
284 512 
285 511 
285 511 
286 511 
286 510 
286 510 
286 509 
286 509 
285 508 
284 508 
284 507 
283 506 
284 505 
284 503 
285 502 
286 502 
291 502 
293 501 
295 501 
297 500 
298 500 
300 500 
301 499 
302 499 
304 499 
305 499 
306 498 
308 324 326 498 
309 323 326 498 
311 322 326 497 
313 320 326 496 
325 496 
325 495 
325 495 
325 495 
325 496 
324 332 333 496 
324 331 333 496 
324 330 332 496 
324 328 332 496 
332 497 
331 497 
331 498 
330 498 
330 499 
329 500 
329 500 
328 501 
328 502 
327 502 
327 503 
326 504 
325 505 
325 506 
324 507 
323 508 
322 509 
322 510 
320 510 
319 507 
318 498 
316 498 
315 498 
315 317 325 326 328 498 
328 498 
328 499 
328 499 
328 500 
327 500 
327 501 
327 501 
326 336 337 502 
326 335 337 502 
325 334 337 502 
325 333 337 503 
325 332 337 504 
324 330 337 477 479 504 
324 328 337 476 479 490 493 505 
323 326 336 476 480 490 494 505 
323 324 336 475 480 488 496 504 
336 344 346 475 481 484 
336 344 347 474 
336 343 348 474 
336 343 348 473 
336 343 348 473 
336 342 348 472 
335 341 348 355 356 471 
335 341 347 355 357 378 379 471 
335 340 347 354 358 378 380 470 
191 200 335 340 347 354 359 366 367 378 380 470 
190 200 336 338 347 354 359 366 368 378 381 448 450 469 
189 201 334 336 347 353 360 365 370 375 381 442 444 446 450 468 
188 201 334 335 348 350 361 363 370 373 381 444 450 458 460 468 
188 201 349 350 382 443 450 458 460 466 
187 201 382 441 450 452 460 464 
186 201 383 440 450 452 462 463 
185 202 384 440 
185 202 383 441 
184 202 383 441 
183 202 382 443 
183 202 381 444 
182 204 378 446 
181 205 372 448 
181 207 364 450 
180 209 356 451 
179 211 352 453 
179 213 348 455 
178 215 344 457 
177 217 341 459 
177 219 339 463 
176 221 336 466 
175 223 335 472 
175 225 333 476 
174 226 331 480 
173 228 330 484 
173 229 329 487 
172 231 328 491 
171 232 327 494 
170 234 326 496 
169 235 325 498 
169 236 324 501 
168 238 322 503 
167 239 322 504 
167 240 321 506 
166 241 320 507 
165 242 319 508 
165 244 318 508 
164 245 317 509 
163 246 316 510 
162 247 315 510 
161 248 314 511 
161 249 313 511 
160 250 312 512 
159 251 311 512 
158 252 310 513 
157 253 310 513 
157 254 308 514 
155 255 308 514 
155 256 286 299 307 515 
154 257 282 303 306 515 
153 258 280 515 
152 260 277 516 
151 261 276 516 
150 262 275 517 
149 263 274 517 
148 264 273 517 
147 265 273 518 
147 267 272 518 
145 268 272 519 
145 269 272 519 
144 270 272 519 
143 519 
142 520 
141 520 
140 521 
139 521 
137 521 
136 522 
135 522 
134 522 
133 523 
132 523 
131 523 
130 523 
129 524 
127 524 
126 524 
125 524 
124 525 
123 525 
121 525 
120 525 
119 525 
118 525 
117 526 
115 526 
114 526 
113 526 638 640 
112 528 552 569 635 640 
110 530 551 575 633 640 
109 533 550 580 630 640 
107 536 550 586 625 640 
106 538 550 594 619 640 
105 179 181 541 549 608 609 611 614 640 
104 179 182 544 549 640 
103 178 183 199 200 547 548 640 
101 178 183 198 202 640 
100 177 184 198 203 640 
99 177 184 198 204 640 
98 176 185 198 206 640 
96 176 185 198 207 640 
95 175 186 198 208 640 
94 175 186 197 209 640 
93 174 187 197 210 640 
91 174 187 197 211 640 
90 173 188 197 212 640 
88 173 188 197 213 640 
88 172 189 196 214 640 
87 172 215 640 
86 171 215 640 
85 171 216 640 
84 122 129 170 217 640 
83 116 132 170 217 640 
82 110 135 169 218 248 258 640 
82 104 138 169 218 245 261 513 519 640 
85 99 141 168 219 242 263 511 521 640 
143 168 219 240 265 509 524 640 
145 168 219 238 266 507 526 640 
147 167 219 236 268 507 528 640 
151 166 220 234 269 506 531 640 
154 165 220 233 270 507 533 640 
220 231 272 507 535 640 
220 229 273 508 537 640 
221 224 274 508 538 640 
275 509 540 640 
276 509 542 640 
277 510 544 640 
278 510 546 640 
278 511 547 640 
280 512 549 640 
281 513 551 640 
282 514 552 640 
282 514 554 640 
282 515 555 640 
281 515 557 640 
281 515 559 640 
281 513 560 640 
281 505 562 640 
280 505 563 640 
280 505 565 640 
280 505 566 640 
280 505 568 640 
279 504 569 640 
279 501 570 640 
279 500 572 640 
278 499 573 640 
278 499 574 640 
278 499 576 640 
278 499 578 640 
278 499 579 640 
277 499 580 640 
277 499 581 640 
277 499 583 640 
277 498 584 640 
277 498 586 640 
277 498 587 640 
276 498 588 640 
276 330 331 498 589 640 
276 329 331 498 590 640 
276 329 331 498 592 639 
276 329 331 498 593 637 
276 328 331 498 594 636 
276 328 331 498 595 634 
276 327 331 497 597 633 
276 327 331 497 598 632 
276 326 331 497 600 630 
276 326 331 497 601 629 
276 326 331 497 602 627 
276 325 331 497 604 626 
276 325 331 497 605 625 
276 324 331 497 609 624 
276 324 331 497 614 622 
276 324 331 497 
276 323 331 497 
276 323 331 497 
276 322 331 497 
277 322 331 497 
277 322 330 497 
277 321 330 497 
277 321 330 496 
278 320 330 496 
278 320 330 496 
279 320 330 496 
280 319 330 496 
281 319 330 497 
282 318 330 496 
283 318 330 496 
283 317 330 496 
284 316 330 496 
286 315 330 496 
287 314 330 496 
289 313 330 496 
291 312 330 496 
293 310 330 496 
297 308 330 496 
330 496 
330 496 
329 496 
329 496 
329 496 
329 496 
329 495 
328 495 
328 495 
328 495 
328 495 
328 495 
327 494 
327 493 
327 493 
327 492 
326 491 
326 490 
326 488 
326 486 
325 484 
325 480 
325 463 470 476 
325 463 
324 463 
324 463 
324 463 
323 463 
322 463 
322 463 
321 463 
321 463 
320 464 
320 464 
319 464 
318 464 
318 464 
317 465 
316 466 
316 467 
315 469 
315 471 
314 472 
314 474 
313 476 
312 477 
312 477 
311 477 
310 477 
309 477 
309 477 
307 478 
307 478 
307 478 
307 479 
306 479 
