0 466 575 582 637 640 
0 465 575 579 637 640 
0 463 576 578 637 640 
0 463 574 575 576 577 638 640 
0 462 638 640 
0 462 639 640 
0 461 
0 461 
0 461 
0 460 
0 460 
0 459 
0 459 
0 459 
0 458 
0 458 
0 458 
0 457 
0 457 
0 456 
0 456 
0 455 
0 455 631 637 638 640 
0 455 622 624 629 640 
0 455 622 640 
0 454 624 640 
0 454 625 640 
0 454 626 640 
0 453 627 640 
0 453 628 640 
0 453 629 640 
0 453 630 640 
0 453 631 640 
0 454 632 640 
0 454 633 640 
0 446 633 640 
0 439 634 640 
0 432 635 640 
0 428 636 640 
0 425 636 640 
0 421 636 640 
0 420 636 640 
0 419 637 640 
0 418 637 640 
0 418 637 640 
0 419 637 640 
0 420 636 640 
0 423 636 640 
0 426 635 640 
0 429 634 640 
0 435 616 619 631 640 
0 441 610 622 625 626 627 640 
0 446 604 640 
0 448 595 596 597 640 
0 447 588 640 
0 447 580 640 
0 446 580 640 
0 446 580 640 
0 446 580 640 
0 445 580 640 
0 445 579 640 
0 445 579 640 
0 444 578 640 
0 444 579 640 
0 443 579 640 
0 443 579 640 
0 442 580 640 
0 442 580 640 
0 442 580 640 
0 442 580 640 
0 441 580 640 
0 441 581 640 
0 441 581 640 
0 440 582 640 
0 440 583 640 
0 440 584 640 
0 440 585 640 
0 440 587 640 
0 439 588 640 
0 439 588 640 
0 439 589 640 
0 439 589 640 
0 439 590 640 
0 439 589 640 
0 439 589 640 
0 439 590 640 
0 439 590 592 593 640 
0 439 593 640 
0 439 592 640 
0 439 592 640 
0 439 591 640 
0 439 590 640 
0 440 590 640 
0 440 589 640 
0 440 588 640 
0 441 588 640 
0 441 587 640 
0 441 587 640 
0 439 586 640 
0 438 586 640 
0 437 585 640 
0 437 585 640 
0 437 584 640 
0 436 584 640 
0 436 584 640 
0 435 583 640 
0 433 583 640 
0 431 582 640 
0 429 582 640 
0 428 581 640 
0 428 581 640 
0 428 580 640 
0 428 580 640 
0 428 579 640 
0 428 579 640 
0 428 565 567 578 640 
0 428 565 567 578 640 
0 428 577 640 
0 429 577 640 
0 429 578 640 
0 429 581 640 
0 428 584 640 
0 427 586 640 
0 426 588 640 
0 425 590 640 
0 425 591 640 
0 424 592 640 
0 423 594 640 
0 422 595 640 
0 422 595 640 
0 421 596 640 
0 421 597 640 
0 420 598 640 
0 420 598 640 
0 419 599 640 
0 419 600 640 
0 418 600 640 
0 418 601 640 
0 417 601 640 
0 417 601 640 
0 417 602 640 
0 417 602 640 
0 417 602 640 
0 417 602 640 
0 417 603 640 
0 417 603 640 
0 418 603 640 
0 418 603 640 
0 418 603 640 
0 418 603 640 
0 418 603 640 
0 418 603 640 
0 419 602 640 
0 419 602 640 
0 420 602 640 
0 420 602 640 
0 420 601 640 
0 420 601 640 
0 419 600 640 
0 419 600 640 
0 419 600 640 
0 418 599 640 
0 418 598 640 
0 417 598 640 
0 416 597 640 
0 416 596 640 
0 415 595 640 
0 415 594 640 
0 414 594 640 
0 414 592 640 
0 413 591 640 
0 413 591 640 
0 412 591 640 
0 411 592 640 
0 411 593 640 
0 410 594 640 
0 410 595 640 
0 409 596 640 
0 409 597 640 
0 409 598 640 
0 408 600 640 
0 408 601 640 
0 407 601 640 
0 407 603 640 
0 406 603 640 
0 406 604 640 
0 405 605 640 
0 405 606 640 
0 405 607 640 
0 404 608 640 
0 404 609 640 
0 403 610 640 
0 403 611 640 
0 403 611 640 
0 402 611 640 
0 402 612 640 
0 402 612 640 
0 401 612 640 
0 401 612 640 
0 401 612 640 
0 401 615 640 
0 401 615 640 
0 401 615 640 
0 401 615 640 
0 400 615 640 
0 400 615 640 
0 400 615 640 
0 400 615 640 
0 400 615 640 
0 400 614 640 
0 401 614 640 
0 401 613 640 
0 401 613 640 
0 402 612 640 
0 402 612 640 
0 403 611 640 
0 403 611 640 
0 404 611 640 
0 169 208 404 610 640 
0 159 217 405 610 640 
0 150 229 406 609 640 
0 144 235 407 609 640 
0 137 244 408 609 640 
0 132 251 408 610 640 
0 129 258 409 610 640 
0 125 262 409 611 640 
0 122 266 408 611 640 
0 120 271 408 612 640 
0 117 277 408 612 640 
0 114 282 408 613 640 
0 112 286 408 613 640 
0 110 289 407 545 546 614 640 
0 108 293 407 545 547 614 640 
0 105 297 407 545 548 615 640 
0 102 301 407 544 549 615 640 
0 99 305 407 544 550 615 640 
0 96 308 407 544 552 616 640 
19 90 311 407 543 555 616 640 
38 80 315 406 543 557 617 640 
318 406 543 560 617 640 
321 406 543 563 618 640 
324 406 543 565 618 640 
328 406 543 566 618 640 
331 405 543 566 619 640 
334 405 542 567 619 640 
158 207 337 405 542 567 620 640 
147 220 340 405 542 568 620 640 
143 229 343 405 542 568 620 640 
138 235 346 405 541 569 621 640 
134 241 349 404 541 570 621 640 
131 248 352 404 541 570 622 640 
128 254 354 404 541 571 622 640 
125 258 356 404 540 571 622 640 
123 262 360 404 540 572 623 640 
120 267 363 404 540 572 623 640 
119 272 366 403 539 573 624 640 
117 277 368 403 539 573 624 640 
115 280 371 403 538 574 624 640 
113 284 373 403 538 574 625 640 
111 288 376 403 537 575 625 640 
110 292 379 403 537 575 626 640 
108 296 381 402 536 576 626 640 
106 299 383 402 536 577 626 640 
104 303 386 402 535 577 627 640 
103 306 389 402 534 578 627 640 
101 310 391 402 534 578 627 640 
99 312 393 401 533 579 628 640 
96 316 396 401 437 439 532 579 628 640 
94 318 398 401 438 440 532 580 628 640 
91 322 438 440 531 580 628 640 
87 326 437 440 530 581 629 640 
82 328 437 440 530 581 629 640 
79 331 437 440 529 582 629 640 
69 334 437 440 529 583 630 640 
61 62 63 337 437 440 529 583 630 640 
57 340 436 440 529 584 630 640 
57 343 436 439 529 584 631 640 
57 346 436 438 529 585 631 640 
56 348 529 585 631 640 
56 351 529 585 631 640 
56 354 529 586 631 640 
56 356 529 587 631 640 
56 360 529 585 632 640 
56 362 529 583 632 640 
56 364 529 582 632 640 
55 367 529 579 632 640 
55 370 529 578 632 640 
55 372 529 576 633 640 
55 375 529 574 633 640 
55 377 529 572 633 640 
55 380 529 569 633 640 
55 382 529 568 633 640 
55 385 530 565 633 640 
55 387 530 563 633 640 
55 389 530 562 633 640 
55 392 530 559 633 640 
55 394 530 556 633 640 
55 396 531 554 632 640 
55 399 531 552 632 640 
55 400 531 549 632 640 
55 401 531 545 632 640 
55 402 532 542 631 640 
55 402 532 539 631 640 
55 402 533 535 631 640 
54 402 631 640 
54 402 630 640 
54 402 630 640 
54 402 630 640 
54 402 629 640 
54 402 628 640 
54 401 627 640 
54 401 626 640 
54 400 625 640 
54 400 623 640 
54 400 621 640 
54 399 619 640 
54 399 617 640 
55 398 614 640 
55 398 612 640 
55 398 610 640 
55 397 608 640 
55 397 606 640 
55 397 603 640 
55 396 601 640 
55 396 600 640 
55 396 597 640 
55 396 595 640 
55 396 593 640 
55 396 591 640 
55 396 590 640 
55 396 587 640 
55 396 586 640 
55 397 584 640 
55 397 582 640 
55 398 580 640 
55 398 579 640 
56 399 577 640 
56 399 576 640 
56 400 574 640 
56 400 573 640 
56 401 571 640 
56 402 570 640 
56 402 569 640 
56 403 567 640 
56 404 566 640 
56 405 565 640 
56 406 565 640 
56 407 566 640 
56 408 567 640 
56 408 568 640 
56 408 569 640 
56 408 570 640 
56 407 571 640 
57 407 572 640 
57 407 573 640 
57 407 573 640 
57 406 573 640 
57 406 574 640 
57 406 573 640 
57 405 573 640 
57 405 572 640 
57 405 572 640 
57 404 572 640 
57 404 571 640 
57 404 571 640 
57 404 571 640 
57 403 570 640 
58 403 570 640 
58 403 570 640 
58 403 569 640 
58 402 568 640 
58 402 568 640 
58 402 568 640 
58 401 569 640 
58 401 570 640 
58 401 571 640 
58 400 572 640 
58 400 574 640 
58 400 575 640 
58 400 576 640 
58 399 577 640 
58 399 577 640 
58 399 578 640 
58 398 579 640 
59 398 580 640 
59 398 581 640 
59 397 582 640 
59 397 583 640 
59 397 584 640 
59 397 585 640 
59 396 586 640 
60 396 587 640 
60 396 588 640 
60 395 589 640 
60 395 590 640 
60 395 590 640 
60 394 591 640 
60 394 592 640 
60 394 593 640 
60 393 594 640 
60 393 595 640 
60 393 596 640 
60 392 596 640 
61 392 597 640 
61 392 598 640 
61 391 599 640 
61 391 600 640 
61 391 601 640 
61 390 601 640 
61 390 602 640 
61 390 603 640 
61 389 604 640 
61 389 604 640 
62 389 605 640 
62 388 606 640 
62 388 606 640 
62 388 607 640 
62 387 608 640 
62 387 609 640 
62 387 610 640 
62 386 610 640 
62 386 611 640 
62 386 612 640 
62 385 612 640 
63 385 613 640 
63 384 614 640 
63 384 614 640 
63 384 615 640 
63 383 615 640 
63 383 616 640 
63 383 617 640 
63 382 618 640 
64 382 618 640 
64 381 619 640 
64 381 619 640 
64 381 620 640 
64 380 621 640 
64 380 621 640 
65 380 622 640 
65 379 622 640 
65 379 623 640 
65 379 624 640 
65 378 624 640 
65 378 625 640 
66 377 625 640 
66 377 626 640 
66 377 627 640 
66 376 627 640 
66 376 628 640 
66 375 628 640 
66 375 629 640 
67 375 630 640 
67 374 630 640 
67 374 631 640 
67 374 631 640 
67 373 632 640 
67 373 632 640 
68 373 632 640 
68 372 633 640 
68 372 633 640 
68 371 634 640 
68 371 635 640 
0 1 69 371 635 640 
0 2 69 370 636 640 
0 2 69 370 636 640 
0 2 70 370 637 640 
0 3 70 369 637 640 
0 3 70 369 638 640 
0 3 70 369 638 640 
0 3 70 368 639 640 
0 4 71 368 
0 4 71 368 
0 5 71 367 
0 5 71 367 
0 5 72 367 
0 6 72 366 
0 7 72 366 
0 7 72 365 
0 7 73 365 
0 8 73 365 
