470 487 
470 487 
470 487 
470 487 
469 487 
468 487 
467 487 
466 487 
466 487 
446 449 465 487 
445 452 462 486 
445 456 460 486 
444 486 
443 485 
441 484 
440 483 
408 413 439 482 
407 415 420 428 438 482 
405 418 420 431 437 480 
404 479 
402 484 
402 485 
400 486 
400 487 
399 488 
399 489 
398 491 
397 492 
397 494 
396 495 
395 502 
395 502 
394 503 
394 504 
392 505 
392 505 
391 506 
390 507 509 511 
390 512 
389 513 
384 515 518 521 
385 521 
385 521 
321 324 336 337 385 521 
319 328 334 339 385 520 
318 340 385 520 
317 341 386 520 
316 343 386 519 
315 344 387 519 
315 346 387 519 
316 359 387 518 
315 363 387 518 527 529 
315 365 387 517 520 521 526 529 
315 367 387 517 525 528 
314 368 388 517 524 527 
313 370 387 516 522 527 
312 371 387 516 517 518 521 526 
312 373 387 516 517 526 
312 374 386 525 
311 312 313 375 386 525 
30 31 312 377 386 525 632 638 
26 28 29 32 314 378 386 524 629 640 
26 32 314 379 387 524 625 640 
26 32 315 381 387 523 620 640 
26 34 35 38 316 382 388 523 615 640 
26 38 316 383 389 523 612 640 
26 38 311 312 315 384 390 522 610 640 
26 38 310 386 390 523 607 640 
26 38 308 386 391 524 605 640 
21 38 307 387 391 525 602 640 
21 37 308 388 392 526 599 640 
22 37 309 389 392 526 596 640 
22 37 311 390 393 526 593 640 
23 37 317 391 393 526 590 614 616 640 
23 37 321 392 394 525 587 609 615 640 
22 38 323 524 584 606 613 614 616 640 
22 40 324 524 581 604 613 614 615 640 
21 42 324 523 578 601 613 640 
20 42 324 523 574 598 613 634 
20 42 324 523 571 595 612 630 
20 42 325 522 568 592 610 627 
20 42 324 522 565 589 607 624 
20 41 324 520 562 586 603 620 
19 41 326 519 558 583 600 617 
20 41 326 517 555 580 596 613 
21 41 326 516 551 577 592 610 
21 40 325 514 549 574 589 607 
22 40 325 514 545 571 586 604 
21 39 325 514 542 567 582 599 
19 40 326 515 538 564 578 596 
18 41 328 515 534 561 575 593 
16 43 327 516 531 558 571 590 
15 45 327 516 528 555 568 586 
15 45 328 516 525 552 564 582 
13 47 330 517 522 549 561 579 
12 47 330 545 557 576 
11 48 329 543 553 573 
10 49 331 539 550 569 
9 50 331 536 546 565 
9 52 331 533 543 562 
7 53 333 531 539 559 
6 54 335 526 536 556 
5 55 338 524 532 552 
5 56 341 520 528 549 
4 57 345 520 525 545 
2 58 350 520 521 542 
1 60 355 539 
0 61 357 536 
0 62 358 531 
0 63 359 528 
0 64 359 525 
0 65 358 522 
0 66 355 520 
0 67 351 520 
0 68 349 520 
0 69 347 519 
0 70 345 519 
0 71 343 519 
0 72 342 519 
0 73 341 519 
0 74 340 519 
0 77 80 85 339 519 
0 92 339 519 
0 92 338 518 
0 92 337 518 
0 91 338 518 
0 91 339 518 
0 90 339 517 
0 89 338 517 
0 89 338 517 
0 88 340 516 
0 88 340 516 
0 87 340 515 
0 87 340 515 
0 87 340 514 
0 86 339 514 
0 86 339 513 
0 85 339 513 
0 85 338 512 
0 85 338 512 
0 84 338 511 
0 84 339 511 
0 84 340 510 
0 83 340 510 
0 83 340 510 
0 83 342 510 
0 83 340 509 
0 84 337 509 
0 84 334 509 
0 85 273 274 330 508 
0 85 271 306 326 508 
0 85 271 307 323 508 
0 86 268 308 320 507 
0 86 263 309 317 507 
0 86 260 310 313 507 
0 87 261 506 
0 87 262 506 
0 87 259 260 261 505 
0 88 261 505 
0 88 259 504 
0 88 255 355 359 504 
0 88 254 352 358 503 
0 89 253 348 360 497 498 503 
0 89 252 345 360 503 
0 89 251 341 359 502 
0 89 251 338 357 502 
0 90 251 335 356 502 
0 90 251 254 255 331 356 503 
0 90 251 254 255 328 356 505 
0 90 251 253 255 325 355 508 
0 91 248 249 250 324 354 512 
0 91 250 324 353 513 
0 91 249 324 353 514 
0 92 248 324 353 514 
0 92 247 323 353 514 
0 92 245 246 247 323 354 514 
0 93 248 250 257 323 355 514 
0 93 257 323 355 514 
0 93 259 260 261 323 355 514 
0 94 262 323 353 514 
0 94 262 323 350 514 
0 95 260 323 348 514 
0 96 272 325 346 514 
0 96 274 326 344 514 
2 97 278 327 342 514 
3 98 278 328 340 514 
4 99 278 328 339 515 
5 99 275 328 337 515 
6 100 275 328 336 515 
7 101 274 328 335 515 
6 101 274 328 334 515 
5 102 272 328 333 515 
5 103 272 328 332 515 
5 103 272 328 331 515 
6 104 272 273 274 328 331 515 
8 104 272 273 274 328 331 516 
9 104 275 328 331 516 
10 105 275 328 331 516 
11 95 98 105 274 328 331 517 
7 9 11 96 99 105 275 329 331 517 
5 96 100 106 276 329 330 517 
5 97 101 103 104 106 276 329 331 517 
4 98 101 103 105 106 277 329 331 517 
3 99 277 329 331 517 
2 101 278 329 333 517 
0 102 278 329 331 517 
0 103 279 517 
0 104 279 516 
0 106 280 516 
0 107 280 516 
0 99 101 104 280 515 
0 12 13 20 22 100 281 515 
0 9 17 20 23 101 281 515 
0 6 17 19 23 100 280 514 
0 4 22 97 98 99 280 281 282 514 
0 2 20 96 280 281 282 514 
19 96 281 513 
18 96 283 513 
16 93 282 512 
7 8 10 94 282 512 
4 94 283 511 
2 94 283 510 
0 95 284 510 
0 91 93 95 284 509 
0 91 284 508 
0 92 284 507 
0 94 284 506 
0 97 285 506 
0 100 285 505 
0 102 285 503 
0 106 285 501 
0 109 112 113 286 499 
0 114 286 365 367 499 
0 114 286 365 368 498 
0 114 286 364 370 497 
0 115 287 364 369 497 
0 115 287 363 369 496 
0 114 287 362 369 495 
0 115 287 361 368 495 
0 115 287 360 368 494 
0 114 288 359 368 493 
0 112 288 358 368 493 
0 110 288 357 367 492 
0 109 288 356 367 492 
0 108 289 355 367 491 
0 107 289 353 367 491 
0 106 290 352 367 490 
0 105 290 351 367 490 
0 104 290 350 367 489 
0 104 290 349 367 489 
0 103 290 348 367 488 
0 103 290 347 366 488 
0 102 290 346 366 488 
0 101 291 345 366 488 
0 101 291 344 366 487 
0 100 291 342 366 487 
0 99 291 341 366 487 
0 99 291 340 366 487 
0 98 291 339 366 486 
0 98 292 338 366 486 
0 97 292 336 366 486 
0 97 293 335 366 486 
0 97 294 333 366 485 
0 96 295 331 365 485 
0 96 297 330 365 485 
0 95 300 328 365 485 
0 95 303 325 365 485 
0 94 308 322 365 485 
0 94 365 484 
0 93 365 484 
0 92 365 484 
0 92 365 484 
0 92 365 483 
0 92 365 483 
0 92 365 483 
0 92 365 483 
0 92 366 482 
0 92 366 482 
0 92 366 482 
0 92 366 482 
0 93 366 482 
0 93 366 481 
0 93 366 481 
0 93 365 480 
0 93 365 480 
0 93 365 480 
0 93 365 480 
0 93 365 480 
0 94 364 480 
0 94 364 480 
0 94 364 480 
0 94 364 481 
0 94 364 481 
0 95 364 481 
0 95 364 482 
0 95 364 482 
0 96 364 365 366 482 
0 96 364 365 366 482 
0 97 364 365 366 482 
0 97 364 365 366 482 
0 98 364 365 366 483 
0 98 364 365 366 483 
0 99 364 365 366 483 
0 99 364 365 366 483 
0 100 364 365 366 483 
0 100 364 365 366 484 
1 101 364 365 366 484 
2 101 364 365 366 484 
2 102 364 365 366 484 
2 102 366 485 
3 103 366 485 
4 103 366 485 
5 104 365 484 
5 104 364 365 366 483 
6 104 366 482 
6 105 365 480 
7 105 366 479 
8 106 366 476 
9 106 367 474 
10 107 368 473 
10 107 370 472 
11 108 370 471 
12 108 372 470 
12 109 373 470 
13 109 374 472 
14 110 375 473 
15 110 375 474 
15 110 375 475 
16 111 374 475 
16 112 374 476 
17 112 373 476 
18 112 373 476 
18 110 373 476 
18 109 373 475 
19 106 374 475 
20 103 374 475 
20 96 97 100 375 476 
21 96 374 476 
21 96 374 477 
22 98 373 478 
22 100 372 479 
23 101 372 480 
23 102 371 481 
23 103 370 482 
23 103 370 482 
23 103 369 483 
22 103 369 484 
22 103 368 485 
21 103 367 486 
21 102 367 486 
20 103 366 487 
20 103 366 488 
20 104 365 488 
19 105 365 489 
18 105 364 489 
17 106 364 490 
16 107 363 490 
16 107 363 491 
15 108 362 491 
15 108 362 492 
14 109 362 492 
14 109 361 493 
13 110 361 493 
13 110 360 494 
12 111 360 494 
12 111 360 494 
11 112 360 495 
11 112 360 495 
10 113 359 495 
10 113 359 496 
9 113 358 496 
9 113 358 496 
9 114 358 497 
8 114 357 497 
8 114 357 497 
7 114 357 498 
7 115 356 498 
6 115 356 498 
6 115 356 499 
6 115 356 499 
6 116 356 499 
5 116 355 500 
5 116 355 500 
5 117 354 500 
4 117 354 501 
4 117 354 501 
3 117 354 501 
3 117 353 502 
3 117 353 502 
3 118 353 502 
2 118 353 503 
2 118 352 503 
2 118 352 503 
2 118 352 503 
1 118 351 504 
0 118 351 504 
0 118 350 504 
0 119 350 504 
0 119 350 505 
0 119 350 505 
0 119 350 505 
0 119 349 506 
0 119 349 506 
0 120 349 507 
0 120 349 507 
0 120 348 507 
0 120 348 507 
0 120 347 508 
0 120 347 508 
0 121 347 508 
0 121 346 508 
0 121 346 509 
0 121 345 509 
0 121 346 509 
0 122 345 510 
0 122 345 510 
0 122 345 510 
0 122 344 511 
0 122 344 511 
0 123 343 511 
0 123 343 512 
0 123 342 512 
0 123 342 512 
0 123 342 513 
0 124 341 513 
0 124 341 513 
0 124 341 513 
0 124 340 514 
0 125 340 514 
0 125 339 514 
0 125 339 515 
0 125 338 515 
0 126 338 515 
0 126 338 516 
0 126 337 516 
0 127 337 516 
0 127 336 517 
0 127 336 517 
0 128 335 517 
0 128 335 518 
0 128 335 518 
0 128 334 518 
0 129 334 519 
0 129 333 519 
0 129 333 519 
0 130 332 520 
0 130 332 520 
0 131 331 520 
0 131 331 521 
0 131 330 521 
0 132 330 521 
0 132 329 522 
0 132 329 522 
0 133 328 522 
0 133 328 523 
0 134 327 523 
0 134 326 524 
0 134 326 524 
0 135 325 524 
0 135 325 525 
0 136 324 525 
0 136 323 525 
0 137 322 526 
0 137 322 526 
0 137 321 527 
0 138 321 527 
0 138 320 527 
0 138 320 528 
0 139 319 528 
0 139 318 529 
0 140 318 529 
0 140 317 530 
0 141 316 530 
0 141 316 530 
0 141 315 531 
0 142 315 531 
0 142 314 532 
0 143 313 532 
0 143 312 533 
0 144 312 533 
