





























































































































334 350 
329 354 
325 355 
324 358 
320 360 
297 301 318 363 
296 299 300 301 315 365 
295 299 300 301 314 366 
294 300 311 368 
293 300 308 370 
292 301 302 303 305 371 
291 302 303 372 
290 373 
290 375 
287 376 
287 377 
286 379 
286 380 
286 380 
286 381 
283 382 
283 383 
281 384 
280 384 
278 385 
277 386 
277 387 
276 388 
275 388 
274 389 
273 389 
272 390 
272 390 
271 390 
270 391 
270 392 
269 392 
268 393 
268 393 
267 394 
267 394 
266 395 
266 395 
266 395 
265 396 
265 396 
264 396 
264 397 
263 397 
263 397 
263 398 
262 398 
262 398 
262 399 
261 399 
261 400 
260 400 
260 400 
260 400 
260 401 
260 401 
259 401 
259 402 
259 402 
259 402 
259 402 
258 403 
258 403 
258 403 
258 403 
258 404 
258 404 
258 404 
258 404 
258 405 
258 405 
258 405 
258 405 
258 405 
258 405 
258 405 
258 406 
258 406 
258 406 
258 406 
258 406 
258 406 
259 406 
259 406 
258 406 
258 406 
258 406 
258 406 
259 406 
259 406 
259 406 
260 406 
260 406 
260 406 
261 406 
261 406 
261 406 
261 406 
262 406 
262 406 
262 406 
262 406 
263 406 
264 405 
264 405 
265 405 
265 405 
266 404 
267 404 
267 404 
268 403 
269 403 
269 402 
270 401 
270 400 
271 400 
272 399 
273 398 
273 397 
274 395 
276 394 
276 393 
277 391 
278 390 
279 389 
280 389 
281 388 
282 387 
283 387 
284 385 
285 384 
287 383 
288 382 
289 381 
290 380 
291 378 
292 377 
294 375 
295 374 
296 372 
298 370 
299 368 
301 362 
302 357 
304 356 
306 355 
307 355 
309 353 
311 352 
313 351 
315 350 
318 348 
320 347 
323 345 
328 340 


































































































































































































