































































































169 172 193 203 
167 173 189 208 
166 173 185 210 
166 173 182 212 
165 173 179 214 
165 173 176 216 
164 217 
164 218 
164 219 
164 220 
164 221 
164 221 
164 222 
163 223 
163 224 
163 225 
163 225 
162 226 
161 227 
161 228 
161 229 
161 230 
161 231 
161 232 
161 232 
161 233 
161 233 
160 233 
160 233 
160 233 
160 233 
160 233 
160 234 
160 234 
160 235 
160 236 
160 236 
161 237 
162 237 
162 238 
163 238 
164 238 
164 239 
165 239 
166 168 169 239 
166 168 170 239 
171 239 
172 239 
173 239 
172 239 
171 239 
170 238 
170 238 
170 238 
170 238 
170 238 
171 239 
173 239 
173 239 
174 239 
174 237 
175 237 
176 236 
177 235 
177 234 
178 235 
179 232 233 235 
179 232 
180 231 
181 231 
181 230 
182 221 222 226 228 230 
182 220 222 226 227 230 
182 219 222 225 227 229 
182 218 223 224 
182 218 
182 215 
181 215 
178 214 
175 215 
174 216 
173 217 
173 217 
173 218 
173 218 
174 219 
175 219 
175 219 
176 220 
177 220 
176 220 
175 221 
174 221 
173 222 
172 222 
171 223 
170 223 
169 224 
168 224 
167 225 
167 225 
166 226 
165 226 
165 227 
164 227 
163 227 
163 228 
162 228 
162 228 
162 228 
162 228 
162 228 
161 228 
160 228 
160 228 
159 227 
158 228 
158 228 
157 228 
156 228 
156 228 
155 230 
155 232 
154 233 
154 233 
154 233 
154 232 
154 231 
154 230 
154 229 
154 229 
154 230 
155 230 
155 231 
155 231 
156 232 
157 232 
158 232 
158 233 
160 233 
161 234 
165 234 
166 234 
167 235 
167 235 
167 235 
167 236 
167 236 
167 237 
167 237 
167 237 
167 238 
167 238 
167 238 
167 238 
167 239 
167 239 
167 239 
167 239 
167 239 
167 239 
167 239 
167 239 
167 239 
166 239 
166 239 
165 239 
165 238 
164 238 
163 237 
163 237 
162 236 
162 236 
161 235 
161 235 
160 234 
159 234 
159 234 
158 233 
158 233 
159 232 
159 232 
160 232 
159 231 
159 231 
159 230 
158 230 
158 230 
158 229 
157 229 
157 229 
157 228 
156 228 
156 228 
155 228 
155 227 
155 227 
154 227 
154 227 
153 227 
153 228 
153 229 
153 230 
153 230 
154 232 
154 232 
154 233 
153 229 
153 228 
152 228 
152 228 
152 229 
151 229 
151 230 
150 230 
150 230 
150 231 
149 231 
149 232 
149 232 
148 232 
148 232 
148 233 
147 233 
147 233 
147 234 
146 234 
146 234 
146 234 
146 235 
145 235 
145 235 
145 235 
145 236 
144 236 
144 236 
144 237 
144 237 
143 237 
143 237 
143 238 
143 238 
142 238 
142 238 
142 238 
142 239 
142 239 
142 239 
141 239 
141 239 
141 240 
141 240 
141 240 
140 240 
140 241 
140 241 
140 241 
140 241 
139 242 
139 242 
139 242 
139 242 
139 242 
139 243 
138 243 
138 243 
138 243 
138 243 
138 243 
137 244 
137 244 
137 244 
137 244 
137 244 
137 245 
136 245 
136 245 
136 245 
136 245 
136 245 
136 245 
135 245 
135 245 
135 246 
135 246 
135 246 
135 246 
134 246 
134 246 
134 246 
134 246 
133 246 
133 247 
133 247 
133 247 
133 247 
133 247 
132 247 
132 247 
132 247 
132 247 
132 247 
132 247 
132 247 
131 247 
131 247 
131 247 
131 247 
131 248 
131 248 
130 248 
130 248 
130 248 
130 248 
130 248 
130 248 
129 248 
129 248 
129 248 
129 248 
129 248 
128 248 
128 248 
128 248 
128 248 
128 248 
128 248 
128 249 
127 249 
127 249 
127 249 
127 249 
127 249 
127 249 
127 249 
127 249 
127 249 
126 249 
126 249 
126 249 
126 249 
126 249 
126 249 
126 249 
125 250 
125 250 
125 250 
125 250 
125 250 
125 250 
125 250 
125 250 
125 250 
125 250 
124 250 
124 250 
124 250 
124 251 
124 251 
124 251 
123 251 
123 251 
123 251 
123 252 
123 252 
123 252 
123 252 
123 252 
123 252 
123 252 
123 252 
123 252 
122 252 
122 253 
122 253 
122 253 
122 253 
122 253 
122 253 
122 253 
122 253 
122 253 
122 254 
121 254 
