



























































































182 185 
182 185 193 195 
181 185 190 199 
180 184 187 202 203 205 
180 185 186 209 
179 214 
179 216 
178 218 
178 220 
177 222 
177 223 
175 224 
173 225 
171 226 
170 227 
170 228 
171 228 
171 229 
172 230 
172 231 
171 231 
171 232 
171 233 
171 234 
172 235 
171 237 
171 238 
171 238 
170 239 
170 239 
169 239 
169 239 
168 239 
168 239 
167 239 
167 239 
166 238 
166 239 
165 239 
164 240 
163 240 
163 240 
162 241 
161 241 
160 242 
160 242 
159 242 
158 243 
158 243 
157 243 
157 243 
156 244 
156 244 
156 244 
156 244 
155 245 
155 245 
155 245 
158 246 
158 246 
159 246 
159 247 
160 247 
160 166 167 247 
160 165 167 247 
161 165 168 248 
161 164 168 247 
162 163 169 247 
170 247 
170 247 
172 246 
173 246 
173 245 
176 245 
175 176 177 245 
175 176 178 180 181 244 
182 244 
183 243 
183 216 218 243 
182 216 218 242 
181 216 217 226 227 242 
176 221 222 225 226 241 
174 220 222 224 226 235 236 240 
173 215 217 219 229 232 236 238 
172 214 228 231 
172 215 227 230 
172 216 227 229 
172 217 
173 218 
174 218 
174 218 
175 219 
176 219 
176 219 468 484 
175 220 466 485 
172 220 465 486 
171 220 464 487 
170 220 463 489 
169 221 461 490 
168 221 461 492 
166 222 460 494 
165 222 459 495 
165 222 458 497 
163 223 457 498 
163 223 456 499 
162 223 455 500 
161 224 454 501 
161 224 453 502 
160 225 452 503 
159 225 451 504 
158 225 450 505 
158 225 449 505 
158 226 448 506 
158 226 447 506 
157 226 446 506 
156 226 445 506 
155 226 444 506 
154 226 415 426 443 506 
153 226 414 431 442 506 
153 226 413 436 441 505 
152 226 412 505 
152 226 411 505 
151 225 410 505 
150 225 409 505 
150 225 408 504 
150 224 408 504 
149 224 408 504 
149 223 408 503 
148 223 408 503 
148 223 409 503 
148 222 409 502 
149 223 410 502 
148 224 411 502 
149 225 412 502 
149 225 413 501 
150 225 414 501 
150 224 415 500 
151 224 416 500 
152 224 418 500 
152 225 419 499 
154 225 420 499 
155 224 421 499 
157 223 423 499 
160 222 424 498 
161 222 426 498 
161 223 426 498 
161 223 428 497 
161 223 428 497 
161 223 427 497 
161 223 427 496 
161 223 428 496 
161 224 428 496 
161 224 428 496 
161 224 428 497 
161 224 428 498 
161 224 429 500 
161 224 431 501 
161 224 432 502 
161 224 432 503 
161 225 432 504 
161 225 432 505 
161 225 431 506 
160 225 430 507 
160 225 430 508 
160 225 431 509 
160 225 431 510 
159 225 431 510 
159 226 432 511 
159 226 432 511 
158 226 432 512 
158 226 432 512 
158 226 432 512 
157 226 432 513 
156 226 431 512 
155 226 430 512 
155 225 429 512 
154 225 429 432 433 482 483 512 
154 225 429 430 434 481 486 511 
153 224 434 480 488 511 
153 224 436 480 491 510 
152 224 436 480 494 510 
151 223 435 480 497 509 
150 223 435 480 501 508 
149 222 435 479 
149 222 434 479 
149 222 434 479 
149 221 434 479 
150 221 433 479 
151 220 433 479 
151 220 432 478 
150 220 431 478 
150 220 428 478 
150 219 427 478 
149 219 426 479 
149 219 426 479 
149 218 425 479 
148 218 424 479 
148 218 423 478 
147 218 423 478 
147 217 422 477 
147 217 421 477 
147 217 420 477 
146 216 419 477 
146 216 418 478 
145 216 418 478 
145 217 417 479 
145 217 416 479 
144 218 416 479 
144 219 415 480 
143 220 415 480 
144 221 414 481 
144 221 414 481 
145 222 413 481 
145 217 412 482 
145 218 412 482 
144 218 411 483 
144 218 411 483 
144 219 410 484 
143 219 410 484 
143 220 409 484 
143 220 408 485 
142 220 408 485 
142 221 407 485 
142 221 407 486 
142 221 406 486 
142 222 405 487 
142 222 405 487 
142 222 404 424 425 488 
142 223 403 423 425 488 
141 223 403 423 425 488 
141 223 402 422 424 489 
141 224 402 422 424 489 
141 224 401 421 424 490 
141 224 401 421 424 470 471 490 
141 224 401 421 424 470 471 491 
140 225 400 423 424 470 471 491 
140 225 400 469 470 491 
140 225 400 492 
140 226 400 492 
140 226 400 492 
139 226 400 492 
139 227 401 493 
139 227 401 493 
139 227 401 493 
138 227 401 492 
138 228 402 492 
138 228 402 492 
138 228 402 491 
138 229 403 491 
138 229 403 491 
138 229 404 491 
138 229 404 491 
137 230 405 491 
137 230 405 490 
137 230 405 490 
137 230 406 490 
137 231 406 490 
137 231 406 490 
137 231 407 490 
137 232 407 490 
137 232 407 490 
136 232 407 490 
136 232 408 490 
136 233 408 490 
136 233 408 490 
136 233 409 489 
136 233 409 489 
136 234 410 489 
136 234 410 489 
135 234 410 489 
135 234 411 489 
135 234 411 489 
135 235 412 489 
135 235 413 489 
135 235 414 489 
135 235 416 488 
135 235 418 488 
134 236 418 487 
134 236 419 486 
134 236 419 485 
134 237 420 484 
134 237 420 483 
134 237 420 483 
133 237 420 483 
133 237 419 483 
133 237 419 482 
133 238 419 482 
133 238 418 481 
133 238 418 481 
133 238 418 480 
133 238 418 480 
132 238 418 480 
132 238 417 481 
132 238 417 481 
132 238 417 482 
132 239 417 482 
132 239 417 482 
132 239 416 482 
132 239 416 483 
131 239 416 483 
131 239 416 483 
131 239 416 483 
131 239 415 483 
131 239 415 483 
131 240 415 484 
131 240 415 484 
130 240 415 484 
130 240 414 484 
130 240 414 484 
130 240 414 484 
130 240 414 485 
130 240 413 485 
130 240 413 485 
130 240 413 485 
130 240 413 485 
130 241 413 485 
129 241 412 486 
129 241 412 486 
129 241 412 486 
129 241 412 487 
129 241 412 487 
129 241 412 487 
128 242 411 487 
128 242 411 488 
128 242 411 488 
128 242 411 488 
128 242 411 488 
128 242 411 488 
128 242 410 489 
128 242 410 489 
128 242 410 489 
128 243 410 489 
128 243 410 490 
128 243 409 490 
128 243 409 490 
128 243 408 490 
127 243 408 491 
127 243 407 491 
127 243 407 491 
127 243 407 492 
127 244 406 492 
127 244 405 492 
127 244 405 493 
127 244 404 493 
127 244 404 493 
127 244 403 494 
127 244 402 494 
127 245 402 494 
127 245 401 495 
127 245 401 495 
126 245 401 495 
126 245 401 495 
126 245 402 496 
126 245 404 496 
126 246 405 497 
126 246 407 497 
126 246 408 497 
126 246 410 497 
126 246 413 498 
126 247 415 498 
126 247 417 499 
126 247 419 499 
126 247 420 499 
125 247 421 499 
125 247 421 498 
125 248 421 498 
125 248 421 497 
125 248 421 496 
125 248 422 445 451 494 
125 248 422 445 453 491 
125 248 422 445 453 484 
125 248 422 445 454 480 
125 249 422 444 454 479 
124 249 422 444 454 478 
124 249 422 444 454 478 
124 249 422 444 455 478 
124 249 422 443 455 478 
124 249 422 443 455 478 
124 250 422 443 455 478 
124 250 422 443 455 478 
123 250 422 443 456 478 
123 250 422 442 456 478 
123 250 422 442 456 478 
123 250 422 442 456 477 
123 250 422 442 456 478 
123 251 422 442 457 478 
122 251 422 442 457 478 
122 251 422 442 457 478 
