257 609 
257 608 622 625 
257 597 600 604 
257 588 589 592 
257 582 584 588 
256 571 
256 568 
256 562 
256 557 
255 550 
255 539 
255 496 502 514 
255 496 
255 495 
254 495 497 498 
254 497 
254 494 
254 493 
254 492 
254 491 
254 491 
253 490 
253 489 
253 488 490 491 
253 487 489 490 
253 486 488 489 
253 485 
253 485 
253 486 
253 482 
253 480 481 482 
253 480 
253 479 
253 479 
253 476 477 478 
253 475 
252 474 
252 475 
240 241 243 248 253 472 473 474 
231 232 253 471 
235 237 240 244 253 473 
228 250 253 470 471 472 
219 221 226 251 253 472 
224 252 253 469 470 471 
221 469 
213 215 216 468 
213 468 
211 467 469 470 
210 466 468 469 
208 466 
207 465 
207 465 
206 464 
203 464 
202 464 
202 465 
199 464 
199 463 
198 461 
197 460 
196 459 
196 459 460 461 
194 460 
194 460 
194 457 
192 457 
192 456 
192 455 
191 455 
190 454 
190 453 
189 452 
189 451 
188 450 
187 449 
187 448 
187 446 
186 446 
186 444 
185 443 
185 442 
185 440 
184 439 
184 437 
183 435 
183 433 
182 432 
182 430 
181 428 
181 426 
181 424 
180 422 
180 420 
180 418 
179 416 
179 414 
179 412 
178 410 
178 407 
178 405 
177 403 
177 400 
177 398 
177 395 
176 393 
176 390 
176 388 
176 386 
175 383 
175 381 
175 378 
175 375 
175 349 356 372 
175 350 
175 349 
175 349 
175 349 
175 350 
175 349 
175 349 
175 349 
175 349 
175 349 
175 349 
175 349 
175 349 
175 349 
175 349 
175 349 
175 349 
175 348 
176 348 
176 348 
176 348 
176 348 
176 349 
176 348 
176 348 
176 348 
177 348 
177 348 
177 348 
177 348 
177 348 
177 348 
177 348 
178 348 
178 348 
178 348 
178 348 
179 348 
179 348 
179 348 
180 348 
180 348 
180 348 
181 348 
181 348 
181 348 
182 348 
183 347 
183 347 
184 347 
184 347 
185 347 
185 347 
186 347 
187 346 
188 347 
189 346 
189 346 
190 346 
191 346 
192 346 
193 346 
195 346 
196 346 
197 288 291 346 
199 287 293 346 
201 286 293 346 
205 211 215 286 294 345 
216 285 295 345 
216 284 296 345 
217 284 297 345 
217 283 297 345 
217 281 283 285 300 345 
217 281 283 285 300 345 
217 282 300 345 
218 282 300 345 
218 281 300 345 
218 280 301 344 
218 278 301 344 
218 276 301 344 
218 274 301 344 
219 273 301 344 
219 270 301 344 
219 269 301 344 
219 240 243 255 262 263 301 344 
220 239 245 256 301 344 
220 238 247 257 301 343 
220 237 249 258 301 343 
220 237 251 254 255 259 301 343 
221 236 252 253 257 260 301 343 
221 235 258 260 301 343 
221 234 301 343 
222 233 301 343 
222 232 301 343 
222 232 302 343 
222 231 302 342 
223 230 302 342 
223 229 302 342 
224 228 302 342 
302 342 
302 342 
301 341 
301 341 
300 341 
300 341 
299 341 
299 341 
298 341 
297 340 
297 340 
296 340 
296 340 
295 340 
295 340 
294 339 
294 339 
293 339 
292 338 
292 338 
291 338 
291 337 
290 337 
290 336 
289 336 
289 335 
288 335 
287 334 
286 333 
286 333 
285 332 
285 331 
285 331 
284 330 
283 330 
283 329 
282 328 
281 328 
281 327 
280 327 
280 326 
279 325 
279 325 
278 324 
277 324 
276 323 
276 323 
275 322 
275 322 
274 321 
273 320 
272 320 
272 319 
271 319 
271 318 
270 318 
269 317 
269 316 
268 316 
267 315 
267 315 
266 314 
266 314 
265 313 
264 312 
264 312 
263 311 
262 311 
262 310 
261 310 
260 309 
260 309 
259 308 
259 308 
258 307 
257 307 
258 306 
258 306 
258 305 
259 305 
259 304 
258 304 
259 303 
259 303 
258 302 
258 302 
257 301 
256 301 
255 300 
254 300 
254 300 
253 299 
252 299 
251 298 
250 298 
249 297 
249 297 
248 296 
247 296 
246 285 287 295 
245 284 290 295 
244 283 
244 282 
242 281 
242 280 
241 280 
240 279 
240 278 
239 278 
238 277 
237 277 
237 276 
236 276 
235 275 
235 275 
234 274 
234 274 
233 273 
232 273 
232 272 
231 271 
231 271 
230 270 
230 269 
229 268 
229 267 
228 266 
228 265 
227 264 
226 263 
226 262 
226 261 
225 260 
225 259 
224 258 
224 257 
224 256 
223 255 
223 255 
222 254 
222 254 
222 253 
221 253 
221 253 
221 252 
220 252 
220 252 
220 252 
220 252 
220 252 
220 252 
220 252 
220 252 
220 252 
221 252 
221 252 
221 252 
222 253 
222 245 246 253 
222 244 247 253 
222 244 247 253 
222 244 249 253 
222 243 250 253 
223 233 234 243 251 252 
224 233 236 243 
225 233 236 243 
226 232 237 242 
227 232 238 242 
227 231 239 241 
228 230 


































































































