0 640 
0 640 
0 640 
0 640 
0 640 
0 640 
0 640 
0 640 
0 640 
0 640 
0 640 
0 640 
0 640 
0 640 
0 640 
0 640 
0 640 
0 285 348 640 
0 279 354 640 
0 275 358 640 
0 272 360 640 
0 270 362 640 
0 268 365 640 
0 266 367 640 
0 264 368 640 
0 263 370 640 
0 261 371 640 
0 260 373 640 
0 259 375 640 
0 258 376 640 
0 257 377 640 
0 256 378 640 
0 255 379 640 
0 254 380 640 
0 253 381 640 
0 252 382 640 
0 252 382 640 
0 251 383 640 
0 250 384 640 
0 250 385 640 
0 249 385 640 
0 249 386 640 
0 248 387 640 
0 247 387 640 
0 247 388 640 
0 247 388 640 
0 246 389 640 
0 246 389 640 
0 245 390 640 
0 245 390 640 
0 244 391 427 429 640 
0 244 391 422 431 640 
0 244 392 417 433 640 
0 243 392 414 436 640 
0 243 392 412 437 640 
0 243 392 402 406 410 437 640 
0 243 393 400 438 640 
0 242 393 398 438 640 
0 242 394 397 439 640 
0 242 394 396 439 640 
0 242 394 395 440 640 
0 242 440 640 
0 241 440 640 
0 241 441 640 
0 241 441 640 
0 241 441 640 
0 240 442 640 
0 240 442 640 
0 240 442 640 
0 240 442 640 
0 240 442 640 
0 240 442 640 
0 240 442 640 
0 240 443 640 
0 239 443 640 
0 239 443 640 
0 239 443 640 
0 239 443 640 
0 239 443 640 
0 239 443 640 
0 239 443 640 
0 239 443 640 
0 239 443 640 
0 240 443 640 
0 240 443 640 
0 240 443 640 
0 240 443 640 
0 240 443 640 
0 240 442 640 
0 241 442 640 
0 241 442 640 
0 242 442 640 
0 242 442 640 
0 242 442 640 
0 242 441 640 
0 242 441 640 
0 242 440 640 
0 241 440 640 
0 241 440 640 
0 240 440 640 
0 239 441 640 
0 238 441 640 
0 237 441 640 
0 236 441 640 
0 235 441 640 
0 234 441 640 
0 233 441 640 
0 232 441 640 
0 231 441 640 
0 230 442 640 
0 229 442 640 
0 225 442 640 
0 219 400 402 443 640 
0 219 400 402 443 640 
0 218 400 403 443 640 
0 218 400 403 444 640 
0 219 399 403 445 640 
0 219 399 403 445 640 
0 219 398 403 445 640 
0 219 398 403 445 640 
0 218 398 404 444 640 
0 217 397 404 443 640 
0 216 397 404 440 640 
0 215 397 404 438 640 
0 214 396 404 438 640 
0 214 396 404 438 640 
0 214 395 404 438 640 
0 216 395 404 439 640 
0 217 395 404 439 640 
0 218 394 404 439 640 
0 219 394 404 440 640 
0 220 393 404 440 640 
0 222 393 404 440 640 
0 223 393 404 441 640 
0 224 392 404 441 640 
0 225 392 404 441 640 
0 227 391 404 442 640 
0 228 391 404 442 640 
0 230 391 404 442 640 
0 231 242 244 391 404 442 640 
0 232 241 245 391 404 442 640 
0 234 241 245 392 404 443 640 
0 235 240 247 392 404 443 640 
0 248 392 404 443 640 
0 248 392 403 443 640 
0 248 392 403 443 640 
0 247 393 403 444 640 
0 247 393 403 444 640 
0 246 393 403 445 640 
0 245 394 403 445 640 
0 245 394 403 445 640 
0 244 395 403 445 640 
0 243 396 403 445 640 
0 243 398 403 446 640 
0 242 400 403 446 640 
0 241 446 640 
0 240 388 402 446 640 
0 239 388 403 446 640 
0 238 245 248 389 402 447 640 
0 237 243 248 388 403 447 640 
0 236 240 248 389 403 447 640 
0 236 237 248 389 403 447 640 
0 248 389 403 406 407 447 640 
0 248 389 403 406 408 447 640 
0 248 390 403 406 407 448 640 
0 248 390 403 406 407 448 640 
0 248 252 254 383 384 390 403 406 408 448 640 
0 247 251 254 382 385 390 403 406 408 448 640 
0 247 251 255 382 385 390 403 406 407 448 640 
0 247 250 255 382 386 391 403 406 407 449 640 
0 247 250 256 381 387 391 403 449 640 
0 247 249 256 381 388 391 403 446 448 449 640 
0 247 248 257 375 377 381 388 391 403 446 448 449 640 
0 257 261 262 375 377 380 389 391 404 446 448 450 640 
0 258 261 263 375 377 379 390 391 404 446 449 450 640 
0 258 261 263 374 378 379 404 446 449 450 640 
0 259 261 263 272 273 374 404 446 640 
0 259 261 263 271 273 374 404 446 640 
0 259 261 264 271 274 304 308 329 333 373 405 446 640 
0 264 272 274 305 317 320 332 373 405 446 640 
0 264 272 274 285 286 306 330 364 365 373 405 446 640 
0 264 272 274 285 287 309 328 363 365 368 369 372 405 446 640 
0 265 272 274 285 287 313 323 363 366 368 370 372 406 446 640 
0 265 272 274 281 283 284 287 353 354 363 366 368 370 372 406 446 640 
0 265 272 274 281 283 284 287 352 354 363 366 368 370 371 406 446 640 
0 266 272 274 281 283 284 287 292 294 352 354 362 367 368 407 446 640 
0 266 272 274 281 283 284 287 292 296 341 343 352 354 362 367 368 407 446 640 
0 266 272 274 281 288 292 298 338 343 351 354 362 407 445 640 
0 266 268 270 272 274 276 277 281 288 292 299 337 343 351 354 357 358 362 408 445 640 
0 266 269 271 272 274 276 278 281 288 291 301 335 343 351 354 357 359 361 408 445 640 
0 266 269 274 276 278 280 288 291 301 335 344 346 349 350 354 357 359 361 409 445 640 
0 266 268 274 275 278 280 288 290 301 335 344 346 354 357 359 361 409 444 640 
0 266 268 274 275 278 280 288 290 301 335 344 345 354 356 359 360 409 444 640 
0 266 267 278 280 288 290 301 335 354 356 359 360 409 444 640 
0 266 267 278 280 288 290 297 300 301 335 337 340 354 356 358 360 410 444 640 
0 278 279 295 336 337 341 354 356 358 360 410 444 640 
0 278 279 295 342 354 355 358 359 410 443 640 
0 295 341 354 355 410 443 640 
0 295 341 354 355 411 443 640 
0 296 341 411 442 640 
0 296 340 411 416 417 442 640 
0 297 340 411 416 417 442 640 
0 297 340 412 416 417 441 640 
0 297 339 412 416 418 436 437 441 640 
0 297 339 412 416 418 436 437 440 640 
0 297 339 412 416 418 436 438 440 640 
0 297 339 412 416 418 436 438 440 640 
0 297 340 412 416 418 436 438 439 640 
0 296 341 412 416 418 436 438 439 640 
0 294 342 412 416 418 436 437 439 640 
0 293 343 413 415 418 439 640 
0 292 345 413 415 418 438 640 
0 290 347 413 415 418 438 587 595 640 
0 288 349 413 415 418 431 433 437 585 596 640 
0 286 351 413 414 419 431 433 434 435 436 584 597 640 
0 45 48 283 354 419 431 582 599 640 
0 44 50 281 356 419 431 580 600 640 
0 42 52 279 358 419 431 578 600 640 
0 41 54 277 360 420 430 576 601 640 
0 40 56 275 362 420 430 573 602 640 
0 39 59 273 364 420 430 571 603 640 
0 38 61 271 366 420 424 426 430 569 604 640 
0 37 63 270 367 426 428 429 430 566 605 640 
0 36 65 268 369 426 427 564 606 640 
0 35 68 267 370 426 427 561 607 640 
0 34 70 265 372 559 608 640 
0 33 72 264 373 557 610 640 
0 32 75 262 374 555 610 640 
0 31 78 261 375 552 587 591 611 640 
0 30 80 260 376 550 586 592 612 640 
0 29 83 259 377 548 584 593 614 640 
0 28 85 259 377 546 581 594 614 640 
0 27 47 51 87 258 378 543 580 595 615 640 
0 26 46 53 89 257 379 541 578 596 616 640 
0 25 45 55 92 256 380 539 577 597 617 640 
0 24 45 56 94 256 380 537 575 598 618 640 
0 24 44 58 96 255 381 535 573 598 619 640 
0 22 43 60 98 254 382 533 571 599 621 640 
0 21 42 62 100 254 382 531 568 600 622 640 
0 20 41 64 102 253 383 530 566 601 623 640 
0 19 40 66 104 252 384 528 564 602 624 640 
0 19 40 69 106 252 385 526 561 603 625 640 
0 17 39 71 108 251 385 524 559 604 627 640 
0 16 38 74 110 250 386 523 560 604 628 640 
0 15 37 76 112 250 387 521 561 605 629 640 
0 14 36 79 114 249 388 519 561 605 630 640 
0 13 35 79 116 248 389 517 542 546 561 603 631 640 
0 12 35 79 117 247 389 516 539 547 561 602 633 640 
0 11 34 78 119 247 390 514 537 547 560 601 634 640 
0 10 34 77 92 94 121 246 391 512 535 546 561 600 635 640 
0 8 36 78 92 97 123 245 392 510 533 544 562 600 636 640 
0 7 37 78 92 100 125 244 393 508 531 543 563 601 637 640 
0 6 38 78 92 103 126 244 393 506 529 543 564 601 638 640 
0 5 38 77 93 106 128 243 394 504 526 542 565 601 
0 4 38 76 94 107 130 242 395 503 525 542 565 601 
0 2 38 75 95 110 132 241 396 500 523 541 566 599 613 615 
0 2 38 74 95 112 134 241 397 498 522 541 566 597 612 616 
38 74 96 114 136 240 397 423 431 496 520 540 566 596 613 617 
38 73 96 115 139 208 214 239 398 419 435 494 519 540 567 595 614 618 
39 73 97 117 141 205 218 238 399 415 439 491 517 539 567 594 616 619 
24 27 41 72 97 118 143 202 221 238 400 411 442 488 516 539 567 593 616 620 
23 26 42 72 98 120 145 199 224 237 401 408 446 485 514 538 568 593 617 621 
22 25 43 71 98 122 148 195 229 236 452 481 513 538 568 592 617 622 
21 24 44 71 99 123 152 190 462 473 511 537 568 592 617 623 
20 23 45 70 99 124 156 184 510 537 569 591 617 624 
19 22 46 70 100 126 163 177 509 536 569 590 618 626 
18 22 46 70 100 127 507 536 570 590 618 627 
17 22 46 69 101 129 506 535 570 589 618 629 
15 21 47 69 101 130 505 535 570 589 619 630 
14 21 47 69 101 132 505 534 571 589 619 631 
13 20 48 68 102 133 505 534 571 588 620 632 
12 20 48 68 102 134 505 534 571 587 620 634 
10 19 49 68 103 134 505 534 571 587 620 635 
9 19 49 67 103 133 456 479 504 535 571 586 621 636 
8 19 50 67 103 133 418 436 451 486 504 535 571 586 621 638 
7 18 50 67 103 134 166 182 207 212 410 437 450 492 505 535 571 585 621 640 
5 18 51 66 103 134 155 187 202 226 410 438 449 491 506 535 570 585 621 640 
4 18 51 67 103 134 147 188 201 226 410 438 449 489 507 535 570 585 622 640 
3 17 51 67 103 133 147 189 200 226 410 438 450 489 508 536 570 585 622 640 
1 17 52 67 103 132 148 189 200 226 411 437 451 488 509 536 569 585 622 640 
0 16 52 68 102 131 149 188 201 225 411 435 453 487 510 536 569 585 622 640 
0 16 53 68 102 130 150 187 202 225 412 434 454 487 510 537 568 585 622 640 
0 16 53 68 102 129 150 185 203 225 411 434 455 486 511 537 568 586 622 640 
0 15 53 68 102 128 151 184 204 225 411 433 455 486 511 537 568 586 621 640 
0 15 53 69 102 128 152 183 205 226 411 432 456 485 512 537 568 586 621 640 
0 15 53 69 102 128 152 183 206 226 410 432 457 485 512 537 567 586 621 640 
0 16 52 69 101 127 152 182 206 227 410 432 457 484 512 537 567 587 620 640 
0 16 52 69 101 127 153 182 207 227 409 431 457 484 512 538 567 587 620 640 
0 17 52 69 101 126 153 182 207 228 409 431 458 484 513 538 567 587 620 640 
0 17 52 70 101 126 154 181 207 228 408 430 458 483 513 538 566 587 619 640 
0 17 51 70 100 125 154 181 207 229 407 430 459 483 514 538 566 587 619 640 
0 18 51 70 100 125 155 180 208 230 406 430 459 482 514 538 566 587 618 640 
0 18 51 71 100 125 155 180 208 231 405 429 460 482 514 538 565 588 618 640 
0 18 51 71 100 124 155 179 208 231 406 429 460 482 515 539 565 588 618 640 
0 18 51 71 100 124 156 179 209 230 407 429 460 481 515 539 565 588 617 640 
0 18 50 72 99 124 156 178 209 230 408 429 461 480 516 539 564 588 617 640 
0 19 50 72 99 123 157 178 210 229 408 428 461 480 516 539 564 588 617 640 
0 19 50 72 99 123 157 178 210 228 409 428 462 480 516 539 563 588 616 640 
0 19 50 72 98 123 157 177 210 226 410 428 462 480 517 539 563 588 616 640 
0 20 50 73 98 122 157 177 210 225 411 428 463 480 517 540 563 589 616 640 
0 20 49 73 98 122 158 177 211 224 412 427 463 481 516 540 562 589 615 640 
0 20 49 73 98 122 158 176 211 223 412 427 463 481 516 540 562 589 615 639 
0 21 49 73 98 122 158 176 211 224 412 427 462 481 516 540 562 589 615 638 
0 21 48 74 97 122 157 176 212 224 412 427 462 482 516 540 562 589 614 638 
0 21 48 74 97 122 157 176 212 224 411 427 462 482 515 541 561 589 614 637 
0 21 48 74 97 122 157 176 211 225 411 428 462 482 515 541 561 590 613 637 
0 22 48 74 97 123 157 176 211 226 410 428 462 482 515 541 561 590 613 636 
0 22 48 75 97 123 156 177 211 228 408 428 462 482 514 542 560 590 613 636 
0 22 47 75 96 123 156 177 211 229 406 428 461 483 514 542 560 590 612 635 
1 23 47 75 96 123 156 177 210 231 404 429 461 483 514 542 560 590 612 634 
1 23 47 76 96 123 156 177 210 234 403 429 461 483 513 542 560 590 612 634 
2 23 47 76 96 124 156 177 210 234 403 429 461 483 513 542 559 590 611 634 
2 23 47 76 96 124 155 177 209 233 403 430 461 483 513 542 559 591 611 634 
2 24 47 77 96 124 155 177 209 233 403 430 460 484 513 542 559 591 611 634 
3 24 46 77 95 124 155 178 209 233 404 430 460 484 512 543 558 591 610 635 
3 24 46 77 95 125 155 178 208 232 404 430 460 484 512 543 558 591 610 635 
4 25 46 77 95 125 154 178 208 232 404 431 460 484 512 543 557 592 610 635 
3 25 46 77 95 125 154 178 208 232 405 431 460 484 512 543 557 592 609 635 
3 25 46 78 94 125 154 178 207 231 405 432 459 485 511 543 557 592 609 635 
3 25 45 78 94 125 154 178 207 231 405 432 459 485 511 544 557 592 608 635 
3 26 45 78 94 126 153 179 207 231 406 432 459 485 511 544 556 592 608 636 
3 26 45 79 94 126 153 179 207 230 406 433 459 485 510 544 556 592 608 636 
3 26 45 79 93 126 153 179 206 230 406 433 458 486 510 544 556 593 607 636 
3 27 45 79 93 127 153 179 206 230 406 433 458 486 510 544 555 593 607 636 
2 27 44 79 93 127 152 179 206 229 406 433 458 486 510 544 555 593 607 636 
2 27 44 80 93 127 152 180 206 229 407 434 458 486 509 545 555 593 606 637 
2 28 44 80 92 127 152 180 205 229 407 434 458 487 509 545 554 593 606 637 
2 28 43 80 92 127 152 180 205 229 407 434 458 487 509 545 554 593 606 637 
2 28 43 80 92 128 152 180 205 228 407 434 458 487 508 545 554 593 605 637 
1 28 43 81 92 128 151 180 204 228 408 435 457 487 508 545 553 594 605 637 
1 29 43 81 92 128 151 180 204 228 408 435 457 488 508 546 553 594 605 637 
1 29 43 81 91 129 151 181 204 228 408 435 457 488 507 546 553 594 604 637 
1 29 43 82 91 129 151 181 203 228 408 436 457 488 507 546 552 594 604 637 
1 29 42 82 91 129 150 181 203 227 408 436 457 488 507 546 552 594 603 638 
0 30 42 82 91 129 150 182 203 227 409 436 456 488 507 547 552 594 603 638 
0 30 42 82 91 129 150 182 202 227 409 437 456 489 507 547 551 595 603 638 
0 30 42 83 90 130 150 182 202 227 409 437 456 489 506 547 551 595 602 638 
0 31 42 83 90 130 150 182 202 226 409 437 456 489 506 548 550 595 602 638 
0 31 41 83 90 130 149 182 202 226 410 438 456 489 506 595 602 638 
0 31 41 83 90 130 149 182 202 226 410 438 455 489 505 595 601 638 
0 32 41 84 90 131 149 183 201 226 410 438 455 490 505 595 601 638 
0 32 41 84 89 131 148 183 201 225 410 438 455 490 505 596 601 639 
0 32 41 84 89 131 148 183 201 225 410 439 455 490 505 596 600 639 
0 32 40 85 89 132 148 183 200 225 410 439 455 490 504 597 600 639 
0 33 40 86 88 132 148 183 200 225 411 439 455 491 504 597 599 639 
0 33 40 132 147 183 200 225 411 440 454 491 504 639 
0 33 40 132 147 183 199 225 411 440 454 491 503 640 
0 34 40 132 147 184 199 225 411 440 454 492 503 640 
0 34 39 133 147 184 199 224 411 441 454 492 503 640 
0 34 39 133 146 184 198 224 411 441 453 492 503 640 
0 35 38 133 146 184 198 224 411 441 453 492 502 640 
0 35 38 133 146 184 198 224 411 442 453 492 502 640 
0 133 146 184 198 224 411 442 453 493 502 640 
0 134 145 185 197 224 411 442 453 493 501 640 
0 134 145 185 197 224 411 443 453 493 501 640 
0 134 145 185 197 224 259 260 411 443 452 493 501 640 
0 134 145 185 197 224 258 260 379 380 411 443 452 493 501 640 
0 135 145 185 196 224 258 260 379 381 412 443 452 494 500 640 
0 135 144 186 196 223 258 260 379 381 414 444 452 494 500 640 
0 135 144 186 196 222 258 260 379 381 416 444 452 494 500 640 
0 135 144 186 195 220 257 260 379 382 417 444 451 494 500 640 
0 136 144 186 195 218 257 260 379 382 419 444 451 495 499 640 
0 136 143 187 195 217 257 260 379 382 421 445 451 495 499 640 
0 136 143 187 195 215 257 260 378 383 422 445 451 496 498 640 
0 136 143 187 194 214 256 260 378 383 424 445 451 496 497 640 
0 137 143 187 194 212 256 261 378 383 425 446 450 640 
0 137 142 187 194 211 256 261 378 384 427 447 450 640 
0 137 142 187 193 210 256 261 378 384 428 447 450 640 
0 138 142 188 193 208 255 261 378 384 430 448 449 640 
0 138 141 188 193 207 255 261 378 385 431 640 
0 139 141 188 192 205 250 252 254 262 378 385 432 640 
0 189 192 204 250 262 378 386 434 640 
0 189 191 203 249 262 378 386 435 640 
0 202 249 262 378 387 436 640 
0 200 248 262 378 387 438 640 
0 199 248 261 378 388 439 640 
0 198 247 261 378 388 441 640 
0 196 246 261 378 389 442 640 
0 195 246 261 378 390 443 640 
0 194 245 261 378 390 445 640 
0 193 245 261 378 391 446 640 
0 191 244 261 378 392 447 640 
0 190 243 261 378 393 449 640 
0 189 242 261 378 393 450 640 
0 188 241 260 378 394 452 640 
0 187 241 260 378 395 453 640 
0 186 240 260 378 397 454 640 
0 184 238 260 379 398 455 640 
0 183 237 260 379 399 457 640 
0 182 236 260 379 401 458 640 
0 180 235 260 379 402 460 640 
0 179 233 260 379 404 461 640 
0 178 232 260 380 405 462 640 
0 177 231 260 380 407 464 640 
0 175 229 260 380 408 465 640 
0 174 228 259 380 410 467 640 
0 173 226 259 380 411 468 640 
0 172 225 259 380 413 469 640 
0 170 223 259 381 415 470 640 
0 169 222 259 381 416 472 640 
0 168 221 259 381 418 473 640 
0 167 219 259 381 420 474 640 
0 166 218 259 381 421 476 640 
0 164 216 258 381 423 478 488 504 640 
0 163 215 259 381 424 508 640 
0 162 213 260 379 426 512 640 
0 161 212 260 379 428 515 640 
0 159 210 260 379 430 519 640 
0 158 209 260 379 431 521 640 
0 157 207 259 379 433 523 640 
0 113 137 156 206 259 379 435 524 640 
0 111 140 155 204 259 380 437 526 640 
0 109 142 154 202 259 380 438 527 640 
0 106 144 152 201 259 381 440 528 640 
0 105 146 150 200 259 381 442 528 640 
0 104 198 258 382 443 528 640 
0 103 197 258 382 445 528 640 
0 103 195 258 382 447 514 518 528 640 
0 103 193 257 383 449 513 520 527 640 
0 104 192 256 384 450 513 522 526 640 
0 104 111 117 190 256 384 452 514 640 
0 106 109 118 189 255 385 454 514 640 
0 118 187 255 385 455 514 640 
0 118 186 255 385 457 515 640 
0 117 184 254 386 459 515 640 
0 117 182 254 386 461 516 640 
0 116 181 253 387 463 517 640 
0 115 179 253 387 465 519 640 
0 114 178 252 387 466 521 640 
0 113 176 252 388 469 523 640 
0 111 175 251 389 471 525 640 
0 108 173 251 389 474 527 640 
0 106 172 250 390 477 529 640 
0 103 170 250 390 479 531 640 
0 99 168 250 391 482 533 640 
0 96 166 249 391 485 535 640 
0 93 165 249 391 486 537 640 
0 90 163 248 392 489 539 640 
0 57 59 86 161 248 392 491 541 640 
0 53 65 79 159 248 392 492 545 640 
0 52 157 247 393 494 548 640 
0 53 154 247 393 495 551 567 576 640 
0 54 151 246 394 497 577 640 
0 55 147 246 394 499 577 640 
0 56 145 245 395 500 576 640 
0 58 142 245 395 502 575 640 
0 59 140 244 395 504 574 640 
0 61 137 244 396 505 572 640 
0 62 135 244 396 507 570 640 
0 63 133 244 396 509 568 640 
0 65 130 243 397 510 566 640 
0 68 128 243 397 512 565 640 
0 71 126 242 397 514 561 640 
0 74 124 242 398 516 556 640 
0 76 121 242 398 519 553 640 
0 78 119 242 398 523 549 640 
0 80 116 241 399 532 546 640 
0 83 113 241 399 640 
0 89 110 240 400 640 
0 95 108 240 400 640 
0 240 400 640 
0 239 401 640 
0 239 401 640 
0 239 401 640 
0 239 401 640 
0 238 402 640 
0 238 402 640 
0 238 402 640 
0 238 402 640 
0 237 403 640 
0 237 403 640 
0 237 403 640 
0 237 403 640 
0 236 404 640 
0 236 404 640 
0 235 405 640 
0 235 405 640 
0 235 405 640 
0 235 405 640 
0 235 405 640 
