



























































195 215 
191 219 
187 222 
185 225 
183 227 589 591 
180 230 586 592 
178 232 584 592 
177 234 582 591 
175 235 580 590 
174 237 578 589 
172 238 576 588 
171 240 574 587 
169 241 572 586 
168 243 570 585 
166 244 568 584 
165 245 567 583 
164 246 565 582 
163 248 563 581 
162 249 561 580 
161 250 560 579 
160 250 558 578 
159 252 556 577 
158 253 555 576 
157 254 553 575 
156 254 552 574 
155 255 550 574 
154 256 549 572 
154 257 547 571 
153 258 546 570 
152 258 544 569 
151 259 543 568 
150 260 541 567 
150 260 540 566 
149 261 538 565 
148 261 537 564 
148 262 535 563 
147 263 534 562 
146 263 533 561 
146 263 531 560 
145 264 530 559 
145 264 528 558 
144 265 527 557 
143 265 525 556 
143 265 524 555 
142 266 523 554 
142 266 521 553 
141 267 520 553 
141 267 518 554 
141 267 517 556 
140 267 515 558 
140 268 513 559 
139 268 512 560 
139 268 510 561 
138 268 508 561 
138 268 507 561 
138 268 505 561 
137 269 504 559 
137 269 502 558 
137 269 501 555 
137 269 500 552 
136 269 499 548 
136 269 497 546 
136 269 495 548 
136 269 494 550 
136 270 492 551 
135 270 490 553 
135 270 489 554 
135 271 487 555 
135 272 485 557 
135 273 483 558 
135 274 481 559 
135 275 479 560 
135 275 477 561 
135 275 475 562 
135 277 474 562 
135 286 471 563 
135 291 428 437 469 563 
135 296 427 439 467 563 
135 298 427 440 465 563 
135 300 429 441 463 562 
135 302 430 442 461 561 
135 304 430 442 459 558 
135 305 381 382 429 443 457 553 
136 307 374 394 428 444 455 549 
136 308 370 397 427 444 453 546 
136 309 365 401 426 444 451 544 
136 310 362 405 425 443 449 509 511 542 
136 311 359 408 424 443 448 508 513 540 
137 312 354 411 423 443 446 507 515 539 
137 313 350 413 417 444 445 505 516 537 
137 314 347 504 518 535 
137 315 344 345 347 352 353 503 521 532 
138 315 353 502 525 528 
138 316 350 501 
139 317 348 499 
139 318 346 498 
140 318 344 497 
140 319 344 496 
141 319 343 494 
141 320 342 493 
142 320 340 492 
142 321 339 491 
143 322 338 342 344 489 
143 322 343 488 
144 323 342 487 
144 323 342 485 
145 323 341 484 
146 324 340 483 
147 324 339 481 
147 324 339 480 
148 325 338 479 
149 325 338 478 
150 325 337 476 
151 325 337 475 
152 326 336 474 
153 326 336 472 
154 326 336 471 
155 326 335 470 
156 326 335 469 
157 326 335 468 
158 326 335 466 489 502 
160 326 334 465 486 505 
161 326 334 463 483 508 
162 326 334 462 481 510 
163 326 334 461 480 511 
165 326 334 460 477 513 
166 326 333 459 476 515 
168 326 333 459 460 467 474 516 
170 326 334 469 473 517 
172 326 334 471 472 518 
174 326 334 337 339 519 
176 325 334 336 339 519 
179 325 333 335 339 520 
182 325 339 520 
187 211 216 325 339 521 
217 324 340 521 
217 324 340 521 
218 327 340 521 
216 329 339 521 
212 221 223 333 338 521 
210 222 224 522 
208 223 224 521 
206 521 
205 521 
204 322 323 521 
202 322 324 521 
201 322 324 520 
199 321 325 520 
198 321 325 520 
197 321 325 520 
196 321 324 520 
193 322 323 520 
190 519 
188 519 
186 519 
185 518 
182 518 
180 518 
178 518 
178 518 
178 518 
178 517 
178 517 
178 516 
178 515 
178 514 
179 514 
179 237 238 513 
180 237 239 305 309 513 
180 237 241 303 310 513 
180 236 242 301 312 512 
180 235 244 299 313 512 
179 235 245 298 315 511 
179 235 247 296 316 511 
178 235 249 294 316 511 
177 235 251 292 316 511 
176 235 253 290 315 510 
176 234 256 287 315 509 
175 234 260 284 315 508 
175 233 266 279 314 507 
174 232 314 507 
173 183 185 232 314 506 
173 183 186 231 314 505 
172 182 186 231 314 505 
172 182 187 230 314 504 
172 181 185 230 314 504 
171 181 183 230 315 504 
171 180 182 230 316 503 
170 230 318 502 
170 230 319 502 
170 230 321 501 
169 180 181 230 322 500 
170 179 184 230 323 499 
170 178 186 230 325 498 
171 177 188 230 326 497 
172 177 190 230 327 497 
173 175 191 230 327 496 
193 231 327 496 
194 231 327 495 
195 231 326 494 
195 232 326 493 
195 232 325 493 
195 232 325 492 
194 233 324 491 
194 233 324 490 
193 233 323 488 
193 234 323 486 
192 234 323 485 
191 235 322 485 
191 236 322 463 464 485 
190 237 321 463 465 484 
189 238 321 462 468 480 
187 239 320 462 468 480 
186 239 320 461 468 480 
186 239 320 461 468 479 
187 237 319 460 469 478 
188 235 319 460 469 477 
188 234 318 459 470 475 
188 232 318 459 471 474 
188 232 317 459 
189 232 317 458 
189 232 317 458 
189 232 316 458 
190 233 316 457 
196 233 315 457 
196 233 315 457 
197 233 315 456 
197 233 314 456 
197 233 314 456 
197 233 313 455 
197 233 313 455 
197 234 312 455 
197 234 312 454 
197 234 312 454 
197 234 311 454 
197 234 311 453 
197 234 311 453 
197 234 310 453 
197 235 309 453 
197 235 308 452 
197 235 307 452 
197 235 306 452 
198 235 302 451 
198 235 297 451 
198 235 295 450 
198 235 290 450 
198 236 282 450 
198 236 276 450 
198 236 270 449 
198 236 265 449 
198 236 259 449 
198 236 254 449 
198 236 250 448 
198 237 245 448 
198 237 242 448 
198 237 239 448 
198 448 
198 448 
199 447 
199 447 
199 447 
199 447 
199 447 
199 446 
200 446 
200 446 
200 446 
200 446 
200 445 
201 445 
201 445 
200 445 
200 445 
200 444 
200 444 
200 444 
200 444 
200 444 
200 444 
200 443 
200 443 
200 205 206 443 
200 205 207 443 
200 205 208 443 
200 205 210 443 
200 205 211 443 
200 205 212 443 
200 206 208 211 213 443 
200 212 214 257 263 442 
200 213 214 250 262 442 
200 219 225 241 262 442 
200 219 228 235 261 442 
200 218 261 442 
201 218 260 442 
201 217 260 442 
203 216 259 442 
205 214 259 442 
206 213 258 441 
206 213 258 441 
206 213 257 441 
206 213 257 441 
206 213 256 441 
206 213 256 440 
206 213 256 440 
206 213 255 440 
206 213 255 440 
206 213 255 440 
206 213 255 440 
206 213 254 440 
206 213 254 440 
205 214 254 439 
204 216 254 439 
202 217 253 439 
201 218 253 439 
200 218 253 439 
200 219 253 439 
200 219 253 439 
200 219 253 439 
199 219 252 438 
199 205 206 213 214 219 252 438 
199 204 214 219 252 438 
199 204 215 219 252 438 
199 204 215 219 252 438 
199 204 215 219 252 438 
199 204 215 219 252 438 
199 204 215 219 252 439 
199 204 215 219 251 440 
199 204 215 219 251 441 
199 204 215 219 251 442 
199 204 215 219 251 443 
199 204 215 219 251 444 
199 204 215 219 251 444 
199 204 215 219 251 445 
199 204 215 219 251 446 
199 204 214 219 251 370 371 378 379 447 
199 205 206 212 214 219 251 369 371 378 379 448 
199 205 206 219 251 368 371 377 380 449 
199 219 251 368 371 377 380 450 
200 219 251 367 371 377 380 451 
200 218 251 366 371 376 380 451 
200 218 251 365 371 376 381 452 
200 217 251 365 371 375 381 453 
201 216 251 364 371 375 381 454 
203 214 251 363 370 375 381 455 
204 213 251 362 370 375 381 456 
205 213 251 362 370 374 382 456 
205 213 251 361 370 374 382 457 
205 213 251 360 370 373 382 458 
205 213 251 360 370 373 382 459 
205 213 251 359 370 373 382 459 
205 213 251 359 370 372 382 460 
205 213 251 358 383 461 
205 213 251 358 383 462 
205 213 251 357 383 463 
205 213 251 357 383 463 
205 213 251 356 383 464 
205 213 251 355 384 465 
205 213 251 355 384 466 
204 214 251 354 384 466 
203 215 251 354 385 467 
201 217 251 354 385 468 
200 218 251 353 385 468 
200 218 251 353 385 469 
200 218 251 352 385 470 
199 219 251 352 385 470 
199 219 251 352 385 471 
199 219 251 351 386 471 
199 205 206 212 213 219 251 351 386 472 
199 204 214 219 251 351 386 472 
199 204 214 219 251 350 386 473 
198 204 214 219 251 350 387 473 
198 204 215 219 251 350 387 474 
198 204 215 219 251 350 387 474 
198 204 215 219 251 350 387 475 
198 204 215 219 251 349 388 475 
198 204 215 219 251 349 388 475 
198 204 215 219 251 349 388 476 
198 204 215 219 251 349 388 476 
198 204 215 219 251 349 388 476 
198 204 215 219 251 349 389 477 
198 204 214 219 252 349 389 477 
198 204 214 219 252 349 389 477 
198 204 208 211 214 219 252 349 389 477 
198 204 207 212 214 219 252 349 390 477 
198 204 206 219 252 349 390 478 
199 219 252 349 390 478 
199 218 252 349 390 478 
199 218 252 349 390 478 
200 218 252 349 391 478 
200 218 252 349 391 478 
201 217 252 350 391 478 
202 215 252 350 391 478 
204 213 252 350 391 478 
205 213 252 350 391 478 
205 213 252 350 392 478 
205 212 252 350 392 477 
205 212 252 350 392 477 
205 212 252 350 392 477 
205 212 252 350 392 477 
205 212 253 351 392 477 
204 212 253 351 392 477 
204 212 253 351 393 477 
204 212 253 351 393 476 
204 212 253 351 393 476 
204 212 253 352 393 475 
204 213 253 352 393 475 
204 213 253 352 380 384 394 474 
202 214 253 352 379 385 394 473 
201 215 254 352 379 386 393 473 
200 217 253 353 378 386 392 472 
199 217 253 353 378 387 391 471 
198 218 254 354 378 387 390 470 
198 218 254 355 378 387 388 469 
198 218 254 356 377 468 
198 218 254 357 377 467 
198 203 205 211 213 218 254 358 376 465 
198 203 205 210 213 218 254 358 375 464 
197 203 206 208 213 218 253 359 374 463 
197 203 213 218 252 359 373 461 
197 204 213 219 252 360 373 460 
