



























































































178 180 
177 180 189 192 
177 180 185 194 
176 180 183 196 
176 180 181 208 
175 212 
175 214 
174 216 
174 218 
173 219 
173 221 
173 222 
172 223 
170 224 
168 225 
167 226 
166 227 
166 227 
167 228 
168 229 
168 230 
167 230 
166 232 
166 233 
166 235 
167 236 
167 237 
167 237 
167 238 
166 238 
166 238 
166 238 
166 238 
166 238 
165 238 
165 238 
165 237 
164 238 
164 238 
163 239 
163 239 
162 240 
161 240 
161 241 
160 241 
159 242 
159 242 
158 242 
157 242 
156 243 
156 243 
155 243 
155 243 
154 243 
154 244 
154 244 
153 244 
153 244 
152 245 
152 245 
152 245 
152 245 
155 245 
155 245 
155 245 
156 245 
156 245 
156 159 160 162 164 245 
157 159 165 245 
157 159 166 245 
157 159 166 244 
158 159 167 244 
168 244 
169 243 
170 242 
171 242 
173 241 
176 240 
177 178 181 240 
177 178 181 239 
182 239 
182 238 
182 224 225 234 235 237 
173 223 225 233 234 237 
172 216 224 229 230 232 234 236 
171 215 224 228 233 235 
170 214 225 226 233 234 
170 214 
170 215 
171 216 
171 217 
172 218 
172 218 
173 219 475 485 
173 219 473 488 
173 220 472 490 
172 220 471 492 
172 221 471 494 
170 221 470 495 
169 222 469 497 
168 223 468 499 
166 223 467 500 
165 224 466 501 
164 224 465 503 
163 225 464 504 
162 226 463 506 
161 226 462 507 
160 227 461 508 
160 228 459 509 
159 228 458 510 
158 229 457 511 
157 229 456 512 
157 230 455 513 
156 230 454 514 
156 230 452 514 
156 230 420 426 451 514 
155 230 419 431 450 514 
155 231 418 434 449 515 
154 231 417 438 448 515 
153 231 415 441 446 515 
152 231 414 514 
151 230 414 514 
150 230 414 514 
149 230 414 514 
148 230 415 513 
147 229 416 513 
147 229 417 513 
146 229 418 512 
146 229 419 511 
146 230 421 511 
146 233 422 510 
145 234 423 510 
145 234 425 510 
145 233 426 510 
145 233 428 509 
145 233 429 509 
146 233 430 508 
146 234 432 508 
146 234 433 508 
146 234 434 507 
147 233 435 507 
147 233 435 506 
148 233 433 506 
149 233 433 506 
150 234 432 505 
151 234 430 505 
154 234 432 504 
156 235 432 504 
157 235 432 504 
158 236 432 503 
158 236 433 503 
158 237 432 503 
158 237 432 502 
158 237 432 502 
158 238 433 502 
158 238 435 502 
158 238 436 502 
158 239 436 502 
158 239 436 502 
158 239 436 503 
158 240 436 503 
158 240 435 504 
158 240 434 505 
158 240 434 506 
158 241 434 507 
158 241 435 507 
157 241 435 508 
157 242 435 509 
157 242 435 509 
157 242 435 510 
157 242 435 511 
157 242 434 512 
156 242 434 513 
156 242 433 513 
156 242 433 434 435 514 
155 241 436 487 489 515 
155 241 436 486 490 515 
154 240 437 485 492 515 
153 240 439 485 494 516 
153 239 440 484 495 516 
152 239 440 484 496 515 
151 239 440 483 498 515 
151 238 440 483 500 515 
151 238 440 483 501 514 
150 237 439 482 503 514 
150 237 439 482 505 513 
149 236 439 482 507 513 
148 236 439 482 509 512 
147 235 438 482 
146 235 438 481 
146 234 437 481 
147 234 434 480 
147 233 431 480 
147 233 428 481 
148 233 426 481 
147 232 425 481 
147 232 425 480 
147 231 425 481 
147 231 424 481 
146 231 424 482 
146 230 423 482 
146 230 423 482 
145 229 423 483 
145 229 422 483 
145 229 422 483 
144 229 421 484 
144 228 421 484 
143 228 420 484 
143 228 420 485 
143 228 419 485 
142 227 418 485 
142 227 418 486 
142 227 417 486 
141 227 417 486 
141 226 416 487 
141 226 415 487 
141 226 415 487 
140 226 414 488 
140 225 413 488 
140 225 413 489 
140 225 412 489 
139 224 411 490 
139 223 411 490 
138 222 410 490 
138 221 410 491 
137 220 409 491 
137 220 408 492 
137 219 408 492 
137 220 407 473 475 492 
137 220 406 473 475 493 
138 220 406 426 427 473 475 493 
138 221 405 425 427 473 476 494 
138 221 404 425 426 473 476 494 
138 222 404 424 426 472 476 495 
138 222 403 423 426 472 477 495 
138 222 403 423 426 472 477 495 
137 222 403 424 426 472 477 496 
137 223 403 472 478 496 
137 223 403 472 478 497 
137 223 402 472 478 497 
136 223 402 471 478 498 
136 224 402 471 478 498 
136 224 403 471 476 498 
136 224 403 470 475 499 
135 224 403 470 473 499 
135 225 403 470 472 499 
135 225 404 469 470 499 
135 225 404 499 
135 226 404 499 
134 226 405 499 
134 226 405 499 
134 226 405 498 
134 227 406 498 
133 227 406 498 
133 227 406 497 
133 228 407 497 
133 228 407 496 
133 228 407 496 
132 228 407 495 
132 228 408 495 
132 229 408 494 
132 229 408 494 
132 229 408 493 
132 229 409 493 
131 229 409 492 
131 230 409 492 
131 230 410 492 
131 230 410 491 
131 230 410 491 
131 231 410 490 
131 231 411 490 
130 231 411 489 
130 231 411 489 
130 232 412 489 
130 232 413 488 
130 232 414 488 
130 232 416 488 
129 232 418 487 
129 233 418 487 
129 233 419 486 
129 233 419 486 
129 233 419 485 
128 233 419 485 
128 234 420 484 
128 234 420 483 
128 234 420 481 
128 234 420 480 
127 234 420 479 
127 234 420 479 
127 235 420 479 
127 235 420 478 
127 235 419 478 
127 235 419 477 
127 235 419 478 
126 235 419 478 
126 235 419 478 
126 235 418 478 
126 236 418 478 
126 236 418 479 
125 236 418 479 
125 236 418 479 
125 236 418 479 
125 236 418 479 
125 236 418 479 
124 236 418 480 
124 237 418 480 
124 237 417 480 
124 237 417 480 
124 237 417 480 
123 237 417 480 
123 237 417 481 
123 237 417 481 
123 237 417 481 
123 237 417 481 
123 237 417 482 
122 237 417 482 
122 237 416 482 
122 237 416 482 
122 237 416 482 
122 237 416 483 
122 237 416 483 
121 237 416 483 
121 237 416 483 
121 237 416 483 
121 237 416 484 
121 237 416 484 
121 238 416 484 
121 238 416 484 
120 238 416 485 
120 238 416 485 
120 238 415 485 
120 238 415 485 
120 238 415 485 
120 238 415 486 
120 238 415 486 
119 238 415 486 
119 238 415 487 
119 238 415 487 
119 238 415 487 
119 238 414 487 
119 238 414 488 
118 238 414 488 
118 238 413 488 
118 239 413 488 
118 239 413 489 
118 239 413 489 
118 239 412 489 
118 239 412 489 
117 239 412 490 
117 239 412 490 
117 239 412 490 
117 239 412 491 
117 239 413 491 
117 239 413 492 
117 240 414 492 
117 240 415 492 
117 240 416 492 
117 240 417 493 
116 240 418 493 
116 240 419 493 
116 240 420 493 
116 240 421 493 
116 240 421 493 
116 240 421 493 
116 241 421 493 
116 241 421 493 
115 241 421 493 
115 241 421 492 
115 241 422 490 
115 241 422 489 
115 241 422 445 449 487 
115 242 422 444 450 484 
115 242 422 444 450 479 
115 242 422 444 450 476 
115 242 422 443 450 475 
114 242 422 443 451 475 
114 242 422 443 451 475 
114 242 422 443 451 475 
114 242 422 443 451 475 
114 243 422 442 451 475 
114 243 422 442 452 475 
113 243 422 442 452 475 
113 243 422 442 452 475 
113 243 422 442 452 475 
113 243 422 442 453 474 
113 243 422 442 453 474 
113 244 422 442 453 474 
112 244 421 442 453 474 
