0 516 521 640 
0 516 521 640 
0 515 520 640 
0 514 519 640 
0 513 519 640 
0 513 518 640 
0 512 518 640 
0 511 517 640 
0 510 517 640 
0 508 516 640 
0 506 516 640 
0 504 516 640 
0 503 516 640 
0 501 516 640 
0 500 516 640 
0 498 516 640 
0 498 517 640 
0 497 513 514 517 640 
0 497 512 514 517 640 
0 498 512 514 517 640 
0 497 517 640 
0 497 517 640 
0 498 517 640 
0 498 516 640 
0 490 515 640 
0 488 514 640 
0 487 513 640 
0 484 511 640 
0 484 508 640 
0 483 509 640 
0 482 488 491 510 640 
0 481 487 491 511 640 
0 479 488 490 513 640 
0 478 513 640 
0 477 514 640 
0 446 461 482 515 640 
0 442 465 484 508 510 515 640 
0 437 471 488 507 511 515 640 
0 434 476 492 506 512 515 640 
0 431 480 492 506 512 515 640 
0 430 482 491 506 511 515 640 
0 428 485 490 507 511 515 640 
0 426 514 640 
0 424 514 640 
0 423 514 640 
0 421 504 507 514 640 
0 420 498 500 503 510 514 640 
0 418 498 501 502 511 513 640 
0 417 499 512 513 640 
0 416 501 640 
0 414 502 640 
0 413 504 640 
0 412 505 640 
0 410 506 640 
0 409 507 640 
0 408 509 640 
0 406 510 640 
0 405 511 640 
0 404 512 640 
0 403 514 640 
0 402 515 640 
0 401 516 640 
0 400 517 640 
0 398 518 640 
0 397 519 640 
0 396 519 640 
0 395 520 640 
0 394 521 640 
0 392 522 640 
0 277 306 391 522 640 
0 271 312 390 523 640 
0 267 316 389 524 640 
0 261 323 387 524 640 
0 255 329 386 525 640 
0 251 334 384 525 640 
0 247 339 383 526 640 
0 244 343 381 527 640 
0 241 348 379 527 640 
0 238 355 376 528 640 
0 236 528 640 
0 234 529 640 
0 231 529 640 
0 229 529 640 
0 227 530 640 
0 225 530 640 
0 224 530 640 
0 222 530 640 
0 221 531 640 
0 220 531 640 
0 219 531 640 
0 218 531 640 
0 218 531 640 
0 219 531 640 
0 219 532 640 
0 218 532 640 
0 218 532 640 
0 218 227 231 532 640 
0 218 227 236 532 640 
0 217 227 238 531 640 
0 217 227 240 531 640 
0 217 221 222 228 242 531 640 
0 217 221 223 228 244 531 640 
0 216 221 223 228 245 531 640 
0 216 220 223 228 246 531 640 
0 215 220 223 228 246 531 640 
0 215 220 224 229 247 531 640 
0 215 220 224 229 248 531 640 
0 215 219 224 230 248 531 640 
0 214 219 225 230 248 531 640 
0 214 219 225 230 249 531 640 
0 214 219 226 231 249 530 640 
0 214 218 226 231 248 530 640 
0 214 218 226 231 248 530 640 
0 214 218 226 232 249 530 640 
0 213 218 227 232 248 530 640 
0 213 218 228 233 247 530 640 
0 213 218 228 233 246 530 640 
0 213 218 228 234 245 530 640 
0 213 218 229 234 243 530 640 
0 213 218 229 235 241 530 640 
0 213 218 230 236 239 529 640 
0 213 218 230 236 239 529 640 
0 213 218 231 529 640 
0 213 218 232 529 640 
0 213 218 232 257 258 529 640 
0 213 218 231 255 260 528 640 
0 213 218 230 248 250 255 264 528 640 
0 213 218 228 246 250 255 266 528 640 
0 213 219 226 245 250 255 270 528 640 
0 214 220 223 243 250 256 272 528 640 
0 214 234 251 256 275 528 640 
0 214 233 251 256 276 527 640 
0 215 231 251 256 278 527 640 
0 216 230 251 256 278 527 640 
0 216 227 251 257 279 527 640 
0 218 225 251 257 280 287 290 527 640 
0 251 257 281 288 291 527 640 
0 252 257 282 289 294 527 640 
0 252 257 283 290 296 527 640 
0 252 258 284 291 298 526 640 
0 252 258 285 292 301 526 640 
0 252 258 286 293 303 526 640 
0 253 258 287 294 305 526 640 
0 253 259 288 296 306 526 640 
0 253 259 290 297 308 526 640 
0 253 259 291 298 308 526 640 
0 254 260 292 300 307 526 640 
0 254 260 294 301 306 526 640 
0 254 260 295 303 305 309 312 526 640 
0 255 261 296 309 311 526 640 
0 255 261 298 526 640 
0 255 262 299 526 640 
0 256 262 301 526 640 
0 256 262 301 526 640 
0 256 263 300 305 307 526 640 
0 257 264 299 304 308 526 640 
0 257 264 298 302 307 527 640 
0 258 265 298 301 306 527 640 
0 258 265 297 301 303 527 640 
0 259 266 296 527 640 
0 259 267 295 528 640 
0 260 267 294 307 313 528 640 
0 261 268 293 300 301 306 312 529 640 
0 261 269 292 298 301 305 310 529 640 
0 262 270 291 297 300 304 309 530 640 
0 263 270 290 295 300 303 308 530 640 
0 263 271 289 294 298 302 306 531 640 
0 264 272 288 293 297 301 305 531 640 
0 265 273 288 292 296 532 640 
0 265 274 287 291 295 532 640 
0 266 275 287 290 294 533 640 
0 267 276 286 289 294 534 640 
0 268 277 293 535 640 
0 268 278 293 535 640 
0 269 280 293 536 640 
0 270 281 292 537 640 
0 271 282 292 538 640 
0 273 284 292 539 640 
0 274 285 291 540 640 
0 275 288 292 541 640 
0 276 289 292 542 640 
0 277 298 299 543 640 
0 279 298 301 544 640 
0 280 299 301 545 640 
0 282 546 640 
0 284 547 640 
0 285 548 640 
0 288 549 640 
0 290 550 640 
0 293 551 640 
0 298 552 640 
0 304 553 640 
0 311 554 640 
0 313 315 316 555 640 
0 313 315 317 556 640 
0 317 557 640 
0 317 558 640 
0 318 319 320 322 324 559 640 
0 324 560 640 
0 324 561 640 
0 326 562 640 
0 327 563 640 
0 327 564 640 
0 327 565 640 
0 327 566 640 
0 327 567 640 
0 326 568 640 
0 325 569 640 
0 324 570 640 
0 323 571 640 
0 322 572 640 
0 321 573 640 
0 320 573 640 
0 321 427 429 574 640 
0 322 428 431 575 640 
0 322 428 434 576 640 
0 322 414 422 428 436 576 640 
0 322 414 424 428 437 577 640 
0 321 414 438 578 640 
0 320 414 439 578 640 
0 319 414 439 579 640 
0 319 414 440 445 447 580 640 
0 318 414 441 446 449 581 640 
0 318 414 442 446 451 581 640 
0 317 327 330 414 443 447 453 582 640 
0 317 326 331 414 444 449 455 582 640 
0 316 326 332 414 445 450 457 583 640 
0 316 325 332 414 446 451 459 584 640 
0 315 325 333 414 447 453 460 584 640 
0 315 324 333 415 448 454 462 585 640 
0 314 324 333 415 450 456 464 586 640 
0 314 323 334 415 451 458 466 586 640 
0 313 323 334 415 452 460 468 587 640 
0 313 322 334 415 454 463 470 587 640 
0 312 322 334 415 455 467 470 588 640 
0 312 321 334 415 457 588 640 
0 311 321 334 415 459 589 640 
0 310 320 334 415 462 589 640 
0 310 320 334 415 466 590 640 
0 309 319 334 415 469 590 640 
0 309 319 334 415 475 591 640 
0 308 318 334 415 480 591 640 
0 308 318 334 415 482 592 640 
0 307 317 334 416 484 592 640 
0 307 317 333 416 485 593 640 
0 306 316 333 416 487 593 640 
0 305 316 332 416 488 594 640 
0 305 315 330 416 489 594 640 
0 304 315 329 416 491 595 640 
0 304 314 329 417 492 595 640 
0 303 314 328 419 494 596 640 
0 303 313 327 420 495 596 640 
0 302 312 326 421 497 597 640 
0 302 312 326 422 498 597 640 
0 301 312 326 424 499 597 640 
0 301 311 326 425 500 598 640 
0 300 311 327 427 501 598 640 
0 300 310 328 428 503 599 640 
0 299 310 328 430 504 599 640 
0 298 309 327 432 505 599 640 
0 298 309 326 417 420 434 506 600 640 
0 297 308 326 417 421 436 508 600 640 
0 297 308 325 417 423 438 509 601 640 
0 296 307 325 417 425 441 510 601 640 
0 293 307 324 417 426 443 511 601 640 
0 289 306 324 417 428 446 512 602 640 
0 288 306 324 417 430 449 514 602 640 
0 288 305 324 417 432 453 515 602 640 
0 287 305 325 417 435 458 513 603 640 
0 286 304 326 417 437 463 503 603 640 
0 285 304 327 417 440 603 640 
0 284 304 327 417 443 603 640 
0 283 304 326 417 447 604 640 
0 282 304 326 417 450 604 640 
0 281 305 325 417 453 604 640 
0 280 305 325 417 457 605 640 
0 280 305 324 417 462 505 525 536 556 605 640 
0 279 305 323 417 469 494 525 533 560 605 640 
0 278 305 323 418 526 534 563 606 640 
0 277 304 322 418 527 534 565 606 640 
0 276 304 321 418 528 535 565 606 640 
0 274 304 320 418 528 536 562 606 640 
0 274 303 320 418 529 538 558 606 640 
0 273 303 319 418 529 540 555 607 640 
0 272 303 318 418 529 545 549 572 575 607 640 
0 272 303 318 418 530 568 576 607 640 
0 270 302 317 418 530 563 578 607 640 
0 270 302 316 419 531 559 579 607 640 
0 269 302 315 419 531 538 541 555 580 608 640 
0 269 301 315 419 532 538 544 552 582 608 640 
0 268 301 314 419 532 539 583 608 640 
0 268 301 313 419 533 539 584 608 640 
0 268 300 312 420 533 540 584 608 640 
0 268 299 302 420 533 540 585 608 640 
0 269 298 301 420 534 541 584 607 640 
0 269 297 301 420 534 541 584 607 640 
0 269 296 301 420 535 542 584 589 590 608 640 
0 269 295 301 421 535 543 584 589 591 608 640 
0 269 295 302 421 536 543 584 588 593 608 640 
0 270 295 302 421 536 544 583 588 594 608 640 
0 270 297 302 421 536 545 583 589 595 608 640 
0 270 298 302 421 537 545 583 589 596 608 640 
0 271 299 302 422 537 546 583 589 597 608 640 
0 271 300 303 422 538 547 583 589 597 608 640 
0 271 301 303 422 539 547 583 589 597 608 640 
0 272 301 304 422 539 548 583 589 596 607 640 
0 272 422 540 550 583 588 595 607 640 
0 272 422 541 551 583 588 595 606 640 
0 273 423 542 552 583 588 595 604 640 
0 273 423 543 552 583 588 595 603 640 
0 274 423 544 554 583 588 594 601 640 
0 274 423 545 554 583 591 593 601 640 
0 275 423 546 555 583 600 640 
0 276 423 547 557 583 599 640 
0 277 424 548 558 583 598 640 
0 278 424 549 559 583 598 640 
0 278 424 550 560 583 598 640 
0 280 425 551 562 583 598 640 
0 280 425 553 564 583 598 640 
0 281 425 554 566 583 592 593 598 640 
0 283 425 556 569 582 592 593 598 640 
0 283 425 557 571 580 598 640 
0 284 426 560 572 578 597 640 
0 285 426 561 585 588 597 640 
0 286 426 562 585 588 597 640 
0 287 426 564 583 590 597 640 
0 288 426 566 582 591 596 640 
0 289 427 569 580 640 
0 290 427 640 
0 291 427 640 
0 292 427 640 
0 293 427 640 
0 293 427 640 
0 294 427 640 
0 295 428 640 
0 296 428 640 
0 297 428 640 
0 297 428 640 
0 298 428 640 
0 299 429 640 
0 300 429 640 
0 301 429 640 
0 302 429 640 
0 302 430 640 
0 303 430 640 
0 304 430 640 
0 305 430 640 
0 306 430 640 
0 306 431 640 
0 307 431 640 
0 308 431 640 
0 309 431 640 
0 309 431 640 
0 308 431 640 
0 308 432 640 
0 307 432 640 
0 307 432 640 
0 307 432 640 
0 307 432 640 
0 306 432 640 
0 291 295 306 433 640 
0 289 297 306 433 640 
0 288 298 306 433 640 
0 287 298 306 433 640 
0 286 299 307 434 640 
0 285 299 307 434 640 
0 285 299 306 434 640 
0 284 299 306 434 640 
0 283 298 305 434 640 
0 282 298 305 435 640 
0 282 298 304 435 640 
0 281 297 303 435 640 
0 280 297 303 435 640 
0 280 296 302 435 640 
0 279 296 302 435 640 
0 279 295 301 436 640 
0 278 294 300 436 640 
0 278 293 300 436 640 
0 277 293 299 436 640 
0 277 292 298 436 640 
0 276 292 298 436 640 
0 276 291 297 436 640 
0 275 291 296 436 640 
0 275 290 295 436 640 
0 275 290 294 436 640 
0 275 289 292 436 640 
0 274 289 291 437 640 
0 274 289 290 437 640 
0 274 437 640 
0 274 437 640 
0 274 306 308 437 640 
0 274 305 308 437 640 
0 274 305 308 437 640 
0 274 304 307 437 640 
0 274 303 307 437 640 
0 275 301 307 437 640 
0 275 300 307 438 640 
0 276 298 307 438 640 
0 276 297 307 438 640 
0 277 296 306 438 640 
0 278 294 306 438 640 
0 280 293 306 438 640 
0 282 290 306 438 640 
0 306 438 640 
0 306 438 640 
0 305 438 640 
0 305 438 640 
0 305 438 640 
0 305 438 640 
0 305 439 640 
0 305 439 640 
0 305 439 640 
0 304 439 640 
0 304 439 640 
0 304 440 640 
0 304 440 640 
0 304 440 640 
0 304 440 640 
0 304 440 640 
0 303 440 640 
0 303 440 640 
0 303 439 640 
0 303 439 640 
0 303 439 640 
0 303 438 640 
0 303 438 640 
0 302 438 640 
0 302 438 640 
0 302 438 640 
0 302 438 640 
0 302 438 640 
0 302 438 640 
0 301 437 640 
0 301 437 640 
0 301 437 640 
0 301 437 640 
0 301 437 640 
0 301 437 640 
0 301 437 640 
0 300 437 640 
0 300 436 640 
0 300 436 640 
0 300 436 640 
0 300 436 640 
0 300 436 640 
0 299 436 640 
0 299 436 640 
0 299 436 640 
0 299 435 640 
0 299 435 640 
0 299 435 640 
0 298 435 640 
0 298 435 640 
0 298 435 640 
0 298 435 640 
0 298 435 640 
0 298 434 640 
0 298 434 640 
0 297 434 640 
0 297 434 640 
0 297 434 640 
0 297 434 640 
0 297 434 640 
0 297 434 640 
0 296 433 640 
0 296 433 640 
0 296 433 640 
0 296 433 640 
0 296 433 640 
0 296 433 640 
0 295 433 640 
0 295 433 640 
0 295 433 640 
0 295 433 640 
0 295 433 640 
0 295 433 640 
0 294 433 640 
0 294 433 640 
0 294 433 640 
0 294 432 640 
