0 640 
0 640 
0 640 
0 640 
0 640 
0 640 
0 640 
0 640 
0 640 
0 640 
0 640 
0 640 
0 640 
0 640 
0 640 
0 640 
0 640 
0 640 
0 640 
0 640 
0 640 
0 640 
0 640 
0 640 
0 640 
0 640 
0 640 
0 640 
0 640 
0 640 
0 640 
0 640 
0 640 
0 640 
0 640 
0 640 
0 640 
0 640 
0 640 
0 640 
0 640 
0 640 
0 640 
0 640 
0 640 
0 640 
0 640 
0 640 
0 640 
0 640 
0 640 
0 640 
0 640 
0 640 
0 640 
0 640 
0 640 
0 640 
0 640 
0 640 
0 640 
0 640 
0 640 
0 640 
0 640 
0 640 
0 640 
0 640 
0 640 
0 640 
0 640 
0 640 
0 640 
0 640 
0 640 
0 640 
0 640 
0 640 
0 640 
0 640 
0 640 
0 640 
0 640 
0 640 
0 640 
0 640 
0 640 
0 640 
0 640 
0 640 
0 640 
0 640 
0 640 
0 640 
0 640 
0 640 
0 640 
0 640 
0 640 
0 640 
0 640 
0 640 
0 640 
0 640 
0 640 
0 640 
0 640 
0 640 
0 640 
0 640 
0 640 
0 640 
0 640 
0 640 
0 640 
0 640 
0 640 
0 640 
0 640 
0 640 
0 640 
0 640 
0 640 
0 640 
0 640 
0 640 
0 640 
0 640 
0 640 
0 640 
0 640 
0 640 
0 640 
0 640 
0 640 
0 640 
0 640 
0 640 
0 640 
0 640 
0 640 
0 640 
0 640 
0 640 
0 640 
0 640 
0 640 
0 640 
0 640 
0 640 
0 640 
0 640 
0 640 
0 640 
0 640 
0 640 
0 640 
0 640 
0 640 
0 640 
0 640 
0 640 
0 640 
0 640 
0 640 
0 640 
0 640 
0 640 
0 640 
0 640 
0 640 
0 640 
0 640 
0 640 
0 640 
0 640 
0 640 
0 640 
0 640 
0 640 
0 640 
0 640 
0 640 
0 640 
0 640 
0 640 
0 640 
0 640 
0 640 
0 640 
0 640 
0 640 
0 640 
0 640 
0 640 
0 640 
0 640 
0 640 
0 640 
0 640 
0 640 
0 302 303 336 338 640 
0 302 303 336 338 640 
0 302 304 335 338 640 
0 301 304 335 338 640 
0 268 270 301 305 335 338 369 371 640 
0 268 270 301 305 334 338 369 371 640 
0 269 271 301 305 334 339 368 371 640 
0 269 272 300 306 334 339 367 371 640 
0 269 272 300 306 333 339 367 371 640 
0 269 273 300 306 333 339 366 371 640 
0 269 273 300 306 333 339 365 371 640 
0 269 274 300 307 332 340 365 371 640 
0 269 274 300 307 332 340 364 371 640 
0 270 275 300 307 332 340 364 371 396 397 640 
0 242 244 270 275 299 308 331 340 363 370 395 397 640 
0 243 244 270 276 299 308 330 340 363 370 394 397 640 
0 243 245 270 276 299 309 330 340 362 370 393 397 640 
0 243 246 270 277 299 309 330 341 362 370 393 397 640 
0 244 246 270 277 299 310 329 341 361 370 392 396 640 
0 244 247 270 278 298 310 329 341 360 370 391 396 640 
0 244 248 270 278 298 311 328 341 360 370 390 396 640 
0 244 248 270 279 297 312 327 342 359 370 390 396 640 
0 245 249 270 280 297 313 326 342 358 370 389 395 640 
0 245 250 270 281 296 314 325 343 357 370 388 395 640 
0 245 250 270 282 295 344 356 370 388 395 640 
0 246 251 269 283 293 346 355 370 387 394 413 415 640 
0 246 252 269 285 290 348 354 370 386 394 412 414 640 
0 246 252 269 371 385 394 411 414 640 
0 246 253 269 371 384 394 410 413 640 
0 247 254 268 371 384 393 409 413 640 
0 247 255 267 372 383 393 409 412 640 
0 228 229 247 256 266 373 381 393 408 412 640 
0 229 230 247 258 264 374 380 393 407 412 640 
0 229 231 247 393 406 411 640 
0 230 232 247 393 405 411 640 
0 230 233 247 393 404 410 640 
0 231 233 247 393 404 410 640 
0 231 234 247 393 403 409 640 
0 232 235 247 393 402 409 640 
0 232 236 246 393 401 408 640 
0 233 237 245 393 400 408 640 
0 233 238 244 394 399 407 640 
0 233 240 243 395 398 407 415 416 640 
0 233 406 414 416 640 
0 234 406 413 415 640 
0 234 406 412 415 640 
0 234 405 411 414 640 
0 235 405 410 413 640 
0 235 405 410 413 640 
0 235 404 409 412 640 
0 235 404 408 411 640 
0 235 403 407 411 640 
0 230 231 235 404 406 410 640 
0 231 232 234 404 406 409 640 
0 231 409 640 
0 232 408 640 
0 232 407 640 
0 233 407 640 
0 234 406 640 
0 234 405 640 
0 235 405 640 
0 235 404 640 
0 236 403 640 
0 236 403 640 
0 237 402 640 
0 237 401 640 
0 238 400 640 
0 239 399 640 
0 240 398 640 
0 241 397 640 
0 241 397 640 
0 242 397 640 
0 242 396 640 
0 242 396 640 
0 243 396 640 
0 243 395 640 
0 243 395 640 
0 243 395 640 
0 244 394 640 
0 244 394 640 
0 244 394 640 
0 244 393 640 
0 245 393 640 
0 245 393 640 
0 245 393 640 
0 245 393 640 
0 245 393 640 
0 245 393 640 
0 245 392 640 
0 246 392 640 
0 246 392 640 
0 246 392 640 
0 245 393 640 
0 242 396 640 
0 239 399 640 
0 237 401 640 
0 235 403 640 
0 232 406 640 
0 230 408 640 
0 227 411 640 
0 225 413 640 
0 223 415 640 
0 221 416 640 
0 220 418 640 
0 218 420 640 
0 216 422 640 
0 214 424 640 
0 213 425 640 
0 212 426 640 
0 210 428 640 
0 209 430 640 
0 208 431 640 
0 206 432 640 
0 205 433 640 
0 204 434 640 
0 203 435 640 
0 202 436 640 
0 201 437 640 
0 200 438 640 
0 199 439 640 
0 198 440 640 
0 197 441 640 
0 196 442 640 
0 196 442 640 
0 195 443 640 
0 194 444 640 
0 194 445 640 
0 193 445 640 
0 193 446 640 
0 192 446 640 
0 192 446 640 
0 191 447 640 
0 191 447 640 
0 190 448 640 
0 190 448 640 
0 190 448 640 
0 190 449 640 
0 189 449 640 
0 189 449 640 
0 189 449 640 
0 189 449 640 
0 189 449 640 
0 189 449 640 
0 189 449 640 
0 189 449 640 
0 189 449 640 
0 189 449 640 
0 189 449 640 
0 189 449 640 
0 190 449 640 
0 190 449 640 
0 190 448 640 
0 190 447 640 
0 190 447 640 
0 191 447 640 
0 191 446 640 
0 192 446 640 
0 192 445 640 
0 193 445 640 
0 194 444 640 
0 194 444 640 
0 195 443 640 
0 196 442 640 
0 196 442 640 
0 197 441 640 
0 198 440 640 
0 199 439 640 
0 200 438 640 
0 201 437 640 
0 202 437 640 
0 203 435 640 
0 204 434 640 
0 205 433 640 
0 206 432 640 
0 207 431 640 
0 209 430 640 
0 210 428 640 
0 211 426 640 
0 213 425 640 
0 215 423 640 
0 216 422 640 
0 219 420 640 
0 220 418 640 
0 222 417 640 
0 224 415 640 
0 226 412 640 
0 228 410 640 
0 230 408 640 
0 232 406 640 
0 234 403 640 
0 237 401 640 
0 240 398 640 
0 243 395 640 
0 246 394 640 
0 249 388 640 
0 252 385 640 
0 256 382 640 
0 260 378 640 
0 264 374 640 
0 270 369 640 
0 276 362 640 
0 282 357 640 
0 290 349 640 
0 302 339 640 
0 640 
0 640 
0 640 
0 640 
0 640 
0 640 
0 640 
0 640 
0 640 
0 640 
0 640 
0 640 
0 640 
0 640 
0 640 
0 640 
0 640 
0 640 
0 640 
0 640 
0 640 
0 640 
0 640 
0 640 
0 640 
0 640 
0 640 
0 640 
0 640 
0 640 
0 640 
0 640 
0 640 
0 640 
0 640 
0 640 
0 640 
0 640 
0 640 
0 640 
0 640 
0 640 
0 640 
0 640 
0 640 
0 640 
0 640 
0 640 
0 640 
0 640 
0 640 
0 640 
0 640 
0 640 
0 640 
0 640 
0 640 
0 640 
0 640 
0 640 
0 640 
0 640 
0 640 
0 640 
0 640 
0 640 
0 640 
0 640 
0 640 
0 640 
0 640 
0 640 
0 640 
0 640 
0 640 
