0 640 
0 640 
0 640 
0 640 
0 640 
0 640 
0 640 
0 640 
0 640 
0 640 
0 640 
0 640 
0 640 
0 640 
0 640 
0 640 
0 640 
0 640 
0 640 
0 640 
0 640 
0 640 
0 640 
0 640 
0 640 
0 640 
0 640 
0 640 
0 640 
0 640 
0 640 
0 640 
0 640 
0 337 340 343 347 640 
0 292 305 329 354 640 
0 287 311 322 359 640 
0 284 362 640 
0 280 365 640 
0 277 368 640 
0 275 370 640 
0 272 372 640 
0 271 373 640 
0 269 375 640 
0 268 376 640 
0 266 377 640 
0 265 379 640 
0 264 380 640 
0 262 381 640 
0 261 382 640 
0 261 382 640 
0 260 383 640 
0 259 384 640 
0 258 385 640 
0 258 386 640 
0 257 386 640 
0 257 387 640 
0 256 388 640 
0 255 388 640 
0 255 389 640 
0 254 390 640 
0 254 390 640 
0 254 391 640 
0 253 391 401 410 640 
0 253 391 399 412 640 
0 253 392 398 414 640 
0 252 392 397 416 640 
0 252 392 396 418 640 
0 252 393 396 420 640 
0 251 393 395 421 640 
0 251 394 395 422 640 
0 251 423 640 
0 250 424 640 
0 250 426 640 
0 250 427 640 
0 250 428 640 
0 250 429 640 
0 249 430 640 
0 249 430 640 
0 249 432 640 
0 249 432 640 
0 249 433 640 
0 249 434 640 
0 248 435 640 
0 248 435 640 
0 248 436 640 
0 248 436 640 
0 248 437 640 
0 248 437 640 
0 248 438 640 
0 248 438 640 
0 248 438 640 
0 248 439 640 
0 248 439 640 
0 248 439 640 
0 248 440 640 
0 248 440 640 
0 248 440 640 
0 249 440 640 
0 249 440 640 
0 249 441 640 
0 250 441 640 
0 250 441 640 
0 251 441 640 
0 251 441 640 
0 251 441 640 
0 251 441 640 
0 251 442 640 
0 251 442 640 
0 252 442 640 
0 251 442 640 
0 251 442 640 
0 251 443 640 
0 250 443 640 
0 250 444 640 
0 249 444 640 
0 248 445 640 
0 248 445 640 
0 247 445 640 
0 247 445 640 
0 246 445 640 
0 245 444 640 
0 244 443 640 
0 244 441 640 
0 243 439 640 
0 242 439 640 
0 241 438 640 
0 240 398 399 438 640 
0 239 397 400 438 640 
0 238 397 401 437 640 
0 237 396 401 437 640 
0 236 396 401 436 640 
0 235 395 401 436 640 
0 233 395 402 435 640 
0 232 395 402 435 640 
0 230 394 402 434 640 
0 229 394 402 434 640 
0 228 393 402 434 640 
0 227 393 402 435 640 
0 226 392 402 435 640 
0 227 392 402 436 640 
0 228 391 402 436 640 
0 229 391 402 436 640 
0 230 391 402 437 640 
0 231 234 237 251 255 390 402 437 640 
0 238 250 256 390 402 437 640 
0 240 250 257 389 402 438 640 
0 242 250 257 389 402 438 640 
0 244 249 257 389 402 438 640 
0 257 390 402 438 640 
0 256 390 402 439 640 
0 256 390 402 439 640 
0 255 390 402 439 640 
0 255 390 402 440 640 
0 254 391 402 440 640 
0 254 392 402 440 640 
0 253 394 402 440 640 
0 252 395 402 441 640 
0 251 396 402 441 640 
0 250 399 402 441 640 
0 250 392 394 399 401 441 640 
0 249 391 401 441 640 
0 248 254 256 391 401 442 640 
0 248 251 257 392 401 442 640 
0 246 249 257 392 401 442 640 
0 246 248 257 393 401 442 640 
0 257 261 263 381 383 389 390 393 401 442 640 
0 257 260 263 381 383 389 401 442 640 
0 256 260 264 380 384 389 401 443 640 
0 256 259 264 380 385 389 401 443 640 
0 256 259 264 380 385 389 401 443 640 
0 256 258 265 375 377 379 386 390 401 443 640 
0 256 257 265 375 377 379 387 390 401 443 640 
0 266 268 270 374 388 390 401 444 640 
0 266 268 270 374 389 390 401 444 640 
0 267 268 270 374 401 444 640 
0 271 373 401 444 640 
0 271 373 402 404 405 445 640 
0 272 373 402 403 405 445 640 
0 272 372 402 403 405 445 640 
0 272 372 402 404 406 445 640 
0 272 355 357 372 402 404 406 446 640 
0 273 355 357 371 402 404 406 446 640 
0 273 354 357 371 402 404 406 446 640 
0 273 280 281 290 291 354 357 371 402 405 406 446 640 
0 273 280 282 290 292 353 357 370 402 405 406 444 445 446 640 
0 273 280 282 290 293 352 357 370 402 444 640 
0 274 280 282 290 294 352 357 370 403 444 640 
0 274 280 282 289 294 352 357 370 403 444 640 
0 274 280 282 289 294 351 357 361 362 370 403 444 640 
0 274 280 282 289 294 348 357 361 362 370 403 444 640 
0 274 279 282 289 294 296 298 347 357 365 367 370 404 444 640 
0 274 279 282 289 294 295 299 346 357 365 368 370 404 444 640 
0 274 279 283 288 301 345 357 360 361 365 368 370 404 444 640 
0 275 279 283 288 301 344 357 360 361 365 368 370 404 444 640 
0 275 278 283 289 301 343 357 360 361 364 368 370 405 410 411 444 640 
0 275 278 283 288 300 343 357 360 361 364 369 370 405 410 411 443 640 
0 275 278 283 285 286 288 301 343 357 359 361 364 406 443 640 
0 275 278 283 284 286 288 301 343 357 359 362 363 406 443 640 
0 275 278 283 284 286 288 301 343 357 359 362 363 406 443 640 
0 275 277 282 284 287 288 302 342 357 359 361 363 407 442 640 
0 275 277 283 284 286 288 302 342 357 359 361 363 407 434 435 442 640 
0 275 277 286 288 302 342 357 358 361 362 408 434 435 442 640 
0 275 277 286 288 302 341 357 358 361 362 408 434 435 442 640 
0 275 277 286 287 303 341 357 358 361 362 409 434 435 442 640 
0 65 70 275 276 286 287 303 341 409 434 435 441 640 
0 64 72 302 342 409 434 435 441 640 
0 62 74 301 342 409 433 435 441 640 
0 61 76 300 344 409 433 435 440 640 
0 60 78 299 345 410 433 435 440 640 
0 59 80 297 346 410 433 435 439 640 
0 58 82 295 348 410 433 436 439 640 
0 57 84 293 349 410 433 436 439 640 
0 56 86 291 351 411 434 436 438 640 
0 55 88 288 354 411 434 436 438 640 
0 54 91 285 356 411 415 416 434 436 437 640 
0 53 93 283 358 411 415 417 434 436 437 640 
0 52 95 281 360 411 415 417 434 435 437 640 
0 51 97 279 361 412 415 417 434 435 437 573 576 640 
0 50 100 277 363 412 415 417 434 435 436 570 578 640 
0 49 102 275 365 412 414 417 434 568 580 640 
0 48 67 72 104 274 366 412 414 418 435 566 581 640 
0 46 66 74 106 273 368 412 413 418 421 422 431 433 435 564 582 640 
0 45 65 75 108 271 369 418 421 423 431 433 434 562 583 640 
0 44 64 77 110 270 370 418 421 423 431 559 584 640 
0 43 63 79 113 269 372 418 421 423 430 557 585 640 
0 42 62 80 115 268 373 418 421 425 430 554 586 640 
0 41 61 82 116 267 374 419 421 425 430 552 587 640 
0 40 60 85 118 266 375 419 420 425 430 549 587 640 
0 39 59 86 120 266 375 419 420 426 427 429 430 547 588 640 
0 38 58 88 122 265 376 544 589 640 
0 36 57 90 124 264 377 541 590 640 
0 35 57 93 126 264 378 539 591 640 
0 34 56 95 127 263 378 537 571 573 592 640 
0 33 55 98 129 262 379 534 569 575 593 640 
0 32 54 97 131 261 380 532 567 576 594 640 
0 30 54 97 133 261 380 529 565 577 595 640 
0 29 56 96 134 260 381 527 564 578 596 640 
0 28 57 96 109 113 136 259 382 525 562 578 597 640 
0 26 57 96 110 115 138 259 383 523 560 579 597 640 
0 25 58 97 111 117 139 258 383 520 557 580 599 640 
0 23 58 97 113 120 141 257 384 518 555 581 600 640 
0 22 58 97 114 122 143 256 385 517 553 582 600 640 
0 21 58 96 115 125 144 255 386 515 550 582 602 640 
0 19 58 95 115 126 146 255 387 513 547 583 603 640 
0 18 60 94 116 128 148 254 387 511 545 584 604 640 
0 16 44 47 63 94 117 130 150 253 388 509 545 584 605 640 
0 15 43 47 64 93 118 131 152 252 389 507 545 585 606 640 
0 13 42 47 65 93 118 133 154 251 390 505 545 586 607 640 
0 12 41 46 66 93 119 134 156 251 391 503 527 532 546 586 608 640 
0 10 39 45 66 93 120 136 159 218 225 250 391 501 525 532 545 586 610 640 
0 8 38 45 67 93 120 137 161 214 228 249 392 499 522 530 545 584 611 640 
0 7 37 44 68 93 121 139 164 211 230 249 393 497 520 529 544 583 611 640 
0 5 36 44 69 92 122 140 167 207 234 248 394 495 517 528 545 583 612 640 
0 4 34 44 70 92 122 141 171 201 238 247 395 493 515 527 545 582 614 640 
0 2 33 44 70 92 123 143 178 193 242 246 395 419 423 491 514 526 546 582 615 640 
32 43 71 92 124 144 396 415 426 489 512 525 547 582 617 640 
30 43 72 92 124 145 397 412 428 487 510 525 547 582 618 640 
29 43 72 92 124 147 398 407 431 485 508 524 548 580 619 640 
28 43 73 92 124 148 399 401 435 482 506 523 548 577 594 595 620 640 
26 43 74 92 124 148 440 478 505 523 548 576 592 596 622 640 
25 43 75 92 124 148 445 474 503 522 548 575 592 597 623 640 
24 43 75 91 124 148 450 470 502 521 548 574 592 598 624 640 
22 43 76 91 124 148 500 520 548 573 593 599 626 640 
20 42 76 91 124 149 175 195 499 520 548 572 594 600 627 640 
18 42 76 91 124 149 167 198 497 519 549 571 595 601 628 640 
17 42 76 91 124 149 163 199 212 226 496 518 549 570 595 603 630 640 
15 42 76 92 124 148 164 200 211 235 494 518 549 570 595 603 631 640 
13 42 76 92 124 147 166 200 211 237 493 517 549 569 595 605 633 640 
11 42 76 93 124 146 166 200 211 237 493 517 550 568 596 606 634 640 
10 42 76 93 124 145 167 199 213 237 493 517 550 567 596 607 635 640 
11 42 76 94 124 145 167 198 214 237 417 425 493 517 550 566 596 608 637 640 
11 42 76 94 124 144 168 197 215 237 406 429 443 468 493 517 550 565 596 609 638 640 
11 43 76 95 125 144 169 196 216 237 406 430 442 474 492 517 550 565 596 610 
11 43 76 95 125 144 169 196 217 237 407 430 441 478 492 517 550 564 596 612 
11 44 76 96 125 144 170 195 217 237 407 429 441 477 492 517 550 564 596 613 
13 44 76 96 125 144 170 195 218 237 407 428 441 476 493 517 550 563 596 614 
15 45 76 97 125 144 171 194 218 237 407 426 442 476 494 517 550 563 596 616 
16 45 76 97 125 143 171 194 218 238 407 426 443 475 495 517 549 563 596 617 
17 46 76 98 125 143 172 194 219 238 407 425 444 474 495 517 548 563 596 619 
18 46 76 98 125 143 173 193 219 239 406 424 445 473 496 517 548 563 597 620 
19 47 76 99 125 143 173 193 220 240 406 423 446 473 496 517 547 563 597 622 
20 48 76 99 125 143 174 193 220 241 405 423 446 472 496 517 547 563 597 623 
21 48 76 100 125 143 174 193 221 241 404 422 446 471 496 517 546 563 597 625 
21 49 76 100 125 142 175 192 221 241 403 422 447 470 497 517 546 563 597 627 
22 49 76 101 125 142 175 192 221 240 402 421 447 470 497 517 545 563 596 628 
23 50 76 102 125 142 175 192 222 239 401 421 447 469 497 517 545 563 596 628 
24 50 76 102 125 142 175 192 222 238 402 420 447 468 497 517 544 563 595 628 
24 51 76 102 125 142 175 191 223 237 403 420 448 468 497 517 543 563 594 627 
25 51 76 103 125 142 175 191 223 235 403 419 448 467 497 517 543 562 594 628 
26 52 76 103 125 142 175 190 223 234 403 419 448 466 497 517 542 562 593 627 
27 53 76 104 125 142 175 190 223 234 404 418 448 466 498 517 542 562 592 625 
27 53 76 104 125 143 175 190 223 233 405 418 449 466 498 517 541 562 592 622 
28 54 76 105 125 143 175 190 223 234 406 417 449 466 498 517 540 562 591 620 638 640 
28 54 76 105 125 143 175 190 223 235 407 417 449 466 498 517 540 562 591 619 637 640 
28 55 76 106 125 144 174 191 222 236 408 417 450 466 498 517 539 562 590 618 637 640 
28 55 76 107 125 144 174 191 222 237 407 417 450 466 498 517 539 562 589 617 638 640 
28 56 77 107 125 145 174 191 222 238 407 417 450 466 498 517 538 562 589 616 639 640 
28 56 77 108 125 145 174 192 222 240 406 417 450 466 498 517 538 562 588 615 
28 57 77 108 125 145 174 192 222 241 405 417 449 466 498 516 537 562 587 614 
28 57 77 109 125 146 174 192 222 241 404 417 449 466 498 516 537 562 587 613 
28 58 77 109 125 146 174 193 221 242 401 418 449 466 498 516 536 562 586 612 
28 58 77 110 125 147 174 193 221 242 399 418 448 466 497 516 535 562 585 611 
28 59 77 110 125 147 174 193 221 242 399 418 448 466 497 516 535 562 585 611 
28 59 77 111 125 148 174 193 221 241 399 418 447 466 496 516 534 562 584 610 
28 60 77 111 125 148 174 194 221 241 399 418 447 466 495 516 534 561 584 609 
28 60 77 112 125 149 174 194 221 241 399 418 447 466 495 516 533 561 583 608 
28 61 77 112 125 149 174 194 221 240 399 418 446 466 495 516 533 561 582 608 
28 62 77 113 125 149 173 194 220 240 400 418 446 466 494 516 532 561 582 608 
28 62 77 113 125 150 173 195 220 239 400 418 446 466 493 516 532 561 581 607 
28 63 77 114 125 150 173 195 220 239 400 419 445 466 493 516 531 561 580 607 
28 63 77 114 125 151 174 195 220 239 401 419 445 466 492 516 530 561 580 607 
28 64 77 115 125 151 174 196 220 238 401 419 444 466 492 516 530 561 579 607 
28 64 77 115 125 152 174 196 219 238 401 419 444 466 491 516 529 561 578 607 
28 65 77 116 125 152 174 196 219 238 401 419 444 466 491 516 529 561 578 607 
0 1 28 65 77 116 125 153 173 197 219 238 402 419 443 466 490 516 528 561 577 607 
0 2 28 66 77 117 125 153 173 197 219 237 402 419 443 466 490 516 528 560 577 606 
0 2 28 67 77 117 125 153 173 197 219 237 402 420 442 466 489 516 527 560 576 606 
0 3 28 67 77 118 125 154 173 197 218 237 402 420 442 466 489 516 526 560 575 606 
0 3 28 68 77 119 125 154 173 198 218 237 402 420 442 466 488 516 526 560 575 606 
0 3 28 68 77 119 125 155 173 198 218 236 403 420 441 466 488 516 525 560 574 606 
0 4 29 69 77 119 125 155 173 198 218 236 403 420 441 466 487 516 525 560 573 606 638 640 
0 5 29 69 77 120 125 156 173 198 218 236 403 420 440 466 486 516 524 560 573 605 638 640 
0 5 29 70 77 121 125 156 173 199 218 235 403 420 440 466 486 516 524 560 572 605 637 640 
0 6 29 70 77 122 125 157 173 199 218 235 403 420 440 466 486 516 523 560 571 605 637 640 
0 6 29 71 77 123 124 157 173 199 217 235 403 421 439 466 485 516 522 560 571 605 636 640 
0 7 29 71 77 157 173 200 217 234 404 421 439 466 485 516 522 560 570 605 635 640 
0 8 29 72 77 158 173 200 217 234 404 421 438 466 484 516 521 560 570 605 634 640 
0 8 29 73 77 158 173 200 217 234 404 421 438 466 483 516 521 560 569 605 634 640 
0 8 29 74 77 159 173 200 217 234 404 421 438 466 483 516 520 560 569 605 633 640 
0 9 29 75 76 159 173 201 216 234 404 422 437 466 482 516 519 560 568 604 632 640 
0 10 29 159 173 201 216 233 405 422 437 466 482 517 518 559 567 604 631 640 
0 10 29 160 173 201 216 233 405 422 436 466 481 559 566 604 631 640 
0 11 29 160 173 202 216 233 405 422 436 466 481 559 566 604 630 640 
0 11 29 161 173 202 216 233 405 422 436 466 480 559 565 604 629 640 
0 12 29 161 173 202 216 233 405 422 435 466 480 559 565 604 628 640 
0 12 29 162 172 203 216 233 405 422 435 466 479 560 564 604 627 640 
0 13 29 162 172 203 215 233 405 422 434 466 479 560 563 604 627 640 
0 13 29 163 172 203 215 233 264 265 405 422 434 466 478 560 562 603 626 640 
0 14 29 163 172 203 215 232 263 265 405 423 434 466 477 603 625 640 
0 15 29 164 172 204 215 232 263 265 405 423 433 466 477 603 624 640 
0 15 29 164 172 204 215 232 262 264 405 423 433 466 476 603 624 640 
0 16 29 164 172 204 215 232 262 264 405 423 433 466 476 603 623 640 
0 17 29 165 172 204 214 232 262 265 375 376 405 423 432 466 475 603 622 640 
0 17 29 165 172 205 214 232 261 265 375 377 405 423 432 466 475 603 622 640 
0 17 29 166 172 205 214 231 261 265 374 377 405 423 431 466 474 602 621 640 
0 18 29 166 172 205 214 230 260 265 374 377 405 424 431 466 474 602 620 640 
0 19 29 167 172 206 213 228 260 265 374 378 406 424 431 466 473 602 619 640 
0 19 29 167 172 206 213 227 260 265 374 378 409 424 430 466 473 602 618 640 
0 19 29 168 172 206 213 225 259 265 374 378 411 424 430 466 472 602 618 640 
0 20 29 168 172 206 213 224 259 265 373 378 412 424 429 466 472 602 617 640 
0 21 29 169 171 207 213 222 258 265 373 379 414 424 429 467 471 601 616 640 
0 21 29 170 171 207 213 221 258 265 373 379 416 424 428 467 471 601 616 640 
0 22 29 207 212 219 257 265 373 379 417 425 428 467 470 601 615 640 
0 22 29 208 212 218 257 265 373 380 419 425 427 467 469 601 614 640 
0 23 29 208 212 216 257 265 373 380 421 601 613 640 
0 23 29 209 212 215 256 265 373 380 422 601 613 640 
0 24 29 209 211 214 256 265 373 381 424 601 612 640 
0 25 29 210 211 213 255 265 373 381 425 600 611 640 
0 26 29 210 255 265 373 382 426 600 610 640 
0 26 28 210 254 265 373 382 428 600 610 640 
0 208 254 265 373 383 429 600 609 640 
0 207 253 265 373 383 431 600 608 640 
0 206 252 265 373 383 432 600 607 640 
0 205 252 265 373 384 434 600 607 640 
0 204 251 265 373 384 435 600 606 640 
0 202 250 265 373 385 437 600 605 640 
0 201 250 265 373 386 438 600 604 640 
0 200 249 265 373 387 439 599 603 640 
0 199 248 265 373 387 441 600 602 640 
0 198 247 265 373 388 442 640 
0 196 246 265 374 389 444 640 
0 195 245 265 374 390 445 640 
0 194 244 265 374 391 447 640 
0 192 243 265 374 393 448 640 
0 191 241 265 374 394 449 640 
0 190 240 264 375 396 451 640 
0 189 239 264 375 397 452 640 
0 188 237 264 375 399 454 640 
0 186 236 264 375 400 455 640 
0 185 235 264 375 402 456 640 
0 184 233 264 376 403 458 640 
0 182 232 264 376 405 459 640 
0 181 230 264 376 407 461 640 
0 180 229 263 376 409 462 640 
0 179 227 263 376 410 464 640 
0 178 226 263 376 412 465 640 
0 177 225 263 376 414 467 640 
0 175 223 264 376 416 469 474 490 640 
0 174 222 265 374 418 494 640 
0 173 220 265 374 419 498 640 
0 172 218 264 374 421 502 640 
0 170 217 264 374 423 504 640 
0 169 215 264 374 425 507 640 
0 130 152 168 214 264 375 426 508 640 
0 126 155 167 212 264 375 428 510 640 
0 124 157 166 211 264 376 430 511 640 
0 123 159 165 209 264 376 432 511 640 
0 122 208 263 377 434 512 640 
0 120 206 263 377 435 512 640 
0 120 205 262 378 437 513 640 
0 119 203 262 378 439 500 503 512 640 
0 120 201 261 379 441 500 505 511 640 
0 121 129 132 200 261 379 443 500 508 510 640 
0 123 126 133 198 260 380 444 500 640 
0 133 197 260 380 446 500 640 
0 133 196 259 381 448 500 640 
0 133 194 259 381 450 501 640 
0 132 192 258 381 452 501 640 
0 132 191 258 381 454 502 640 
0 131 189 258 382 456 504 640 
0 130 188 257 382 459 505 640 
0 128 186 257 383 461 507 640 
0 126 184 256 384 464 509 640 
0 122 183 256 384 467 511 640 
0 120 181 255 385 470 513 640 
0 116 180 255 385 472 514 640 
0 114 178 254 386 475 516 640 
0 110 176 254 386 477 518 640 
0 75 79 106 174 254 386 479 520 640 
0 74 84 101 172 253 387 480 522 640 
0 74 90 94 170 253 387 482 524 640 
0 74 166 252 388 483 527 640 
0 75 163 252 388 485 530 640 
0 76 160 252 389 486 534 640 
0 78 157 251 389 487 539 640 
0 80 154 251 389 489 544 640 
0 81 152 250 390 490 554 640 
0 83 149 250 390 492 556 640 
0 85 147 250 390 494 555 640 
0 86 145 249 391 496 555 640 
0 89 143 249 391 497 554 640 
0 92 141 248 392 499 553 640 
0 95 138 248 392 501 552 640 
0 97 136 248 392 503 552 640 
0 99 134 248 392 506 550 640 
0 102 130 247 393 509 549 640 
0 106 127 247 393 514 546 640 
0 115 124 247 393 517 542 640 
0 246 394 521 531 640 
0 246 394 640 
0 245 395 640 
0 245 395 640 
0 245 395 640 
0 245 395 640 
0 244 396 640 
0 244 396 640 
0 244 396 640 
0 244 396 640 
0 243 397 640 
0 243 397 640 
0 243 397 640 
0 243 397 640 
0 242 398 640 
0 242 398 640 
0 242 398 640 
0 242 398 640 
0 241 399 640 
0 241 399 640 
0 241 399 640 
0 240 400 640 
0 240 400 640 
0 240 400 640 
0 240 400 640 
0 239 401 640 
0 239 401 640 
0 239 401 640 
0 239 401 640 
0 238 402 640 
0 238 402 640 
0 238 402 640 
0 238 402 640 
0 237 403 640 
0 237 403 640 
0 237 403 640 
0 236 404 640 
0 236 404 640 
0 235 405 640 
0 235 405 640 
0 235 405 640 
0 235 405 640 
