





























































































































































































































































































































































































































336 346 
347 349 


334 335 
355 357 
358 359 
359 361 
343 352 360 361 
335 336 342 356 360 361 
342 357 360 361 365 366 
341 359 367 368 
340 363 367 368 
340 364 368 369 
340 366 
341 368 
341 370 373 374 
341 371 372 373 
342 373 
344 375 
345 376 
345 377 
349 379 382 383 
349 380 
348 381 
348 383 
349 384 
350 386 
308 311 312 322 350 387 
352 389 
300 302 335 336 353 390 391 393 
298 299 338 339 355 391 
297 299 339 341 356 393 
297 298 340 342 357 395 
355 356 357 396 
304 305 320 330 349 350 356 397 
306 308 309 312 313 335 347 348 352 354 357 398 
301 303 308 341 353 354 358 400 
301 304 306 343 355 356 358 401 402 403 
304 346 348 349 355 356 358 402 
304 350 359 403 
304 352 360 404 405 406 
304 305 309 355 360 406 
314 358 361 408 
316 317 318 360 362 409 
309 310 319 409 410 411 
307 310 317 410 411 412 
308 310 314 410 411 413 
312 412 
312 414 
312 415 
315 415 418 419 
311 312 319 419 
311 312 324 418 419 420 
312 313 326 418 421 422 
313 315 324 419 
317 319 322 421 423 425 
319 423 424 426 
319 426 
320 425 426 428 
320 426 427 429 
320 321 325 428 429 430 
329 429 
322 327 328 430 432 433 
321 432 
321 432 
