0 115 164 421 553 640 
0 115 164 421 553 640 
0 115 164 421 553 640 
0 115 164 421 554 640 
0 115 165 421 554 640 
0 116 165 421 554 640 
0 116 165 421 554 640 
0 116 165 421 555 640 
0 117 165 421 555 640 
0 117 165 421 555 640 
0 117 166 421 556 640 
0 117 166 421 556 640 
0 118 167 421 556 640 
0 118 167 421 556 640 
0 119 167 421 556 640 
0 119 167 421 556 640 
0 119 168 422 556 640 
0 119 168 422 556 640 
0 119 168 422 556 640 
0 119 169 422 556 640 
0 119 169 422 556 640 
0 119 170 250 255 422 556 640 
0 119 170 248 256 423 556 640 
0 119 170 248 256 423 556 640 
0 119 170 248 256 423 556 640 
0 119 171 248 256 423 556 640 
0 119 172 248 256 423 556 640 
0 119 174 247 256 423 556 640 
0 119 174 246 256 423 556 640 
0 119 175 246 256 423 556 640 
0 119 176 245 256 423 555 640 
0 119 176 245 256 423 555 640 
0 118 178 244 255 423 555 640 
0 118 180 183 184 243 255 423 555 640 
0 118 188 242 255 424 555 640 
0 118 190 242 255 424 555 640 
0 118 191 242 254 423 555 640 
0 118 191 240 254 423 555 640 
0 118 192 227 254 423 555 640 
0 118 193 200 201 210 253 423 554 640 
0 118 253 422 554 640 
0 118 253 422 554 640 
0 118 253 422 554 640 
0 118 253 422 554 640 
0 118 253 421 554 640 
0 118 253 421 554 640 
0 118 253 421 554 640 
0 117 253 421 554 640 
0 117 253 420 554 640 
0 117 253 420 554 640 
0 116 253 420 554 640 
0 115 252 420 554 640 
0 115 251 419 554 640 
0 115 251 419 554 640 
0 114 250 418 554 640 
0 114 250 418 555 640 
0 114 250 418 556 640 
0 113 250 418 556 564 565 640 
0 113 250 289 296 417 559 560 568 640 
0 112 250 286 297 416 569 640 
0 112 250 285 297 416 570 640 
0 111 250 284 297 416 570 640 
0 111 249 283 297 374 378 415 571 640 
0 111 249 283 297 373 379 414 572 640 
0 111 249 282 298 371 381 413 573 640 
0 110 249 282 296 370 383 412 574 640 
0 110 248 282 295 363 365 367 385 411 575 640 
0 110 248 282 294 363 386 410 576 640 
0 110 247 282 293 363 386 407 578 640 
0 110 246 281 292 363 387 405 579 640 
0 109 246 281 290 363 389 403 580 640 
0 109 246 281 290 363 389 399 400 402 580 640 
0 109 245 280 290 363 391 396 581 640 
0 108 245 280 290 366 391 392 581 640 
0 107 245 280 289 366 581 640 
0 107 245 280 288 366 581 640 
0 106 245 279 288 366 582 640 
0 106 245 279 288 366 583 640 
0 105 245 279 280 281 287 366 583 640 
0 104 245 279 280 283 285 366 583 585 586 640 
0 99 245 367 587 640 
0 98 245 366 587 640 
0 97 245 366 587 640 
0 97 245 285 288 289 290 366 588 640 
0 97 245 285 290 366 588 640 
0 96 245 283 291 365 588 640 
0 96 245 282 291 365 589 640 
0 96 245 281 291 365 589 640 
0 96 245 281 292 365 589 640 
0 96 245 280 292 365 589 640 
0 97 246 280 292 365 589 640 
0 97 246 279 293 365 589 640 
0 96 247 278 294 365 589 640 
0 96 248 278 294 365 589 640 
0 96 248 277 294 365 589 640 
0 96 248 277 294 365 589 640 
0 95 249 276 294 365 588 640 
0 95 249 276 294 365 588 640 
0 95 249 275 294 365 588 640 
0 95 249 275 293 365 587 640 
0 95 250 274 292 365 587 640 
0 94 250 274 292 366 587 640 
0 93 250 274 292 366 587 640 
0 93 250 274 291 367 587 640 
0 91 250 274 290 367 587 640 
0 90 250 274 290 368 587 640 
0 90 250 274 290 369 587 640 
0 89 251 274 290 369 587 640 
0 88 251 274 289 370 587 640 
0 87 252 273 289 370 587 640 
0 87 253 273 289 370 587 640 
0 81 82 86 253 272 289 370 587 640 
0 80 253 272 289 370 587 640 
0 80 254 271 288 370 587 640 
0 80 255 271 288 370 587 640 
0 79 257 269 288 370 587 640 
0 78 259 267 288 370 587 640 
0 77 261 265 288 368 587 640 
0 77 288 368 587 640 
0 76 288 368 587 640 
0 74 289 367 587 640 
0 70 288 367 587 640 
0 69 288 367 587 640 
0 68 288 367 587 640 
0 68 288 366 586 640 
0 68 288 366 586 640 
0 67 288 366 586 640 
0 55 56 66 288 365 586 640 
0 53 61 65 288 365 586 640 
0 51 288 364 586 640 
0 50 288 364 586 640 
0 49 288 364 586 640 
0 49 287 364 587 640 
0 47 287 364 587 640 
0 46 287 364 587 640 
0 44 287 364 587 640 
0 45 286 364 587 640 
0 45 286 364 587 640 
0 45 46 47 286 365 587 640 
0 45 46 47 287 365 588 640 
0 45 46 47 287 366 588 640 
0 45 46 47 287 366 588 640 
0 45 46 47 287 367 588 640 
0 45 287 367 588 640 
0 47 287 368 587 640 
0 49 287 368 587 640 
0 55 287 369 587 640 
0 57 287 370 587 640 
0 57 287 370 587 640 
0 57 287 370 586 640 
0 58 288 371 586 640 
0 58 288 371 586 640 
0 57 289 371 586 640 
0 57 291 372 586 640 
0 58 292 372 562 564 585 640 
0 58 294 372 559 566 585 640 
0 59 296 372 557 566 584 640 
0 59 296 373 556 567 583 640 
0 59 297 373 554 567 583 640 
0 59 297 373 552 568 583 640 
0 59 298 373 548 568 581 640 
0 59 298 373 547 569 580 640 
0 59 298 374 546 569 580 640 
0 59 298 374 544 570 580 640 
0 58 298 374 542 570 579 640 
0 58 299 374 541 570 578 640 
0 56 299 374 540 570 578 640 
0 55 299 374 539 570 577 640 
0 54 299 374 539 569 576 640 
0 54 299 374 538 569 576 640 
0 54 299 372 537 569 575 640 
0 53 299 370 536 569 575 640 
0 53 299 368 535 569 573 640 
0 53 299 364 534 571 572 640 
0 53 299 362 534 640 
0 53 299 360 534 640 
0 52 298 358 534 640 
0 52 298 356 534 640 
0 52 298 354 534 640 
0 52 298 353 534 640 
0 53 298 352 534 640 
0 53 297 349 534 640 
0 54 297 348 534 640 
0 54 298 347 534 640 
0 55 299 344 534 640 
0 56 301 309 310 343 534 640 
0 56 302 304 312 342 534 640 
0 56 324 325 326 340 534 640 
0 58 328 338 534 640 
0 59 330 336 534 640 
0 61 331 334 534 640 
0 63 534 640 
0 64 535 640 
0 66 535 640 
0 67 535 640 
0 67 535 640 
0 69 536 640 
0 70 537 640 
0 70 537 640 
0 70 538 640 
0 71 538 640 
0 71 539 640 
0 71 540 640 
0 72 541 640 
0 72 549 640 
0 72 552 640 
0 73 553 640 
0 73 554 640 
0 73 554 640 
0 73 554 640 
0 74 554 640 
0 74 554 640 
0 75 554 640 
0 75 554 640 
0 75 554 640 
0 75 554 640 
0 76 554 640 
0 76 553 640 
0 76 553 640 
0 76 553 640 
0 76 552 640 
0 77 553 640 
0 77 553 640 
0 77 553 640 
0 77 553 640 
0 77 554 640 
0 77 556 640 
0 77 557 640 
0 78 558 640 
0 78 558 640 
0 79 559 640 
0 80 559 640 
0 80 560 640 
0 80 560 640 
0 80 560 640 
0 80 560 640 
0 81 560 640 
0 81 560 640 
0 81 559 640 
0 81 559 640 
0 82 557 640 
0 82 557 640 
0 82 557 640 
0 82 556 640 
0 82 555 640 
0 82 555 640 
0 82 393 395 553 640 
0 82 393 396 552 640 
0 82 394 397 552 640 
0 81 394 397 551 640 
0 81 395 398 550 640 
0 81 395 398 549 640 
0 81 395 398 547 640 
0 81 396 399 545 640 
0 81 396 400 544 640 
0 81 397 400 542 640 
0 83 397 401 541 640 
0 84 397 402 538 640 
0 85 397 402 536 640 
0 85 397 404 535 640 
0 86 397 404 533 640 
0 86 397 404 532 640 
0 86 398 404 531 640 
0 86 398 404 530 640 
0 87 398 405 529 640 
0 86 398 405 527 640 
0 88 398 405 526 640 
0 87 398 405 524 640 
0 86 398 405 522 640 
0 86 399 405 521 640 
0 85 399 404 519 640 
0 85 399 404 516 640 
0 84 400 402 514 640 
0 83 400 401 512 640 
0 83 399 400 511 640 
0 82 399 400 510 640 
0 82 399 400 509 640 
0 82 399 401 508 640 
0 82 398 401 507 521 526 640 
0 82 233 235 398 401 506 514 531 640 
0 82 233 235 398 402 505 509 541 640 
0 82 233 235 398 403 543 640 
0 82 233 235 398 404 544 640 
0 83 233 236 398 404 545 640 
0 83 233 236 397 405 546 640 
0 84 232 236 397 405 547 640 
0 85 231 236 397 405 547 640 
0 87 230 236 397 405 548 640 
0 89 230 236 396 406 548 640 
0 90 230 237 396 406 548 640 
0 93 229 237 396 406 548 640 
0 95 227 237 396 406 548 640 
0 97 227 238 396 406 548 640 
0 98 226 238 396 407 548 640 
0 99 225 238 396 407 547 640 
0 99 224 239 396 407 547 640 
0 99 218 239 396 408 546 640 
0 100 215 239 396 409 545 640 
0 100 213 239 396 410 543 640 
0 100 212 239 397 410 541 640 
0 101 194 198 199 202 208 239 397 410 538 640 
0 101 194 238 397 411 535 640 
0 101 194 238 397 411 533 640 
0 102 194 238 397 412 532 640 
0 102 194 238 398 413 531 640 
0 103 194 238 398 413 531 640 
0 103 194 238 398 414 530 640 
0 103 194 237 398 415 530 640 
0 104 193 237 398 417 529 640 
0 104 193 237 398 417 529 640 
0 105 193 237 399 418 528 640 
0 105 193 237 399 417 527 640 
0 105 193 237 399 418 527 640 
0 106 192 237 399 418 526 640 
0 106 192 237 399 418 525 640 
0 107 193 237 399 418 525 640 
0 107 193 236 399 418 524 640 
0 108 194 236 399 419 523 640 
0 109 195 236 399 419 522 640 
0 109 196 236 400 420 522 640 
0 110 197 236 400 421 521 640 
0 110 198 235 400 421 520 640 
0 111 199 235 400 420 520 640 
0 112 199 235 400 420 519 640 
0 113 200 235 400 420 518 640 
0 114 201 235 400 419 517 640 
0 115 201 235 400 419 517 640 
0 117 202 235 400 419 516 640 
0 118 203 235 401 418 515 640 
0 119 204 235 401 418 514 640 
0 121 205 234 401 418 513 640 
0 123 205 234 401 418 511 640 
0 125 206 234 401 417 510 640 
0 127 206 234 401 417 509 640 
0 128 207 234 401 417 507 640 
0 131 208 234 401 416 506 640 
0 133 208 234 401 416 504 640 
0 135 209 234 401 416 501 640 
0 137 209 234 402 415 499 640 
0 139 209 233 402 415 496 640 
0 140 210 233 402 415 492 640 
0 141 210 233 402 414 489 640 
0 141 210 233 402 414 485 640 
0 140 211 233 402 414 483 640 
0 139 211 233 402 413 483 640 
0 139 211 233 402 413 484 640 
0 138 212 233 402 413 485 640 
0 138 212 233 402 413 486 640 
0 137 212 233 402 412 486 640 
0 137 212 233 402 412 487 640 
0 137 212 233 402 412 488 640 
0 136 212 233 402 412 488 640 
0 135 212 233 403 412 489 640 
0 135 213 232 403 412 489 640 
0 136 213 232 403 412 490 640 
0 136 213 232 403 412 490 640 
0 135 213 232 403 411 490 640 
0 135 213 232 403 411 490 640 
0 134 213 232 403 411 491 640 
0 133 213 232 403 411 491 640 
0 133 213 232 403 411 491 640 
0 133 213 232 403 411 491 640 
0 133 213 232 403 411 492 640 
0 133 213 232 403 411 492 640 
0 133 213 232 403 411 492 640 
0 133 213 232 403 411 492 640 
0 133 213 231 403 411 492 640 
0 133 213 231 403 411 492 640 
0 133 214 231 403 411 491 640 
0 133 214 231 404 411 491 640 
0 133 214 231 404 411 491 640 
0 133 214 231 404 410 491 640 
0 133 214 231 404 410 491 640 
0 134 214 230 404 410 490 640 
0 134 214 230 404 410 490 640 
0 135 214 230 404 410 490 640 
0 135 214 230 405 410 490 640 
0 135 214 230 405 410 489 640 
0 136 214 230 405 410 489 640 
0 136 215 230 405 410 488 640 
0 136 215 230 405 410 488 640 
0 137 215 229 405 410 488 640 
0 137 215 224 405 410 487 640 
0 138 215 220 405 410 487 640 
0 138 405 410 486 640 
0 139 405 410 486 640 
0 139 405 410 486 640 
0 140 405 409 485 640 
0 140 405 409 485 640 
0 141 406 409 484 640 
0 142 406 408 484 640 
0 142 483 640 
0 143 483 640 
0 143 482 640 
0 144 482 640 
0 145 481 640 
0 145 481 640 
0 146 480 640 
0 146 480 640 
0 147 480 640 
0 147 479 640 
0 148 479 640 
0 149 478 640 
0 149 478 640 
0 149 478 640 
0 150 477 640 
0 150 477 640 
0 150 477 640 
0 151 476 640 
0 151 476 640 
0 152 476 640 
0 152 475 640 
0 153 475 640 
0 153 475 640 
0 153 474 640 
0 154 474 640 
0 154 474 640 
0 154 474 640 
0 155 473 640 
0 155 473 640 
0 155 473 640 
0 156 472 640 
0 156 472 640 
0 156 472 640 
0 157 472 640 
0 157 471 640 
0 157 471 640 
0 157 471 640 
0 158 471 640 
0 158 470 640 
0 158 470 640 
0 158 470 640 
0 159 470 640 
0 159 470 640 
0 159 469 640 
0 159 469 640 
0 160 469 640 
0 160 469 640 
0 160 468 640 
0 160 468 640 
0 161 468 640 
0 161 468 640 
0 161 467 640 
0 161 467 640 
0 162 467 640 
0 162 467 640 
0 162 467 640 
0 162 466 640 
0 163 466 640 
0 163 466 640 
0 163 466 640 
0 163 466 640 
0 164 466 640 
0 164 465 640 
0 164 465 640 
0 165 465 640 
0 165 465 640 
0 165 465 640 
0 165 464 640 
0 166 464 640 
0 166 464 640 
0 166 464 640 
0 167 463 640 
0 167 463 640 
0 168 463 640 
0 168 463 640 
0 169 463 640 
0 169 462 640 
0 170 462 640 
0 171 462 640 
0 172 462 640 
0 173 462 640 
0 174 462 640 
0 174 461 640 
0 175 461 640 
0 177 461 640 
0 178 218 220 460 640 
0 179 216 220 460 640 
0 181 214 220 460 640 
0 181 214 220 460 640 
