0 640 
0 640 
0 640 
0 640 
0 640 
0 640 
0 640 
0 640 
0 640 
0 640 
0 640 
0 640 
0 640 
0 640 
0 640 
0 640 
0 640 
0 640 
0 640 
0 640 
0 640 
0 640 
0 640 
0 640 
0 640 
0 640 
0 640 
0 640 
0 640 
0 640 
0 640 
0 640 
0 640 
0 640 
0 640 
0 640 
0 640 
0 640 
0 640 
0 640 
0 640 
0 640 
0 640 
0 640 
0 640 
0 640 
0 640 
0 640 
0 640 
0 640 
0 640 
0 640 
0 640 
0 640 
0 640 
0 640 
0 640 
0 640 
0 640 
0 640 
0 640 
0 640 
0 640 
0 640 
0 640 
0 640 
0 640 
0 640 
0 640 
0 640 
0 640 
0 640 
0 640 
0 640 
0 640 
0 640 
0 640 
0 640 
0 640 
0 640 
0 640 
0 640 
0 640 
0 640 
0 640 
0 640 
0 640 
0 640 
0 640 
0 640 
0 381 382 640 
0 374 375 380 382 640 
0 374 375 380 382 640 
0 374 375 380 382 386 387 640 
0 367 369 374 376 380 383 385 387 640 
0 368 369 373 376 379 383 385 388 640 
0 368 370 373 376 379 382 385 388 640 
0 368 370 373 376 379 382 384 388 640 
0 368 370 373 376 379 382 384 387 640 
0 369 371 373 376 379 382 384 387 640 
0 369 371 373 376 379 381 384 387 640 
0 369 371 373 376 379 381 383 386 640 
0 369 371 373 376 379 386 640 
0 369 377 378 386 640 
0 369 386 640 
0 369 386 640 
0 369 386 390 391 640 
0 369 385 390 391 640 
0 369 385 640 
0 369 385 640 
0 369 385 640 
0 369 385 640 
0 369 385 640 
0 369 385 392 395 640 
0 368 385 391 395 640 
0 368 385 389 394 640 
0 368 393 640 
0 368 391 640 
0 368 390 640 
0 368 390 392 393 640 
0 364 365 368 389 390 393 640 
0 364 387 389 393 640 
0 365 386 389 393 640 
0 366 385 388 392 640 
0 367 384 388 391 640 
0 367 383 388 389 640 
0 367 383 387 389 640 
0 367 382 640 
0 367 381 640 
0 366 381 382 383 640 
0 364 380 382 384 640 
0 359 360 363 379 640 
0 360 378 640 
0 361 378 640 
0 361 378 640 
0 362 378 640 
0 362 378 640 
0 362 377 640 
0 362 378 640 
0 361 379 380 381 640 
0 360 379 380 381 640 
0 360 374 378 381 640 
0 360 374 640 
0 359 373 640 
0 358 373 640 
0 358 373 640 
0 357 372 640 
0 357 372 640 
0 356 371 640 
0 356 371 640 
0 355 371 640 
0 355 370 640 
0 354 370 640 
0 354 369 372 373 640 
0 353 369 371 373 640 
0 353 369 371 372 640 
0 352 368 370 371 640 
0 352 368 370 371 640 
0 352 371 640 
0 351 371 640 
0 351 370 640 
0 351 370 640 
0 350 369 640 
0 350 368 640 
0 349 366 367 368 640 
0 349 367 640 
0 348 367 640 
0 347 364 365 366 640 
0 347 364 640 
0 346 364 640 
0 346 363 364 365 640 
0 345 362 363 365 640 
0 345 362 363 364 640 
0 344 363 640 
0 343 363 640 
0 343 362 640 
0 342 361 640 
0 341 361 640 
0 340 361 640 
0 308 310 339 360 640 
0 307 310 338 360 640 
0 305 311 337 360 640 
0 302 311 337 358 640 
0 296 310 336 358 640 
0 294 311 335 358 640 
0 294 310 330 356 640 
0 293 310 329 356 640 
0 293 310 328 356 640 
0 293 309 327 357 640 
0 293 309 327 357 640 
0 293 309 326 356 640 
0 293 308 326 355 640 
0 293 307 326 355 640 
0 292 307 325 355 640 
0 292 308 325 355 640 
0 292 316 324 355 640 
0 292 320 322 357 640 
0 292 359 640 
0 292 361 640 
0 292 363 640 
0 291 366 640 
0 291 368 640 
0 291 370 640 
0 290 372 640 
0 290 373 640 
0 289 375 640 
0 288 376 640 
0 287 377 640 
0 286 378 640 
0 286 379 640 
0 285 380 640 
0 284 380 640 
0 284 381 640 
0 284 381 640 
0 283 382 640 
0 283 383 640 
0 283 383 640 
0 283 384 640 
0 283 385 640 
0 283 385 640 
0 282 386 640 
0 282 386 640 
0 282 386 640 
0 282 386 640 
0 282 386 640 
0 282 386 640 
0 283 386 640 
0 283 386 640 
0 283 386 640 
0 283 386 640 
0 282 386 640 
0 281 386 640 
0 281 386 640 
0 280 386 640 
0 280 386 640 
0 279 386 640 
0 279 386 640 
0 278 385 640 
0 278 385 640 
0 278 385 640 
0 277 385 640 
0 277 385 640 
0 276 385 640 
0 276 384 640 
0 275 384 640 
0 275 384 640 
0 275 383 640 
0 274 383 640 
0 274 383 640 
0 274 382 640 
0 273 382 640 
0 273 382 640 
0 273 382 640 
0 273 381 640 
0 272 381 640 
0 272 381 640 
0 272 381 640 
0 271 380 640 
0 271 380 640 
0 271 380 640 
0 271 379 640 
0 271 379 640 
0 271 379 640 
0 271 378 640 
0 271 378 640 
0 271 378 640 
0 271 377 640 
0 271 377 640 
0 271 377 640 
0 271 377 640 
0 271 376 640 
0 271 376 640 
0 271 375 640 
0 271 375 640 
0 271 375 640 
0 271 374 640 
0 271 374 640 
0 270 374 640 
0 269 373 640 
0 268 373 640 
0 268 372 640 
0 268 372 640 
0 267 372 640 
0 266 372 640 
0 265 371 640 
0 264 371 640 
0 263 370 640 
0 262 370 640 
0 262 370 640 
0 260 370 640 
0 259 369 640 
0 256 368 640 
0 255 367 640 
0 255 366 640 
0 254 277 279 366 640 
0 252 253 254 276 280 365 640 
0 251 252 254 275 281 364 640 
0 250 252 253 274 282 363 640 
0 249 250 252 273 283 362 640 
0 252 272 284 361 640 
0 251 271 285 360 640 
0 250 270 286 356 640 
0 249 269 288 355 640 
0 248 268 289 353 640 
0 248 267 290 351 640 
0 247 266 292 349 640 
0 246 265 294 344 640 
0 235 239 245 264 296 342 640 
0 236 240 243 263 299 339 640 
0 237 262 301 335 640 
0 238 261 307 328 640 
0 238 260 310 318 322 324 640 
0 238 258 640 
0 237 257 640 
0 226 229 237 257 640 
0 227 230 237 255 640 
0 227 231 236 254 640 
0 228 232 234 253 640 
0 229 251 640 
0 230 251 640 
0 221 224 229 251 640 
0 219 223 227 252 640 
0 218 221 223 252 640 
0 219 221 222 248 640 
0 219 247 640 
0 219 246 640 
0 218 245 640 
0 217 244 640 
0 215 243 640 
0 213 243 640 
0 210 242 640 
0 208 214 216 242 640 
0 206 211 216 241 640 
0 205 209 215 240 640 
0 213 239 640 
0 211 217 220 239 640 
0 209 215 219 238 640 
0 208 213 218 238 640 
0 206 211 216 238 640 
0 205 210 215 220 222 229 233 237 640 
0 205 208 214 218 222 227 233 237 640 
0 212 217 221 226 233 237 640 
0 211 216 220 224 233 236 640 
0 209 214 219 223 233 236 640 
0 209 213 218 222 233 236 640 
0 208 211 216 221 233 235 640 
0 207 210 215 219 232 235 640 
0 214 218 233 234 640 
0 213 217 640 
0 213 215 640 
0 640 
0 640 
0 640 
0 640 
0 640 
0 640 
0 640 
0 640 
0 640 
0 640 
0 640 
0 640 
0 640 
0 640 
0 640 
0 640 
0 640 
0 640 
0 640 
0 640 
0 640 
0 640 
0 640 
0 640 
0 640 
0 640 
0 640 
0 640 
0 640 
0 640 
0 640 
0 640 
0 640 
0 640 
0 640 
0 640 
0 640 
0 640 
0 640 
0 640 
0 640 
0 640 
0 640 
0 640 
0 640 
0 640 
0 640 
0 640 
0 640 
0 640 
0 640 
0 640 
0 640 
0 640 
0 640 
0 640 
0 640 
0 640 
0 640 
0 640 
0 640 
0 640 
0 640 
0 640 
0 640 
0 640 
0 640 
0 640 
0 640 
0 640 
0 640 
0 640 
0 640 
0 640 
0 640 
0 640 
0 640 
0 640 
0 640 
0 640 
0 640 
0 640 
0 640 
0 640 
0 640 
0 640 
0 640 
0 640 
0 640 
0 640 
0 640 
0 640 
0 640 
0 640 
0 640 
0 640 
0 640 
0 640 
0 640 
0 640 
0 640 
0 640 
0 640 
0 640 
0 640 
0 640 
0 640 
0 640 
0 640 
0 640 
0 640 
0 640 
0 640 
0 640 
0 640 
0 640 
0 640 
0 640 
0 640 
0 640 
0 640 
0 640 
0 640 
0 640 
0 640 
0 640 
0 640 
0 640 
0 640 
0 640 
