0 380 521 640 
0 381 521 640 
0 382 521 640 
0 383 521 640 
0 384 521 640 
0 385 521 640 
0 387 521 640 
0 388 521 640 
0 388 521 640 
0 389 521 640 
0 390 521 640 
0 391 521 640 
0 392 520 640 
0 393 520 640 
0 393 520 640 
0 395 520 640 
0 395 520 640 
0 396 520 640 
0 398 520 640 
0 399 520 640 
0 400 520 640 
0 400 520 640 
0 401 520 640 
0 403 520 640 
0 404 519 640 
0 405 519 640 
0 405 519 640 
0 406 519 640 
0 406 519 640 
0 407 519 640 
0 409 519 640 
0 410 518 640 
0 410 518 640 
0 411 518 640 
0 412 518 640 
0 414 518 640 
0 415 517 640 
0 415 517 640 
0 416 517 640 
0 416 517 640 
0 418 517 640 
0 260 266 418 517 640 
0 260 270 420 516 640 
0 259 274 421 516 640 
0 258 278 421 516 640 
0 257 283 422 516 640 
0 256 286 423 516 640 
0 255 291 424 515 640 
0 254 296 425 515 640 
0 253 301 425 515 640 
0 252 306 426 515 640 
0 250 309 427 515 640 
0 249 314 428 514 640 
0 248 318 429 514 640 
0 247 320 430 514 640 
0 245 323 430 514 640 
0 244 324 431 513 640 
0 242 325 432 513 640 
0 241 325 433 513 640 
0 239 325 434 513 640 
0 237 326 434 512 640 
0 236 323 324 326 435 512 640 
0 234 324 325 327 436 512 640 
0 232 325 326 328 436 512 640 
0 230 325 326 328 437 511 640 
0 229 329 438 511 640 
0 227 329 438 511 640 
0 226 330 439 511 640 
0 224 331 439 510 640 
0 222 331 439 510 640 
0 220 332 440 510 640 
0 219 332 440 509 640 
0 217 333 440 509 640 
0 215 334 441 509 640 
0 213 334 441 508 640 
0 211 332 333 335 441 508 640 
0 209 336 441 508 640 
0 207 337 442 507 640 
0 205 337 442 507 640 
0 203 338 442 507 640 
0 201 338 442 506 640 
0 199 338 442 506 640 
0 197 339 442 506 640 
0 195 339 443 505 640 
0 193 339 443 505 640 
0 191 339 443 505 640 
0 189 338 443 504 640 
0 187 338 443 504 640 
0 185 333 334 338 443 503 640 
0 183 338 443 503 640 
0 181 338 444 503 640 
0 179 337 444 502 640 
0 177 337 444 502 640 
0 175 337 444 501 640 
0 173 337 444 501 640 
0 171 331 333 337 444 500 640 
0 169 331 332 337 444 500 640 
0 167 331 332 336 444 500 640 
0 166 331 332 336 444 499 640 
0 165 336 445 499 640 
0 164 336 445 498 640 
0 163 330 331 336 445 498 640 
0 163 330 331 336 445 497 640 
0 162 330 331 335 445 497 640 
0 162 336 445 496 640 
0 161 330 331 335 445 496 640 
0 160 330 331 335 445 495 640 
0 159 330 331 335 445 495 640 
0 159 335 445 494 640 
0 158 335 445 494 640 
0 157 335 445 493 640 
0 156 330 331 335 445 493 640 
0 155 335 445 492 640 
0 154 335 445 492 640 
0 153 335 445 491 640 
0 152 335 445 491 640 
0 151 335 445 490 640 
0 150 335 445 490 640 
0 148 331 333 335 445 489 640 
0 147 331 333 335 445 488 640 
0 146 335 445 488 640 
0 144 335 445 487 640 
0 142 330 331 335 445 486 640 
0 141 330 331 335 445 486 640 
0 139 335 445 485 640 
0 137 335 445 485 640 
0 135 335 445 484 640 
0 133 335 445 483 640 
0 130 335 445 483 640 
0 128 335 445 482 640 
0 125 332 333 335 445 481 640 
0 122 335 445 481 640 
0 118 335 444 480 640 
0 114 335 444 479 640 
0 109 335 444 479 640 
0 103 335 444 478 640 
0 98 332 333 335 444 477 640 
0 85 336 443 477 640 
0 72 336 443 476 640 
0 61 336 442 475 640 
0 55 337 442 474 640 
0 50 337 441 473 640 
0 45 337 441 473 640 
0 40 338 440 472 640 
0 35 339 439 471 640 
0 31 343 425 426 438 470 640 
0 28 344 424 427 436 469 640 
0 24 344 378 379 424 429 434 469 640 
0 21 347 377 379 423 468 640 
0 17 348 376 381 423 467 640 
0 12 350 375 382 423 466 640 
0 11 351 375 383 422 465 640 
0 10 352 374 386 422 464 640 
0 9 353 373 388 421 464 640 
0 9 354 372 389 420 463 640 
0 8 356 370 391 420 462 640 
0 7 357 369 392 419 461 640 
0 7 358 367 394 419 460 640 
0 6 396 418 459 640 
0 5 397 417 458 640 
0 4 398 416 457 640 
0 4 399 415 456 640 
0 3 400 414 455 640 
0 3 402 412 454 640 
0 2 404 409 453 640 
0 2 452 640 
0 1 451 640 
450 640 
449 640 
448 640 
447 640 
446 640 
444 640 
443 640 
442 640 
441 640 
440 640 
439 640 
438 640 
436 640 
435 640 
434 640 
432 640 
431 640 
430 640 
428 640 
427 640 
426 640 
424 640 
423 640 
421 640 
420 640 
419 640 
417 640 
416 640 
414 640 
412 640 
411 640 
409 640 
408 640 
406 640 
404 640 
402 640 
401 640 
399 640 
397 640 
395 640 
393 640 
391 640 
390 640 
388 640 
386 640 
384 640 
382 640 
380 640 
378 640 
375 640 
373 640 
371 640 
369 640 
367 640 
365 640 
362 640 
360 640 
358 640 
356 640 
353 640 
350 640 
348 640 
346 640 
343 640 
341 640 
338 640 
336 640 
334 640 
331 640 
328 640 
326 640 
323 640 
321 640 
318 640 
316 640 
313 640 
310 640 
308 640 
306 640 
303 640 
300 640 
298 640 
296 640 
293 640 
291 640 
288 640 
286 640 
284 640 
281 640 
279 640 
277 640 
274 640 
272 640 
270 640 
268 640 
266 640 
264 640 
262 640 
260 640 
257 640 
255 640 
253 640 
251 640 
249 640 
248 640 
246 640 
244 640 
243 640 
240 640 
239 640 
237 640 
235 640 
234 640 
232 640 
230 640 
229 640 
227 640 
226 640 
224 640 
222 640 
221 640 
220 640 
218 640 
217 640 
215 640 
214 640 
212 640 
211 295 300 336 339 640 
210 293 301 333 342 640 
209 291 303 331 344 640 
207 290 304 329 345 640 
206 288 306 328 346 640 
205 288 306 326 347 640 
203 287 307 325 348 640 
202 286 308 325 348 640 
201 285 308 324 348 640 
200 285 309 323 349 640 
199 284 309 322 349 640 
197 283 310 321 350 640 
196 279 310 320 350 640 
195 277 311 320 350 640 
194 275 311 319 351 640 
193 274 311 319 351 640 
192 274 312 318 351 640 
191 273 312 318 351 640 
190 272 313 317 351 640 
189 272 313 317 351 640 
188 271 313 316 351 640 
187 271 351 639 
186 271 351 638 
185 270 351 357 358 578 614 638 
184 270 351 357 358 572 626 637 
183 270 351 356 358 567 
182 269 351 355 359 562 
181 269 351 355 359 559 
180 269 351 355 359 555 
179 269 351 354 359 553 
178 269 351 353 359 550 
177 268 351 353 359 547 
176 268 351 353 359 545 
175 268 351 353 359 543 
174 268 358 541 
174 268 352 353 358 539 
173 268 352 353 358 538 
172 267 352 353 358 536 
171 267 352 353 358 535 
170 267 358 533 
169 267 358 532 
169 267 351 352 358 531 
168 267 356 357 358 530 
167 267 351 352 358 529 
166 267 351 352 358 528 
165 267 351 352 358 527 
165 267 351 352 358 526 
164 268 350 352 358 525 
163 268 350 351 354 355 358 525 
162 268 350 351 354 355 357 524 
162 268 357 523 
161 268 357 522 
160 268 349 350 357 521 
160 268 349 350 357 520 
159 268 349 350 356 519 
158 268 356 517 
158 268 356 514 
157 268 349 350 356 512 
156 268 349 350 356 510 
156 268 348 349 356 508 
155 268 348 349 355 506 
155 268 348 349 355 503 
154 268 349 350 355 501 
153 268 355 499 
153 268 356 497 
152 268 356 494 
151 268 357 491 
151 269 358 490 
150 269 358 488 
150 269 356 357 359 485 
149 269 360 483 
149 269 361 480 
148 269 361 478 
148 269 362 476 
147 269 363 474 
146 269 357 358 363 471 
146 270 364 469 
145 270 364 468 
145 270 365 466 
145 270 365 464 
144 270 366 463 
143 271 366 461 
143 271 367 459 
142 272 367 457 
142 272 362 363 364 365 368 455 
141 272 363 364 368 453 
141 273 369 451 
141 273 364 366 370 450 
140 274 365 366 370 448 
140 274 366 368 371 447 
139 275 366 367 372 445 
139 276 372 444 
138 276 373 442 
138 277 375 441 
137 278 381 439 
137 278 386 438 
137 279 393 437 
136 280 399 436 
136 281 404 435 
136 281 409 434 
135 282 414 434 
135 283 418 433 
134 284 424 432 
134 285 427 431 
134 285 
133 286 
133 287 
133 288 
132 288 
132 289 
132 290 
131 290 
131 292 
131 292 
130 293 
130 294 
130 295 
129 296 
129 297 
129 297 
129 298 
128 299 
128 300 
128 301 
127 302 
127 302 
127 303 
127 304 
126 305 
126 306 
126 306 
126 308 
125 308 
125 309 
125 310 
125 310 
125 312 
124 313 
124 314 
124 314 
124 315 
123 316 
123 317 
123 318 
123 319 
123 320 
123 321 
122 322 
122 323 
122 324 
122 325 
122 326 
122 327 
121 329 
121 330 
121 332 
121 333 
121 335 
121 337 
121 339 
120 342 
120 345 
120 347 
120 349 
120 350 
120 352 
120 353 
119 354 
119 356 
119 357 
119 359 
119 361 
119 363 
119 366 
119 369 
119 372 
119 377 
119 383 
119 389 
119 395 
118 400 
119 408 
119 416 
119 424 494 495 
118 437 489 496 
118 441 486 496 
