











250 263 
244 274 
242 280 
241 284 
241 288 
241 291 
240 294 
239 296 
238 299 
238 301 
237 303 
236 304 
236 306 
236 307 
237 309 
237 311 
236 312 
236 313 
236 313 367 391 
236 313 318 333 362 397 
236 312 315 339 357 401 
236 312 314 342 355 404 
236 344 354 407 
236 345 353 410 
237 346 352 413 
237 347 351 416 
236 348 351 418 
236 348 350 420 
236 423 
236 425 
236 426 
236 427 
236 428 
236 428 
236 428 
237 427 
238 428 
237 429 
237 429 
236 429 
236 428 
236 428 
236 429 
236 429 
236 428 
236 427 
237 426 
238 426 
237 425 
237 425 
237 425 
237 424 
237 423 
237 422 
237 422 
237 421 
237 421 
238 420 
239 420 
240 419 
239 419 
239 419 
239 418 
239 417 
240 417 
241 416 
240 416 
240 416 
240 416 
241 415 
241 414 
242 261 262 414 
242 254 262 413 
246 249 262 413 
262 412 
262 412 
261 411 
261 411 
261 410 
260 410 
260 409 
259 409 
258 407 
258 407 
257 407 
256 406 
256 405 
255 405 
254 403 
253 403 
253 403 
252 390 393 402 
251 390 
251 391 
250 391 
250 392 
249 392 
249 392 
248 392 
248 392 
247 392 
247 392 
247 392 
247 392 
247 392 
247 392 
248 392 
248 392 
249 392 
250 392 
253 392 
259 391 
261 391 
262 390 
262 390 
262 390 
262 390 
263 389 
263 389 
263 388 
263 388 
263 387 
263 387 
264 386 
264 385 
264 380 382 385 
264 380 381 384 
264 384 
264 383 
264 381 
263 381 
263 380 
263 380 
263 380 
263 380 
263 380 
263 380 
262 380 
262 380 
262 381 
262 384 
262 384 
262 384 
262 383 
262 383 
262 383 
261 383 
261 383 
261 383 
261 384 
261 384 
261 384 
260 384 
260 384 
260 264 265 384 
260 264 265 384 
260 263 265 384 
259 263 265 384 
259 263 265 384 
260 262 265 384 
260 262 264 384 
260 261 264 384 
264 384 
264 384 
264 384 
264 384 
264 384 
264 385 
263 385 
263 385 
263 385 
263 385 
263 385 
262 385 
262 385 
262 385 
262 265 266 386 
262 265 266 386 
261 264 266 382 
261 264 266 382 
261 264 266 382 
261 263 266 382 
261 263 266 381 
260 263 265 381 
260 263 264 381 
260 380 
260 380 
259 381 
257 381 
256 382 
255 382 
253 382 
252 383 
251 384 
250 384 
250 384 
249 385 
248 385 
247 386 
247 387 
246 387 
246 388 
246 389 
246 389 
245 390 
245 390 
245 390 
245 391 
245 392 
245 393 
244 393 
244 393 
244 394 
244 395 
244 395 
244 396 
243 396 
243 397 
243 398 
243 398 
243 399 
243 399 
243 399 
243 399 
243 400 
243 401 
243 402 
242 402 
242 402 
242 403 
242 404 
242 404 
242 404 
241 404 
241 405 
241 406 
241 407 
241 407 
240 408 
240 409 
240 410 
239 412 
227 413 
224 414 
223 415 
222 416 
222 416 
222 417 
222 417 
222 417 
222 417 
222 417 
223 417 
223 416 
224 416 
224 416 
225 416 
225 416 
226 416 
227 417 
227 417 
227 418 
228 419 
228 419 
229 419 
229 419 
229 419 
229 420 
229 421 
229 421 
228 422 
228 422 
228 422 
227 423 
227 423 
227 424 
227 424 
226 424 
226 424 
226 424 
225 424 
225 425 
225 426 
225 426 
224 426 
224 426 
224 426 
224 427 
223 427 
223 428 
223 428 
223 429 
222 429 
222 368 369 429 
222 368 369 430 
222 368 369 430 
221 368 369 430 
221 367 369 431 
221 367 370 431 
220 367 370 431 
220 366 370 431 
220 366 370 432 
219 366 370 432 
219 366 370 433 
218 366 370 433 
218 366 370 433 
217 366 370 433 
217 366 370 434 
217 366 370 434 
216 366 370 434 
216 366 370 434 
215 366 370 435 
215 366 370 435 
214 366 370 435 
214 366 370 435 
213 366 370 436 
213 366 370 436 
212 366 370 436 
212 366 370 436 
211 366 370 436 
211 366 370 436 
210 366 370 437 
210 367 370 438 
209 367 370 438 
209 367 370 438 
209 367 370 438 
208 367 370 438 
208 367 370 439 
207 368 370 439 
207 368 370 439 
206 368 370 439 
205 368 370 438 
205 368 370 439 
205 368 370 439 
204 369 370 440 
204 369 370 440 
203 369 370 441 
202 369 370 441 
202 369 370 441 
202 369 370 442 
201 442 
201 442 
200 442 
200 443 
199 443 
199 443 
198 443 
198 444 
197 444 
197 445 
196 445 
196 446 
195 446 
195 447 
194 447 
194 448 
193 449 
193 449 
192 450 
192 450 
191 451 
190 451 
190 452 
190 452 
189 453 
189 452 
188 452 
188 452 
187 451 
187 451 
186 451 
186 450 
185 450 
184 450 
184 449 
183 449 
183 449 
183 449 
183 450 
183 450 
183 448 
183 448 
183 448 
183 448 
185 449 
186 449 
187 450 
188 450 
190 451 
190 451 
191 452 
191 452 
191 453 
191 453 
191 454 
191 454 
191 454 
191 455 
191 455 
191 455 
191 455 
190 455 
190 456 
190 456 
190 456 
190 456 
190 456 
190 455 
190 455 
190 455 
190 455 
190 455 
189 454 
189 453 
189 452 
189 452 
189 451 
189 450 
189 450 
189 449 
189 449 
189 448 
189 447 
188 445 
188 444 
189 441 
189 440 
189 439 
189 439 
189 439 
190 439 
190 439 
190 439 
190 439 
190 439 
190 438 
190 438 
191 438 
191 438 
191 438 
192 438 
192 438 
192 438 
192 438 
191 437 
191 437 
191 437 
191 437 
191 437 
190 437 
190 437 
190 436 
190 436 
190 436 
190 435 
189 435 
189 435 
189 435 
189 434 
189 434 
188 434 
188 434 
188 434 
188 433 
188 433 
188 433 
187 433 
187 433 
