0 640 
0 640 
0 640 
0 640 
0 640 
0 640 
0 640 
0 640 
0 640 
0 640 
0 640 
0 640 
0 640 
0 640 
0 640 
0 640 
0 640 
0 640 
0 640 
0 640 
0 640 
0 640 
0 640 
0 640 
0 640 
0 640 
0 640 
0 640 
0 640 
0 640 
0 640 
0 640 
0 640 
0 640 
0 640 
0 640 
0 640 
0 640 
0 640 
0 640 
0 640 
0 640 
0 640 
0 640 
0 640 
0 640 
0 640 
0 640 
0 640 
0 640 
0 640 
0 640 
0 640 
0 640 
0 640 
0 640 
0 640 
0 640 
0 640 
0 640 
0 640 
0 640 
0 640 
0 640 
0 640 
0 640 
0 640 
0 640 
0 640 
0 640 
0 640 
0 640 
0 640 
0 640 
0 640 
0 640 
0 640 
0 640 
0 640 
0 640 
0 640 
0 640 
0 640 
0 640 
0 640 
0 640 
0 640 
0 640 
0 640 
0 640 
0 640 
0 640 
0 640 
0 640 
0 640 
0 640 
0 640 
0 640 
0 640 
0 640 
0 640 
0 640 
0 640 
0 640 
0 640 
0 640 
0 640 
0 640 
0 640 
0 640 
0 640 
0 640 
0 640 
0 640 
0 640 
0 640 
0 640 
0 640 
0 640 
0 640 
0 640 
0 640 
0 640 
0 640 
0 640 
0 640 
0 640 
0 640 
0 640 
0 640 
0 640 
0 640 
0 640 
0 640 
0 640 
0 640 
0 640 
0 640 
0 640 
0 640 
0 640 
0 640 
0 640 
0 640 
0 640 
0 640 
0 640 
0 640 
0 640 
0 640 
0 640 
0 640 
0 640 
0 640 
0 640 
0 640 
0 640 
0 640 
0 640 
0 640 
0 640 
0 640 
0 640 
0 640 
0 640 
0 640 
0 349 352 640 
0 313 330 341 363 640 
0 285 296 308 330 336 366 640 
0 279 302 308 331 333 367 640 
0 274 368 640 
0 272 368 640 
0 271 369 640 
0 271 369 640 
0 270 368 640 
0 270 368 640 
0 270 368 640 
0 270 367 640 
0 271 367 640 
0 271 367 640 
0 271 367 640 
0 272 367 640 
0 272 366 640 
0 272 366 640 
0 273 365 640 
0 273 365 640 
0 274 365 640 
0 274 365 640 
0 274 364 640 
0 274 364 640 
0 275 363 640 
0 275 363 640 
0 276 363 640 
0 276 362 640 
0 277 362 640 
0 277 361 640 
0 278 361 640 
0 279 360 640 
0 279 352 353 360 640 
0 279 352 355 359 640 
0 280 352 640 
0 281 286 288 352 640 
0 283 284 288 353 640 
0 288 353 640 
0 288 354 640 
0 288 355 640 
0 288 355 640 
0 289 355 640 
0 289 354 640 
0 289 353 640 
0 289 353 640 
0 289 352 640 
0 289 352 640 
0 289 353 640 
0 289 353 640 
0 289 353 640 
0 290 353 640 
0 290 352 640 
0 290 352 640 
0 290 352 640 
0 290 352 640 
0 290 351 640 
0 290 351 640 
0 290 351 640 
0 290 351 640 
0 290 351 640 
0 290 351 640 
0 290 351 640 
0 289 351 640 
0 289 351 640 
0 289 351 640 
0 289 351 640 
0 289 351 640 
0 289 351 640 
0 289 351 640 
0 289 351 640 
0 289 351 640 
0 289 351 640 
0 289 351 640 
0 289 351 640 
0 289 351 640 
0 289 351 640 
0 288 352 640 
0 288 352 640 
0 288 353 640 
0 287 353 640 
0 287 354 640 
0 286 355 640 
0 285 352 353 355 640 
0 285 352 354 356 640 
0 284 286 287 352 355 356 640 
0 283 285 287 352 640 
0 283 284 287 353 640 
0 286 354 640 
0 285 355 640 
0 285 356 640 
0 285 356 640 
0 285 355 640 
0 285 355 640 
0 285 355 640 
0 284 356 640 
0 284 357 640 
0 283 357 640 
0 283 357 640 
0 283 358 640 
0 282 358 640 
0 282 358 640 
0 282 358 640 
0 282 358 640 
0 281 358 640 
0 281 359 640 
0 281 359 640 
0 281 359 640 
0 281 359 640 
0 281 359 640 
0 281 359 640 
0 281 359 640 
0 280 359 640 
0 280 359 640 
0 280 359 640 
0 280 360 640 
0 280 360 640 
0 280 360 640 
0 279 360 640 
0 279 360 640 
0 279 360 640 
0 279 361 640 
0 278 361 640 
0 278 361 640 
0 278 362 640 
0 277 362 640 
0 277 362 640 
0 277 362 640 
0 276 363 640 
0 276 363 640 
0 276 363 640 
0 275 363 640 
0 275 364 640 
0 275 364 640 
0 274 364 640 
0 274 365 640 
0 274 365 640 
0 274 365 640 
0 273 365 640 
0 273 366 640 
0 273 366 640 
0 273 366 640 
0 272 366 640 
0 272 367 640 
0 272 367 640 
0 271 367 640 
0 271 368 640 
0 271 368 640 
0 270 368 640 
0 270 369 640 
0 270 369 640 
0 270 369 640 
0 269 370 640 
0 269 370 640 
0 269 370 640 
0 269 370 640 
0 268 371 640 
0 268 371 640 
0 268 371 640 
0 268 372 640 
0 267 372 640 
0 267 372 640 
0 267 372 640 
0 266 373 640 
0 266 373 640 
0 266 374 640 
0 265 374 640 
0 265 374 640 
0 265 375 640 
0 265 375 640 
0 264 375 640 
0 264 376 640 
0 264 376 640 
0 263 376 640 
0 263 376 640 
0 263 377 640 
0 262 377 640 
0 262 377 640 
0 262 378 640 
0 261 378 640 
0 261 379 640 
0 261 379 640 
0 260 379 640 
0 260 380 640 
0 260 379 640 
0 260 378 640 
0 260 378 640 
0 261 376 640 
0 262 376 640 
0 262 376 640 
0 262 377 640 
0 261 378 640 
0 261 378 640 
0 260 379 640 
0 259 379 640 
0 259 380 640 
0 258 380 640 
0 258 381 640 
0 258 370 371 381 640 
0 257 370 372 381 640 
0 257 370 372 381 640 
0 257 370 371 381 640 
0 257 381 640 
0 257 381 640 
0 257 381 640 
0 257 381 640 
0 257 380 640 
0 258 380 640 
0 258 380 640 
0 258 379 640 
0 259 378 640 
0 260 265 266 377 640 
0 261 265 270 370 372 376 640 
0 262 267 270 369 371 375 640 
0 264 268 269 373 640 
0 267 371 640 
0 269 370 640 
0 269 370 640 
0 269 371 640 
0 268 371 640 
0 268 371 640 
0 267 372 640 
0 267 372 640 
0 267 372 640 
0 266 373 640 
0 266 373 640 
0 266 373 640 
0 265 374 640 
0 265 374 640 
0 265 375 640 
0 264 375 640 
0 264 375 640 
0 264 375 640 
0 263 376 640 
0 263 376 640 
0 263 376 640 
0 263 377 640 
0 262 377 640 
0 262 377 640 
0 262 378 640 
0 261 378 640 
0 261 378 640 
0 261 379 640 
0 260 379 640 
0 260 379 640 
0 260 380 640 
0 259 380 640 
0 259 380 640 
0 259 381 640 
0 258 381 640 
0 258 381 640 
0 258 381 640 
0 258 382 640 
0 257 382 640 
0 257 382 640 
0 257 383 640 
0 256 383 640 
0 256 383 640 
0 256 383 640 
0 255 384 640 
0 255 384 640 
0 255 384 640 
0 255 384 640 
0 255 385 640 
0 254 385 640 
0 254 385 640 
0 254 385 640 
0 254 385 640 
0 254 386 640 
0 253 386 640 
0 253 386 640 
0 253 386 640 
0 253 386 640 
0 252 387 640 
0 252 387 640 
0 252 387 640 
0 252 387 640 
0 251 387 640 
0 251 388 640 
0 251 388 640 
0 251 388 640 
0 250 388 640 
0 250 389 640 
0 250 389 640 
0 249 389 640 
0 249 390 640 
0 249 390 640 
0 249 390 640 
0 248 391 640 
0 248 391 640 
0 248 391 640 
0 247 391 640 
0 247 392 640 
0 247 392 640 
0 246 392 640 
0 246 393 640 
0 246 393 640 
0 246 393 640 
0 245 393 640 
0 245 394 640 
0 245 394 640 
0 245 394 640 
0 244 394 640 
0 244 394 640 
0 244 395 640 
0 244 395 640 
0 244 395 640 
0 244 395 640 
0 244 395 640 
0 244 395 640 
0 244 395 640 
0 244 394 640 
0 244 394 640 
0 244 394 640 
0 244 393 640 
