












































569 571 
566 572 
565 572 
563 571 
561 570 
559 569 
557 568 
555 567 
554 566 
552 565 
550 564 
549 563 
547 562 
546 561 
544 560 
542 559 
541 559 
182 194 539 558 
177 200 538 557 
174 204 536 556 
170 207 535 555 
167 210 534 554 
165 213 532 553 
164 215 531 552 
162 217 530 551 
160 219 528 550 
159 221 527 550 
157 223 526 549 
156 224 524 548 
154 226 523 547 
153 227 521 546 
152 229 520 546 
151 230 519 544 
150 231 518 543 
149 232 516 543 
148 233 515 542 
147 235 514 541 
145 235 512 540 
144 237 511 539 
143 237 510 538 
142 239 509 537 
142 240 507 536 
141 240 506 536 
140 241 505 535 
139 242 504 535 
138 243 502 538 
138 243 501 540 
137 244 499 541 
136 245 498 542 
136 245 496 542 
135 246 494 542 
134 247 493 542 
134 247 491 540 
133 248 490 539 
132 248 489 537 
132 249 487 534 
131 249 486 532 
131 249 485 528 
130 250 484 528 
130 250 483 530 
129 251 482 532 
129 251 480 533 
128 252 479 535 
128 252 477 536 
127 252 476 538 
127 252 474 539 
126 253 473 540 
126 253 471 541 
125 253 469 542 
125 253 468 543 
125 254 466 544 
124 254 464 544 
124 254 462 544 
124 254 460 544 
123 255 459 544 
123 255 457 543 
123 255 455 542 
122 255 453 539 
122 256 451 535 
122 257 449 531 
122 259 407 416 448 528 
122 260 406 418 446 526 
121 261 406 420 444 524 
121 261 407 420 442 523 
121 262 409 421 441 522 
121 279 408 422 439 493 496 520 
121 284 408 422 437 492 497 518 
121 288 368 377 408 422 435 491 499 517 
120 290 363 383 407 423 434 490 501 514 
120 292 359 387 406 423 433 489 
120 294 354 391 405 423 431 488 
120 295 351 395 404 423 429 486 
120 297 349 398 403 423 428 485 
120 298 346 423 427 484 
120 299 342 423 425 483 
120 300 338 423 424 482 
120 301 335 481 
120 302 334 479 
120 303 340 478 
120 304 339 477 
120 305 336 476 
120 305 334 475 
120 306 333 473 
120 307 332 472 
121 308 331 471 
121 308 330 470 
121 309 329 469 
121 310 327 468 
121 310 325 331 332 466 
122 311 325 328 331 465 
122 311 331 464 
122 312 330 463 
122 312 329 461 
123 313 328 460 
123 313 327 459 
124 314 327 458 
124 314 326 457 
124 314 326 455 479 486 
125 315 325 454 475 490 
125 315 325 453 472 493 
126 315 325 452 470 495 
126 316 324 451 468 498 
127 316 324 450 466 500 
128 316 324 449 464 501 
128 316 324 448 463 503 
129 317 323 447 461 504 
129 317 323 446 460 505 
130 317 323 453 458 505 
131 317 323 455 457 506 
132 317 322 506 
132 317 322 506 
133 317 322 507 
134 317 322 507 
135 317 322 507 
136 317 323 507 
137 317 323 507 
138 317 323 326 328 507 
139 317 323 325 328 507 
140 317 322 325 328 507 
141 317 322 324 328 507 
142 317 328 507 
143 317 328 507 
145 316 329 507 
146 316 329 507 
147 317 329 507 
148 321 327 507 
150 506 
151 506 
153 506 
155 505 
157 505 
159 505 
161 314 315 505 
164 206 210 313 315 505 
167 202 211 313 316 505 
170 197 212 314 316 505 
174 193 214 504 
210 211 217 504 
206 213 217 503 
204 214 218 503 
202 216 218 502 
201 502 
200 502 
199 501 
198 501 
196 501 
195 500 
194 500 
193 499 
192 499 
191 499 
190 499 
189 498 
187 301 304 497 
185 300 305 496 
183 299 307 495 
182 298 308 495 
180 296 309 494 
179 295 309 494 
177 294 309 494 
175 232 233 293 309 493 
174 232 234 291 309 493 
174 232 236 290 308 493 
174 232 237 289 308 492 
174 232 239 287 307 491 
174 231 241 285 307 490 
174 231 243 283 307 489 
175 230 245 281 307 489 
175 230 248 279 307 488 
176 230 252 274 307 487 
176 230 307 487 
177 230 308 486 
177 229 309 486 
176 229 310 485 
175 229 311 484 
174 229 313 484 
173 228 314 483 
173 227 316 482 
172 227 317 482 
171 226 319 480 
171 226 319 479 
170 226 319 478 
170 226 318 477 
169 226 318 476 
169 226 317 476 
168 226 317 454 455 475 
168 226 317 453 458 472 
167 226 316 453 459 472 
167 177 180 226 316 453 459 471 
166 176 183 227 315 453 459 471 
166 176 185 227 315 452 460 470 
166 175 186 227 315 452 460 469 
166 175 187 227 314 452 460 468 
167 174 188 227 314 451 461 467 
168 173 189 228 313 451 
170 171 191 228 313 450 
191 228 312 450 
191 229 312 450 
190 229 312 449 
189 229 311 449 
189 230 311 449 
188 230 311 448 
187 231 310 448 
187 232 310 448 
186 233 309 448 
184 234 309 447 
183 235 309 447 
182 235 308 447 
182 233 308 446 
183 232 307 446 
185 230 307 446 
185 229 307 445 
185 228 306 445 
186 227 306 445 
186 228 306 445 
186 228 305 444 
187 228 305 444 
192 228 305 444 
192 228 304 443 
192 228 304 443 
192 229 303 443 
193 229 303 443 
193 229 303 442 
193 229 302 442 
193 229 302 442 
193 229 302 442 
193 229 301 441 
193 229 301 441 
193 229 301 441 
193 230 300 441 
193 230 296 440 
193 230 293 440 
193 230 291 440 
193 230 289 440 
193 230 285 440 
193 230 280 440 
193 230 275 439 
193 230 270 439 
193 230 265 439 
194 231 261 439 
194 231 257 439 
194 232 252 439 
194 232 248 438 
194 232 245 438 
194 232 242 438 
194 232 238 438 
194 232 235 438 
194 438 
194 437 
194 437 
194 437 
194 437 
194 437 
195 437 
195 437 
195 436 
195 436 
195 436 
195 436 
195 436 
195 435 
195 435 
196 435 
196 435 
196 435 
196 435 
197 435 
197 435 
197 434 
198 434 
198 434 
199 434 
199 434 
199 434 
199 434 
199 434 
200 434 
200 260 264 433 
200 205 206 256 264 433 
200 205 207 251 263 433 
200 205 207 246 262 433 
200 241 262 433 
200 235 261 433 
200 223 261 433 
201 218 261 433 
201 217 260 433 
202 216 260 433 
204 214 259 432 
206 213 259 432 
207 213 258 432 
207 213 258 432 
207 213 258 432 
207 213 258 432 
207 213 257 432 
207 213 257 432 
207 213 257 432 
207 213 257 432 
207 214 256 433 
207 214 256 434 
207 214 256 435 
207 214 256 435 
207 215 256 437 
205 216 256 438 
204 218 256 439 
202 219 256 440 
202 220 255 441 
201 220 255 442 
201 220 255 443 
201 220 255 444 
201 214 215 220 255 445 
201 206 208 213 215 220 255 446 
201 206 215 221 255 447 
201 206 216 221 255 448 
201 205 216 221 255 449 
201 205 216 221 255 450 
201 205 216 221 255 372 373 451 
201 205 216 221 255 371 373 452 
201 206 216 221 255 370 373 453 
201 206 216 221 255 370 374 454 
201 206 216 221 255 369 374 455 
201 206 216 222 255 368 374 456 
201 206 216 221 255 368 375 457 
201 206 216 221 255 367 375 458 
201 206 216 221 255 367 375 459 
201 206 216 221 255 366 375 460 
201 207 210 213 216 221 255 366 375 461 
201 207 209 214 216 221 255 365 376 462 
201 207 208 214 215 221 255 365 376 463 
202 221 255 364 376 463 
202 220 255 364 376 464 
202 220 255 363 377 465 
202 219 255 363 377 466 
203 218 255 362 377 467 
205 216 255 362 377 468 
206 215 255 362 377 468 
207 215 255 361 377 469 
207 215 256 361 377 470 
208 215 256 360 377 470 
208 215 256 360 377 471 
208 215 256 359 378 472 
208 215 256 359 379 473 
209 215 256 359 379 473 
209 215 256 358 379 474 
209 215 256 358 379 474 
208 215 256 358 380 475 
208 215 256 357 380 475 
208 215 256 357 380 476 
208 216 256 357 380 476 
208 217 256 357 381 477 
207 219 256 356 381 477 
205 220 256 356 381 478 
204 221 256 356 381 478 
203 221 256 356 381 478 
203 222 256 355 382 478 
203 222 256 355 382 479 
203 215 216 222 257 355 382 479 
202 208 209 215 217 222 257 355 382 428 430 479 
202 208 210 214 217 222 257 355 383 428 431 479 
202 208 217 223 257 355 383 428 432 479 
202 208 217 223 257 355 383 428 432 480 
202 208 217 223 257 355 383 428 430 480 
202 208 217 223 257 354 383 428 429 480 
202 208 218 223 257 354 384 480 
202 208 218 223 257 354 384 480 
202 208 218 223 257 354 384 480 
202 208 218 223 257 354 384 480 
202 208 218 223 257 354 385 480 
202 208 218 223 257 354 385 480 
202 208 218 223 257 354 385 480 
202 208 218 223 257 354 385 480 
203 208 218 223 257 354 385 480 
203 208 218 223 257 354 386 480 
203 208 212 215 218 223 258 355 386 479 
203 208 211 215 217 223 258 355 386 479 
203 209 210 216 217 223 258 355 386 479 
203 223 258 355 386 479 
203 222 258 355 386 478 
203 222 258 355 386 478 
204 222 258 355 387 477 
204 221 258 355 387 477 
205 219 258 355 387 476 
207 217 258 355 387 475 
209 217 258 355 387 475 
210 217 258 356 387 474 
210 217 258 356 387 473 
210 217 258 356 388 472 
210 217 258 356 388 471 
210 217 258 356 388 470 
210 217 258 356 388 469 
210 217 258 356 388 468 
210 217 258 357 388 467 
210 217 258 357 388 466 
210 217 258 357 387 465 
210 217 258 357 387 464 
210 217 259 357 387 464 
210 217 259 357 387 462 
209 219 259 358 387 461 
207 221 259 359 386 460 
206 222 259 360 386 459 
205 223 259 361 386 458 
204 223 259 362 385 457 
204 223 258 362 385 455 
204 223 257 363 384 454 
203 217 218 223 257 363 383 453 
203 209 210 216 218 224 257 363 383 453 
203 209 211 215 218 224 257 363 382 451 
203 209 213 214 219 224 256 363 381 450 
203 209 219 224 256 364 381 449 
203 208 219 224 256 364 380 448 
203 208 219 224 256 364 379 447 
203 208 219 224 255 364 378 445 
203 208 219 224 255 365 377 444 
203 208 219 224 253 368 376 443 
203 209 219 224 252 370 375 442 
203 209 219 224 251 371 375 441 
