


































































157 159 
156 163 
155 164 
155 166 
156 167 
157 168 
158 170 
160 170 
125 146 161 171 
122 154 162 172 
120 159 163 173 
119 174 
117 175 
116 175 
115 176 
114 177 
88 89 113 177 
86 94 112 178 
85 98 111 178 
85 101 111 178 
86 103 110 178 
86 106 110 178 
87 107 109 179 
87 179 
87 180 
88 180 
88 181 
88 181 
89 182 
90 182 
91 183 
95 183 
96 183 
94 184 
93 184 
92 184 
92 185 
93 186 
93 190 
93 193 
92 195 
92 196 
92 198 
91 199 
91 200 
90 199 
89 197 
89 196 
90 196 
90 197 
91 198 
91 198 
92 198 
93 197 
94 195 
95 193 
96 190 
96 189 
100 190 
101 190 
101 190 
102 190 
102 189 
103 188 
104 187 
104 187 
105 107 108 186 
108 185 
108 184 
108 184 
108 183 
108 183 
108 182 
108 181 
107 180 
107 179 
107 178 
107 178 
107 178 
107 178 
107 177 
107 177 
107 177 
107 177 
107 177 
107 179 
107 181 
107 182 
107 183 
107 185 
107 186 
107 188 
106 189 
106 191 
106 192 
106 194 
106 195 
106 197 
105 198 
105 199 
105 201 
105 202 
104 204 
104 205 
104 207 
103 208 
102 210 
101 211 
100 212 
100 213 
99 213 
98 213 
98 212 
97 212 
97 211 
96 210 
96 210 
96 209 
96 208 
96 208 
96 207 
96 206 
96 206 
96 205 
96 204 
95 204 
95 203 
95 202 
95 202 
95 201 
95 201 
95 201 
94 202 
94 203 
93 203 
93 204 
92 205 
92 206 
92 206 
91 207 
91 208 
91 209 
91 210 
91 211 
91 212 
90 213 
90 214 
90 215 
90 215 
91 215 
91 215 
91 215 
92 215 
92 215 
92 215 
93 215 
94 214 
95 214 
95 214 
95 182 183 213 
95 180 185 212 
95 180 187 212 
95 179 189 211 
95 176 191 210 
95 177 193 209 
95 177 195 208 
94 177 198 206 
93 177 
93 178 
92 178 
91 178 
90 179 
90 179 
89 179 
88 179 
87 180 
86 180 
85 180 
85 180 
84 181 
83 181 
82 181 
81 182 
80 182 
80 182 
79 182 
78 182 
77 182 
76 183 
75 183 
74 183 
73 183 
73 183 
72 183 
71 183 
70 184 
69 184 
68 184 
67 184 
67 184 
66 184 
65 184 
64 184 
63 184 
62 184 
61 185 
61 185 
60 185 
60 185 
60 185 
61 185 
61 185 
61 185 
62 185 
62 185 
63 185 
63 185 
64 186 
65 186 
66 186 
66 186 
67 186 
68 186 
69 186 
70 186 
70 186 
70 187 
70 102 103 187 
71 102 103 187 
72 101 103 187 
73 101 103 187 
74 100 103 187 
76 100 102 187 
79 99 102 187 
81 99 102 187 
85 98 102 187 
87 97 102 187 
102 188 
102 188 
102 188 
102 188 
102 188 
102 188 
101 188 
101 188 
101 188 
101 188 
101 189 
101 189 
101 189 
101 189 
101 189 
101 189 
100 189 
100 189 
100 189 
100 190 
100 190 
100 190 
100 190 
100 190 
100 190 
100 190 
100 190 
100 191 
100 191 
100 191 
99 191 
99 192 
99 192 
99 192 
99 192 
99 192 
99 192 
99 192 
99 192 
99 192 
99 193 
99 193 
98 193 
98 193 
98 193 
98 193 
98 193 
98 193 
98 193 
98 194 
98 194 
98 194 
98 194 
98 194 
98 194 
98 194 
98 195 
97 195 
97 195 
97 195 
97 195 
97 195 
97 195 
97 195 
97 196 
97 196 
97 196 
97 196 
97 196 
97 197 
97 197 
97 197 
97 197 
96 197 
96 197 
96 197 
96 197 
96 198 
96 198 
96 198 
96 198 
96 198 
96 198 
96 198 
96 198 
96 199 
96 199 
96 199 
95 199 
95 199 
95 199 
95 199 
95 199 
95 200 
95 200 
95 200 
95 200 
95 200 
95 200 
95 200 
95 200 
95 201 
95 201 
95 201 
95 201 
95 201 
95 201 
95 202 
95 202 
95 202 
95 202 
95 202 
95 202 
95 202 
95 202 
95 202 
95 203 
94 203 
94 203 
94 203 
94 203 
94 203 
94 203 
94 203 
94 203 
94 203 
94 204 
94 204 
94 204 
94 204 
94 204 
94 204 
94 204 
94 204 
94 204 
94 204 
94 204 
94 205 
94 205 
94 205 
94 205 
94 205 
94 205 
94 205 
94 205 
94 205 
94 205 
94 205 
94 205 
94 205 
94 206 
94 206 
94 206 
94 206 
94 206 
94 206 
94 207 
94 207 
94 207 
94 207 
94 207 
94 148 149 207 
94 147 150 208 
94 145 155 208 
94 143 158 208 
93 142 159 208 
93 142 160 209 
93 142 160 209 
93 142 161 209 
93 142 161 209 
93 142 161 209 
93 142 161 209 
92 142 161 208 
92 142 161 208 
92 142 161 208 
92 143 161 209 
