615 640 
616 640 
617 626 627 640 
613 614 621 626 627 629 630 640 
616 617 621 624 628 629 630 640 
617 618 631 640 
631 640 
619 620 631 640 
627 629 632 640 
632 640 
633 640 
629 630 633 640 
634 640 
635 640 
636 640 
636 640 
636 640 
632 634 636 640 
634 640 
633 640 
633 640 
633 640 
633 640 
632 640 
633 640 
630 631 633 640 
634 640 
634 640 
636 640 
636 640 
632 633 637 640 
632 633 638 640 
639 640 
634 635 


637 638 
638 640 
638 639 
























219 222 
217 224 
216 229 
214 233 
214 237 
214 240 
214 242 
214 245 
213 247 
213 249 
212 251 
212 253 
211 255 
210 257 
210 259 
209 261 
209 263 
208 265 
208 267 
208 270 
208 273 
207 275 
207 278 
207 281 
207 285 
207 289 
210 292 
211 296 
212 299 
213 302 
210 212 215 304 
211 212 217 306 
213 214 220 308 
216 217 222 310 
216 219 224 312 
220 315 
218 318 
212 321 
203 324 
192 328 
185 332 
180 335 
170 340 
157 343 
148 346 
141 350 
138 352 
135 355 
132 357 
130 359 
129 361 
128 362 
127 364 
126 366 
126 367 
126 369 
126 371 
126 372 
126 374 
125 375 
125 377 
125 379 
124 380 
123 382 
123 384 
123 385 
123 387 
122 389 
122 390 
122 392 
122 393 
122 395 
122 123 124 397 
125 398 
125 400 
124 402 
124 403 
124 405 
124 406 
124 408 
124 410 
123 411 
123 413 
122 415 
122 416 
121 418 
121 419 
121 421 
120 422 
120 424 
121 426 
121 427 
123 429 
125 430 
129 432 
133 434 
127 130 135 137 138 139 141 435 
130 132 135 136 141 437 
141 439 
141 440 
141 442 
141 443 
140 445 
140 447 
140 448 
140 450 
139 451 
139 453 
139 455 
139 456 
139 458 638 640 
139 459 635 640 
141 461 633 640 
141 462 632 640 
142 144 146 464 631 640 
148 466 630 640 
154 467 629 640 
158 469 628 640 
153 155 162 168 169 172 173 470 626 640 
170 172 173 472 624 640 
172 473 622 640 
172 475 621 640 
172 477 620 640 
171 478 619 640 
171 480 617 640 
171 482 616 640 
170 483 615 640 
169 484 614 640 
169 486 613 640 
169 487 613 640 
169 489 613 640 
170 491 613 640 
172 492 613 640 
173 494 612 640 
174 495 612 640 
176 497 590 592 612 640 
179 498 589 594 597 599 610 611 612 640 
178 500 589 600 611 640 
179 181 183 184 185 501 588 602 612 640 
182 188 192 193 197 200 201 503 588 640 
190 199 201 205 210 504 587 640 
204 206 209 506 587 640 
206 207 208 507 587 640 
208 509 581 640 
208 510 578 579 580 640 
208 512 580 640 
207 513 576 578 580 640 
207 514 576 640 
206 516 576 640 
206 517 575 640 
206 518 575 640 
206 520 575 640 
205 522 575 640 
205 523 575 640 
204 331 333 524 575 640 
203 329 332 526 575 640 
203 328 333 334 336 527 575 640 
202 326 338 528 576 640 
202 325 340 529 575 640 
202 323 341 531 573 640 
202 321 343 532 571 640 
206 320 345 533 568 640 
209 318 347 534 564 640 
212 317 349 535 561 640 
214 315 347 348 350 536 557 640 
215 313 349 538 554 640 
218 312 352 539 551 640 
222 310 351 354 355 540 547 640 
223 308 356 542 545 640 
225 306 358 640 
228 305 359 640 
228 303 360 640 
229 301 363 640 
229 299 364 640 
230 297 362 364 366 640 
232 295 364 365 367 640 
235 292 368 640 
240 275 287 288 371 640 
240 242 246 249 256 266 270 275 372 640 
245 254 371 640 
247 248 373 640 
374 640 
375 378 379 640 
377 640 
378 640 
382 640 
383 640 
386 640 
387 640 
385 386 389 640 
389 640 
388 389 391 640 
392 640 
391 392 393 640 
395 640 
394 395 396 640 
395 396 398 640 
400 640 
401 640 
402 640 
403 640 
405 640 
406 640 
408 640 
409 640 
411 640 
408 409 412 640 
410 411 413 640 
415 640 
416 640 
414 415 418 640 
419 640 
421 640 
420 421 422 640 
422 640 
421 422 425 640 
426 640 
427 640 
428 640 
426 427 429 640 
427 429 430 640 
428 429 431 640 
430 431 432 640 
434 640 
230 284 432 433 436 640 
212 287 289 291 437 640 
195 198 200 292 439 640 
187 293 441 640 
175 293 438 439 442 640 
174 293 439 440 443 640 
167 294 440 442 444 640 
164 294 442 443 445 640 
163 295 443 640 
163 296 445 447 449 640 
163 296 447 449 450 640 
163 297 448 450 452 640 
163 299 449 450 453 640 
163 300 454 640 
163 300 451 453 456 640 
163 300 453 454 455 456 457 640 
164 300 455 456 458 640 
164 300 461 640 
164 300 457 459 461 640 
164 300 463 640 
164 300 461 462 465 640 
165 300 466 640 
165 300 468 640 
165 300 468 640 
165 300 467 468 472 640 
166 299 474 640 
166 299 475 640 
166 299 477 640 
166 299 479 640 
167 299 479 480 482 640 
167 298 479 482 484 640 
167 298 486 640 
167 298 490 640 
168 298 492 640 
168 298 490 492 494 640 
168 297 491 492 496 594 602 640 
168 297 498 589 602 640 
169 296 502 582 600 640 
169 296 498 501 503 576 601 640 
170 295 500 503 507 570 600 640 
170 295 503 505 509 566 599 600 602 640 
171 295 506 509 512 560 601 640 
171 294 512 514 517 553 602 640 
172 293 515 516 523 547 602 640 
172 293 524 541 601 640 
173 292 601 640 
173 291 602 640 
174 290 601 640 
175 289 601 640 
175 288 601 640 
176 287 601 640 
177 286 600 640 
178 285 600 640 
179 284 600 640 
180 283 601 640 
182 282 601 640 
182 281 601 640 
184 280 602 640 
185 279 602 640 
187 277 602 640 
188 276 602 640 
189 275 602 640 
190 275 601 640 
192 274 601 640 
193 273 601 640 
195 273 602 640 
195 272 601 640 
196 272 601 640 
197 271 601 640 
198 271 601 640 
198 271 601 640 
199 270 601 640 
199 270 601 640 
200 270 601 640 
200 270 601 640 
200 269 601 640 
200 269 601 640 
199 269 598 599 601 640 
199 269 598 599 601 640 
199 268 598 599 601 640 
198 268 598 599 601 640 
199 268 598 599 601 640 
199 267 598 599 601 640 
199 268 598 599 601 640 
199 268 598 599 601 640 
200 268 598 599 601 640 
200 269 598 599 601 640 
200 269 601 640 
201 269 601 640 
201 269 601 640 
201 270 601 640 
202 270 601 640 
202 270 601 640 
202 270 601 640 
202 269 601 640 
202 268 600 640 
202 267 600 640 
203 266 600 640 
204 264 600 640 
205 262 600 640 
206 259 600 640 
208 253 600 640 
213 246 598 599 600 640 
598 599 600 640 
598 599 600 640 
600 640 
600 640 
600 640 
600 640 
600 640 
600 640 
600 640 
600 640 
600 640 
600 640 
600 640 
600 640 
600 640 
600 640 
600 640 
600 640 
600 640 
600 640 
600 640 
600 640 
600 640 
600 640 
600 640 
600 640 
600 640 
600 640 
600 640 
600 640 
600 640 
600 640 
600 640 
600 640 
600 640 
600 640 
600 640 
600 640 
597 598 600 640 
597 598 600 640 
597 598 599 640 
597 598 599 640 
597 598 599 640 
597 598 599 640 
597 598 599 640 
597 598 599 640 
597 598 599 640 
597 598 599 640 
597 598 599 640 
597 598 599 640 
599 640 
599 640 
599 640 
599 640 
599 640 
599 640 
599 640 
599 640 
599 640 
599 640 
599 640 
599 640 
599 640 
596 597 599 640 
596 597 599 640 
596 597 599 640 
596 597 599 640 
599 640 
599 640 
599 640 
596 597 598 640 
596 597 598 640 
598 640 
598 640 
598 640 
598 640 
595 596 598 640 
595 596 598 640 
595 596 598 640 
595 596 598 640 
595 596 598 640 
595 596 598 640 
595 596 598 640 
595 596 598 640 
595 596 598 640 
595 596 598 640 
597 640 
597 640 
597 640 
597 640 
