0 640 
0 640 
0 640 
0 640 
0 640 
0 640 
0 640 
0 640 
0 640 
0 640 
0 640 
0 640 
0 640 
0 640 
0 640 
0 640 
0 640 
0 640 
0 640 
0 640 
0 640 
0 640 
0 640 
0 640 
0 640 
0 640 
0 640 
0 640 
0 640 
0 307 325 640 
0 301 332 640 
0 296 336 640 
0 292 340 640 
0 269 344 640 
0 263 347 640 
0 259 349 640 
0 257 350 640 
0 254 352 640 
0 252 354 640 
0 250 355 640 
0 249 356 640 
0 247 357 640 
0 246 359 640 
0 245 359 387 393 640 
0 244 360 384 395 640 
0 243 361 383 398 640 
0 242 362 381 400 640 
0 241 362 380 401 640 
0 240 363 378 403 640 
0 240 364 378 404 640 
0 239 365 377 405 640 
0 238 365 376 407 640 
0 238 366 375 408 640 
0 237 366 375 409 640 
0 237 367 374 410 640 
0 236 367 373 412 640 
0 235 368 373 413 640 
0 235 369 372 413 640 
0 235 369 372 414 640 
0 235 370 371 415 640 
0 234 416 640 
0 234 417 640 
0 234 418 640 
0 234 419 640 
0 233 420 640 
0 233 420 640 
0 233 421 640 
0 233 421 640 
0 232 422 640 
0 232 422 640 
0 232 423 640 
0 232 423 640 
0 232 424 640 
0 232 424 640 
0 232 425 640 
0 232 425 640 
0 232 426 640 
0 232 426 640 
0 232 426 640 
0 232 426 640 
0 232 427 640 
0 232 427 640 
0 232 427 640 
0 232 427 640 
0 232 428 640 
0 232 428 640 
0 232 428 640 
0 232 429 640 
0 232 429 640 
0 232 429 640 
0 232 429 640 
0 232 430 640 
0 233 430 640 
0 233 430 640 
0 233 431 640 
0 233 431 640 
0 234 432 640 
0 234 432 640 
0 234 432 640 
0 234 432 640 
0 235 432 640 
0 235 431 640 
0 235 431 640 
0 235 430 640 
0 234 429 640 
0 234 428 640 
0 233 426 640 
0 233 424 640 
0 232 422 640 
0 231 420 640 
0 230 417 640 
0 230 414 640 
0 229 410 640 
0 228 405 640 
0 227 401 640 
0 226 390 640 
0 225 390 640 
0 224 391 640 
0 223 392 640 
0 222 392 640 
0 221 392 640 
0 219 393 640 
0 218 393 640 
0 215 393 640 
0 210 393 640 
0 208 394 640 
0 207 394 640 
0 207 394 640 
0 207 395 640 
0 207 395 640 
0 207 395 640 
0 207 395 640 
0 208 395 640 
0 209 395 640 
0 210 396 640 
0 212 215 217 396 640 
0 218 396 640 
0 217 396 640 
0 217 231 233 396 640 
0 217 230 234 396 640 
0 217 229 235 397 640 
0 217 227 235 397 640 
0 217 226 235 397 640 
0 216 225 236 397 640 
0 216 223 236 397 640 
0 217 221 236 397 640 
0 219 220 236 397 640 
0 236 397 640 
0 237 397 640 
0 237 397 640 
0 239 397 640 
0 239 397 640 
0 240 397 640 
0 241 397 640 
0 241 397 640 
0 243 397 640 
0 243 397 640 
0 245 397 640 
0 245 397 640 
0 247 397 640 
0 248 396 640 
0 249 396 640 
0 249 396 640 
0 249 344 345 396 640 
0 249 344 345 396 640 
0 249 344 345 396 640 
0 249 344 345 396 640 
0 249 343 345 396 640 
0 249 343 345 395 640 
0 249 342 344 395 640 
0 249 342 344 395 640 
0 248 268 269 342 344 395 640 
0 248 267 270 341 344 395 640 
0 248 267 270 341 344 395 640 
0 248 256 257 267 271 341 344 395 640 
0 248 255 257 266 272 340 344 394 640 
0 248 255 257 266 273 332 334 339 344 394 640 
0 247 254 257 265 274 331 334 339 344 394 640 
0 247 253 256 265 275 330 334 338 343 393 640 
0 150 154 247 253 256 264 276 329 334 336 343 393 640 
0 150 154 247 252 256 264 277 328 334 336 343 393 640 
0 149 155 246 251 255 263 278 328 334 335 344 393 640 
0 149 156 246 251 255 258 260 263 279 328 334 335 344 393 640 
0 149 157 246 250 255 257 260 262 280 329 333 335 344 392 640 
0 148 158 245 249 254 257 259 262 281 330 331 336 344 392 640 
0 148 159 245 249 254 256 259 261 283 337 344 392 640 
0 148 160 245 247 253 255 258 261 284 337 344 392 640 
0 148 160 244 247 253 255 258 260 286 337 344 391 640 
0 147 161 244 246 253 254 258 260 287 336 344 391 640 
0 147 162 243 245 258 259 289 336 344 390 640 
0 147 165 166 168 243 245 257 258 291 335 344 390 640 
0 147 169 242 244 257 258 292 335 344 390 640 
0 146 169 294 335 344 389 640 
0 146 170 295 334 344 389 640 
0 146 151 153 171 295 334 344 388 640 
0 145 151 154 173 295 334 344 388 640 
0 144 152 155 177 295 335 344 388 640 
0 143 180 295 336 343 387 640 
0 141 181 293 338 343 387 640 
0 139 182 290 340 343 386 640 
0 138 184 287 386 640 
0 138 184 284 386 640 
0 137 184 281 384 559 565 640 
0 137 185 278 384 558 566 640 
0 136 185 275 382 556 567 640 
0 136 185 272 382 555 568 640 
0 135 185 270 381 553 569 640 
0 135 185 269 380 551 570 640 
0 135 185 266 379 549 571 640 
0 135 186 265 378 546 571 640 
0 135 187 263 374 375 377 544 573 640 
0 135 187 262 376 542 574 640 
0 136 186 260 375 540 574 640 
0 136 186 259 374 537 575 640 
0 136 187 258 374 535 576 640 
0 136 189 257 374 532 577 640 
0 135 190 256 375 530 577 640 
0 133 190 256 376 528 578 640 
0 132 191 255 377 526 579 640 
0 131 192 255 377 524 580 640 
0 130 178 180 191 254 378 522 561 565 581 640 
0 130 157 160 175 180 191 254 378 520 559 566 581 640 
0 129 158 162 172 182 192 197 202 254 379 518 557 567 582 640 
0 129 159 182 214 254 379 515 556 567 583 640 
0 129 159 183 221 253 380 514 555 568 583 640 
0 128 159 184 222 253 380 511 556 569 584 640 
0 128 159 185 223 253 381 510 558 569 585 640 
0 127 159 185 222 253 381 508 559 570 586 640 
0 126 159 186 222 252 382 507 561 571 589 592 597 640 
0 125 159 187 221 252 382 505 562 571 600 640 
0 124 158 187 221 252 382 503 563 572 603 640 
0 123 157 187 221 252 383 501 563 573 605 640 
0 122 157 186 220 251 383 500 562 573 608 640 
0 121 157 186 218 233 237 251 384 498 562 574 611 640 
0 120 156 186 219 226 242 250 384 496 561 575 614 640 
0 119 155 186 246 249 385 494 561 575 616 640 
0 118 153 186 385 493 560 575 619 640 
0 118 152 186 385 492 559 576 622 640 
0 118 152 186 386 490 558 576 624 640 
0 117 152 186 386 488 513 516 558 575 627 640 
0 117 150 187 387 486 510 516 557 574 630 640 
0 117 150 187 387 485 507 517 556 574 632 640 
0 117 148 187 387 483 505 518 555 573 635 640 
0 117 147 188 388 413 419 481 503 518 554 572 637 640 
0 117 144 188 388 409 422 479 502 518 554 572 638 640 
0 117 143 190 213 216 389 404 425 472 500 519 553 572 638 640 
0 118 141 191 212 217 389 399 427 469 499 520 552 572 638 640 
0 118 140 192 210 217 430 467 497 520 552 572 637 640 
0 119 138 194 207 218 434 466 496 521 551 572 635 640 
0 119 137 196 204 219 439 465 495 522 550 572 633 640 
0 121 136 200 201 220 444 461 493 523 548 573 631 640 
0 122 135 220 493 524 547 573 629 640 
0 125 132 221 494 526 544 574 627 640 
0 221 494 528 540 574 625 640 
0 222 495 534 535 574 623 640 
0 222 495 574 621 640 
0 223 496 575 620 640 
0 223 496 575 618 640 
0 225 497 576 617 640 
0 226 391 410 497 577 616 640 
0 229 390 410 440 455 497 578 617 640 
0 231 389 410 440 457 497 579 618 640 
0 233 387 409 440 459 497 580 619 640 
0 235 236 238 239 242 386 409 441 459 497 582 620 640 
0 242 383 408 441 459 497 582 621 640 
0 242 384 408 441 460 497 584 622 640 
0 242 384 408 442 460 496 590 623 640 
0 242 384 408 442 460 496 597 624 640 
0 242 385 408 442 460 496 600 624 640 
0 243 385 407 442 461 495 601 625 640 
0 244 385 407 442 461 495 602 627 640 
0 245 385 407 442 462 494 603 628 640 
0 246 385 407 442 462 493 604 629 640 
0 248 386 407 442 463 493 605 630 640 
0 250 387 407 442 464 492 606 631 640 
0 253 388 406 441 465 491 607 633 640 
0 253 389 406 441 466 490 608 634 640 
0 252 390 406 440 467 488 609 636 638 
0 251 390 406 440 469 486 610 
0 250 391 406 439 471 484 611 
0 250 389 406 438 612 
0 249 387 405 437 613 
0 249 385 405 436 614 
0 250 384 405 434 615 
0 250 384 405 433 615 
0 253 383 405 430 618 
0 259 383 405 428 619 
0 259 383 404 425 620 
0 260 383 404 423 621 
0 261 383 404 420 621 
0 261 384 404 418 620 
0 261 384 404 416 620 
0 261 384 404 414 620 
0 262 384 404 411 620 
0 262 385 620 
0 262 385 620 
0 262 385 620 
0 261 385 620 
0 261 385 620 
0 261 385 621 
0 261 385 622 
0 261 385 622 
0 261 385 622 
0 260 385 622 
0 260 385 622 
0 260 385 624 
0 260 385 624 
0 260 385 625 
0 260 385 626 
0 260 386 627 
0 260 386 628 
0 259 386 629 
0 259 386 630 
0 259 386 631 
0 259 386 633 
0 259 386 634 
0 259 386 637 
0 259 386 640 
0 259 386 640 
0 260 386 640 
0 260 386 640 
0 260 386 640 
0 260 386 640 
0 260 387 640 
0 260 387 640 
0 260 387 640 
0 260 387 640 
0 260 387 640 
0 260 387 640 
0 261 387 640 
0 261 387 640 
0 261 387 640 
0 261 387 640 
0 261 387 640 
0 262 387 640 
0 262 387 640 
0 262 388 640 
0 262 388 640 
0 262 388 640 
0 262 388 640 
0 263 388 640 
0 263 388 640 
0 263 388 640 
0 263 388 640 
0 263 388 640 
0 263 388 640 
0 263 388 640 
0 264 388 640 
0 264 388 640 
0 264 389 640 
0 264 389 640 
0 264 389 640 
0 264 389 640 
0 264 389 640 
0 264 389 640 
0 264 389 640 
0 264 389 640 
0 264 390 640 
0 264 390 640 
0 264 390 640 
0 264 390 640 
0 264 390 640 
0 264 390 640 
0 264 390 640 
0 264 389 640 
0 264 389 640 
0 264 389 640 
0 264 388 640 
0 263 388 640 
0 263 388 640 
0 263 388 640 
0 263 387 640 
0 263 387 640 
0 262 387 640 
0 262 387 640 
0 262 386 640 
0 262 386 640 
0 261 386 640 
0 261 386 640 
0 261 385 640 
0 261 385 640 
0 260 385 640 
0 260 384 640 
0 260 384 640 
0 259 384 640 
0 259 383 640 
0 259 383 640 
0 259 383 640 
0 258 382 640 
0 258 382 640 
0 257 382 640 
0 257 381 640 
0 256 381 640 
0 256 380 640 
0 255 380 640 
0 255 380 640 
0 254 379 640 
0 254 379 640 
0 254 379 640 
0 253 379 640 
0 253 379 640 
0 252 379 640 
0 252 380 640 
0 252 380 640 
0 251 380 640 
0 251 381 640 
0 250 381 640 
0 250 381 640 
0 250 382 640 
0 249 382 640 
0 249 382 640 
0 248 383 640 
0 248 383 640 
0 248 383 640 
0 247 384 640 
0 247 384 640 
0 247 384 640 
0 247 385 640 
0 246 385 640 
0 246 385 640 
0 245 385 640 
0 245 386 640 
0 245 386 640 
0 244 386 640 
0 244 387 640 
0 244 387 640 
0 243 387 640 
0 243 387 640 
0 243 387 640 
0 243 388 640 
0 242 388 640 
0 242 389 640 
0 242 389 640 
0 242 389 640 
0 241 390 640 
0 241 390 640 
0 240 390 640 
0 240 391 640 
0 240 391 640 
0 240 392 640 
0 239 392 640 
0 239 392 640 
0 239 393 640 
0 238 393 640 
0 238 394 640 
0 238 394 640 
0 238 395 640 
0 237 395 640 
0 237 396 640 
0 237 396 640 
0 237 396 640 
0 236 397 640 
0 236 397 640 
0 236 398 640 
0 235 398 640 
0 235 399 640 
0 235 400 640 
0 234 400 640 
0 234 400 640 
0 234 401 640 
0 233 401 640 
0 233 402 640 
0 233 402 640 
0 233 403 640 
0 232 403 640 
0 232 404 640 
0 232 404 640 
0 232 405 640 
0 231 405 640 
0 231 406 640 
0 231 407 640 
0 230 407 640 
0 230 408 640 
0 230 408 640 
0 229 409 640 
0 229 409 640 
0 229 410 640 
0 228 410 640 
0 228 411 640 
0 229 411 640 
