





































































































































































































































































































































346 355 
344 357 
342 358 
341 359 
266 268 271 272 296 297 299 301 340 360 
248 310 338 361 
222 362 
207 364 
200 369 
192 375 
187 379 
184 381 
183 382 
182 383 
181 383 
181 383 
181 383 
181 383 
181 383 
181 383 
181 383 
181 383 
180 383 
180 383 
179 383 
179 383 
179 383 
179 382 
178 382 
178 382 
178 382 
178 382 
178 382 
179 381 
179 381 
179 381 
179 381 
179 380 
179 380 
179 380 
180 379 
180 379 
180 379 
180 379 
180 378 
180 378 
181 378 
181 378 
181 377 
181 377 
181 377 
182 376 
182 376 
182 375 
183 375 
183 375 
184 374 
184 374 
184 374 
184 373 
185 373 
185 372 
186 372 
186 371 
186 371 
187 370 
188 370 
188 370 
189 369 
189 368 
189 367 
190 367 
191 366 
192 365 
192 365 
194 364 
194 363 
195 362 
196 361 
197 360 
198 359 
200 359 
199 200 201 356 
201 355 
203 356 
204 353 
203 204 205 353 
206 350 
207 350 
209 349 
210 346 
211 346 
211 345 346 347 
213 344 
215 343 
214 215 216 341 
217 341 
216 217 218 340 
217 218 220 339 
220 338 
220 338 
220 337 
221 337 
222 336 
222 336 
223 335 
224 335 
224 335 
224 334 
225 334 
225 334 
225 333 
226 333 
226 333 
227 332 
227 332 
227 332 
228 331 
228 331 
228 331 
228 331 
229 331 
229 332 
229 332 
230 332 
230 332 
230 333 
231 333 
231 333 
231 334 
231 334 
231 334 
230 334 
230 334 
230 334 
230 334 
230 334 
230 333 
229 333 
229 332 
229 332 
228 332 
228 332 
228 331 
228 331 
228 331 
228 331 
228 331 
228 330 
229 330 
229 328 
229 328 
231 325 
232 324 
