0 640 
0 640 
0 640 
0 640 
0 640 
0 640 
0 640 
0 640 
0 640 
0 640 
0 640 
0 640 
0 640 
0 640 
0 640 
0 640 
0 640 
0 640 
0 640 
0 640 
0 640 
0 640 
0 640 
0 640 
0 640 
0 640 
0 640 
0 640 
0 640 
0 640 
0 640 
0 640 
0 640 
0 640 
0 640 
0 640 
0 640 
0 640 
0 640 
0 640 
0 640 
0 640 
0 640 
0 640 
0 640 
0 640 
0 640 
0 640 
0 640 
0 640 
0 640 
0 640 
0 640 
0 640 
0 640 
0 640 
0 640 
0 640 
0 640 
0 640 
0 640 
0 640 
0 640 
0 640 
0 640 
0 640 
0 640 
0 640 
0 640 
0 640 
0 640 
0 640 
0 640 
0 640 
0 640 
0 640 
0 640 
0 640 
0 640 
0 640 
0 640 
0 640 
0 640 
0 640 
0 640 
0 640 
0 640 
0 640 
0 640 
0 640 
0 640 
0 640 
0 640 
0 640 
0 640 
0 640 
0 640 
0 640 
0 640 
0 640 
0 640 
0 640 
0 640 
0 640 
0 640 
0 640 
0 640 
0 640 
0 640 
0 640 
0 640 
0 640 
0 640 
0 640 
0 640 
0 640 
0 640 
0 640 
0 640 
0 640 
0 640 
0 640 
0 640 
0 640 
0 640 
0 640 
0 640 
0 640 
0 640 
0 640 
0 640 
0 640 
0 640 
0 640 
0 640 
0 640 
0 640 
0 640 
0 640 
0 640 
0 640 
0 640 
0 640 
0 640 
0 640 
0 640 
0 640 
0 640 
0 640 
0 640 
0 640 
0 640 
0 640 
0 640 
0 640 
0 640 
0 640 
0 640 
0 640 
0 640 
0 640 
0 640 
0 640 
0 640 
0 640 
0 640 
0 640 
0 640 
0 640 
0 640 
0 640 
0 640 
0 640 
0 640 
0 640 
0 640 
0 640 
0 640 
0 640 
0 640 
0 640 
0 640 
0 640 
0 640 
0 640 
0 640 
0 640 
0 640 
0 640 
0 640 
0 640 
0 640 
0 640 
0 640 
0 640 
0 640 
0 640 
0 640 
0 640 
0 640 
0 640 
0 640 
0 640 
0 640 
0 640 
0 640 
0 640 
0 640 
0 640 
0 640 
0 640 
0 640 
0 640 
0 640 
0 640 
0 640 
0 640 
0 640 
0 640 
0 640 
0 640 
0 640 
0 640 
0 640 
0 640 
0 640 
0 640 
0 640 
0 640 
0 640 
0 640 
0 640 
0 640 
0 640 
0 640 
0 640 
0 640 
0 640 
6 640 
11 640 
14 640 
18 640 
22 640 
24 640 
28 640 
32 640 
34 640 
38 640 
40 640 
43 640 
45 640 
48 640 
52 640 
54 640 
56 640 
58 640 
62 640 
63 640 
65 640 
68 640 
69 640 
71 640 
73 640 
75 640 
77 640 
80 640 
81 640 
82 640 
83 640 
83 640 
84 640 
84 640 
83 640 
82 640 
81 640 
80 640 
80 640 
81 640 
81 640 
81 640 
82 640 
83 640 
83 640 
84 640 
84 640 
85 640 
85 640 
86 640 
86 640 
87 640 
87 640 
87 640 
87 640 
88 640 
88 640 
88 640 
89 640 
90 640 
90 640 
91 640 
92 640 
92 640 
92 640 
93 640 
94 640 
94 640 
95 640 
95 640 
95 640 
94 640 
94 640 
94 640 
94 640 
94 640 
94 640 
94 640 
93 640 
93 640 
93 640 
93 640 
93 640 
94 640 
94 640 
94 640 
94 640 
94 640 
94 640 
91 92 94 640 
94 640 
93 640 
93 640 
93 640 
90 640 
90 640 
90 640 
90 640 
88 640 
88 640 
88 640 
88 640 
88 640 
88 640 
89 640 
89 640 
87 640 
86 640 
86 640 
86 640 
83 640 
83 640 
83 640 
83 640 
84 640 
84 640 
84 640 
84 640 
84 640 
85 640 
85 640 
85 640 
85 640 
85 640 
85 640 
86 98 105 640 
87 93 106 640 
106 640 
107 640 
107 640 
107 640 
107 640 
107 640 
107 640 
107 640 
107 640 
107 640 
107 640 
106 640 
106 640 
105 640 
105 640 
105 640 
104 640 
104 640 
104 640 
104 640 
105 640 
105 640 
106 640 
106 640 
107 640 
108 640 
108 640 
109 640 
110 640 
111 640 
111 640 
112 640 
112 640 
113 640 
114 640 
114 640 
114 640 
114 640 
114 640 
114 640 
114 640 
113 640 
113 471 486 488 489 640 
112 463 496 640 
111 455 503 640 
111 448 507 640 
110 446 510 640 
110 441 513 640 
110 436 516 640 
110 433 519 640 
110 430 521 640 
110 426 523 640 
110 423 525 640 
110 420 527 640 
110 418 529 640 
111 415 531 640 
111 413 532 640 
111 411 534 640 
112 408 535 640 
113 405 536 640 
113 403 538 640 
115 400 539 640 
116 399 540 640 
116 397 542 640 
117 395 542 640 
118 392 544 640 
118 391 545 640 
118 389 546 640 
117 387 546 640 
117 385 547 640 
116 384 548 640 
116 382 549 640 
115 381 550 640 
115 379 551 640 
115 377 552 640 
116 375 552 640 
116 374 553 640 
116 372 554 640 
116 370 554 640 
117 369 555 640 
117 367 555 640 
117 366 556 640 
117 364 557 640 
117 362 557 640 
117 360 558 640 
118 359 559 640 
118 357 559 640 
118 356 560 640 
118 354 560 640 
119 352 561 640 
119 350 561 640 
120 348 562 640 
120 346 562 640 
119 344 562 640 
119 341 563 640 
119 339 563 640 
119 337 564 640 
119 335 564 640 
119 333 565 640 
119 331 565 640 
118 329 566 640 
117 327 566 640 
115 325 566 640 
114 323 567 640 
113 320 567 640 
111 317 568 640 
110 316 568 640 
109 314 569 640 
107 312 569 640 
106 310 570 640 
104 307 570 640 
102 306 570 640 
100 304 570 640 
97 301 570 640 
96 300 571 640 
