137 199 
119 123 136 199 
114 133 135 199 
109 200 
108 200 
104 200 
103 200 
103 200 
101 200 
100 200 
99 201 
98 202 
97 204 
96 205 
96 207 
94 208 
94 210 
93 211 
93 213 
92 214 
90 215 
90 216 
89 218 
89 219 
88 220 
87 222 
86 223 
86 224 
85 225 
85 226 
84 227 
84 229 
84 230 
83 231 
83 232 
82 233 
82 234 
82 234 
81 235 
81 235 
81 235 
81 235 
80 235 
80 236 
79 236 
79 237 
78 238 
78 239 
78 240 
77 242 
76 243 
76 244 
75 245 
75 246 
74 247 
74 247 
73 248 
73 249 
72 250 
72 250 
71 251 
71 252 
70 253 
70 253 
70 254 
69 255 
69 255 
69 256 
68 256 
68 257 
67 258 
67 258 
67 259 
66 259 
66 260 
65 260 
65 261 
65 261 
64 262 
64 262 
64 262 
64 262 
63 263 
63 263 
63 263 
62 263 
62 263 
62 264 
61 264 
61 264 
61 264 
61 264 
61 264 
60 264 
60 265 
60 265 
60 265 
60 265 
59 265 
59 266 
59 266 
58 266 
58 267 
58 267 
58 267 
58 268 
58 268 
57 268 
57 269 
57 269 
57 270 
57 265 267 271 
57 265 268 272 
57 265 270 272 
56 265 271 273 
56 265 
56 265 
56 265 
56 265 
56 264 
56 264 
56 264 
56 264 
56 264 
56 264 
56 264 
56 264 
56 260 262 264 
55 260 262 264 
55 259 262 264 
55 259 262 264 
55 259 263 264 
55 254 255 259 
55 253 255 258 
55 252 256 258 
55 251 256 258 
55 250 257 258 
55 249 
55 247 
54 246 
54 245 
54 238 240 244 
54 237 240 242 
54 235 239 241 
54 234 239 240 
54 233 
54 233 
54 233 
54 233 
54 234 
54 234 
54 235 
54 236 
54 237 
54 238 
54 239 
54 240 
54 242 
54 242 
54 242 
54 242 
54 241 
54 240 
54 237 
54 233 
54 231 
54 230 
54 230 
54 230 
54 229 
54 229 
54 229 
54 228 
54 228 
54 227 
54 225 
54 224 
54 223 
55 223 
55 223 
55 222 
55 222 
55 222 
55 222 
55 222 
55 222 
55 222 
55 223 
55 223 
55 222 
55 223 
55 223 
55 223 
55 223 
55 223 
55 223 
55 223 
55 223 
56 223 
56 224 
56 224 
56 224 
56 224 
56 224 
56 224 
56 225 
56 225 
56 220 
57 220 
57 220 
57 220 
57 220 
57 220 
57 220 
57 220 
57 220 
57 220 
57 203 204 220 
57 203 204 220 
57 203 204 220 
57 220 
57 220 
58 60 62 221 
58 60 66 67 68 221 
68 221 
68 221 
68 220 
68 220 
68 220 
68 72 76 220 
68 72 77 79 81 219 
68 71 78 79 81 219 
68 71 81 219 
69 70 81 219 
81 219 
81 85 86 219 
81 85 87 219 
81 85 87 219 
81 84 87 219 
81 84 87 218 
81 84 86 218 
81 83 86 219 
81 83 86 219 
81 83 86 220 
81 82 86 220 
86 221 
86 221 435 452 468 471 
87 222 432 456 467 472 
88 95 96 222 430 458 466 471 
89 93 97 223 429 460 466 471 
98 223 427 462 465 471 
98 224 426 463 465 470 
98 224 425 470 
98 225 227 236 424 469 
98 241 424 469 
99 241 423 470 
99 242 422 472 
99 242 422 473 
100 243 421 475 
100 243 420 476 
100 243 420 478 
100 244 419 479 
100 244 419 480 
99 244 418 480 
99 245 418 481 
99 245 417 482 
98 246 417 482 
98 246 416 483 
100 246 416 483 
102 247 416 484 
103 247 415 484 
102 248 415 484 
102 248 415 485 
102 249 414 485 
102 249 414 485 
102 250 414 485 
102 250 414 485 
102 251 413 486 
102 252 413 486 
102 253 413 486 
101 254 413 486 
101 256 413 486 
101 258 413 486 
101 260 412 486 
101 262 412 486 
101 264 412 486 
101 266 412 485 
101 268 412 485 
101 270 412 485 
101 272 412 485 
101 273 412 485 
100 275 413 484 
100 277 413 484 
100 279 413 484 
100 281 400 403 413 483 
100 283 388 405 413 483 
100 284 372 405 413 483 
100 286 360 406 414 482 
100 288 346 407 414 482 
100 290 339 408 413 482 
100 292 329 408 411 482 
100 293 321 481 
100 295 314 481 
100 297 307 481 
100 298 303 480 
100 479 
100 479 
99 478 
99 478 
99 477 
99 476 
99 475 
99 475 
99 474 
99 473 
99 473 
99 472 
99 471 
99 471 
99 470 
99 469 
99 468 
99 467 
99 466 
99 465 
99 464 
99 463 
99 462 
99 461 
99 460 
99 458 
98 456 
98 454 
98 422 425 448 
98 422 
98 422 
98 422 
98 422 
98 422 
98 422 
99 422 
99 422 
99 422 
99 422 
99 423 
99 423 
99 423 
98 423 
98 423 
98 423 
98 423 
97 423 
98 423 
98 423 
99 423 
99 424 
99 424 
99 424 
98 424 
98 424 
98 424 
98 424 
98 424 
98 424 
98 424 
98 424 
98 424 
99 424 
99 424 
99 424 
99 424 
99 424 
99 424 
99 424 
99 424 
99 424 
98 424 
98 424 
98 424 
98 424 
98 424 
98 424 
98 424 
98 424 
98 424 
98 424 
98 424 
98 424 
98 424 
98 424 
98 424 
98 424 
98 424 
98 424 
98 424 
98 424 
98 424 
98 423 
98 423 
98 423 
97 423 
97 423 
97 423 
97 423 
97 423 
97 423 
97 423 
97 423 
97 422 
97 422 
97 422 
97 422 
97 422 
97 422 
97 422 
97 421 
97 421 
97 421 
97 421 
97 421 
96 420 
96 420 
96 420 
96 420 
96 420 
96 419 
96 419 
96 419 
96 419 
96 419 
96 418 
96 418 
96 418 
96 418 
96 418 
95 418 
95 417 
95 417 
95 417 
95 417 
95 416 
95 416 
95 416 
95 416 
95 415 
95 415 
95 415 
95 415 
94 414 
94 414 
94 414 
94 413 
94 413 
94 413 
94 413 
94 413 
94 412 
94 412 
94 411 
94 411 
94 411 
94 410 
94 410 
94 410 
93 410 
93 409 
93 409 
92 409 
92 408 
92 408 
91 408 
91 407 
90 407 
90 406 
90 230 233 236 237 406 
89 230 237 406 
88 230 238 405 
88 230 238 405 
87 230 238 404 
87 230 238 404 
