0 115 121 430 433 640 
0 115 121 430 433 640 
0 115 121 185 187 429 432 640 
0 116 121 184 188 427 431 640 
0 117 121 183 189 427 431 640 
0 118 121 183 189 426 430 640 
0 118 121 182 189 425 428 640 
0 119 120 182 189 424 426 640 
0 183 189 640 
0 183 188 640 
0 183 187 640 
0 184 187 640 
0 185 186 640 
0 640 
0 640 
0 640 
0 640 
0 640 
0 640 
0 640 
0 640 
0 640 
0 640 
0 640 
0 640 
0 640 
0 640 
0 640 
0 640 
0 640 
0 640 
0 640 
0 640 
0 640 
0 640 
0 362 370 640 
0 360 372 640 
0 223 224 358 374 640 
0 222 226 359 373 640 
0 221 227 362 370 640 
0 220 227 640 
0 220 228 640 
0 221 227 640 
0 222 227 640 
0 223 227 640 
0 224 226 640 
0 640 
0 640 
0 640 
0 640 
0 640 
0 640 
0 640 
0 640 
0 640 
0 640 
0 640 
0 640 
0 403 405 640 
0 402 421 640 
0 19 24 402 424 640 
0 18 25 403 425 640 
0 18 26 403 425 640 
0 19 26 402 426 640 
0 19 27 403 427 640 
0 20 27 403 428 640 
0 22 28 404 428 640 
0 404 429 640 
0 405 429 640 
0 405 430 483 484 640 
0 406 430 482 485 640 
0 406 431 482 486 640 
0 407 431 482 486 640 
0 408 431 481 487 640 
0 409 431 482 487 640 
0 411 432 482 488 640 
0 412 430 483 488 640 
0 483 489 640 
0 484 490 640 
0 485 489 640 
0 487 488 640 
0 640 
0 640 
0 640 
0 640 
0 429 430 640 
0 429 432 640 
0 430 434 640 
0 431 435 640 
0 431 435 640 
0 432 436 640 
0 433 437 640 
0 434 437 640 
0 434 437 640 
0 435 438 640 
0 436 438 640 
0 437 438 640 
0 640 
0 640 
0 2 3 640 
0 2 6 640 
0 3 16 500 501 640 
0 4 20 500 504 640 
0 6 20 501 506 640 
0 8 21 502 507 640 
0 10 21 35 42 502 508 640 
0 12 21 35 41 502 509 640 
0 14 20 503 509 640 
0 17 20 323 328 504 510 640 
0 18 19 321 328 505 511 640 
0 320 328 506 511 640 
0 319 328 507 511 640 
0 318 328 508 511 640 
0 318 328 509 511 640 
0 317 328 385 389 640 
0 317 328 384 391 640 
0 317 327 335 338 384 392 640 
0 317 327 335 339 384 392 640 
0 317 326 335 339 384 392 640 
0 317 325 336 339 384 392 640 
0 318 325 337 340 345 351 384 392 640 
0 318 323 338 339 344 352 365 370 385 392 640 
0 318 321 343 352 366 372 385 392 640 
0 343 352 367 374 386 392 640 
0 342 350 368 373 387 391 640 
0 343 345 388 390 640 
0 640 
0 213 214 640 
0 212 215 640 
0 213 217 640 
0 214 218 640 
0 215 219 640 
0 215 221 640 
0 217 221 640 
0 640 
0 640 
0 640 
0 149 151 640 
0 148 152 640 
0 148 152 640 
0 149 152 420 424 640 
0 150 152 419 426 640 
0 419 427 640 
0 419 427 640 
0 419 428 640 
0 419 428 640 
0 419 428 640 
0 419 428 640 
0 420 428 640 
0 420 428 640 
0 421 428 640 
0 421 428 640 
0 422 428 640 
0 424 428 640 
0 426 428 640 
0 640 
0 640 
0 640 
0 640 
0 227 230 640 
0 107 108 227 232 640 
0 106 109 227 233 640 
0 105 111 228 234 640 
0 105 115 158 160 228 235 640 
0 106 117 156 167 229 235 640 
0 106 118 156 167 229 236 640 
0 106 119 155 166 230 236 640 
0 107 120 154 165 195 197 200 201 232 236 640 
0 107 120 154 164 194 206 640 
0 108 120 153 163 195 209 640 
0 109 121 153 162 196 210 640 
0 110 121 152 160 196 211 456 457 640 
0 111 122 153 155 197 212 450 459 640 
0 114 121 197 213 449 461 471 474 640 
0 116 121 198 213 448 461 468 473 640 
0 199 214 449 462 465 471 640 
0 200 214 450 469 640 
0 5 6 201 215 450 467 640 
0 6 8 203 215 450 466 640 
0 7 10 206 215 451 466 640 
0 8 12 208 216 452 466 640 
0 8 13 211 216 453 468 640 
0 10 13 214 215 310 311 453 469 640 
0 11 14 309 312 454 469 640 
0 12 15 309 312 455 469 640 
0 13 16 310 313 457 467 640 
0 15 16 311 313 459 464 640 
0 312 314 640 
0 313 314 640 
0 314 315 354 355 640 
0 353 357 640 
0 139 142 242 248 353 358 640 
0 138 143 241 251 353 359 640 
0 139 144 241 253 354 360 640 
0 141 145 240 254 354 360 424 426 640 
0 143 144 240 255 355 361 425 429 640 
0 240 255 356 362 425 431 640 
0 241 256 357 362 426 432 640 
0 241 256 358 362 396 397 428 435 640 
0 242 257 325 326 359 363 396 397 429 436 640 
0 242 257 323 327 360 363 395 397 640 
0 242 257 323 328 395 398 640 
0 242 257 322 328 395 398 640 
0 243 257 322 328 395 398 588 591 640 
0 243 258 322 329 395 398 585 591 640 
0 244 258 322 329 395 398 583 590 640 
0 244 258 322 328 395 398 582 590 640 
0 243 258 322 328 396 398 581 590 640 
0 241 251 322 327 396 398 580 589 640 
0 240 251 322 327 580 588 640 
0 240 250 323 326 579 587 640 
0 240 248 324 325 579 587 640 
0 243 245 578 586 640 
0 578 585 640 
0 578 583 640 
0 578 581 640 
0 577 580 616 619 640 
0 616 625 640 
0 618 627 640 
0 618 629 640 
0 113 115 614 617 619 630 640 
0 113 115 614 631 640 
0 112 115 614 623 627 631 640 
0 112 115 614 624 640 
0 112 115 614 625 640 
0 112 115 614 626 640 
0 111 116 615 627 640 
0 111 116 615 628 640 
0 111 116 616 628 640 
0 111 116 617 629 640 
0 112 116 618 630 640 
0 112 116 619 630 640 
0 112 115 620 632 640 
0 113 115 540 542 625 632 640 
0 112 114 443 446 540 543 640 
0 112 114 443 448 539 543 640 
0 443 451 539 544 640 
0 443 453 538 544 640 
0 444 454 538 545 640 
0 444 455 538 545 640 
0 445 456 537 545 640 
0 446 456 537 546 640 
0 448 457 536 546 640 
0 450 458 536 546 640 
0 452 458 536 546 640 
0 457 458 535 546 640 
0 535 546 640 
0 535 545 640 
0 535 545 640 
0 535 545 640 
0 535 544 640 
0 535 544 640 
0 535 543 640 
0 536 543 640 
0 536 542 640 
0 462 467 536 542 640 
0 50 55 461 468 537 541 640 
0 46 48 49 57 462 470 537 541 640 
0 46 59 462 471 537 541 640 
0 47 60 463 473 538 540 640 
0 48 61 380 382 464 474 538 539 640 
0 48 62 381 383 465 475 640 
0 49 62 381 385 468 473 640 
0 51 61 382 386 640 
0 52 59 383 387 640 
0 384 388 640 
0 385 390 640 
0 387 388 389 390 640 
0 640 
0 640 
0 640 
0 416 420 640 
0 415 422 640 
0 413 423 640 
0 412 422 640 
0 413 421 640 
0 415 420 640 
0 640 
0 185 190 640 
0 185 191 385 392 640 
0 185 192 383 394 640 
0 185 192 382 394 640 
0 185 192 381 394 548 552 640 
0 184 192 380 393 548 554 640 
0 184 191 380 392 499 505 548 555 640 
0 185 190 380 390 497 506 547 556 640 
0 186 189 382 388 496 505 548 556 640 
0 495 504 548 557 580 587 640 
0 496 502 549 557 576 590 640 
0 499 501 550 557 575 593 640 
0 551 557 575 594 640 
0 554 558 576 595 640 
0 369 371 372 374 555 557 577 594 640 
0 368 375 579 592 640 
0 367 377 581 589 640 
0 367 379 584 587 640 
0 368 378 640 
0 640 
0 640 
0 640 
0 640 
0 380 382 640 
0 347 348 379 383 640 
0 347 349 379 384 640 
0 347 349 378 385 640 
0 347 349 378 385 640 
0 347 350 379 385 594 596 640 
0 114 124 347 350 379 384 591 594 640 
0 113 125 348 350 379 382 589 592 640 
0 113 125 348 351 380 381 588 591 640 
0 112 124 348 351 640 
0 111 124 349 351 640 
0 112 123 349 352 640 
0 115 122 350 352 640 
0 52 55 118 121 350 352 640 
0 51 55 351 353 640 
0 51 55 352 353 640 
0 51 56 352 353 640 
0 51 56 640 
0 51 57 640 
0 50 58 640 
0 50 58 640 
0 50 58 439 440 640 
0 49 58 440 445 640 
0 49 58 441 445 640 
0 49 58 592 597 640 
0 48 58 591 598 640 
0 48 58 591 599 640 
0 48 57 592 600 640 
0 48 57 593 601 640 
0 49 56 594 601 640 
0 49 55 594 602 640 
0 50 54 595 602 640 
0 51 53 596 603 640 
0 597 603 640 
0 598 603 640 
0 265 273 599 602 640 
0 259 260 264 274 640 
0 261 272 640 
0 262 270 640 
0 640 
0 352 356 640 
0 350 357 640 
0 351 359 640 
0 351 360 640 
0 352 360 640 
0 354 360 640 
0 356 358 640 
0 640 
0 640 
0 640 
0 640 
0 640 
0 640 
0 640 
0 335 337 640 
0 334 340 640 
0 332 341 640 
0 332 341 640 
0 331 341 640 
0 331 341 640 
0 330 341 640 
0 330 341 640 
0 331 341 640 
0 331 341 640 
0 331 340 640 
0 331 339 640 
0 330 338 640 
0 640 
0 640 
0 640 
0 640 
0 640 
0 640 
0 513 515 640 
0 512 515 640 
0 512 516 640 
0 512 516 640 
0 512 517 640 
0 511 517 640 
0 511 518 640 
0 511 518 640 
0 511 519 640 
0 511 519 640 
0 511 520 640 
0 511 519 640 
0 511 519 640 
0 511 519 640 
0 512 518 640 
0 513 518 640 
0 514 518 640 
0 514 518 640 
0 515 517 640 
0 640 
0 640 
0 640 
0 640 
0 640 
0 640 
0 640 
0 640 
0 640 
0 447 449 640 
0 448 452 640 
0 449 453 640 
0 450 454 640 
0 452 455 640 
0 453 455 640 
0 455 456 640 
0 640 
0 640 
0 640 
0 640 
0 640 
0 130 132 640 
0 129 133 640 
0 129 134 640 
0 128 136 640 
0 128 136 640 
0 128 136 634 635 640 
0 129 136 633 636 640 
0 130 135 632 637 640 
0 133 134 632 637 640 
0 632 637 640 
0 632 637 640 
0 632 637 640 
0 632 637 640 
0 633 638 640 
0 633 638 640 
0 633 637 640 
0 634 637 640 
0 635 636 640 
0 640 
0 640 
0 640 
0 640 
0 640 
0 640 
0 640 
0 640 
0 640 
0 640 
0 640 
0 640 
0 640 
0 640 
0 640 
0 640 
0 640 
0 640 
0 640 
0 640 
0 640 
0 640 
0 640 
0 640 
0 640 
0 640 
0 640 
0 640 
0 640 
0 640 
0 640 
0 640 
0 640 
0 640 
0 640 
0 640 
0 640 
0 640 
0 640 
0 640 
0 640 
0 640 
0 640 
0 640 
0 640 
0 640 
0 640 
0 640 
