















































116 117 
111 121 
110 132 638 640 
110 141 638 640 
111 148 171 175 637 640 
113 152 169 184 637 640 
115 156 165 186 636 640 
118 159 163 188 636 640 
121 190 636 640 
123 191 636 640 
126 193 636 640 
129 194 636 640 
131 195 636 640 
134 196 636 640 
136 197 636 640 
138 197 636 640 
140 198 637 640 
142 199 637 640 
144 199 637 640 
146 200 636 640 
148 200 634 640 
150 201 633 640 
152 201 632 640 
153 202 631 640 
155 202 629 640 
156 202 628 640 
157 203 626 640 
159 203 625 640 
160 203 623 640 
161 204 622 640 
162 204 620 640 
163 204 618 640 
164 204 617 640 
166 205 615 640 
167 205 614 640 
168 205 613 640 
169 206 611 640 
170 207 610 640 
171 208 608 640 
172 209 607 640 
173 210 606 640 
173 211 604 640 
175 212 603 640 
175 213 602 640 
176 214 600 640 
177 215 599 640 
178 216 598 640 
179 217 597 640 
179 218 597 640 
180 219 596 640 
181 220 595 640 
182 221 595 640 
183 222 595 640 
183 223 595 640 
184 224 595 640 
185 225 596 640 
186 226 597 640 
186 227 598 640 
187 228 600 640 
188 228 602 640 
188 229 604 640 
189 230 606 640 
190 231 608 640 
190 232 611 640 
191 233 613 640 
191 234 615 640 
191 237 618 640 
191 250 620 640 
192 254 622 640 
192 256 624 640 
192 258 626 640 
192 259 628 640 
192 261 630 640 
192 262 632 640 
192 264 633 640 
192 265 635 640 
193 266 636 640 
193 268 637 640 
194 269 639 640 
195 270 
195 271 
196 272 
197 253 255 273 
199 255 257 273 
200 256 258 274 
201 257 258 275 
203 275 
206 276 
207 277 
208 277 
208 278 
209 278 
210 278 
211 279 
211 279 
212 279 
212 279 
213 279 
214 280 
215 282 
216 285 
217 287 
218 290 
218 292 
219 295 
220 298 
221 300 
221 303 638 640 
222 306 636 640 
223 309 633 640 
224 312 334 336 629 640 
225 314 326 339 627 640 
225 317 323 341 625 640 
226 319 321 343 622 640 
227 344 560 597 619 640 
228 346 550 606 617 640 
229 347 545 609 614 640 
229 349 350 386 540 640 
230 394 535 640 
231 401 530 640 
232 407 526 640 
233 410 523 640 
234 414 519 640 
235 418 515 640 
236 423 452 486 511 640 
237 426 447 490 508 640 
238 429 444 493 506 640 
239 432 442 495 503 640 
240 435 440 496 500 640 
242 437 438 640 
243 640 
244 640 
245 640 
246 640 
248 640 
249 640 
250 640 
251 640 
253 640 
254 640 
255 640 
257 640 
258 640 
260 640 
261 640 
262 640 
263 640 
263 640 
263 640 
263 640 
263 640 
264 640 
264 640 
265 640 
265 640 
266 640 
267 640 
268 640 
269 640 
270 640 
271 640 
272 640 
273 288 290 640 
274 287 293 640 
277 282 283 289 294 640 
279 286 296 640 
283 284 298 640 
300 640 
301 640 
303 640 
304 640 
304 640 
305 640 
306 640 
306 640 
306 640 
307 640 
307 640 
307 640 
308 640 
308 640 
309 640 
310 640 
310 640 
310 640 
310 640 
310 640 
311 640 
311 640 
311 640 
311 640 
312 640 
312 640 
312 640 
313 640 
313 640 
314 640 
314 640 
315 640 
316 640 
317 640 
317 640 
318 640 
319 640 
320 640 
319 640 
319 640 
319 640 
320 640 
320 640 
320 640 
320 640 
320 638 
321 637 638 639 
321 637 638 639 
322 637 
323 638 
323 639 
324 640 
325 640 
325 638 
325 638 
326 637 
327 637 638 639 
328 636 
328 635 
329 634 
330 632 
330 632 
330 631 635 637 
330 631 635 636 
330 630 
330 629 
331 629 633 634 
331 628 633 634 
332 626 631 632 
332 623 628 630 
333 623 
334 623 625 626 
335 626 
336 625 
337 625 
337 624 627 628 
338 623 627 628 
339 623 627 628 
339 622 
340 621 
341 620 
342 619 
343 618 
344 617 
345 616 618 620 
346 616 619 621 
347 617 619 621 
347 617 
347 618 620 621 
347 618 
347 618 
347 618 
347 618 622 623 
347 618 622 623 
347 619 622 623 
347 619 622 624 
347 620 623 624 
347 620 623 624 
347 620 623 624 
347 621 623 625 
346 621 623 625 
346 621 
346 621 
346 622 624 626 
346 622 624 626 
346 622 
346 622 
346 623 
346 623 
346 623 
346 624 626 627 
346 624 626 627 
346 624 627 628 
346 624 627 628 
346 624 627 629 
346 625 628 629 
346 625 
346 625 626 627 629 630 
346 625 629 630 
346 625 629 630 
347 625 629 630 
347 625 
347 625 
347 625 
347 626 
347 626 628 629 
347 626 628 629 
347 627 
347 627 
347 627 
347 627 
347 627 630 631 
347 627 630 631 
347 626 630 631 
347 626 630 631 
347 626 630 631 
347 626 630 631 
347 626 630 631 
347 625 630 631 
347 625 630 631 
347 625 630 631 
347 625 630 631 
347 625 630 631 
347 625 
347 625 626 627 
347 625 
348 624 
348 624 
348 624 629 630 
348 624 629 630 
348 623 624 625 629 630 
348 622 
348 622 625 626 
348 621 
348 621 
348 621 623 624 
348 620 623 624 
348 620 
349 613 615 619 
349 613 615 618 
349 613 614 618 625 626 
349 612 614 618 
349 611 614 618 
349 611 614 617 623 625 
349 611 613 617 623 624 
349 611 613 617 623 624 
350 616 622 623 
350 616 621 623 
350 616 621 622 
350 615 621 622 
350 614 620 621 
350 614 
350 613 
350 612 619 620 
350 612 
350 612 
350 612 617 618 
350 612 
350 612 
350 612 
350 611 
350 611 
350 611 
350 611 
351 611 
351 611 
351 611 
351 611 
351 611 
351 611 
351 611 
351 611 
351 611 
351 611 615 616 
351 611 615 616 
351 611 615 616 
351 611 
351 611 
351 611 
351 611 
351 611 
351 611 
351 611 
351 611 
351 611 
351 611 
351 611 
351 610 
351 610 
351 610 612 613 
351 610 612 614 
351 610 613 614 
351 610 613 614 
351 610 
351 610 
351 610 612 613 
352 610 612 613 
352 609 613 615 
352 609 613 615 
352 610 614 615 
352 610 614 615 
352 610 611 612 613 615 
352 610 611 612 613 615 
352 610 611 612 613 615 
352 610 611 612 613 615 
352 611 613 615 
352 611 613 615 
352 611 613 615 
352 611 613 615 
352 611 613 615 
352 611 613 615 
352 611 613 615 
352 611 613 615 
352 610 613 615 
352 610 613 615 
352 610 613 615 
352 610 613 615 
352 610 613 615 
352 610 613 615 
352 610 613 615 
352 610 613 615 
352 610 613 614 
352 610 613 614 
352 610 613 615 
352 610 613 615 
352 610 613 615 
353 610 
353 610 
353 610 615 616 
353 609 615 616 
353 610 615 616 
353 610 
353 610 615 616 
353 609 611 612 615 616 
353 610 611 612 615 616 
354 610 615 616 
354 610 612 613 615 616 
354 611 
354 611 612 613 
354 611 612 613 615 616 
354 611 612 613 615 616 
354 611 
354 611 612 613 
354 611 
353 611 
