



























391 395 
387 397 
386 400 
386 402 
387 405 
388 406 
389 408 
391 410 
393 411 
395 412 
397 413 
399 414 
400 415 
401 416 
402 417 
373 398 403 418 
370 400 404 419 
365 403 405 419 
361 419 
357 420 
355 420 
353 420 
351 420 
350 421 
348 421 
347 422 
346 423 
345 424 
344 425 
342 426 
342 427 
341 428 
340 429 
339 430 
339 431 
338 431 
337 432 
337 433 
336 434 
336 434 
335 435 
335 436 
334 436 
334 437 
334 438 
333 440 
333 444 
332 446 
332 447 
330 448 
328 450 
327 451 
324 453 
319 454 
315 455 
313 455 
312 456 
310 457 
308 457 
307 454 
306 452 
306 453 
305 453 
304 454 
304 454 
304 454 
305 454 
305 450 
306 448 
307 446 
308 442 
308 441 
309 441 
311 441 
311 441 
311 442 
310 443 
310 444 
308 445 
306 446 
305 446 
305 447 
305 447 
305 447 
306 446 
306 446 
307 445 
307 445 
307 445 
308 444 
308 443 
308 443 
308 442 
308 442 
309 441 
309 441 
309 440 
309 440 
310 439 
311 439 
312 438 
314 438 
315 438 
316 438 
318 438 
320 439 
321 439 
323 439 
324 440 
326 440 
328 440 
330 440 
332 440 
333 440 
333 440 
333 440 
333 440 
333 439 
333 439 
333 439 
332 439 
332 439 
332 439 
332 439 
332 439 
332 439 
332 439 
331 439 
331 439 
331 439 
331 439 440 443 
331 445 
331 446 
331 448 
331 449 
330 451 
330 452 
330 453 
330 454 
330 455 
330 457 
329 458 
329 459 
329 460 
329 462 
328 463 
163 166 328 464 
156 159 160 166 190 194 328 466 
155 167 186 196 328 467 
154 168 172 174 182 199 316 320 328 469 
153 175 180 203 314 322 327 470 
153 175 179 207 311 322 327 471 
153 210 308 323 327 473 
153 213 304 324 327 474 
152 216 300 475 
152 221 298 477 
152 224 297 478 
151 228 295 479 
150 232 293 480 
150 235 291 482 
150 238 290 483 
150 242 287 484 
150 246 283 485 
151 248 280 487 
152 252 277 488 
155 255 274 490 
155 259 271 490 
155 262 268 491 
156 492 
156 492 
157 491 
158 491 
158 490 
159 490 
160 489 
162 488 
163 488 
162 487 
162 486 
161 486 
161 485 
160 484 
160 484 
159 483 
159 482 
159 482 
158 481 
158 480 
157 480 
157 479 
157 478 
156 478 
156 477 
155 477 
155 476 
155 475 
154 474 
154 474 
154 473 
153 473 
153 472 
153 471 
152 470 
152 470 
152 469 
152 302 304 469 
151 300 305 469 
151 297 306 470 
151 294 306 470 
151 291 305 470 
150 288 304 470 
150 285 304 470 
150 282 304 470 
150 279 303 470 
150 276 303 470 
150 272 303 470 
149 229 232 233 242 267 303 470 
149 224 246 260 303 470 
149 219 302 470 
148 214 302 471 
148 209 302 471 
148 203 302 471 
148 199 302 471 
149 195 302 471 
148 190 302 471 
149 186 302 472 
149 181 303 472 
150 176 303 472 
150 173 303 472 
150 168 303 472 
151 163 303 472 
152 159 304 473 
304 473 
305 473 
305 473 
306 340 341 473 
306 339 341 473 
307 338 341 474 
307 337 341 474 
308 335 341 474 
309 334 341 474 
310 333 341 474 
310 332 341 474 
310 331 341 474 
310 329 341 474 
310 328 341 473 
310 327 341 473 
309 326 341 473 
309 326 341 473 
309 326 341 472 
309 326 341 472 
309 326 341 471 
308 325 341 471 
308 325 341 470 
308 325 341 469 
307 325 341 469 
307 324 341 468 
306 324 341 467 
305 323 341 442 444 465 
305 323 341 442 446 464 
304 324 341 441 449 462 
303 324 341 442 
303 324 341 442 
303 324 341 442 
302 325 341 442 
302 325 341 442 
302 325 341 442 
301 325 341 443 
301 326 341 443 
301 326 341 443 
300 326 341 443 
300 326 341 443 
300 326 340 443 
299 327 340 443 
299 327 340 443 
299 327 340 443 
298 327 340 443 
298 327 340 444 
298 327 340 444 
297 327 340 444 
297 326 340 444 
296 326 340 444 
296 325 339 444 
296 300 301 324 339 444 
295 300 303 323 339 444 
295 300 305 321 339 444 
294 300 308 319 339 444 
294 299 310 318 339 445 
293 299 309 318 339 445 
293 299 309 319 339 445 
293 299 309 319 339 445 
292 298 308 319 339 446 
292 298 308 319 338 446 
291 298 308 319 338 446 
291 297 308 316 338 446 
290 297 309 316 338 447 
290 297 311 314 338 447 
289 296 338 447 
288 296 338 447 
288 295 338 448 
287 295 338 448 
287 295 338 448 
287 294 338 448 
287 293 338 449 
287 292 338 449 
338 449 
338 449 
338 450 
337 450 
337 450 
337 450 
337 451 
337 451 
337 451 
337 452 
337 452 
337 452 
337 452 
337 453 
337 453 
337 453 
337 453 
337 454 
337 454 
336 454 
336 454 
336 454 
336 455 
336 455 
336 455 
336 455 
336 455 
335 456 
335 456 
335 456 
335 456 
335 457 
334 457 
334 457 
334 457 
334 457 
334 457 
333 458 
333 458 
333 458 
333 458 
333 458 
333 458 
332 458 
332 458 
332 459 
332 459 
332 459 
332 459 
331 459 
331 459 
331 459 
331 459 
331 459 
330 459 
330 459 
330 460 
330 460 
330 460 
330 460 
330 460 
329 460 
329 460 
329 460 
329 460 
328 460 
328 460 
328 460 
328 460 
328 460 
327 460 
327 461 
327 461 
327 461 
327 461 
327 461 
326 461 
326 461 
326 461 
326 461 
325 461 
325 461 
325 461 
324 461 
324 461 
324 461 
323 462 
323 462 
323 462 
322 462 
322 462 
322 462 
322 462 
321 462 
321 462 
321 462 
320 462 
320 462 
320 462 
320 462 
319 462 
319 462 
319 462 
318 462 
318 463 
318 463 
317 463 
317 463 
317 463 
316 463 
316 463 
316 463 
316 463 
315 463 
315 463 
315 463 
314 463 
314 463 
314 463 
313 463 
313 464 
313 464 
313 464 
312 464 
312 464 
312 464 
311 464 
311 464 
311 464 
310 464 
310 464 
310 464 
310 464 
309 464 
309 464 
309 464 
308 464 
308 464 
308 464 
307 464 
307 464 
307 465 
307 465 
306 465 
306 465 
306 465 
306 465 
