


















































































425 428 
423 429 
421 430 
420 431 
419 453 
418 464 
415 469 
410 474 
407 478 
405 482 
403 485 
401 487 
398 490 
397 492 
395 494 
394 496 
393 498 
392 500 
390 501 
389 503 
388 504 
387 506 
386 507 
385 508 
384 510 
383 511 
382 512 
381 513 
380 514 
379 515 
378 516 
378 517 
376 518 
375 518 
320 332 375 519 
318 334 374 520 
317 336 373 520 
316 338 372 521 
315 339 372 522 
314 340 371 523 
313 340 370 523 
313 341 369 524 
313 341 369 524 
313 341 368 525 
312 342 367 525 
312 342 366 526 
312 342 365 526 
312 342 364 527 
312 342 364 527 
179 182 312 342 363 528 
179 185 313 342 362 528 
179 187 201 204 313 341 362 528 
180 189 200 204 313 341 361 529 
180 190 199 205 314 341 360 365 367 529 
180 191 198 205 314 341 359 364 367 529 
181 192 197 205 314 340 358 362 366 530 
181 193 196 205 314 340 356 360 366 530 
181 194 196 205 315 340 355 359 366 530 
182 194 196 205 315 339 355 357 365 530 
182 205 315 339 365 531 
182 205 315 339 364 531 
183 205 315 339 364 532 
184 204 315 339 363 532 
184 204 315 338 363 533 
185 203 315 338 362 534 
186 203 208 211 315 338 362 535 
182 212 315 338 362 535 
179 212 315 338 361 536 
177 211 315 338 361 537 
175 206 315 337 361 537 
174 205 315 337 360 538 
173 206 315 337 360 362 363 538 
171 207 315 337 363 538 
170 208 315 337 363 538 
169 209 315 337 363 539 
168 209 315 337 363 539 
168 210 315 337 363 539 
173 187 190 210 315 336 363 540 
178 184 190 200 201 211 315 336 363 540 
190 200 202 211 315 336 363 540 
190 200 204 211 315 336 363 540 
190 200 206 211 315 336 364 541 
190 200 315 336 364 541 
190 200 315 336 364 542 
190 199 315 335 364 542 
191 198 315 335 364 542 
191 198 314 335 364 543 
191 197 314 335 364 543 
192 196 314 335 364 367 368 543 
192 195 314 335 365 367 368 544 
314 335 365 366 368 544 
314 335 369 374 375 544 
314 335 369 373 375 544 
313 335 370 373 376 544 
313 335 370 373 376 544 
313 335 370 373 377 545 
313 335 377 545 
313 334 378 545 
313 334 378 545 
313 334 377 545 
313 334 376 545 
313 334 376 546 
313 334 374 546 
313 334 373 546 
313 334 370 546 
313 334 368 546 
313 334 367 546 
313 334 366 547 
313 334 366 547 
313 334 366 547 
312 334 366 547 
312 333 366 547 
312 333 367 547 
312 334 367 547 
312 333 368 548 
312 333 369 548 
312 333 370 548 
312 333 371 548 
312 333 371 548 
312 333 372 548 
312 333 372 548 
312 333 372 549 
312 333 372 549 
312 333 371 549 
312 333 371 549 
311 333 371 549 
311 333 370 549 
311 333 370 549 
311 332 370 549 
311 332 371 549 
311 332 371 549 
311 332 372 549 
311 332 372 549 
311 332 372 549 
311 332 373 549 
311 332 372 549 
311 332 372 548 
311 332 373 548 
311 332 373 548 
311 332 374 548 
310 332 374 548 
310 332 375 548 
187 196 310 332 375 548 
184 198 310 332 375 548 
182 200 310 332 375 548 
181 202 310 332 375 548 
180 204 310 331 376 548 
180 204 310 331 376 548 
179 204 310 331 376 548 
178 202 310 331 376 548 
178 200 310 331 376 548 
178 199 310 331 376 548 
177 200 310 331 377 548 
177 202 310 331 377 548 
176 203 310 331 378 548 
176 203 309 331 379 548 
176 201 309 331 383 548 
175 200 309 330 391 548 
174 201 309 330 393 548 
174 205 309 330 394 548 
174 208 309 330 393 548 
174 210 309 330 393 548 
174 213 309 330 393 548 
174 216 309 330 392 548 
174 218 308 330 380 383 392 548 
175 221 308 330 380 385 392 547 
175 223 308 330 382 389 392 547 
175 225 308 330 383 547 
176 227 308 330 384 547 
176 229 308 330 386 547 
176 230 308 330 387 547 
176 196 197 231 308 330 389 547 
176 195 201 232 308 330 390 546 
177 196 202 233 308 330 391 546 
177 234 308 330 391 546 
177 234 308 330 390 546 
177 235 307 330 390 546 
178 235 307 330 390 546 
178 236 307 330 389 545 
178 237 307 330 389 545 
178 238 307 331 389 545 
179 238 307 331 388 545 
179 239 307 331 388 545 
179 240 306 331 388 545 
180 240 306 331 388 545 
180 241 306 332 387 544 
180 241 306 332 387 544 
180 242 306 332 387 544 
181 243 305 332 387 544 
181 243 305 332 387 544 
182 243 304 333 386 544 
182 244 304 333 386 544 
183 245 304 333 386 544 
184 245 303 333 386 543 
185 246 303 333 385 543 
186 247 303 333 385 543 
188 248 303 332 384 543 
191 249 303 332 383 543 
193 250 303 332 381 543 
195 251 303 331 380 543 
198 252 303 331 378 542 
202 253 303 331 377 542 
206 254 303 330 375 542 
208 255 303 330 374 542 
211 256 303 330 373 542 
213 257 267 274 303 330 372 542 
216 258 265 276 303 329 372 541 
218 259 262 277 303 329 371 541 
220 277 303 329 371 541 
221 277 303 329 370 541 
223 278 303 329 370 540 
225 278 303 328 370 540 
226 279 303 328 370 540 
226 279 303 328 370 540 
227 280 303 328 369 540 
228 280 303 328 369 540 
228 281 303 328 368 539 
229 281 303 327 368 539 
230 282 303 327 367 539 
230 282 303 327 366 539 
230 283 303 327 366 539 
231 283 303 327 365 538 
231 284 303 327 365 538 
232 284 303 326 364 538 
232 284 302 326 363 538 
231 285 302 326 363 538 
229 285 302 326 362 538 
228 286 302 326 335 341 361 538 
226 286 302 325 334 343 360 537 
224 287 302 325 333 345 360 537 
223 287 302 325 332 347 359 537 
221 288 302 325 331 348 357 537 
220 288 302 325 330 350 356 537 
218 289 302 325 329 352 355 537 
217 289 302 325 328 536 
216 289 302 324 328 536 
215 290 302 324 327 536 
215 290 301 324 326 536 
214 291 301 324 325 535 
213 291 301 535 
213 292 301 535 
212 292 301 535 
211 293 301 535 
210 293 301 534 
210 294 301 534 
209 294 301 534 
209 295 301 534 
208 295 300 534 
208 295 300 534 
207 296 300 534 
207 296 300 534 
206 297 300 534 
206 298 300 535 
205 298 300 535 
205 298 299 535 
204 535 
204 535 
204 535 
203 535 
203 536 
203 536 
202 536 
202 536 
202 536 
201 536 
201 536 
201 537 
201 537 
200 537 
200 537 
200 537 
200 537 
200 537 
199 537 
199 537 
199 537 
199 537 
199 537 
199 538 
199 538 
198 538 
198 538 
199 538 
199 538 
199 538 
199 538 
199 538 
199 538 
199 539 
199 539 
199 539 
199 539 
199 539 
199 539 
199 539 
198 539 
198 540 
198 540 
198 540 
198 540 
198 540 
198 540 
199 540 
198 540 
198 541 
198 541 
199 541 
199 541 
199 541 
200 541 
200 542 
200 542 
200 542 
200 542 
200 542 
200 542 
200 542 
200 542 
201 542 
201 543 
201 543 
201 543 
201 543 
201 543 
202 543 
202 334 335 543 
202 333 335 543 
202 332 336 544 
202 332 336 544 
202 331 336 544 
202 330 337 544 
203 330 337 544 
203 329 338 544 
203 328 338 544 
203 328 339 544 
203 327 339 545 
204 326 340 545 
204 325 341 545 
204 325 341 545 
204 324 342 545 
205 324 343 545 
205 323 343 545 
205 322 344 545 
205 321 345 545 
205 321 346 545 
206 320 346 546 
206 319 347 546 
206 319 348 546 
207 318 349 546 
207 317 349 546 
207 317 350 546 
207 316 351 546 
207 315 351 546 
208 315 352 546 
208 314 352 546 
208 314 353 546 
209 313 353 546 
209 312 354 546 
209 312 354 546 
210 311 354 546 
210 310 355 547 
210 310 355 547 
211 309 355 547 
211 308 355 547 
211 308 355 547 
212 308 356 547 
212 308 356 547 
213 308 356 547 
213 308 356 547 
214 308 356 547 
215 308 356 547 
215 308 356 547 
216 308 356 547 
217 308 356 547 
217 308 356 547 
218 308 357 547 
219 308 357 547 
220 308 357 547 
220 308 357 547 
221 308 357 547 
222 308 357 548 
223 309 357 548 
223 309 357 548 
224 309 357 548 
225 309 357 548 
226 309 358 548 
227 309 358 548 
227 309 358 548 
228 309 358 548 
229 309 358 548 
229 308 358 548 
230 308 358 548 
231 308 358 548 
232 307 358 548 
233 307 359 549 
233 307 358 549 
233 307 358 549 
