































238 247 
235 251 
236 253 
238 255 
240 257 
242 258 
244 259 
245 261 
247 262 
248 262 
249 263 
246 264 
236 264 
229 265 
223 265 
219 266 
216 267 
213 269 
211 270 
209 272 
208 273 
206 274 
205 276 
204 277 
204 277 
203 278 
202 279 
202 280 
201 280 
200 281 
200 282 
200 283 
199 283 
199 284 
199 285 
198 289 
198 291 
198 293 
198 294 
197 295 
197 296 
193 297 
182 297 
180 295 
178 293 
176 291 
175 291 
174 292 
173 293 
174 293 
175 293 
176 292 
176 291 
177 290 
178 288 
179 287 
180 186 190 287 
189 286 
188 287 
187 288 
187 290 
186 290 
185 290 
185 290 
183 290 
180 290 
180 290 
180 289 
181 289 
182 289 
182 289 
182 288 
183 288 
183 288 
183 288 
184 289 
184 289 
185 289 
188 288 
189 288 
191 288 
193 289 
194 289 
196 289 
198 289 
200 289 
203 289 
204 289 
204 290 
204 290 
204 290 
204 290 
204 290 
204 290 
204 290 
205 290 
205 290 
205 290 
205 290 
205 290 
205 290 
205 291 
205 291 
205 291 
205 292 
205 296 
205 298 
205 299 
205 300 
205 302 
205 303 
205 304 
205 306 
205 307 
205 309 
205 310 
205 312 
205 313 
205 314 
205 315 
205 317 
205 318 
205 319 
205 321 
205 322 
204 324 
204 325 
204 326 
204 328 
204 329 
204 330 
203 332 
202 333 
202 334 
201 334 
201 334 
200 334 
200 333 
199 332 
199 332 
198 331 
198 331 
197 330 
197 329 
197 328 
197 328 
197 327 
196 326 
196 326 
195 325 
195 325 
195 324 
195 323 
195 323 
195 322 
194 321 
194 321 
194 320 
194 319 
194 319 
194 318 
195 318 
195 318 
195 318 
195 317 
195 317 
195 317 
195 317 
195 317 
195 317 
195 317 
195 316 
195 316 
195 316 
194 316 
194 316 
194 316 
194 316 
194 315 
194 315 
194 315 
194 315 
194 315 
194 315 
194 315 
194 315 
194 315 
194 315 
194 315 
194 314 
193 314 
193 314 
193 314 
193 313 
193 313 
192 312 
192 311 
192 310 
191 309 
191 308 
190 307 
190 305 
189 305 
188 305 
188 306 
187 306 
186 306 
186 307 
185 307 
184 307 
184 307 
183 302 303 308 
183 302 303 308 
182 301 303 308 
181 301 303 305 306 308 
181 302 307 308 
180 302 
179 302 
179 302 
178 302 
177 302 
177 302 
176 302 
175 302 
175 302 
174 302 
173 302 
173 303 
172 303 
171 303 
171 303 
170 303 
169 303 
169 303 
168 303 
167 304 
167 304 
166 304 
165 304 
165 304 
164 304 
163 304 
163 304 
162 304 
162 304 
162 304 
161 304 
161 304 
161 304 
161 304 
161 304 
161 304 
162 304 
162 304 
162 304 
163 304 
163 304 
163 304 
164 304 
164 304 
165 304 
165 304 
166 304 
166 305 
167 303 
168 303 
168 303 
169 303 
170 303 
170 303 
170 303 
171 303 
171 303 
172 303 
173 303 
174 303 
175 304 
175 204 205 304 
177 202 205 304 
180 200 204 304 
183 198 204 304 
204 304 
204 304 
204 304 
203 304 
203 304 
203 304 
203 304 
203 304 
203 304 
203 304 
202 305 
202 305 
202 305 
202 305 
202 305 
202 305 
201 305 
201 305 
201 305 
201 305 
201 305 
200 305 
200 305 
200 305 
200 306 
199 306 
199 306 
199 306 
198 306 
198 306 
198 306 
198 306 
198 306 
197 306 
197 307 
197 307 
196 307 
196 307 
196 307 
196 307 
196 307 
195 307 
195 307 
195 307 
194 307 
194 308 
194 308 
194 308 
193 308 
193 308 
193 308 
193 308 
192 308 
192 308 
192 308 
192 308 
191 308 
191 309 
191 309 
191 309 
190 309 
190 309 
190 309 
190 309 
189 309 
189 309 
189 309 
189 309 
188 309 
188 310 
188 310 
188 310 
187 310 
187 310 
187 310 
187 310 
186 310 
186 310 
186 310 
186 310 
185 310 
185 310 
185 311 
185 311 
185 311 
184 311 
184 311 
184 311 
184 312 
183 312 
183 312 
183 312 
183 312 
183 312 
182 312 
182 312 
182 312 
182 312 
181 312 
181 312 
181 312 
181 312 
181 312 
180 313 
180 313 
180 313 
180 313 
180 313 
179 313 
179 313 
179 313 
179 313 
179 313 
178 313 
178 313 
178 313 
178 313 
178 313 
178 314 
177 314 
177 314 
177 314 
177 314 
177 314 
177 314 
176 314 
176 314 
176 314 
176 314 
176 314 
175 314 
175 314 
175 314 
175 314 
175 314 
175 314 
175 315 
175 315 
174 315 
174 315 
174 315 
174 315 
174 315 
174 315 
174 315 
174 315 
174 315 
173 315 
173 315 
173 315 
173 315 
173 315 
173 315 
173 315 
173 315 
173 315 
173 315 
173 315 
173 315 
173 315 
173 315 
173 315 
173 315 
173 315 
173 315 
173 315 
173 315 
