0 640 
0 640 
0 640 
0 640 
0 640 
0 640 
0 640 
0 640 
0 640 
0 640 
0 640 
0 640 
0 640 
0 640 
0 640 
0 640 
0 640 
0 640 
0 640 
0 640 
0 640 
0 640 
0 640 
0 640 
0 640 
0 640 
0 640 
0 640 
0 640 
0 640 
0 313 317 640 
0 307 317 640 
0 303 314 640 
0 300 313 640 
0 297 317 640 
0 295 318 640 
0 293 314 640 
0 291 311 640 
0 290 308 350 351 640 
0 289 306 350 352 640 
0 288 305 351 353 640 
0 287 303 351 354 640 
0 286 302 352 355 640 
0 285 300 352 355 640 
0 284 299 353 356 640 
0 283 298 353 357 640 
0 282 297 354 358 640 
0 282 296 354 359 640 
0 281 295 347 348 354 360 640 
0 280 294 347 349 355 360 640 
0 279 292 348 350 355 361 640 
0 279 291 348 351 356 362 640 
0 278 290 348 351 356 363 640 
0 278 289 349 352 357 364 640 
0 277 288 349 353 357 364 640 
0 277 287 350 354 358 365 640 
0 276 286 350 354 358 366 640 
0 276 285 350 355 358 367 640 
0 274 283 292 306 351 356 359 367 640 
0 271 283 287 312 351 357 359 368 640 
0 269 282 285 314 351 357 360 369 640 
0 268 314 352 358 360 370 640 
0 267 312 353 359 361 371 640 
0 223 226 266 314 353 360 361 372 640 
0 222 229 265 314 353 372 640 
0 222 231 264 312 354 373 640 
0 221 233 264 298 354 374 640 
0 221 235 264 292 355 374 640 
0 221 237 263 287 355 375 640 
0 222 238 252 255 263 285 355 376 640 
0 223 240 248 285 355 376 640 
0 225 241 247 284 354 377 640 
0 226 283 352 378 640 
0 227 283 351 378 640 
0 227 282 349 379 640 
0 228 282 348 380 640 
0 229 281 347 380 640 
0 230 280 347 381 640 
0 230 278 346 381 640 
0 231 278 345 382 640 
0 232 278 344 383 640 
0 232 279 344 383 640 
0 232 280 344 384 640 
0 233 281 344 385 640 
0 233 282 345 385 640 
0 233 282 346 386 640 
0 233 283 347 386 640 
0 233 283 348 387 640 
0 232 284 349 388 640 
0 232 284 350 388 640 
0 232 285 351 389 640 
0 231 285 352 390 640 
0 231 285 353 365 366 390 640 
0 230 285 354 365 367 391 640 
0 230 286 355 364 367 391 640 
0 213 226 229 286 356 364 367 392 414 426 640 
0 209 286 357 363 368 393 410 431 640 
0 201 287 357 362 368 393 405 439 640 
0 197 289 359 360 368 394 402 443 640 
0 195 291 369 394 399 445 640 
0 193 292 370 395 397 447 640 
0 191 294 370 449 640 
0 190 296 370 450 640 
0 188 297 371 452 640 
0 187 299 372 454 640 
0 185 300 372 455 640 
0 185 302 373 456 640 
0 184 303 373 457 640 
0 183 304 374 457 640 
0 182 303 374 458 640 
0 181 282 291 302 375 459 640 
0 180 281 294 302 375 460 640 
0 180 279 299 301 376 461 640 
0 179 278 375 462 640 
0 178 277 374 463 640 
0 176 276 373 464 640 
0 175 275 372 465 640 
0 174 274 371 466 640 
0 173 273 370 467 640 
0 172 273 369 468 640 
0 171 273 367 469 640 
0 170 274 366 470 640 
0 169 275 365 471 640 
0 169 275 364 472 640 
0 168 276 363 473 640 
0 167 277 363 474 640 
0 166 279 361 475 640 
0 165 280 360 476 640 
0 164 280 360 477 640 
0 163 281 359 477 640 
0 162 282 358 478 640 
0 162 283 357 479 640 
0 161 284 356 479 640 
0 160 284 356 480 640 
0 160 285 355 480 640 
0 159 286 354 481 640 
0 159 286 354 482 640 
0 158 287 353 482 640 
0 157 288 352 483 640 
0 157 288 352 484 640 
0 156 289 351 484 640 
0 156 290 350 485 640 
0 155 290 350 486 640 
0 155 290 350 486 640 
0 154 291 350 486 640 
0 153 291 349 487 640 
0 153 291 349 487 640 
0 152 292 349 488 640 
0 152 292 349 488 640 
0 152 292 349 489 640 
0 151 293 348 489 640 
0 151 293 348 490 640 
0 150 293 348 490 640 
0 150 293 348 490 640 
0 150 293 348 491 640 
0 149 294 348 491 640 
0 149 294 347 492 640 
0 148 293 347 492 640 
0 148 294 347 492 640 
0 148 294 347 493 640 
0 147 294 347 494 640 
0 147 294 347 494 640 
0 146 294 347 495 640 
0 146 294 346 495 640 
0 146 295 346 496 640 
0 145 295 347 496 640 
0 145 295 346 497 640 
0 144 295 346 497 640 
0 144 295 346 498 640 
0 143 295 346 499 640 
0 143 295 346 499 640 
0 142 295 346 500 640 
0 142 295 346 500 640 
0 141 294 346 501 640 
0 140 294 346 502 640 
0 140 294 346 502 640 
0 140 294 347 503 640 
0 139 294 347 503 640 
0 139 294 347 504 640 
0 138 294 347 505 640 
0 138 294 347 505 640 
0 137 291 347 350 352 506 640 
0 136 288 289 290 347 350 353 507 640 
0 135 287 289 291 348 350 353 507 640 
0 134 287 289 291 348 350 353 508 640 
0 133 286 290 291 348 349 354 509 640 
0 133 286 290 291 354 510 640 
0 132 285 290 291 355 511 640 
0 131 284 356 512 640 
0 130 284 356 369 370 377 378 513 640 
0 129 283 357 370 373 377 379 514 640 
0 128 282 358 370 374 377 380 515 640 
0 128 278 279 281 359 372 375 377 380 516 640 
0 127 262 264 276 360 361 363 373 375 376 380 517 640 
0 126 258 265 268 271 276 365 368 370 376 379 519 640 
0 125 258 270 274 367 368 372 376 380 521 640 
0 124 258 270 273 375 377 380 524 640 
0 123 258 380 525 640 
0 121 258 380 527 640 
0 120 258 380 528 640 
0 118 258 380 531 640 
0 117 258 380 533 640 
0 115 258 380 536 640 
0 114 258 380 538 640 
0 113 258 380 542 640 
0 112 259 380 544 640 
0 110 260 380 547 640 
0 109 260 380 550 640 
0 107 259 380 552 640 
0 105 258 380 555 640 
0 104 257 380 558 640 
0 102 257 380 560 640 
0 101 257 380 564 640 
0 99 256 380 566 640 
0 97 256 380 569 640 
0 95 256 380 572 640 
0 94 256 380 574 640 
0 92 256 380 578 640 
0 90 221 222 256 380 418 419 580 640 
0 88 221 223 256 380 401 403 417 419 583 640 
0 87 221 225 256 380 401 404 415 419 585 640 
0 85 221 226 256 380 401 405 414 419 587 640 
0 83 222 228 234 236 256 380 401 407 412 418 588 640 
0 81 223 236 256 380 401 418 591 640 
0 79 223 235 256 380 401 417 592 640 
0 78 224 235 256 380 401 416 596 640 
0 76 225 235 256 380 401 415 597 640 
0 74 227 235 255 380 401 414 599 640 
0 72 228 235 255 380 401 413 601 640 
0 71 229 235 255 380 401 412 602 640 
0 69 230 235 255 380 401 410 605 640 
0 67 231 235 255 380 401 410 607 640 
0 65 232 235 255 380 401 408 610 640 
0 64 232 235 255 380 400 408 611 640 
0 62 233 235 255 380 400 407 614 640 
0 61 234 235 255 380 400 406 616 640 
0 59 255 380 400 406 621 640 
0 58 255 380 400 405 624 640 
0 56 255 380 400 403 626 640 
0 54 255 380 401 402 627 640 
0 52 255 380 630 640 
0 50 254 380 630 640 
0 49 254 380 631 640 
0 48 254 381 631 640 
0 46 254 381 636 640 
0 45 254 381 634 635 637 640 
0 44 254 381 639 640 
0 43 253 326 333 381 
0 42 253 322 335 381 
0 41 253 306 315 319 337 381 
0 40 253 304 338 381 
0 38 253 302 340 381 
0 37 253 301 341 381 
0 36 252 300 340 381 
0 35 252 300 334 381 
0 34 252 299 335 382 
0 34 252 298 336 382 
0 32 252 299 303 307 336 382 
0 32 252 306 328 330 336 382 
0 30 251 304 329 382 
0 29 251 303 329 382 
0 27 251 303 330 382 
0 26 251 303 331 382 
0 25 251 304 331 383 
0 22 251 306 317 320 332 383 
0 21 251 306 317 321 332 383 
0 20 252 306 318 322 333 383 
0 19 252 305 319 322 334 383 
0 17 252 305 320 322 334 383 
0 16 253 305 335 384 
0 16 253 304 335 384 
0 15 253 304 335 384 
0 14 253 304 335 385 
0 14 253 304 335 385 
0 13 253 304 336 385 
0 11 253 304 336 386 
0 10 253 304 336 386 
0 10 254 304 336 386 
0 9 255 304 336 385 
0 9 255 303 336 384 
0 7 256 303 336 383 
0 6 257 302 337 383 
0 6 250 253 257 300 339 382 
0 5 249 254 258 298 341 382 386 388 
0 5 248 254 258 296 343 381 385 389 
0 4 248 254 259 295 344 381 386 389 549 552 
0 3 248 253 260 295 345 380 386 390 550 554 
0 2 249 252 256 258 260 294 346 380 382 384 387 390 552 557 
0 3 249 251 256 258 260 296 345 380 381 384 387 390 554 561 
0 3 248 250 256 259 261 297 344 379 381 383 388 391 555 566 
0 2 256 259 261 298 342 379 380 384 389 391 558 572 595 597 629 632 
0 2 255 259 261 302 338 379 380 384 560 575 598 601 634 640 
0 4 255 260 261 302 338 379 380 385 560 577 603 604 606 607 635 640 
1 3 254 297 338 340 344 385 562 580 605 608 611 612 
0 3 253 294 346 386 560 561 564 583 610 613 
0 2 253 291 349 387 561 562 566 587 616 618 
252 289 351 387 568 593 
251 286 354 388 565 567 568 569 570 598 628 629 637 640 
251 284 356 389 567 569 572 611 628 629 631 640 
16 17 251 281 358 389 573 624 627 640 
13 15 251 279 360 389 576 640 
11 14 252 277 363 388 578 640 
8 12 252 275 365 388 576 578 580 640 
7 11 252 273 367 388 576 578 582 640 
5 9 252 259 260 270 370 388 578 579 584 640 
3 9 252 258 259 268 372 380 381 388 581 582 585 640 
1 6 253 258 259 266 374 380 382 388 581 583 586 640 
0 4 253 257 258 263 376 381 383 387 588 589 590 640 
0 2 253 256 258 261 379 382 383 387 586 587 592 640 
1 3 253 255 381 382 385 387 588 590 593 640 
253 254 590 592 596 640 
598 640 
499 500 600 640 
499 500 595 597 602 640 
499 501 596 598 600 601 604 640 
143 144 499 501 502 503 598 602 606 640 
142 144 299 300 340 341 500 503 600 607 608 640 
61 62 141 143 297 300 340 343 500 505 601 640 
59 61 140 143 294 300 340 345 501 506 603 640 
55 57 139 142 293 300 341 347 501 507 605 640 
52 56 138 142 291 300 341 349 503 508 607 640 
50 55 137 142 289 299 341 350 504 509 600 603 609 640 
47 53 136 141 288 299 341 352 504 511 602 607 610 640 
45 51 135 140 286 299 341 354 490 491 504 513 604 640 
18 20 43 50 134 140 284 299 341 356 489 491 504 514 605 640 
15 18 39 48 132 139 282 299 341 358 490 492 505 515 607 640 
5 10 14 16 36 49 131 139 281 299 341 360 490 493 506 517 610 640 
2 13 33 48 130 138 279 299 341 361 490 494 506 518 612 640 
0 12 29 47 129 139 277 299 341 363 490 494 501 502 507 519 540 542 592 593 614 640 
0 10 26 46 128 139 275 299 341 364 490 495 501 503 507 521 540 543 593 595 616 640 
0 8 24 45 127 138 142 144 274 299 341 366 490 496 501 504 508 523 541 545 594 598 618 640 
0 7 22 44 126 138 142 144 148 150 272 299 341 368 490 496 501 505 509 524 542 547 601 604 621 640 
0 5 15 16 20 42 125 137 141 144 148 150 270 299 341 370 490 497 501 506 509 526 543 549 597 598 602 606 622 640 
0 3 11 14 15 16 17 41 123 137 140 144 148 150 269 299 342 371 491 498 501 507 510 527 545 551 602 609 621 622 625 640 
7 40 122 136 139 144 147 150 267 298 342 373 491 498 502 509 510 529 546 553 603 611 620 623 626 640 
4 38 121 136 139 144 146 150 265 298 342 374 490 499 502 510 511 530 547 555 603 613 621 640 
0 39 119 135 138 143 146 149 264 298 342 376 490 500 502 510 511 533 548 557 603 616 622 640 
0 39 55 56 118 135 136 143 145 149 262 298 342 378 490 500 503 534 549 558 605 618 624 640 
0 37 51 54 55 56 96 98 117 134 136 141 260 298 319 321 342 380 490 501 503 536 550 560 606 621 626 640 
0 36 48 52 54 55 95 97 115 130 258 298 319 321 342 381 490 502 504 538 551 562 602 604 607 623 627 640 
0 35 45 51 52 54 93 96 114 131 140 141 257 294 318 322 346 383 490 503 504 540 552 564 602 605 609 625 629 640 
0 33 44 50 92 94 112 150 255 291 318 322 349 385 490 503 504 541 554 566 603 608 610 629 630 640 
0 32 42 49 51 52 90 93 111 150 253 287 317 323 354 386 490 504 505 543 555 568 605 609 611 640 
0 30 40 48 89 92 93 94 95 96 110 150 251 284 317 323 357 387 491 504 505 545 556 570 606 640 
0 29 38 47 88 92 93 95 108 150 249 280 317 323 360 388 492 547 557 571 607 640 
0 28 37 46 86 90 92 94 107 150 244 277 317 324 363 388 491 548 558 574 609 640 
0 26 35 45 84 93 105 150 243 275 316 324 366 389 490 550 560 575 610 640 
0 25 33 43 82 92 104 150 243 272 316 325 368 390 393 396 490 551 561 577 611 640 
0 23 31 42 81 91 103 150 242 269 315 325 372 391 394 398 490 553 562 578 613 640 
0 23 30 41 80 90 101 150 241 265 315 325 375 392 395 398 490 555 563 580 614 640 
0 23 28 40 42 43 78 89 98 150 241 262 314 326 378 393 396 398 490 556 564 582 615 640 
0 23 26 39 76 88 97 150 242 260 314 326 380 395 490 558 566 583 616 640 
0 22 25 38 40 41 75 87 95 150 242 257 313 327 383 396 490 559 567 585 618 640 
0 21 22 37 73 86 95 150 242 254 313 327 387 397 490 561 568 587 619 640 
0 20 21 36 38 39 72 85 93 150 242 250 312 328 390 398 490 562 570 588 620 640 
0 35 36 38 71 84 92 150 242 247 312 328 393 398 490 563 571 590 621 640 
0 33 36 37 70 83 91 150 242 245 311 328 395 398 490 565 572 592 622 640 
0 32 35 37 69 82 90 150 311 329 490 567 573 594 600 602 623 640 
0 31 32 35 67 81 89 150 311 329 490 569 575 595 600 604 625 640 
0 35 66 80 87 150 310 329 490 570 576 597 602 607 626 640 
0 33 65 79 86 150 310 330 490 572 577 599 604 609 627 640 
0 32 64 78 85 149 310 330 490 574 579 601 605 611 628 640 
0 31 62 78 84 148 309 331 490 576 580 602 606 613 630 640 
0 31 61 76 83 143 308 332 490 577 581 604 608 616 631 640 
0 30 52 53 60 75 81 140 308 332 490 579 583 606 609 618 632 640 
0 29 59 74 80 132 307 333 490 581 584 608 610 620 633 640 
0 28 48 50 58 73 78 129 306 334 490 583 586 610 612 623 634 640 
0 27 47 50 56 72 77 122 305 336 491 585 587 625 635 640 
0 26 46 49 55 71 76 121 303 337 491 586 588 627 636 640 
0 25 44 48 54 70 74 127 147 149 301 339 491 588 590 629 637 640 
0 24 42 46 53 69 73 149 298 341 494 590 591 632 638 640 
0 23 40 45 51 68 72 149 296 344 500 634 
0 22 38 44 50 67 71 148 293 347 506 638 
0 21 37 43 49 66 70 148 290 350 505 640 
0 20 35 42 48 65 68 148 288 352 493 640 
0 19 34 41 46 64 67 147 286 354 492 640 
0 19 32 40 45 63 65 147 283 357 493 640 
0 18 30 39 44 62 64 147 280 360 493 640 
0 17 29 38 42 61 63 146 278 362 494 640 
0 16 27 38 41 60 61 146 276 364 494 640 
0 15 25 37 39 59 60 145 273 367 495 640 
0 14 24 36 38 145 271 369 495 640 
0 14 22 35 37 144 269 371 496 640 
0 13 20 143 266 374 496 640 
0 12 18 143 264 376 497 640 
0 11 16 142 262 378 498 640 
0 11 14 141 260 380 498 640 
0 10 12 140 257 383 499 640 
0 9 10 140 255 385 500 640 
0 139 253 387 500 640 
0 138 251 389 501 640 
0 137 249 391 502 640 
0 137 246 394 503 640 
0 136 222 223 244 396 417 418 504 640 
0 135 221 224 242 398 415 418 505 640 
0 134 222 226 239 401 414 418 508 640 
0 133 222 228 236 404 412 418 511 640 
0 132 222 418 515 640 
0 131 222 418 518 640 
0 131 222 418 521 640 
0 130 222 418 523 640 
0 129 222 418 525 640 
0 128 222 418 528 640 
0 127 222 418 533 640 
0 126 222 418 537 640 
0 125 222 418 540 640 
0 125 222 418 543 640 
0 124 222 418 546 640 
0 123 222 418 549 640 
0 122 222 418 552 640 
0 121 222 418 554 640 
0 120 222 418 556 640 
0 120 223 418 558 640 
0 119 223 418 559 640 
0 118 223 418 561 640 
0 118 223 418 563 640 
0 117 223 417 565 640 
0 116 223 417 566 640 
0 115 223 417 568 640 
0 115 223 417 570 640 
0 114 224 417 571 640 
0 114 224 417 572 640 
0 113 224 417 573 640 
0 112 224 417 574 640 
0 112 225 417 575 640 
0 111 225 417 576 640 
0 110 225 417 577 640 
0 110 225 417 578 640 
0 109 225 416 579 640 
0 109 225 416 581 640 
0 108 226 416 582 640 
0 107 226 416 584 640 
0 107 226 416 584 640 
0 106 226 416 585 640 
0 106 226 416 586 640 
0 105 227 415 587 640 
0 105 227 415 588 640 
0 104 227 415 589 640 
0 104 227 415 590 640 
0 103 228 415 591 640 
0 103 228 415 592 640 
0 102 228 415 593 640 
0 102 228 415 594 640 
0 101 229 415 594 640 
0 100 229 415 595 640 
0 100 229 415 596 640 
0 99 230 415 597 640 
0 99 230 414 598 640 
0 98 230 414 599 640 
0 98 230 414 600 640 
0 97 231 414 601 640 
0 97 231 414 601 640 
0 96 231 414 602 640 
0 96 231 414 602 640 
0 95 232 414 603 640 
0 95 232 414 604 640 
0 94 232 414 604 640 
0 94 233 414 605 640 
0 93 233 413 606 640 
0 93 233 413 606 640 
0 92 233 413 607 640 
0 92 234 413 608 640 
0 91 234 413 608 640 
0 91 234 413 609 640 
0 90 235 413 610 640 
0 90 235 413 610 640 
0 89 235 412 611 640 
0 89 236 412 611 640 
0 88 236 412 612 640 
0 88 236 412 613 640 
0 87 237 412 613 640 
0 86 237 412 614 640 
0 86 237 412 615 640 
0 85 238 411 615 640 
0 85 238 411 616 640 
0 84 238 411 617 640 
0 84 238 410 617 640 
0 83 239 410 618 640 
0 82 239 410 619 640 
0 82 239 410 619 640 
