0 640 
0 640 
0 640 
0 640 
0 640 
0 640 
0 640 
0 640 
0 640 
0 640 
0 640 
0 640 
0 640 
0 640 
0 330 334 640 
0 326 339 640 
0 323 343 640 
0 323 344 640 
0 323 344 640 
0 324 341 640 
0 327 336 640 
0 201 203 330 332 640 
0 201 203 640 
0 202 204 640 
0 202 205 640 
0 202 206 640 
0 201 206 640 
0 201 207 640 
0 200 208 640 
0 200 209 640 
0 200 209 640 
0 200 210 640 
0 200 211 640 
0 200 211 640 
0 200 212 640 
0 200 213 640 
0 200 213 640 
0 200 214 640 
0 200 214 640 
0 200 215 640 
0 200 216 640 
0 200 216 640 
0 200 217 640 
0 201 217 640 
0 201 218 640 
0 201 219 640 
0 201 219 640 
0 201 220 640 
0 201 221 640 
0 201 221 640 
0 201 222 640 
0 201 222 640 
0 187 189 192 194 201 223 640 
0 179 224 640 
0 174 225 640 
0 170 225 640 
0 168 226 640 
0 162 226 640 
0 153 227 640 
0 146 228 640 
0 142 228 640 
0 139 229 640 
0 136 230 640 
0 132 230 640 
0 130 231 640 
0 127 232 640 
0 125 233 640 
0 123 234 640 
0 120 235 640 
0 119 236 640 
0 116 237 640 
0 114 238 640 
0 113 239 640 
0 111 240 640 
0 109 241 640 
0 108 242 640 
0 106 242 640 
0 105 243 640 
0 103 244 640 
0 101 245 640 
0 99 246 640 
0 98 246 640 
0 96 247 640 
0 94 247 640 
0 93 248 640 
0 91 249 640 
0 90 249 640 
0 88 250 640 
0 86 250 640 
0 84 251 640 
0 83 252 640 
0 82 252 640 
0 80 253 640 
0 79 253 640 
0 78 254 640 
0 77 254 640 
0 76 255 640 
0 75 255 640 
0 74 255 640 
0 73 256 640 
0 71 256 640 
0 71 256 640 
0 69 257 640 
0 68 257 640 
0 67 257 640 
0 67 258 640 
0 66 258 640 
0 65 258 640 
0 65 258 640 
0 64 259 640 
0 63 259 640 
0 63 259 640 
0 62 260 640 
0 61 260 640 
0 61 260 640 
0 60 261 640 
0 60 261 640 
0 60 262 640 
0 59 263 640 
0 59 263 640 
0 58 263 640 
0 58 264 640 
0 58 265 640 
0 57 265 640 
0 57 266 640 
0 57 266 640 
0 57 267 640 
0 57 268 640 
0 56 270 640 
0 56 273 640 
0 56 276 640 
0 56 278 640 
0 55 281 640 
0 55 286 298 304 640 
0 55 306 640 
0 55 307 640 
0 54 308 640 
0 54 309 313 315 640 
0 54 316 640 
0 54 316 640 
0 54 316 640 
0 54 316 640 
0 54 315 640 
0 54 315 640 
0 54 315 640 
0 54 315 640 
0 54 314 640 
0 54 314 640 
0 54 314 640 
0 54 313 640 
0 54 313 640 
0 54 313 640 
0 54 313 640 
0 55 312 640 
0 55 312 640 
0 55 293 296 312 640 
0 55 292 297 311 640 
0 55 291 299 311 640 
0 55 290 300 311 640 
0 56 290 302 310 640 
0 56 288 304 310 640 
0 56 287 305 308 640 
0 56 287 640 
0 57 287 640 
0 57 288 640 
0 57 289 640 
0 57 289 640 
0 57 290 640 
0 57 290 640 
0 58 290 640 
0 58 290 640 
0 58 291 640 
0 58 291 640 
0 59 291 640 
0 59 291 640 
0 59 291 640 
0 59 291 640 
0 60 291 640 
0 60 291 640 
0 61 292 640 
0 61 292 640 
0 62 292 640 
0 62 289 292 293 640 
0 62 289 640 
0 63 289 640 
0 63 289 640 
0 64 289 640 
0 64 289 640 
0 65 289 640 
0 65 280 281 289 640 
0 66 280 282 288 640 
0 67 279 281 288 640 
0 67 279 280 288 431 432 433 440 640 
0 68 288 428 443 640 
0 69 287 428 445 640 
0 70 285 434 447 640 
0 71 285 441 448 640 
0 72 285 446 447 640 
0 73 284 640 
0 74 284 640 
0 74 280 282 284 640 
0 75 280 640 
0 75 280 640 
0 76 280 640 
0 76 280 640 
0 76 280 640 
0 76 279 640 
0 75 270 272 275 276 279 640 
0 75 269 272 275 277 279 640 
0 75 268 273 275 277 278 640 
0 75 267 273 275 277 278 640 
0 74 266 273 274 640 
0 74 266 273 274 640 
0 74 264 640 
0 73 263 640 
0 73 263 640 
0 73 262 640 
0 72 262 640 
0 72 261 640 
0 71 261 640 
0 71 260 640 
0 70 260 640 
0 70 260 640 
0 69 260 640 
0 69 260 640 
0 69 261 640 
0 68 261 640 
0 68 261 640 
0 67 261 640 
0 67 261 640 
0 66 261 640 
0 66 261 640 
0 66 261 640 
0 66 261 640 
0 65 261 640 
0 64 261 640 
0 63 261 640 
0 62 260 640 
0 62 260 640 
0 63 261 640 
0 64 75 78 262 640 
0 65 73 79 262 640 
0 80 263 640 
0 82 262 640 
0 82 262 640 
0 82 261 640 
0 82 260 640 
0 82 260 640 
0 82 261 640 
0 82 261 640 
0 82 261 640 
0 82 262 640 
0 82 262 640 
0 82 256 258 262 640 
0 82 256 258 263 640 
0 82 255 259 263 640 
0 82 255 260 263 640 
0 82 255 261 264 640 
0 82 254 261 265 640 
0 82 254 263 265 640 
0 82 253 264 266 640 
0 82 252 265 266 640 
0 82 252 640 
0 82 252 640 
0 82 251 640 
0 82 251 640 
0 82 250 640 
0 82 250 640 
0 82 249 640 
0 82 249 640 
0 82 249 640 
0 82 250 640 
0 82 249 640 
0 82 249 640 
0 82 249 640 
0 82 248 640 
0 81 248 640 
0 81 245 640 
0 81 244 640 
0 81 243 640 
0 81 242 640 
0 81 242 640 
0 81 241 640 
0 81 212 213 214 216 240 640 
0 81 210 218 238 640 
0 81 210 224 236 640 
0 81 210 640 
0 81 210 640 
0 81 210 640 
0 81 210 640 
0 80 210 640 
0 80 210 640 
0 80 210 640 
0 80 155 159 210 640 
0 80 153 159 210 640 
0 80 150 160 213 640 
0 80 148 160 218 640 
0 80 147 156 227 640 
0 80 147 153 234 640 
0 80 143 145 147 150 240 640 
0 80 143 146 245 640 
0 80 248 640 
0 80 252 640 
0 80 257 640 
0 80 262 640 
0 80 268 640 
0 80 273 640 
0 80 276 640 
0 79 277 640 
0 79 277 640 
0 79 278 640 
0 80 278 640 
0 80 279 640 
0 80 279 640 
0 80 280 640 
0 80 280 640 
0 80 280 640 
0 80 278 640 
0 80 274 640 
0 80 272 640 
0 80 273 640 
0 80 274 640 
0 80 275 640 
0 80 275 640 
0 80 276 640 
0 80 277 640 
0 80 278 640 
0 80 278 640 
0 80 279 640 
0 80 280 640 
0 80 281 640 
0 80 281 640 
0 80 282 640 
0 80 282 640 
0 80 282 640 
0 80 283 640 
0 80 284 640 
0 80 284 640 
0 80 285 640 
0 79 285 640 
0 78 286 640 
0 78 286 640 
0 77 286 640 
0 77 287 640 
0 76 287 640 
0 76 288 640 
0 75 288 640 
0 74 289 640 
0 73 289 640 
0 72 290 640 
0 70 290 640 
0 69 290 640 
0 68 291 640 
0 66 291 640 
0 66 291 640 
0 65 292 640 
0 65 292 640 
0 65 292 640 
0 65 293 640 
0 66 293 640 
0 66 293 640 
0 67 294 640 
0 67 294 640 
0 67 295 640 
0 68 295 640 
0 69 296 640 
0 69 296 640 
0 70 296 640 
0 71 296 640 
0 71 297 640 
0 72 297 640 
0 74 298 640 
0 75 298 309 312 640 
0 76 299 307 312 640 
0 78 300 305 312 640 
0 79 301 304 311 640 
0 82 302 303 311 640 
0 82 310 640 
0 80 310 640 
0 78 309 640 
0 77 309 640 
0 76 308 640 
0 76 308 640 
0 75 308 640 
0 76 308 640 
0 76 308 640 
0 77 307 640 
0 77 307 640 
0 77 307 640 
0 77 307 640 
0 77 307 640 
0 77 307 640 
0 76 307 640 
0 76 306 640 
0 76 306 640 
0 76 306 640 
0 76 306 640 
0 72 307 640 
0 72 307 640 
0 72 308 640 
0 73 308 640 
0 74 309 640 
0 74 309 640 
0 74 310 367 372 640 
0 75 310 334 336 366 377 640 
0 75 311 333 346 366 382 401 406 640 
0 75 312 333 353 366 386 400 408 640 
0 75 313 332 361 366 391 400 412 640 
0 76 315 332 395 399 416 640 
0 77 322 332 419 640 
0 78 422 435 438 640 
0 78 425 434 440 640 
0 78 428 432 442 640 
0 78 445 640 
0 78 448 640 
0 78 450 640 
0 77 452 640 
0 77 454 640 
0 77 457 466 467 640 
0 77 460 464 470 640 
0 77 462 463 472 640 
0 76 474 640 
0 75 475 640 
0 74 477 640 
0 72 479 640 
0 72 481 640 
0 71 482 640 
0 70 484 640 
0 70 485 640 
0 71 488 640 
0 71 489 492 497 640 
0 72 498 640 
0 71 500 640 
0 72 501 640 
0 72 502 640 
0 71 503 640 
0 71 505 640 
0 70 506 640 
0 70 508 640 
0 69 509 640 
0 68 510 640 
0 68 512 640 
0 68 513 640 
0 68 519 640 
0 69 521 640 
0 69 522 640 
0 70 523 640 
0 70 524 640 
0 70 525 640 
0 71 525 640 
0 71 527 640 
0 72 528 640 
0 73 528 640 
0 74 530 640 
0 77 530 640 
0 77 532 640 
0 77 533 640 
0 77 535 640 
0 76 538 640 
0 76 132 134 540 640 
0 76 132 136 540 640 
0 76 132 137 541 640 
0 76 132 138 542 640 
0 75 132 138 543 640 
0 75 132 138 543 640 
0 75 132 138 544 640 
0 75 132 138 545 640 
0 75 132 138 546 640 
0 75 132 138 546 640 
0 74 133 138 547 640 
0 74 133 138 547 640 
0 74 133 138 548 640 
0 74 133 138 549 640 
0 74 133 138 550 640 
0 73 133 138 551 640 
0 73 133 138 553 640 
0 73 133 138 554 640 
0 73 134 138 555 640 
0 73 133 138 555 640 
0 73 133 138 556 640 
