0 320 
0 320 
0 320 
0 320 
0 320 
0 320 
0 320 
0 320 
0 320 
0 320 
0 320 
0 320 
0 320 
0 320 
0 320 
0 320 
0 320 
0 320 
0 320 
0 320 
0 320 
0 320 
0 320 
0 320 
0 320 
0 320 
0 320 
0 320 
0 320 
0 320 
0 320 
0 320 
0 320 
0 320 
0 320 
0 320 
0 320 
0 320 
0 320 
0 320 
0 320 
0 320 
0 320 
0 320 
0 320 
0 320 
0 320 
0 320 
0 320 
0 320 
0 320 
0 320 
0 320 
0 320 
0 320 
0 320 
0 320 
0 320 
0 320 
0 320 
0 320 
0 320 
0 320 
0 320 
0 320 
0 320 
0 320 
0 320 
0 320 
0 320 
0 320 
0 320 
0 320 
0 320 
0 320 
0 320 
0 320 
0 320 
0 320 
0 320 
0 320 
0 320 
0 320 
0 320 
0 320 
0 320 
0 320 
0 320 
0 320 
0 320 
0 320 
0 320 
0 320 
0 320 
0 320 
0 320 
0 320 
0 320 
0 320 
0 320 
0 320 
0 320 
0 320 
0 320 
0 320 
0 320 
0 320 
0 320 
0 320 
0 320 
0 320 
0 320 
0 320 
0 320 
0 320 
0 320 
0 320 
0 320 
0 320 
0 320 
0 320 
0 320 
0 320 
0 320 
0 320 
0 320 
0 320 
0 320 
0 320 
0 320 
0 320 
0 320 
0 320 
0 320 
0 320 
0 320 
0 320 
0 320 
0 320 
0 320 
0 320 
0 320 
0 320 
0 320 
0 320 
0 320 
0 320 
0 320 
0 320 
0 320 
0 320 
0 320 
0 320 
0 320 
0 320 
0 320 
0 320 
0 320 
0 320 
0 320 
0 320 
0 320 
0 320 
0 320 
0 320 
0 320 
0 320 
0 320 
0 320 
0 320 
0 320 
0 320 
0 320 
0 320 
0 320 
0 320 
0 320 
0 320 
0 320 
0 320 
0 320 
0 320 
0 320 
0 320 
0 320 
0 320 
0 320 
0 320 
0 320 
0 320 
0 320 
0 320 
0 320 
0 320 
0 320 
0 320 
0 320 
0 320 
0 320 
0 320 
0 320 
0 320 
0 320 
0 320 
0 320 
0 320 
0 320 
0 320 
0 320 
0 320 
0 320 
0 320 
0 320 
0 320 
0 320 
0 320 
0 320 
0 320 
0 320 
0 320 
0 320 
0 320 
0 320 
0 320 
0 320 
0 320 
0 320 
0 320 
0 320 
0 320 
0 320 
0 320 
0 320 
0 320 
0 320 
0 320 
0 320 
0 320 
0 320 
0 320 
0 320 
0 320 
0 320 
0 320 
0 320 
0 320 
0 320 
0 320 
0 320 
0 320 
0 320 
0 320 
0 320 
0 320 
0 320 
0 320 
0 320 
0 320 
0 320 
0 320 
0 320 
0 320 
0 320 
0 320 
0 320 
0 320 
0 320 
0 320 
0 320 
0 320 
0 320 
0 320 
0 320 
0 320 
0 308 313 320 
0 302 316 320 
0 298 318 321 
0 294 320 323 
0 291 320 328 
0 288 320 329 
0 286 320 330 337 346 
0 284 320 351 
0 282 320 353 
0 280 320 355 
0 278 320 356 
0 276 320 358 
0 275 320 359 
0 274 320 360 
0 272 320 361 
0 272 320 362 
0 270 320 363 
0 270 320 365 
0 269 320 366 
0 268 320 367 
0 267 320 368 
0 267 320 369 
0 266 320 371 
0 265 320 372 
0 265 320 373 
0 264 320 375 
0 264 320 376 
0 263 320 378 
0 262 320 378 
0 261 320 379 
0 260 320 380 
0 260 320 380 
0 259 320 381 
0 258 320 381 
0 258 320 382 
0 257 320 382 
0 256 320 383 
0 256 320 383 
0 255 320 383 
0 255 320 384 
0 254 320 385 
0 252 320 387 
0 251 320 388 
0 249 320 390 
0 248 320 391 
0 246 320 393 
0 245 320 394 
0 243 320 395 
0 242 320 397 
0 240 320 398 
0 239 320 399 
0 238 320 400 
0 237 320 402 
0 236 320 403 
0 234 247 248 320 404 
0 233 246 249 320 405 
0 231 245 249 320 406 
0 230 243 249 320 407 
0 229 242 248 320 408 
0 229 241 248 320 410 
0 228 241 248 320 391 392 410 
0 226 239 247 320 391 393 412 
0 225 237 246 320 392 395 412 
0 224 236 245 320 394 396 413 
0 223 236 244 320 395 397 414 
0 223 234 243 320 395 399 415 
0 222 234 241 320 397 400 415 
0 221 233 239 320 398 401 417 
0 221 232 238 320 400 402 417 
0 220 230 235 320 401 403 418 
0 219 229 233 320 403 404 419 
0 219 229 231 320 419 
0 218 320 420 
0 218 246 247 320 421 
0 217 245 247 320 421 
0 217 243 247 320 421 
0 217 242 248 320 422 
0 217 240 248 320 422 
0 217 238 248 320 422 
0 217 236 248 320 422 
0 217 233 248 320 394 395 423 
0 219 230 247 320 394 397 423 
0 247 320 394 398 423 
0 247 320 395 400 423 
0 247 320 395 401 423 
0 246 320 396 404 423 
0 245 320 396 405 423 
0 245 320 397 407 422 
0 245 320 397 410 422 
0 244 320 397 412 421 
0 244 320 398 
0 244 320 398 
0 244 320 398 
0 243 320 398 
0 243 320 398 
0 243 320 399 
0 243 320 399 
0 242 320 399 
0 242 320 399 
0 243 320 399 
0 242 320 399 
0 242 320 399 
0 242 320 399 
0 243 320 399 
0 243 320 399 
0 243 320 399 
0 243 320 399 
0 243 320 399 
0 243 320 399 
0 243 320 399 
0 244 320 399 
0 244 320 399 
0 245 320 399 
0 245 320 398 
0 246 320 398 
0 246 320 398 
0 247 320 397 
0 248 320 397 
0 249 320 397 
0 250 320 397 
0 250 320 397 
0 250 320 397 
0 250 320 397 
0 250 320 398 
0 250 320 398 
0 250 320 398 
0 249 320 398 
0 249 320 398 
0 249 320 398 
0 249 320 398 
0 249 320 398 
0 249 320 398 
0 249 320 398 
0 249 320 398 
0 249 320 398 
0 249 320 397 
0 249 320 397 
0 250 320 396 
0 250 320 396 
0 250 320 395 
0 250 320 394 
0 251 320 394 
0 251 320 393 
0 253 320 392 
0 253 320 391 
0 254 320 391 
0 255 320 390 
0 255 320 388 
0 256 320 388 
0 257 258 261 320 388 
0 261 320 387 
0 261 320 387 
0 261 320 387 
0 261 320 387 
0 261 265 266 320 387 
0 261 265 266 320 387 
0 261 265 266 320 387 
0 260 265 266 320 387 
0 260 265 266 320 387 
0 260 265 267 320 387 
0 259 265 267 320 387 
0 259 265 267 320 387 
0 259 265 267 320 387 
0 259 266 267 320 387 
0 259 266 268 320 387 
0 258 266 268 320 387 
0 258 266 268 320 388 
0 258 266 268 320 388 
0 258 266 268 320 388 
0 257 266 268 320 389 
0 257 266 268 320 389 
0 257 266 269 320 389 
0 257 266 269 320 389 
0 257 267 269 320 389 
0 257 267 269 320 389 
0 257 267 269 320 389 
0 257 267 269 320 388 
0 257 267 269 320 388 
0 258 267 268 320 388 
0 258 320 387 
0 260 262 263 320 387 
0 263 320 387 
0 264 320 387 
0 264 320 387 
0 264 320 387 
0 264 320 387 
0 264 320 387 
0 264 320 387 
0 263 320 387 
0 263 320 387 
0 263 320 387 
0 262 320 387 
0 262 320 387 
0 261 320 387 
0 261 320 387 
0 260 320 387 
0 260 320 387 
0 259 320 387 
0 258 320 387 
0 258 320 387 
0 258 320 387 
0 257 320 387 
0 257 320 386 
0 257 320 386 
0 256 320 387 
0 256 319 387 
