0 339 382 458 549 640 
0 338 383 457 549 640 
0 338 386 456 550 640 
0 338 388 454 550 640 
0 338 390 452 550 640 
0 337 392 450 550 640 
0 337 371 381 393 448 550 640 
0 338 372 384 395 446 550 640 
0 338 373 387 396 444 550 640 
0 338 373 389 397 441 550 640 
0 338 374 390 398 438 550 640 
0 339 375 392 399 435 550 640 
0 339 355 357 377 394 400 431 550 640 
0 340 353 358 378 395 401 427 550 640 
0 341 352 358 380 396 402 424 550 640 
0 344 349 359 383 398 403 420 549 640 
0 360 386 399 404 414 549 640 
0 360 391 400 549 640 
0 361 549 640 
0 361 548 640 
0 362 548 640 
0 362 548 640 
0 363 547 640 
0 364 547 640 
0 364 546 640 
0 100 102 365 546 640 
0 101 104 365 546 640 
0 102 105 366 545 640 
0 102 106 367 545 640 
0 103 107 367 544 640 
0 104 109 368 544 640 
0 105 110 369 543 640 
0 105 111 369 543 640 
0 106 112 370 542 640 
0 107 113 371 541 640 
0 108 115 371 541 640 
0 109 116 372 540 640 
0 110 117 373 540 640 
0 111 118 374 539 640 
0 112 120 375 538 640 
0 113 121 375 537 640 
0 114 122 377 536 640 
0 115 123 378 535 640 
0 116 124 379 534 640 
0 117 125 380 533 640 
0 118 127 381 532 640 
0 119 128 383 530 640 
0 121 129 385 529 640 
0 122 131 386 528 640 
0 123 132 389 526 640 
0 124 133 392 524 640 
0 125 134 396 450 472 522 640 
0 126 135 400 440 478 519 640 
0 127 136 409 430 483 516 640 
0 129 138 488 511 640 
0 130 139 640 
0 131 140 640 
0 132 141 640 
0 133 143 640 
0 135 144 640 
0 136 145 640 
0 137 146 640 
0 139 148 640 
0 140 149 640 
0 141 150 640 
0 142 151 640 
0 144 152 640 
0 144 154 640 
0 146 155 640 
0 147 156 640 
0 148 157 640 
0 150 159 640 
0 150 160 640 
0 152 161 640 
0 153 162 640 
0 155 163 640 
0 156 165 640 
0 157 166 640 
0 158 167 640 
0 160 169 640 
0 161 170 640 
0 162 171 640 
0 163 172 640 
0 164 174 640 
0 166 175 640 
0 167 176 640 
0 169 177 640 
0 170 179 640 
0 171 180 640 
0 172 181 640 
0 174 182 640 
0 175 183 640 
0 176 185 640 
0 177 186 251 257 640 
0 178 187 246 261 640 
0 180 189 242 264 282 297 640 
0 181 190 240 266 280 300 640 
0 182 191 237 268 275 304 640 
0 184 192 235 307 640 
0 185 194 233 309 640 
0 186 195 231 310 640 
0 187 196 230 310 640 
0 189 197 229 310 640 
0 190 199 227 309 640 
0 191 200 227 309 640 
0 192 201 226 308 640 
0 194 202 224 307 640 
0 195 204 223 307 640 
0 196 205 222 306 640 
0 197 206 222 306 640 
0 199 208 221 306 640 
0 200 209 220 305 640 
0 201 210 218 305 640 
0 203 211 218 305 640 
0 204 212 217 305 640 
0 205 214 216 306 640 
0 207 215 216 306 640 
0 208 307 640 
0 209 308 640 
0 211 309 640 
0 212 310 410 414 640 
0 213 310 410 416 640 
0 214 310 410 417 640 
0 214 310 410 418 640 
0 215 310 411 419 640 
0 215 309 412 420 640 
0 215 308 412 419 640 
0 215 307 413 418 640 
0 215 306 640 
0 215 306 640 
0 216 305 640 
0 216 303 640 
0 217 302 640 
0 217 302 640 
0 218 301 640 
0 219 300 640 
0 219 299 640 
0 220 299 640 
0 220 298 640 
0 220 222 224 297 640 
0 220 222 224 296 538 548 640 
0 224 295 538 548 640 
0 225 294 538 547 640 
0 225 293 540 543 640 
0 225 292 640 
0 225 290 640 
0 225 288 640 
0 225 288 640 
0 226 288 640 
0 226 288 640 
0 226 288 640 
0 226 230 231 288 640 
0 227 229 232 289 640 
0 227 228 232 289 640 
0 233 289 640 
0 234 290 640 
0 234 290 640 
0 235 290 640 
0 236 290 640 
0 237 287 289 290 640 
0 238 287 640 
0 239 282 283 287 640 
0 242 281 285 287 314 315 640 
0 242 281 312 315 640 
0 241 282 640 
0 240 285 640 
0 239 289 640 
0 236 291 640 
0 233 292 640 
0 232 294 640 
0 230 295 640 
0 229 295 640 
0 85 90 229 296 640 
0 84 96 228 297 640 
0 82 99 227 297 640 
0 80 100 227 297 584 593 640 
0 80 101 226 298 580 595 640 
0 79 102 225 298 580 597 640 
0 78 102 225 298 579 598 640 
0 78 102 224 299 579 598 640 
0 78 103 224 299 580 595 640 
0 77 103 223 300 581 595 640 
0 77 104 223 301 581 594 640 
0 77 105 223 302 583 591 640 
0 77 106 222 304 640 
0 77 107 222 306 640 
0 76 107 222 307 640 
0 76 107 222 308 640 
0 76 106 223 297 299 310 640 
0 77 105 223 296 300 312 640 
0 77 105 223 296 302 313 640 
0 77 104 223 295 303 315 640 
0 77 104 224 294 305 316 640 
0 77 104 224 294 306 317 640 
0 77 103 224 292 307 319 640 
0 76 104 225 278 279 291 308 320 640 
0 76 104 226 278 281 289 309 321 640 
0 75 104 227 279 284 285 310 322 640 
0 75 104 228 279 310 323 640 
0 75 104 228 280 311 324 640 
0 74 103 228 280 312 325 640 
0 74 103 227 281 312 326 640 
0 75 78 79 103 226 281 313 326 640 
0 81 104 226 281 314 327 640 
0 81 104 225 281 315 328 640 
0 80 104 224 281 316 329 640 
0 80 104 224 282 317 330 640 
0 79 105 223 282 318 331 640 
0 78 105 222 282 320 332 640 
0 78 105 222 282 321 333 640 
0 78 106 221 282 322 334 640 
0 77 106 220 283 324 335 640 
0 77 106 220 283 326 336 640 
0 77 106 219 283 327 337 640 
0 76 106 218 283 329 338 640 
0 76 107 218 283 331 339 640 
0 76 107 217 284 333 340 640 
0 76 107 216 284 336 341 640 
0 76 107 215 234 235 284 339 341 640 
0 75 107 215 233 235 284 640 
0 75 107 214 232 236 285 640 
0 75 107 213 230 236 285 640 
0 75 82 83 107 213 230 236 285 640 
0 75 81 83 107 212 229 236 285 640 
0 74 80 84 107 211 228 236 285 640 
0 74 80 84 108 211 227 236 286 640 
0 74 80 85 108 210 225 237 286 640 
0 74 80 85 108 209 225 237 287 640 
0 73 80 85 109 208 224 237 287 360 361 640 
0 73 80 86 110 208 223 237 287 357 362 640 
0 72 80 86 111 206 221 237 288 355 363 640 
0 72 80 86 112 205 220 237 288 353 363 640 
0 72 81 86 113 205 219 237 289 352 364 640 
0 72 81 85 114 204 218 237 289 350 364 640 
0 71 83 84 115 203 217 236 290 347 365 640 
0 71 116 203 217 236 290 346 365 640 
0 70 116 202 216 236 291 344 366 640 
0 70 118 202 215 235 291 342 366 640 
0 69 119 201 215 235 292 339 366 640 
0 69 120 201 216 235 292 337 367 640 
0 70 122 201 216 235 293 335 366 640 
0 70 123 200 216 234 293 334 365 640 
0 70 124 200 216 234 293 332 364 640 
0 69 124 200 216 234 294 330 362 640 
0 69 124 200 216 234 292 328 360 640 
0 68 122 199 216 233 291 326 357 640 
0 67 121 199 217 233 288 324 355 640 
0 66 121 198 217 234 287 321 353 640 
0 65 120 198 216 236 287 319 351 640 
0 65 120 198 216 238 287 316 349 640 
0 65 120 198 216 239 287 314 347 640 
0 66 112 198 216 240 287 313 345 640 
0 67 112 198 215 240 287 311 343 640 
0 68 111 198 215 240 288 309 341 640 
0 76 111 198 215 240 289 307 339 640 
0 78 111 146 150 198 214 241 290 305 336 640 
0 79 112 145 152 198 214 241 290 303 334 640 
0 80 112 144 157 198 213 240 291 300 332 640 
0 80 112 144 161 198 213 240 291 298 330 640 
0 80 112 144 165 198 213 239 291 296 328 640 
0 80 112 144 169 198 213 239 291 294 326 640 
0 80 112 144 172 198 214 239 324 640 
0 80 112 145 177 198 202 203 220 239 322 640 
0 80 113 146 181 199 202 204 220 239 320 640 
0 80 113 150 186 199 203 205 219 238 318 640 
0 79 113 155 191 200 202 207 220 238 316 640 
0 79 113 159 195 200 202 209 220 237 314 640 
0 79 113 163 198 199 203 212 220 237 312 640 
0 79 113 167 207 212 220 236 310 640 
0 79 113 171 221 235 308 640 
0 78 113 175 225 235 305 640 
0 78 113 180 228 234 303 640 
0 78 113 184 301 640 
0 78 113 189 301 640 
0 78 114 192 301 640 
0 78 114 198 301 640 
0 77 114 204 302 640 
0 77 114 208 302 640 
0 77 114 210 303 640 
0 77 114 210 303 640 
0 76 114 210 304 640 
0 76 114 210 218 221 304 640 
0 76 114 210 217 226 305 640 
0 76 114 210 216 230 306 640 
0 76 114 211 216 231 307 640 
0 76 114 212 215 231 314 640 
0 75 114 213 214 232 318 640 
0 75 115 231 325 640 
0 75 115 231 332 640 
0 75 115 230 340 640 
0 75 115 229 348 640 
0 74 115 227 353 640 
0 74 115 224 361 640 
0 74 115 222 371 640 
0 74 115 220 381 640 
0 74 116 218 390 640 
0 73 116 215 313 314 396 640 
0 73 116 213 313 322 401 640 
0 73 116 168 170 210 313 330 402 640 
0 72 116 167 171 208 314 335 401 640 
0 72 117 165 173 206 315 343 400 640 
0 72 117 164 174 203 315 351 399 640 
0 71 117 164 174 201 316 361 397 640 
0 71 117 164 174 199 316 377 390 640 
0 71 117 164 175 196 317 640 
0 71 118 165 175 194 318 640 
0 70 118 166 173 191 318 640 
0 70 118 167 172 189 226 229 319 640 
0 69 119 168 172 186 224 229 319 640 
0 69 119 169 171 183 222 229 320 640 
0 68 119 170 171 181 220 229 321 640 
0 68 98 99 119 170 173 178 217 229 321 640 
0 68 96 100 107 111 120 170 173 176 214 229 322 640 
0 67 96 100 107 113 120 170 212 229 323 640 
0 66 95 100 106 114 120 169 210 229 323 640 
0 66 95 100 106 115 121 167 206 229 324 640 
0 68 95 100 107 116 121 164 204 229 325 640 
0 72 95 100 106 116 121 161 201 229 325 640 
0 76 94 100 106 118 121 158 199 229 326 640 
0 77 84 100 106 156 196 228 327 640 
0 77 83 100 106 152 194 228 328 640 
0 78 82 100 105 150 190 228 329 640 
0 77 82 100 106 146 187 228 330 640 
0 77 82 99 106 143 185 228 330 640 
0 76 83 99 107 140 182 228 331 640 
0 76 84 100 108 139 179 228 332 640 
0 76 84 100 109 140 176 228 333 640 
0 76 85 100 110 141 172 228 334 640 
0 77 86 100 110 141 170 228 335 640 
0 77 86 100 111 142 170 228 335 640 
0 76 87 100 111 143 164 168 170 228 336 640 
0 76 88 100 111 144 160 168 169 228 337 640 
0 73 91 98 111 146 157 228 337 640 
0 64 109 228 338 640 
0 56 106 227 339 640 
0 36 100 227 339 640 
0 31 94 170 171 227 340 640 
0 29 87 227 341 640 
0 28 80 171 172 227 342 640 
0 26 72 227 343 640 
0 22 60 227 344 640 
0 10 55 227 344 640 
0 4 50 227 345 640 
0 2 44 226 346 640 
0 2 38 226 347 640 
0 2 30 226 348 640 
0 4 5 7 8 226 349 640 
0 226 350 640 
0 226 350 640 
0 225 351 640 
0 225 352 640 
0 225 353 640 
0 225 354 640 
0 225 354 640 
0 225 355 640 
0 224 355 640 
0 224 355 640 
0 224 354 640 
0 224 354 640 
0 224 354 640 
0 223 353 640 
0 223 353 640 
0 223 353 640 
0 223 352 640 
0 223 352 640 
0 223 352 640 
0 222 352 640 
0 222 352 640 
0 222 352 640 
0 222 352 640 
0 222 352 640 
0 222 351 640 
0 222 351 640 
0 222 350 640 
0 222 350 640 
0 221 349 640 
0 221 347 640 
0 221 347 640 
0 221 346 640 
0 221 345 640 
0 221 342 640 
0 221 341 640 
0 221 340 640 
0 221 340 640 
0 221 339 640 
0 221 338 640 
0 221 336 640 
0 221 335 640 
0 221 333 640 
0 221 331 640 
0 221 328 640 
0 221 327 640 
0 222 320 323 325 640 
0 223 319 640 
0 224 319 640 
0 225 319 640 
0 227 320 640 
0 231 320 640 
0 233 321 640 
0 234 321 640 
0 239 322 640 
0 240 281 284 296 299 322 640 
0 240 281 300 322 640 
0 240 264 267 280 300 323 640 
0 239 262 270 277 300 323 640 
0 239 261 301 323 640 
0 239 260 301 324 640 
0 239 260 302 324 640 
0 238 260 302 324 640 
0 238 260 302 325 640 
0 238 260 302 325 640 
0 238 259 303 325 640 
0 238 259 303 326 640 
0 237 259 303 326 640 
0 237 259 303 326 640 
0 237 259 304 326 640 
0 237 259 304 326 640 
0 237 259 304 327 640 
0 237 259 305 327 640 
0 237 258 305 327 640 
0 237 258 305 327 640 
0 237 258 306 327 640 
0 237 258 306 327 606 616 640 
0 237 258 306 327 604 618 640 
0 237 258 307 328 603 619 640 
0 237 258 307 328 603 619 640 
0 237 258 307 328 604 618 640 
0 237 258 307 328 605 618 640 
0 237 258 308 328 606 618 640 
0 237 258 308 328 608 618 640 
0 237 258 308 328 611 617 640 
0 237 258 309 328 640 
0 237 257 309 328 640 
0 237 257 309 329 640 
0 237 257 309 329 640 
0 237 257 310 329 640 
0 237 257 310 329 640 
0 237 257 310 329 640 
0 237 257 311 329 640 
0 237 257 311 329 640 
0 237 257 312 330 640 
0 237 257 312 330 640 
0 237 257 312 330 640 
0 237 257 312 330 640 
0 237 256 313 330 640 
0 237 256 313 330 640 
0 237 256 313 330 640 
0 237 256 314 330 640 
0 237 256 314 330 640 
0 238 256 314 330 640 
0 238 256 315 330 640 
0 238 256 315 330 640 
0 238 256 316 331 640 
0 238 256 316 331 640 
0 238 255 316 332 640 
0 238 255 317 333 640 
0 238 255 317 334 640 
0 239 255 317 334 640 
0 239 255 316 335 640 
0 239 255 316 335 640 
0 239 255 315 335 640 
0 239 255 315 336 640 
0 239 254 316 336 640 
0 239 254 316 337 640 
0 239 254 316 337 640 
0 240 254 316 337 640 
0 240 254 316 337 640 
0 240 254 316 336 640 
0 239 254 317 335 640 
0 238 255 317 335 640 
0 238 256 317 335 640 
0 237 256 318 335 640 
0 237 256 319 335 640 
0 237 256 320 335 640 
0 237 257 320 336 640 
0 237 257 321 336 640 
0 236 257 321 336 640 
0 236 257 321 336 640 
0 236 257 322 336 640 
0 236 257 322 336 640 
