




























































































































































381 384 
363 397 
358 404 
353 408 
348 411 
344 415 
341 418 
338 420 
335 422 
332 424 
330 426 
326 427 
323 429 
320 431 
318 432 
316 433 
314 434 
312 435 
310 436 
309 437 
306 438 
305 439 
304 440 
302 441 
301 442 
300 442 
298 443 
297 444 
296 444 
295 445 
293 446 
292 446 
291 446 
290 447 
289 448 
288 448 
287 448 
286 449 
285 449 
285 449 
284 449 
283 449 
283 449 
282 450 
281 450 
281 450 
280 450 
280 451 
279 451 
279 452 
278 453 
278 453 
278 454 
277 455 
277 456 
276 457 
276 459 
276 460 
276 461 
275 462 
275 462 
275 463 
274 463 
274 464 
274 465 
274 465 
273 466 
273 466 
273 467 
273 467 
273 467 
273 468 
273 468 
273 468 
273 468 
273 469 
273 469 
273 469 
273 469 
273 470 
273 470 
273 470 
273 470 
272 470 
272 470 
272 470 
272 470 
272 470 
272 470 
272 470 
272 470 
272 470 
272 470 
272 470 
272 470 
272 469 
272 469 
272 469 
272 469 
272 469 
272 469 
272 469 
272 468 
272 468 
272 468 
272 467 
272 467 
272 467 
272 467 
272 466 
272 466 
272 465 
273 465 
273 465 
273 464 
273 464 
273 463 
274 463 
274 462 
274 462 
275 461 
275 461 
275 460 
275 460 
276 459 
276 459 
276 458 
277 458 
277 457 
278 457 
278 456 
279 455 
280 455 
280 454 
281 454 
281 453 
282 452 
282 452 
283 451 
284 450 
284 450 
285 449 
286 449 
287 448 
287 447 
288 446 
289 445 
290 444 
291 443 
292 442 
293 441 
293 440 
294 439 
295 438 
296 437 
297 437 
299 435 
300 434 
301 433 
301 431 
302 430 
303 429 
304 428 
305 427 
306 426 
307 424 
307 423 
308 422 
309 420 
310 419 
311 417 
312 416 
312 415 
313 413 
314 412 
315 410 
316 408 
317 407 
319 405 
320 403 
321 401 
322 399 
323 398 
324 396 
326 394 
327 392 
329 390 
331 386 
333 383 
335 380 
338 376 
342 372 
347 368 


































































































































