0 640 
0 640 
0 640 
0 640 
0 640 
0 640 
0 640 
0 640 
0 640 
0 640 
0 640 
0 640 
0 640 
0 640 
0 640 
0 640 
0 640 
0 640 
0 640 
0 640 
0 640 
0 640 
0 640 
0 640 
0 640 
0 640 
0 640 
0 640 
0 640 
0 264 266 640 
0 263 270 640 
0 262 273 640 
0 262 276 640 
0 261 283 640 
0 261 287 640 
0 260 290 640 
0 260 293 640 
0 260 296 640 
0 260 299 640 
0 259 300 640 
0 259 302 640 
0 259 304 640 
0 258 306 403 404 640 
0 258 308 397 405 640 
0 258 310 388 405 640 
0 257 312 382 405 640 
0 257 313 377 405 640 
0 257 315 374 405 640 
0 256 316 371 405 640 
0 256 318 368 405 640 
0 256 319 364 404 640 
0 255 321 362 404 640 
0 255 322 359 404 640 
0 255 324 357 404 640 
0 255 325 333 338 354 404 640 
0 254 326 330 344 352 403 640 
0 254 345 350 403 640 
0 254 403 640 
0 254 403 640 
0 253 403 640 
0 253 403 640 
0 253 402 640 
0 253 402 640 
0 252 402 640 
0 252 402 640 
0 252 401 640 
0 252 401 640 
0 252 401 640 
0 252 401 640 
0 251 400 640 
0 251 400 640 
0 251 400 640 
0 251 400 640 
0 251 399 640 
0 251 399 640 
0 251 399 640 
0 251 398 640 
0 251 398 640 
0 251 398 640 
0 252 398 640 
0 252 397 640 
0 253 397 640 
0 254 272 276 397 640 
0 256 265 277 396 640 
0 277 396 640 
0 277 395 640 
0 278 395 640 
0 278 395 640 
0 279 395 640 
0 281 394 640 
0 280 394 640 
0 280 393 640 
0 279 393 640 
0 278 380 382 393 640 
0 278 380 383 392 640 
0 277 381 385 391 640 
0 277 382 388 390 640 
0 276 382 640 
0 276 383 640 
0 275 384 640 
0 275 384 640 
0 274 385 640 
0 274 385 640 
0 273 386 640 
0 273 386 640 
0 272 387 640 
0 272 387 640 
0 272 387 640 
0 271 388 640 
0 271 388 640 
0 270 388 640 
0 270 389 640 
0 270 389 640 
0 269 389 640 
0 269 389 640 
0 269 390 640 
0 268 390 640 
0 268 390 640 
0 268 390 640 
0 268 390 640 
0 267 390 640 
0 267 390 640 
0 267 390 640 
0 266 390 640 
0 266 390 640 
0 266 390 640 
0 265 390 640 
0 265 389 640 
0 265 389 640 
0 265 389 640 
0 265 388 640 
0 264 388 640 
0 264 388 640 
0 264 388 640 
0 264 387 640 
0 263 387 640 
0 263 387 640 
0 263 386 640 
0 263 386 640 
0 263 386 640 
0 263 385 640 
0 262 384 640 
0 262 384 640 
0 262 383 640 
0 261 383 640 
0 261 382 640 
0 261 381 640 
0 261 381 640 
0 260 381 640 
0 260 380 640 
0 260 380 640 
0 260 379 640 
0 260 379 640 
0 259 367 368 378 640 
0 259 367 369 378 640 
0 259 367 369 378 640 
0 259 367 369 378 640 
0 259 367 369 379 640 
0 144 145 258 367 370 379 640 
0 143 145 258 367 371 379 640 
0 143 145 258 367 371 379 640 
0 142 146 258 367 372 380 640 
0 141 146 258 367 372 380 640 
0 135 146 258 367 372 380 640 
0 135 146 257 367 372 380 640 
0 135 147 257 367 372 380 640 
0 135 147 257 367 372 380 640 
0 135 147 257 367 373 381 640 
0 134 147 257 367 373 381 640 
0 134 147 256 367 373 381 640 
0 134 147 256 366 373 381 640 
0 133 147 256 366 373 381 640 
0 133 147 256 366 373 381 640 
0 133 146 157 161 255 366 374 382 640 
0 133 146 151 162 255 366 374 382 640 
0 132 146 150 162 255 366 374 382 640 
0 132 147 149 162 255 366 374 382 640 
0 132 148 149 162 255 366 374 382 640 
0 132 148 149 162 254 366 375 383 640 
0 131 161 254 366 375 383 640 
0 131 161 254 366 375 383 640 
0 131 161 254 366 375 383 640 
0 131 161 254 366 375 383 640 
0 130 161 254 366 376 384 640 
0 130 161 253 366 376 384 640 
0 130 160 253 366 376 384 640 
0 129 160 253 366 376 384 640 
0 129 160 253 366 377 385 640 
0 129 160 253 367 377 385 640 
0 129 160 253 367 377 385 640 
0 129 159 175 176 253 368 377 385 640 
0 128 159 172 176 252 370 378 385 640 
0 128 159 172 176 252 372 378 386 640 
0 128 158 171 176 252 373 378 386 640 
0 127 158 169 176 252 374 378 386 640 
0 126 158 167 176 252 374 378 386 640 
0 121 123 125 158 166 176 252 374 379 386 640 
0 121 158 165 176 251 374 379 387 640 
0 121 158 165 176 229 234 251 259 260 374 379 387 398 403 640 
0 121 158 164 176 229 240 251 258 260 374 379 387 395 404 640 
0 121 158 163 176 228 242 251 258 260 374 380 387 394 405 640 
0 121 158 162 176 228 244 250 258 260 373 380 388 392 405 640 
0 121 158 161 176 228 246 250 259 260 374 380 388 391 405 640 
0 121 158 160 176 228 375 380 405 640 
0 121 159 160 176 228 376 378 405 640 
0 121 176 227 406 640 
0 121 176 227 406 640 
0 121 176 227 406 640 
0 121 176 227 406 640 
0 120 176 227 406 640 
0 120 176 226 406 640 
0 120 176 226 406 640 
0 119 176 226 406 640 
0 119 176 225 406 640 
0 119 175 225 245 247 258 260 406 640 
0 118 175 225 243 247 257 260 391 394 406 640 
0 117 175 224 241 247 256 260 391 396 406 640 
0 117 175 225 238 247 255 260 391 399 406 640 
0 117 175 226 235 247 255 260 392 401 405 640 
0 117 174 227 233 247 255 260 392 640 
0 117 174 247 255 259 392 640 
0 117 174 247 254 258 393 640 
0 117 174 247 254 258 393 640 
0 117 173 246 254 257 393 640 
0 117 173 246 254 257 393 640 
0 117 172 246 253 256 394 640 
0 118 172 246 253 255 394 640 
0 118 172 245 394 640 
0 118 171 245 395 640 
0 118 171 245 395 640 
0 119 171 245 395 640 
0 119 170 245 395 640 
0 120 170 244 396 640 
0 120 170 244 396 640 
0 120 169 244 396 640 
0 121 169 244 396 640 
0 121 169 244 397 640 
0 120 169 244 397 640 
0 120 169 243 397 640 
0 120 169 243 397 640 
0 120 169 243 398 640 
0 120 169 242 398 640 
0 120 169 242 398 640 
0 120 169 241 398 640 
0 120 168 240 399 640 
0 120 168 239 399 640 
0 121 167 239 399 640 
0 121 167 238 400 640 
0 122 167 238 400 640 
0 122 167 237 400 640 
0 123 166 237 400 640 
0 123 166 237 401 640 
0 123 166 237 401 640 
0 123 165 237 401 640 
0 124 165 237 401 640 
0 124 165 237 401 640 
0 124 164 237 402 640 
0 125 164 237 402 640 
0 126 163 237 402 640 
0 129 162 238 402 640 
0 133 148 238 403 640 
0 134 146 238 403 640 
0 135 144 238 403 640 
0 136 143 238 403 640 
0 136 141 238 403 640 
0 101 102 136 140 237 404 640 
0 100 103 111 113 124 151 237 404 640 
0 100 105 111 115 120 154 236 404 640 
0 99 106 111 156 236 404 640 
0 97 107 111 158 173 176 235 405 640 
0 97 108 112 160 171 177 183 187 235 395 397 405 640 
0 97 109 112 162 170 179 181 189 235 395 397 405 640 
0 97 111 112 164 169 191 234 395 398 405 640 
0 98 165 168 193 234 395 398 405 640 
0 99 194 234 395 398 405 640 
0 100 196 233 395 398 406 640 
0 102 197 233 395 398 406 640 
0 103 199 233 395 398 406 640 
0 105 201 233 395 398 406 640 
0 107 202 232 395 399 406 640 
0 109 204 232 395 399 406 640 
0 110 206 231 395 399 406 640 
0 112 208 231 395 399 407 640 
0 115 210 231 395 399 407 640 
0 118 212 230 395 399 407 640 
0 122 214 230 395 399 407 640 
0 126 216 230 395 400 407 640 
0 130 218 229 395 400 407 640 
0 135 220 229 395 400 407 640 
0 140 222 229 395 400 407 640 
0 158 225 228 394 400 407 640 
0 159 394 400 408 640 
0 159 267 269 394 400 408 640 
0 159 264 265 267 269 394 400 408 640 
0 159 263 265 267 269 394 401 408 640 
0 158 263 265 267 270 394 401 408 640 
0 159 263 265 267 270 394 401 408 640 
0 160 262 265 267 270 394 401 408 640 
0 163 261 265 268 270 394 401 408 640 
0 165 261 263 268 270 394 401 409 640 
0 165 269 270 394 401 409 640 
0 165 269 271 394 402 409 640 
0 165 269 271 394 402 409 640 
0 166 269 271 394 402 409 640 
0 167 269 272 395 402 409 640 
0 167 269 272 396 402 409 640 
0 168 269 272 279 280 397 402 410 640 
0 170 269 272 279 280 399 402 410 640 
0 174 268 273 279 281 400 402 410 640 
0 177 268 273 279 281 410 640 
0 182 268 274 280 282 410 640 
0 187 267 274 280 283 410 640 
0 191 257 263 265 275 280 283 410 640 
0 194 257 275 281 283 410 419 425 640 
0 196 257 275 281 283 410 416 425 640 
0 199 257 276 281 283 411 415 425 640 
0 201 258 276 426 640 
0 204 250 252 258 277 426 640 
0 206 249 253 258 277 426 640 
0 209 248 253 258 278 426 640 
0 211 247 254 259 278 426 640 
0 213 247 254 259 278 426 640 
0 215 245 255 259 279 426 640 
0 218 244 255 260 279 426 640 
0 220 243 256 260 280 426 640 
0 222 241 257 261 280 426 640 
0 224 240 257 261 280 426 640 
0 226 237 258 261 280 427 640 
0 258 262 281 429 640 
0 259 262 280 430 640 
0 260 263 280 432 640 
0 260 263 280 377 378 434 640 
0 261 264 280 377 380 436 640 
0 262 264 280 378 382 438 640 
0 263 264 279 378 384 440 640 
0 263 265 279 377 385 442 640 
0 264 265 279 378 387 443 640 
0 264 265 278 378 388 445 640 
0 265 266 277 379 389 446 640 
0 276 379 391 447 640 
0 275 379 392 447 640 
0 274 380 394 447 640 
0 274 380 395 448 640 
0 274 380 397 448 640 
0 273 380 398 448 640 
0 273 379 400 448 640 
0 273 379 401 449 640 
0 273 379 402 450 640 
0 274 379 403 451 640 
0 274 379 404 454 640 
0 274 379 406 458 640 
0 274 378 407 461 640 
0 274 378 408 463 640 
0 274 378 408 466 640 
0 274 378 408 470 640 
0 274 378 408 409 412 474 640 
0 274 378 408 409 413 478 640 
0 274 378 414 482 640 
0 274 378 415 484 640 
0 274 378 416 486 640 
0 274 378 418 488 640 
0 274 378 419 488 640 
0 274 378 420 489 640 
0 274 378 420 474 478 488 640 
0 274 378 421 474 481 487 640 
0 274 378 422 475 484 485 640 
0 274 378 424 475 640 
0 274 378 425 433 435 476 640 
0 274 379 436 477 640 
0 274 379 437 478 640 
0 274 380 438 478 640 
0 274 380 438 479 640 
0 274 380 438 480 640 
0 274 381 438 481 640 
0 273 381 439 481 640 
0 273 381 439 482 640 
0 273 382 440 483 640 
0 272 382 440 484 640 
0 272 382 440 484 640 
0 272 383 441 485 640 
0 271 383 441 486 640 
0 271 384 442 486 640 
0 270 384 442 487 640 
0 270 384 443 487 640 
0 270 385 443 488 640 
0 269 385 444 488 640 
0 269 386 445 489 640 
0 269 386 445 490 640 
0 268 386 446 480 481 490 640 
0 268 387 447 480 482 491 640 
0 268 387 448 470 471 481 483 492 640 
0 267 388 449 470 472 481 483 492 640 
0 267 388 449 471 473 482 484 492 640 
0 266 388 450 471 473 482 484 492 640 
0 266 389 451 471 474 482 484 492 640 
0 265 389 452 471 475 483 485 491 640 
0 265 390 453 472 475 483 485 490 640 
0 264 390 454 472 475 483 486 489 640 
0 264 391 455 472 475 483 640 
0 263 391 456 473 475 483 640 
0 263 392 456 473 474 482 640 
0 263 392 455 473 474 481 640 
0 262 392 454 473 475 481 640 
0 262 393 453 472 475 478 640 
0 261 393 454 471 640 
0 261 394 455 464 465 470 640 
0 260 394 456 461 640 
0 260 395 640 
0 260 395 640 
0 259 395 640 
0 259 396 640 
0 259 396 640 
0 258 396 640 
0 258 397 640 
0 258 397 640 
0 258 397 640 
0 257 398 640 
0 257 398 640 
0 257 398 640 
0 256 399 640 
0 256 399 640 
0 256 400 640 
0 255 400 640 
0 255 401 640 
0 255 401 640 
0 254 401 640 
0 254 402 640 
0 254 402 640 
0 254 402 640 
0 253 402 640 
0 253 403 640 
0 253 403 640 
0 253 403 640 
0 252 404 640 
0 252 404 640 
0 252 405 640 
0 252 405 640 
0 251 405 640 
0 251 406 640 
0 251 406 640 
0 250 406 640 
0 250 406 640 
0 250 407 640 
0 249 407 640 
0 249 407 640 
0 249 408 640 
0 248 408 640 
0 248 408 640 
0 248 409 640 
0 248 409 640 
0 247 410 640 
0 247 410 640 
0 247 410 640 
0 246 411 640 
0 246 411 640 
0 246 411 640 
0 245 412 640 
0 245 412 640 
0 245 412 640 
0 245 412 640 
0 244 413 640 
0 244 413 640 
0 244 413 640 
0 244 414 640 
0 243 414 640 
0 243 414 640 
0 243 415 640 
0 243 415 640 
0 243 415 640 
0 242 415 640 
0 242 416 640 
0 242 416 640 
0 242 416 640 
0 242 416 640 
0 242 416 640 
0 241 416 640 
0 241 417 640 
0 241 417 640 
0 241 417 640 
0 240 417 640 
