0 640 
0 640 
0 640 
0 640 
0 640 
0 640 
0 640 
0 640 
0 640 
0 640 
0 640 
0 640 
0 640 
0 640 
0 640 
0 640 
0 640 
0 640 
0 640 
0 640 
0 640 
0 640 
0 640 
0 640 
0 640 
0 640 
0 640 
0 640 
0 640 
0 640 
0 640 
0 640 
0 640 
0 640 
0 640 
0 640 
0 640 
0 640 
0 640 
0 640 
0 640 
0 640 
0 640 
0 640 
0 640 
0 640 
0 640 
0 640 
0 640 
0 640 
0 640 
0 640 
0 640 
0 640 
0 640 
0 640 
0 640 
0 640 
0 640 
0 640 
0 640 
0 640 
0 640 
0 640 
0 640 
0 640 
0 640 
0 640 
0 640 
0 640 
0 640 
0 640 
0 640 
0 640 
0 640 
0 640 
0 640 
0 640 
0 640 
0 640 
0 640 
0 640 
0 640 
0 640 
0 640 
0 640 
0 640 
0 640 
0 640 
0 640 
0 640 
0 640 
0 640 
0 640 
0 640 
0 640 
0 640 
0 640 
0 640 
0 640 
0 640 
0 640 
0 640 
0 640 
0 640 
0 640 
0 640 
0 640 
0 640 
0 640 
0 640 
0 640 
0 640 
0 640 
0 640 
0 640 
0 640 
0 640 
0 640 
0 640 
0 640 
0 640 
0 400 408 640 
0 398 410 640 
0 397 412 640 
0 395 413 640 
0 395 414 640 
0 394 414 640 
0 393 415 640 
0 392 415 640 
0 392 416 640 
0 391 416 640 
0 390 416 640 
0 390 416 640 
0 389 417 640 
0 389 417 640 
0 388 416 640 
0 388 416 640 
0 387 416 640 
0 387 416 640 
0 387 416 640 
0 386 417 640 
0 386 417 640 
0 385 417 640 
0 385 417 640 
0 383 418 640 
0 381 418 640 
0 369 371 380 418 640 
0 370 373 378 419 640 
0 371 419 640 
0 373 420 640 
0 375 420 640 
0 375 422 640 
0 374 426 640 
0 371 432 640 
0 368 438 640 
0 366 441 640 
0 364 445 640 
0 363 447 640 
0 361 447 640 
0 359 447 640 
0 359 446 640 
0 360 446 640 
0 362 445 640 
0 362 372 376 377 380 444 640 
0 362 370 380 443 640 
0 362 363 381 440 640 
0 382 440 640 
0 382 435 640 
0 383 433 640 
0 383 434 640 
0 383 435 640 
0 384 436 640 
0 384 437 640 
0 384 435 640 
0 384 435 640 
0 384 435 640 
0 384 436 640 
0 384 437 640 
0 384 437 640 
0 384 432 433 438 640 
0 385 386 387 439 640 
0 385 439 640 
0 386 433 434 436 437 440 640 
0 386 432 438 440 640 
0 386 432 439 441 640 
0 385 431 640 
0 384 423 424 431 640 
0 384 423 428 430 640 
0 383 423 428 429 640 
0 382 423 640 
0 382 423 640 
0 381 422 640 
0 381 422 640 
0 380 423 640 
0 380 423 640 
0 380 423 640 
0 380 423 447 448 640 
0 380 423 443 448 640 
0 381 423 440 448 640 
0 381 423 438 448 640 
0 382 423 436 448 640 
0 382 423 434 448 640 
0 382 423 432 448 640 
0 383 423 430 447 640 
0 383 423 428 447 640 
0 383 422 426 447 640 
0 383 421 425 447 640 
0 383 420 424 446 640 
0 383 420 423 446 640 
0 383 446 640 
0 383 445 640 
0 383 444 640 
0 384 444 640 
0 385 443 640 
0 387 442 640 
0 389 442 640 
0 390 441 640 
0 390 440 640 
0 390 440 640 
0 390 439 640 
0 391 439 640 
0 391 438 640 
0 391 438 458 460 640 
0 392 438 439 471 640 
0 392 471 474 477 478 480 640 
0 392 469 474 478 640 
0 393 470 474 477 640 
0 393 474 640 
0 392 430 431 475 640 
0 392 476 640 
0 391 478 640 
0 391 480 640 
0 390 482 640 
0 390 484 640 
0 390 486 640 
0 390 483 485 486 640 
0 389 484 640 
0 389 484 640 
0 389 485 640 
0 389 487 640 
0 389 492 640 
0 388 495 640 
0 387 498 640 
0 385 497 640 
0 384 490 640 
0 383 490 640 
0 381 491 640 
0 380 493 640 
0 380 494 640 
0 379 495 640 
0 378 493 496 499 640 
0 378 385 386 494 497 499 640 
0 377 384 386 490 492 495 497 500 640 
0 376 383 386 490 498 501 640 
0 362 366 375 381 385 490 501 502 640 
0 360 371 375 380 385 490 640 
0 359 379 384 491 640 
0 359 492 640 
0 359 492 640 
0 359 490 492 493 640 
0 359 490 492 494 640 
0 359 491 493 495 640 
0 360 491 494 495 640 
0 361 491 495 497 640 
0 75 77 361 493 640 
0 74 78 363 494 640 
0 74 78 366 495 640 
0 74 78 365 489 491 495 640 
0 74 79 365 489 493 496 640 
0 73 80 364 369 372 490 640 
0 72 81 364 368 373 490 640 
0 71 80 364 368 374 382 384 491 640 
0 72 79 364 368 375 381 384 493 640 
0 74 78 365 368 376 382 384 493 640 
0 74 78 378 382 384 410 416 494 640 
0 74 78 379 409 417 494 640 
0 74 78 380 409 418 496 640 
0 74 78 380 383 384 409 418 485 486 497 640 
0 74 78 381 383 384 408 419 487 488 498 640 
0 74 78 385 408 421 487 490 498 501 502 640 
0 74 78 386 408 422 483 485 487 493 498 502 504 640 
0 73 78 389 407 423 487 495 498 504 505 640 
0 72 78 391 407 423 480 481 488 498 499 640 
0 71 80 392 407 423 482 483 488 640 
0 67 80 392 406 424 472 473 489 640 
0 64 81 392 406 424 473 475 490 640 
0 62 82 392 406 424 469 470 473 480 485 488 493 640 
0 60 86 392 406 424 469 471 475 481 484 491 497 640 
0 60 89 392 405 425 477 482 485 493 498 640 
0 59 91 391 405 425 441 443 478 484 485 640 
0 59 91 392 405 425 441 445 481 640 
0 60 91 392 404 425 442 446 465 468 474 475 483 640 
0 61 90 392 404 425 442 447 464 469 474 479 483 640 
0 62 89 392 404 425 442 448 464 470 475 481 483 640 
0 62 88 393 403 425 442 450 464 471 475 483 485 640 
0 62 88 393 403 425 442 453 464 473 476 484 486 640 
0 62 88 394 403 426 442 456 463 474 477 640 
0 62 88 395 403 426 441 457 463 475 477 640 
0 62 88 395 402 426 441 458 463 476 477 640 
0 62 88 397 401 427 441 458 464 477 478 640 
0 62 88 427 440 458 460 461 464 640 
0 62 88 428 439 458 459 461 463 640 
0 62 88 428 438 461 462 640 
0 62 88 430 437 460 462 640 
0 62 88 432 434 460 461 640 
0 62 88 460 461 640 
0 62 88 460 461 640 
0 62 88 640 
0 62 88 640 
0 61 88 640 
0 61 88 640 
0 59 88 640 
0 56 90 640 
0 55 93 640 
0 51 94 640 
0 43 96 640 
0 42 101 640 
0 41 106 640 
0 40 107 640 
0 40 108 640 
0 39 108 283 284 640 
0 39 109 282 285 640 
0 38 109 281 285 640 
0 38 109 280 286 640 
0 37 110 280 287 640 
0 37 110 143 145 279 287 640 
0 36 111 143 145 278 288 640 
0 36 111 142 146 278 289 640 
0 35 111 141 146 277 289 640 
0 35 112 141 147 276 290 640 
0 34 112 140 148 276 290 640 
0 34 113 139 148 275 291 640 
0 33 113 139 149 274 292 640 
0 33 113 138 149 274 292 640 
0 33 114 137 150 273 293 640 
0 35 114 137 150 272 294 640 
0 36 114 136 151 271 294 640 
0 36 113 135 151 271 295 640 
0 36 112 135 152 270 295 640 
0 36 112 134 153 269 296 640 
0 36 112 134 153 269 297 640 
0 36 112 133 154 269 297 640 
0 36 112 133 154 269 297 640 
0 36 111 132 155 269 297 640 
0 36 111 131 156 269 297 640 
0 36 111 131 156 269 297 640 
0 36 111 130 157 269 297 640 
0 36 111 129 157 269 297 640 
0 36 111 129 158 269 297 640 
0 36 111 128 158 269 297 640 
0 36 111 128 159 269 297 640 
0 36 111 128 159 269 297 640 
0 36 111 128 159 269 297 640 
0 35 111 128 159 269 297 640 
0 35 111 128 159 269 297 640 
0 35 111 128 159 269 297 640 
0 35 111 128 159 269 297 640 
0 35 111 128 159 269 297 640 
0 35 111 128 159 270 297 640 
0 35 111 128 159 270 297 640 
0 35 111 128 159 270 297 640 
0 35 111 128 159 270 297 640 
0 35 111 128 159 270 297 640 
0 35 111 128 159 270 297 640 
0 35 111 128 159 270 297 640 
0 35 111 128 159 270 297 640 
0 35 111 128 159 270 297 640 
0 35 111 128 159 270 296 640 
0 35 111 128 158 270 296 640 
0 35 111 129 158 270 296 640 
0 35 110 129 159 270 296 640 
0 35 110 129 168 270 296 640 
0 35 110 129 188 270 296 640 
0 35 111 129 206 270 296 640 
0 34 111 129 228 270 296 640 
0 34 110 129 243 270 296 640 
0 34 111 128 249 270 296 640 
0 34 250 270 296 640 
251 270 296 640 
252 270 296 640 
253 270 296 640 
254 270 296 640 
255 270 296 640 
256 270 296 640 
257 270 296 640 
258 270 296 640 
259 270 296 640 
261 270 296 640 
262 270 296 640 
263 270 296 640 
264 270 296 640 
265 270 296 640 
266 270 296 640 
267 270 296 640 
268 270 296 640 
296 640 
296 640 
296 640 
296 640 
296 640 
296 640 
296 640 
296 640 
296 640 
296 640 
296 640 
296 640 
296 640 
296 640 
296 640 
296 640 
296 640 
296 640 
296 640 
296 640 
296 640 
296 640 
296 640 
296 640 
296 640 
296 640 
296 640 
296 640 
296 640 
296 640 
296 640 
296 640 
296 640 
296 640 
296 640 
296 640 
296 640 
296 640 
296 640 
296 640 
296 640 
295 640 
295 640 
295 640 
295 640 
295 640 
295 640 
295 640 
295 640 
295 640 
295 640 
295 640 
295 640 
295 640 
295 640 
295 640 
295 640 
295 640 
295 640 
295 640 
295 640 
295 640 
295 640 
295 640 
295 640 
295 640 
295 640 
295 640 
295 640 
295 640 
295 640 
295 640 
295 640 
295 640 
295 640 
295 640 
295 640 
295 640 
295 640 
295 640 
295 640 
295 640 
295 640 
295 640 
