0 213 
0 213 
0 214 
0 214 
0 214 
0 214 
0 214 
0 214 
0 214 
0 214 
0 215 
0 215 
0 215 
0 215 
0 215 
0 215 
0 216 
0 216 
0 216 
0 216 
0 216 
0 216 
0 217 
0 217 
0 217 
0 217 
0 217 
0 217 
0 217 
0 218 
0 218 
0 218 
0 219 
0 219 
0 219 
0 219 
0 219 
0 220 
0 220 
0 220 
0 220 
0 220 
0 220 
0 221 
0 221 
0 221 
0 221 
0 221 
0 222 
0 222 
0 222 
0 222 
0 222 
0 223 
0 223 
0 223 
0 224 
0 224 
0 224 
0 224 
0 224 
0 225 
0 225 
0 225 
0 226 
0 226 
0 226 
0 227 
0 227 
0 227 
0 227 
0 228 
0 228 
0 228 
0 228 
0 228 
0 229 
0 229 
0 229 
0 230 
0 230 
0 230 
0 230 
0 231 
0 231 
0 232 
0 232 
0 232 
0 233 
0 233 
0 233 
0 233 
0 233 
0 234 
0 234 
0 234 
0 235 
0 235 
0 236 
0 236 
0 237 
0 237 
0 238 
0 238 
0 238 
0 239 
0 239 
0 239 
0 240 
0 240 
0 240 
0 241 
0 241 
0 241 
0 241 
0 242 
0 242 
0 242 
0 243 
0 243 
0 244 
0 244 
0 245 
0 245 
0 246 
0 246 
0 246 
0 247 
0 248 
0 248 
0 248 
0 249 
0 249 
0 250 
0 250 
0 251 
0 252 
0 252 
0 252 
0 253 
0 253 
0 253 
0 254 
0 254 
0 255 
0 255 
0 255 
0 256 
0 256 
0 257 
0 258 
0 258 
0 259 
0 259 
0 260 
0 260 
0 261 
0 261 
0 262 
0 262 
0 263 
0 264 
0 264 
0 264 
0 264 
0 265 
0 265 
0 266 
0 266 
0 267 
0 268 
0 269 
0 269 
0 270 
0 270 
0 271 
0 272 
0 272 
0 272 
0 273 
0 274 
0 274 
0 275 
0 275 
0 276 
0 277 
0 277 
0 278 
0 278 
0 279 
0 279 
0 280 
0 281 
0 282 
0 282 
0 282 
0 283 
0 284 
0 285 
0 285 
0 286 
0 286 
0 287 
0 288 
0 288 
0 288 
0 289 
0 290 
0 291 
0 291 
0 292 
0 293 
0 294 
0 295 
0 296 
0 296 
0 296 
0 297 
0 298 
0 299 
0 299 
0 300 
0 301 
0 302 
0 302 
0 303 
0 304 
0 304 
0 305 
0 306 
0 307 
0 308 
0 309 
0 310 
0 311 
0 312 
0 312 
0 313 
0 314 
0 314 
0 316 
0 317 
0 317 
0 318 
0 318 
0 319 
0 320 
0 320 
0 322 
0 323 
0 324 
0 324 
0 325 
0 326 
0 327 
0 328 
0 329 
0 330 
0 331 
0 331 
0 332 
0 59 60 333 
0 58 62 334 
0 56 64 335 
0 55 64 336 
0 54 64 336 
0 51 65 337 
0 50 65 338 
0 49 66 339 
0 48 66 341 
0 47 66 342 
0 46 67 131 133 342 
0 46 67 129 134 343 
0 45 67 127 135 344 
0 45 68 125 136 345 
0 44 68 124 136 346 
0 44 68 122 136 347 
0 44 68 121 136 348 
0 43 68 120 136 349 
0 43 68 119 136 350 
0 43 68 117 135 352 
0 43 68 116 135 352 
0 42 69 115 135 353 
0 42 69 114 134 354 
0 42 69 113 134 355 
0 42 69 112 134 356 
0 42 70 111 133 357 
0 41 70 110 133 358 
0 41 70 109 132 360 
0 41 70 109 132 361 
0 41 70 108 131 362 
0 40 70 106 131 363 
0 40 70 106 131 364 
0 40 70 105 130 365 
0 40 70 104 130 367 
0 40 70 103 129 368 
0 40 70 103 129 368 
0 40 70 102 128 369 
0 39 70 101 128 371 
0 39 70 100 127 372 
0 39 70 100 127 373 
0 39 69 99 126 374 
0 39 69 98 125 376 
0 39 69 98 125 376 
0 39 69 97 124 378 
0 39 69 97 124 379 
0 39 69 96 123 381 
0 38 68 95 123 382 
0 38 68 95 122 383 
0 38 68 94 122 384 
0 38 68 94 121 386 
0 38 68 93 120 387 
0 38 68 92 120 389 
0 38 68 92 119 390 
0 38 67 91 119 391 
0 38 67 90 118 392 
0 38 67 90 118 165 171 394 
0 38 67 90 118 162 173 394 
0 38 67 89 117 160 173 395 
0 37 67 88 117 159 173 397 
0 37 66 88 116 157 174 400 
0 37 66 87 116 156 173 400 
0 37 66 87 115 154 173 402 
0 37 66 86 115 153 173 403 
0 37 66 85 114 151 172 404 
0 37 66 85 114 150 172 405 
0 37 66 84 113 149 171 408 
0 37 66 84 113 147 171 409 
0 37 65 83 112 146 170 410 
0 37 65 83 112 145 169 411 
0 36 65 82 111 143 169 413 
0 36 65 82 111 142 168 415 
0 36 65 81 110 141 167 416 
0 36 65 80 110 140 167 417 
0 36 65 80 109 139 166 419 
0 35 65 79 109 137 165 421 
0 35 65 79 108 136 164 423 
0 35 65 78 108 135 163 424 
0 35 65 78 107 134 163 425 
0 35 65 77 107 133 162 427 
0 35 65 77 107 132 161 429 
0 35 64 76 106 131 160 430 
0 34 64 75 105 130 159 433 
0 34 64 75 105 128 158 433 
0 34 64 74 104 127 157 435 
0 34 64 74 104 126 156 436 
0 34 64 73 104 125 155 438 
0 33 64 72 103 125 154 440 
0 33 64 72 103 123 153 441 
0 33 64 71 102 122 152 444 
0 33 64 71 102 121 151 446 
0 32 64 70 102 120 150 448 
0 32 64 69 101 118 149 449 
0 32 64 69 101 117 148 451 
0 32 64 68 100 116 147 454 
0 32 64 68 100 115 146 456 
0 32 64 67 99 114 145 458 
0 31 64 66 99 113 144 460 
0 31 64 66 99 112 143 462 
0 31 64 65 98 111 142 463 
0 31 63 64 97 110 141 465 
0 30 97 110 140 467 
0 30 97 109 139 470 
0 30 97 108 138 472 
0 30 96 107 137 474 
0 30 95 106 136 476 
0 29 95 105 135 478 
0 29 95 104 135 481 
0 29 94 103 134 483 
0 29 94 103 133 485 
0 28 93 101 132 488 
0 28 93 100 132 490 
0 28 93 99 131 492 
0 28 92 98 130 493 
0 27 92 97 129 496 
0 27 91 96 129 499 
0 27 91 95 128 162 182 500 
0 27 91 94 127 158 186 504 
0 27 90 93 127 153 188 505 
0 2 7 26 90 91 126 151 190 507 
0 1 9 26 89 90 125 148 191 510 
10 25 125 144 191 514 
12 25 124 141 191 517 
13 25 123 138 190 520 
14 25 123 136 190 523 
16 24 122 133 188 525 
16 24 121 131 187 529 
17 23 121 129 185 531 
18 23 120 126 185 534 
18 23 120 124 184 538 
18 22 119 122 182 543 
19 22 118 120 181 545 
19 21 179 549 
19 21 177 552 
175 555 
172 558 
170 563 
167 569 
162 574 
159 581 
156 584 
153 588 
150 592 
147 600 
145 606 
142 610 
140 622 
138 626 
136 638 
135 640 
133 640 
131 640 
130 640 
128 640 
126 640 
125 640 
124 640 
122 640 
121 640 
120 640 
118 640 
117 640 
117 640 
116 640 
115 640 
115 640 
115 640 
114 640 
114 640 
114 640 
114 640 
114 640 
113 640 
113 640 
113 640 
113 640 
112 640 
112 640 
112 640 
111 640 
111 640 
111 640 
110 640 
110 640 
110 640 
110 640 
109 640 
109 640 
109 640 
108 640 
108 640 
107 640 
107 640 
107 640 
106 640 
106 640 
106 640 
105 640 
105 640 
105 640 
104 640 
104 640 
103 640 
103 640 
103 640 
102 640 
101 640 
101 640 
101 640 
100 640 
100 640 
99 640 
99 640 
98 640 
98 640 
97 640 
96 640 
96 640 
95 640 
95 640 
