0 190 516 640 
0 190 516 640 
0 190 516 640 
0 190 516 640 
0 190 516 640 
0 190 516 640 
0 190 516 640 
0 190 516 640 
0 190 516 640 
0 190 516 640 
0 190 517 640 
0 189 517 640 
0 189 517 640 
0 189 517 640 
0 189 517 640 
0 189 517 640 
0 189 517 640 
0 189 517 640 
0 189 517 640 
0 189 517 640 
0 189 518 640 
0 189 518 640 
0 189 518 640 
0 189 518 640 
0 189 518 640 
0 189 518 640 
0 189 518 640 
0 189 518 640 
0 189 518 640 
0 189 518 640 
0 189 518 640 
0 189 518 640 
0 189 518 640 
0 189 518 640 
0 189 518 640 
0 189 518 640 
0 189 518 640 
0 189 518 640 
0 189 517 640 
0 189 517 640 
0 189 517 640 
0 189 517 640 
0 189 517 640 
0 189 517 640 
0 189 517 640 
0 189 517 640 
0 190 516 640 
0 190 516 640 
0 190 517 640 
0 190 516 640 
0 190 516 640 
0 190 516 640 
0 191 516 640 
0 191 516 640 
0 191 516 640 
0 191 515 640 
0 192 515 640 
0 192 515 640 
0 192 515 640 
0 192 514 640 
0 192 514 640 
0 192 514 640 
0 193 514 640 
0 193 514 640 
0 193 513 640 
0 193 513 640 
0 193 513 640 
0 194 513 640 
0 194 512 640 
0 194 512 640 
0 194 512 640 
0 194 512 640 
0 195 511 640 
0 195 511 640 
0 195 511 640 
0 195 511 640 
0 196 510 640 
0 196 510 640 
0 197 510 640 
0 197 509 640 
0 197 509 640 
0 198 509 640 
0 198 508 640 
0 198 508 640 
0 199 508 640 
0 199 507 640 
0 200 507 640 
0 200 506 640 
0 200 506 640 
0 201 506 640 
0 201 506 640 
0 202 505 640 
0 202 505 640 
0 203 504 640 
0 203 504 640 
0 203 503 640 
0 204 502 640 
0 204 502 640 
0 204 502 640 
0 205 501 640 
0 205 501 640 
0 206 500 640 
0 207 500 640 
0 207 500 640 
0 207 499 640 
0 208 498 640 
0 209 498 640 
0 209 497 640 
0 210 497 640 
0 210 496 640 
0 211 495 640 
0 211 495 640 
0 212 494 640 
0 213 494 640 
0 213 493 640 
0 214 493 640 
0 214 492 640 
0 215 491 640 
0 216 491 640 
0 217 490 640 
0 217 489 640 
0 218 489 640 
0 219 488 640 
0 219 487 640 
0 220 487 640 
0 221 486 640 
0 222 485 640 
0 222 484 640 
0 223 484 640 
0 224 483 640 
0 224 482 640 
0 225 481 640 
0 226 480 640 
0 227 480 640 
0 228 479 640 
0 229 478 640 
0 230 477 640 
0 230 476 640 
0 231 475 640 
0 232 474 640 
0 234 473 640 
0 234 472 640 
0 235 471 640 
0 236 470 640 
0 237 469 640 
0 238 468 640 
0 239 467 640 
0 241 466 640 
0 242 465 640 
0 243 464 640 
0 244 462 640 
0 245 461 640 
0 246 460 640 
0 247 460 640 
0 248 459 640 
0 250 457 640 
0 251 456 640 
0 252 455 640 
0 254 454 640 
0 255 453 640 
0 256 450 640 
0 257 449 640 
0 258 448 640 
0 260 446 640 
0 262 445 640 
0 263 443 640 
0 265 442 640 
0 266 440 640 
0 268 439 640 
0 269 437 640 
0 272 435 640 
0 273 433 640 
0 275 432 640 
0 277 430 640 
0 279 428 640 
0 281 426 640 
0 283 424 640 
0 285 422 640 
0 288 419 640 
0 289 417 640 
0 292 414 640 
0 295 412 640 
0 297 409 640 
0 299 406 640 
0 303 404 640 
0 307 401 640 
0 310 397 640 
0 313 392 640 
0 317 389 640 
0 324 384 640 
0 330 377 640 
0 336 372 640 
0 347 363 640 
0 640 
0 640 
0 640 
0 640 
0 640 
0 640 
0 640 
0 640 
0 640 
0 640 
0 640 
0 640 
0 640 
0 640 
0 640 
0 640 
0 640 
0 640 
0 640 
0 640 
0 640 
0 640 
0 640 
0 640 
0 640 
0 640 
0 640 
0 640 
0 640 
0 640 
0 640 
0 640 
0 640 
0 640 
0 640 
0 640 
0 640 
0 640 
0 640 
0 640 
0 640 
0 640 
0 640 
0 640 
0 640 
0 640 
0 640 
0 640 
0 640 
0 640 
0 640 
0 640 
0 640 
0 640 
0 640 
0 640 
0 640 
0 640 
0 640 
0 640 
0 640 
0 640 
0 640 
0 640 
0 640 
0 640 
0 640 
0 640 
0 640 
0 640 
0 640 
0 640 
0 640 
0 640 
0 640 
0 640 
0 640 
0 640 
0 640 
0 640 
0 640 
0 640 
0 640 
0 640 
0 640 
0 640 
0 640 
0 640 
0 640 
0 640 
0 640 
0 640 
0 640 
0 640 
0 640 
0 640 
0 640 
0 640 
0 640 
0 640 
0 640 
0 640 
0 640 
0 640 
0 640 
0 640 
0 640 
0 640 
0 640 
0 640 
0 640 
0 640 
0 640 
0 640 
0 640 
0 640 
0 640 
0 640 
0 640 
0 640 
0 640 
0 640 
0 640 
0 640 
0 640 
0 640 
0 640 
0 640 
0 640 
0 640 
0 640 
0 640 
0 640 
0 640 
0 640 
0 640 
0 640 
0 640 
0 640 
0 640 
0 640 
0 640 
0 640 
0 640 
0 640 
0 640 
0 640 
0 640 
0 640 
0 640 
0 640 
0 640 
0 640 
0 640 
0 640 
0 640 
0 640 
0 640 
0 640 
0 640 
0 640 
0 640 
0 640 
0 640 
0 640 
0 640 
0 640 
0 640 
0 640 
0 640 
0 640 
0 640 
0 640 
0 640 
0 640 
0 640 
0 640 
0 640 
0 640 
0 640 
0 640 
0 640 
0 640 
0 640 
0 640 
0 640 
0 640 
0 640 
0 640 
0 640 
0 640 
0 640 
0 640 
0 640 
0 640 
0 640 
0 640 
0 640 
0 640 
0 640 
0 640 
0 640 
0 640 
0 640 
0 640 
0 640 
0 640 
0 640 
0 640 
0 640 
0 640 
0 640 
0 640 
0 640 
0 640 
0 640 
0 640 
0 640 
0 640 
0 640 
0 640 
0 640 
0 640 
0 640 
0 640 
0 640 
0 640 
0 640 
0 640 
0 640 
0 640 
0 640 
0 640 
0 640 
0 640 
0 640 
0 640 
0 640 
0 640 
0 640 
0 640 
0 640 
0 640 
0 640 
0 640 
0 640 
0 640 
0 640 
0 640 
0 640 
0 640 
0 640 
0 640 
0 640 
0 640 
0 640 
0 640 
0 640 
0 640 
0 640 
0 640 
0 640 
0 640 
0 640 
0 640 
0 640 
0 640 
0 640 
0 640 
0 640 
0 640 
0 640 
0 640 
0 640 
0 640 
0 640 
0 640 
0 640 
0 640 
0 640 
0 640 
0 640 
0 640 
0 640 
0 640 
0 640 
0 640 
