0 640 
0 640 
0 640 
0 640 
0 640 
0 640 
0 640 
0 640 
0 640 
0 640 
0 640 
0 640 
0 640 
0 640 
0 640 
0 640 
0 640 
0 640 
0 640 
0 640 
0 640 
0 640 
0 640 
0 640 
0 640 
0 640 
0 640 
0 640 
0 640 
0 640 
0 640 
0 640 
0 640 
0 640 
0 640 
0 640 
0 640 
0 640 
0 640 
0 640 
0 640 
0 640 
0 640 
0 640 
0 640 
0 640 
0 640 
0 640 
0 640 
0 640 
0 640 
0 640 
0 640 
0 399 430 640 
0 390 439 640 
0 383 444 640 
0 379 448 640 
0 373 453 640 
0 368 456 640 
0 364 459 640 
0 361 462 640 
0 358 464 640 
0 355 466 640 
0 352 468 640 
0 350 470 640 
0 348 471 640 
0 346 473 640 
0 344 474 640 
0 342 476 640 
0 340 480 640 
0 339 481 640 
0 337 482 640 
0 335 484 640 
0 334 485 640 
0 332 486 640 
0 331 487 640 
0 330 488 640 
0 328 489 640 
0 327 490 640 
0 326 491 640 
0 324 492 640 
0 323 493 640 
0 322 494 640 
0 321 495 640 
0 320 496 640 
0 319 498 640 
0 318 499 640 
0 317 501 640 
0 316 502 640 
0 315 502 640 
0 314 503 640 
0 313 504 640 
0 312 505 640 
0 311 506 640 
0 310 507 640 
0 309 508 640 
0 308 509 640 
0 307 510 640 
0 306 510 640 
0 305 511 640 
0 305 512 640 
0 304 512 640 
0 303 513 640 
0 302 514 640 
0 301 514 640 
0 301 515 640 
0 300 515 640 
0 299 516 640 
0 298 516 640 
0 298 517 640 
0 297 517 640 
0 296 518 640 
0 295 518 640 
0 295 518 640 
0 294 519 640 
0 293 520 640 
0 293 520 640 
0 292 520 640 
0 292 521 640 
0 291 521 640 
0 290 521 640 
0 290 522 640 
0 289 522 640 
0 289 522 640 
0 288 522 640 
0 288 523 640 
0 287 523 640 
0 287 523 640 
0 286 523 640 
0 286 523 640 
0 285 524 640 
0 285 524 640 
0 284 524 640 
0 284 524 640 
0 283 525 640 
0 282 525 640 
0 282 525 640 
0 281 525 640 
0 280 525 640 
0 280 525 640 
0 279 524 640 
0 278 524 640 
0 278 525 640 
0 277 525 640 
0 277 525 640 
0 276 525 640 
0 275 525 640 
0 275 526 640 
0 274 526 640 
0 274 526 640 
0 273 526 640 
0 273 527 640 
0 273 527 640 
0 272 527 640 
0 272 527 640 
0 271 527 640 
0 271 527 640 
0 270 527 640 
0 270 527 640 
0 269 527 640 
0 269 528 640 
0 268 528 640 
0 268 528 640 
0 267 528 640 
0 267 528 640 
0 266 528 640 
0 266 528 640 
0 265 528 640 
0 265 529 640 
0 265 268 269 529 640 
0 264 267 269 528 640 
0 264 267 268 528 640 
0 263 266 268 528 640 
0 263 266 268 528 640 
0 263 266 268 528 640 
0 263 266 267 528 640 
0 262 265 267 528 640 
0 262 265 267 528 640 
0 262 265 266 528 640 
0 261 265 266 528 640 
0 261 264 266 528 640 
0 261 264 266 528 640 
0 260 264 265 528 640 
0 260 264 265 528 640 
0 260 263 265 527 640 
0 260 263 265 527 640 
0 259 263 264 527 640 
0 259 263 264 526 640 
0 259 262 264 526 640 
0 258 262 264 526 640 
0 258 262 263 526 640 
0 258 262 263 525 640 
0 258 261 263 525 640 
0 257 261 263 525 640 
0 257 261 263 525 640 
0 257 261 262 524 640 
0 257 260 262 524 640 
0 257 260 262 523 640 
0 257 260 262 523 640 
0 257 260 262 522 640 
0 257 260 261 521 640 
0 256 521 640 
0 256 520 640 
0 256 520 640 
0 256 520 640 
0 256 515 518 519 640 
0 256 514 640 
0 256 514 640 
0 256 513 640 
0 256 513 640 
0 256 513 640 
0 255 513 640 
0 255 512 640 
0 255 501 503 512 640 
0 255 501 503 512 640 
0 255 501 503 512 640 
0 255 500 504 512 640 
0 255 500 504 511 640 
0 255 500 504 511 640 
0 255 500 504 511 640 
0 255 499 504 510 640 
0 255 499 505 510 640 
0 255 499 505 510 640 
0 255 498 505 510 640 
0 255 498 505 510 640 
0 255 497 505 509 640 
0 254 497 505 509 640 
0 254 497 506 508 640 
0 254 496 506 508 640 
0 254 496 506 508 640 
0 254 495 506 507 640 
0 253 485 486 495 640 
0 252 485 487 494 640 
0 250 484 487 494 640 
0 248 484 488 494 640 
0 246 483 489 494 640 
0 245 483 489 493 640 
0 243 483 490 493 640 
0 241 482 490 492 640 
0 240 482 640 
0 238 482 640 
0 236 481 640 
0 233 481 640 
0 231 480 640 
0 229 480 640 
0 226 480 640 
0 224 479 640 
0 222 479 640 
0 220 478 640 
0 218 477 640 
0 215 477 640 
0 213 476 640 
0 211 476 640 
0 209 475 640 
0 206 475 640 
0 203 474 640 
0 202 474 640 
0 200 473 640 
0 197 473 640 
0 195 472 640 
0 193 472 640 
0 191 472 640 
0 188 472 640 
0 186 471 640 
0 184 471 640 
0 182 471 640 
0 180 471 640 
0 177 471 640 
0 175 471 640 
0 173 471 640 
0 170 471 640 
0 168 471 640 
0 166 471 640 
0 164 471 640 
0 162 187 189 471 640 
0 159 185 187 471 640 
0 157 184 186 471 640 
0 155 181 185 471 640 
0 153 178 182 471 640 
0 151 176 182 470 640 
0 149 173 179 470 640 
0 147 171 179 180 181 456 457 470 640 
0 145 168 175 176 178 456 458 470 640 
0 143 165 177 456 458 470 640 
0 142 163 176 456 459 470 640 
0 140 160 174 456 460 470 640 
0 138 158 172 456 461 470 640 
0 136 156 170 456 462 470 640 
0 134 154 168 243 245 456 462 470 640 
0 132 152 166 242 245 456 463 470 640 
0 130 150 165 240 245 449 450 456 464 470 640 
0 129 148 162 239 245 448 450 456 464 470 640 
0 127 147 160 239 245 448 451 457 464 470 640 
0 125 145 158 238 245 448 451 457 465 471 640 
0 123 143 157 236 245 447 451 457 465 471 640 
0 121 141 154 235 244 447 452 457 465 471 640 
0 120 139 152 235 243 446 452 457 465 472 640 
0 118 137 150 233 242 446 453 457 466 472 640 
0 116 135 148 232 241 446 453 457 466 472 640 
0 115 133 146 231 240 445 453 457 466 469 470 472 640 
0 113 132 145 229 239 445 453 457 466 469 640 
0 112 130 143 228 238 445 454 457 467 469 640 
0 110 128 141 227 236 445 454 457 467 469 640 
0 109 126 140 226 235 446 454 457 467 469 640 
0 108 124 139 225 234 242 243 449 455 457 467 469 640 
0 106 122 137 223 233 240 243 452 455 457 467 469 640 
0 105 121 135 222 232 239 243 457 468 469 640 
0 103 119 133 221 231 238 243 459 468 469 640 
0 102 117 132 220 230 237 243 462 640 
0 100 116 130 219 228 236 242 467 640 
0 99 115 128 218 227 235 242 470 640 
0 97 113 127 216 226 233 242 472 640 
0 96 112 125 216 225 232 241 476 640 
0 95 111 123 215 224 231 241 480 640 
0 93 109 121 214 223 230 241 483 640 
0 92 107 119 213 222 229 240 485 640 
0 91 106 118 172 173 211 221 227 240 488 640 
0 89 105 115 171 172 211 219 226 240 491 640 
0 88 103 113 169 171 209 218 225 239 495 640 
0 86 102 112 168 171 208 217 224 239 497 640 
0 85 101 111 165 170 206 216 223 238 500 640 
0 84 99 110 164 169 205 215 221 238 502 640 
0 82 97 108 161 167 204 214 220 237 505 640 
0 81 96 106 160 166 203 213 219 236 509 640 
0 80 95 105 159 165 203 211 218 235 512 640 
0 79 93 103 156 164 200 210 217 232 514 640 
0 78 92 102 155 163 200 209 216 229 516 640 
0 76 90 101 152 162 199 208 215 224 519 640 
0 75 89 100 151 161 197 206 213 221 521 640 
0 74 88 98 151 160 196 205 212 218 523 640 
0 73 87 96 148 159 195 204 211 214 525 640 
0 72 86 95 147 158 194 203 526 640 
0 71 85 94 145 157 193 202 528 640 
0 69 83 93 143 156 192 201 531 640 
0 68 82 91 142 155 190 199 534 640 
0 67 81 90 140 153 189 195 539 640 
0 66 80 88 139 152 541 640 
0 65 79 87 138 151 543 640 
0 64 78 85 136 150 544 640 
0 63 76 84 134 149 546 640 
0 62 75 83 132 148 547 640 
0 60 74 81 131 147 548 640 
0 59 73 80 129 146 549 640 
0 58 72 78 128 145 550 640 
0 56 71 77 127 144 551 640 
0 55 69 76 125 143 552 640 
0 54 68 75 124 142 553 640 
0 53 67 74 122 139 554 640 
0 52 66 73 121 134 555 640 
0 51 65 72 120 128 556 640 
0 50 64 70 118 122 556 640 
0 48 62 69 555 640 
0 47 61 68 554 640 
0 46 60 67 553 640 
0 45 59 66 551 640 
0 44 58 65 551 640 
0 43 57 64 551 640 
0 42 56 63 552 640 
0 42 55 61 553 640 
0 40 54 60 554 640 
0 39 53 59 554 640 
0 38 51 58 555 640 
0 38 50 56 556 640 
0 37 49 51 556 640 
0 35 557 640 
0 34 558 640 
0 32 558 640 
0 29 199 202 559 640 
0 22 195 202 560 640 
0 15 192 201 561 640 
0 9 188 200 561 640 
0 5 184 199 562 640 
0 1 180 198 563 640 
178 197 563 640 
177 197 564 640 
174 195 565 640 
170 194 565 640 
167 193 566 640 
165 192 567 640 
160 191 567 640 
151 152 158 190 568 640 
146 148 149 152 157 189 569 640 
144 151 156 188 569 640 
143 150 156 187 570 640 
142 149 155 187 571 640 
141 148 154 186 572 640 
140 147 153 184 572 640 
139 147 152 183 573 640 
138 146 151 182 573 640 
137 145 150 181 574 640 
136 144 149 180 575 640 
136 143 148 179 575 640 
135 142 147 179 576 640 
134 141 147 177 577 640 
133 140 146 176 577 640 
92 96 131 140 145 175 578 640 
91 95 131 139 144 172 579 640 
87 95 130 138 143 169 579 640 
83 94 129 137 142 165 580 640 
80 93 128 136 141 162 581 640 
75 93 127 135 141 159 582 640 
71 92 127 134 140 156 582 640 
68 91 126 134 139 154 583 640 
65 90 125 133 138 150 584 640 
59 89 124 132 137 147 584 640 
57 88 124 131 136 144 585 640 
55 88 123 130 136 141 586 640 
54 87 122 130 135 139 586 640 
54 86 121 129 587 640 
53 85 120 128 588 640 
52 84 120 127 158 159 588 640 
51 84 105 106 119 126 144 148 150 152 153 156 589 640 
50 83 104 105 118 122 141 147 149 156 590 640 
48 82 138 152 590 640 
47 81 135 150 591 640 
47 80 132 147 592 640 
46 80 101 102 130 144 593 640 
45 79 100 102 129 142 593 640 
44 78 128 139 594 640 
43 77 129 130 133 136 595 640 
42 77 131 132 596 640 
42 76 596 640 
40 75 597 640 
40 74 598 640 
39 73 598 640 
38 73 599 640 
37 72 600 640 
36 71 601 640 
28 33 35 70 601 640 
27 33 35 70 602 640 
25 31 33 69 603 640 
25 30 33 67 604 640 
24 30 32 64 605 640 
23 29 31 61 88 89 605 640 
22 28 30 58 87 89 606 640 
21 27 30 55 607 640 
20 27 29 52 608 640 
19 25 27 49 609 640 
18 24 26 46 609 640 
18 24 25 42 59 61 610 640 
17 23 24 39 56 61 611 640 
16 22 24 36 53 60 612 640 
15 21 24 32 50 59 613 640 
14 20 22 30 47 58 614 640 
13 20 22 28 45 58 614 640 
12 19 20 25 41 57 615 640 
12 18 20 22 40 56 616 640 
11 17 36 55 617 640 
10 14 34 54 618 640 
10 12 31 51 618 640 
28 48 619 640 
25 45 620 640 
24 43 621 640 
21 40 122 123 622 640 
18 37 120 122 623 640 
16 19 22 34 118 121 145 147 624 640 
14 17 21 31 115 121 144 146 624 640 
20 27 114 120 143 145 625 640 
19 24 112 119 141 144 626 640 
17 22 111 118 140 144 627 640 
17 19 110 117 139 143 628 640 
109 116 138 142 629 640 
108 115 136 142 629 640 
107 113 135 141 630 640 
106 112 134 140 473 481 631 640 
105 111 133 140 473 484 632 640 
99 101 103 110 131 139 473 487 633 640 
98 109 130 138 473 490 634 640 
97 108 129 138 473 492 634 640 
96 107 128 137 473 494 635 640 
89 90 95 106 127 136 473 496 636 640 
80 81 88 90 92 105 125 135 473 497 637 640 
87 104 124 134 473 499 638 640 
78 80 87 103 123 134 473 500 638 640 
75 79 85 102 122 133 473 502 639 640 
74 79 84 100 120 132 473 503 
72 78 84 99 119 132 473 504 
70 77 83 98 118 131 473 506 
70 76 82 97 116 130 473 507 
70 76 82 97 112 113 115 130 472 508 
