0 640 
0 640 
0 640 
0 640 
0 640 
0 640 
0 640 
0 640 
0 640 
0 640 
0 640 
0 640 
0 640 
0 640 
0 640 
0 640 
0 640 
0 640 
0 640 
0 640 
0 640 
0 640 
0 640 
0 640 
0 640 
0 640 
0 640 
0 640 
0 640 
0 640 
0 640 
0 640 
0 640 
0 640 
0 640 
0 640 
0 640 
0 640 
0 640 
0 640 
0 640 
0 640 
0 640 
0 640 
0 640 
0 640 
0 640 
0 640 
0 640 
0 640 
0 448 464 640 
0 447 465 640 
0 445 467 640 
0 444 468 640 
0 442 469 640 
0 441 470 640 
0 440 471 640 
0 439 471 640 
0 438 472 640 
0 437 472 640 
0 436 473 640 
0 436 473 640 
0 435 474 640 
0 434 474 640 
0 434 475 640 
0 433 475 640 
0 432 475 640 
0 432 475 640 
0 431 474 640 
0 431 473 640 
0 430 472 640 
0 429 472 640 
0 429 472 640 
0 429 472 640 
0 428 472 640 
0 428 472 640 
0 427 473 640 
0 427 473 640 
0 426 473 640 
0 426 474 640 
0 425 474 640 
0 425 474 640 
0 425 475 640 
0 424 475 640 
0 424 475 640 
0 423 476 640 
0 423 476 640 
0 423 476 640 
0 422 477 640 
0 422 477 640 
0 421 477 640 
0 419 478 640 
0 418 478 640 
0 416 478 640 
0 414 479 640 
0 413 479 640 
0 412 480 640 
0 395 399 411 480 640 
0 395 401 410 484 640 
0 396 404 409 489 640 
0 397 406 408 494 640 
0 398 499 640 
0 399 506 640 
0 399 513 640 
0 397 521 640 
0 395 525 640 
0 393 526 640 
0 390 527 640 
0 388 527 640 
0 386 527 640 
0 384 528 640 
0 383 527 640 
0 381 527 640 
0 379 527 640 
0 378 526 640 
0 377 525 640 
0 376 524 640 
0 376 523 640 
0 375 522 640 
0 376 521 640 
0 378 521 640 
0 379 519 640 
0 379 380 382 519 640 
0 383 516 640 
0 383 514 640 
0 382 402 406 411 414 515 640 
0 381 400 415 514 640 
0 384 387 415 513 640 
0 416 512 640 
0 417 509 640 
0 418 510 640 
0 419 510 640 
0 419 511 640 
0 419 512 640 
0 420 513 640 
0 420 515 640 
0 420 515 640 
0 420 517 640 
0 420 518 640 
0 420 518 640 
0 420 519 640 
0 421 520 640 
0 421 505 519 521 640 
0 421 505 640 
0 421 507 640 
0 421 509 640 
0 421 508 640 
0 421 504 640 
0 421 501 640 
0 421 500 640 
0 421 500 640 
0 421 500 640 
0 420 496 640 
0 417 497 640 
0 413 497 640 
0 409 493 494 499 640 
0 406 488 489 492 496 500 640 
0 404 481 482 488 490 493 640 
0 403 481 482 488 491 493 640 
0 402 482 484 488 640 
0 402 483 484 488 640 
0 401 483 485 488 640 
0 400 484 485 488 640 
0 398 484 486 488 640 
0 397 484 486 487 640 
0 396 485 640 
0 395 485 640 
0 394 485 640 
0 393 485 640 
0 392 485 640 
0 391 485 640 
0 391 485 640 
0 390 485 640 
0 389 485 530 532 640 
0 388 485 524 533 640 
0 387 485 521 533 640 
0 385 485 518 533 640 
0 384 485 516 533 640 
0 383 485 513 533 640 
0 382 485 511 532 640 
0 381 485 509 532 640 
0 380 485 507 532 640 
0 379 485 505 532 640 
0 379 485 503 532 640 
0 378 485 501 531 640 
0 378 419 422 485 500 531 640 
0 378 418 423 484 498 531 640 
0 378 398 402 403 405 416 423 484 496 531 640 
0 378 397 405 416 423 484 494 531 640 
0 379 395 405 415 424 483 493 530 640 
0 379 393 405 415 424 482 491 530 640 
0 380 391 405 415 424 482 489 530 640 
0 381 390 405 415 425 481 488 529 640 
0 383 388 405 415 425 481 487 529 640 
0 385 386 406 414 425 482 485 529 640 
0 406 414 426 529 561 571 609 611 640 
0 406 413 426 530 552 574 607 610 640 
0 406 413 426 531 539 578 586 587 590 594 605 609 640 
0 406 413 426 600 603 608 640 
0 406 413 427 607 640 
0 406 413 427 594 597 605 640 
0 406 413 427 589 596 603 640 
0 405 413 428 589 594 601 640 
0 405 414 428 599 640 
0 404 414 429 598 640 
0 405 415 429 596 640 
0 406 414 429 597 640 
0 430 598 640 
0 430 600 640 
0 430 602 640 
0 431 604 640 
0 431 605 640 
0 431 607 640 
0 431 609 640 
0 431 611 640 
0 432 613 640 
0 432 615 640 
0 432 618 640 
0 432 621 640 
0 432 622 640 
0 433 617 619 622 640 
0 433 618 640 
0 433 619 640 
0 434 619 640 
0 434 619 640 
0 435 620 640 
0 436 620 640 
0 435 621 640 
0 435 624 640 
0 434 630 640 
0 433 634 640 
0 433 637 640 
0 432 639 640 
0 432 626 630 
0 431 625 628 
0 431 
0 431 639 640 
0 431 634 640 
0 430 633 640 
0 430 632 640 
0 430 631 640 
0 430 629 640 
0 430 629 640 
0 429 631 640 
0 429 632 640 
0 429 635 640 
0 429 637 640 
0 428 
0 426 
0 423 
0 421 
0 419 
0 417 
0 415 
0 414 
0 412 
0 411 634 640 
0 410 632 640 
0 409 631 640 
0 408 631 640 
0 406 632 634 638 640 
0 405 
0 405 639 640 
0 404 636 640 
0 403 634 640 
0 402 633 640 
0 402 423 424 633 640 
0 401 420 424 635 640 
0 400 418 423 635 640 
0 400 417 422 637 640 
0 399 415 421 638 640 
0 399 413 421 638 640 
0 398 412 420 
0 398 411 420 632 635 
0 397 410 419 632 638 
0 397 408 418 634 640 
0 396 408 417 637 639 
0 396 407 416 
0 395 407 415 
0 394 406 414 637 640 
0 387 638 640 
0 386 639 640 
0 385 
0 385 
0 385 
0 385 628 632 637 639 
0 385 627 640 
0 385 628 640 
0 385 632 640 
0 385 636 640 
0 385 637 640 
0 386 638 640 
0 386 
0 387 
0 388 
0 389 636 639 
0 392 637 640 
0 394 638 640 
0 394 638 640 
0 393 637 640 
0 393 399 400 637 640 
0 392 399 400 638 640 
0 392 467 470 
0 391 399 400 467 473 
0 391 399 401 467 474 
0 391 398 401 466 475 
0 392 398 405 466 476 
0 393 398 407 419 421 465 477 627 628 
0 394 398 409 416 422 465 478 626 631 
0 396 397 410 416 422 465 480 626 633 
0 411 417 423 464 482 627 637 
0 411 417 423 464 484 615 617 629 640 
0 412 418 425 463 484 616 618 629 640 
0 413 419 428 463 485 610 612 620 621 630 640 
0 413 419 429 463 485 611 614 623 625 631 640 
0 414 420 434 463 486 624 625 626 628 631 640 
0 415 420 434 462 486 626 629 632 640 
0 416 419 432 462 486 622 630 632 640 
0 416 419 432 462 487 624 631 633 640 
0 417 418 432 462 487 629 632 634 640 
0 433 461 487 635 640 
0 433 461 487 603 605 609 612 637 640 
0 433 461 488 603 607 610 613 625 627 
0 434 460 488 604 609 610 614 625 631 
0 434 460 488 520 522 605 615 625 634 
0 434 460 489 520 522 526 529 548 550 561 564 607 616 620 621 626 640 
0 434 459 489 520 522 526 535 550 552 563 566 609 617 620 624 626 640 
0 434 459 489 520 522 526 536 551 552 565 568 611 618 621 640 
0 434 459 489 527 538 576 579 614 620 621 640 
0 434 459 489 527 539 576 581 616 620 622 640 
0 433 458 490 521 522 527 540 576 583 598 600 618 640 
0 433 458 490 521 523 528 542 577 584 598 604 619 640 
0 433 458 490 521 523 528 543 578 586 599 606 618 640 
0 433 458 490 521 523 528 544 550 552 580 588 601 608 618 640 
0 433 457 490 521 523 528 545 550 554 580 589 601 609 617 640 
0 433 457 490 522 524 528 547 552 555 578 590 602 611 618 640 
0 433 457 490 522 524 528 549 553 556 577 592 603 613 620 640 
0 434 456 491 522 524 527 550 555 558 577 593 603 615 621 640 
0 434 456 491 522 524 527 552 557 559 577 595 604 617 623 640 
0 434 456 491 522 525 527 554 559 560 577 597 605 619 624 640 
0 435 456 491 522 555 558 561 577 599 605 621 624 640 
0 435 455 491 522 563 577 600 606 640 
0 435 455 491 522 564 577 601 606 640 
0 436 455 491 523 565 578 602 607 640 
0 436 455 492 523 566 578 603 607 640 
0 437 454 492 523 567 578 604 607 640 
0 438 454 492 523 568 579 604 608 640 
0 438 454 492 523 568 580 605 608 640 
0 439 453 492 523 568 576 578 580 606 609 640 
0 439 453 493 518 520 523 568 571 572 576 578 581 607 609 640 
0 440 452 494 518 521 523 567 571 573 576 579 582 608 610 640 
0 442 452 494 517 521 523 567 570 573 576 581 582 609 610 640 
0 444 450 495 516 521 523 567 570 572 575 610 611 640 
0 446 447 448 449 496 515 522 523 567 570 572 575 640 
0 497 514 569 570 572 575 640 
0 498 513 572 575 640 
0 500 511 572 574 640 
0 502 509 572 574 640 
0 572 574 640 
0 571 574 640 
0 571 574 640 
0 571 573 640 
0 571 573 640 
0 571 573 640 
0 571 573 640 
0 571 572 640 
0 640 
0 640 
0 640 
0 640 
0 640 
0 640 
0 640 
0 640 
0 640 
0 640 
0 640 
0 640 
0 640 
0 640 
0 640 
0 640 
0 640 
0 640 
0 640 
0 640 
0 640 
0 640 
0 640 
0 640 
0 640 
0 640 
0 640 
0 640 
0 640 
0 640 
0 640 
0 640 
0 640 
0 640 
0 640 
0 640 
0 640 
3 640 
5 640 
8 640 
10 640 
12 640 
13 640 
13 640 
14 640 
14 640 
14 640 
13 640 
13 640 
11 640 
11 640 
10 640 
10 640 
10 640 
10 640 
10 640 
10 640 
10 640 
10 640 
10 640 
10 640 
10 640 
10 640 
10 640 
10 640 
10 640 
10 640 
10 640 
9 640 
9 640 
9 640 
9 640 
9 640 
9 640 
9 640 
9 640 
9 640 
9 640 
9 640 
10 640 
17 640 
20 640 
20 640 
20 640 
22 640 
36 640 
40 640 
41 640 
41 640 
42 640 
42 640 
42 640 
43 640 
43 640 
44 640 
44 640 
45 640 
45 640 
45 640 
46 640 
46 640 
47 640 
47 640 
48 640 
48 640 
49 640 
49 640 
49 640 
50 640 
50 640 
51 308 309 640 
51 308 310 640 
51 306 311 640 
52 306 311 640 
