


































































































































257 265 
255 266 
254 267 
253 267 
252 267 
252 268 
253 268 342 357 
253 268 339 359 
254 268 337 361 
255 269 335 362 
255 269 333 363 
256 270 332 364 
257 270 330 365 
258 271 329 366 
258 271 328 367 
259 272 327 368 
260 272 326 369 
260 272 325 370 
261 273 325 371 
261 273 324 371 
262 274 323 372 
263 274 322 373 
263 275 321 373 
264 275 320 374 
264 276 319 374 
265 276 319 375 
265 277 318 375 
266 277 317 376 
266 278 317 376 
267 278 317 377 
268 279 317 377 
268 279 317 377 
269 280 317 378 
269 280 317 378 
270 281 317 378 
270 281 317 378 
271 282 317 378 
271 282 317 378 
272 283 317 379 
272 283 317 379 
273 284 317 379 
274 284 318 379 
274 285 318 379 
275 285 320 379 
275 286 320 379 
276 286 321 378 
276 287 321 378 
277 287 321 379 
277 288 322 379 
278 288 325 379 
278 289 326 379 
279 289 326 379 
279 290 328 379 
280 290 330 379 
280 291 330 379 
281 292 331 379 
281 292 330 379 
282 293 329 379 
282 293 329 379 
283 294 328 379 
283 294 327 379 
284 295 319 323 326 379 
284 295 318 379 
285 296 317 379 
285 296 316 379 
286 298 315 379 
286 300 315 379 
287 303 304 307 315 379 
287 309 315 379 
288 310 314 379 
288 311 314 379 
288 312 314 379 
287 379 
287 379 
287 379 
287 379 
287 379 
288 379 
289 379 
289 379 
290 379 
290 379 
289 379 
289 379 
289 378 
288 378 
288 378 
287 379 
287 379 
287 380 
287 380 
287 380 
287 380 
287 380 
287 380 
287 380 
287 380 
287 380 
287 381 
287 320 321 384 
287 320 321 384 
288 319 322 385 
288 319 322 385 
288 319 322 385 
289 318 322 385 
289 318 322 385 
289 317 322 385 
290 317 323 385 
290 317 323 385 
291 317 323 385 
291 318 323 386 
291 318 323 386 
292 318 323 386 
292 319 323 386 
292 319 323 387 
293 320 323 387 
293 320 322 388 
294 321 322 388 
294 311 312 389 
295 310 312 389 
298 301 303 308 313 390 
313 390 
314 390 
315 390 
315 390 
316 391 
316 391 
316 391 
317 392 
317 392 
318 392 
318 392 
319 392 
319 392 
320 392 
320 392 
321 392 
321 392 
321 392 
321 392 
321 392 
321 392 
321 392 
320 392 
320 392 
320 392 
320 392 
319 391 
319 391 
319 390 
319 390 
318 390 
318 390 
318 390 
318 390 
317 390 
317 390 
317 389 
317 389 
316 389 
316 389 
316 388 
316 388 
316 388 
315 388 
315 387 
315 387 
315 386 
315 386 
314 385 
314 385 
314 384 
314 383 
314 382 
314 381 
314 380 
313 379 
313 378 
313 378 
313 377 
313 376 
313 375 
313 374 
312 374 
312 374 
312 374 
312 375 
312 375 
312 376 
311 377 
311 377 
311 378 
311 378 
311 379 
311 379 
311 379 
311 380 
311 380 
311 381 
311 381 
311 381 
311 381 
311 381 
311 382 
311 382 
311 382 
311 382 
311 382 
311 382 
311 382 
311 382 
311 382 
311 382 
311 382 
311 382 
311 382 
311 382 
311 382 
311 382 
311 382 
312 382 
312 382 
312 382 
312 382 
312 381 
312 381 
312 381 
312 381 
312 381 
313 380 
313 380 
313 380 
313 381 
314 381 
314 382 
314 383 
314 383 
315 384 
315 384 
315 385 
314 385 
314 386 
313 387 
312 387 
311 388 
310 388 
310 389 
293 296 309 389 
291 298 309 390 
290 299 308 390 
289 301 308 391 
289 301 308 392 
289 302 308 392 
289 303 309 393 
290 304 310 393 
292 306 311 394 
294 307 311 394 
296 308 311 395 
297 309 311 396 
298 396 
300 397 
301 397 
302 398 
304 399 
305 399 
306 400 
308 401 
309 402 
310 402 
310 403 
310 404 
311 405 
311 406 
312 407 
313 407 
315 408 
316 409 
316 410 
317 411 
317 411 
318 412 
318 413 
318 414 
319 415 
321 416 
323 416 
324 417 
326 418 
327 419 
328 420 
329 420 
330 421 
332 422 
333 423 
336 424 
337 424 
338 425 
339 426 
340 426 
341 427 
342 382 383 428 
345 376 384 429 
350 365 384 430 
352 363 385 430 
353 364 385 431 
354 365 385 432 
355 367 385 434 
357 368 386 435 
358 369 386 436 
359 371 386 438 
360 373 386 440 
361 376 387 441 
362 377 387 443 
364 378 387 444 
365 381 387 445 
366 382 387 445 
366 385 387 446 447 448 
367 386 387 449 
368 449 
369 450 
369 451 
370 451 
370 452 
371 453 
372 453 
373 454 
374 454 
375 455 
376 457 
377 457 
378 458 
379 458 
380 459 
381 460 
382 454 455 460 
382 454 
383 455 
384 455 
384 456 
384 456 
385 456 
385 457 
385 457 
385 458 
386 457 
386 456 
386 457 
387 458 
387 458 
