0 640 
0 640 
0 640 
0 640 
0 640 
0 640 
0 640 
0 640 
0 640 
0 640 
0 640 
0 640 
0 640 
0 640 
0 640 
0 640 
0 640 
0 640 
0 640 
0 640 
0 640 
0 640 
0 640 
0 640 
0 640 
0 640 
0 640 
0 640 
0 640 
0 640 
0 258 261 640 
0 257 264 640 
0 257 267 640 
0 256 270 640 
0 256 274 640 
0 255 278 640 
0 255 281 640 
0 255 284 640 
0 254 286 640 
0 254 289 640 
0 253 291 640 
0 253 293 640 
0 253 295 395 402 640 
0 252 297 384 403 640 
0 252 299 376 402 640 
0 252 301 372 402 640 
0 251 303 369 402 640 
0 251 305 366 402 640 
0 251 306 363 402 640 
0 250 308 360 402 640 
0 250 310 357 402 640 
0 250 311 354 402 640 
0 249 313 352 402 640 
0 249 315 349 401 640 
0 249 316 325 332 347 401 640 
0 248 318 322 337 344 401 640 
0 248 319 321 339 342 401 640 
0 248 401 640 
0 247 401 640 
0 247 400 640 
0 247 400 640 
0 247 400 640 
0 246 400 640 
0 246 400 640 
0 246 399 640 
0 246 399 640 
0 245 399 640 
0 245 399 640 
0 245 398 640 
0 245 398 640 
0 245 398 640 
0 245 398 640 
0 244 398 640 
0 244 397 640 
0 244 397 640 
0 244 397 640 
0 244 397 640 
0 245 396 640 
0 245 396 640 
0 246 396 640 
0 247 396 640 
0 248 395 640 
0 249 264 269 395 640 
0 256 257 269 395 640 
0 270 395 640 
0 270 395 640 
0 270 395 640 
0 270 394 640 
0 271 370 371 394 640 
0 272 276 279 370 373 394 640 
0 278 370 374 393 640 
0 277 371 375 392 640 
0 276 372 377 391 640 
0 276 373 379 389 640 
0 275 373 381 388 640 
0 274 374 383 387 640 
0 274 375 640 
0 273 375 640 
0 273 376 640 
0 272 377 640 
0 272 377 640 
0 271 378 640 
0 271 378 640 
0 270 379 640 
0 270 379 640 
0 269 380 640 
0 269 380 640 
0 269 380 640 
0 268 381 640 
0 268 381 640 
0 268 381 640 
0 268 381 640 
0 267 382 640 
0 267 382 640 
0 267 382 640 
0 266 382 640 
0 266 382 640 
0 266 382 640 
0 265 267 268 382 640 
0 265 267 268 382 640 
0 265 382 640 
0 265 382 640 
0 265 382 640 
0 264 382 640 
0 264 382 640 
0 264 382 640 
0 264 382 640 
0 264 382 640 
0 264 382 640 
0 264 382 640 
0 264 382 640 
0 263 382 640 
0 263 381 640 
0 263 381 640 
0 263 381 640 
0 168 170 263 381 640 
0 167 173 179 182 206 208 263 380 640 
0 164 174 177 183 263 380 640 
0 162 184 263 380 640 
0 161 185 263 379 640 
0 161 186 263 379 640 
0 154 155 160 186 262 378 640 
0 150 157 159 187 262 378 640 
0 150 157 159 188 262 377 640 
0 149 157 158 188 262 377 640 
0 148 188 262 377 640 
0 148 188 262 376 640 
0 148 188 262 376 640 
0 147 188 262 375 640 
0 147 189 262 375 640 
0 147 191 193 195 262 375 640 
0 147 196 262 375 640 
0 146 197 262 375 640 
0 146 197 261 375 640 
0 146 197 261 375 640 
0 146 196 261 375 640 
0 146 196 261 376 480 482 640 
0 146 196 261 376 479 483 640 
0 147 196 260 376 479 483 640 
0 147 196 260 376 478 483 640 
0 149 150 152 196 260 376 478 483 640 
0 152 196 260 376 478 484 640 
0 152 197 260 376 478 484 640 
0 152 197 259 376 478 484 640 
0 153 197 259 376 477 485 640 
0 154 198 259 376 477 485 640 
0 154 204 259 376 477 486 640 
0 155 206 259 376 477 486 640 
0 155 207 259 376 476 486 640 
0 155 208 258 376 476 487 640 
0 156 209 258 376 475 487 640 
0 156 210 258 376 474 487 640 
0 156 210 258 376 474 488 640 
0 156 210 258 376 472 488 640 
0 156 211 258 376 471 488 640 
0 156 211 258 376 470 489 640 
0 157 212 257 376 470 489 640 
0 157 213 257 376 470 489 640 
0 157 213 257 376 470 490 640 
0 158 214 257 376 469 490 640 
0 158 214 257 377 469 491 640 
0 158 214 257 377 469 492 640 
0 158 214 257 377 468 493 640 
0 158 214 257 377 468 495 640 
0 158 214 256 377 467 498 640 
0 157 213 256 377 466 500 640 
0 157 213 256 377 464 500 640 
0 157 212 256 377 462 501 640 
0 157 212 255 377 460 501 640 
0 157 211 255 377 459 502 640 
0 157 211 255 377 458 502 640 
0 156 210 255 377 457 502 640 
0 156 209 255 377 457 503 640 
0 156 208 255 377 457 504 640 
0 155 207 255 377 457 505 640 
0 155 206 254 377 458 506 640 
0 155 205 254 377 458 506 640 
0 155 205 254 377 458 507 640 
0 155 204 254 377 458 508 640 
0 154 204 254 377 458 508 640 
0 154 203 254 377 458 509 640 
0 154 203 254 377 458 509 640 
0 154 202 240 377 458 509 640 
0 154 202 239 378 387 395 458 509 640 
0 154 202 239 378 385 396 457 509 640 
0 154 202 239 378 383 397 450 453 455 510 640 
0 154 201 239 379 381 397 450 510 640 
0 155 201 239 397 449 510 640 
0 154 201 239 397 450 510 640 
0 155 201 239 397 450 510 640 
0 156 201 238 397 450 511 640 
0 156 200 238 397 450 511 640 
0 156 200 238 397 450 511 640 
0 157 200 238 397 451 511 640 
0 160 199 238 397 451 511 640 
0 165 199 238 397 451 511 640 
0 166 198 238 397 451 510 640 
0 167 197 238 397 451 510 640 
0 168 196 238 397 451 510 640 
0 168 196 238 397 451 510 640 
0 168 195 238 397 451 509 640 
0 169 194 238 396 452 509 640 
0 169 193 238 396 452 508 640 
0 169 192 238 396 453 508 640 
0 170 191 239 245 247 388 390 395 453 508 640 
0 171 190 241 244 247 389 392 393 454 507 640 
0 171 190 246 390 454 507 640 
0 172 189 246 390 454 506 640 
0 173 187 245 391 455 505 640 
0 174 184 244 392 455 505 640 
0 141 148 175 179 243 392 455 505 640 
0 138 154 242 393 456 504 640 
0 135 171 241 394 456 504 640 
0 134 173 240 395 456 503 640 
0 133 175 239 395 456 502 640 
0 129 176 238 396 456 502 640 
0 128 178 237 397 455 502 640 
0 127 179 236 397 455 501 640 
0 127 181 235 398 455 501 640 
0 127 182 192 198 234 399 455 500 640 
0 128 184 190 199 233 400 455 500 640 
0 128 199 232 400 456 500 640 
0 129 200 232 401 456 499 640 
0 129 200 231 402 457 499 640 
0 130 200 230 402 457 498 640 
0 131 201 230 403 458 498 640 
0 133 204 230 404 458 497 640 
0 134 205 229 404 459 497 640 
0 135 207 229 405 459 497 640 
0 136 208 229 405 460 496 640 
0 137 209 230 406 461 495 640 
0 139 209 230 406 462 494 640 
0 141 210 230 407 463 493 640 
0 143 210 231 407 464 479 485 492 640 
0 146 211 231 407 466 476 640 
0 148 211 230 407 468 474 640 
0 151 212 230 407 640 
0 154 212 229 407 640 
0 157 212 229 407 640 
0 162 213 228 407 640 
0 169 213 227 406 640 
0 170 213 227 406 640 
0 171 213 226 405 640 
0 171 214 226 405 640 
0 171 214 225 405 480 500 640 
0 171 214 224 405 471 503 640 
0 170 215 224 406 469 505 640 
0 170 215 223 406 467 506 640 
0 170 215 223 406 465 507 640 
0 170 216 222 407 445 450 464 507 640 
0 170 216 222 407 444 453 462 507 640 
0 170 217 221 407 441 454 460 507 640 
0 170 217 221 408 437 455 459 507 640 
0 170 217 220 408 434 505 640 
0 170 218 219 408 433 502 640 
0 171 409 432 492 640 
0 171 409 431 491 502 504 640 
0 171 409 430 491 501 505 640 
0 172 410 429 491 500 505 640 
0 173 410 428 491 499 505 640 
0 174 370 372 410 427 492 498 506 510 514 640 
0 175 370 372 411 426 515 640 
0 176 370 372 411 425 515 640 
0 177 370 372 411 424 515 640 
0 178 370 372 412 423 514 640 
0 179 370 372 412 422 513 640 
0 180 370 372 412 421 511 640 
0 180 370 372 413 420 511 640 
0 181 370 371 413 419 510 640 
0 182 369 371 413 419 507 640 
0 183 369 371 414 418 502 504 505 640 
0 184 369 371 414 417 500 640 
0 185 369 371 494 640 
0 185 369 371 491 640 
0 186 368 371 486 640 
0 187 368 370 482 640 
0 187 368 370 478 640 
0 188 368 370 378 379 476 640 
0 188 368 370 378 380 472 640 
0 189 368 370 378 380 469 640 
0 190 245 246 368 370 378 380 466 640 
0 190 244 246 367 370 378 381 466 640 
0 191 243 246 367 370 378 381 465 640 
0 192 242 246 367 370 377 382 465 640 
0 192 242 246 367 370 377 382 465 640 
0 193 241 246 367 370 377 383 465 640 
0 193 240 246 367 370 377 383 464 640 
0 194 240 246 367 370 377 384 464 640 
0 195 239 246 367 369 377 384 463 640 
0 195 238 246 367 369 377 385 462 640 
0 196 237 247 367 369 376 385 461 640 
0 196 236 247 367 369 376 386 460 640 
0 197 235 247 367 369 376 386 459 640 
0 197 235 247 366 369 376 387 456 640 
0 198 234 247 366 369 376 387 454 640 
0 198 233 247 366 369 376 388 450 640 
0 199 232 247 366 369 375 388 447 640 
0 199 231 247 366 368 375 389 445 640 
0 200 230 247 366 368 375 389 443 640 
0 200 230 247 366 368 375 390 440 640 
0 201 229 247 366 368 375 391 438 640 
0 202 227 247 366 368 375 386 436 640 
0 202 226 247 250 251 366 368 375 382 435 640 
0 203 225 247 250 251 375 379 433 640 
0 204 224 247 250 252 391 393 431 640 
0 206 221 247 250 252 391 394 430 640 
0 209 219 237 242 243 244 247 250 252 391 394 428 640 
0 236 250 253 390 395 427 640 
0 236 250 253 390 396 426 640 
0 236 390 396 424 640 
0 236 390 397 423 640 
0 236 389 399 422 640 
0 237 389 400 420 640 
0 237 365 366 389 401 419 640 
0 237 365 366 373 376 388 403 417 640 
0 237 372 377 388 406 416 640 
0 237 372 379 387 640 
0 237 372 380 387 640 
0 237 371 382 386 640 
0 237 371 640 
0 238 372 640 
0 238 252 254 372 640 
0 238 250 254 372 640 
0 238 248 254 373 640 
0 239 246 255 373 640 
0 239 245 255 373 640 
0 255 373 640 
0 255 373 640 
0 255 373 640 
0 255 373 640 
0 255 261 263 372 640 
0 256 261 263 372 640 
0 256 261 263 372 640 
0 256 261 263 372 640 
0 256 261 263 267 268 372 640 
0 256 261 263 267 268 372 640 
0 256 261 263 267 268 372 640 
0 257 261 263 267 268 372 640 
0 257 261 263 372 640 
0 257 261 263 372 640 
0 257 261 263 266 267 372 640 
0 257 261 263 266 268 371 640 
0 257 261 263 265 268 371 640 
0 257 261 263 265 268 371 640 
0 257 261 263 265 268 371 640 
0 257 261 263 264 268 371 640 
0 258 261 263 264 268 371 640 
0 258 261 268 371 640 
0 258 261 268 371 640 
0 258 261 268 372 640 
0 258 261 267 372 640 
0 258 261 267 373 640 
0 258 261 267 373 640 
0 258 261 266 373 640 
0 258 261 266 374 640 
0 259 261 265 374 640 
0 259 261 265 375 640 
0 259 261 265 375 640 
0 259 260 264 375 640 
0 259 260 264 376 640 
0 259 260 264 376 640 
0 259 260 263 376 640 
0 263 376 640 
0 263 377 640 
0 262 377 640 
0 262 377 640 
0 262 378 640 
0 261 378 640 
0 261 379 640 
0 260 379 640 
0 260 379 640 
0 260 380 640 
0 259 380 640 
0 259 381 640 
0 258 381 640 
0 258 382 640 
0 257 382 640 
0 257 383 640 
0 256 383 640 
0 256 384 640 
0 255 384 640 
0 255 385 640 
0 255 385 640 
0 254 386 640 
0 254 386 640 
0 253 386 640 
0 253 387 640 
0 253 387 640 
0 252 388 640 
0 252 388 640 
0 252 388 640 
0 251 389 640 
0 251 389 640 
0 250 390 640 
0 250 390 640 
0 250 390 640 
0 249 391 640 
0 249 391 640 
0 249 391 640 
0 248 392 640 
0 248 392 640 
0 248 392 640 
0 248 392 640 
0 247 393 640 
0 247 393 640 
0 247 394 640 
0 246 394 640 
0 246 395 640 
0 245 395 640 
0 245 395 640 
0 245 396 640 
0 245 396 640 
0 244 396 640 
0 244 396 640 
0 244 397 640 
0 244 397 640 
0 243 397 640 
0 243 398 640 
0 243 398 640 
0 242 398 640 
0 242 399 640 
0 242 399 640 
0 242 400 640 
0 241 400 640 
0 241 400 640 
0 240 401 640 
0 240 401 640 
0 240 401 640 
0 239 402 640 
0 239 402 640 
0 239 402 640 
0 238 403 640 
0 238 403 640 
0 238 403 640 
0 238 403 640 
0 237 404 640 
0 237 404 640 
0 237 405 640 
0 237 405 640 
0 236 405 640 
0 236 406 640 
0 236 406 640 
0 236 406 640 
0 235 406 640 
0 235 407 640 
0 235 407 640 
0 235 407 640 
0 234 408 640 
0 234 408 640 
0 234 408 640 
0 234 408 640 
0 234 409 640 
0 233 409 640 
0 233 409 640 
0 233 410 640 
0 233 410 640 
0 233 410 640 
0 233 410 640 
0 233 411 640 
0 233 411 640 
