205 640 
205 640 
205 640 
205 640 
205 640 
205 640 
205 640 
205 640 
205 640 
205 640 
205 640 
206 640 
206 640 
206 640 
206 640 
206 640 
206 640 
206 640 
206 640 
206 640 
206 640 
206 640 
206 640 
206 640 
206 640 
206 640 
206 640 
206 640 
206 640 
206 640 
206 640 
206 640 
206 640 
206 640 
206 640 
206 640 
206 640 
206 640 
206 640 
206 640 
206 640 
206 640 
206 640 
206 640 
205 640 
205 640 
205 640 
205 640 
205 640 
205 640 
205 640 
205 640 
205 640 
204 640 
204 640 
204 640 
204 640 
204 640 
204 640 
203 640 
203 640 
203 640 
203 640 
202 640 
202 640 
202 640 
202 640 
201 640 
201 640 
201 640 
200 640 
200 640 
200 640 
200 640 
200 640 
199 640 
199 640 
199 640 
199 640 
199 640 
198 640 
197 640 
197 640 
196 640 
196 640 
196 640 
195 640 
195 640 
195 640 
194 640 
194 640 
194 640 
193 640 
193 640 
193 640 
192 640 
191 640 
191 640 
190 640 
190 640 
190 640 
189 640 
188 640 
188 640 
187 640 
187 407 451 456 467 640 
186 404 470 640 
186 403 472 640 
185 402 474 640 
185 402 476 640 
184 402 479 640 
183 402 480 640 
183 402 482 640 
182 402 483 640 
182 403 485 640 
181 404 486 640 
180 404 487 640 
180 405 488 640 
179 406 489 640 
179 407 490 640 
178 408 491 640 
177 408 491 640 
176 409 492 640 
175 410 493 640 
175 411 493 640 
174 412 494 640 
173 413 495 640 
172 415 496 640 
172 416 496 640 
171 417 497 640 
170 418 497 640 
170 418 498 640 
169 417 498 640 
168 417 499 640 
167 417 499 640 
167 417 500 640 
166 417 500 640 
165 416 500 640 
163 416 501 640 
162 416 501 640 
161 416 502 640 
160 415 502 640 
160 415 503 640 
159 415 503 640 
158 415 503 640 
157 415 504 640 
156 415 504 640 
155 415 505 640 
154 415 505 640 
153 415 505 640 
151 414 416 417 506 640 
150 414 415 418 507 640 
149 418 508 640 
149 418 509 640 
147 418 510 640 
146 418 511 640 
144 420 511 640 
143 421 512 640 
142 422 513 640 
141 422 514 640 
139 424 426 428 515 640 
138 433 515 640 
136 435 516 640 
135 435 517 640 
133 435 517 640 
131 435 518 640 
130 434 518 640 
129 434 519 640 
128 433 519 640 
126 433 520 640 
124 434 520 640 
122 437 521 640 
120 438 521 640 
119 439 522 640 
117 440 522 640 
115 440 522 640 
112 442 522 640 
110 444 522 640 
109 445 523 640 
106 446 455 457 523 640 
103 447 453 458 523 640 
100 448 451 457 480 481 523 640 
98 455 480 482 524 640 
94 454 480 482 524 640 
92 453 481 483 524 640 
89 453 482 483 524 640 
86 454 524 640 
0 1 82 455 525 640 
0 6 78 456 525 640 
0 12 73 456 525 640 
0 17 66 456 525 640 
0 25 61 455 525 640 
0 32 49 454 525 640 
0 453 525 640 
0 452 525 640 
0 451 525 640 
0 450 525 640 
0 449 525 640 
0 448 525 640 
0 448 525 640 
0 447 525 640 
0 447 525 640 
0 446 525 640 
0 446 525 640 
0 446 526 640 
0 445 526 640 
0 445 526 640 
0 445 526 640 
0 445 526 640 
0 444 527 640 
0 444 527 640 
0 444 528 640 
0 444 528 640 
0 443 529 640 
0 443 529 640 
0 443 529 640 
0 442 530 640 
0 442 530 640 
0 441 531 640 
0 440 531 640 
0 439 532 640 
0 439 532 640 
0 438 532 640 
0 437 532 640 
0 436 533 640 
0 436 533 640 
0 435 533 640 
0 434 534 640 
0 434 534 640 
0 434 534 640 
0 433 534 640 
0 433 535 640 
0 432 535 640 
0 432 535 640 
0 431 535 640 
0 431 536 640 
0 430 536 640 
0 430 536 640 
0 430 536 640 
0 430 537 640 
0 429 537 640 
0 429 537 640 
0 429 537 640 
0 429 537 640 
0 430 537 640 
0 430 537 640 
0 430 537 640 
0 431 537 640 
0 432 537 640 
0 432 536 640 
0 433 536 640 
0 434 536 640 
0 435 536 640 
0 436 536 640 
0 438 536 640 
0 439 536 640 
0 441 535 640 
0 443 535 640 
0 443 535 640 
0 444 535 640 
0 444 535 640 
0 444 535 640 
0 444 535 640 
0 444 535 640 
0 444 535 640 
0 444 535 640 
0 445 535 640 
0 445 535 640 
0 445 535 640 
0 445 535 640 
0 445 536 640 
0 445 536 640 
0 445 530 531 536 640 
0 445 529 531 536 640 
0 445 529 531 536 640 
0 445 529 532 536 640 
0 445 528 533 535 640 
0 446 528 533 535 640 
0 446 528 533 535 640 
0 446 529 533 535 640 
0 446 529 532 534 640 
0 446 529 532 534 640 
0 447 529 532 534 640 
0 447 529 532 534 640 
0 447 530 532 533 640 
0 448 530 532 533 640 
0 448 530 640 
0 448 531 640 
0 448 531 640 
0 448 532 640 
0 447 532 640 
0 447 532 640 
0 447 532 640 
0 447 532 640 
0 446 532 640 
0 446 532 640 
0 446 532 640 
0 446 532 640 
0 445 532 640 
0 445 532 640 
0 445 532 640 
0 445 532 640 
0 444 532 640 
0 444 532 640 
0 444 532 640 
0 444 532 640 
0 443 532 640 
0 443 531 640 
0 443 531 640 
0 443 531 640 
0 443 531 640 
0 443 531 640 
0 442 530 640 
0 442 530 640 
0 442 530 640 
0 442 530 640 
0 442 530 640 
0 441 530 640 
0 441 530 640 
0 441 529 640 
0 441 529 640 
0 440 528 640 
0 440 528 640 
0 440 527 640 
0 440 527 640 
0 440 526 640 
0 440 526 640 
0 439 525 640 
0 439 521 522 525 640 
0 439 520 523 524 640 
0 439 520 640 
0 439 519 640 
0 439 519 640 
0 439 519 640 
0 438 519 640 
0 438 520 640 
0 438 520 640 
0 438 520 640 
0 438 521 640 
0 438 521 640 
0 438 521 640 
0 438 522 640 
0 438 522 640 
0 437 522 640 
0 437 523 640 
0 437 523 640 
0 437 523 640 
0 437 524 640 
0 437 524 640 
0 437 524 640 
0 437 525 640 
0 436 525 640 
0 436 525 640 
0 436 526 640 
0 436 526 640 
0 436 526 640 
0 435 527 640 
0 435 527 640 
0 435 527 640 
0 435 528 640 
0 435 528 640 
0 434 528 640 
0 434 529 640 
0 434 529 640 
0 434 530 640 
0 434 530 640 
0 433 530 640 
0 433 531 640 
0 433 531 640 
0 433 532 640 
0 433 532 640 
0 433 532 640 
0 432 533 640 
0 432 533 640 
0 432 534 640 
0 432 534 640 
0 432 535 640 
0 431 535 640 
0 431 535 640 
0 431 536 640 
0 430 536 640 
0 430 537 640 
0 430 537 640 
0 430 537 640 
0 429 538 640 
0 429 538 640 
0 429 539 640 
0 429 539 640 
0 428 540 640 
0 428 540 640 
0 428 541 640 
0 428 541 640 
0 427 542 640 
0 427 542 640 
0 427 543 640 
0 426 543 640 
0 426 544 640 
0 426 544 640 
0 425 545 640 
0 425 545 640 
0 425 546 640 
0 425 546 640 
0 424 547 640 
0 424 547 640 
0 424 548 640 
0 423 548 640 
0 423 549 640 
0 423 550 640 
0 422 550 640 
0 422 551 640 
0 422 551 640 
0 422 552 640 
0 421 552 640 
0 421 553 640 
0 420 553 640 
0 420 554 640 
0 420 555 640 
0 420 555 640 
0 419 556 640 
0 419 556 640 
0 419 557 640 
0 419 557 640 
0 418 558 640 
0 418 559 640 
0 418 559 640 
0 418 560 640 
0 418 560 640 
0 417 561 640 
0 417 561 640 
0 417 562 640 
0 417 562 640 
0 417 563 640 
0 417 564 640 
0 417 564 640 
0 416 565 640 
0 416 565 640 
0 416 565 640 
0 416 566 640 
0 416 566 640 
0 415 567 640 
0 415 568 640 
0 415 568 640 
0 415 568 640 
0 415 569 640 
0 415 569 640 
0 415 570 640 
0 415 570 640 
0 415 571 640 
0 414 571 640 
0 414 572 640 
0 414 572 640 
0 414 572 640 
0 414 573 640 
0 414 573 640 
0 414 574 640 
0 413 574 640 
0 413 575 640 
0 413 575 640 
0 413 575 640 
0 413 576 640 
0 412 576 640 
0 412 577 640 
0 412 577 640 
0 412 577 640 
0 412 578 640 
0 411 578 640 
0 411 578 640 
0 410 579 640 
0 410 579 640 
0 410 579 640 
0 410 580 640 
0 410 580 640 
0 409 580 640 
0 409 580 640 
0 409 581 640 
0 409 581 640 
0 409 581 640 
0 409 582 640 
0 409 582 640 
0 409 582 640 
