0 640 
0 640 
0 640 
0 640 
0 640 
0 640 
0 640 
0 640 
0 640 
0 640 
0 640 
0 640 
0 640 
0 640 
0 640 
0 640 
0 640 
0 640 
0 640 
0 640 
0 640 
0 640 
0 640 
0 640 
0 640 
0 640 
0 640 
0 640 
0 640 
0 640 
0 640 
0 640 
0 640 
0 296 299 330 353 640 
0 288 309 324 358 640 
0 283 361 640 
0 280 364 640 
0 277 366 640 
0 274 369 640 
0 272 371 640 
0 270 373 640 
0 269 374 640 
0 267 376 640 
0 265 377 640 
0 264 378 640 
0 263 379 640 
0 262 380 640 
0 261 381 640 
0 260 382 640 
0 259 383 640 
0 258 383 640 
0 258 384 640 
0 257 385 640 
0 256 386 640 
0 255 386 640 
0 255 387 640 
0 254 388 640 
0 254 388 640 
0 253 389 640 
0 253 390 640 
0 253 390 403 406 640 
0 252 391 401 409 640 
0 252 391 400 413 640 
0 252 391 398 415 640 
0 251 392 397 416 640 
0 251 392 397 418 640 
0 250 393 396 419 640 
0 250 393 395 420 640 
0 250 393 395 422 640 
0 250 393 394 423 640 
0 249 424 640 
0 249 426 640 
0 249 427 640 
0 249 428 640 
0 248 429 640 
0 248 430 640 
0 248 430 640 
0 248 431 640 
0 248 432 640 
0 248 433 640 
0 247 434 640 
0 247 434 640 
0 247 435 640 
0 247 436 640 
0 247 437 640 
0 247 437 640 
0 247 437 640 
0 247 438 640 
0 247 438 640 
0 247 439 640 
0 247 439 640 
0 247 439 640 
0 247 440 640 
0 247 440 640 
0 247 440 640 
0 247 440 640 
0 248 441 640 
0 248 441 640 
0 248 441 640 
0 248 441 640 
0 249 441 640 
0 249 441 640 
0 249 441 640 
0 250 442 640 
0 250 442 640 
0 250 442 640 
0 250 442 640 
0 250 442 640 
0 250 442 640 
0 250 443 640 
0 250 443 640 
0 249 443 640 
0 249 444 640 
0 248 444 640 
0 248 445 640 
0 247 445 640 
0 247 446 640 
0 246 446 640 
0 245 446 640 
0 245 445 640 
0 244 443 640 
0 243 442 640 
0 242 440 640 
0 241 439 640 
0 240 438 640 
0 239 438 640 
0 239 397 398 438 640 
0 238 397 400 438 640 
0 237 397 400 437 640 
0 235 396 400 437 640 
0 234 396 401 436 640 
0 233 395 401 436 640 
0 232 395 401 435 640 
0 231 394 401 435 640 
0 229 394 402 434 640 
0 228 393 402 434 640 
0 226 393 402 434 640 
0 225 392 402 434 640 
0 225 392 402 435 640 
0 225 392 402 436 640 
0 226 391 402 436 640 
0 227 391 402 436 640 
0 228 390 402 437 640 
0 230 233 235 250 254 390 402 437 640 
0 237 249 255 389 402 437 640 
0 239 249 256 389 402 437 640 
0 240 248 256 389 402 438 640 
0 243 248 256 389 402 438 640 
0 245 246 255 389 402 438 640 
0 255 389 402 438 640 
0 254 389 402 439 640 
0 254 390 402 439 640 
0 253 390 402 440 640 
0 253 391 402 440 640 
0 252 392 402 440 640 
0 252 393 402 440 640 
0 251 395 401 441 640 
0 250 396 401 441 640 
0 249 398 401 441 640 
0 249 391 394 399 401 441 640 
0 248 253 255 391 401 441 640 
0 247 252 255 391 401 442 640 
0 246 250 255 391 401 442 640 
0 245 248 255 392 401 442 640 
0 245 246 255 260 261 392 401 442 640 
0 255 260 262 381 383 392 401 442 640 
0 255 259 263 380 383 388 391 392 401 442 640 
0 255 259 263 380 383 388 400 443 640 
0 255 258 263 380 384 389 400 443 640 
0 255 257 264 375 376 379 385 389 400 443 640 
0 255 257 264 375 377 378 386 389 400 443 640 
0 255 256 265 374 377 378 387 389 400 443 640 
0 265 267 269 374 388 390 400 443 640 
0 265 267 269 374 400 444 640 
0 266 267 270 373 400 444 640 
0 270 373 400 444 640 
0 270 373 400 445 640 
0 270 372 401 403 404 445 640 
0 271 372 401 403 405 445 640 
0 271 356 357 372 401 403 405 445 640 
0 271 278 279 355 357 371 401 403 405 445 640 
0 272 354 357 371 401 403 405 446 640 
0 272 354 357 370 401 403 405 446 640 
0 272 279 280 289 290 353 356 370 401 404 405 446 640 
0 272 278 280 289 291 353 356 370 402 404 405 446 640 
0 272 278 280 289 292 352 356 370 402 444 445 446 640 
0 273 279 281 288 293 351 356 370 402 444 640 
0 273 279 281 288 293 351 356 370 402 444 640 
0 273 279 281 288 293 349 356 370 402 444 640 
0 273 278 281 288 293 348 356 369 403 444 640 
0 273 278 281 288 297 347 356 360 361 365 367 369 403 444 640 
0 273 278 281 288 298 346 356 360 362 365 367 369 403 444 640 
0 273 278 282 288 299 344 356 360 362 365 367 369 403 409 410 444 640 
0 274 278 282 288 300 343 356 360 362 364 367 369 404 409 410 444 640 
0 274 278 282 288 300 343 356 359 362 364 368 369 404 444 640 
0 274 277 282 284 285 287 300 343 356 359 361 364 404 444 640 
0 274 277 282 283 285 287 300 343 356 359 361 363 405 443 640 
0 274 277 282 283 285 287 300 342 356 358 361 363 405 443 640 
0 274 277 282 283 285 287 301 342 356 358 361 363 406 443 640 
0 274 277 282 283 285 287 301 342 357 358 361 363 406 442 640 
0 274 276 282 283 285 287 301 341 357 358 360 362 407 442 640 
0 274 276 282 283 285 287 302 341 356 358 360 362 407 442 640 
0 274 276 285 287 302 341 356 358 360 362 408 434 435 442 640 
0 274 276 285 287 302 341 357 358 360 362 408 434 435 442 640 
0 274 275 285 286 302 341 357 358 360 362 408 434 435 441 640 
0 65 67 285 286 302 341 357 358 360 361 409 434 435 441 640 
0 63 70 285 286 301 342 360 361 409 433 435 441 640 
0 61 71 300 343 409 433 435 440 640 
0 60 73 298 344 409 433 435 440 640 
0 59 75 296 345 409 433 435 440 640 
0 58 77 294 347 410 433 436 439 640 
0 57 79 292 349 410 433 436 439 640 
0 56 81 290 351 410 433 436 438 640 
0 55 83 288 353 410 415 416 434 436 438 640 
0 54 86 285 355 411 415 416 434 436 438 640 
0 53 88 282 357 411 415 417 433 436 437 640 
0 52 90 280 359 411 415 417 433 436 437 640 
0 51 92 279 361 411 415 417 433 435 437 571 579 640 
0 50 95 277 363 412 415 417 433 435 437 569 580 640 
0 49 97 275 365 412 414 417 433 435 437 567 582 640 
0 48 99 274 366 412 414 417 433 434 436 565 582 640 
0 47 66 69 102 272 367 412 413 417 421 422 432 434 435 563 584 640 
0 45 64 71 104 271 369 412 413 418 421 423 431 560 585 640 
0 45 63 73 106 270 370 418 421 423 430 558 586 640 
0 43 62 74 108 268 371 418 421 423 430 555 586 640 
0 42 62 76 110 267 372 418 421 423 430 553 587 640 
0 41 61 78 112 267 373 418 421 425 430 550 588 640 
0 40 60 80 114 266 374 418 420 425 430 548 589 640 
0 39 59 82 116 265 375 418 420 425 430 545 590 640 
0 38 58 83 118 264 376 419 420 426 428 542 591 640 
0 37 57 86 120 263 377 426 427 540 592 640 
0 36 57 88 122 263 377 538 572 574 593 640 
0 35 56 91 124 262 378 535 570 575 594 640 
0 33 55 92 125 262 379 533 568 576 595 640 
0 32 54 95 127 261 379 530 567 577 596 640 
0 31 53 96 129 260 380 528 565 578 597 640 
0 30 52 95 131 259 381 526 563 579 598 640 
0 28 53 95 132 259 381 524 561 580 599 640 
0 27 55 94 108 110 134 258 382 522 558 581 600 640 
0 26 55 94 108 112 136 257 383 520 556 582 601 640 
0 24 56 95 109 115 137 256 384 518 554 582 602 640 
0 23 56 95 110 118 139 256 385 516 552 583 603 640 
0 22 56 95 112 120 141 255 386 514 549 584 604 640 
0 20 56 94 113 122 143 254 386 512 545 585 605 640 
0 19 56 94 113 124 145 253 387 510 545 586 606 640 
0 18 57 93 114 126 146 253 388 508 546 586 607 640 
0 16 43 44 59 92 115 128 148 252 389 507 546 587 609 640 
0 15 42 45 61 92 115 130 150 251 389 505 529 533 546 587 610 640 
0 13 41 46 62 92 116 131 152 250 390 503 526 533 546 587 610 640 
0 12 40 45 63 92 117 133 154 249 391 501 524 532 546 585 611 640 
0 10 39 45 64 91 118 134 157 217 224 249 392 499 521 530 545 584 612 640 
0 9 38 44 65 91 118 135 159 214 227 248 393 497 519 529 545 584 614 640 
0 7 36 43 66 91 119 137 162 210 230 247 394 495 517 528 546 583 615 640 
0 6 35 43 66 91 120 138 165 205 234 246 394 493 515 528 547 583 617 640 
0 4 34 43 67 90 120 140 169 200 238 245 395 418 424 491 513 527 548 583 618 640 
0 2 33 42 68 90 121 141 174 193 242 244 396 415 427 489 511 526 548 583 619 640 
31 42 69 90 122 143 397 412 429 486 510 525 549 582 620 640 
30 42 70 90 122 144 397 407 433 484 508 525 549 580 595 596 621 640 
29 42 70 90 123 145 398 401 437 481 506 524 549 578 594 597 623 640 
27 42 71 90 123 146 441 477 505 523 549 577 594 598 624 640 
26 42 72 90 123 147 447 474 503 523 550 576 594 599 626 640 
25 42 73 89 123 147 451 469 502 522 550 575 594 600 627 640 
23 41 73 89 123 147 500 521 550 574 595 601 628 640 
22 41 74 89 123 147 499 520 550 573 596 602 630 640 
20 41 74 89 123 147 497 520 550 573 597 603 631 640 
18 41 74 89 123 148 169 196 496 519 550 572 597 604 633 640 
17 40 74 89 123 148 162 198 211 226 494 519 551 571 597 606 634 640 
15 40 74 89 123 148 162 199 210 235 494 518 551 570 597 607 635 640 
14 40 74 90 123 147 164 199 210 236 494 518 551 569 597 608 637 640 
12 40 74 90 123 146 165 200 211 236 494 518 551 569 597 609 638 640 
10 40 74 91 123 145 165 199 212 236 418 425 494 518 551 568 597 610 
9 40 74 92 123 144 166 198 214 235 406 429 443 470 493 518 551 567 597 612 
9 40 74 93 123 144 167 197 215 235 406 430 442 478 493 518 552 566 598 613 
9 40 75 93 123 143 167 196 216 235 407 430 442 478 492 518 552 566 598 614 
9 41 75 93 123 143 168 195 216 235 407 429 441 478 493 518 552 565 598 615 
9 42 75 94 123 143 169 195 217 235 407 428 441 477 494 518 551 565 598 617 
9 42 75 95 123 143 169 195 217 235 407 426 442 476 495 518 551 565 598 618 
11 43 75 95 123 143 170 194 218 236 407 426 443 475 495 518 550 565 598 620 
13 43 75 95 123 143 170 194 218 237 407 425 444 475 496 518 550 565 598 621 
15 44 75 96 123 142 171 194 219 237 406 424 445 474 497 518 550 565 598 623 
16 44 75 96 123 142 172 193 219 238 406 423 446 473 497 518 549 565 598 624 
17 45 75 97 123 142 172 193 220 239 405 423 446 473 497 518 548 565 598 626 
17 45 75 97 123 142 173 193 220 240 404 422 446 472 497 518 548 565 598 628 
18 46 75 98 123 142 173 193 221 240 403 421 446 471 497 518 547 565 598 629 
19 46 75 98 123 142 173 192 221 239 402 421 447 470 497 518 547 565 598 629 
20 47 75 99 123 142 174 192 222 239 401 420 447 470 498 518 546 565 598 629 
21 48 75 100 123 141 174 192 222 238 401 420 447 469 498 518 546 565 597 629 
21 48 75 100 123 141 174 192 223 237 402 419 447 468 498 518 545 565 597 629 
22 48 75 100 123 141 174 192 223 236 403 418 447 468 498 518 545 565 596 628 
23 49 75 101 123 141 174 191 223 235 403 418 447 467 498 518 544 565 596 628 
24 50 75 102 123 140 174 191 224 233 404 417 448 467 498 518 543 565 595 625 
24 50 75 102 123 140 174 190 223 233 405 417 448 466 498 518 543 565 594 623 
25 51 75 103 123 141 174 190 223 233 406 417 448 466 499 518 543 565 594 622 639 640 
26 51 75 103 123 142 174 190 223 233 407 416 448 466 499 518 542 565 593 621 
26 52 75 104 123 142 174 190 223 234 408 416 448 466 499 518 542 565 593 620 
27 53 75 104 123 142 174 191 223 234 408 416 449 466 499 518 541 565 592 619 
27 53 75 105 123 143 174 191 223 236 407 417 449 466 500 518 541 565 591 618 
27 54 75 105 123 143 173 192 223 237 406 417 449 466 500 518 540 565 591 618 
27 54 75 106 123 144 173 192 222 239 406 417 449 466 500 518 540 564 591 617 
27 54 75 106 123 144 173 192 222 241 404 417 448 466 499 518 539 564 590 616 
27 55 75 107 123 145 173 193 222 241 402 417 448 466 499 518 538 564 589 615 
27 56 75 107 123 145 174 193 222 241 400 417 448 466 498 518 538 564 589 614 
27 56 75 108 123 146 173 193 222 241 398 417 447 466 498 518 537 564 588 613 
27 57 75 108 123 146 173 193 222 241 398 417 447 466 497 518 537 564 587 612 
27 57 75 109 123 147 173 194 222 240 399 417 447 467 497 518 536 564 587 612 
27 58 75 109 123 147 173 194 222 240 399 417 446 467 496 518 536 564 587 611 
27 58 75 110 123 148 173 194 222 240 400 417 446 467 496 518 535 564 586 610 
27 59 75 110 123 148 173 195 221 239 400 417 445 467 495 518 535 564 585 610 
27 59 75 111 123 148 173 195 221 239 400 417 445 467 495 518 535 564 585 610 
27 60 75 111 123 149 173 195 221 239 400 417 445 467 494 518 534 564 584 610 
27 60 75 112 123 149 173 196 221 238 401 417 444 467 493 518 533 564 583 610 
27 61 75 113 123 150 173 197 221 238 401 417 444 467 493 518 533 564 583 610 
27 62 75 113 123 150 173 197 221 238 401 417 443 467 493 518 533 564 582 610 
27 62 75 113 123 151 173 197 221 238 401 418 443 467 492 518 532 564 582 610 
27 63 75 114 123 151 173 197 221 237 402 418 442 467 492 518 531 564 581 610 
27 63 75 114 123 152 173 198 221 237 402 418 442 467 491 518 531 564 581 609 
27 64 75 115 123 152 173 198 220 237 402 418 441 467 490 518 530 564 580 609 
27 65 75 115 123 153 173 198 220 236 402 418 441 467 490 518 530 564 580 609 
27 65 75 116 123 153 173 199 220 236 402 418 441 467 490 518 530 564 579 609 
0 1 27 65 75 117 123 153 173 199 220 235 403 418 440 467 489 518 529 564 578 609 
0 2 27 66 75 117 123 154 173 199 220 235 403 418 440 467 489 518 528 564 578 609 
0 2 27 67 75 118 123 154 173 200 220 235 403 418 439 467 488 518 528 564 577 609 
0 3 28 67 75 118 123 155 173 200 220 235 403 418 439 467 487 518 527 564 577 609 
0 3 28 68 75 119 123 155 173 200 219 234 403 418 438 467 487 518 527 564 576 609 
0 4 28 68 75 119 123 156 173 201 219 234 403 418 438 467 487 518 526 564 576 609 
0 4 28 69 75 120 123 156 173 201 219 234 403 418 437 467 486 518 526 564 575 609 638 640 
0 5 28 69 75 157 173 202 219 234 404 418 437 467 486 518 525 564 575 609 638 640 
0 5 28 70 75 157 173 202 219 234 404 418 437 467 485 518 525 564 574 609 637 640 
0 6 28 70 75 158 172 202 219 233 404 419 436 467 485 518 524 564 574 609 637 640 
0 7 28 71 75 158 172 202 218 233 404 419 436 467 484 519 523 564 573 609 636 640 
0 7 28 72 75 159 172 203 218 233 405 419 435 467 483 519 523 564 572 608 635 640 
0 8 28 73 74 159 172 203 218 233 405 419 435 467 483 519 522 564 572 608 635 640 
0 8 28 159 172 203 218 233 405 419 434 467 482 519 521 564 571 608 634 640 
0 9 28 160 172 204 218 232 405 419 434 467 482 564 571 608 633 640 
0 9 28 160 172 204 218 232 405 419 433 467 481 564 570 608 633 640 
0 10 28 161 172 204 218 232 405 419 433 467 481 564 570 608 632 640 
0 10 28 161 172 205 218 232 406 419 432 467 480 564 569 608 632 640 
0 11 28 162 172 205 218 232 406 419 432 467 480 564 568 608 631 640 
0 11 28 162 172 205 218 232 406 419 432 467 480 564 568 608 630 640 
0 12 28 163 172 206 217 232 263 264 406 419 431 467 479 565 567 608 630 640 
0 13 28 163 172 206 217 232 262 264 406 419 431 467 478 608 629 640 
0 13 28 164 172 206 217 231 262 264 406 419 430 467 478 608 628 640 
0 14 28 164 172 207 217 231 262 264 375 376 406 420 430 467 477 608 628 640 
0 14 28 165 172 207 217 231 261 264 375 377 405 420 429 467 477 607 627 640 
0 15 28 165 172 208 217 231 261 264 375 377 405 420 429 468 477 607 626 640 
0 15 28 165 172 208 217 230 260 264 375 377 405 420 428 468 476 607 626 640 
0 16 28 166 172 208 217 229 260 264 375 377 406 420 428 468 475 607 625 640 
0 17 28 166 172 209 216 227 260 264 374 378 408 420 428 468 475 607 625 640 
0 17 28 167 172 209 216 226 259 264 374 378 410 420 427 468 475 607 624 640 
0 18 28 167 172 209 216 224 259 265 374 378 412 420 427 468 474 607 623 640 
0 18 28 168 171 210 216 223 258 265 374 378 413 420 426 468 473 607 623 640 
0 19 28 169 171 210 216 221 258 265 374 379 415 421 426 468 473 607 622 640 
0 19 28 170 171 210 216 220 257 265 374 379 416 420 425 468 472 607 621 640 
0 20 28 211 216 218 257 265 374 379 418 421 425 468 472 607 621 640 
0 20 28 211 216 217 257 265 373 380 419 421 424 468 471 607 621 640 
0 21 28 211 256 265 373 380 423 468 471 607 620 640 
0 22 28 212 256 265 373 381 423 469 470 606 619 640 
0 22 28 212 255 265 373 381 424 606 618 640 
0 23 28 212 255 265 373 382 425 606 618 640 
0 23 28 210 254 265 373 382 427 606 617 640 
0 24 28 209 254 265 373 382 428 606 616 640 
0 25 27 208 253 265 373 383 430 606 616 640 
0 207 253 265 373 383 431 606 615 640 
0 205 252 265 373 384 433 606 614 640 
0 204 251 265 373 384 435 606 614 640 
0 203 251 265 373 385 436 606 613 640 
0 202 250 265 373 386 437 606 613 640 
0 200 249 265 373 386 439 606 612 640 
0 199 248 265 374 387 440 606 611 640 
0 198 248 265 374 388 441 606 611 640 
0 197 247 265 374 389 443 606 610 640 
0 196 246 264 374 389 444 607 609 640 
0 194 245 264 374 391 446 640 
0 193 244 264 375 392 447 640 
0 192 242 264 375 393 449 640 
0 191 241 264 375 394 450 640 
0 189 240 264 375 396 451 640 
0 188 238 264 375 398 453 640 
0 187 237 264 375 399 454 640 
0 186 236 264 375 400 456 640 
0 184 235 264 376 402 457 640 
0 183 233 263 376 404 459 640 
0 182 232 263 376 406 460 640 
0 181 230 263 376 407 461 640 
0 180 228 263 376 409 463 640 
0 178 227 263 377 410 465 640 
0 177 226 263 377 412 466 640 
0 176 224 263 377 415 467 640 
0 175 222 263 374 375 377 416 469 475 491 640 
0 174 221 264 374 375 376 418 495 640 
0 172 220 264 374 420 499 640 
0 171 218 264 375 421 501 640 
0 170 216 264 375 423 506 640 
0 169 215 264 375 425 507 640 
0 129 151 167 213 263 375 427 509 640 
0 126 154 166 212 264 375 428 510 640 
0 124 156 165 211 264 375 430 512 640 
0 122 157 163 209 264 376 432 513 640 
0 120 207 263 377 434 513 640 
0 119 206 263 377 436 513 640 
0 118 205 262 378 437 513 640 
0 118 203 262 378 439 501 504 513 640 
0 119 201 261 379 441 501 506 513 640 
0 120 127 131 200 261 379 443 501 510 511 640 
0 121 126 132 198 260 380 445 501 640 
0 133 197 260 380 447 501 640 
0 132 195 259 381 448 501 640 
0 132 194 259 381 450 502 640 
0 131 192 258 381 452 502 640 
0 131 191 258 382 454 503 640 
0 130 189 257 382 456 504 640 
0 129 187 257 383 459 506 640 
0 127 185 256 383 461 508 640 
0 125 184 256 384 464 510 640 
0 122 182 255 384 467 512 640 
0 119 181 255 385 470 514 640 
0 116 180 255 385 472 515 640 
0 113 178 254 386 475 517 640 
0 109 176 254 386 477 519 640 
0 106 174 253 387 478 521 640 
0 73 81 101 172 253 387 480 523 640 
0 72 85 97 170 253 387 482 525 640 
0 73 167 252 388 484 527 640 
0 73 163 252 388 485 531 640 
0 74 161 251 389 487 535 640 
0 76 158 251 389 488 539 640 
0 77 155 250 390 490 544 640 
0 79 152 250 390 491 555 640 
0 81 150 250 390 493 557 640 
0 82 148 249 391 494 557 640 
0 84 145 249 391 496 556 640 
0 85 143 248 392 497 555 640 
0 89 141 248 392 499 554 640 
0 92 139 248 392 501 554 640 
0 94 136 248 392 503 553 640 
0 96 134 247 393 506 552 640 
0 99 131 247 393 509 551 640 
0 102 128 247 393 513 548 640 
0 112 124 246 394 517 545 640 
0 118 121 246 394 520 538 640 
0 245 395 523 531 640 
0 245 395 640 
0 245 395 640 
0 245 395 640 
0 244 396 640 
0 244 396 640 
0 244 396 640 
0 243 396 640 
0 243 397 640 
0 243 397 640 
0 243 397 640 
0 243 397 640 
0 242 398 640 
0 242 398 640 
0 242 398 640 
0 242 398 640 
0 241 399 640 
0 241 399 640 
0 241 399 640 
0 240 400 640 
0 240 400 640 
0 240 400 640 
0 240 400 640 
0 239 401 640 
0 239 401 640 
0 239 401 640 
0 239 401 640 
0 238 402 640 
0 238 402 640 
0 238 402 640 
0 237 402 640 
0 237 403 640 
0 237 403 640 
0 237 403 640 
0 236 404 640 
0 236 404 640 
0 235 404 640 
0 235 405 640 
0 235 405 640 
0 235 405 640 
