













































































303 310 
302 313 
299 314 
297 315 
296 316 
296 316 
296 317 
296 317 
296 317 
296 317 
297 317 
297 316 
297 316 
297 315 
298 315 
298 315 
298 315 
298 315 
298 315 
298 315 
298 315 
298 315 
298 315 
299 315 
299 314 
299 314 
299 314 
299 314 
299 314 
299 314 
299 314 
299 314 
299 314 
299 314 
299 314 
299 314 
299 314 
299 314 
299 314 
299 314 
299 313 
299 313 
299 313 
299 313 
299 313 
299 313 
300 313 
300 313 
300 313 
300 313 
300 313 
300 313 
300 313 
300 313 
300 313 
300 313 
300 313 
300 313 386 400 
300 313 381 404 
300 313 378 407 
300 313 375 409 
300 313 373 410 
300 313 370 412 
300 313 369 413 
300 313 367 415 
300 313 365 415 
300 313 364 416 
300 313 362 417 
300 313 361 418 
300 313 360 418 
300 313 359 419 
300 313 358 420 
300 313 357 421 
300 313 356 421 
300 313 355 422 
300 313 355 423 
300 313 354 423 
301 313 354 424 
301 313 353 424 
301 313 353 424 
301 313 352 425 
301 313 351 425 
301 313 351 426 
301 313 351 427 
301 313 350 427 
301 313 350 427 
301 313 350 427 
301 313 350 427 
301 313 350 428 
301 313 350 428 
301 313 350 428 
301 313 349 428 
301 313 349 428 
301 313 349 428 
301 313 348 428 
301 313 348 428 
301 313 348 428 
301 313 348 428 
301 314 347 428 
301 316 347 428 
300 318 347 428 
297 320 347 428 
296 321 346 428 
295 322 346 348 350 428 
295 323 350 428 
295 324 350 428 
296 325 349 428 
298 325 349 429 
298 326 349 429 
297 327 349 429 
297 327 352 429 
297 328 353 429 
298 329 354 429 
299 329 355 429 
298 330 356 429 
298 331 357 429 
297 331 359 429 
297 332 361 429 
298 333 361 430 
298 335 361 430 
298 344 361 431 
298 346 361 431 
297 347 362 431 
298 348 364 430 
298 349 365 430 
299 349 366 431 
300 350 367 431 
301 314 317 350 367 431 
301 313 320 351 369 432 
301 313 321 351 370 432 
301 313 320 351 361 432 
301 313 319 352 360 433 
301 312 318 352 358 433 
301 312 318 353 357 433 
301 312 317 353 356 433 
301 312 317 354 355 433 
301 312 316 433 
301 312 315 433 
301 312 315 433 
301 312 314 433 
301 312 314 433 
301 312 314 433 
301 312 313 433 
301 312 313 433 
301 312 313 433 
301 433 
301 433 
301 433 
301 433 
301 433 
301 433 
301 433 
301 433 
301 433 
301 433 
301 433 
301 433 
300 433 
300 433 
300 433 
300 433 
300 433 
300 433 
300 433 
300 433 
300 433 
300 433 
300 432 
300 432 
300 432 
300 432 
300 432 
300 432 
300 432 
300 432 
300 432 
300 432 
300 432 
300 432 
300 351 353 432 
300 350 353 432 
300 350 352 431 
300 348 352 431 
300 347 352 431 
300 345 352 431 
300 344 352 431 
299 343 352 430 
299 342 352 430 
299 341 352 430 
299 340 352 430 
299 338 352 430 
299 337 353 430 
299 335 353 429 
299 334 354 429 
299 309 312 332 354 429 
299 309 314 331 355 429 
298 309 316 329 356 429 
298 309 319 326 356 428 
298 309 320 325 357 428 
298 309 357 428 
298 309 357 428 
298 309 357 428 
298 309 357 427 
298 309 358 427 
297 310 358 427 
297 310 358 427 
297 310 358 427 
297 310 358 427 
297 310 358 427 
297 310 358 427 
298 309 358 427 
298 309 358 426 
298 309 358 426 
297 309 359 416 417 426 
297 309 359 416 417 426 
295 311 359 415 417 426 
294 314 359 415 417 426 
293 318 324 327 359 416 417 426 
293 320 322 331 359 425 
293 336 359 425 
294 341 359 425 
295 348 359 425 
294 354 359 425 
294 425 
294 422 423 425 
294 422 424 425 
294 421 
295 421 
294 421 
293 422 
293 422 
293 423 
293 423 
293 423 
293 424 
292 424 
292 424 
292 425 
293 425 
294 425 
296 426 
298 426 
298 309 316 426 
298 308 316 426 
298 308 316 427 
298 308 316 427 
298 308 316 427 
298 308 316 427 
298 308 317 427 
298 308 317 427 
298 308 317 427 
298 308 317 427 
298 308 317 427 
298 308 317 427 
298 308 317 427 
298 308 317 427 
298 308 317 427 
298 308 318 427 
298 308 318 428 
298 308 318 428 
298 308 318 428 
298 308 318 428 
298 308 318 428 
298 308 318 428 
298 308 319 428 
298 308 319 428 
298 308 319 428 
298 308 319 428 
298 308 320 428 
298 308 320 428 
298 308 320 428 
298 308 321 428 
298 308 321 428 
298 308 321 428 
298 308 322 428 
298 308 322 428 
298 308 322 428 
298 308 322 428 
298 308 323 428 
298 308 323 429 
298 308 323 429 
298 308 324 429 
298 308 324 429 
298 308 325 429 
298 308 325 429 
298 308 325 429 
298 308 326 429 
298 308 326 429 
298 308 327 429 
298 309 327 429 
298 309 327 429 
298 308 328 429 
298 308 328 429 
297 309 329 429 
297 309 329 429 
297 309 330 429 
297 309 330 429 
297 309 331 429 
297 309 331 429 
297 309 332 429 
297 309 332 429 
297 309 333 429 
297 309 333 429 
297 310 334 429 
297 310 334 429 
297 310 335 429 
297 310 335 429 
297 310 336 429 
297 311 337 429 
297 311 338 340 346 429 
297 311 346 428 
297 311 346 428 
297 311 345 428 
297 311 345 428 
297 311 345 428 
298 311 345 428 
298 311 344 428 
298 311 344 428 
298 310 344 428 
298 310 343 427 
298 310 343 428 
298 310 343 428 
298 310 343 428 
298 310 342 428 
298 310 342 429 
298 310 342 429 
298 309 342 430 
298 309 341 431 
298 309 341 431 
298 309 341 432 
298 309 341 432 
298 309 340 433 
298 309 340 433 
298 309 340 433 
298 310 340 434 
298 310 340 434 
298 310 339 434 
298 311 339 435 
297 310 311 313 339 435 
297 310 311 313 339 435 
296 313 338 436 
296 314 315 316 338 436 
296 314 315 316 338 436 
296 316 338 435 
294 315 338 436 
294 314 337 436 
294 314 337 436 
294 314 337 436 
294 314 337 437 
294 314 337 437 
295 314 337 437 
295 314 337 437 
294 314 336 437 
294 314 336 437 
293 315 336 437 
293 315 336 437 
293 315 336 437 
292 315 336 437 
292 315 335 437 
292 316 335 437 
292 316 335 437 
292 316 335 436 
291 316 335 435 
291 316 334 435 
291 317 334 435 
291 317 333 435 
290 317 331 434 
290 317 329 434 
290 317 328 434 
290 317 328 434 
290 318 327 434 
290 318 328 434 
290 318 328 433 
290 318 328 433 
290 318 328 433 
290 318 328 432 
289 318 328 432 
289 318 328 432 
289 318 328 431 
289 318 328 431 
289 318 328 430 
289 318 328 429 
289 319 328 429 
289 319 328 430 
289 319 328 430 
288 319 328 431 
288 319 328 431 
288 319 327 432 
288 319 327 432 
288 319 326 432 
288 319 325 433 
288 319 325 433 
288 319 325 433 
288 319 324 434 
288 319 324 434 
288 319 324 435 
287 319 324 435 
287 319 324 435 
287 319 324 435 
287 319 324 435 
287 319 324 435 
287 319 324 435 
