47 141 326 640 
47 147 326 640 
47 147 326 640 
47 147 326 640 
47 147 326 640 
47 146 326 640 
47 146 326 640 
47 145 326 640 
47 145 326 640 
47 144 326 640 
47 144 326 640 
47 144 326 640 
47 145 326 640 
47 145 326 640 
47 145 326 640 
47 145 326 640 
47 145 326 640 
47 145 326 640 
47 144 326 640 
47 143 326 640 
47 143 326 640 
47 142 326 640 
47 142 326 640 
47 141 326 640 
47 140 326 640 
47 139 326 640 
48 139 326 640 
48 138 326 640 
48 137 326 640 
48 136 326 640 
48 135 326 640 
48 135 326 640 
48 134 326 640 
48 133 326 640 
48 132 326 640 
49 131 326 640 
49 130 326 640 
49 129 326 640 
49 128 326 640 
49 127 326 640 
50 126 326 640 
50 125 326 640 
50 124 326 640 
50 123 326 640 
50 123 326 640 
50 122 326 640 
50 121 326 640 
51 120 326 640 
51 119 326 640 
51 118 326 640 
51 117 326 640 
51 116 326 640 
51 115 326 640 
51 114 326 640 
51 113 326 640 
51 112 326 640 
51 112 326 640 
51 111 326 640 
51 110 326 640 
51 109 326 640 
52 108 326 640 
52 108 326 640 
52 107 326 640 
52 107 326 640 
52 106 326 640 
52 105 326 640 
52 105 326 640 
52 104 326 640 
52 103 326 640 
52 103 326 640 
52 102 326 640 
52 101 326 640 
52 101 326 640 
52 100 326 640 
52 100 326 640 
52 99 326 640 
52 99 326 640 
52 98 326 640 
53 98 326 640 
53 98 326 640 
53 98 326 640 
53 97 326 640 
53 97 326 640 
53 97 326 640 
53 96 326 640 
53 96 326 640 
53 96 326 640 
53 96 326 640 
54 98 326 640 
54 98 131 133 326 640 
54 99 123 126 131 133 326 640 
54 98 122 128 130 133 326 640 
54 98 112 113 120 128 130 133 326 640 
55 98 111 114 119 128 130 134 326 640 
55 97 111 113 119 128 129 136 326 640 
55 96 110 113 118 137 326 640 
55 96 110 113 117 137 326 640 
55 96 109 113 117 137 326 640 
55 95 108 113 116 137 326 640 
54 95 108 113 116 137 326 640 
51 94 107 112 115 137 326 640 
48 94 107 112 114 137 326 640 
43 94 106 111 113 137 326 640 
38 94 106 137 326 640 
36 93 105 137 326 640 
35 93 105 137 326 640 
34 93 104 137 326 640 
34 93 103 137 326 640 
34 92 103 137 326 640 
33 92 102 137 326 640 
33 92 102 137 326 640 
33 92 101 137 326 640 
34 91 101 136 326 640 
34 91 100 136 326 640 
34 91 95 96 99 136 326 640 
34 90 92 96 98 136 326 640 
35 90 92 96 98 135 326 640 
35 50 52 90 92 96 97 135 326 640 
36 48 52 90 92 95 97 135 326 640 
36 47 52 90 91 95 96 134 326 640 
36 47 51 89 91 95 96 134 326 640 
36 46 51 89 91 134 326 640 
36 46 51 89 90 133 326 640 
36 46 51 89 90 133 326 640 
37 46 50 88 90 133 326 640 
37 45 50 88 89 132 326 640 
37 45 50 132 326 640 
37 45 50 132 326 640 
37 45 50 132 326 640 
37 45 50 131 326 640 
37 46 50 131 326 640 
37 46 50 130 326 640 
37 44 45 46 50 130 326 640 
37 44 50 129 326 640 
38 45 51 129 326 640 
38 41 42 45 52 128 326 640 
38 41 52 127 326 640 
39 41 53 126 326 640 
54 126 326 640 
55 125 326 640 
56 124 326 640 
57 123 326 640 
57 122 326 640 
58 121 326 640 
59 120 326 640 
60 119 326 640 
61 118 326 640 
61 117 326 640 
62 117 326 640 
63 116 326 640 
64 115 326 640 
64 114 326 640 
65 113 326 640 
66 112 326 640 
67 111 326 640 
67 110 326 640 
68 109 326 640 
63 109 326 640 
62 109 326 640 
60 110 326 640 
56 111 326 640 
51 116 326 640 
48 117 326 640 
46 118 326 640 
42 119 326 640 
37 120 326 640 
35 121 326 640 
34 121 326 640 
33 122 326 640 
32 122 326 640 
28 122 326 640 
27 122 326 640 
26 122 326 640 
25 122 326 640 
24 121 326 640 
23 121 326 640 
23 120 326 640 
22 119 326 640 
21 117 326 640 
21 115 326 640 
21 113 326 640 
21 111 326 640 
21 109 326 640 
22 106 326 640 
25 103 326 640 
29 99 326 640 
34 96 326 640 
37 94 326 640 
37 93 326 640 
38 93 326 640 
39 92 326 640 
40 92 326 640 
40 92 326 640 
41 92 326 640 
43 92 326 640 
44 92 326 640 
46 92 326 640 
52 92 326 640 
55 92 326 640 
56 92 326 640 
56 93 326 640 
57 99 326 640 
57 108 326 640 
57 112 326 640 
58 113 326 640 
59 114 326 640 
59 112 326 640 
60 107 326 640 
60 104 326 640 
61 103 326 640 
62 101 326 640 
63 99 326 640 
64 98 326 640 
65 97 326 640 
66 96 326 640 
67 95 326 640 
68 94 326 640 
70 93 326 640 
71 91 326 640 
73 90 326 640 
75 89 326 640 
78 87 326 640 
326 640 
326 640 
326 640 
326 640 
326 640 
326 640 
326 640 
326 640 
326 640 
326 640 
326 640 
326 640 
326 640 
326 640 
326 640 
326 640 
326 640 
326 640 
326 640 
326 640 
326 640 
326 640 
326 640 
326 640 
326 640 
326 640 
326 640 
326 640 
326 640 
326 640 
326 640 
326 640 
326 640 
326 640 
326 640 
326 640 
326 640 
326 640 
326 640 
326 640 
326 640 
326 640 
326 640 
326 640 
326 640 
326 640 
326 640 
326 640 
326 640 
326 640 
326 640 
326 640 
326 640 
326 640 
326 640 
326 640 
326 640 
326 640 
326 573 579 640 
326 572 580 640 
326 570 581 584 592 640 
326 569 595 640 
326 568 596 640 
326 567 597 640 
326 566 598 640 
326 566 598 640 
326 566 598 640 
326 565 598 640 
326 564 597 640 
326 562 597 640 
326 561 596 640 
326 560 596 640 
326 559 597 640 
326 558 598 640 
326 557 598 640 
326 557 599 640 
326 556 600 640 
326 555 600 640 
326 554 600 640 
326 554 601 640 
326 553 601 640 
326 551 602 640 
326 550 602 640 
326 549 602 640 
326 549 602 640 
326 550 602 640 
326 550 602 640 
326 550 602 640 
326 550 602 640 
326 549 601 640 
326 548 600 640 
326 548 600 640 
326 548 599 640 
326 547 594 640 
326 547 593 640 
326 547 592 640 
326 546 591 640 
326 545 591 640 
326 545 590 640 
326 544 589 640 
326 544 588 640 
326 544 587 640 
326 543 586 640 
326 542 585 640 
326 542 579 582 583 640 
326 541 580 640 
326 540 580 640 
326 539 580 640 
326 538 581 640 
326 538 582 640 
326 537 583 640 
326 536 585 640 
326 535 586 640 
326 534 587 640 
326 533 588 640 
326 533 589 640 
326 532 590 640 
326 531 591 640 
326 530 592 640 
326 529 592 640 
326 529 593 640 
326 528 594 640 
326 527 595 640 
326 527 595 640 
326 526 596 640 
326 525 596 640 
326 525 597 623 624 640 
326 524 598 622 624 640 
326 524 598 618 619 623 624 640 
326 524 599 618 621 623 625 640 
326 523 599 619 625 640 
326 523 599 616 617 618 625 640 
326 523 600 617 626 640 
326 523 600 617 626 640 
326 523 570 571 600 617 626 640 
326 523 570 572 600 617 626 640 
326 523 570 572 601 618 626 640 
326 522 570 572 601 619 626 640 
326 522 569 572 602 619 626 640 
326 522 569 572 603 619 626 640 
326 522 569 571 604 618 626 640 
326 522 568 571 604 618 626 640 
326 522 568 570 605 618 626 640 
326 522 568 570 606 617 626 640 
326 521 567 570 606 617 627 640 
326 521 567 570 607 615 627 640 
326 521 566 570 608 613 628 640 
326 521 566 570 608 609 628 640 
326 520 566 570 629 640 
326 520 565 570 629 640 
326 520 565 570 629 640 
326 520 566 570 630 640 
326 519 566 570 630 640 
326 519 566 570 630 640 
326 520 566 570 630 640 
326 520 566 569 630 640 
326 520 566 568 630 640 
326 520 566 568 630 640 
326 519 630 640 
326 519 630 640 
326 519 630 640 
326 519 630 640 
326 518 630 640 
326 518 630 640 
326 518 630 640 
326 517 630 640 
326 517 629 640 
326 517 521 523 629 640 
326 517 520 523 628 640 
326 517 519 523 628 640 
326 517 519 522 628 640 
326 516 518 523 627 640 
326 516 517 523 627 640 
326 524 626 640 
326 524 625 640 
326 524 625 640 
326 524 624 640 
326 523 623 640 
326 523 622 640 
326 523 622 640 
326 523 621 640 
326 523 620 640 
326 523 619 640 
326 523 618 640 
326 523 617 640 
326 523 550 553 616 640 
326 523 548 553 615 640 
326 523 546 554 614 640 
326 523 544 554 612 640 
326 523 541 555 611 640 
326 523 539 555 610 640 
326 524 537 555 608 640 
326 524 534 555 598 640 
326 525 531 555 597 640 
326 554 597 640 
326 554 597 640 
326 554 597 640 
326 553 597 640 
326 553 597 640 
326 552 598 640 
326 552 598 640 
326 552 598 640 
326 551 598 640 
326 551 598 640 
326 551 598 640 
326 550 599 640 
326 550 599 640 
326 550 599 640 
326 550 600 640 
326 550 600 640 
326 549 600 640 
326 549 601 640 
326 549 601 640 
326 549 601 640 
326 549 602 640 
326 548 602 640 
326 548 602 640 
326 548 602 640 
326 548 603 640 
326 548 603 640 
326 547 603 640 
326 547 604 640 
326 547 604 640 
326 547 605 640 
326 547 605 640 
326 547 605 640 
326 547 606 640 
326 547 606 640 
326 547 606 640 
326 546 607 640 
326 546 607 640 
326 546 607 640 
326 546 608 640 
326 546 608 640 
326 546 608 640 
326 546 609 640 
326 546 609 640 
326 545 609 640 
326 545 610 640 
326 545 610 640 
326 545 610 640 
326 545 611 640 
326 544 611 640 
326 544 611 640 
326 544 612 640 
326 544 612 640 
326 544 612 640 
326 543 612 640 
326 543 613 640 
326 543 613 640 
326 543 613 640 
326 543 613 640 
326 542 614 640 
326 542 614 640 
326 542 614 640 
326 542 614 640 
326 541 614 640 
326 541 614 640 
