0 314 320 361 
0 314 320 362 
0 314 321 363 
0 314 321 364 
0 315 321 365 
0 315 322 366 
0 315 322 367 
0 316 323 367 
0 316 323 369 
0 317 323 369 
0 317 324 370 
0 318 325 371 
0 318 325 371 
0 318 325 372 
0 319 326 373 
0 319 326 373 
0 320 327 374 
0 320 327 375 
0 321 328 376 
0 322 329 376 
0 322 329 376 
0 323 330 377 
0 323 331 378 
0 324 331 378 
0 324 332 379 
0 325 333 379 
0 326 334 380 
0 326 335 380 
0 327 335 380 
0 328 336 381 
0 329 337 381 
0 330 338 382 
0 330 339 382 
0 331 339 382 
0 332 341 383 
0 333 342 383 
0 334 343 384 
0 335 344 384 
0 336 346 384 
0 337 347 385 
0 338 349 384 
0 339 350 382 
0 340 352 378 
0 342 355 374 
0 343 360 367 
0 344 
0 344 
0 345 383 389 
0 346 377 389 
0 348 373 390 396 397 
0 352 368 390 395 399 
0 357 359 391 396 400 
0 391 396 402 
0 392 396 405 
0 392 396 407 
0 392 397 410 
0 392 397 412 
0 392 397 414 
0 393 397 415 
0 393 397 417 
0 393 398 420 
0 393 398 422 
0 393 398 424 
0 394 398 425 
0 394 399 425 
0 394 399 424 
0 394 399 423 
0 395 400 422 
0 395 400 421 
0 395 400 421 
0 396 401 420 
0 396 401 419 
0 396 401 419 
0 397 402 418 
0 397 402 418 
0 397 403 416 
0 398 403 414 
0 398 403 411 
0 399 404 409 
0 399 
0 400 
0 399 
0 395 
0 393 
0 391 411 413 
0 388 408 413 
0 387 409 411 
0 384 401 403 
0 382 399 404 
0 380 396 403 
0 378 393 401 
0 376 390 399 
0 375 387 397 
0 374 385 394 
0 372 384 392 
0 371 382 390 404 406 
0 370 380 388 401 407 
0 369 378 386 399 407 
0 367 377 384 396 409 
0 367 375 382 394 409 
0 365 374 380 393 409 
0 365 373 379 391 409 
0 364 372 377 389 409 
0 364 370 375 387 407 
0 363 370 374 386 389 391 406 
0 363 369 373 384 387 394 404 
0 362 368 371 383 386 396 402 
0 362 367 370 381 384 398 400 
0 361 367 369 380 382 
0 361 366 368 379 381 
0 360 377 379 
0 360 376 379 
0 359 374 378 
0 358 373 378 
0 357 372 377 
0 356 370 376 
0 356 369 376 
0 356 367 376 
0 356 365 375 
0 356 364 375 
0 359 362 375 
0 374 
0 374 
0 374 
0 374 
0 373 
0 373 
0 373 
0 372 
0 372 
0 372 
0 372 
0 371 
0 371 
0 371 
0 371 
0 58 62 372 
0 56 64 373 
0 54 65 374 
0 53 65 375 
0 52 66 375 
0 50 67 375 
0 50 68 375 
0 48 69 374 
0 47 69 374 
0 46 70 373 
0 45 71 373 
0 44 71 373 
0 43 72 372 
0 41 73 372 
0 40 74 371 
0 39 75 370 
0 39 75 369 
0 39 76 367 
0 39 77 367 
0 40 78 368 
0 40 78 370 
0 39 79 372 
0 38 80 372 
0 37 81 372 
0 36 82 373 
0 35 83 374 
0 34 83 374 
0 33 84 375 
0 32 85 376 
0 31 86 376 
0 30 87 376 578 579 
0 30 87 377 578 580 
0 29 88 377 578 581 
0 28 89 377 578 582 
0 27 90 378 579 584 
0 27 90 378 579 585 
0 27 91 378 579 586 
0 28 92 378 579 587 
0 28 93 379 579 589 
0 27 94 379 580 590 
0 26 94 379 576 578 580 592 
0 26 95 379 576 578 580 593 
0 25 96 380 576 578 580 594 
0 24 97 381 576 578 580 596 
0 24 98 384 581 596 
0 23 98 387 581 598 
0 22 99 389 577 578 581 599 
0 21 100 391 576 579 581 600 
0 21 101 393 577 578 581 601 
0 20 101 395 582 602 
0 19 102 397 582 603 
0 19 103 399 582 604 
0 18 104 400 582 605 
0 17 105 402 582 606 
0 17 105 403 582 608 
0 17 106 405 583 608 
0 18 107 407 583 609 
0 18 108 409 583 610 
0 17 108 411 583 612 
0 17 109 412 583 613 
0 16 110 415 583 614 
0 16 110 416 584 615 
0 15 112 416 584 616 
0 15 112 416 585 617 
0 14 113 416 
0 14 114 416 
0 13 114 416 
0 12 115 416 
0 12 116 417 
0 11 117 417 587 588 
0 11 118 417 586 610 
0 10 118 417 586 619 
0 10 119 417 586 623 
0 9 120 417 586 626 
0 9 121 417 586 628 
0 9 122 417 586 630 
0 9 122 417 586 630 
0 10 123 417 586 631 
0 9 124 417 586 631 
0 9 125 418 587 633 638 640 
0 8 125 418 587 634 638 640 
0 8 126 417 587 634 638 640 
0 8 127 417 587 634 638 640 
0 7 128 417 587 634 638 640 
0 7 128 417 587 634 638 640 
0 7 129 417 587 634 638 640 
0 6 130 417 587 635 639 640 
0 6 131 417 588 635 
0 5 131 417 588 635 
0 5 132 417 588 635 
0 4 133 416 588 635 
0 4 134 415 588 636 
0 4 135 413 588 636 
0 4 136 411 588 636 
0 3 136 408 588 637 
0 3 137 406 588 637 
0 3 138 403 589 637 
0 4 139 402 589 637 
0 4 140 400 589 638 
0 3 140 398 589 638 
0 3 141 396 589 638 
0 2 142 396 589 639 
0 2 142 394 590 640 
0 2 143 395 590 640 
0 2 144 397 590 640 
0 2 145 399 590 640 
0 1 146 402 590 640 
0 1 146 404 590 640 
0 1 147 406 590 640 
0 1 148 351 352 408 590 640 
149 351 355 409 590 640 
150 353 358 410 590 640 
150 355 361 409 590 640 
151 355 364 409 590 640 
152 351 368 409 590 640 
153 350 370 409 591 640 
154 190 193 350 374 408 591 640 
154 188 195 300 326 352 376 408 591 640 
155 186 196 286 329 353 378 408 591 640 
156 184 197 273 336 351 380 408 591 640 
157 182 208 265 341 342 387 408 591 640 
157 180 591 640 
158 176 591 640 
159 171 591 640 
160 165 591 640 
591 640 
591 640 
592 640 
592 640 
592 640 
592 640 
592 640 
592 640 
592 640 
592 640 
592 640 
592 640 
592 640 
592 640 
593 640 
593 640 
593 640 
593 640 
593 640 
593 640 
593 640 
593 640 
593 640 
594 640 
594 640 
594 640 
594 640 
595 640 
595 640 
595 640 
595 640 
595 640 
596 640 
596 640 
596 640 
216 256 596 640 
214 270 596 640 
212 286 327 328 329 336 596 640 
211 303 322 339 597 640 
210 340 597 640 
209 344 597 640 
207 346 597 640 
206 345 597 640 
204 343 363 377 597 640 
203 344 348 385 598 640 
201 391 598 640 
200 395 598 640 
199 395 598 640 
198 394 598 640 
198 394 598 640 
197 394 599 640 
197 395 599 640 
195 395 599 640 
155 158 195 396 599 640 
154 161 193 400 599 640 
153 162 185 189 191 402 600 640 
152 162 184 402 600 640 
152 162 184 402 600 640 
151 163 183 402 600 640 
150 163 182 403 600 640 
149 164 181 403 600 640 
149 167 174 175 176 403 406 409 601 640 
148 408 601 640 
147 407 601 640 
146 406 601 640 
0 1 145 405 601 640 
0 1 145 405 601 640 
0 1 144 404 602 640 
0 2 143 403 602 640 
0 2 142 402 602 640 
0 2 141 401 602 640 
0 2 140 401 602 640 
0 3 140 399 602 640 
0 3 139 399 602 640 
0 2 138 398 602 640 
0 2 138 397 603 640 
0 2 137 397 603 640 
0 2 136 396 603 640 
0 2 135 396 603 640 
0 2 134 395 603 640 
0 3 134 394 603 640 
0 3 132 394 603 640 
0 4 132 394 604 640 
0 4 131 393 604 640 
0 5 130 392 604 640 
0 5 130 392 604 640 
0 6 129 392 604 640 
0 6 128 390 605 640 
0 6 127 389 605 640 
0 7 126 388 605 640 
0 7 125 386 605 640 
0 8 125 386 605 640 
0 8 124 386 605 640 
0 9 123 386 606 640 
0 9 122 386 606 640 
0 8 122 386 606 640 
0 7 121 387 606 640 
0 7 120 387 606 640 
0 7 119 387 606 640 
0 8 118 385 607 640 
0 9 117 383 607 640 
0 9 117 382 607 640 
0 10 116 381 607 640 
0 10 115 381 607 640 
0 11 114 380 607 640 
0 12 113 381 607 640 
0 12 113 382 607 640 
0 13 112 381 608 640 
0 13 111 378 608 640 
0 14 110 375 608 640 
0 15 110 374 608 640 
0 15 109 374 608 640 
0 16 108 374 608 640 
0 16 107 374 608 640 
0 17 106 375 609 640 
0 16 106 374 609 640 
0 15 105 373 609 640 
0 15 104 370 609 640 
0 15 103 369 610 640 
0 16 103 369 610 640 
0 17 102 370 610 640 
0 17 101 370 610 640 
0 18 100 370 610 640 
0 19 99 370 610 640 
0 20 98 371 610 640 
0 20 98 371 611 640 
0 21 97 372 611 640 
0 22 96 371 611 640 
0 23 95 370 611 640 
0 24 95 367 611 640 
0 24 94 365 611 640 
0 25 93 364 611 640 
0 26 92 363 611 640 
0 27 91 361 612 640 
0 26 91 360 612 640 
0 25 90 359 612 640 
0 25 89 359 612 640 
0 25 88 358 612 640 
0 25 87 357 613 640 
0 26 87 356 391 395 613 640 
0 27 86 355 390 397 613 640 
0 28 85 355 389 399 613 640 
0 29 84 354 389 402 614 640 
0 30 83 353 388 405 614 640 
0 31 82 353 387 408 614 640 
0 32 82 351 387 408 615 640 
0 33 81 351 386 409 615 640 
0 34 80 350 385 409 615 640 
0 35 79 350 384 410 615 640 
0 36 78 349 384 410 616 640 
0 37 77 348 383 410 616 640 
0 38 77 348 382 410 616 640 
0 38 76 347 381 410 617 640 
0 37 75 345 381 410 617 640 
0 36 75 345 380 410 617 640 
0 35 74 344 379 410 617 640 
0 36 73 344 378 410 618 640 
0 37 72 343 378 410 618 640 
0 38 71 343 377 409 618 640 
0 40 71 342 376 409 619 640 
0 41 70 341 376 409 619 640 
0 42 69 340 375 409 619 640 
0 44 68 340 374 409 620 640 
0 45 67 339 373 409 620 640 
0 46 67 338 372 409 620 640 
0 48 66 338 372 409 620 640 
0 49 65 337 371 409 621 640 
0 50 64 337 370 409 621 640 
0 52 63 336 370 408 621 640 
0 53 62 335 369 408 622 640 
0 56 61 335 368 408 622 640 
0 58 60 334 367 408 622 640 
0 334 367 408 622 640 
0 333 366 407 623 640 
0 333 365 407 623 640 
0 333 365 407 623 640 
0 332 364 407 624 640 
0 331 363 406 624 640 
0 331 362 406 624 640 
0 331 361 406 625 640 
0 331 360 406 625 640 
0 331 360 405 625 640 
0 331 359 405 626 640 
0 331 358 405 626 640 
0 331 357 404 626 640 
0 332 356 404 627 640 
0 332 355 404 627 640 
0 333 354 404 627 640 
0 333 354 404 628 640 
0 334 352 403 628 640 
0 335 352 403 628 640 
0 338 350 402 629 640 
0 341 348 402 629 640 
0 402 629 640 
0 402 630 640 
0 401 630 640 
0 400 630 640 
0 400 631 640 
0 401 631 640 
0 401 631 640 
0 400 632 640 
0 400 632 640 
0 399 632 640 
0 399 633 640 
0 400 633 640 
0 400 634 640 
0 399 634 640 
0 398 634 640 
0 399 635 640 
0 399 635 640 
0 399 635 640 
0 398 636 640 
0 398 636 640 
0 398 636 640 
0 398 637 640 
0 397 637 640 
0 397 637 640 
0 397 637 640 
0 397 637 640 
