0 102 484 556 578 640 
0 102 485 556 579 640 
0 102 487 555 579 640 
0 102 489 555 580 640 
0 101 490 555 580 640 
0 101 491 555 580 640 
0 101 493 555 580 640 
0 101 494 554 581 640 
0 101 495 554 581 640 
0 101 497 554 581 640 
0 101 498 554 581 640 
0 100 499 554 581 640 
0 100 500 554 582 640 
0 100 502 554 582 640 
0 100 503 553 582 640 
0 100 505 553 582 640 
0 99 506 553 581 640 
0 99 507 552 581 640 
0 99 508 552 581 640 
0 99 510 552 582 640 
0 99 511 552 582 640 
0 98 512 552 582 640 
0 98 513 552 582 640 
0 98 514 551 582 640 
0 98 515 551 582 640 
0 98 517 550 582 640 
0 98 518 549 582 640 
0 98 519 548 582 640 
0 97 520 547 582 640 
0 97 521 544 582 640 
0 96 523 542 582 640 
0 96 524 534 582 640 
0 96 524 532 581 640 
0 96 526 531 581 640 
0 96 527 531 581 640 
0 96 529 530 581 640 
0 96 581 640 
0 95 581 640 
0 95 581 640 
0 95 581 640 
0 95 582 640 
0 95 582 640 
0 95 582 640 
0 94 582 640 
0 94 582 640 
0 94 582 640 
0 94 582 640 
0 93 582 640 
0 93 582 640 
0 94 582 640 
0 98 582 640 
0 101 582 640 
0 104 582 640 
0 106 582 640 
0 108 582 640 
0 110 582 640 
0 112 582 640 
0 113 582 640 
0 115 582 640 
0 116 582 640 
0 116 582 640 
0 117 582 640 
0 118 582 640 
0 119 582 640 
0 119 582 640 
0 119 582 640 
0 120 582 640 
0 120 582 640 
0 120 582 640 
0 120 582 640 
0 120 582 640 
0 120 582 640 
0 119 581 640 
0 119 581 640 
0 119 581 640 
0 119 581 640 
0 119 581 640 
0 118 581 640 
0 118 581 640 
0 117 581 640 
0 117 581 640 
0 116 581 640 
0 116 581 640 
0 116 581 640 
0 115 581 640 
0 115 370 373 581 640 
0 114 371 377 581 640 
0 114 371 379 581 640 
0 113 372 381 581 640 
0 113 374 383 581 640 
0 112 376 385 581 640 
0 112 376 387 581 640 
0 111 378 390 581 640 
0 110 380 391 581 640 
0 110 381 393 581 640 
0 109 382 395 581 640 
0 109 383 396 581 640 
0 108 384 399 581 640 
0 107 386 400 581 640 
0 107 387 402 581 640 
0 106 388 403 581 640 
0 105 389 405 581 640 
0 105 390 406 581 640 
0 105 391 407 582 640 
0 104 393 408 582 640 
0 103 394 410 582 640 
0 103 395 411 582 640 
0 102 396 412 582 640 
0 102 397 413 583 640 
0 101 398 414 583 640 
0 100 399 415 583 640 
0 100 400 416 583 640 
0 100 400 417 583 640 
0 99 401 418 583 640 
0 98 402 419 583 640 
0 98 403 420 584 640 
0 97 404 421 584 640 
0 97 405 421 584 640 
0 96 405 422 585 640 
0 96 406 422 585 640 
0 95 407 423 585 640 
0 95 408 424 585 640 
0 94 409 425 585 640 
0 93 410 425 586 640 
0 93 410 426 586 640 
0 92 411 426 586 640 
0 92 412 427 586 640 
0 91 413 427 586 640 
0 91 413 428 586 640 
0 91 414 428 587 640 
0 90 415 429 587 640 
0 89 415 429 587 640 
0 89 416 430 587 640 
0 88 417 430 587 640 
0 88 418 431 587 640 
0 87 418 431 587 640 
0 87 419 431 588 640 
0 86 420 432 588 640 
0 86 420 432 588 640 
0 85 421 433 588 640 
0 85 422 433 588 640 
0 84 422 434 589 640 
0 84 423 434 589 640 
0 83 424 434 589 640 
0 83 424 435 589 640 
0 83 425 435 589 640 
0 82 425 435 589 640 
0 82 426 436 589 640 
0 81 426 436 589 640 
0 81 427 436 590 640 
0 80 428 436 590 640 
0 80 428 436 590 640 
0 79 429 437 590 640 
0 79 430 437 590 640 
0 79 430 437 590 640 
0 78 432 437 590 640 
0 78 433 437 590 640 
0 77 433 437 590 640 
0 77 434 437 590 640 
0 76 434 437 590 640 
0 76 435 437 590 640 
0 75 590 640 
0 75 591 640 
0 74 591 640 
0 74 591 640 
0 74 591 640 
0 73 591 640 
0 73 591 640 
0 72 591 640 
0 72 591 640 
0 72 591 640 
0 71 271 288 591 640 
0 71 266 296 591 640 
0 70 260 316 591 640 
0 70 256 318 591 640 
0 70 254 322 591 640 
0 70 250 323 591 640 
0 69 248 325 591 640 
0 69 246 327 591 640 
0 68 244 328 591 640 
0 68 240 329 591 640 
0 68 240 330 591 640 
0 67 237 331 591 640 
0 67 236 332 591 640 
0 67 234 333 591 640 
0 66 232 333 591 640 
0 66 230 334 591 640 
0 65 229 335 591 640 
0 65 227 336 591 640 
0 65 226 336 591 640 
0 65 225 337 591 640 
0 64 224 334 335 336 591 640 
0 64 222 335 591 640 
0 64 221 335 591 640 
0 63 221 335 591 640 
0 63 219 337 591 640 
0 63 218 338 591 640 
0 62 217 339 591 640 
0 62 216 340 591 640 
0 62 215 340 591 640 
0 61 214 342 591 640 
0 61 213 343 591 640 
0 61 213 344 591 640 
0 61 212 345 591 640 
0 60 211 345 591 640 
0 60 210 346 591 640 
0 60 209 347 591 640 
0 60 208 347 591 640 
0 59 208 348 591 640 
0 59 207 348 591 640 
0 59 206 349 591 640 
0 59 205 349 591 640 
0 58 205 349 590 640 
0 58 204 350 590 640 
0 58 204 350 590 640 
0 58 203 350 590 640 
0 57 202 351 590 640 
0 57 202 351 590 640 
0 57 201 351 590 640 
0 57 201 352 590 640 
0 56 200 352 590 640 
0 56 200 352 589 640 
0 56 199 353 588 640 
0 56 198 353 588 640 
0 55 198 353 588 640 
0 55 197 354 588 640 
0 55 196 354 587 640 
0 55 196 354 587 640 
0 55 196 355 587 640 
0 55 195 355 586 640 
0 54 195 355 586 640 
0 54 194 356 586 640 
0 54 194 356 586 640 
0 54 194 357 585 640 
0 54 193 253 261 357 585 640 
0 53 193 246 261 358 585 640 
0 53 192 245 261 358 584 640 
0 53 192 243 262 358 584 640 
0 53 191 241 253 256 262 359 583 640 
0 53 191 240 251 257 262 359 583 640 
0 52 190 238 250 257 262 267 270 360 583 640 
0 52 190 236 250 257 262 267 270 360 582 640 
0 52 190 235 250 257 262 267 271 361 582 640 
0 52 190 235 250 257 262 267 272 361 582 640 
0 52 189 234 250 257 262 267 272 362 568 570 581 640 
0 51 189 233 250 257 262 267 273 362 567 570 581 640 
0 51 189 232 250 257 264 266 273 363 566 570 580 640 
0 51 188 231 250 257 274 364 566 570 580 640 
0 51 188 230 252 256 274 365 565 570 579 640 
0 51 188 230 275 366 565 570 579 640 
0 51 187 229 275 367 565 570 578 640 
0 51 187 229 276 369 564 570 578 640 
0 51 187 228 278 370 564 570 577 640 
0 50 187 227 279 371 563 570 576 640 
0 50 187 227 280 375 563 571 575 640 
0 50 186 226 281 378 385 392 562 571 575 640 
0 50 186 226 282 392 562 640 
0 50 186 225 283 392 562 640 
0 50 185 225 285 392 561 640 
0 50 185 224 285 391 561 640 
0 50 185 224 286 391 560 640 
0 50 185 224 287 391 560 640 
0 50 185 223 288 390 560 640 
0 50 185 223 289 390 559 640 
0 49 185 223 289 388 559 640 
0 49 185 222 290 387 558 640 
0 49 184 222 291 386 558 640 
0 49 184 222 292 385 557 640 
0 49 184 221 292 384 556 640 
0 49 184 221 293 382 556 640 
0 49 184 221 294 381 556 640 
0 49 184 221 295 380 555 640 
0 49 184 220 295 378 555 640 
0 49 184 220 296 377 554 640 
0 49 184 220 297 376 554 640 
0 49 184 220 298 374 554 640 
0 49 183 220 299 373 553 640 
0 49 183 219 300 372 552 640 
0 49 183 219 301 370 551 640 
0 49 183 219 302 369 551 640 
0 49 183 219 303 368 550 640 
0 49 183 219 304 367 550 640 
0 49 183 219 305 366 550 640 
0 49 183 219 306 365 549 640 
0 49 183 219 307 365 548 640 
0 48 183 219 308 364 548 640 
0 48 183 219 308 363 547 640 
0 48 183 219 309 362 547 640 
0 48 183 219 311 360 546 640 
0 48 183 219 312 359 545 640 
0 48 183 219 314 358 545 640 
0 48 183 219 315 358 544 640 
0 48 183 219 316 358 544 640 
0 48 183 219 317 358 543 640 
0 48 183 219 319 358 542 640 
0 48 183 219 320 358 542 640 
0 48 183 219 322 359 542 640 
0 48 183 219 324 360 541 640 
0 48 183 219 326 361 541 640 
0 48 184 220 328 362 540 640 
0 48 184 220 330 364 540 640 
0 48 184 220 333 363 539 640 
0 48 184 220 335 362 538 640 
0 48 184 220 339 360 538 640 
0 48 184 220 344 359 538 640 
0 48 184 220 350 356 537 640 
0 48 184 220 536 640 
0 48 185 221 535 640 
0 48 185 221 535 640 
0 48 185 221 534 640 
0 48 185 221 534 640 
0 49 185 221 533 640 
0 49 185 221 532 640 
0 49 185 222 532 640 
0 49 186 222 531 640 
0 49 186 222 530 640 
0 49 186 223 530 640 
0 49 186 223 529 640 
0 49 186 223 529 640 
0 49 187 223 528 640 
0 49 187 224 527 640 
0 49 187 224 527 640 
0 49 187 224 526 640 
0 49 188 225 525 640 
0 50 188 225 525 640 
0 50 188 225 524 640 
0 50 189 226 523 640 
0 50 189 226 522 640 
0 50 189 227 521 640 
0 50 189 227 521 640 
0 50 190 228 520 640 
0 50 190 228 520 640 
0 50 190 228 518 640 
0 50 191 229 518 640 
0 50 191 229 517 640 
0 50 191 230 516 640 
0 51 191 230 515 640 
0 51 192 230 515 640 
0 51 192 231 514 640 
0 51 193 232 513 640 
0 51 193 233 512 640 
0 51 193 233 511 640 
0 51 194 234 510 640 
0 51 194 234 510 640 
0 52 194 235 508 640 
0 52 195 235 507 640 
0 52 195 236 506 640 
0 52 195 237 505 640 
0 52 196 238 505 640 
0 52 196 238 504 640 
0 53 197 239 503 640 
0 53 197 240 502 640 
0 53 198 240 500 640 
0 53 198 240 500 640 
0 53 199 241 499 640 
0 54 199 242 498 640 
0 54 199 243 496 640 
0 54 200 244 496 640 
0 54 200 245 494 640 
0 54 201 245 494 640 
0 54 201 247 492 640 
0 55 202 247 491 640 
0 55 203 248 490 640 
0 55 203 249 489 640 
0 55 203 250 488 640 
0 55 204 251 486 640 
0 55 205 252 485 640 
0 56 205 253 484 640 
0 56 206 253 483 640 
0 56 206 254 481 640 
0 57 207 256 480 640 
0 57 208 257 478 640 
0 57 208 258 478 640 
0 57 209 259 476 640 
0 58 210 260 474 640 
0 58 210 261 473 640 
0 58 211 262 471 640 
0 58 211 263 470 640 
0 58 212 265 469 640 
0 58 213 266 467 640 
0 59 213 268 465 640 
0 59 214 269 464 640 
0 59 215 270 462 640 
0 59 215 271 461 640 
0 59 216 273 458 640 
0 59 217 274 457 640 
0 59 218 275 455 640 
0 59 219 278 453 640 
0 59 220 279 452 640 
0 59 220 280 450 640 
0 59 221 283 447 640 
0 59 222 284 445 640 
0 59 223 286 444 640 
0 58 224 287 442 640 
0 58 225 290 440 640 
0 58 226 292 437 640 
0 58 227 293 435 640 
0 58 228 295 432 640 
0 58 229 298 430 640 
0 58 230 300 428 640 
0 58 232 303 425 640 
0 58 233 306 421 640 
0 58 234 309 419 640 
0 58 235 312 416 640 
0 58 236 315 412 640 
0 58 237 319 409 640 
0 58 239 321 405 640 
0 58 240 326 400 640 
0 58 241 330 397 640 
0 59 242 335 391 640 
0 59 244 344 383 640 
0 59 245 360 367 640 
0 59 246 640 
0 59 248 640 
0 59 249 640 
0 59 251 640 
0 59 252 640 
0 59 254 640 
0 58 256 640 
0 58 257 640 
0 58 259 640 
0 58 260 640 
0 58 262 640 
0 58 264 640 
0 58 265 640 
0 58 267 640 
0 58 270 640 
0 58 271 640 
0 58 274 640 
0 58 275 640 
0 58 277 640 
0 58 280 640 
0 58 281 640 
0 58 284 640 
0 58 286 640 
0 58 290 640 
0 59 291 640 
0 59 294 640 
0 59 296 640 
0 59 299 640 
0 59 302 640 
0 60 305 640 
0 60 308 640 
0 61 312 640 
0 61 316 640 
0 62 320 640 
0 64 325 640 
0 64 330 640 
0 66 334 640 
0 67 304 305 341 640 
0 69 303 324 351 640 
0 71 304 331 360 640 
0 73 305 339 370 640 
0 78 307 349 370 640 
0 82 309 640 
0 86 312 640 
0 88 314 640 
0 91 317 640 
0 93 319 640 
0 95 322 640 
0 98 326 640 
0 100 328 640 
0 103 332 640 
0 106 334 640 
0 109 337 640 
0 112 342 640 
0 115 345 640 
0 117 150 164 348 640 
0 120 148 168 352 640 
0 122 146 170 356 640 
0 126 142 174 361 640 
0 130 141 176 364 640 
0 132 140 179 368 640 
0 181 374 640 
0 183 379 640 
0 187 384 640 
0 189 390 640 
0 191 396 640 
0 194 402 640 
0 195 403 640 
