














388 405 
378 406 
372 407 
368 408 
366 408 
363 409 
361 411 
358 412 
356 413 
354 413 
353 414 
351 414 
350 414 
349 413 
348 414 
347 414 
346 414 
280 298 331 341 346 414 
274 304 325 344 346 414 
270 307 322 414 
266 309 320 413 
263 310 318 413 
260 311 317 413 
258 312 316 414 
255 312 315 414 
253 313 315 414 
250 414 
248 414 
246 414 
246 414 
245 413 
244 413 
244 413 
244 414 
244 414 
243 414 
243 414 
243 414 
243 414 
243 414 
243 414 
243 414 
244 414 
245 414 
246 414 
246 414 
247 414 
247 414 
248 414 
248 414 
249 413 
250 413 
250 412 
251 412 
251 413 
252 412 
252 411 
253 411 
253 412 
254 412 
254 411 
255 411 
255 410 
256 391 393 410 
256 391 399 409 
257 392 
257 392 
258 392 
258 393 
259 394 
260 394 
260 395 
261 396 
261 397 
262 397 
262 398 
262 399 
263 400 
264 400 
265 401 
266 402 
266 402 
267 403 
269 273 277 404 
277 404 
276 405 
276 405 
276 406 
276 406 
276 407 
276 407 
276 408 
276 407 
276 407 
276 406 
276 406 
277 405 
277 404 
277 402 
278 394 398 399 
278 392 
278 392 
279 392 
279 392 
280 392 
280 393 
281 393 
282 393 
282 393 
282 393 
283 393 
284 394 
284 394 
284 394 
285 394 
285 394 
285 395 
285 395 
285 395 
285 395 
284 395 
284 395 
284 396 
283 396 
281 396 
280 397 
281 397 
281 397 
281 397 
281 397 
281 393 394 398 
281 393 395 398 
281 394 395 398 
281 394 396 399 
281 394 396 399 
281 394 397 399 
281 395 397 399 
281 395 398 399 
281 395 399 400 
281 395 
281 395 
281 396 
281 396 
281 397 
281 397 
281 295 296 397 
281 295 296 398 
281 398 
280 398 
280 398 
280 399 
280 399 
280 399 
280 400 
280 400 
280 401 
279 397 398 401 
279 397 398 402 
280 397 399 402 
283 398 399 402 
283 386 388 398 400 401 
283 292 293 386 388 398 400 401 
283 292 294 387 389 398 400 401 
283 292 293 387 389 398 
283 399 
283 399 
284 399 
284 399 
284 399 
284 400 
284 400 
284 400 
284 401 
284 401 
284 402 
283 403 
282 404 
282 405 
281 405 
280 406 
280 406 
280 406 
279 407 
279 407 
278 407 
278 408 
278 408 
277 408 
277 408 
277 408 
277 408 
277 408 
276 408 
276 409 
276 409 
276 409 
276 409 
275 409 
275 409 
274 410 
274 410 
274 410 
274 410 
273 410 
272 410 
271 411 
270 411 
270 411 
269 412 
268 412 
266 412 
264 412 
262 412 
261 413 
260 413 
259 413 
258 413 
258 413 
257 414 
257 414 421 429 
257 415 417 429 
257 429 
257 429 
257 429 
257 428 
257 428 
257 427 
258 427 
258 427 
258 427 
258 426 
257 426 
257 425 
257 425 
256 424 
256 424 
255 424 
255 424 
254 424 
253 424 
254 424 
254 424 
253 425 
252 425 
251 426 
251 426 
250 427 
250 388 389 427 
250 387 389 427 
249 387 390 427 
249 387 390 428 
249 387 390 428 
249 386 390 428 
249 386 390 429 
248 386 390 429 
247 386 390 429 
247 386 391 430 
246 386 391 430 
246 386 391 430 
246 386 391 431 
246 385 391 431 
245 385 391 432 
245 385 391 432 
244 385 391 432 
244 386 391 432 
244 386 391 433 
243 386 391 433 
243 386 391 433 
242 386 392 433 
242 387 392 434 
242 387 392 434 
241 387 392 434 
241 387 392 434 
240 387 392 435 
240 387 392 435 
240 387 392 436 
239 388 392 436 
239 388 392 437 
239 388 393 437 
239 388 393 438 
238 388 393 438 
238 388 393 439 
237 388 393 439 
237 389 393 440 
237 389 393 440 
236 389 393 440 
236 389 393 441 
236 389 394 441 
236 389 394 442 
236 390 394 442 
235 390 394 443 
235 390 394 443 
235 390 394 444 
234 390 394 444 
234 390 394 445 
234 391 394 445 
233 391 395 446 
233 391 395 446 
233 391 395 446 
232 392 395 447 
232 392 395 447 
231 392 395 448 
230 393 395 448 
230 393 395 449 
229 393 395 449 
229 392 395 450 
228 392 396 450 
227 392 396 451 
227 392 396 451 
227 393 396 452 
227 394 396 452 
227 394 396 453 
227 395 396 453 
227 395 396 454 
227 395 396 454 
227 393 397 455 
227 392 397 455 
227 393 397 456 
227 393 397 456 
226 394 397 457 
227 395 397 457 
227 396 398 458 
227 397 398 458 
226 459 
225 459 
225 460 
226 460 
225 461 
224 461 
223 462 
223 462 
223 463 
223 463 
223 463 
223 464 
222 464 
222 465 
222 465 
221 466 
221 466 
221 466 
221 466 
221 466 
221 465 
221 465 
221 465 
221 464 
221 464 
221 464 
221 463 
222 463 
222 462 
223 462 
224 462 
225 462 
226 461 
227 461 
227 461 
228 461 
229 460 
230 460 
231 460 
233 460 
234 459 
235 459 
235 459 
235 459 
236 460 
236 460 
236 460 
236 460 
236 461 
236 461 
236 461 
236 461 
236 462 
236 462 
236 462 
237 462 
237 462 
237 462 
237 462 
237 462 
237 462 
237 462 
237 462 
237 462 
238 462 
238 462 
238 461 
238 461 
238 461 
238 460 
239 460 
239 460 
239 460 
239 460 
239 461 
240 461 
240 461 
240 461 
240 462 
240 462 
241 462 
241 462 
241 462 
241 270 271 462 
242 462 
242 269 270 462 
242 268 269 463 
243 268 269 463 
243 267 268 463 
244 266 268 463 
244 266 268 463 
245 265 267 463 
245 264 267 463 
246 264 266 463 
246 263 266 463 
247 262 266 463 
248 262 265 463 
249 262 265 464 
251 263 264 464 
252 464 
260 464 
260 464 
261 464 
256 258 261 464 
256 259 262 464 
256 259 261 464 
256 258 261 464 
260 464 
260 464 
260 464 
259 464 
259 464 
258 464 
258 464 
258 464 
257 464 
257 464 
256 464 
256 464 
255 464 
255 464 
254 464 
254 464 
254 463 
253 463 
253 463 
252 463 
252 440 441 462 
251 440 441 462 
251 440 442 461 
251 440 443 461 
250 440 443 460 
250 441 444 459 
249 441 445 459 
249 441 446 457 
248 442 446 456 
248 442 445 453 
247 442 445 450 
247 442 445 449 
247 443 444 448 450 452 
246 448 451 454 
246 449 451 454 
