205 640 
205 640 
205 640 
205 640 
205 640 
205 640 
205 640 
205 640 
205 640 
205 640 
205 640 
206 640 
206 640 
206 640 
206 640 
206 640 
206 640 
206 640 
206 640 
206 640 
206 640 
206 640 
206 640 
206 640 
206 640 
206 640 
206 640 
206 640 
206 640 
206 640 
206 640 
206 640 
206 640 
206 640 
206 640 
206 640 
206 640 
206 640 
206 640 
206 640 
206 640 
206 640 
206 640 
206 640 
205 640 
205 640 
205 640 
205 640 
205 640 
205 640 
205 640 
205 640 
205 640 
204 640 
204 640 
204 640 
204 640 
204 640 
203 640 
203 640 
203 640 
203 640 
203 640 
202 640 
202 640 
202 640 
202 640 
202 640 
201 640 
201 640 
200 640 
200 640 
200 640 
200 640 
200 640 
199 640 
199 640 
199 640 
199 640 
199 640 
198 640 
197 640 
197 640 
196 640 
196 640 
196 640 
195 640 
195 640 
195 640 
194 640 
194 640 
194 640 
193 640 
193 640 
193 640 
192 640 
191 640 
190 640 
190 640 
190 640 
190 640 
189 640 
188 640 
188 640 
188 402 409 640 
187 397 418 640 
186 392 423 640 
186 391 429 640 
185 390 443 640 
185 389 449 640 
184 389 452 640 
183 388 455 640 
183 388 460 640 
182 388 462 640 
182 388 463 640 
181 388 463 640 
180 388 463 640 
180 388 464 640 
179 389 464 640 
179 389 465 640 
177 390 467 640 
177 391 468 640 
176 392 469 640 
176 392 470 640 
175 393 470 640 
174 394 471 640 
173 395 472 640 
172 396 472 640 
172 397 473 640 
171 398 473 640 
170 399 474 640 
170 400 474 640 
169 401 474 640 
168 401 475 640 
167 400 475 640 
167 400 475 640 
166 399 475 640 
165 399 475 640 
164 399 476 640 
163 398 476 640 
162 398 476 640 
161 397 476 640 
160 397 476 640 
159 397 477 640 
158 397 477 640 
157 397 477 640 
156 397 477 640 
155 396 478 640 
154 396 478 640 
153 396 478 640 
151 396 478 640 
150 396 479 640 
149 396 479 640 
149 396 479 640 
147 396 479 640 
146 397 479 640 
144 397 480 640 
143 397 480 640 
142 398 480 640 
141 399 480 640 
139 400 480 640 
138 402 480 640 
136 404 481 640 
135 405 407 408 481 640 
133 409 482 640 
131 409 482 640 
130 410 483 640 
129 410 483 640 
128 411 483 640 
126 411 484 640 
124 412 485 640 
122 414 485 640 
120 415 485 640 
119 416 486 640 
117 417 486 640 
115 417 486 640 
113 418 487 640 
110 419 487 640 
108 420 487 640 
106 421 487 640 
103 422 487 640 
100 423 488 640 
98 424 488 640 
94 424 488 640 
92 425 488 640 
89 425 488 640 
86 425 427 429 488 640 
0 1 82 429 488 640 
0 6 79 429 489 640 
0 12 73 430 489 640 
0 17 65 431 489 640 
0 25 61 431 488 640 
0 34 51 431 488 640 
0 430 488 640 
0 424 488 640 
0 420 488 640 
0 418 488 640 
0 416 488 640 
0 415 488 640 
0 414 488 640 
0 413 489 640 
0 412 488 640 
0 411 488 640 
0 411 488 640 
0 410 488 640 
0 410 488 640 
0 409 488 640 
0 408 488 640 
0 407 488 640 
0 407 488 640 
0 405 487 640 
0 405 487 640 
0 404 487 640 
0 403 487 640 
0 402 487 640 
0 400 487 640 
0 400 487 640 
0 399 487 640 
0 397 486 640 
0 396 486 640 
0 394 486 640 
0 393 486 640 
0 391 486 640 
0 390 486 640 
0 388 486 640 
0 387 486 640 
0 385 487 640 
0 384 487 640 
0 383 487 640 
0 383 488 640 
0 382 488 640 
0 381 489 640 
0 381 490 640 
0 382 491 640 
0 382 492 640 
0 383 493 640 
0 384 493 640 
0 385 494 640 
0 385 495 640 
0 385 495 640 
0 384 496 640 
0 382 497 640 
0 380 497 640 
0 379 497 640 
0 377 497 640 
0 378 496 640 
0 378 495 640 
0 379 495 640 
0 380 494 640 
0 357 366 380 493 640 
0 355 369 379 493 640 
0 353 371 378 493 640 
0 352 372 377 493 640 
0 349 375 377 494 640 
0 347 496 640 
0 345 496 640 
0 344 495 640 
0 343 401 404 494 640 
0 341 401 405 495 640 
0 340 401 406 495 640 
0 339 401 408 495 640 
0 338 393 394 401 409 493 640 
0 337 392 396 401 409 492 640 
0 336 392 397 401 409 492 640 
0 335 391 398 400 410 493 640 
0 336 355 359 390 410 493 640 
0 336 350 360 389 410 493 640 
0 336 347 362 388 410 494 640 
0 336 347 363 387 410 494 640 
0 336 347 364 387 410 495 640 
0 334 335 336 347 366 386 411 495 640 
0 334 335 336 347 367 385 411 495 640 
0 334 347 369 384 411 496 640 
0 334 347 370 382 411 496 640 
0 334 347 372 380 411 496 640 
0 335 348 375 378 411 496 640 
0 336 337 338 348 412 496 640 
0 339 349 412 497 640 
0 340 350 412 497 640 
0 340 350 412 497 640 
0 342 350 412 497 640 
0 343 350 413 497 640 
0 344 350 413 498 640 
0 347 350 413 498 640 
0 413 498 640 
0 413 497 640 
0 414 497 640 
0 414 497 640 
0 414 496 640 
0 414 496 640 
0 415 495 640 
0 415 495 640 
0 416 494 640 
0 417 494 640 
0 417 493 640 
0 417 492 640 
0 417 492 640 
0 417 491 640 
0 417 490 640 
0 417 489 640 
0 416 489 640 
0 416 488 640 
0 416 488 640 
0 416 488 640 
0 416 488 640 
0 415 488 640 
0 415 488 640 
0 415 488 640 
0 415 488 640 
0 415 488 640 
0 414 487 640 
0 414 487 640 
0 414 487 640 
0 414 487 640 
0 413 487 640 
0 413 487 640 
0 413 487 640 
0 413 487 640 
0 413 488 640 
0 412 488 640 
0 412 488 640 
0 412 488 640 
0 411 487 640 
0 411 487 640 
0 411 487 640 
0 411 487 640 
0 410 487 640 
0 410 487 640 
0 410 487 640 
0 410 487 640 
0 409 488 640 
0 409 488 640 
0 409 488 640 
0 409 489 640 
0 408 489 640 
0 408 490 640 
0 408 490 640 
0 407 490 640 
0 407 490 640 
0 407 491 640 
0 407 491 640 
0 406 491 640 
0 406 491 640 
0 406 492 640 
0 406 492 640 
0 405 492 640 
0 405 492 640 
0 405 492 640 
0 405 492 640 
0 404 493 640 
0 404 493 640 
0 404 493 640 
0 403 493 640 
0 403 493 640 
0 403 494 640 
0 403 494 640 
0 402 494 640 
0 402 494 640 
0 402 495 640 
0 402 495 640 
0 401 495 640 
0 401 495 640 
0 401 495 640 
0 400 496 640 
0 400 496 640 
0 400 496 640 
0 400 496 640 
0 399 496 640 
0 399 496 640 
0 399 497 640 
0 398 497 640 
0 398 497 640 
0 398 497 640 
0 397 497 640 
0 397 498 640 
0 397 498 640 
0 396 498 640 
0 396 498 640 
0 396 499 640 
0 395 499 640 
0 395 499 640 
0 395 499 640 
0 394 500 640 
0 394 500 640 
0 394 500 640 
0 393 500 640 
0 393 501 640 
0 392 501 640 
0 392 501 640 
0 392 502 640 
0 391 502 640 
0 391 502 640 
0 390 502 640 
0 390 503 640 
0 389 503 640 
0 389 503 640 
0 389 503 640 
0 388 504 640 
0 388 504 640 
0 387 504 640 
0 387 505 640 
0 386 505 640 
0 386 505 640 
0 385 505 640 
0 385 506 640 
0 384 506 640 
0 384 506 640 
0 384 507 640 
0 383 507 640 
0 383 507 640 
0 382 508 640 
0 382 508 640 
0 381 508 640 
0 381 509 640 
0 380 509 640 
0 380 509 640 
0 379 510 640 
0 379 510 640 
0 378 510 640 
0 378 511 640 
0 377 511 640 
0 377 511 640 
0 377 512 640 
0 376 512 640 
0 375 513 640 
0 375 513 640 
0 375 513 640 
0 374 514 640 
0 374 514 640 
0 373 514 640 
0 373 515 640 
0 373 515 640 
0 372 515 640 
0 372 516 640 
0 372 516 640 
0 371 516 640 
0 371 517 640 
0 370 517 640 
0 370 517 640 
0 370 518 640 
0 369 518 640 
0 369 519 640 
0 369 519 640 
0 368 519 640 
0 368 520 640 
0 368 520 640 
0 368 520 640 
0 367 521 640 
0 367 521 640 
0 367 521 640 
0 367 522 640 
0 366 522 640 
0 366 522 640 
0 366 523 640 
0 365 523 640 
0 365 523 640 
0 365 524 640 
0 365 524 640 
0 365 524 640 
0 364 525 640 
0 364 525 640 
0 364 525 640 
0 364 526 640 
0 364 526 640 
0 363 526 640 
0 363 527 640 
0 363 527 640 
0 363 527 640 
0 363 527 640 
0 363 528 640 
0 362 528 640 
0 362 528 640 
0 362 528 640 
0 362 529 640 
0 362 529 640 
0 362 529 640 
0 362 530 640 
0 362 530 640 
0 362 530 640 
0 362 530 640 
