


95 96 
93 101 
91 106 
88 111 
86 114 
84 118 
82 121 
80 124 
79 125 
78 126 
77 126 
77 127 
76 128 
76 128 
75 129 
75 129 
75 130 
75 130 
74 130 
74 130 
74 130 
73 131 
73 131 
73 132 
73 132 
73 133 
73 137 
74 140 
74 143 
74 145 
74 146 
75 150 
75 151 
75 152 
75 153 
73 154 
72 155 
70 156 
69 158 
67 159 
66 160 
65 161 
63 162 
61 163 
60 163 
59 164 
58 165 
57 166 
57 167 
56 168 
55 168 
54 169 
53 170 
52 171 
52 171 
51 172 
50 173 
50 173 
49 174 
48 175 
47 176 
47 176 
46 177 
45 178 
45 179 
44 179 
43 180 
43 181 
42 182 
42 182 
42 183 
41 184 
41 184 
40 185 
40 185 
40 186 
39 186 
39 187 
38 188 
38 188 
38 189 
38 189 
37 190 
37 190 
37 191 
37 191 
37 192 
36 192 
36 192 
36 193 
36 193 
35 193 
35 194 
35 194 
35 194 
35 195 
35 195 
35 195 
35 196 
35 196 
35 196 
35 197 
35 197 
35 197 
35 198 
36 198 
36 198 
36 199 
37 199 
37 199 
38 200 
38 200 
39 200 
39 201 
40 201 
40 202 
42 202 
42 202 
43 203 
43 203 
44 203 
45 203 
46 204 
46 204 
47 204 
48 204 
48 205 
49 205 
49 205 
50 206 
50 64 65 206 
50 64 66 207 
51 56 58 65 66 207 
52 56 59 65 67 208 
52 56 61 66 68 208 
53 56 62 67 68 209 
53 57 63 67 69 209 
55 57 64 68 70 209 
65 69 70 210 
65 69 71 210 
67 70 71 211 
68 211 
69 211 
70 212 
71 212 
70 208 209 213 227 230 
70 208 210 213 227 232 
69 208 212 213 227 233 
68 208 227 235 
67 209 227 237 
66 209 227 238 241 243 
66 209 227 244 
67 209 227 245 
67 209 227 246 
68 210 227 247 
69 210 227 248 
69 210 227 249 
70 211 226 251 
70 211 226 253 
72 212 225 254 
73 212 225 256 
75 213 224 258 
76 213 224 260 
76 214 224 262 
76 215 223 264 
76 215 222 266 
76 216 222 268 
77 209 211 217 221 271 
77 195 196 209 213 217 220 273 
77 195 197 209 215 217 220 275 
77 195 198 209 219 278 
78 195 198 210 218 281 
80 195 199 210 218 284 
80 85 86 195 200 210 217 286 
80 85 86 195 201 210 216 289 
81 84 86 195 201 210 215 293 
81 84 87 196 201 210 215 297 394 399 
82 84 87 196 202 210 214 302 379 408 
82 83 87 196 202 210 213 307 369 414 
88 195 202 209 212 315 357 419 
88 89 90 195 202 209 212 422 
90 195 203 209 211 425 
91 112 114 195 203 427 
91 111 114 195 203 429 
92 95 96 108 113 194 204 430 
0 3 91 94 97 106 112 194 206 432 
0 5 92 93 111 194 206 433 
0 7 109 194 205 435 
0 9 108 194 205 436 
0 10 106 194 204 438 
0 12 105 194 204 439 
0 33 104 194 203 440 
0 77 103 181 182 189 191 194 201 442 
0 77 102 181 183 189 191 194 200 443 
0 76 100 181 184 188 191 194 199 444 
0 73 99 181 186 188 191 194 198 445 
0 73 98 181 191 194 197 446 
0 78 97 181 191 194 195 447 
0 83 96 163 164 181 192 449 
0 83 95 163 166 182 192 450 
0 82 94 164 167 182 192 451 
0 76 92 164 168 171 172 182 190 452 
0 65 90 165 168 170 172 182 189 454 
0 53 88 165 168 170 172 182 187 454 
0 40 86 166 169 170 172 182 186 456 
0 28 85 166 172 182 185 457 
0 26 82 166 171 182 184 458 
0 26 81 167 171 459 
0 27 79 167 171 460 
0 27 77 167 171 461 
0 28 76 167 171 462 
0 28 75 168 171 464 
0 29 74 168 171 465 
0 29 72 168 171 466 
0 29 71 168 170 467 
0 30 70 468 
0 30 69 469 
0 31 68 471 
0 31 67 472 
0 32 67 473 
0 32 67 475 
0 32 66 476 
0 32 66 477 
0 33 65 478 
0 33 65 479 
0 33 64 480 
0 33 63 481 
0 34 62 483 
0 34 61 483 
0 34 60 484 
0 35 60 486 
0 35 59 487 
0 35 58 488 
0 36 58 489 
0 36 56 490 
1 36 56 491 
2 37 56 493 
3 37 55 494 
3 38 55 494 
4 38 55 495 
5 38 54 497 
6 39 54 498 
7 39 54 499 
8 39 54 500 
8 40 54 501 
9 40 54 502 
9 41 54 503 
10 41 54 504 
10 42 54 505 
10 43 54 506 
10 43 54 507 
10 44 55 508 
10 44 55 510 
10 45 55 511 
10 46 54 512 
10 46 53 513 
10 47 53 514 
0 2 10 47 52 515 
0 2 10 48 51 516 
0 2 10 48 50 517 
0 3 10 49 50 518 
0 3 11 519 
0 4 11 520 
0 4 11 521 
0 5 12 522 
0 5 12 523 
0 6 12 524 
0 6 12 525 
0 7 13 526 
0 7 13 527 
0 7 13 528 
0 7 14 529 
0 7 14 530 
0 7 14 531 
0 7 15 532 
0 3 15 533 
15 534 
16 535 
16 536 
16 537 
17 538 
17 222 226 539 
17 221 227 540 
18 221 227 541 
18 222 227 542 
19 222 227 543 
19 219 227 544 
19 217 227 545 
20 218 227 546 
20 220 227 548 
20 220 228 549 
20 219 228 550 
21 209 210 214 228 551 
21 208 212 214 228 552 
21 206 228 554 
0 2 22 207 228 555 
0 3 22 207 228 556 
0 5 22 207 228 558 
0 6 23 196 197 198 199 201 228 558 
0 7 23 196 229 560 
0 9 23 197 229 560 
0 10 24 197 229 562 
0 11 24 198 229 563 
0 13 24 198 230 231 232 564 
0 14 25 178 184 200 232 236 237 565 
0 15 25 179 193 200 232 236 238 566 
0 16 25 179 232 235 238 568 
0 18 26 180 232 235 238 569 
0 19 26 180 233 234 238 570 
0 20 26 181 239 247 249 571 
0 21 27 173 178 181 239 247 249 573 
0 23 27 174 239 247 249 574 
0 24 27 163 169 173 239 247 249 575 
0 25 28 162 240 246 249 576 
0 26 28 162 242 246 252 578 
0 161 243 246 252 579 
0 161 183 188 243 246 253 581 
0 161 182 190 243 245 253 582 
0 161 181 191 244 245 255 584 
0 161 181 193 255 565 566 585 
0 160 180 194 255 566 567 587 
0 160 180 195 255 566 569 588 
0 160 180 196 255 567 570 590 
0 160 180 197 255 568 572 592 
0 159 179 198 255 569 574 593 
0 159 179 199 255 570 576 594 
0 159 179 199 255 570 578 596 
0 159 179 199 255 571 580 597 
0 159 179 199 255 572 582 598 
0 159 178 199 255 573 585 600 
0 158 178 199 255 574 588 601 
0 158 178 199 255 575 592 603 
0 158 178 199 255 576 596 604 
0 158 177 198 255 576 599 605 
0 158 177 198 255 577 602 605 
0 158 177 197 255 578 
0 157 177 197 255 579 
0 157 176 196 254 579 
0 157 176 196 254 580 
0 157 176 195 254 505 507 568 569 581 
0 157 176 195 254 505 507 568 570 581 
0 157 175 194 255 505 508 538 539 568 572 582 
0 156 175 194 255 505 509 538 540 568 574 583 
0 156 174 193 258 484 485 505 509 538 541 569 575 583 
0 156 174 193 258 483 486 505 510 538 541 569 577 584 
0 156 174 192 259 260 261 484 486 505 510 523 524 538 543 558 559 570 578 585 
1 156 174 192 261 483 488 492 493 505 510 522 524 539 544 552 555 558 561 570 580 585 
2 156 173 192 261 480 489 492 494 505 511 521 525 539 545 552 562 571 583 585 
3 155 172 191 261 480 494 505 513 515 517 521 525 539 546 553 564 572 
4 155 172 191 261 481 496 505 514 515 518 520 526 539 547 553 566 572 
5 155 172 190 261 481 497 505 526 531 533 539 548 553 568 573 
5 155 172 190 261 481 500 505 527 531 533 539 548 553 569 573 
6 155 171 190 261 482 502 505 528 531 534 539 551 553 
7 154 171 189 261 482 503 505 530 532 537 539 
8 154 171 189 262 483 531 532 537 539 
9 154 171 189 262 483 
10 154 170 188 262 484 
11 154 170 188 262 484 
12 154 170 187 262 485 
13 154 169 187 262 485 
14 154 169 187 262 486 
15 154 169 186 261 486 
16 154 168 186 261 486 
17 154 168 186 262 487 
18 154 167 185 262 264 265 487 
19 154 167 185 262 264 265 269 270 488 
20 154 167 185 265 269 270 488 
21 154 166 184 265 268 270 489 
21 154 166 184 265 268 270 489 
22 154 165 184 266 268 270 490 
23 154 165 183 266 267 270 490 
24 154 165 183 270 490 
25 155 164 183 270 491 
26 155 164 182 271 491 
27 156 163 182 271 492 
28 156 163 182 271 492 
29 157 162 181 271 493 
30 157 162 181 271 493 
31 157 161 181 271 494 
31 158 160 180 272 494 
32 158 160 180 272 494 
32 158 160 180 272 495 
32 180 272 495 
32 179 272 496 
31 179 273 274 275 496 
31 179 275 497 
31 179 275 497 
30 178 276 498 
29 178 277 498 
28 178 278 498 
25 178 278 499 
24 178 278 499 
23 177 277 291 292 500 
22 177 277 290 291 500 
21 177 277 290 291 501 
20 177 277 288 291 501 
19 177 277 287 291 502 
19 177 280 287 291 502 
19 177 281 286 291 502 
18 177 281 285 291 503 
19 177 281 285 291 503 
19 177 291 504 
19 177 290 504 
19 177 290 504 
19 185 292 505 
20 188 292 505 
21 190 293 506 
21 193 293 303 304 506 
22 195 293 302 304 506 
22 196 293 302 304 507 
22 198 292 301 304 507 
22 200 293 295 297 301 304 508 
22 201 293 295 297 300 305 508 
21 202 297 300 305 509 
21 204 297 300 305 509 
21 206 297 299 305 509 
21 207 296 299 305 510 
21 208 297 298 305 510 
21 209 304 511 
20 210 305 511 
20 211 305 511 
20 212 304 512 
20 213 304 512 
20 214 304 513 
20 215 304 513 
20 216 304 513 
20 217 304 514 
20 218 304 514 
20 218 304 515 
19 220 304 515 
19 220 304 515 
19 220 303 516 
19 220 303 516 
19 220 303 334 335 517 
19 220 302 334 335 338 339 517 
19 220 302 333 335 338 340 517 
18 219 302 333 335 338 340 518 
18 218 302 332 339 518 
18 218 301 332 339 519 
18 217 301 332 339 519 
18 216 301 331 339 519 
18 215 300 331 339 520 
17 214 300 330 340 520 
17 213 300 330 340 342 343 521 
17 212 299 330 340 342 343 521 
17 210 299 329 343 521 
17 181 182 209 299 329 343 522 
17 182 184 208 299 310 311 329 343 522 
16 182 187 206 301 308 311 328 343 523 
16 183 190 204 303 307 310 328 343 523 
16 183 303 306 310 328 343 523 
16 184 302 305 310 327 343 524 
16 185 310 327 343 524 
16 186 310 326 342 524 
15 187 311 326 343 525 
15 187 311 326 343 344 345 525 
15 189 312 325 345 525 
15 189 314 325 345 526 
15 190 314 325 345 526 
15 191 314 317 320 324 346 527 
15 191 315 317 321 324 346 527 
14 192 315 317 320 324 345 527 
14 192 320 323 345 528 
14 193 321 323 346 528 
14 194 321 323 345 528 
14 194 321 322 345 357 359 529 
14 195 347 348 350 356 359 529 
13 195 350 355 360 530 
13 196 350 354 360 530 
13 197 350 354 360 530 
13 197 350 353 360 531 
13 198 350 353 359 360 365 531 
13 198 365 532 
13 199 365 532 
13 199 365 532 
13 199 366 533 
13 199 366 533 
