0 640 
0 640 
0 640 
0 640 
0 640 
0 640 
0 640 
0 640 
0 640 
0 640 
0 640 
0 640 
0 640 
0 640 
0 640 
0 640 
0 640 
0 640 
0 640 
0 640 
0 640 
0 640 
0 640 
0 640 
0 640 
0 640 
0 640 
0 640 
0 640 
0 640 
0 640 
0 640 
0 640 
0 640 
0 640 
0 640 
0 640 
0 640 
0 640 
0 640 
0 640 
0 640 
0 640 
0 640 
0 640 
0 640 
0 640 
0 640 
0 640 
0 640 
0 640 
0 640 
0 640 
0 640 
0 640 
0 640 
0 640 
0 640 
0 640 
0 640 
0 640 
0 640 
0 640 
0 640 
0 640 
0 640 
0 640 
0 640 
0 640 
0 640 
0 640 
0 640 
0 640 
0 640 
0 640 
0 640 
0 640 
0 640 
0 640 
0 640 
0 640 
0 640 
0 640 
0 640 
0 640 
0 640 
0 640 
0 337 341 640 
0 337 343 640 
0 336 345 640 
0 336 346 640 
0 335 347 640 
0 335 348 640 
0 199 203 335 349 640 
0 197 205 334 350 640 
0 196 206 334 350 359 361 640 
0 195 208 333 350 357 362 640 
0 194 209 333 350 355 362 640 
0 193 210 318 326 332 349 354 362 640 
0 192 211 316 328 332 349 352 362 640 
0 190 212 315 330 331 363 640 
0 189 213 314 363 640 
0 188 213 313 363 640 
0 187 213 313 364 640 
0 186 214 313 368 370 377 640 
0 185 215 313 379 640 
0 184 215 313 380 640 
0 184 214 314 381 640 
0 183 213 314 381 640 
0 183 212 315 382 640 
0 183 211 315 383 640 
0 183 210 315 383 640 
0 183 210 315 384 640 
0 184 208 315 384 640 
0 184 205 315 385 640 
0 184 205 315 385 640 
0 184 206 314 386 640 
0 185 207 312 386 640 
0 185 208 310 386 640 
0 185 209 309 386 640 
0 186 209 307 387 640 
0 186 210 305 387 640 
0 186 210 304 387 640 
0 187 210 302 386 640 
0 187 211 301 386 640 
0 188 211 300 386 640 
0 188 211 299 386 640 
0 188 211 219 220 299 386 640 
0 189 211 217 221 298 386 640 
0 189 212 216 221 297 386 640 
0 190 220 297 386 640 
0 190 219 296 386 640 
0 190 218 295 387 640 
0 191 218 295 387 640 
0 191 217 295 388 640 
0 192 216 294 389 640 
0 191 215 293 389 640 
0 191 215 293 390 640 
0 190 214 293 390 640 
0 189 215 293 391 640 
0 189 218 292 392 640 
0 188 220 292 393 640 
0 187 221 223 226 292 394 640 
0 188 230 292 395 640 
0 188 233 292 396 640 
0 189 237 292 396 640 
0 188 238 292 396 640 
0 184 238 292 395 640 
0 185 192 194 238 292 395 640 
0 186 190 197 238 293 396 640 
0 198 236 293 396 640 
0 199 235 293 397 640 
0 200 235 293 397 640 
0 201 236 293 397 640 
0 202 237 293 397 640 
0 202 238 293 398 640 
0 203 239 292 398 640 
0 203 240 292 398 640 
0 204 241 294 398 640 
0 204 242 294 297 298 398 640 
0 205 244 295 297 299 398 640 
0 205 245 295 297 299 398 640 
0 205 246 295 297 299 398 640 
0 205 248 296 398 640 
0 205 249 296 398 640 
0 205 250 296 398 640 
0 205 251 297 300 302 398 640 
0 204 252 297 298 302 398 640 
0 204 254 302 398 640 
0 204 255 301 398 640 
0 205 257 301 397 640 
0 205 258 301 397 640 
0 206 259 301 397 640 
0 206 260 300 397 640 
0 207 262 300 396 640 
0 207 263 300 396 640 
0 209 217 219 264 300 396 640 
0 210 216 220 265 300 395 640 
0 211 215 221 266 300 395 640 
0 212 214 222 268 299 395 640 
0 223 269 299 395 640 
0 224 270 299 394 640 
0 226 271 299 394 640 
0 227 272 299 393 640 
0 228 273 299 393 640 
0 228 274 298 392 640 
0 230 274 298 392 640 
0 230 275 298 392 640 
0 231 277 298 392 640 
0 232 279 298 391 640 
0 234 283 297 391 640 
0 235 286 297 301 302 390 640 
0 236 289 296 300 303 390 640 
0 237 292 296 299 302 389 640 
0 238 298 302 389 640 
0 239 298 301 389 640 
0 240 388 640 
0 241 388 640 
0 242 388 640 
0 243 387 640 
0 245 387 640 
0 245 387 640 
0 247 387 640 
0 248 387 640 
0 248 387 640 
0 249 387 640 
0 250 387 640 
0 250 387 640 
0 249 387 640 
0 249 388 640 
0 248 388 640 
0 246 378 379 388 640 
0 245 377 379 389 640 
0 243 377 379 383 384 389 640 
0 242 377 379 383 386 390 640 
0 240 366 367 376 379 383 387 390 640 
0 238 366 368 376 379 381 389 390 640 
0 234 366 368 376 379 381 640 
0 236 269 273 366 368 376 378 380 640 
0 239 269 274 366 368 375 378 380 640 
0 240 269 275 366 368 375 378 380 640 
0 241 270 273 366 368 375 378 380 640 
0 242 366 368 375 378 379 640 
0 242 366 368 375 640 
0 242 366 368 374 640 
0 241 361 364 366 369 374 640 
0 241 361 365 368 370 372 640 
0 240 361 366 368 370 372 640 
0 240 361 370 372 640 
0 239 360 370 372 640 
0 239 360 370 371 640 
0 238 360 370 371 640 
0 238 356 358 360 369 371 640 
0 237 356 358 359 370 371 640 
0 237 355 640 
0 236 355 640 
0 236 355 640 
0 235 355 640 
0 235 356 640 
0 234 356 640 
0 234 357 640 
0 233 357 640 
0 233 357 640 
0 232 357 640 
0 232 357 640 
0 231 357 640 
0 231 356 640 
0 230 356 640 
0 230 356 640 
0 229 356 640 
0 229 356 640 
0 228 356 640 
0 228 355 640 
0 227 355 640 
0 227 355 640 
0 226 355 640 
0 226 355 640 
0 226 354 640 
0 225 354 640 
0 225 354 640 
0 224 353 640 
0 224 353 640 
0 223 353 640 
0 223 352 640 
0 223 352 640 
0 222 352 640 
0 222 351 640 
0 222 351 640 
0 221 351 640 
0 221 350 640 
0 222 263 265 350 640 
0 222 262 265 350 640 
0 223 260 265 349 640 
0 223 257 265 349 640 
0 224 255 264 348 640 
0 225 253 264 348 640 
0 225 251 263 347 640 
0 227 249 263 347 640 
0 228 246 263 347 640 
0 229 244 263 346 640 
0 231 239 263 346 640 
0 262 345 640 
0 262 345 640 
0 262 344 640 
0 262 344 640 
0 262 343 640 
0 261 343 640 
0 261 343 640 
0 261 342 640 
0 261 342 640 
0 260 341 640 
0 260 341 640 
0 260 340 640 
0 260 340 640 
0 260 339 640 
0 260 339 640 
0 260 338 640 
0 260 338 640 
0 259 337 640 
0 259 337 640 
0 259 336 640 
0 259 336 640 
0 259 336 640 
0 259 335 640 
0 259 335 640 
0 259 334 640 
0 259 334 640 
0 259 333 640 
0 259 333 640 
0 259 333 640 
0 259 332 640 
0 258 332 640 
0 258 331 640 
0 258 331 640 
0 258 331 640 
0 258 330 640 
0 258 330 640 
0 258 330 640 
0 258 329 640 
0 258 329 640 
0 258 329 640 
0 258 329 640 
0 258 329 640 
0 258 329 640 
0 258 330 640 
0 258 330 640 
0 258 331 640 
0 258 331 640 
0 258 337 640 
0 258 339 640 
0 258 341 640 
0 258 343 640 
0 258 344 640 
0 258 345 640 
0 258 347 640 
0 258 351 640 
0 258 353 640 
0 258 356 640 
0 258 358 640 
0 258 360 640 
0 258 362 640 
0 258 364 640 
0 258 365 640 
0 258 367 640 
0 257 369 640 
0 257 370 640 
0 257 371 640 
0 257 372 640 
0 257 372 640 
0 257 332 333 373 640 
0 257 332 334 373 640 
0 257 333 335 373 640 
0 257 333 335 374 640 
0 258 374 640 
0 257 375 640 
0 257 375 640 
0 258 375 640 
0 259 375 640 
0 260 376 640 
0 262 376 640 
0 263 376 640 
0 263 377 640 
0 263 377 640 
0 263 378 640 
0 263 378 640 
0 263 379 640 
0 263 380 640 
0 263 380 640 
0 263 381 640 
0 263 381 640 
0 263 382 640 
0 263 382 640 
0 262 382 640 
0 262 383 640 
0 262 383 640 
0 262 383 640 
0 262 383 640 
0 262 383 640 
0 262 383 640 
0 262 383 640 
0 262 383 640 
0 262 383 640 
0 262 383 640 
0 262 383 640 
0 262 382 640 
0 262 382 640 
0 262 382 640 
0 262 382 640 
0 262 381 640 
0 263 381 640 
0 263 381 640 
0 263 381 640 
0 263 380 640 
0 263 380 640 
0 263 379 640 
0 263 379 640 
0 263 378 640 
0 263 378 640 
0 263 377 640 
0 263 376 640 
0 263 375 640 
0 263 375 640 
0 263 375 640 
0 263 376 640 
0 263 376 640 
0 263 376 640 
0 263 377 640 
0 263 377 640 
0 263 377 640 
0 263 377 640 
0 263 378 640 
0 263 378 640 
0 263 378 640 
0 263 379 640 
0 263 379 640 
0 263 380 640 
0 263 380 640 
0 263 380 640 
0 263 381 640 
0 263 381 640 
0 263 381 640 
0 263 381 640 
0 263 382 640 
0 263 382 640 
0 263 382 640 
0 263 382 640 
0 263 383 640 
0 263 383 640 
0 263 383 640 
0 263 384 640 
0 263 384 640 
0 262 385 640 
0 263 385 640 
0 263 385 640 
0 263 386 640 
0 263 386 640 
0 263 386 640 
0 263 386 640 
0 263 387 640 
0 263 387 640 
0 263 387 640 
0 263 388 640 
0 263 388 640 
0 263 388 640 
0 263 389 640 
0 263 389 640 
0 263 390 640 
0 263 390 640 
0 263 390 640 
0 263 390 640 
0 264 391 640 
0 264 391 640 
0 264 391 640 
0 264 392 640 
0 264 392 640 
0 264 392 640 
0 264 393 640 
0 264 393 640 
0 264 393 640 
0 264 394 640 
0 264 394 640 
0 264 394 640 
0 265 395 640 
0 265 395 640 
0 265 395 640 
0 265 395 640 
0 265 396 640 
0 265 396 640 
0 266 396 640 
0 266 397 640 
0 266 397 640 
0 267 397 640 
0 267 397 640 
0 267 398 640 
0 268 398 640 
0 268 398 640 
0 269 399 640 
0 270 399 640 
0 270 399 640 
0 270 399 640 
