0 640 
0 640 
0 640 
0 640 
0 640 
0 640 
0 640 
0 640 
0 640 
0 640 
0 640 
0 640 
0 640 
0 640 
0 640 
0 640 
0 640 
0 640 
0 640 
0 640 
0 640 
0 640 
0 640 
0 640 
0 640 
0 640 
0 640 
0 640 
0 640 
0 640 
0 640 
0 640 
0 640 
0 640 
0 331 353 640 
0 288 310 326 357 640 
0 286 312 323 360 640 
0 282 364 640 
0 278 368 640 
0 275 370 640 
0 273 371 640 
0 272 373 640 
0 270 374 640 
0 269 376 640 
0 267 377 640 
0 266 378 640 
0 265 379 640 
0 263 380 640 
0 262 382 640 
0 262 382 640 
0 261 383 640 
0 260 384 640 
0 259 385 640 
0 259 386 640 
0 258 386 640 
0 257 387 640 
0 257 388 640 
0 256 388 640 
0 255 389 640 
0 255 390 640 
0 255 390 640 
0 254 391 640 
0 254 391 402 409 640 
0 254 391 400 412 640 
0 253 392 398 414 640 
0 253 392 397 416 640 
0 253 392 397 417 640 
0 252 393 396 419 640 
0 252 393 395 420 640 
0 252 394 395 421 640 
0 251 423 640 
0 251 424 640 
0 251 425 640 
0 250 426 640 
0 250 427 640 
0 250 428 640 
0 250 429 640 
0 250 430 640 
0 250 431 640 
0 249 432 640 
0 249 433 640 
0 249 434 640 
0 249 434 640 
0 249 435 640 
0 249 436 640 
0 249 436 640 
0 249 437 640 
0 249 437 640 
0 249 437 640 
0 249 438 640 
0 249 438 640 
0 249 439 640 
0 249 439 640 
0 249 439 640 
0 249 440 640 
0 249 440 640 
0 249 440 640 
0 249 440 640 
0 250 440 640 
0 250 440 640 
0 250 441 640 
0 250 441 640 
0 251 441 640 
0 251 441 640 
0 252 441 640 
0 252 441 640 
0 252 441 640 
0 252 442 640 
0 252 442 640 
0 252 442 640 
0 252 442 640 
0 251 443 640 
0 251 443 640 
0 250 443 640 
0 250 444 640 
0 249 444 640 
0 249 445 640 
0 248 445 640 
0 247 445 640 
0 247 445 640 
0 246 444 640 
0 245 443 640 
0 244 441 640 
0 243 439 640 
0 242 439 640 
0 242 438 640 
0 241 398 399 438 640 
0 240 397 400 438 640 
0 239 397 401 437 640 
0 238 396 401 437 640 
0 237 396 401 436 640 
0 235 396 402 436 640 
0 234 395 402 435 640 
0 233 395 402 434 640 
0 231 394 402 434 640 
0 230 394 402 434 640 
0 229 393 402 434 640 
0 227 393 402 435 640 
0 227 392 402 435 640 
0 227 392 402 436 640 
0 228 392 402 436 640 
0 229 391 402 437 640 
0 230 252 254 391 402 437 640 
0 232 235 237 251 255 390 402 437 640 
0 239 251 256 390 402 437 640 
0 240 251 257 389 402 438 640 
0 242 250 257 389 402 438 640 
0 244 250 257 390 402 438 640 
0 257 390 402 438 640 
0 257 390 402 439 640 
0 257 390 402 439 640 
0 256 390 403 439 640 
0 255 391 403 440 640 
0 255 391 402 440 640 
0 254 392 402 440 640 
0 253 394 402 440 640 
0 253 395 402 441 640 
0 252 397 402 441 640 
0 251 399 402 441 640 
0 250 391 394 400 402 441 640 
0 249 256 257 392 402 441 640 
0 249 254 258 392 401 442 640 
0 248 252 258 392 401 442 640 
0 248 250 258 392 401 442 640 
0 258 393 401 442 640 
0 257 261 263 388 391 393 401 442 640 
0 257 261 264 381 384 389 392 393 401 442 640 
0 257 260 264 381 384 389 401 443 640 
0 257 260 264 380 385 389 401 443 640 
0 257 259 265 380 385 389 401 443 640 
0 257 259 265 269 270 375 377 379 386 389 401 443 640 
0 266 268 270 375 377 378 388 390 402 443 640 
0 267 268 270 374 389 390 402 444 640 
0 267 269 271 374 402 444 640 
0 268 269 271 374 402 444 640 
0 272 373 402 444 640 
0 272 373 402 404 405 445 640 
0 272 373 402 403 405 445 640 
0 272 373 402 404 406 445 640 
0 273 372 402 404 406 445 640 
0 273 356 358 372 402 404 406 446 640 
0 273 355 358 372 402 404 406 446 640 
0 273 280 281 354 357 371 402 405 407 446 640 
0 273 280 282 354 357 371 402 405 406 446 640 
0 274 280 282 290 293 353 357 371 402 444 640 
0 274 280 282 289 293 353 357 371 402 443 640 
0 274 280 282 289 294 352 357 370 403 444 640 
0 274 280 282 289 294 351 357 370 403 444 640 
0 274 280 283 289 294 350 357 361 362 370 403 444 640 
0 275 280 283 289 295 348 357 361 362 370 403 444 640 
0 275 280 283 289 295 296 298 347 357 361 362 365 368 370 404 444 640 
0 275 280 283 289 300 346 357 361 362 365 368 370 404 444 640 
0 275 279 283 289 301 345 357 360 362 365 368 370 404 444 640 
0 275 279 283 289 302 344 357 360 362 365 368 370 404 410 411 444 640 
0 275 279 283 289 302 344 357 360 362 365 368 370 405 410 411 444 640 
0 275 279 283 285 286 289 301 343 357 360 362 364 369 370 405 443 640 
0 275 279 283 285 286 289 301 343 357 360 362 364 406 443 640 
0 276 278 283 285 287 289 301 343 357 359 362 364 406 443 640 
0 276 278 283 285 287 289 302 343 357 359 362 363 407 442 640 
0 276 278 283 284 287 289 302 342 357 359 362 363 407 442 640 
0 276 278 287 288 302 342 357 359 362 363 408 442 640 
0 276 277 287 288 303 342 357 359 361 363 408 434 435 442 640 
0 287 288 303 342 357 358 361 362 408 434 435 442 640 
0 67 71 287 288 303 342 357 358 361 362 409 434 435 441 640 
0 65 73 303 342 409 433 435 441 640 
0 64 74 302 342 409 433 435 441 640 
0 62 76 301 343 409 433 435 440 640 
0 61 78 300 344 410 433 435 440 640 
0 60 80 299 345 410 433 435 440 640 
0 59 82 297 346 410 433 435 439 640 
0 58 84 295 348 410 433 436 439 640 
0 57 86 293 350 410 433 436 438 640 
0 56 88 291 352 411 433 436 438 640 
0 55 91 288 354 411 415 416 434 436 438 640 
0 54 93 285 356 411 415 417 434 436 437 640 
0 53 95 283 358 411 415 417 433 436 437 640 
0 52 98 281 360 412 415 417 433 435 437 640 
0 51 100 279 361 412 415 417 434 435 437 640 
0 50 102 277 364 412 415 417 434 435 436 571 577 640 
0 49 68 73 104 275 365 412 414 417 436 569 578 640 
0 47 66 74 106 274 366 412 414 418 435 567 580 640 
0 46 65 76 109 273 368 418 421 422 431 565 580 640 
0 45 64 78 110 272 369 418 421 423 431 562 582 640 
0 44 64 79 113 270 370 418 421 423 430 560 582 640 
0 43 63 81 115 269 372 418 421 423 430 558 584 640 
0 42 62 83 117 268 373 418 421 425 430 555 585 640 
0 41 61 84 119 267 374 419 421 425 430 553 585 640 
0 40 60 87 120 267 375 419 420 425 430 550 586 640 
0 39 59 89 122 266 375 425 430 548 587 640 
0 37 58 91 124 265 376 426 427 545 588 640 
0 36 57 93 126 264 377 426 427 542 589 640 
0 35 57 96 128 264 377 540 590 640 
0 34 56 98 129 263 378 537 591 640 
0 32 55 98 131 262 379 535 570 573 592 640 
0 31 55 98 133 262 380 532 568 575 593 640 
0 30 56 97 134 261 381 530 566 576 594 640 
0 29 57 97 110 113 136 260 381 528 564 576 595 640 
0 27 58 97 110 115 138 260 382 526 562 577 596 640 
0 26 59 97 111 118 139 259 383 523 560 578 597 640 
0 24 59 97 113 120 141 258 384 521 558 579 597 640 
0 23 58 97 115 122 143 257 385 519 556 580 598 640 
0 22 58 96 115 125 145 257 385 518 554 580 599 640 
0 20 59 96 116 127 146 256 386 515 551 581 600 640 
0 19 61 95 117 128 148 255 387 513 548 582 601 640 
0 17 44 47 63 94 117 130 150 254 388 511 546 583 602 640 
0 16 43 48 65 94 118 132 152 253 388 509 544 584 604 640 
0 14 42 48 66 94 119 133 154 252 389 507 544 584 605 640 
0 12 41 47 66 94 119 135 156 252 390 506 545 585 606 640 
0 11 40 46 67 93 120 136 158 220 223 251 391 504 528 532 545 586 607 640 
0 9 39 45 68 93 121 137 161 217 227 250 392 502 526 532 545 586 608 640 
0 7 38 45 69 93 121 139 163 213 230 249 392 500 523 531 545 585 610 640 
0 6 36 44 69 93 122 140 166 209 232 249 393 498 520 529 544 583 611 640 
0 4 35 44 70 93 123 142 170 205 235 248 394 496 518 527 544 582 612 640 
0 3 34 44 71 93 123 143 174 198 240 247 395 494 516 527 545 582 613 640 
0 1 33 44 72 93 124 144 245 246 396 419 423 492 514 526 546 582 614 640 
31 44 72 92 125 146 396 415 426 489 512 525 546 582 615 640 
30 44 73 92 125 147 397 412 428 487 510 524 547 581 616 640 
28 44 74 92 125 148 398 408 431 485 508 524 547 580 618 640 
27 43 75 92 125 149 399 401 435 482 506 523 547 577 619 640 
26 43 75 92 125 149 439 479 505 522 547 575 593 595 620 640 
24 43 76 92 125 148 444 475 503 521 547 574 591 596 622 640 
22 43 76 92 125 148 448 471 502 521 548 573 592 597 623 640 
21 43 76 92 125 149 181 184 500 520 548 572 592 598 624 640 
19 43 76 92 125 150 165 167 172 195 499 519 548 572 593 599 626 640 
17 42 76 92 125 150 163 199 216 222 223 224 497 518 548 571 594 600 627 640 
16 42 76 92 125 149 165 200 212 231 496 518 548 570 594 601 628 640 
14 42 76 93 125 148 166 201 212 238 494 517 548 569 595 602 630 640 
12 42 76 93 125 147 166 201 211 238 493 517 548 568 595 603 631 640 
11 42 76 94 125 146 167 200 212 238 493 517 548 567 595 604 633 640 
12 42 76 94 125 146 168 199 214 237 493 517 549 566 595 605 634 640 
12 43 77 95 125 145 168 198 215 237 418 424 493 517 549 565 595 607 636 640 
12 43 77 95 125 145 169 197 216 237 406 429 442 466 492 517 549 565 595 608 637 640 
11 44 77 96 125 145 169 196 217 237 406 430 442 473 476 478 492 517 549 564 595 609 638 640 
12 44 77 96 125 144 170 196 217 237 407 430 441 478 492 517 550 563 595 611 
14 45 77 97 125 144 171 195 218 237 407 429 441 477 492 517 550 563 595 612 
16 45 77 97 125 144 171 195 218 237 407 428 441 476 493 517 550 563 595 613 
17 46 77 98 125 144 172 194 218 238 407 427 442 475 494 517 549 563 595 614 
18 46 77 98 125 144 172 194 219 238 407 426 443 474 494 517 548 563 595 616 
19 47 77 99 125 144 173 194 219 239 407 425 445 474 495 517 548 562 596 617 
20 47 77 99 125 143 173 194 220 240 406 424 445 473 496 516 547 562 596 619 
21 48 77 100 125 143 174 193 220 241 406 424 446 472 496 516 547 562 596 620 
21 49 77 100 125 143 174 193 220 242 405 423 446 472 496 517 546 562 596 622 
22 49 77 101 125 143 175 192 221 242 404 423 446 471 496 516 546 562 596 624 
23 50 77 101 125 143 175 192 221 241 403 422 447 470 496 516 545 562 596 625 
24 50 77 102 125 143 175 192 222 240 402 422 447 470 496 516 544 562 596 627 
24 51 77 102 125 142 175 191 222 239 401 421 447 469 497 516 544 562 595 627 
25 51 77 103 125 142 175 191 222 238 402 420 448 468 497 516 543 562 594 627 
26 52 77 103 125 142 175 191 222 237 403 420 448 467 497 516 543 562 593 627 
27 52 77 104 125 142 175 190 223 235 403 419 448 467 497 516 542 562 593 627 
27 53 77 104 125 142 175 190 223 234 404 419 448 466 497 516 542 562 592 627 
28 53 77 105 125 143 175 190 223 234 405 419 449 466 497 516 541 561 591 625 
28 54 77 105 125 143 175 190 223 234 405 418 449 466 498 516 540 561 591 622 639 640 
28 54 77 106 125 143 175 190 222 235 407 418 450 466 498 516 540 561 590 620 638 640 
28 55 77 106 125 144 175 190 222 236 407 418 450 466 498 516 539 561 589 619 637 640 
28 55 77 107 125 144 175 191 222 237 408 417 450 466 498 516 539 561 589 618 637 640 
28 56 77 107 125 145 175 191 222 238 407 417 450 466 498 516 538 561 588 617 637 640 
28 57 77 108 125 145 175 191 222 240 407 417 450 466 498 516 537 561 587 616 638 640 
28 57 77 108 125 145 174 192 222 241 406 418 450 466 498 516 537 561 587 615 638 640 
28 58 77 109 125 146 174 192 222 242 405 418 450 466 498 516 536 561 586 614 
28 58 77 109 125 146 174 192 221 242 403 418 450 466 498 516 536 561 586 613 
28 59 77 110 125 147 174 192 221 242 401 418 449 466 497 516 535 560 585 611 
28 59 77 110 125 147 174 193 221 242 399 418 449 466 497 516 535 560 584 610 
28 60 77 111 125 148 174 193 221 242 399 418 448 466 496 515 534 560 583 609 
28 60 77 111 125 148 174 193 221 242 399 419 448 466 496 515 533 560 583 608 
28 61 77 112 125 148 174 193 220 241 399 419 447 466 495 515 533 560 582 607 
28 61 77 112 125 149 174 194 220 241 399 419 447 466 495 515 532 560 581 607 
28 62 77 113 125 149 173 194 220 240 399 419 447 466 494 515 531 560 581 607 
28 63 77 113 125 150 173 194 220 240 400 419 447 466 494 515 531 560 580 606 
28 63 77 114 125 150 173 194 219 240 400 419 446 466 493 515 530 560 579 606 
28 63 77 114 125 151 174 195 219 239 400 420 446 466 493 515 530 560 579 606 
28 64 77 115 125 151 174 195 219 239 401 420 445 466 492 515 529 560 578 606 
28 64 77 115 125 152 174 195 219 239 401 420 445 466 491 515 529 560 577 606 
0 1 28 65 77 116 125 152 173 195 218 238 401 420 445 466 491 515 528 559 577 605 
0 2 28 66 77 116 125 152 173 196 218 238 401 420 444 466 490 515 527 559 576 605 
0 2 28 66 77 117 125 153 173 196 218 238 402 421 444 466 490 515 527 559 575 605 
0 3 28 67 77 117 125 153 173 196 218 238 402 421 444 466 489 515 526 559 575 605 
0 3 28 67 77 118 125 154 173 196 218 237 402 421 443 466 489 515 526 559 574 605 
0 3 28 68 77 118 125 154 173 197 217 237 402 421 443 466 488 515 525 559 574 605 
0 4 28 68 77 119 125 154 173 197 217 237 402 421 443 466 488 515 525 559 573 605 639 640 
0 4 28 69 77 119 125 155 173 197 217 237 402 422 442 466 487 515 524 559 572 604 638 640 
0 5 28 69 77 120 125 155 173 197 217 236 403 422 442 467 487 515 523 559 572 604 637 640 
0 5 28 70 77 121 125 156 173 198 217 236 403 422 441 466 486 515 523 559 571 604 637 640 
0 6 28 70 77 121 124 156 173 198 217 235 403 422 441 466 486 515 522 559 570 604 636 640 
0 7 28 71 77 122 124 157 173 198 216 235 403 422 441 466 485 515 522 559 570 604 635 640 
0 7 28 71 77 157 173 198 216 235 403 422 440 466 485 515 521 559 569 604 634 640 
0 8 28 72 77 158 173 199 216 235 403 422 440 466 484 515 521 558 568 603 633 640 
0 8 28 73 77 158 173 199 216 234 404 423 440 466 483 515 520 558 568 603 633 640 
0 9 28 74 77 158 173 199 216 234 404 423 439 466 483 515 519 558 567 603 632 640 
0 9 28 75 76 159 172 199 215 234 404 423 439 466 482 515 519 558 566 603 631 640 
0 10 28 159 172 200 215 234 404 423 439 466 482 516 517 558 566 603 630 640 
0 10 28 160 172 200 215 234 405 423 438 466 481 558 565 603 630 640 
0 11 28 160 172 200 215 234 405 424 438 466 481 558 564 602 629 640 
0 11 28 160 172 200 215 233 405 424 437 466 480 558 564 602 628 640 
0 12 28 161 172 201 215 233 405 424 437 466 480 558 563 602 627 640 
0 13 28 161 172 201 214 233 405 424 437 466 479 558 562 602 626 640 
0 13 28 162 172 201 214 233 405 424 436 466 479 558 561 602 626 640 
0 14 28 162 172 201 214 233 405 424 436 466 478 559 560 602 625 640 
0 14 28 163 172 202 213 233 264 265 405 424 436 466 478 602 624 640 
0 15 28 163 172 202 213 233 263 265 405 425 435 466 477 601 623 640 
0 15 28 163 172 202 213 232 263 265 405 425 435 466 477 601 622 640 
0 16 28 164 172 202 213 232 262 265 405 425 435 466 476 601 622 640 
0 17 28 164 172 203 213 232 262 265 375 376 405 425 434 466 476 601 621 640 
0 17 28 165 172 203 212 232 262 265 374 376 405 425 434 466 475 601 620 640 
0 17 28 165 172 203 212 232 261 265 374 377 405 425 434 466 475 600 619 640 
0 18 28 165 171 203 212 231 261 265 374 377 404 426 433 466 474 600 618 640 
0 18 28 166 171 204 212 229 260 265 374 377 406 426 433 466 473 600 618 640 
0 19 28 166 171 204 212 227 260 265 374 378 408 426 432 467 473 600 617 640 
0 20 28 167 171 204 212 226 260 265 374 378 409 426 432 467 472 600 616 640 
0 20 28 167 171 204 211 224 259 265 373 378 411 426 432 467 472 600 615 640 
0 21 28 168 171 205 211 223 259 265 373 378 413 427 431 467 471 600 615 640 
0 21 28 169 170 205 211 221 258 265 373 379 415 427 431 468 470 599 614 640 
0 22 28 205 211 220 258 265 373 379 416 427 430 468 470 599 613 640 
0 23 28 205 211 219 257 265 373 379 418 428 429 599 612 640 
0 23 28 206 210 217 257 265 373 380 419 599 611 640 
0 24 28 206 210 216 257 265 373 380 421 599 611 640 
0 24 28 207 210 214 256 265 373 380 422 599 610 640 
0 25 28 208 209 213 256 265 373 381 424 598 609 640 
0 25 28 212 255 266 373 381 425 598 608 640 
0 26 28 211 255 266 373 382 426 598 607 640 
0 209 254 266 373 382 428 598 607 640 
0 208 254 265 373 383 429 598 606 640 
0 207 253 265 373 383 431 598 605 640 
0 206 252 265 373 384 432 598 604 640 
0 204 252 265 373 384 434 598 603 640 
0 203 251 265 373 385 436 597 603 640 
0 202 250 265 373 385 437 598 601 640 
0 201 249 265 373 386 438 598 600 640 
0 200 249 265 373 387 440 640 
0 198 248 265 373 388 441 640 
0 197 247 265 373 388 442 640 
0 196 246 265 374 389 444 640 
0 195 245 265 374 391 445 640 
0 193 244 265 374 392 447 640 
0 192 242 265 374 393 448 640 
0 191 241 265 374 395 450 640 
0 190 240 264 375 396 451 640 
0 188 238 264 375 398 453 640 
0 187 237 264 375 399 454 640 
0 186 236 264 375 401 455 640 
0 185 234 264 375 402 457 640 
0 183 233 264 375 404 458 640 
0 182 231 264 376 405 459 640 
0 181 230 264 376 407 461 640 
0 180 228 264 376 409 462 640 
0 179 227 263 376 411 464 640 
0 178 226 263 376 413 466 640 
0 176 224 263 376 414 468 476 488 640 
0 175 222 265 374 416 491 640 
0 174 221 265 374 418 495 640 
0 173 219 264 374 420 499 640 
0 171 218 264 374 421 503 640 
0 170 216 264 374 423 505 640 
0 139 150 169 215 264 374 425 507 640 
0 129 154 168 213 264 375 427 508 640 
0 126 157 167 212 265 375 429 510 640 
0 124 159 165 211 264 376 430 511 640 
0 123 160 163 209 264 376 432 511 640 
0 122 207 263 377 434 512 640 
0 121 205 263 377 436 512 640 
0 120 204 262 378 438 500 502 512 640 
0 120 202 262 378 439 499 503 511 640 
0 121 201 261 379 442 499 506 510 640 
0 122 128 133 199 261 379 443 499 640 
0 134 198 260 380 445 499 640 
0 134 196 260 380 447 500 640 
0 134 195 259 381 449 500 640 
0 133 193 259 381 451 501 640 
0 133 192 258 381 453 501 640 
0 132 190 258 382 455 502 640 
0 131 189 258 382 457 504 640 
0 129 187 257 383 460 506 640 
0 127 185 257 383 462 508 640 
0 124 184 256 384 466 510 640 
0 121 182 256 384 469 511 640 
0 118 181 255 385 471 513 640 
0 115 179 255 385 473 515 640 
0 113 177 254 386 475 517 640 
0 110 175 254 386 477 519 640 
0 75 84 104 173 254 386 479 521 640 
0 74 88 98 171 253 387 480 523 640 
0 74 169 253 387 482 526 640 
0 75 165 252 388 484 529 640 
0 76 161 252 388 485 533 640 
0 78 158 252 389 487 537 640 
0 79 156 251 389 488 543 640 
0 81 154 251 389 490 553 640 
0 83 151 250 390 491 554 640 
0 85 148 250 390 493 555 640 
0 86 146 249 390 495 554 640 
0 88 144 249 391 496 553 640 
0 91 142 249 391 498 552 640 
0 94 139 248 392 500 552 640 
0 97 137 248 392 502 551 640 
0 100 134 248 392 505 550 640 
0 101 132 248 393 507 549 640 
0 105 129 247 393 511 546 640 
0 113 126 247 393 516 543 640 
0 247 393 520 534 640 
0 246 394 524 526 640 
0 246 394 640 
0 245 395 640 
0 245 395 640 
0 245 395 640 
0 245 395 640 
0 244 396 640 
0 244 396 640 
0 244 396 640 
0 244 396 640 
0 243 397 640 
0 243 397 640 
0 243 397 640 
0 243 397 640 
0 242 398 640 
0 242 398 640 
0 242 398 640 
0 242 398 640 
0 241 399 640 
0 241 399 640 
0 241 399 640 
0 240 400 640 
0 240 400 640 
0 240 400 640 
0 240 400 640 
0 239 401 640 
0 239 401 640 
0 239 401 640 
0 239 401 640 
0 238 402 640 
0 238 402 640 
0 238 402 640 
0 238 402 640 
0 237 403 640 
0 237 403 640 
0 237 403 640 
0 236 404 640 
0 236 404 640 
0 235 405 640 
0 235 405 640 
0 235 405 640 
0 235 405 640 
