0 522 
0 522 
0 522 
0 522 
0 522 
0 522 
0 522 
0 522 
0 521 
0 521 
0 521 
0 521 
0 521 
0 521 
0 521 
0 521 
0 520 
0 520 
0 520 
0 520 
0 520 
0 520 
0 520 
0 520 
0 521 
0 521 
0 521 
0 521 
0 521 
0 521 
0 521 
0 521 
0 521 
0 521 
0 521 
0 521 
0 521 
0 521 
0 521 
0 521 
0 521 
0 521 
0 521 
0 521 
0 521 
0 521 
0 521 
0 521 
0 521 
0 522 
0 522 
0 522 
0 522 
0 522 
0 522 
0 523 
0 523 
0 523 
0 523 
0 523 
0 523 
0 524 
0 524 
0 524 
0 524 
0 525 
0 525 
0 525 
0 525 
0 525 
0 526 
0 526 
0 526 
0 526 
0 527 
0 527 
0 528 
0 528 
0 528 
0 528 
0 529 
0 529 
0 530 
0 530 
0 531 
0 531 
0 531 
0 531 
0 532 
0 532 
0 533 
0 533 
0 534 
0 534 
0 534 
0 535 
0 535 
0 536 
0 536 
0 537 
0 537 
0 538 
0 538 
0 539 
0 539 
0 539 
0 540 
0 541 
0 541 
0 542 
0 543 
0 543 
0 544 
0 544 
0 545 
0 546 
0 546 
0 547 
0 547 
0 548 
0 549 
0 550 
0 550 
0 551 
0 552 
0 553 
0 553 
0 554 
0 555 
0 555 
0 556 
0 557 
0 558 
0 559 
0 560 
0 560 
0 561 
0 562 
0 310 318 563 
0 306 321 564 
0 303 324 565 
0 300 326 566 
0 298 329 567 
0 296 331 568 
0 294 332 569 
0 292 334 570 
0 291 335 571 
0 290 336 572 
0 288 337 573 
0 287 338 574 
0 286 338 575 
0 285 339 576 
0 284 340 577 
0 283 341 578 
0 282 342 580 
0 281 343 581 
0 280 343 583 
0 279 344 584 
0 278 345 585 
0 277 346 586 
0 277 347 588 
0 276 347 589 
0 275 348 591 
0 275 348 592 
0 275 348 593 
0 274 349 595 
0 274 350 596 
0 274 350 598 
0 273 350 600 
0 273 351 600 
0 273 351 603 
0 273 351 605 
0 273 352 606 
0 273 352 608 
0 273 352 611 
0 272 353 613 
0 272 353 615 
0 272 353 616 
0 272 353 619 
0 272 354 621 
0 272 354 624 
0 272 354 626 
0 272 355 629 
0 272 355 632 
0 273 355 635 
0 273 355 638 
0 273 356 640 
0 273 356 640 
0 273 356 640 
0 276 357 640 
0 276 357 640 
0 277 357 640 
0 277 357 640 
0 278 358 640 
0 281 358 640 
0 282 358 640 
0 283 358 640 
0 284 285 286 358 640 
0 291 359 640 
0 292 359 640 
0 293 359 640 
0 292 359 640 
0 291 359 640 
0 291 360 640 
0 292 360 640 
0 295 360 640 
0 297 360 640 
0 297 360 640 
0 299 360 640 
0 300 360 640 
0 301 315 316 361 640 
0 302 314 317 361 640 
0 303 314 317 361 640 
0 303 314 317 361 640 
0 303 315 317 361 640 
0 304 315 317 361 640 
0 303 315 317 362 640 
0 303 315 317 362 640 
0 303 315 318 362 640 
0 303 316 317 362 640 
0 303 362 640 
0 303 363 640 
0 303 363 640 
0 303 363 640 
0 303 363 640 
0 303 364 640 
0 303 364 640 
0 303 364 640 
0 302 365 640 
0 302 365 640 
0 300 365 640 
0 298 365 640 
0 297 365 640 
0 297 366 640 
0 297 366 640 
0 298 366 640 
0 298 366 640 
0 297 367 640 
0 299 367 640 
0 299 367 640 
0 299 367 640 
0 298 368 640 
0 298 368 640 
0 297 368 640 
0 297 368 640 
0 296 369 640 
0 296 369 640 
0 295 369 640 
0 295 369 640 
0 294 369 640 
0 294 370 640 
0 294 370 640 
0 294 370 640 
0 294 370 640 
0 294 370 640 
0 293 370 640 
0 293 370 640 
0 293 371 640 
0 293 371 640 
0 292 371 640 
0 292 371 640 
0 291 371 640 
0 291 371 640 
0 291 371 640 
0 291 372 640 
0 290 372 640 
0 290 372 640 
0 290 372 640 
0 290 372 640 
0 290 372 640 
0 290 372 640 
0 290 372 640 
0 290 372 640 
0 290 372 640 
0 290 372 640 
0 290 372 640 
0 290 372 640 
0 290 372 640 
0 290 372 640 
0 290 372 640 
0 290 373 640 
0 290 373 640 
0 291 373 640 
0 291 373 640 
0 291 373 640 
0 292 373 640 
0 292 373 640 
0 292 374 640 
0 292 374 640 
0 293 374 640 
0 293 374 640 
0 293 374 640 
0 294 374 640 
0 294 375 640 
0 294 375 640 
0 295 375 640 
0 295 375 640 
0 295 375 640 
0 295 375 640 
0 295 375 640 
0 296 375 640 
0 296 376 640 
0 296 376 640 
0 296 376 640 
0 296 376 640 
0 296 376 640 
0 296 376 640 
0 296 376 640 
0 296 376 640 
0 296 376 640 
0 296 376 640 
0 296 376 640 
0 296 376 640 
0 296 377 640 
0 295 377 640 
0 295 377 640 
0 295 377 640 
0 295 377 640 
0 295 377 640 
0 295 377 640 
0 295 377 640 
0 295 377 640 
0 295 377 640 
0 295 377 640 
0 295 377 640 
0 294 377 640 
0 294 377 640 
0 294 377 640 
0 294 377 640 
0 294 377 640 
0 294 377 640 
0 294 377 640 
0 294 377 640 
0 294 377 640 
0 294 377 640 
0 293 377 640 
0 293 377 640 
0 293 377 640 
0 293 377 640 
0 293 377 640 
0 293 377 640 
0 293 377 640 
0 293 377 640 
0 293 377 640 
0 292 377 640 
0 292 377 640 
0 292 377 640 
0 292 377 640 
0 292 377 640 
0 292 377 640 
0 292 377 640 
0 292 377 640 
0 291 377 640 
0 291 377 640 
0 291 377 640 
0 291 377 640 
0 291 377 640 
0 291 377 640 
0 290 377 640 
0 290 377 640 
0 290 377 640 
0 289 377 640 
0 288 377 640 
0 288 377 640 
0 287 377 640 
0 287 377 640 
0 286 377 640 
0 286 377 640 
0 285 377 640 
0 285 377 640 
0 284 377 640 
0 283 377 640 
0 283 377 640 
0 283 377 640 
0 284 377 640 
0 285 377 640 
0 286 377 640 
0 281 377 640 
0 282 377 640 
0 283 377 640 
0 285 377 640 
0 285 377 640 
0 284 377 640 
0 284 377 640 
0 285 377 640 
0 287 377 640 
0 289 377 640 
0 291 376 640 
0 292 376 640 
0 293 377 640 
0 293 376 640 
0 293 376 640 
0 293 376 640 
0 293 376 640 
0 293 376 640 
0 293 376 640 
0 293 376 640 
0 293 376 640 
0 293 376 640 
0 293 376 640 
0 292 376 640 
0 292 376 640 
0 292 376 640 
0 292 376 640 
0 292 376 640 
0 292 376 640 
0 292 376 640 
0 292 376 640 
0 292 376 640 
0 292 376 640 
0 292 376 640 
0 291 376 640 
0 291 376 640 
0 291 377 640 
0 291 377 640 
0 291 377 640 
0 291 377 640 
0 291 378 640 
0 291 378 640 
0 291 378 640 
0 291 378 640 
0 291 378 640 
0 291 379 640 
0 291 379 640 
0 290 379 640 
0 290 379 640 
0 290 379 640 
0 290 380 640 
0 290 380 640 
0 290 380 640 
0 290 380 640 
0 290 380 640 
0 290 380 640 
0 290 381 640 
0 290 381 640 
0 290 381 640 
0 290 381 640 
0 290 381 640 
0 289 382 640 
0 289 382 640 
0 289 382 640 
0 289 382 640 
0 289 382 640 
0 289 383 640 
0 289 383 640 
0 289 383 640 
0 289 383 640 
0 289 384 640 
0 288 384 640 
0 288 384 640 
0 288 384 640 
0 288 385 640 
0 288 385 640 
0 288 385 640 
0 288 385 640 
0 288 385 640 
0 288 386 640 
0 288 386 640 
0 287 386 640 
0 287 386 640 
0 287 387 640 
0 287 387 640 
0 287 387 640 
0 287 387 640 
0 287 387 640 
0 287 388 640 
0 286 388 640 
0 286 388 640 
0 286 388 640 
0 286 389 640 
0 286 389 640 
0 286 389 640 
0 286 390 640 
0 285 390 640 
0 285 390 640 
0 285 390 640 
0 285 390 640 
0 285 391 640 
0 285 391 640 
0 285 391 640 
