575 593 
575 592 
560 564 574 592 
560 568 573 591 
559 570 571 590 
553 589 
551 588 
551 588 
553 586 
554 586 
555 591 
556 594 
555 595 
555 597 
553 604 
531 538 549 605 
529 540 545 606 
522 607 
520 608 
518 609 
516 610 
515 612 
514 613 617 620 
513 621 
512 622 
511 623 
510 623 
510 624 
509 625 
509 625 
508 626 
507 628 635 638 
506 629 630 638 
505 638 
504 637 
503 637 
502 637 
501 636 
500 636 
499 635 
495 635 
492 635 
491 634 
491 634 639 640 
492 634 638 640 
492 633 637 640 
492 632 637 640 
493 632 636 640 
495 632 635 640 
140 142 495 632 634 639 
140 143 495 631 633 639 
137 138 140 143 495 638 
129 130 137 138 140 143 495 638 
137 138 140 143 152 154 494 637 
137 144 151 154 494 637 
137 144 149 153 494 637 
126 127 129 132 137 144 148 153 493 636 
126 128 129 136 137 144 146 147 148 152 493 636 
126 135 136 144 147 152 492 636 
116 117 122 123 125 144 146 151 491 638 
117 118 124 144 146 150 491 638 
124 150 492 638 
119 120 125 149 493 638 
125 149 493 637 
124 149 494 636 
123 150 495 635 
123 151 156 159 496 635 
122 160 497 633 
122 159 497 633 
122 155 498 631 
120 152 499 630 
119 151 500 629 
116 151 500 628 
114 151 501 627 
121 150 502 626 
123 149 503 627 
124 149 503 628 
124 149 502 628 
123 150 502 629 
122 152 502 630 
120 153 501 630 
119 155 501 631 
118 155 501 631 
117 156 501 631 
117 157 501 632 
115 158 500 632 
114 159 500 633 
114 160 500 633 
113 162 500 634 
112 163 501 634 
111 164 499 500 501 634 
110 165 499 634 
109 166 499 635 
108 167 500 635 
106 107 108 168 500 635 
106 170 501 635 
105 171 501 636 
103 172 500 636 
103 173 500 636 
101 174 501 636 
101 175 501 636 
100 176 501 637 
99 177 502 637 
98 178 502 637 
97 178 181 182 503 637 
97 182 481 482 503 637 
95 182 191 192 477 479 481 484 503 638 
93 182 190 192 475 478 480 486 503 640 
92 183 189 192 470 472 478 487 503 640 
91 183 186 187 189 192 470 471 474 489 503 640 
83 86 88 183 188 191 473 490 503 640 
79 183 187 191 468 469 472 491 503 640 
77 184 185 192 467 469 471 492 503 640 
76 192 194 199 469 493 503 640 
75 199 466 467 469 495 503 638 
74 198 468 498 502 503 504 637 
73 197 468 500 501 502 504 636 
73 196 464 465 467 502 504 636 
72 73 74 196 467 635 
75 195 463 464 467 640 
75 76 77 194 463 464 466 640 
78 193 463 464 466 640 
79 193 462 464 465 640 
80 192 463 464 465 640 
81 192 463 635 
80 81 82 191 462 634 
81 82 83 191 463 633 
81 190 464 632 
82 83 84 189 464 632 
82 84 85 189 464 631 
85 189 464 631 
86 190 465 630 
87 191 465 630 
87 191 466 629 
88 192 466 629 
88 192 466 628 
87 193 466 627 
87 193 463 627 
88 193 347 350 351 356 457 626 
90 193 345 360 452 626 
89 194 342 361 446 625 
89 194 338 362 439 625 
89 194 332 363 432 624 
88 194 330 364 365 367 426 624 
88 194 329 367 420 623 
87 195 326 368 414 454 462 623 
87 195 325 368 408 448 460 622 
86 195 323 369 401 442 459 622 
88 195 322 369 395 437 458 621 
87 195 321 370 390 430 455 621 
87 195 320 370 383 423 448 620 
85 86 87 195 320 371 377 419 442 620 
87 195 319 413 435 619 
87 195 318 407 429 454 460 619 
87 195 318 400 424 448 460 619 
85 86 87 195 318 327 328 394 416 441 461 618 
85 86 87 195 317 327 329 389 410 436 461 618 
86 195 317 327 330 384 403 430 461 618 
86 195 317 325 330 381 396 423 461 618 
86 195 317 326 328 381 390 417 462 619 
87 195 316 382 386 410 461 621 
87 195 315 405 461 622 
86 195 313 399 461 624 
87 194 313 393 461 629 
88 194 313 387 462 632 
89 194 314 324 326 385 463 636 
89 195 315 322 327 385 465 637 
90 195 327 386 467 637 
91 196 327 386 469 637 
92 196 328 387 470 637 
94 196 328 387 468 637 
94 197 328 388 462 637 
96 197 329 388 459 637 
98 197 330 339 344 389 456 637 
99 197 345 390 454 637 
101 197 346 390 453 637 
101 197 345 391 451 638 
102 197 345 392 449 638 
102 197 344 392 446 638 
101 197 344 393 445 638 
100 197 344 394 443 638 
100 196 344 394 443 638 
99 196 345 395 441 638 
99 196 345 396 441 638 
98 191 192 196 346 397 440 638 
97 191 192 195 347 397 440 638 
96 190 192 195 347 398 441 638 
94 190 192 195 348 399 441 639 
94 189 191 194 348 400 440 639 
98 189 191 194 349 400 439 639 
97 188 191 194 350 401 437 640 
96 188 191 194 351 402 435 640 
96 187 192 193 352 402 433 640 
95 186 353 403 431 640 
95 185 354 404 429 640 
95 184 355 405 427 640 
95 184 356 405 426 640 
95 99 101 183 357 406 424 640 
94 98 101 182 357 407 422 640 
94 97 100 182 358 408 421 640 
94 96 100 180 359 409 419 640 
100 180 360 409 417 640 
61 65 99 179 361 410 415 640 
59 66 99 180 361 411 414 640 
47 49 58 67 98 180 362 640 
46 53 57 68 95 180 363 639 
44 68 92 185 363 639 
42 69 88 190 364 639 
40 72 83 193 364 638 
32 72 80 196 365 638 
29 72 77 199 366 638 
26 27 28 73 75 201 367 637 
25 203 367 637 
25 205 367 636 
25 26 27 207 368 636 
25 210 369 635 
24 212 370 634 
21 216 370 634 
19 220 370 633 
21 223 371 632 
17 18 21 224 372 631 
17 18 20 224 372 630 
17 18 20 224 373 479 484 629 
17 18 21 225 374 459 462 475 485 628 
17 18 21 225 374 456 465 467 485 626 
17 18 21 224 375 454 487 623 
21 224 375 453 488 622 
19 20 21 223 376 451 489 621 
19 21 22 223 376 449 490 620 
20 22 23 223 377 447 490 619 
21 223 377 444 490 618 
22 23 24 222 378 443 489 618 
24 222 378 441 489 617 
24 25 27 219 379 439 489 617 
28 217 379 437 488 616 
27 215 380 434 488 615 
24 25 27 214 381 433 487 615 
26 213 381 431 487 614 
0 1 25 212 382 429 487 614 
0 4 25 212 382 427 487 613 
0 7 23 212 383 424 487 613 
0 10 20 212 384 421 487 613 
0 212 384 419 487 612 
0 212 384 385 386 416 487 612 
0 212 386 413 486 612 
0 211 389 409 486 612 
0 211 395 407 486 612 
0 211 486 612 
0 211 486 612 
0 211 486 611 
0 211 486 611 
0 211 486 611 
0 210 485 611 
0 210 485 611 
0 210 485 611 
0 209 485 610 
0 209 486 610 
0 208 486 610 
0 208 486 610 
0 207 486 610 
0 206 486 610 
0 205 486 610 
0 205 486 609 
0 205 486 609 
0 206 486 609 
0 206 486 609 
0 206 486 609 
0 207 486 609 
0 207 486 609 
0 207 486 608 
0 207 486 608 
0 208 486 608 
0 208 486 608 
0 32 33 208 486 608 
0 31 34 101 104 208 486 608 
0 31 34 99 106 208 486 607 
0 31 35 36 39 98 107 209 486 607 
0 30 40 98 108 209 486 607 
0 30 37 38 40 97 111 209 486 607 
0 30 37 38 39 96 111 209 485 607 
0 30 39 95 111 209 486 607 
0 30 39 95 111 209 486 607 
0 30 40 94 111 210 486 607 
0 30 38 39 40 93 111 210 486 607 
0 30 40 92 111 210 486 608 
0 30 40 91 111 210 486 608 
0 29 39 90 110 210 487 608 
0 29 39 89 110 210 487 609 
0 29 39 88 113 210 487 609 
0 29 39 87 113 211 487 609 
0 28 38 86 112 211 487 609 
0 27 38 86 112 211 487 610 
0 27 38 85 113 212 487 610 
0 26 38 84 114 212 487 610 
0 25 38 83 114 212 487 611 
0 23 37 82 115 212 488 611 
0 20 37 81 115 213 487 611 
0 11 37 80 115 213 487 612 
0 9 37 79 115 213 488 612 
0 5 38 78 117 213 489 612 
38 77 117 213 489 612 
38 77 118 214 488 613 
38 76 119 214 488 613 
38 75 119 214 488 613 
37 74 120 215 489 613 
38 73 121 215 490 614 
39 72 121 215 490 614 
40 70 121 216 491 614 
41 69 123 216 491 614 
42 62 123 216 491 615 
45 55 123 217 492 615 
124 217 493 615 
124 218 493 614 
125 218 495 613 
125 218 495 611 
125 219 497 609 
126 219 497 607 
126 219 497 606 
126 220 498 605 
127 220 499 602 
127 220 499 600 
128 219 499 599 
128 218 498 599 
129 214 216 217 498 601 
130 214 498 602 
130 214 497 603 
130 213 497 604 
131 211 497 498 499 604 
131 210 499 605 
131 210 499 605 
131 211 498 605 
131 212 498 605 
131 212 497 604 
131 212 496 604 
131 212 495 604 
130 212 494 604 
130 212 494 604 
129 211 493 605 
128 211 492 606 
127 211 491 607 
127 212 491 607 
126 212 490 608 
125 213 489 608 
124 213 489 609 
123 214 488 610 
123 214 487 610 
122 215 487 611 
121 215 486 612 
121 215 486 612 
120 216 485 613 
119 216 485 613 
119 216 484 614 
118 217 484 614 
118 217 483 615 
117 217 483 615 
117 218 482 616 
116 218 482 616 
116 218 481 616 
115 218 481 617 
115 219 481 617 
115 219 480 618 
114 219 480 618 
113 219 480 618 
113 219 479 619 
112 219 479 619 
112 219 479 619 
111 220 478 620 
111 220 478 620 
110 220 478 620 
110 220 478 620 
109 220 477 621 
109 220 477 621 
108 220 477 621 
108 220 476 622 
107 220 476 622 
107 220 475 622 
106 220 475 622 
106 220 475 623 
106 220 475 623 
105 220 474 623 
105 220 474 623 
104 220 474 623 
104 220 473 624 
103 220 473 624 
103 220 473 624 
102 220 472 624 
102 220 472 625 
101 220 472 625 
101 220 472 625 
101 220 471 625 
100 220 471 625 
99 220 471 626 
99 220 470 626 
99 220 470 626 
98 220 470 627 
97 220 470 627 
97 220 469 627 
96 220 469 627 
96 220 468 627 
96 220 468 628 
95 220 468 628 
94 220 468 628 
94 220 467 628 
93 220 467 629 
93 220 466 629 
92 220 466 629 
92 220 466 629 
92 220 466 629 
91 220 465 630 
90 220 465 630 
90 220 464 630 
89 220 464 630 
89 220 464 630 
89 220 463 631 
88 220 463 631 
88 219 463 631 
87 219 463 632 
87 219 462 632 
86 219 462 632 
86 219 461 632 
85 219 461 632 
85 219 461 632 
84 219 460 633 
84 219 460 633 
83 219 460 633 
83 219 460 633 
82 219 459 634 
81 219 459 634 
81 219 458 634 
81 219 458 634 
80 219 457 634 
80 219 457 635 
79 219 457 635 
79 219 456 635 
78 219 456 635 
78 219 456 636 
77 219 455 636 
77 219 455 636 
76 219 454 637 
76 219 454 637 
75 219 453 637 
75 219 453 637 
75 219 453 637 
74 219 452 638 
74 219 452 638 
73 219 451 638 
73 219 451 638 
72 219 450 638 
71 219 450 638 
71 219 450 639 
71 219 449 639 
71 219 449 639 
70 219 448 640 
70 219 448 640 
69 220 447 640 
69 220 447 640 
69 220 446 640 
68 220 446 640 
68 220 445 640 
68 220 445 640 
67 221 444 640 
67 221 444 640 
66 221 443 640 
66 221 442 640 
66 221 442 640 
65 221 441 640 
65 222 441 640 
65 222 440 640 
65 222 440 640 
64 222 440 640 
64 222 439 640 
63 223 438 640 
63 223 438 640 
63 223 438 640 
63 223 437 640 
62 223 436 640 
62 224 435 640 
62 224 435 640 
61 224 435 640 
61 224 434 640 
