









































































































































































































268 269 
265 270 
264 271 
264 273 
262 275 
261 276 
260 277 
260 278 
259 278 
259 279 
258 280 
258 280 
258 281 
257 282 
257 283 
257 283 
257 284 
257 285 
257 285 
257 286 
257 286 
240 245 257 288 
240 250 257 289 358 363 
240 256 257 290 354 366 
238 291 352 366 
230 233 235 293 351 365 
230 294 350 365 
231 294 348 365 
231 294 347 363 
232 294 346 363 
233 293 346 362 
234 293 345 361 
235 292 345 356 
236 291 344 355 
237 290 343 354 
238 290 342 354 
239 290 341 353 
240 290 340 352 
241 290 338 351 
240 292 337 351 
240 292 336 350 
239 292 335 350 
238 293 334 350 
237 293 333 350 
237 293 332 350 
236 294 331 350 
236 294 330 349 
235 294 329 348 379 381 
235 297 328 348 376 381 
235 299 326 347 374 380 
234 301 325 346 371 380 
234 303 324 345 368 380 
234 306 323 343 365 379 
234 309 322 342 360 377 
233 314 321 341 355 376 
233 317 320 341 349 375 
233 373 
233 372 
233 370 
233 369 
233 368 
232 367 
233 366 
233 365 
233 365 
233 364 
233 364 
233 364 376 379 
233 364 366 378 
234 378 460 462 
234 378 457 466 
234 379 455 468 
234 379 453 470 
234 378 450 472 
235 377 448 474 
235 375 445 476 
235 374 443 483 
236 374 440 484 
236 374 375 376 435 485 
236 375 432 485 
237 375 428 486 
237 374 425 488 
238 374 422 489 
238 373 419 491 
239 372 416 492 
240 372 414 493 
240 371 411 494 
241 370 409 494 
242 369 371 375 406 495 
242 369 370 375 404 495 
243 374 401 495 
244 374 397 495 
245 374 393 495 
246 373 388 495 
247 372 383 495 
248 371 379 495 
249 370 376 495 
250 369 373 495 
251 369 370 496 
253 496 
254 496 
256 497 
258 498 
260 498 
262 498 
264 498 
266 498 
268 498 
270 498 
270 498 
270 498 
270 497 
271 497 
272 497 
272 496 
274 284 285 496 
275 284 287 495 
279 285 289 495 
282 285 290 495 
284 285 291 495 
292 495 
292 495 
293 495 
294 496 
295 496 
296 497 
296 497 
297 497 
298 497 
299 496 
300 496 
301 495 
303 495 
304 494 
306 494 500 503 
308 493 496 504 
309 493 495 506 
311 506 
312 506 
313 506 
313 506 
314 506 
314 505 
315 319 321 505 
322 504 
322 503 
323 503 
323 502 
324 501 
324 500 
325 499 
326 498 
326 496 
327 495 
328 494 
328 493 
329 492 
330 491 
331 490 
332 490 
333 489 
334 488 
335 488 
337 487 
339 487 
340 486 
342 486 
345 485 
347 487 494 503 
349 504 
353 505 
358 506 
362 506 
366 506 
370 505 
374 505 
377 505 
381 504 
385 504 
388 503 
391 503 
395 502 
399 501 
403 500 
406 499 
409 497 
412 495 
416 492 
419 487 
422 482 
424 475 
427 471 
429 470 
432 458 459 468 
435 456 463 467 
437 454 
439 453 
442 451 
















































































