















464 465 
457 467 
451 468 
447 470 
442 471 
438 473 
434 474 
432 476 
431 477 
430 478 
429 479 
429 480 
428 481 
428 482 
428 482 
427 483 
427 484 
427 485 
427 485 
426 486 
426 487 
426 488 
426 489 
425 489 
425 490 
425 490 
424 490 
424 490 
423 490 
419 490 
410 489 
402 489 
398 489 
396 489 
393 488 
390 488 
388 488 
386 487 
385 487 
383 487 
382 488 
380 489 
379 490 
378 490 
377 491 
375 492 
374 493 
373 493 
372 494 
371 495 
370 496 
369 498 
368 499 
367 499 
366 500 
365 501 
364 501 
363 502 
363 502 
362 503 
361 504 
360 504 
359 505 
359 505 
358 506 
358 507 
357 507 
357 507 
356 508 
356 508 
356 509 
355 509 
355 509 
355 509 
354 510 
354 510 
354 510 
354 510 
354 511 
354 511 
354 511 
354 511 
353 512 
353 512 
352 512 
352 355 356 513 
351 354 356 513 
351 354 355 513 
350 353 355 514 
350 352 355 514 
350 351 354 514 
354 514 
353 515 
353 515 
353 515 
353 515 
353 516 
352 516 
352 516 
352 517 
352 517 
352 517 
352 355 356 517 
352 354 356 517 
352 354 356 517 
352 354 356 517 
355 517 
355 517 
355 518 
356 518 
356 518 
356 357 358 518 
358 518 
358 365 367 518 
358 365 367 517 
358 365 367 517 
359 365 367 517 
362 365 367 517 
362 365 366 517 
363 365 366 517 
364 365 366 517 
366 516 
367 516 
367 516 
367 516 
367 515 
366 515 
365 515 
364 515 
361 515 
358 515 
356 514 
355 514 
355 515 
355 515 
355 515 
355 516 
356 516 
357 516 
358 516 
359 517 
359 517 
360 517 
361 517 
362 517 
362 518 
362 518 
362 518 
362 518 
361 518 
361 509 510 518 
361 509 511 518 
361 508 511 519 537 539 
361 508 511 519 537 540 
362 508 511 519 537 541 
362 508 511 519 536 541 
363 507 511 519 536 542 
363 507 511 519 536 543 
363 507 512 520 535 543 
363 507 512 520 535 544 
364 506 512 520 535 544 
364 506 512 520 534 545 
364 506 512 520 533 546 
365 506 512 520 533 546 
365 505 512 520 532 547 
366 505 512 521 532 548 
366 505 513 521 530 548 
366 505 513 521 529 549 
366 505 513 521 528 550 
366 505 513 521 527 550 
366 505 513 522 526 551 
367 505 513 522 525 552 
367 506 514 522 524 553 
367 506 514 522 523 553 
367 506 514 554 
367 507 514 555 
367 507 514 556 
368 507 514 557 
369 508 514 557 
371 508 515 558 
376 508 515 559 
395 508 515 560 
395 508 515 561 
396 509 515 561 
396 509 515 562 
396 509 515 563 
396 509 515 564 
396 509 515 565 
396 509 514 566 
396 510 513 567 
396 510 512 568 
396 510 511 568 
396 570 
397 570 
397 572 
397 572 
397 573 
397 575 
397 575 
397 577 
397 578 
397 579 
397 580 
397 581 
397 582 
397 583 
397 584 
396 585 
395 586 
394 588 
393 589 
392 590 
390 591 
389 490 491 592 
388 489 491 594 
387 489 491 595 
385 489 490 596 
384 598 
383 599 
274 282 382 600 
263 284 381 602 
261 286 380 603 
259 289 379 605 
258 290 378 606 
257 292 377 608 
254 293 376 609 
233 235 252 294 375 611 
231 244 250 295 374 612 
231 246 248 296 373 614 
232 297 372 615 
234 297 371 617 
235 298 367 467 469 619 
236 298 364 454 456 466 469 621 
237 299 363 454 456 466 468 622 
239 299 361 454 456 624 
243 300 360 455 457 626 
244 301 359 455 457 627 
245 304 359 455 457 629 
245 308 358 455 458 631 
245 312 357 456 458 633 
159 162 246 317 357 634 
152 155 158 162 246 321 356 636 
151 163 246 326 356 638 
151 164 247 330 356 640 
151 165 247 335 355 640 
150 167 170 174 247 339 355 640 
150 175 247 344 355 640 
149 176 247 302 308 346 355 640 
149 176 248 302 314 349 355 640 
149 177 248 302 322 351 354 640 
148 178 248 302 330 352 353 640 
148 179 249 303 339 640 
147 180 249 303 351 640 
147 181 251 303 350 640 
146 182 255 303 350 640 
145 183 257 303 349 640 
144 184 258 303 348 640 
144 184 259 303 347 640 
144 186 259 303 347 640 
144 186 260 303 346 640 
144 187 260 303 345 640 
145 188 261 303 345 640 
146 189 261 304 344 640 
147 190 262 304 344 640 
148 191 262 304 343 640 
149 192 263 304 343 640 
150 193 264 304 343 640 
151 194 264 303 343 640 
152 194 265 303 343 640 
153 195 265 303 343 640 
154 196 266 303 343 640 
154 197 266 303 342 640 
155 198 267 303 342 640 
156 199 267 303 342 640 
157 200 268 303 342 640 
158 201 268 303 342 640 
159 202 268 303 341 640 
160 203 268 303 340 640 
161 203 268 303 340 640 
162 204 269 303 339 640 
163 205 269 303 338 640 
164 206 269 304 338 640 
165 207 270 304 338 640 
166 208 270 305 337 640 
167 209 270 306 337 640 
168 210 270 306 337 640 
168 211 270 307 337 640 
169 212 270 307 337 640 
170 212 270 308 337 640 
171 213 270 308 337 640 
172 214 271 309 337 640 
173 215 271 309 338 640 
174 216 271 309 338 640 
175 217 271 310 338 640 
176 218 271 310 338 640 
177 219 272 310 337 640 
178 220 272 311 337 640 
179 221 272 311 337 640 
180 221 272 312 336 640 
181 222 272 312 336 640 
181 223 273 313 336 640 
181 224 273 313 335 640 
180 226 273 313 334 640 
180 228 273 314 334 640 
180 230 274 314 333 640 
180 232 274 315 332 640 
180 234 274 315 331 640 
180 235 275 315 331 520 522 640 
181 236 275 316 330 519 522 640 
181 238 275 316 330 518 523 640 
181 240 276 317 329 518 523 640 
182 241 276 317 328 518 523 640 
182 242 276 317 327 518 523 640 
183 244 277 318 327 518 523 640 
183 245 277 318 326 517 523 640 
184 247 277 319 325 516 524 640 
185 248 277 319 324 515 524 640 
186 250 278 319 324 515 524 528 530 640 
186 251 278 320 324 515 523 527 530 640 
187 253 278 320 323 516 523 526 530 640 
188 255 279 321 324 517 524 526 530 640 
189 256 279 321 324 518 524 525 530 640 
190 258 279 322 325 518 529 640 
190 260 280 322 325 509 529 640 
191 262 280 323 324 498 500 502 528 640 
191 263 280 498 528 640 
190 264 281 499 528 640 
190 265 281 500 527 640 
190 266 281 500 527 640 
190 267 281 500 527 640 
190 268 282 490 492 500 526 640 
191 269 282 453 454 484 526 640 
191 270 282 453 455 485 526 640 
192 271 283 453 457 485 526 640 
192 271 283 453 459 485 526 640 
193 272 283 452 461 485 525 640 
193 273 284 452 469 476 525 640 
194 274 284 452 455 456 525 640 
194 275 284 458 525 640 
195 276 285 459 525 536 537 640 
195 278 285 460 525 535 537 640 
196 279 285 461 524 534 536 640 
197 281 286 461 524 533 536 640 
198 284 286 462 524 533 536 640 
198 463 524 532 536 640 
199 463 523 531 535 640 
200 463 523 530 535 640 
200 463 523 529 535 640 
200 464 523 529 535 640 
201 464 523 528 534 640 
201 464 523 527 534 640 
202 464 523 526 534 640 
203 464 522 526 534 640 
204 464 523 525 534 640 
205 464 534 640 
206 449 450 464 533 640 
207 449 450 463 533 640 
210 449 451 463 533 640 
219 449 451 463 533 640 
224 448 451 463 533 640 
227 448 452 463 533 640 
229 448 452 463 533 640 
233 448 452 463 533 640 
237 448 452 463 532 640 
240 448 452 463 532 640 
244 448 452 463 532 640 
250 447 452 463 532 640 
255 447 453 463 532 640 
259 447 453 463 532 640 
262 447 453 463 532 640 
266 447 453 463 532 640 
268 447 453 463 532 640 
270 447 453 463 531 640 
271 447 453 463 531 536 537 640 
271 446 453 463 531 536 537 640 
272 446 454 463 531 535 538 640 
272 446 454 463 531 535 538 640 
273 446 454 463 531 534 538 640 
273 446 454 463 531 533 538 640 
274 445 454 463 531 533 538 640 
274 445 454 464 537 640 
275 445 454 464 537 640 
276 445 454 464 537 640 
277 445 455 464 537 640 
278 445 455 464 537 640 
279 445 455 464 537 640 
280 445 455 464 537 640 
281 445 455 464 537 640 
282 446 455 464 537 640 
283 446 455 464 537 640 
285 447 455 464 537 640 
286 447 455 464 537 640 
288 448 455 465 537 640 
289 448 455 465 537 547 548 640 
291 448 455 465 537 546 548 640 
292 449 456 465 537 545 547 640 
294 449 456 465 537 545 547 640 
295 450 456 465 537 544 547 640 
296 450 456 465 537 543 547 640 
298 450 456 465 537 542 547 640 
299 451 456 465 537 542 547 640 
301 451 456 466 537 541 546 640 
302 452 456 466 537 540 546 640 
304 452 456 466 538 539 546 640 
305 453 456 466 546 640 
307 453 456 466 546 640 
309 453 455 467 546 640 
310 454 455 467 546 560 561 640 
312 454 455 467 545 559 561 640 
313 467 545 558 561 640 
314 467 545 557 560 640 
316 467 545 556 560 640 
317 467 545 555 560 640 
319 468 545 554 560 640 
321 468 544 552 559 579 580 640 
322 468 544 551 559 578 580 640 
323 468 544 550 559 578 580 640 
325 468 544 548 559 577 579 640 
326 468 544 547 558 577 579 640 
327 468 558 576 579 640 
326 469 558 575 578 640 
326 469 558 575 578 640 
325 469 557 575 578 640 
323 469 557 574 577 640 
322 469 557 574 577 640 
322 469 557 574 577 640 
321 469 557 573 577 640 
320 470 556 573 576 640 
320 470 556 561 562 573 576 640 
319 470 556 560 562 572 576 640 
319 470 556 559 562 572 576 640 
318 470 556 558 561 572 576 640 
318 470 561 571 575 640 
318 470 561 567 568 571 575 640 
318 471 561 566 568 571 575 640 
318 476 561 565 567 570 575 640 
318 478 561 565 567 570 575 640 
317 479 561 564 568 569 574 640 
317 480 560 563 574 640 
317 481 560 562 574 640 
317 482 560 562 574 640 
318 482 574 640 
318 483 573 640 
318 484 573 640 
318 485 573 640 
318 486 573 630 631 640 
318 486 573 629 631 640 
319 487 572 629 631 640 
319 488 572 629 631 640 
320 489 572 629 631 640 
321 489 572 629 631 640 
321 490 572 629 631 640 
322 490 572 628 631 640 
322 491 571 628 630 640 
323 492 571 628 630 640 
323 492 571 628 630 640 
323 492 571 628 630 640 
323 493 571 628 630 640 
323 493 571 628 630 640 
323 493 571 628 629 640 
323 493 571 628 629 640 
323 493 570 640 
322 493 570 640 
322 493 570 640 
