0 234 
0 234 
0 234 
0 232 
0 232 
0 232 
0 233 
0 234 
0 235 
0 236 
0 237 
0 238 
0 238 
0 239 
0 239 
0 240 
0 241 
0 242 
0 243 
0 245 
0 246 
0 247 
0 248 
0 250 
0 251 
0 252 
0 254 
0 255 
0 256 
0 257 
0 259 
0 260 
0 261 
0 263 
0 267 
0 268 
0 269 
0 270 
0 271 
0 272 
0 274 277 279 
0 280 
0 282 
0 283 
0 285 
0 287 
0 288 
0 290 
0 291 
0 293 
0 295 
0 296 
0 298 
0 299 
0 300 
0 300 
0 300 
0 301 
0 302 
0 303 
0 305 
0 306 
0 308 
0 310 
0 311 
0 313 
0 314 
0 316 
0 318 
0 319 
0 321 323 325 
0 327 
0 329 
0 330 
0 332 
0 334 
0 336 
0 337 
0 338 
0 340 
0 342 
0 343 
0 346 
0 348 
0 349 
0 351 
0 354 
0 355 
0 357 
0 359 
0 362 
0 363 
0 365 
0 365 
0 363 
0 362 
0 361 
0 360 
0 361 
0 361 
0 362 
0 363 
0 364 
0 365 
0 367 
0 369 
0 371 
0 373 
0 373 
0 374 
0 374 
0 375 
0 375 
0 375 
0 375 
0 375 
0 376 
0 376 
0 377 
0 378 
0 379 
0 381 
0 382 
0 383 
0 384 
0 384 
0 385 
0 385 
0 386 
0 388 
0 390 
0 390 
0 391 
0 391 
0 392 
0 392 
0 393 
0 393 
0 394 
0 394 
0 395 
0 395 427 430 
0 396 424 430 
0 397 422 430 
0 398 420 430 
0 399 417 430 435 437 
0 399 414 430 435 437 
0 401 409 430 434 438 
0 430 433 438 
0 430 433 438 
0 430 432 438 
0 430 431 436 
0 435 
0 434 
0 433 
0 433 
0 434 
0 434 
0 435 
0 436 
0 437 
0 437 
0 438 
0 295 310 439 
0 293 314 439 
0 291 317 440 
0 289 319 440 
0 288 321 441 
0 286 322 442 
0 285 323 442 
0 283 325 443 
0 282 326 443 
0 270 273 281 328 444 
0 270 274 280 329 444 
0 270 275 278 330 445 
0 271 331 445 
0 271 332 445 
0 272 333 445 
0 272 334 445 
0 272 335 445 
0 271 336 445 
0 270 337 444 
0 269 338 444 
0 268 338 443 
0 267 339 442 
0 266 340 442 
0 265 341 441 
0 265 341 440 
0 264 342 440 
0 263 342 439 
0 261 343 438 
0 260 343 438 
0 259 344 437 
0 257 345 436 
0 256 345 435 
0 255 346 434 
0 254 346 433 
0 253 346 432 
0 252 347 431 
0 251 347 431 
0 250 347 430 
0 250 348 430 
0 249 348 430 
0 248 348 430 
0 248 349 431 
0 248 349 431 
0 247 349 431 
0 247 350 432 
0 247 350 432 
0 247 351 432 
0 247 351 432 
0 247 351 432 
0 247 351 432 
0 247 351 432 
0 247 351 432 
0 247 351 432 
0 247 351 432 
0 247 351 432 
0 247 351 432 
0 247 351 432 
0 247 351 432 
0 247 351 432 
0 247 351 432 
0 247 351 431 
0 247 351 431 
0 247 350 430 
0 248 350 430 
0 248 349 430 
0 248 349 429 
0 248 348 429 
0 249 348 428 
0 249 347 428 
0 250 346 427 
0 250 344 426 
0 251 343 425 
0 252 343 425 
0 252 342 424 
0 253 341 424 
0 254 341 423 
0 255 341 422 
0 255 342 421 
0 256 344 421 613 614 
0 257 345 420 613 618 
0 258 346 419 614 620 
0 259 347 418 614 623 
0 260 349 418 615 627 
0 260 350 417 616 630 
0 261 351 416 617 630 
0 262 352 415 618 631 634 637 
0 263 353 415 618 631 634 638 
0 264 355 414 620 632 634 640 
0 265 356 413 621 632 634 640 
0 266 358 412 622 633 634 640 
0 267 359 411 623 633 635 640 
0 268 361 411 624 633 635 640 
0 269 362 410 625 634 635 640 
0 270 363 409 619 621 626 634 635 640 
0 271 364 409 619 623 627 640 
0 272 365 408 619 625 629 640 
0 273 367 407 620 627 630 640 
0 275 368 406 620 628 629 640 
0 277 369 406 620 640 
0 279 370 405 620 640 
0 282 371 405 622 640 
0 285 372 404 623 640 
0 288 373 404 624 640 
0 291 374 403 625 640 
0 296 375 403 626 640 
0 300 376 403 621 623 628 640 
0 304 377 403 621 624 629 640 
0 311 379 402 621 627 631 640 
0 316 379 402 622 629 631 640 
0 319 380 402 622 640 
0 321 381 402 623 640 
0 322 382 402 623 640 
0 324 384 402 624 640 
0 325 384 403 624 640 
0 326 385 403 625 640 
0 327 387 403 625 640 
0 328 388 404 626 640 
0 329 389 404 626 640 
0 330 390 405 626 640 
0 331 391 406 627 640 
0 332 392 407 627 640 
0 333 393 408 628 640 
0 334 394 409 628 640 
0 335 395 410 629 640 
0 336 396 411 629 640 
0 337 397 412 630 640 
0 338 398 413 630 640 
0 339 399 415 630 640 
0 339 400 416 631 640 
0 340 401 412 631 640 
0 341 402 412 632 640 
0 342 403 411 632 640 
0 343 405 411 632 640 
0 343 406 411 633 640 
0 344 407 411 633 640 
0 345 408 411 634 640 
0 346 634 640 
0 347 635 640 
0 348 635 640 
0 349 635 640 
0 350 636 640 
0 350 636 640 
0 351 636 640 
0 352 637 640 
0 353 637 640 
0 354 637 640 
0 354 638 640 
0 355 638 640 
0 356 638 640 
0 357 639 640 
0 358 
0 359 
0 359 
0 360 
0 361 
0 362 
0 363 
0 364 
0 365 
0 365 
0 366 
0 367 
0 368 
0 369 
0 369 
0 370 
0 371 
0 372 
0 372 
0 373 
0 374 
0 375 
0 375 
0 376 
0 377 
0 378 
0 378 
0 379 
0 380 
0 381 
0 381 
0 382 
0 383 
0 384 
0 385 
0 385 
0 386 
0 387 
0 387 
0 388 
0 389 
0 389 
0 390 
0 391 
0 392 
0 392 
0 393 
0 394 
0 395 
0 395 
0 396 
0 397 
0 397 
0 398 
0 399 
0 400 481 483 
0 400 480 483 
0 401 479 484 
0 401 478 485 
0 402 477 485 
0 402 477 486 
0 402 476 487 
0 402 475 488 
0 401 474 489 
0 401 473 489 
0 400 472 490 
0 400 471 491 
0 399 470 492 
0 399 469 492 
0 398 468 493 
0 398 466 493 
0 397 465 494 
0 396 463 495 
0 396 462 495 
0 395 461 496 
0 394 459 497 
0 393 457 497 
0 392 455 498 
0 392 454 498 
0 391 451 499 
0 390 449 500 
0 390 447 500 
0 389 443 501 
0 388 442 501 
0 387 441 502 
0 387 441 502 
0 386 441 503 
0 385 440 503 
0 385 440 504 
0 384 440 504 
0 384 439 505 
0 383 439 505 
0 382 439 506 
0 382 438 506 
0 381 438 507 
0 380 437 507 
0 380 437 508 
0 379 436 508 
0 379 436 508 
0 379 436 509 
0 378 435 510 
0 378 435 510 
0 377 435 511 
0 376 434 511 
0 376 433 512 
0 375 433 513 
0 375 432 513 
0 374 432 514 
0 374 431 515 
0 373 430 516 
0 373 430 517 
0 372 429 518 
0 372 429 518 
0 371 428 518 
0 371 427 518 
0 371 427 517 
0 370 426 517 
0 370 425 517 
0 369 425 516 
0 369 424 516 
0 369 423 515 
0 368 423 515 
0 368 422 515 
0 367 421 514 
0 366 421 514 
0 366 420 513 
0 365 419 513 
0 365 418 512 
0 365 418 512 
0 364 417 511 
0 364 416 510 
0 363 416 510 
0 363 415 510 
0 362 414 509 
0 362 414 508 
0 361 413 508 
0 361 412 507 
0 360 412 506 
0 360 411 506 
0 359 410 505 
0 359 409 504 
0 358 408 503 
0 358 408 502 
0 357 407 502 
0 357 407 501 
0 356 406 501 
0 356 405 499 
0 355 405 499 
0 355 404 498 
0 355 403 496 
0 354 402 496 
0 353 402 495 
0 353 401 494 
0 352 400 493 
0 352 400 493 
0 351 399 492 
0 351 398 491 
0 350 398 490 
0 349 397 489 
0 349 396 488 
0 349 396 487 
0 348 395 486 
0 347 394 485 
0 347 394 484 
0 346 393 483 
0 345 392 482 
0 345 392 482 
