




























































































































169 179 
167 182 
166 184 
166 186 
165 188 
165 190 
164 191 
164 193 
164 194 
164 196 
164 197 
164 199 
165 200 
165 201 
165 203 
165 204 
166 205 
166 206 
167 207 
167 209 
168 210 
168 211 
169 212 
170 213 
170 214 
171 215 
171 216 
172 217 
173 218 
173 219 
174 220 
175 222 
176 223 
177 225 
177 225 
178 227 
179 228 
180 229 
181 230 
182 230 
183 231 
184 233 
185 235 
186 235 
187 236 
188 238 
189 239 
189 240 
191 241 
192 242 
193 244 
194 245 
195 246 
196 247 
197 248 
199 250 
200 251 
201 253 
202 254 
202 255 
204 256 
205 258 
205 259 
206 260 
207 261 
209 263 
209 264 
211 265 
211 266 
212 267 
214 268 
214 269 
215 270 
216 271 
217 272 
218 274 
219 275 
220 276 
221 277 
222 278 
223 280 
224 281 
225 282 
226 284 
227 285 
228 286 
229 287 
230 289 
231 290 
232 291 
233 293 
234 294 
235 295 
236 296 
237 298 
238 299 
239 300 
240 301 
240 302 
241 304 
242 305 
243 308 
244 314 
245 319 
246 322 
247 325 
247 329 
248 332 
249 334 
250 337 
251 340 
252 342 
252 345 
253 346 
254 348 
255 349 
256 350 
256 351 
234 239 257 352 
231 242 258 353 
227 248 259 354 
224 253 260 355 
222 257 260 355 
221 356 
219 357 
218 357 
216 358 
215 358 
214 359 
213 360 
212 360 
211 361 
211 361 
210 362 
209 362 
209 363 
208 363 
208 364 
207 364 
207 365 
207 365 
207 366 
206 366 
206 367 
206 367 
206 368 
207 368 
206 369 
206 369 
206 370 
206 370 
207 371 
207 371 
207 372 
207 372 
207 373 
207 373 
208 373 
208 374 
208 374 
208 375 
205 375 
202 375 
201 376 
199 376 
197 377 
196 377 
194 378 
193 378 
192 379 
191 379 
190 380 
189 380 
188 380 
187 381 
186 381 
185 382 
184 382 
184 382 
183 383 
183 383 
182 384 
182 384 
181 384 
181 385 
181 385 
180 385 
180 386 
180 386 
180 387 
180 387 
180 388 
179 388 
179 388 
179 388 
179 389 
180 389 
180 389 
180 390 
180 390 
180 390 
180 390 
180 391 
180 391 
180 391 
179 392 
178 392 
178 392 
178 392 
177 393 
177 393 
176 393 
176 393 
176 393 
176 393 
176 394 
175 394 
175 394 
175 394 
175 394 
175 394 
175 394 
175 394 
174 394 
174 395 
174 395 
174 395 
174 395 
174 395 
174 395 
174 395 
174 395 
174 395 
174 395 
174 396 
174 396 
174 396 
174 396 
174 396 
174 396 
174 396 
174 396 
174 396 
174 396 
174 396 
174 396 
174 396 
174 396 
174 397 
175 397 
175 397 
175 397 
175 397 
176 397 
176 397 
176 397 
177 397 
177 397 
178 397 
179 397 
179 397 
180 399 
181 401 
182 402 
183 215 216 404 
185 212 217 406 
186 210 218 407 
188 207 218 409 
191 203 219 411 
220 412 
220 413 
221 415 
222 417 
222 419 
223 420 
224 421 
224 423 
225 424 
226 426 
227 427 
227 429 
228 430 
229 432 
230 433 
230 435 
231 437 
232 438 
233 440 
233 441 
234 443 
235 444 
236 446 
236 447 
237 449 
238 450 
239 452 
240 453 
240 455 
241 456 
242 458 
243 459 
243 461 
244 462 
245 464 
246 465 
247 467 
247 469 
248 471 
249 472 
250 473 
251 475 
252 476 
252 478 
253 479 
254 481 
255 482 
256 484 
257 485 
258 487 
259 488 
259 490 
260 492 
261 493 
262 495 
262 496 
264 498 
264 499 
265 500 
266 502 
267 503 
268 505 
268 506 
269 508 
270 510 
271 511 
272 512 
272 514 
273 515 
274 517 
275 519 
276 520 
276 522 
277 523 
278 525 
279 526 
280 528 
281 530 
282 531 
282 532 
283 534 
284 535 
285 537 
286 539 
287 541 
287 541 
