


































375 392 
368 399 
364 403 
360 407 
358 410 
356 414 
354 415 
352 416 
350 417 
348 418 
347 419 
336 344 345 420 
335 422 
334 423 
334 424 
333 424 
333 425 
333 426 
333 427 
334 428 
334 429 
333 430 
332 430 
331 431 
331 432 
330 433 
329 434 
328 435 
327 435 
327 436 
326 437 
325 437 
324 438 
324 439 
323 440 
322 441 
321 441 
321 442 
321 442 
320 443 
320 443 
319 444 
319 444 
318 445 
318 445 
318 445 
317 446 
317 446 
317 446 
317 447 
316 447 
316 447 
316 447 
316 448 
315 448 
315 448 
315 448 
315 448 
315 448 
314 449 
314 449 
314 449 
314 449 
314 449 
313 449 
313 449 
313 449 
313 450 
313 450 
313 450 
313 450 
313 450 
312 450 
312 450 
312 450 
312 450 
312 314 315 450 
312 314 315 450 
315 450 
315 317 319 450 
315 317 319 451 
315 317 319 451 
315 316 320 451 
320 451 
320 451 
321 452 
321 452 
322 325 326 452 
322 325 327 452 
323 325 327 453 
323 326 328 453 
324 326 328 453 
325 326 328 453 
329 330 332 454 
335 454 
336 455 
337 455 
338 455 
340 456 
340 456 
339 457 
339 457 
338 457 
337 458 
337 458 
336 458 
335 459 
334 459 
334 459 
335 455 456 459 
335 455 456 460 
336 455 457 460 
338 456 457 460 
340 456 458 461 
342 457 458 461 
342 457 459 461 
343 457 459 462 
343 458 460 461 
343 458 
344 459 
344 459 
345 459 
347 460 
348 454 456 460 
348 454 458 461 
349 454 459 461 
350 455 459 461 
351 455 
352 455 
353 455 
354 376 377 455 
355 375 377 456 
355 375 377 456 
356 374 377 456 
357 374 377 457 
358 366 367 374 378 457 
359 364 367 371 372 374 378 452 454 457 
367 370 378 451 
367 370 378 451 
367 369 378 451 
367 368 378 451 
378 452 
378 452 
376 452 
375 449 450 453 
374 448 451 453 
373 448 451 453 
373 447 452 453 
373 447 
372 441 442 446 
371 440 442 446 
370 440 442 445 
369 440 443 444 
368 440 
367 426 427 439 
366 425 429 439 
365 426 432 439 
364 427 433 439 
363 428 433 439 
361 428 433 435 436 438 
360 429 433 435 436 438 
358 429 433 435 
357 430 433 435 
356 430 
355 431 
353 431 
352 432 
351 432 
350 433 
350 433 
255 257 349 433 
253 258 348 433 
252 259 347 434 
251 260 346 434 
245 250 251 260 345 434 
241 261 344 435 
236 261 343 435 
234 262 342 435 
233 262 342 436 
231 262 341 436 
230 262 340 437 
229 263 339 437 
228 264 338 437 
227 264 337 438 
226 265 336 438 
226 266 336 438 
225 267 335 438 
225 267 334 439 
224 268 334 439 
224 268 333 336 337 439 
224 269 334 335 336 439 
223 270 336 440 
223 270 335 440 
223 270 335 440 
222 270 335 338 340 441 
222 270 340 441 
222 269 339 441 
222 269 338 442 
222 269 338 442 
222 269 338 442 
222 267 337 442 
222 266 337 443 
222 265 336 443 
221 262 336 443 
221 262 335 443 
221 264 335 443 
221 264 334 444 
221 264 334 444 
221 263 333 444 
221 262 333 444 
221 262 332 444 
221 261 332 444 
221 260 332 432 433 444 
221 260 331 432 434 445 
221 259 331 432 434 445 
221 258 331 430 434 445 
221 259 330 431 434 445 
221 258 330 431 434 443 
221 258 329 431 434 440 
220 258 329 430 434 439 
220 258 329 430 434 438 
220 259 328 430 434 438 
220 259 328 429 435 438 
220 260 328 429 435 437 
220 261 328 428 
220 262 328 427 437 438 
220 262 327 426 
220 263 327 425 
219 264 327 424 
219 264 327 423 
219 264 327 423 
219 263 327 422 
219 262 327 422 
218 262 327 422 
218 263 327 422 
218 264 328 422 
218 264 327 421 
217 265 328 421 
217 265 328 421 
217 265 328 421 
217 266 328 421 
217 266 328 420 
216 267 328 420 
216 269 328 420 
216 272 329 420 
216 275 329 419 
215 278 329 419 
215 281 329 419 
215 288 330 418 
215 292 330 418 
215 297 330 419 
214 299 330 419 
214 302 330 420 
214 304 331 420 
214 306 331 420 
213 309 331 417 
213 311 331 417 
213 313 332 417 
213 315 332 416 
213 318 332 416 
213 320 332 416 
212 322 333 416 
212 325 333 416 
212 327 333 415 
212 329 334 415 
212 332 334 415 
212 415 
212 415 
212 415 
212 415 
212 415 
212 415 
212 415 
212 415 
212 415 
212 415 
212 415 
212 415 
212 415 
212 415 
213 415 
213 415 
213 415 
213 416 
213 416 
213 416 
213 416 
213 416 
213 416 
213 416 
213 291 294 416 
214 289 295 416 
214 288 296 417 
214 288 298 417 
214 288 300 417 
214 288 301 417 
215 288 303 417 
215 289 304 417 
215 289 306 417 
216 289 307 417 
216 289 309 417 
216 289 310 417 
218 290 312 418 
219 290 314 418 
219 290 315 419 
220 290 317 419 
220 290 318 420 
220 290 320 420 
221 230 232 290 321 421 
221 230 232 291 323 421 
221 230 232 291 324 421 
221 230 232 291 326 422 
221 229 231 292 327 422 
222 230 231 292 329 422 
222 292 330 422 
223 225 226 292 332 422 
227 292 333 423 
228 229 230 293 334 423 
230 293 334 423 
230 293 334 423 
229 293 335 423 
229 293 335 423 
229 294 335 424 
229 294 335 424 
228 294 335 424 
228 294 335 425 
228 295 335 425 
228 295 336 426 
227 295 336 427 
227 295 337 427 
227 295 337 428 
227 296 337 428 
226 296 337 429 
226 296 337 430 
226 296 336 430 
226 297 336 431 
225 297 336 432 
225 297 336 432 
225 297 336 433 
225 298 336 433 
224 298 335 434 
224 298 335 435 
223 298 335 435 
223 298 335 436 
223 299 335 437 
223 299 335 437 
223 299 335 438 
222 299 334 438 
222 300 334 439 
222 300 334 440 
222 300 334 440 
222 300 333 441 
221 300 333 442 
221 301 333 442 
221 301 333 443 
220 301 333 444 
220 301 332 444 
220 302 332 445 
220 302 332 445 
219 302 332 446 
219 303 331 446 
219 303 331 447 
218 303 331 448 
218 303 330 448 
218 303 330 449 
218 303 330 449 
217 303 330 450 
217 303 330 450 
217 303 330 451 
217 303 329 451 
216 303 329 452 
216 303 329 453 
216 303 328 453 
216 304 328 454 
216 304 328 454 
215 304 327 455 
215 304 327 455 
215 304 327 456 
215 305 327 456 
215 305 327 457 
215 304 326 457 
215 304 326 458 
216 304 326 458 
215 304 326 458 
215 304 326 459 
215 304 326 459 
215 304 326 460 
215 304 325 460 
215 303 325 461 
217 301 325 461 
218 300 324 462 
219 300 324 462 
220 223 229 299 323 462 
230 298 323 463 
231 293 323 463 
233 290 323 464 
234 289 323 464 
238 288 323 465 
241 274 283 287 323 465 
242 271 322 465 
242 268 322 466 
243 265 322 466 
244 263 322 467 
245 264 322 467 
246 264 321 467 
247 265 321 468 
247 265 321 468 
248 266 321 469 
249 266 321 469 
250 267 320 469 
251 268 320 470 
252 269 320 470 
253 269 320 470 
254 270 320 471 
256 270 320 471 
257 270 319 472 
259 270 319 472 
260 270 319 473 
262 269 318 473 
263 269 318 473 
318 474 
319 474 
319 474 
318 475 
318 475 
318 476 
318 476 
318 476 
317 477 
317 477 
317 478 
317 478 
317 478 
317 479 
317 479 
317 479 
317 480 
317 480 
316 481 
316 481 
316 482 
316 482 
316 482 
316 483 
316 483 
