





452 455 
450 460 
447 469 
446 470 
444 470 
443 471 
441 471 
440 472 
439 472 
438 473 
437 474 
437 474 
436 475 
435 475 
435 476 
434 476 
434 477 
433 478 
433 479 
432 480 
432 480 
432 481 
431 481 
431 482 
431 483 
431 484 
430 484 
430 485 
430 485 
430 486 
430 487 
430 487 
430 488 
429 489 
429 489 
428 490 
428 490 
428 490 
428 491 
428 492 
428 492 
428 493 
428 494 
428 494 
428 495 
425 495 
423 496 
421 496 
419 497 
417 497 
415 498 
413 502 
411 509 
409 512 
407 514 
406 516 
403 518 
399 520 
396 521 
394 523 
391 524 
389 525 
386 526 
384 527 
382 527 
380 528 
378 529 
376 530 
375 530 
373 531 
372 532 
370 532 
369 533 
367 533 
366 534 
365 535 
363 535 
362 535 
361 536 
360 537 
359 537 
358 537 
357 538 
356 538 
355 539 
354 539 
353 539 
352 539 
351 540 
350 540 
350 540 
349 541 
348 541 
348 541 
347 541 
346 542 
346 542 
346 542 
345 542 
345 542 
344 543 
344 543 
343 543 
343 544 
342 544 
342 544 
342 545 
341 545 
341 546 
340 546 
340 547 
340 547 
340 547 
339 548 
339 548 
338 549 
338 549 
338 550 
337 550 
337 550 
336 551 
336 551 
336 551 
335 552 
335 552 
334 553 
333 553 
332 553 
331 554 
329 554 
329 554 
328 555 
328 555 
332 555 
331 556 
331 334 335 556 
330 333 335 557 
331 333 334 557 
334 557 
330 332 334 558 
333 558 
333 558 
333 559 
332 559 
332 335 336 559 
332 335 336 560 
332 334 336 560 
331 334 336 560 
332 334 336 561 
336 561 
331 332 336 561 
336 561 
336 562 
336 562 
336 562 
337 563 
338 563 
338 563 
338 563 
338 564 
338 564 
338 564 
338 565 
339 565 
339 565 
342 565 
344 565 
345 566 
345 346 348 357 359 566 
348 358 359 566 
348 358 360 567 
348 350 352 358 360 567 
349 350 353 358 361 567 
353 358 361 567 
354 358 362 568 
354 358 362 568 
355 358 362 568 
356 358 362 568 
361 568 
361 569 
361 569 
360 569 
360 569 
360 569 
359 570 
358 570 
357 570 
356 570 
355 571 
354 571 
353 571 
351 571 
350 571 
350 572 
350 572 
350 572 
350 572 
350 572 
351 573 
352 573 
353 573 
354 573 
356 573 
357 573 
358 574 
359 574 
359 574 
359 574 
359 574 
360 574 
359 575 
359 575 
359 575 
360 575 
361 575 
362 575 
362 575 
363 576 
363 576 
364 576 
364 576 
365 576 
366 576 
367 577 
368 577 
368 577 
369 577 
369 577 
370 577 
370 578 
370 578 
370 578 
371 578 
371 578 
371 578 
372 578 
372 579 
373 579 
374 579 
375 383 388 579 
388 579 
388 579 
388 579 
388 579 
388 580 
388 580 
388 580 
388 580 
388 580 
388 580 
387 580 
387 581 
386 581 
386 581 
386 581 
387 581 
388 581 
390 581 
390 581 
391 582 
391 582 
391 582 
391 582 
391 582 
391 582 
391 582 
391 582 
391 583 
391 583 
391 583 
391 583 
391 583 
391 583 
392 583 
392 583 
392 583 
392 584 
392 584 
392 584 
391 584 
391 584 
390 584 
390 584 
389 584 
389 584 
388 584 
387 584 
387 584 
386 584 
386 584 
385 584 
385 584 
384 584 
383 567 568 584 
383 567 569 585 
382 567 569 585 
382 555 556 567 569 585 
381 555 556 567 570 585 
381 555 557 568 570 585 
380 555 557 568 570 585 
380 554 557 568 571 585 
379 554 558 568 571 585 
379 554 558 568 572 585 
378 554 558 568 572 585 
378 554 558 568 572 585 
377 554 559 568 573 585 
377 553 559 568 573 585 
377 553 559 568 573 585 
376 553 560 568 574 585 
375 553 560 568 574 585 
375 553 560 568 575 585 
375 553 561 569 575 585 
374 552 561 569 576 585 
374 552 561 569 576 585 
373 552 562 569 577 585 
373 552 562 569 577 585 
373 552 562 569 577 585 
372 552 563 569 578 585 
372 552 563 570 578 585 
371 552 563 570 579 585 
371 552 564 570 579 585 
370 552 564 570 580 585 
370 532 533 552 565 570 580 585 
370 531 533 552 565 570 581 585 
369 531 533 553 565 570 581 585 
369 531 533 552 566 571 582 585 
368 530 533 552 566 571 582 585 
368 530 533 553 566 571 583 585 
367 530 533 550 551 553 567 571 
367 530 533 550 567 571 
366 528 533 550 568 572 
201 203 366 527 532 550 568 572 
200 203 366 526 532 550 569 572 
200 203 367 526 532 534 536 550 569 573 
199 203 366 526 536 550 571 572 
199 203 366 526 537 550 
199 204 365 526 537 550 
198 204 363 525 537 550 
198 204 357 525 537 550 
198 204 355 525 538 550 
199 204 219 231 354 525 538 550 
199 204 214 235 352 525 539 550 
199 204 210 236 352 524 539 550 
199 205 207 237 351 524 540 550 
199 239 351 524 540 550 
200 240 351 524 541 550 
199 241 351 523 541 550 
196 242 351 515 517 523 542 550 
194 242 351 515 517 523 542 550 
191 243 352 516 517 523 542 550 
188 244 352 516 517 523 543 550 
185 244 352 522 543 550 
183 245 352 522 543 550 
181 245 352 522 543 550 
180 245 353 521 544 550 
176 178 179 246 353 521 544 550 
175 246 353 521 544 550 
174 246 354 517 518 520 545 550 
173 247 354 517 518 520 545 550 
173 247 354 517 545 550 
172 248 354 517 545 550 
172 248 354 517 546 550 
172 248 354 517 546 550 
171 248 354 517 547 550 
171 248 354 517 547 549 
171 248 353 517 547 548 
170 249 353 518 
170 249 352 518 
170 249 352 518 
170 249 352 518 
170 249 352 518 
170 249 351 518 
170 249 351 518 
169 249 351 518 
169 249 350 518 
169 249 350 518 
168 249 350 519 
168 249 350 518 
168 249 349 518 
168 249 348 518 
167 250 348 518 
167 250 347 519 
167 250 347 519 
167 250 346 519 
167 250 346 519 
167 250 345 519 
167 251 344 519 
168 252 344 520 
168 253 343 520 
168 254 343 520 
169 254 342 520 
169 255 342 520 558 568 
170 270 341 520 555 570 
170 289 340 520 553 570 
170 318 340 520 552 569 
171 330 340 521 550 568 
171 335 336 521 548 567 
171 521 546 567 
172 522 544 566 
172 522 542 565 
172 522 541 564 
172 523 539 567 
172 523 537 568 
172 524 535 567 
172 524 533 565 
173 525 532 564 
173 525 530 562 
173 525 528 561 
173 559 
174 557 
174 554 
174 552 
175 548 
175 545 
176 544 
177 543 
178 543 
178 543 
179 544 
180 544 
181 544 
182 544 
183 544 
184 544 
185 544 
186 544 
187 544 
187 544 
188 544 
190 545 
190 545 
192 545 
194 545 
196 545 
200 546 
202 546 
206 547 
210 547 
216 547 
224 548 
232 548 
239 549 
240 550 
240 550 
240 551 
241 551 
241 552 
241 553 
241 554 
241 555 
241 555 
241 556 
241 557 
241 558 
241 558 
242 559 
242 560 
242 560 
242 561 
242 562 
242 563 
242 563 
243 563 
243 564 
243 565 
243 565 
243 566 
243 566 
244 567 
244 567 
244 568 
245 568 
245 569 
245 569 
