0 640 
0 640 
0 640 
0 640 
0 640 
0 640 
0 640 
0 640 
0 640 
0 640 
0 640 
0 640 
0 640 
0 640 
0 640 
0 640 
0 640 
0 640 
0 640 
0 640 
0 640 
0 640 
0 640 
0 640 
0 640 
0 640 
0 640 
0 640 
0 640 
0 640 
0 640 
0 640 
0 640 
0 640 
0 640 
0 640 
0 640 
0 640 
0 275 279 640 
0 275 280 640 
0 274 281 640 
0 274 282 640 
0 274 282 640 
0 274 283 640 
0 274 284 640 
0 274 284 640 
0 274 285 640 
0 274 286 640 
0 274 286 640 
0 274 287 640 
0 274 288 456 458 640 
0 274 289 455 457 640 
0 274 289 455 457 640 
0 274 290 454 457 640 
0 274 291 453 457 640 
0 274 292 452 457 640 
0 274 292 451 456 640 
0 274 293 451 456 640 
0 274 293 450 456 640 
0 274 295 449 456 640 
0 274 295 448 455 640 
0 274 296 448 455 640 
0 274 297 447 455 640 
0 275 297 446 455 640 
0 275 298 445 455 640 
0 275 298 445 455 640 
0 275 299 444 455 640 
0 275 300 443 454 640 
0 275 301 442 454 640 
0 275 302 442 454 640 
0 275 302 441 454 640 
0 275 303 440 454 640 
0 275 304 439 454 640 
0 275 304 321 359 363 370 439 454 640 
0 275 305 314 387 438 454 640 
0 275 305 311 397 437 454 640 
0 275 306 309 402 437 454 640 
0 272 409 436 454 640 
0 261 412 435 454 640 
0 247 415 435 454 640 
0 246 416 434 454 640 
0 246 417 433 454 640 
0 247 418 432 454 640 
0 247 419 429 454 640 
0 248 420 427 454 640 
0 249 421 426 453 640 
0 250 421 424 453 640 
0 251 453 640 
0 252 453 640 
0 253 453 640 
0 254 455 640 
0 255 456 640 
0 256 458 640 
0 257 459 640 
0 258 460 640 
0 259 460 640 
0 260 461 640 
0 262 461 640 
0 263 462 640 
0 265 462 640 
0 266 462 640 
0 268 462 640 
0 269 462 640 
0 269 463 640 
0 268 463 640 
0 267 463 640 
0 265 463 640 
0 264 463 640 
0 263 464 640 
0 261 465 640 
0 260 469 640 
0 259 471 640 
0 258 474 640 
0 256 477 640 
0 255 480 640 
0 254 483 640 
0 253 486 640 
0 252 489 640 
0 251 491 640 
0 250 494 640 
0 249 495 640 
0 248 496 640 
0 247 495 640 
0 246 494 640 
0 245 492 640 
0 244 490 640 
0 243 487 640 
0 242 484 640 
0 241 481 640 
0 240 479 640 
0 239 477 640 
0 238 474 640 
0 237 470 640 
0 236 466 640 
0 235 463 640 
0 234 460 640 
0 234 462 640 
0 234 465 640 
0 233 245 249 468 640 
0 233 241 251 469 640 
0 252 470 640 
0 254 471 640 
0 257 472 640 
0 260 473 640 
0 263 473 640 
0 267 473 640 
0 275 472 640 
0 280 471 640 
0 283 470 640 
0 288 467 640 
0 291 465 640 
0 290 461 640 
0 289 448 453 456 640 
0 288 444 640 
0 288 441 640 
0 287 429 640 
0 287 428 640 
0 287 429 640 
0 287 429 640 
0 287 430 640 
0 286 430 640 
0 286 430 640 
0 286 431 640 
0 286 431 640 
0 286 431 640 
0 286 431 640 
0 287 431 640 
0 287 431 640 
0 287 431 640 
0 287 431 640 
0 287 431 640 
0 287 431 640 
0 287 431 640 
0 287 431 640 
0 288 431 640 
0 288 431 640 
0 288 430 640 
0 288 430 640 
0 288 430 640 
0 288 430 640 
0 288 430 640 
0 288 429 640 
0 288 429 640 
0 288 429 640 
0 288 429 640 
0 288 428 640 
0 288 428 640 
0 289 428 640 
0 289 428 640 
0 289 428 640 
0 289 428 640 
0 289 427 640 
0 289 427 640 
0 289 427 640 
0 290 427 640 
0 290 427 640 
0 290 427 640 
0 290 427 640 
0 290 427 640 
0 290 427 640 
0 290 427 640 
0 290 427 640 
0 289 427 640 
0 289 427 640 
0 289 427 640 
0 289 427 640 
0 289 426 640 
0 289 426 640 
0 289 426 640 
0 289 426 640 
0 289 426 640 
0 289 426 640 
0 289 426 640 
0 289 426 640 
0 289 426 640 
0 289 426 640 
0 289 426 640 
0 289 426 640 
0 289 426 640 
0 289 426 640 
0 289 426 640 
0 289 426 640 
0 289 426 640 
0 289 426 640 
0 289 426 640 
0 289 426 640 
0 289 426 640 
0 289 426 640 
0 289 426 640 
0 289 426 640 
0 289 426 640 
0 289 426 640 
0 289 426 640 
0 289 426 640 
0 288 426 640 
0 288 426 640 
0 288 426 640 
0 288 426 640 
0 288 427 640 
0 288 427 640 
0 288 427 640 
0 288 427 640 
0 288 427 640 
0 288 427 640 
0 288 427 640 
0 288 427 640 
0 288 427 640 
0 288 427 640 
0 288 427 640 
0 288 427 640 
0 288 427 640 
0 288 427 640 
0 288 427 640 
0 289 427 640 
0 289 427 640 
0 289 427 640 
0 289 427 640 
0 289 427 640 
0 289 427 640 
0 289 427 640 
0 289 427 640 
0 289 427 640 
0 289 427 640 
0 289 427 640 
0 289 427 640 
0 289 427 640 
0 288 427 640 
0 288 427 640 
0 288 427 640 
0 288 427 640 
0 286 427 640 
0 282 427 640 
0 277 427 640 
0 272 426 640 
0 269 425 640 
0 267 425 640 
0 265 426 640 
0 263 426 640 
0 261 427 640 
0 260 428 640 
0 258 430 640 
0 257 431 640 
0 256 432 640 
0 255 432 640 
0 254 433 640 
0 252 434 640 
0 251 435 640 
0 250 436 640 
0 249 436 640 
0 248 437 640 
0 247 438 640 
0 245 439 640 
0 244 439 640 
0 243 440 640 
0 242 440 640 
0 241 441 640 
0 240 441 640 
0 239 442 640 
0 238 442 640 
0 237 442 640 
0 236 443 640 
0 235 443 640 
0 234 443 640 
0 233 444 640 
0 232 444 640 
0 231 445 640 
0 231 445 640 
0 230 446 640 
0 229 446 640 
0 229 446 640 
0 228 447 640 
0 227 447 640 
0 226 448 640 
0 226 448 640 
0 225 448 640 
0 224 449 640 
0 224 449 640 
0 223 450 640 
0 223 450 640 
0 222 450 640 
0 222 451 640 
0 222 451 640 
0 221 452 640 
0 221 452 640 
0 220 452 640 
0 220 453 640 
0 220 453 640 
0 220 453 640 
0 220 454 640 
0 220 454 640 
0 220 454 640 
0 220 455 640 
0 220 455 640 
0 220 455 640 
0 220 456 640 
0 220 456 640 
0 220 456 640 
0 221 456 640 
0 221 457 640 
0 222 457 640 
0 222 457 640 
0 222 457 640 
0 221 457 640 
0 220 457 640 
0 219 457 640 
0 218 457 640 
0 218 457 640 
0 218 457 640 
0 217 457 640 
0 216 457 640 
0 215 456 640 
0 215 456 640 
0 214 456 640 
0 213 456 640 
0 212 455 640 
0 211 455 640 
0 211 454 640 
0 210 454 640 
0 209 453 640 
0 209 452 640 
0 208 452 640 
0 208 451 640 
0 207 450 640 
0 207 449 640 
0 208 448 640 
0 208 447 640 
0 208 274 280 446 640 
0 208 273 280 446 640 
0 209 272 280 446 640 
0 209 272 280 446 640 
0 210 271 280 446 640 
0 210 271 280 446 640 
0 209 270 280 446 640 
0 208 270 280 446 640 
0 208 269 280 446 640 
0 207 269 280 446 640 
0 206 268 280 446 640 
0 206 268 280 447 640 
0 205 268 280 447 640 
0 205 267 280 447 640 
0 204 267 280 447 640 
0 204 266 279 447 640 
0 204 266 279 447 640 
0 203 265 273 447 640 
0 203 265 267 446 640 
0 203 446 640 
0 202 445 640 
0 202 445 640 
0 201 444 640 
0 200 444 640 
0 200 443 640 
0 199 443 640 
0 199 443 640 
0 199 444 640 
0 198 444 640 
0 198 444 640 
0 198 445 640 
0 197 445 640 
0 197 445 640 
0 196 445 640 
0 196 446 640 
0 195 446 640 
0 195 443 444 446 640 
0 195 443 445 446 640 
0 194 443 445 447 640 
0 194 443 445 447 640 
0 194 443 446 447 640 
0 193 443 640 
0 193 443 640 
0 192 443 640 
0 192 443 640 
0 192 443 640 
0 192 443 640 
0 192 443 640 
0 191 443 640 
0 191 443 640 
0 191 444 640 
0 191 444 640 
0 191 444 640 
0 191 444 640 
0 192 444 640 
0 191 444 640 
0 192 444 640 
0 192 444 640 
0 192 445 640 
0 192 445 640 
0 192 301 302 445 640 
0 193 301 303 445 640 
0 193 301 303 446 640 
0 193 277 278 301 303 446 640 
0 193 273 279 301 303 447 640 
0 194 269 279 301 303 451 640 
0 194 266 279 301 304 458 640 
0 194 262 279 301 304 465 640 
0 195 259 279 301 304 468 640 
0 195 255 279 301 304 469 640 
0 196 251 279 301 305 469 640 
0 197 248 279 301 305 469 640 
0 197 244 279 301 305 469 640 
0 198 240 279 301 305 469 640 
0 198 236 280 301 306 469 640 
0 199 232 280 301 306 469 640 
0 200 228 280 301 306 468 640 
0 202 224 280 301 306 468 640 
0 204 219 280 301 306 468 640 
0 206 213 280 301 306 468 640 
0 281 301 306 468 640 
0 281 301 306 467 640 
0 281 301 306 467 640 
0 281 301 306 467 640 
0 281 301 306 466 640 
0 282 301 306 466 640 
0 282 301 306 466 640 
0 282 301 306 465 640 
0 282 301 306 465 640 
0 282 301 307 464 640 
0 282 301 307 464 640 
0 282 301 307 463 640 
0 279 463 640 
0 270 462 640 
0 265 461 640 
0 262 461 640 
0 257 460 640 
0 253 459 640 
0 250 458 640 
0 247 458 640 
0 245 457 640 
0 242 456 640 
0 240 455 640 
0 238 455 640 
0 236 454 640 
0 234 454 640 
0 232 454 640 
0 230 454 640 
0 229 454 640 
0 228 454 640 
0 228 454 640 
0 229 454 640 
0 230 454 640 
0 230 454 640 
