0 407 408 640 
0 407 408 640 
0 406 408 640 
0 406 408 640 
0 405 408 640 
0 405 408 640 
0 405 408 640 
0 405 408 640 
0 404 409 640 
0 404 408 640 
0 404 408 640 
0 403 408 640 
0 402 408 640 
0 401 409 640 
0 400 409 640 
0 397 410 640 
0 396 410 640 
0 396 411 640 
0 395 411 640 
0 395 412 640 
0 395 412 640 
0 395 412 640 
0 394 411 640 
0 395 411 640 
0 396 410 640 
0 397 409 640 
0 395 408 640 
0 393 407 640 
0 391 408 640 
0 390 409 640 
0 388 411 640 
0 387 412 640 
0 386 413 640 
0 386 392 394 414 640 
0 387 391 393 408 411 414 640 
0 386 391 393 408 412 414 640 
0 386 408 413 415 640 
0 385 408 412 415 640 
0 384 409 412 415 640 
0 383 415 640 
0 396 415 640 
0 396 408 410 415 640 
0 396 403 405 408 414 415 640 
0 395 403 406 407 640 
0 382 391 395 403 640 
0 375 403 640 
0 370 403 640 
0 367 407 640 
0 364 410 640 
0 360 413 640 
0 358 415 640 
0 356 418 640 
0 354 420 640 
0 352 422 640 
0 351 424 640 
0 349 426 640 
0 348 427 640 
0 347 429 640 
0 346 430 640 
0 345 431 640 
0 344 432 640 
0 343 434 640 
0 342 435 640 
0 341 435 640 
0 341 436 640 
0 340 437 640 
0 339 438 640 
0 339 439 640 
0 338 440 640 
0 337 441 640 
0 336 441 640 
0 336 442 640 
0 335 442 640 
0 335 443 640 
0 334 443 640 
0 333 444 640 
0 332 444 640 
0 332 444 640 
0 331 445 640 
0 331 445 640 
0 330 445 640 
0 329 446 640 
0 329 446 640 
0 328 446 640 
0 328 447 640 
0 327 447 640 
0 326 447 640 
0 326 447 640 
0 325 447 640 
0 325 448 640 
0 324 448 640 
0 323 448 640 
0 323 448 640 
0 322 448 640 
0 321 449 640 
0 321 449 640 
0 320 449 640 
0 319 450 640 
0 318 450 640 
0 318 450 640 
0 316 450 640 
0 315 450 640 
0 314 451 640 
0 310 451 640 
0 300 451 640 
0 290 451 640 
0 284 451 640 
0 278 451 640 
0 273 452 640 
0 269 452 640 
0 266 452 640 
0 263 452 640 
0 260 452 640 
0 257 452 640 
0 255 453 640 
0 252 453 640 
0 250 453 640 
0 247 453 640 
0 244 454 640 
0 242 454 640 
0 240 455 640 
0 237 455 640 
0 235 455 640 
0 233 456 640 
0 231 456 640 
0 229 457 640 
0 228 458 640 
0 226 458 640 
0 224 459 640 
0 222 460 640 
0 221 461 640 
0 219 462 640 
0 217 464 640 
0 216 467 640 
0 214 469 640 
0 213 471 640 
0 211 473 640 
0 210 475 640 
0 209 478 640 
0 208 480 640 
0 207 482 640 
0 206 483 640 
0 205 485 640 
0 204 487 640 
0 203 489 640 
0 202 491 640 
0 201 492 640 
0 200 494 640 
0 200 495 640 
0 199 497 640 
0 198 498 640 
0 198 500 640 
0 198 501 640 
0 198 503 640 
0 198 505 640 
0 199 506 640 
0 199 507 640 
0 199 202 205 509 640 
0 199 202 206 510 640 
0 199 202 208 512 640 
0 199 203 209 513 640 
0 199 203 210 514 640 
0 199 203 211 515 640 
0 199 203 213 517 640 
0 199 203 214 518 640 
0 199 203 215 519 640 
0 199 203 215 520 640 
0 199 203 215 521 640 
0 199 203 215 522 640 
0 199 203 216 522 640 
0 200 203 216 524 640 
0 200 203 216 525 640 
0 200 204 216 526 640 
0 200 204 216 527 640 
0 200 204 216 528 640 
0 200 204 215 529 640 
0 200 204 215 530 640 
0 200 204 215 530 640 
0 200 204 215 531 640 
0 201 204 215 532 640 
0 201 205 214 533 640 
0 201 205 214 534 640 
0 201 205 213 534 640 
0 201 205 212 535 640 
0 202 205 211 536 640 
0 202 206 211 537 640 
0 202 206 210 537 640 
0 202 206 209 538 640 
0 202 207 209 215 217 221 226 539 640 
0 203 214 218 222 235 540 640 
0 203 213 219 222 243 540 640 
0 204 212 219 222 248 541 640 
0 204 211 219 223 254 541 640 
0 205 210 220 223 257 542 640 
0 206 209 220 224 260 542 640 
0 221 224 264 543 640 
0 221 225 267 543 640 
0 221 225 270 544 640 
0 222 226 272 544 640 
0 222 226 274 545 640 
0 223 227 276 545 640 
0 223 227 278 545 640 
0 224 228 279 546 640 
0 224 228 281 546 640 
0 225 229 283 547 640 
0 226 230 285 547 640 
0 226 230 286 547 640 
0 227 231 288 547 640 
0 227 232 289 547 640 
0 228 232 290 547 640 
0 229 233 292 546 640 
0 229 234 294 540 543 546 640 
0 230 235 294 539 543 546 640 
0 231 236 295 538 543 546 640 
0 232 237 295 538 543 546 640 
0 232 238 296 538 542 546 640 
0 233 239 296 538 542 546 640 
0 234 240 296 538 542 546 640 
0 235 241 296 538 542 546 640 
0 236 242 297 538 542 546 640 
0 237 243 296 538 542 545 640 
0 238 244 294 538 542 545 640 
0 239 246 291 538 542 545 640 
0 240 247 288 538 541 545 640 
0 241 249 284 539 541 545 640 
0 243 251 279 375 379 539 541 545 640 
0 243 253 275 375 384 539 541 545 640 
0 244 255 270 375 389 539 541 545 640 
0 245 375 393 540 541 545 640 
0 246 288 291 376 397 540 541 545 640 
0 249 284 291 376 400 540 541 545 640 
0 250 279 290 376 404 540 541 545 640 
0 255 272 290 376 408 488 508 540 541 545 640 
0 289 376 410 484 515 540 541 545 640 
0 288 376 413 480 519 540 541 545 640 
0 288 376 417 476 523 540 541 545 640 
0 287 376 419 474 527 545 640 
0 287 376 422 471 531 545 640 
0 287 376 424 468 533 545 640 
0 286 376 426 466 531 545 640 
0 286 376 430 464 530 544 640 
0 286 376 432 462 530 544 640 
0 285 376 436 460 530 544 640 
0 285 376 439 458 529 544 640 
0 285 376 439 456 528 534 537 544 640 
0 285 377 436 455 528 532 539 544 640 
0 285 377 434 456 527 532 540 544 640 
0 285 377 432 446 451 457 526 530 542 543 640 
0 285 377 431 444 452 458 525 530 640 
0 285 377 428 441 453 460 524 529 640 
0 285 377 426 438 454 461 523 528 640 
0 286 377 424 435 455 462 522 527 640 
0 286 377 421 433 456 463 521 526 640 
0 286 377 419 430 458 465 520 525 640 
0 287 377 416 428 459 466 519 525 640 
0 287 377 413 425 460 467 518 524 640 
0 286 378 410 423 461 468 517 523 640 
0 285 378 405 420 463 470 516 522 640 
0 285 379 400 418 464 472 514 520 640 
0 285 381 395 415 464 474 513 519 640 
0 284 384 390 412 465 476 512 518 640 
0 284 409 466 478 510 517 640 
0 283 405 467 480 509 515 640 
0 282 400 469 484 507 515 640 
0 281 397 471 490 505 513 640 
0 281 390 474 494 501 512 640 
0 281 383 476 510 640 
0 280 383 480 508 640 
0 280 383 485 506 640 
0 279 383 489 504 640 
0 279 383 494 501 640 
0 278 383 640 
0 278 286 287 383 640 
0 278 286 287 383 640 
0 278 285 287 383 640 
0 278 285 287 383 640 
0 279 282 286 383 640 
0 279 281 286 383 640 
0 286 383 640 
0 286 384 640 
0 285 384 640 
0 285 384 640 
0 285 385 640 
0 285 385 640 
0 285 385 640 
0 284 386 640 
0 284 386 640 
0 283 387 640 
0 283 387 640 
0 283 387 640 
0 282 388 640 
0 282 388 640 
0 282 388 640 
0 282 389 640 
0 282 389 640 
0 283 389 640 
0 283 390 640 
0 283 390 640 
0 283 390 640 
0 284 391 640 
0 284 391 640 
0 285 391 640 
0 286 392 640 
0 286 392 640 
0 287 392 640 
0 288 393 640 
0 290 296 299 393 640 
0 299 393 640 
0 298 394 640 
0 298 394 640 
0 298 395 640 
0 298 395 640 
0 297 395 640 
0 297 396 640 
0 297 396 640 
0 296 397 640 
0 296 397 640 
0 295 398 640 
0 295 398 640 
0 294 399 640 
0 294 399 640 
0 293 400 640 
0 293 400 640 
0 292 401 640 
0 292 401 640 
0 291 402 640 
0 291 402 640 
0 290 402 640 
0 290 403 640 
0 289 403 640 
0 289 403 640 
0 288 404 640 
0 288 404 640 
0 287 396 397 404 640 
0 287 396 398 405 640 
0 286 397 398 405 640 
0 286 397 398 405 640 
0 285 397 399 405 640 
0 285 398 399 406 640 
0 285 398 399 406 640 
0 284 398 400 406 640 
0 284 398 400 407 640 
0 283 399 401 407 640 
0 283 399 401 407 640 
0 283 399 402 407 640 
0 282 399 402 407 640 
0 282 399 402 404 405 408 640 
0 281 399 406 408 640 
0 281 400 406 408 640 
0 281 400 407 408 640 
0 280 400 407 408 640 
0 280 400 407 408 640 
0 280 400 408 409 640 
0 279 400 408 409 640 
0 279 401 640 
0 279 401 640 
0 278 401 640 
0 278 401 640 
0 278 401 640 
0 278 397 398 401 640 
0 277 401 640 
0 277 401 640 
0 277 401 640 
0 276 402 640 
0 276 402 640 
0 276 402 640 
0 275 402 640 
0 275 398 399 402 640 
0 275 398 399 402 640 
0 275 398 399 402 640 
0 274 398 399 402 640 
0 274 398 399 402 640 
0 274 402 640 
0 273 402 640 
0 273 399 400 402 640 
0 273 399 400 402 640 
0 273 399 400 403 640 
0 272 399 400 403 640 
0 272 399 400 403 640 
0 272 398 400 403 640 
0 271 398 400 403 640 
0 271 398 400 403 640 
0 271 398 400 403 640 
0 271 398 400 403 640 
0 270 398 400 404 640 
0 270 404 640 
0 270 405 640 
0 270 405 640 
0 269 405 640 
0 269 406 640 
0 269 406 640 
0 268 406 640 
0 268 406 640 
0 268 406 640 
0 267 406 640 
0 267 406 640 
0 267 406 640 
0 266 406 640 
0 266 407 640 
0 266 407 640 
0 265 407 640 
0 265 407 640 
0 265 399 401 408 640 
0 265 399 402 407 640 
0 264 399 403 406 640 
0 264 399 640 
0 264 399 640 
0 263 400 404 405 640 
0 263 400 404 405 640 
0 263 400 640 
0 262 400 640 
0 262 400 640 
0 262 400 640 
0 261 401 640 
0 261 396 397 401 640 
0 260 396 397 401 640 
0 260 396 398 401 640 
0 260 396 398 401 640 
0 260 396 398 401 640 
0 259 396 398 402 640 
0 259 396 399 402 640 
0 259 396 399 402 640 
0 258 396 399 402 640 
0 258 396 400 402 640 
0 258 395 400 402 640 
0 257 395 400 402 640 
0 257 395 401 403 640 
0 256 394 401 403 640 
0 256 394 401 403 640 
0 256 394 401 403 640 
0 255 394 402 403 640 
0 255 393 402 404 640 
0 255 393 402 404 640 
0 254 393 403 404 640 
0 254 393 403 404 640 
0 253 388 389 393 403 404 640 
0 253 387 389 393 640 
0 253 387 389 393 404 405 640 
0 252 388 389 393 404 405 640 
0 252 393 640 
0 252 392 640 
0 251 392 640 
0 251 391 640 
0 251 391 640 
0 250 391 640 
0 250 390 640 
0 249 390 640 
0 249 390 640 
0 249 391 640 
0 248 391 640 
0 248 392 640 
0 247 392 640 
0 247 392 640 
0 247 393 640 
0 246 393 640 
0 246 393 640 
0 245 394 640 
0 245 394 640 
0 245 395 640 
0 244 395 640 
0 244 396 640 
0 244 396 640 
0 243 396 640 
0 243 397 640 
0 242 397 640 
0 242 397 640 
0 242 398 640 
0 241 398 640 
0 241 398 640 
0 240 399 640 
0 240 400 640 
0 240 400 640 
0 240 401 640 
0 239 401 640 
0 239 401 640 
0 238 402 640 
0 238 402 640 
0 238 402 640 
0 237 403 640 
0 237 402 640 
