384 404 425 533 
382 405 425 533 
376 412 423 533 
371 417 422 533 
368 534 
364 535 
361 536 
358 537 
356 537 
353 537 
350 538 
348 538 
345 539 
344 539 
342 538 
339 538 
337 539 
335 540 
333 540 
331 541 
330 539 
328 540 
326 540 
325 541 
323 541 
322 541 
321 541 
320 541 
319 541 
317 541 
316 540 
315 540 
314 539 
314 532 534 538 
312 532 
311 532 
311 530 
310 528 
309 521 
309 519 
308 518 
307 518 
306 516 
306 517 
305 518 
305 520 522 530 
304 536 
304 543 
303 544 
303 544 
302 553 
302 553 
301 553 
301 553 
301 551 
300 550 
300 550 
300 550 
299 549 
299 546 547 548 
299 545 
298 545 
298 545 
298 544 
298 543 
297 541 
297 540 
297 540 
297 539 
297 539 
297 537 
297 536 
297 535 
297 535 
297 534 
297 534 
297 533 
297 532 
297 530 
297 529 
296 529 
296 528 
296 527 
296 524 
296 524 
296 524 
295 523 
295 522 
294 521 
293 520 
291 517 
290 516 
289 516 
287 515 
286 512 
284 511 
282 511 
281 509 
280 507 
278 505 
275 503 
274 497 500 501 
272 496 
270 496 
268 495 
267 495 
265 495 
262 495 
261 494 
258 494 
256 494 
254 494 
239 245 251 493 
239 493 
239 493 
239 492 
240 492 
240 492 
240 491 
241 491 
241 490 
241 490 
242 489 
242 489 
242 489 
242 489 
243 489 
243 490 
244 490 
244 491 
245 491 
245 492 
246 492 
246 277 278 493 
247 274 280 493 
249 272 280 494 
251 269 280 494 
252 267 280 495 
254 265 280 495 
279 496 
279 497 
278 282 283 497 
278 279 283 498 
277 279 283 498 
282 286 287 499 
282 285 287 500 
282 284 287 500 
282 283 287 501 
287 502 
287 502 
287 503 
288 289 290 504 
289 290 291 504 
291 505 
292 506 
292 506 
294 507 
295 508 
295 510 
296 511 
297 513 
298 515 
299 308 309 517 
299 308 310 518 
301 308 311 519 
302 308 312 519 
303 309 313 519 
306 309 314 519 
307 309 315 519 
316 519 
316 486 489 518 
317 485 492 498 500 517 
318 486 500 516 
319 486 501 515 
320 486 502 514 
321 487 503 513 
322 487 507 512 
323 487 509 510 
323 488 
323 488 
322 489 
321 490 
320 490 
319 491 
319 492 
319 490 
319 490 
320 490 
322 491 
324 491 
325 492 
326 492 
326 493 
326 493 
326 494 
326 494 
326 495 
326 495 
326 496 
326 497 
325 490 491 498 
324 491 493 498 
324 464 466 491 496 498 
324 464 468 478 486 491 
324 464 470 479 
323 464 470 479 
323 465 471 480 
322 336 337 465 472 480 
322 335 337 465 473 480 
321 333 336 465 474 481 
321 332 336 465 476 481 
320 331 336 465 478 481 
320 330 335 465 
319 323 324 328 335 465 
318 321 323 327 335 451 453 465 
318 320 323 326 335 451 453 465 
317 319 322 325 335 345 346 452 454 465 
322 325 334 344 346 452 455 465 
334 344 346 369 373 452 455 465 
334 343 346 367 372 380 381 452 456 465 
334 342 345 348 349 354 355 365 372 379 381 451 456 465 
334 336 337 341 346 347 349 353 357 362 372 379 380 451 457 465 
337 340 349 352 372 378 380 452 458 465 
337 339 349 352 371 377 379 452 459 465 
336 338 371 377 378 452 460 465 
371 452 460 461 462 465 
370 452 463 465 
370 448 449 452 
370 448 450 452 
371 448 
374 448 
374 448 
374 448 
374 448 
374 448 
372 447 
371 447 
368 447 
365 447 
361 447 
359 447 
356 447 
354 447 
352 447 
350 447 
348 447 
346 447 
345 447 
344 447 
343 447 
342 447 
341 447 
340 447 
340 447 
339 447 
339 447 
338 448 
338 448 
337 449 
337 450 
336 451 
336 451 
335 452 
335 453 
335 454 
334 455 
334 455 
333 456 
333 457 
332 458 
332 458 
331 459 
331 460 
330 460 
329 461 
328 462 
326 462 
324 463 
323 463 
321 464 
145 218 320 464 
136 224 318 465 
133 226 317 465 
131 231 315 466 
130 234 314 466 
130 237 312 466 
130 240 311 467 
130 244 310 467 
130 246 309 467 
130 248 307 467 
130 249 306 467 
131 251 305 467 
131 255 305 467 
131 258 304 467 
131 260 304 467 
132 263 303 467 
132 266 303 467 
132 269 303 466 
133 271 303 466 
133 273 304 466 
134 274 305 466 
134 276 305 465 
135 277 306 465 
135 278 306 465 
136 279 307 464 
137 280 308 464 
138 281 309 464 
139 282 308 464 
140 283 307 463 
140 284 307 464 
142 284 306 466 
143 285 306 468 
144 286 305 470 
146 287 305 472 
131 141 146 287 305 474 
127 143 147 288 304 476 
126 289 304 478 
126 290 303 480 
127 290 302 482 
128 291 300 483 
129 292 295 485 
130 487 
132 489 
134 491 
136 493 639 640 
137 494 637 640 
137 496 635 640 
138 498 634 640 
138 500 632 640 
139 502 631 640 
140 299 300 503 628 640 
141 505 627 640 
143 507 625 640 
145 509 623 640 
148 510 534 540 621 640 
150 512 531 545 618 640 
151 514 530 550 616 640 
152 515 529 555 613 640 
153 517 529 560 610 640 
153 519 528 564 607 640 
154 520 528 571 601 640 
154 522 528 580 590 640 
155 524 528 640 
155 526 528 640 
155 640 
156 640 
157 640 
158 640 
159 640 
161 640 
164 197 198 640 
167 195 200 640 
200 226 229 640 
202 221 230 640 
204 216 231 456 475 640 
232 451 478 640 
232 449 482 640 
233 449 486 640 
233 449 490 640 
234 448 492 640 
235 448 494 640 
236 447 496 640 
236 447 498 640 
237 446 500 640 
237 446 502 640 
238 445 504 640 
239 442 443 445 505 640 
240 442 507 640 
240 443 508 640 
241 442 510 640 
242 442 511 640 
242 442 512 640 
243 441 514 640 
244 439 515 640 
245 438 517 640 
245 437 518 640 
246 435 519 640 
246 431 520 640 
247 425 521 640 
248 424 523 640 
249 424 524 640 
249 424 525 640 
250 424 526 640 
250 423 528 640 
251 423 529 640 
252 423 530 640 
253 423 531 640 
253 423 532 640 
254 422 533 640 
255 422 534 640 
255 422 536 640 
256 421 537 640 
257 421 537 640 
258 421 538 640 
259 421 540 640 
259 420 541 640 
260 420 542 640 
261 420 543 640 
262 420 544 640 
263 419 545 640 
264 419 546 640 
265 419 547 640 
266 419 548 640 
267 419 549 640 
269 418 550 640 
270 418 551 640 
273 418 552 640 
274 418 553 640 
277 417 554 640 
279 417 555 640 
283 417 556 640 
287 417 557 640 
288 416 558 640 
289 416 558 640 
290 416 560 640 
290 415 561 640 
291 415 561 640 
291 415 562 640 
292 415 563 640 
293 414 564 631 638 640 
293 414 565 629 
294 414 566 626 
295 414 567 624 
295 414 568 622 
296 414 569 620 
296 413 570 619 
297 413 571 617 
297 413 572 616 
297 413 573 614 
296 413 574 613 
296 413 575 612 
296 412 575 611 
296 413 576 610 
296 412 577 608 
296 412 578 606 
296 413 580 605 
296 413 581 605 
295 413 582 603 
295 413 583 602 
295 413 584 602 
295 414 585 600 
295 414 587 599 
295 414 588 598 
295 414 591 596 
295 415 
295 415 
295 415 
294 416 
294 416 
294 416 
294 417 
294 417 
294 417 
293 417 
293 418 
293 418 
293 418 
293 418 
292 418 
292 419 
292 419 
292 419 
292 420 
291 420 
291 421 
290 422 
288 423 
286 424 
285 425 
284 425 
283 427 
282 427 
282 428 
281 429 
281 430 
281 432 
281 433 
281 436 
280 443 
280 443 
