





























































































































































0 1 
0 1 
0 1 
0 2 
0 2 
0 3 
0 3 
0 3 
0 4 
0 4 
0 4 
0 5 
0 5 
0 5 
0 5 
0 5 
0 6 
0 6 
0 6 
0 6 
0 6 
0 6 
0 6 
0 7 
0 7 
0 7 
0 7 
0 7 
0 7 
0 7 
0 7 
0 7 
0 7 
0 7 
0 8 
0 8 
0 8 
0 8 
0 8 
0 8 
0 8 
0 8 
0 7 
0 7 
0 7 
0 7 
0 7 
0 7 
0 7 
0 7 
0 7 
0 7 
0 7 
0 7 
0 7 
0 7 
0 7 
0 7 
0 8 
0 8 
0 7 
0 7 
0 7 
0 7 
0 7 
0 7 
0 7 
0 7 
0 7 
0 7 
0 7 
0 7 
0 7 
0 7 
0 6 
0 6 
0 5 
0 4 
0 3 


















































































































228 229 
224 230 
223 231 
223 232 
222 233 
222 234 
221 235 
219 236 
219 237 
219 238 
218 239 
218 239 240 241 
218 242 
218 242 
218 242 
217 243 
217 244 
218 244 
218 245 
217 245 
217 245 
217 245 
217 245 
216 246 
216 246 
216 246 
216 246 
216 246 
216 245 
216 245 
216 245 
216 244 
216 244 
217 244 
217 243 
217 243 
218 242 
218 242 
218 241 
218 241 
218 241 
219 241 256 258 
219 242 254 259 
219 242 252 260 
220 243 250 261 
221 245 248 261 
221 236 237 261 
222 235 238 261 
224 234 238 248 249 261 
224 233 237 250 252 261 
224 233 237 261 
224 234 236 261 
226 234 236 262 
227 228 231 234 235 262 
232 262 
231 262 
231 262 
229 252 257 263 
230 252 257 263 
231 253 257 268 
232 253 257 272 273 274 
233 253 257 274 
233 254 256 274 
233 255 256 275 
233 275 
235 275 
235 275 
235 276 
236 276 
237 276 
237 277 
238 277 
239 277 
240 277 
241 277 
242 249 255 277 
256 277 
257 277 
257 277 
257 277 
257 277 
258 277 
258 277 
258 277 
258 277 
258 277 
258 276 
259 276 
259 275 
260 271 
259 269 
259 269 
259 269 
259 269 
259 269 
259 269 
259 268 
260 267 
261 266 
262 264 
























67 72 
64 75 
62 78 
61 80 
60 81 
