0 320 
0 320 
0 320 
0 320 
0 320 
0 320 
0 320 
0 320 
0 320 
0 320 
0 320 
0 320 
0 320 
0 320 
0 320 
0 320 
0 320 
0 320 
0 320 
0 320 
0 320 
0 320 
0 320 
0 320 
0 320 
0 320 
0 320 
0 320 
0 320 
0 320 
0 320 
0 320 
0 320 
0 320 
0 320 
0 320 
0 320 
0 320 
0 320 
0 320 
0 320 
0 320 
0 320 
0 320 
0 320 
0 320 
0 320 
0 320 
0 320 
0 320 
0 320 
0 320 
0 320 
0 320 
0 320 
0 320 
0 320 
0 320 
0 320 
0 320 
0 320 
0 320 
0 320 
0 320 
0 320 
0 320 
0 320 
0 320 
0 320 
0 320 
0 320 
0 320 
0 320 
0 320 
0 320 
0 320 
0 320 
0 320 
0 320 
0 320 
0 320 
0 320 
0 320 
0 320 
0 320 
0 320 
0 320 
0 320 
0 320 
0 320 
0 320 
0 320 
0 320 
0 320 
0 320 
0 320 
0 320 
0 320 
0 320 
0 320 
0 320 
0 320 
0 320 
0 320 
0 320 
0 320 
0 320 
0 320 
0 320 
0 320 
0 320 
0 320 
0 320 
0 320 
0 320 
0 320 
0 320 
0 320 
0 320 
0 320 
0 325 
0 327 
0 318 320 328 
0 317 320 330 
0 315 320 333 
0 298 320 342 
0 295 320 347 
0 262 264 292 320 352 
0 261 266 289 320 354 381 382 
0 260 267 287 320 356 380 383 
0 260 268 286 320 357 379 384 
0 260 269 284 320 358 378 385 
0 259 269 283 320 360 377 385 
0 259 270 281 320 360 376 385 
0 259 271 280 320 361 374 385 
0 259 272 279 320 363 373 385 
0 259 273 279 320 363 373 385 
0 259 274 278 320 364 371 385 
0 259 275 277 320 365 370 385 
0 259 320 366 370 385 
0 259 320 366 369 385 
0 259 320 367 368 385 
0 259 320 385 
0 260 320 385 
0 260 320 385 
0 260 320 385 
0 260 320 385 
0 260 320 385 
0 260 320 384 
0 260 320 384 
0 261 320 384 
0 261 320 384 
0 261 320 384 
0 261 320 384 
0 261 320 383 
0 261 320 383 
0 262 320 383 
0 262 320 383 
0 262 320 383 
0 262 320 382 
0 262 320 382 
0 263 320 382 
0 263 320 382 
0 263 320 381 
0 263 320 381 
0 264 320 381 
0 264 320 381 
0 264 320 380 
0 258 261 263 320 380 
0 253 320 380 
0 251 320 382 386 389 
0 248 320 389 
0 245 320 390 
0 245 320 391 
0 245 320 394 
0 244 320 396 
0 243 320 398 
0 242 320 399 
0 240 255 257 320 400 
0 240 252 259 320 402 
0 239 250 261 320 403 
0 238 248 263 320 403 
0 238 246 264 320 404 
0 237 245 264 320 388 391 405 
0 237 244 263 320 388 393 405 
0 237 244 262 320 377 378 387 395 406 
0 237 243 261 320 377 379 386 396 406 
0 237 243 259 320 378 380 385 397 406 
0 237 242 258 320 379 383 384 398 406 
0 237 242 257 320 380 399 407 
0 237 242 255 320 382 400 407 
0 237 242 253 320 383 400 407 
0 237 243 252 320 384 400 407 
0 238 243 250 320 384 400 407 
0 238 243 249 320 384 400 407 
0 238 244 250 320 384 400 406 
0 239 245 251 320 384 399 406 
0 239 245 251 320 384 399 406 
0 240 246 252 256 259 320 384 398 405 
0 240 246 254 256 260 320 384 398 405 
0 241 247 261 320 384 397 404 
0 241 248 263 320 383 396 404 
0 242 249 266 320 383 395 403 
0 243 250 266 320 383 395 403 
0 243 250 266 320 383 394 402 
0 244 251 266 320 383 393 402 
0 245 252 266 320 382 392 401 
0 246 253 265 320 382 391 400 
0 246 254 265 320 381 390 400 
0 247 255 264 320 380 389 399 
0 248 256 264 271 272 320 379 388 398 
0 249 257 263 271 273 320 379 386 397 
0 250 258 263 264 266 270 274 320 379 385 396 
0 250 259 266 269 275 320 379 384 395 
0 251 261 266 268 275 320 366 367 380 383 394 
0 252 262 266 268 276 320 365 368 377 378 380 382 393 
0 253 263 266 267 277 320 364 371 377 379 392 
0 254 264 278 320 364 372 377 379 392 
0 255 265 278 320 364 373 377 378 391 
0 256 266 277 320 364 375 390 
0 257 269 275 320 365 375 389 
0 258 271 273 320 366 373 387 
0 259 320 386 
0 260 320 385 
0 261 320 384 
0 263 320 383 
0 264 320 382 
0 265 320 380 
0 267 293 294 320 379 
0 268 293 295 320 378 
0 270 293 295 320 377 
0 272 279 282 293 298 320 345 347 375 
0 282 286 287 293 299 320 345 347 373 
0 282 286 288 292 300 320 343 347 359 361 371 
0 282 286 288 292 300 320 342 347 359 
0 283 286 288 292 302 320 341 347 359 
0 283 286 289 291 302 320 340 348 358 
0 283 286 289 291 302 320 340 348 353 354 358 
0 283 285 289 291 301 320 341 348 352 354 358 
0 283 285 289 290 300 320 341 349 352 354 358 
0 283 285 300 320 342 349 352 355 358 
0 283 284 299 320 342 349 352 355 358 
0 299 320 343 350 352 355 358 
0 299 320 343 350 351 355 358 
0 283 284 298 320 343 350 351 355 358 
0 278 290 298 320 345 348 363 
0 271 320 371 
0 270 320 372 
0 269 320 372 
0 268 320 372 
0 268 320 373 
0 268 320 373 
0 268 320 373 
0 268 320 373 
0 268 320 372 
0 269 320 372 
0 269 320 372 
0 269 320 373 
0 269 320 372 
0 269 320 373 
0 268 320 374 
0 267 320 375 
0 266 320 376 
0 264 320 377 
0 263 320 379 
0 262 320 379 
0 262 320 380 
0 261 320 381 
0 260 320 381 
0 260 320 382 
0 259 320 382 
0 259 320 383 
0 258 320 383 
0 258 320 383 
0 258 320 384 
0 258 320 384 
0 257 320 385 
0 257 320 385 
0 257 320 385 
0 256 320 386 
0 256 320 386 
0 255 320 387 
0 255 320 387 
0 254 320 387 
0 254 320 388 
0 254 320 388 
0 253 320 389 
0 253 320 389 
0 252 320 390 
0 252 320 390 
0 252 320 391 
0 251 320 391 
0 251 320 392 
0 250 320 392 
0 250 320 393 
0 249 320 393 
0 249 320 393 
0 249 320 393 
0 249 320 394 
0 248 320 394 
0 248 320 394 
0 248 320 394 
0 248 320 394 
0 248 320 394 
0 248 320 394 
0 248 320 394 
0 249 320 394 
0 249 320 394 
0 250 320 394 
0 251 320 394 
0 252 320 395 
0 252 320 395 
0 252 320 395 
0 252 320 395 
0 252 320 395 
0 251 320 395 
0 251 320 396 
0 251 320 396 
0 251 320 396 
0 250 320 397 
0 250 320 397 
0 250 320 397 
0 250 320 397 
0 249 320 397 
0 249 320 385 387 397 
0 249 320 385 387 397 
0 248 320 385 388 397 
0 248 320 385 389 397 
0 248 320 386 389 397 
0 249 320 386 390 397 
0 249 320 386 390 396 
0 249 320 386 390 396 
0 249 320 385 391 395 
0 250 255 256 320 386 392 395 
0 250 255 257 320 385 
0 251 255 258 320 385 
0 258 320 386 
0 259 320 386 
0 259 320 386 
0 259 320 386 
0 259 320 386 
0 259 320 386 
0 259 320 386 
0 259 320 386 
0 259 320 386 
0 259 320 386 
0 259 320 386 
0 259 320 386 
0 259 320 385 
0 259 320 385 
0 259 320 385 
0 259 320 385 
0 259 320 385 
0 260 320 385 
0 260 320 385 
0 260 320 385 
0 260 320 385 
0 260 320 384 
0 260 320 384 
0 260 320 384 
0 260 320 384 
0 260 320 384 
0 260 320 384 
0 260 320 384 
0 260 320 384 
0 260 320 384 
0 260 320 384 
0 260 320 384 
0 260 320 384 
0 260 320 384 
0 260 320 384 
0 260 320 384 
0 261 320 384 
0 261 320 384 
0 261 320 384 
0 261 320 384 
0 261 320 383 
0 261 320 383 
0 261 265 267 320 383 
0 261 265 267 320 383 
0 261 265 268 320 383 
0 261 265 268 320 383 
0 261 265 270 320 383 
0 261 265 270 320 383 
0 261 265 271 320 383 
0 262 265 272 320 383 
0 262 265 273 320 383 
0 262 265 274 320 383 
0 262 265 274 320 383 
0 262 265 273 320 383 
0 262 265 272 320 383 
0 262 265 272 320 383 
0 262 265 271 320 383 
0 262 265 270 320 383 
0 262 265 270 320 375 376 383 
0 262 265 269 320 375 376 383 
0 262 265 268 320 374 376 383 
0 262 265 268 320 374 376 383 
0 262 265 267 320 374 376 383 
0 262 265 267 320 374 376 383 
0 262 320 375 376 383 
0 262 320 383 
0 262 320 383 
0 262 320 383 
0 262 320 383 
0 262 320 383 
0 262 320 383 
0 262 320 383 
0 262 320 383 
0 262 320 383 
0 261 320 383 
0 261 320 383 
0 260 320 383 
0 260 320 383 
0 259 320 383 
0 259 320 383 
0 258 320 383 
0 258 320 383 
0 258 320 383 
0 257 320 384 
0 257 320 384 
0 256 320 384 
0 256 320 385 
0 255 320 385 
0 255 320 386 
0 254 320 386 
0 254 320 387 
0 254 320 387 
0 253 320 387 
0 253 320 388 
0 253 320 388 
0 252 320 388 
0 252 320 389 
0 251 320 389 
0 251 320 390 
0 250 320 390 
0 250 320 390 
0 250 320 391 
0 249 320 391 
0 249 320 392 
0 249 320 392 
0 248 320 392 
0 248 320 393 
0 248 320 393 
0 247 320 393 
0 247 320 394 
0 247 320 394 
0 246 320 394 
0 246 320 395 
0 245 320 395 
0 245 320 395 
0 245 320 395 
0 245 320 395 
0 246 320 395 
0 246 320 394 
0 246 320 395 
0 246 320 395 
0 245 320 395 
0 245 320 396 
0 245 320 396 
0 244 320 397 
0 244 320 397 
0 243 320 398 
0 242 320 398 
0 242 320 399 
0 241 320 400 
0 240 320 401 
0 239 320 402 
0 239 320 402 
0 238 320 403 
0 238 320 403 
0 237 320 404 
0 236 320 405 
0 236 320 405 
0 235 320 406 
0 234 320 406 
0 234 320 407 
0 233 320 407 
0 233 320 408 
0 233 319 408 
