0 33 34 249 251 640 
0 32 35 249 252 640 
0 32 36 250 252 640 
0 34 36 250 252 640 
0 251 253 640 
0 640 
0 640 
0 640 
0 640 
0 640 
0 640 
0 640 
0 640 
0 640 
0 640 
0 640 
0 640 
0 640 
0 640 
0 640 
0 640 
0 640 
0 640 
0 640 
0 640 
0 640 
0 640 
0 640 
0 640 
0 640 
0 640 
0 588 590 640 
0 587 590 640 
0 586 590 640 
0 586 588 640 
0 640 
0 640 
0 640 
0 640 
0 640 
0 640 
0 640 
0 640 
0 640 
0 640 
0 640 
0 640 
0 225 226 640 
0 225 227 640 
0 225 228 640 
0 224 229 640 
0 224 229 640 
0 224 230 640 
0 225 230 640 
0 225 231 640 
0 225 231 640 
0 225 231 640 
0 226 231 640 
0 226 231 640 
0 227 230 640 
0 228 230 640 
0 228 230 640 
0 229 230 640 
0 640 
0 640 
0 640 
0 640 
0 640 
0 640 
0 640 
0 640 
0 640 
0 640 
0 640 
0 640 
0 215 217 640 
0 214 220 640 
0 215 225 640 
0 215 225 640 
0 216 225 640 
0 219 224 640 
0 640 
0 640 
0 640 
0 640 
0 640 
0 640 
0 640 
0 640 
0 640 
0 640 
0 268 270 640 
0 266 269 640 
0 264 267 640 
0 640 
0 640 
0 640 
0 640 
0 640 
0 640 
0 640 
0 640 
0 640 
0 640 
0 640 
0 361 364 640 
0 358 368 640 
0 354 372 640 
0 351 375 640 
0 349 377 640 
0 347 378 640 
0 345 380 640 
0 343 381 640 
0 341 383 640 
0 339 384 640 
0 338 386 640 
0 337 387 640 
0 336 388 640 
0 335 389 640 
0 334 390 640 
0 333 391 640 
0 332 391 640 
0 331 392 640 
0 330 393 640 
0 329 393 640 
0 328 394 640 
0 327 395 640 
0 325 395 640 
0 324 396 640 
0 323 396 640 
0 321 397 640 
0 320 398 640 
0 319 398 640 
0 318 399 640 
0 316 399 640 
0 313 400 640 
0 310 400 640 
0 302 401 640 
0 300 401 640 
0 299 401 640 
0 298 401 640 
0 304 401 640 
0 307 402 640 
0 306 402 640 
0 304 402 640 
0 301 402 640 
0 300 402 640 
0 296 402 640 
0 296 401 640 
0 295 401 640 
0 295 401 640 
0 295 401 640 
0 297 401 640 
0 297 401 640 
0 297 401 640 
0 295 401 640 
0 295 397 399 401 640 
0 295 397 640 
0 295 397 640 
0 295 397 640 
0 296 396 640 
0 295 395 640 
0 295 392 393 394 640 
0 295 385 387 391 640 
0 296 383 387 390 640 
0 297 378 379 381 640 
0 298 376 640 
0 298 375 640 
0 299 374 640 
0 300 374 640 
0 300 375 640 
0 304 375 640 
0 304 375 640 
0 304 375 640 
0 304 373 640 
0 304 370 640 
0 303 317 319 369 640 
0 303 305 308 315 319 330 331 368 640 
0 308 311 318 327 331 365 640 
0 316 326 331 364 640 
0 314 352 354 363 640 
0 312 363 640 
0 310 358 640 
0 309 357 640 
0 106 108 309 316 318 357 640 
0 105 111 318 358 640 
0 105 112 317 359 489 490 640 
0 105 113 316 361 489 492 640 
0 106 114 316 364 489 494 640 
0 106 114 315 367 490 495 640 
0 108 113 315 372 491 495 640 
0 111 113 315 376 493 496 640 
0 314 380 640 
0 314 384 640 
0 314 388 640 
0 314 393 640 
0 314 396 503 505 640 
0 314 400 502 507 640 
0 178 180 314 403 503 508 640 
0 177 180 314 406 504 509 640 
0 175 180 315 410 506 509 640 
0 174 180 315 411 640 
0 173 180 315 413 640 
0 173 180 315 414 640 
0 172 180 315 415 640 
0 172 180 316 417 640 
0 172 180 316 418 640 
0 172 180 316 419 640 
0 171 179 316 420 640 
0 171 179 317 421 640 
0 171 178 317 423 640 
0 171 177 218 220 317 424 640 
0 172 175 217 221 317 380 382 425 640 
0 216 221 318 380 390 427 640 
0 215 221 318 381 394 428 640 
0 214 220 318 382 399 430 640 
0 213 220 318 383 400 431 640 
0 214 218 319 383 401 433 640 
0 214 216 319 384 403 434 640 
0 320 385 404 435 640 
0 320 386 405 437 640 
0 320 386 406 438 640 
0 321 387 408 440 640 
0 321 388 409 440 640 
0 321 388 410 441 640 
0 321 389 411 442 640 
0 322 389 412 443 640 
0 322 390 413 443 640 
0 322 390 414 444 640 
0 322 391 416 444 640 
0 322 391 417 444 640 
0 323 391 418 445 452 459 640 
0 322 391 419 445 451 461 640 
0 322 391 420 445 449 462 640 
0 322 391 421 445 448 465 640 
0 322 390 423 466 640 
0 322 390 424 458 461 468 640 
0 322 390 425 458 464 469 640 
0 322 389 430 457 466 470 640 
0 322 389 434 457 467 471 640 
0 323 389 434 456 469 473 640 
0 323 388 434 455 470 475 640 
0 322 388 434 455 471 475 640 
0 322 387 434 455 473 475 640 
0 322 386 435 455 474 476 640 
0 322 386 435 456 474 477 640 
0 321 385 435 456 475 478 640 
0 321 385 435 457 475 478 640 
0 321 384 436 458 476 479 640 
0 321 383 436 459 476 479 640 
0 320 383 437 460 477 480 640 
0 320 382 437 460 477 481 640 
0 320 381 437 460 463 464 477 481 640 
0 319 381 435 436 438 459 463 464 477 482 640 
0 319 380 435 437 438 459 462 464 477 482 640 
0 318 379 436 437 438 459 462 464 476 482 640 
0 317 379 436 438 439 459 461 464 476 482 640 
0 316 378 437 459 461 464 475 482 640 
0 315 378 437 464 476 482 640 
0 314 378 436 464 476 481 640 
0 313 377 435 464 465 467 477 481 640 
0 312 377 435 467 479 480 640 
0 310 377 435 467 640 
0 309 377 436 467 640 
0 307 376 436 466 640 
0 305 376 437 467 640 
0 303 376 437 467 640 
0 302 376 438 466 640 
0 302 376 438 466 640 
0 303 376 439 465 640 
0 304 376 439 464 640 
0 306 375 440 464 640 
0 308 375 440 463 640 
0 316 375 441 462 640 
0 325 375 441 461 640 
0 327 375 442 461 640 
0 327 375 442 460 640 
0 327 375 442 460 640 
0 327 375 442 459 640 
0 327 375 442 459 640 
0 101 103 327 374 442 459 640 
0 101 104 327 374 442 458 640 
0 100 104 327 375 443 458 640 
0 100 105 327 375 443 458 640 
0 100 105 327 375 443 459 640 
0 100 105 326 377 443 459 640 
0 100 106 326 378 443 459 640 
0 100 106 325 378 443 459 640 
0 101 105 325 379 443 459 640 
0 101 106 325 380 443 460 640 
0 101 106 325 381 443 460 640 
0 101 106 325 381 443 460 640 
0 102 105 324 382 442 461 640 
0 102 105 324 383 442 461 640 
0 103 104 323 385 441 462 640 
0 322 386 441 462 640 
0 322 386 441 462 640 
0 321 386 441 462 640 
0 320 388 440 462 640 
0 319 389 440 462 640 
0 319 390 439 462 640 
0 318 392 439 462 640 
0 317 394 439 462 640 
0 317 396 440 462 640 
0 315 397 439 462 640 
0 315 399 439 462 640 
0 314 400 439 462 640 
0 313 402 439 462 640 
0 312 403 439 462 640 
0 311 400 402 404 439 462 640 
0 310 398 403 405 439 462 640 
0 309 398 404 406 439 462 640 
0 308 399 439 462 640 
0 307 400 439 462 640 
0 307 401 439 462 640 
0 306 401 439 462 640 
0 305 402 439 461 640 
0 304 402 439 461 640 
0 303 403 439 461 640 
0 303 403 440 461 640 
0 301 404 439 460 640 
0 301 404 439 460 640 
0 300 405 440 460 640 
0 299 380 382 400 401 405 440 460 640 
0 298 380 382 394 395 400 402 406 440 460 640 
0 297 381 383 394 397 400 404 406 440 459 640 
0 296 381 384 394 398 401 405 407 440 459 640 
0 296 381 385 394 398 401 405 407 440 459 640 
0 295 381 385 395 399 402 405 408 441 459 640 
0 294 381 386 388 392 395 399 402 406 409 441 458 640 
0 293 382 386 388 392 395 400 403 406 409 441 458 640 
0 292 382 387 389 393 396 401 403 407 410 441 458 640 
0 291 382 386 389 394 396 402 404 407 410 441 458 640 
0 291 382 385 388 394 396 402 404 408 411 442 457 640 
0 290 382 385 387 395 397 402 405 409 411 442 457 640 
0 289 382 395 397 403 406 409 411 442 457 640 
0 288 383 395 398 403 406 410 411 443 457 640 
0 287 383 396 397 404 406 443 456 640 
0 286 383 396 397 405 407 443 456 640 
0 285 383 396 397 405 407 443 456 640 
0 284 383 444 455 640 
0 283 383 444 455 640 
0 282 384 444 455 640 
0 281 384 444 454 640 
0 280 384 445 454 640 
0 279 384 445 454 640 
0 279 384 445 453 640 
0 278 385 445 453 640 
0 277 385 446 453 640 
0 275 385 446 452 640 
0 274 385 446 452 640 
0 274 385 447 452 640 
0 273 385 447 452 640 
0 271 385 447 451 640 
0 270 386 448 451 640 
0 269 386 448 451 640 
0 268 386 448 451 640 
0 267 386 448 450 640 
0 266 386 448 450 640 
0 265 386 640 
0 263 386 640 
0 262 387 640 
0 261 387 640 
0 260 390 640 
0 258 388 640 
0 257 387 640 
0 255 387 640 
0 254 387 640 
0 252 387 640 
0 251 388 640 
0 249 388 640 
0 248 388 640 
0 246 388 640 
0 244 388 640 
0 242 388 640 
0 241 388 640 
0 239 388 640 
0 237 388 640 
0 235 388 640 
0 234 388 640 
0 232 388 640 
0 230 388 640 
0 228 389 640 
0 227 389 640 
0 225 389 640 
0 223 389 640 
0 222 389 640 
0 221 389 640 
0 219 389 640 
0 218 390 640 
0 216 390 640 
0 215 390 640 
0 213 390 640 
0 212 390 640 
0 210 390 640 
0 209 390 640 
0 208 390 640 
0 206 390 640 
0 205 390 640 
0 203 390 640 
0 202 390 640 
0 200 391 640 
0 199 391 640 
0 197 391 640 
0 196 391 640 
0 194 391 640 
0 193 391 640 
0 191 391 640 
0 190 391 640 
0 188 391 640 
0 187 391 640 
0 187 391 640 
0 187 392 640 
0 188 392 523 527 640 
0 188 392 523 529 640 
0 189 392 523 530 640 
0 189 392 523 531 640 
0 189 392 523 531 640 
0 189 392 523 532 640 
0 190 392 523 532 640 
0 190 392 524 532 640 
0 189 393 525 532 640 
0 187 393 526 532 640 
0 186 393 528 531 640 
0 184 393 640 
0 183 393 640 
0 182 393 640 
0 180 393 640 
0 179 393 640 
0 178 393 640 
0 178 393 640 
0 179 394 640 
0 181 394 640 
0 184 394 640 
0 186 394 640 
0 187 394 640 
0 189 394 640 
0 190 394 640 
0 191 395 640 
0 192 395 640 
0 193 395 640 
0 193 395 640 
0 193 395 640 
0 194 395 640 
0 194 395 640 
0 194 395 640 
0 194 395 640 
0 194 395 640 
0 194 396 640 
0 194 396 640 
0 194 396 640 
0 194 396 640 
0 194 396 640 
0 194 396 640 
0 195 396 640 
0 195 396 640 
0 195 396 640 
0 195 396 640 
0 195 397 640 
0 195 397 640 
0 196 397 640 
0 197 397 640 
0 198 397 640 
0 200 397 640 
0 201 397 640 
0 203 397 640 
0 206 397 640 
0 208 397 640 
0 211 397 640 
0 214 397 640 
0 216 397 640 
0 219 397 640 
0 221 397 640 
0 223 397 640 
0 224 397 640 
0 226 397 640 
0 228 397 640 
0 230 396 640 
0 231 396 640 
0 232 396 640 
