












163 164 
162 164 
162 165 
162 165 167 168 172 173 
154 155 162 165 167 169 171 174 175 176 
154 157 162 169 170 174 175 177 
155 159 163 173 175 177 
156 160 163 172 174 177 
157 161 162 177 
158 177 
159 178 
159 178 
157 181 
151 183 
151 182 
156 179 
159 178 
160 178 
160 178 
159 179 
158 180 412 416 
157 181 412 417 
156 183 401 410 414 420 
155 183 402 419 420 421 
155 184 403 420 
154 185 405 420 
153 186 406 421 
152 187 407 422 
150 189 407 423 
150 190 408 423 
149 191 408 422 
148 192 408 422 
146 193 409 422 
146 194 409 421 
145 195 408 421 
144 195 408 420 
143 196 407 420 
133 135 142 197 406 419 
133 136 140 198 199 201 405 417 
132 201 393 396 404 416 
132 206 393 415 
132 207 208 209 395 415 
128 209 396 414 
127 209 397 417 
127 208 398 417 
128 207 396 418 
130 206 395 418 
130 205 393 419 
131 205 392 420 
132 205 391 421 
132 206 390 422 
133 204 389 423 
134 204 387 423 
135 204 386 424 
136 202 203 204 385 425 
137 203 384 425 
138 203 383 426 
139 204 381 427 
139 204 380 430 
140 204 379 429 
140 204 378 431 
140 205 377 430 
140 206 375 431 
140 204 205 206 367 371 374 431 
140 204 363 365 366 369 372 432 
140 204 362 433 434 435 
140 204 205 206 357 360 361 434 
140 204 356 434 
140 204 356 435 
140 204 356 436 
140 204 357 437 440 442 
140 205 357 435 436 442 
140 205 358 440 
140 205 359 444 
139 205 359 445 
139 140 141 205 360 445 
141 206 360 445 
141 207 361 443 
140 207 362 443 
141 206 362 442 
138 139 141 206 363 440 
140 205 363 440 
140 205 364 439 
139 205 364 438 
140 205 365 437 
141 205 365 436 
141 205 366 436 
140 206 366 436 
139 206 365 437 
140 204 364 439 
139 203 364 440 
139 203 363 440 
139 204 363 439 
140 206 362 439 
140 208 362 439 
140 209 362 440 
139 211 362 440 
138 212 361 440 
138 213 361 440 
137 214 361 440 
137 215 361 440 
136 215 361 440 
136 216 361 442 
135 217 361 442 
133 217 361 442 
133 218 361 442 
132 218 362 442 
131 134 135 219 362 442 
130 133 134 222 362 442 
130 132 133 225 362 442 
132 224 363 442 
132 225 363 442 
131 225 364 442 
131 224 365 442 
131 224 365 441 
131 225 366 441 
131 225 366 440 
130 225 366 440 
130 226 367 440 
130 226 367 440 
129 227 367 439 
129 227 367 438 
128 130 131 227 287 288 367 438 
128 130 132 228 285 288 367 437 
132 228 283 288 367 437 
131 228 281 290 368 436 
130 133 134 229 278 290 368 435 
130 132 134 229 274 290 368 435 
135 230 270 294 369 434 
135 230 268 296 369 434 
136 231 266 296 369 434 
136 231 264 296 370 433 
136 232 263 296 370 433 
137 233 260 297 361 362 370 432 
138 234 259 297 358 363 370 431 
138 235 257 298 299 300 358 430 
139 236 255 300 356 430 
140 237 254 299 300 301 355 429 
141 238 253 300 301 302 350 351 353 428 
142 238 252 300 301 303 350 427 
143 238 251 302 349 425 
143 238 251 302 303 304 342 424 
144 238 250 303 340 424 
145 238 250 304 339 423 
146 237 249 305 337 423 
146 237 249 309 335 427 
147 218 219 236 248 330 332 428 431 432 434 438 
148 219 220 235 248 428 430 432 441 456 458 459 
149 219 221 235 247 431 441 457 
150 219 223 234 247 432 440 458 
151 219 220 221 225 233 246 440 444 447 450 459 
152 219 246 440 442 447 450 460 462 463 
153 220 246 461 462 463 
155 220 246 462 
157 220 247 250 252 462 
158 221 248 249 253 461 
158 221 254 459 
159 221 254 459 
159 221 258 273 277 458 
160 222 262 263 279 458 
160 222 280 435 445 457 
161 222 281 457 
161 222 281 457 
162 222 282 456 
162 222 283 432 
162 222 284 434 
163 223 285 434 
163 224 286 433 
163 224 286 433 434 435 
163 223 287 432 
162 223 288 434 
163 224 289 433 434 435 
163 224 289 435 
163 224 290 434 
164 223 291 433 
165 222 291 433 
166 222 292 433 
167 221 293 432 
167 220 294 431 
168 220 294 430 
167 220 295 319 320 430 
168 219 297 316 320 429 
167 219 299 311 321 428 
166 219 301 309 321 427 
166 220 321 427 
165 220 321 426 
164 221 322 426 
164 222 322 425 
163 223 322 425 
162 223 323 425 
161 224 323 425 
161 224 322 425 
160 224 322 425 
160 224 318 425 
159 224 317 425 
159 225 315 424 
158 225 314 425 
158 225 314 424 
157 225 313 424 
157 225 313 424 
156 225 313 424 
156 226 313 424 
156 226 313 424 
155 227 313 424 
155 227 313 424 
154 227 312 425 
154 227 312 424 
154 227 311 424 
153 226 311 424 
153 226 311 425 
152 226 311 425 
152 228 312 426 
152 228 312 426 
151 228 312 426 
151 228 312 427 
150 228 312 427 
150 228 312 428 
149 228 317 430 
149 228 317 431 
148 228 316 431 
148 228 315 333 336 357 361 430 
147 229 313 333 337 355 362 429 
147 229 311 332 339 353 362 429 
146 229 309 330 343 349 363 428 
146 229 309 329 363 427 
145 229 310 327 363 426 
145 229 310 326 364 426 
144 229 311 325 364 425 
144 229 311 324 365 425 
143 229 312 322 365 424 
143 229 312 321 366 424 
142 229 313 320 366 424 
141 229 314 319 365 424 
141 229 364 426 
140 229 363 426 
140 229 362 425 426 427 
139 229 362 427 
138 229 361 426 
138 229 360 427 428 429 
137 229 359 427 
136 229 359 428 429 430 
135 229 358 429 
135 229 357 429 
134 229 357 430 
133 229 356 430 
133 229 356 430 
132 229 355 430 
131 229 355 430 
130 229 354 430 
129 229 354 431 
128 229 353 431 
128 229 353 432 
127 229 352 432 
126 229 352 432 
125 229 351 433 
124 229 350 433 
123 229 350 433 
122 229 349 433 
122 229 349 433 
121 229 348 434 
120 229 348 434 
120 229 347 434 
119 229 347 434 
119 229 346 434 
118 228 346 435 
118 228 345 435 
117 228 344 435 
117 228 344 435 
116 228 343 435 
115 228 343 435 
115 228 342 436 
115 227 341 436 
114 227 341 436 
114 227 340 437 
114 227 339 437 
114 226 339 437 
114 226 338 437 
113 226 337 437 
113 226 337 437 
113 225 336 438 
113 225 335 438 
113 224 334 438 
114 224 334 440 
114 224 333 440 
115 223 332 440 
116 222 332 441 
117 221 331 441 
118 221 330 441 
120 220 330 441 
122 220 329 441 
123 219 328 442 
126 218 328 442 
130 217 327 443 
133 216 326 443 
136 215 326 444 
140 214 325 444 
142 214 324 444 
142 214 324 445 
142 214 323 445 
141 214 323 445 
141 215 322 445 
141 215 321 446 
140 166 167 216 321 447 
140 165 169 216 320 447 
139 167 183 217 320 448 
139 166 190 218 320 449 
139 164 165 166 191 219 319 449 
138 164 165 166 191 218 319 450 
138 164 165 166 191 219 318 450 
138 164 191 219 318 450 
137 164 192 220 318 451 
137 163 192 220 317 451 
137 163 164 165 192 220 317 451 
137 163 192 220 316 452 
137 163 193 220 316 452 
137 163 193 220 316 452 
136 164 193 220 316 453 
136 165 193 221 315 453 
136 164 194 220 315 453 
136 162 163 164 194 220 315 453 
136 162 194 220 221 222 315 453 
136 161 194 220 221 222 316 454 
136 161 195 220 221 222 316 454 
136 162 195 220 316 454 
136 161 195 220 316 454 
136 161 195 220 317 454 
136 160 195 220 317 454 
136 160 161 162 195 220 318 455 
136 160 196 220 318 455 
136 160 196 220 319 455 
136 159 196 220 319 454 
136 159 196 220 320 454 
136 159 160 161 196 220 321 454 
136 159 160 161 197 220 322 453 
136 159 160 161 197 220 323 453 
136 158 160 161 197 219 324 453 
136 158 197 219 325 452 
136 158 197 219 326 452 
136 158 198 219 327 452 
135 157 198 219 328 451 
135 157 198 219 331 451 
135 157 158 159 198 222 333 450 
135 157 158 159 198 222 334 450 
135 157 158 159 198 222 335 450 
135 157 158 160 199 221 336 449 
135 157 199 221 337 448 
135 158 200 222 339 447 
135 158 200 222 340 446 
134 158 200 223 343 445 
133 158 200 223 345 444 
133 158 159 160 199 224 349 443 
133 158 159 160 199 223 349 443 
132 158 199 223 350 442 
132 159 198 222 353 441 
131 157 198 221 356 439 
131 156 198 221 358 436 
131 155 198 221 358 431 
131 154 155 156 198 220 359 428 
131 153 155 156 198 220 221 222 359 392 394 427 
132 153 154 156 198 220 221 223 360 391 395 430 
132 153 155 156 198 221 222 223 360 386 395 429 
133 154 199 222 360 386 396 429 
133 154 199 222 360 386 396 429 
133 154 157 158 200 223 360 385 396 429 
133 155 201 223 360 385 396 429 
133 156 201 224 360 385 396 429 
133 156 202 224 360 384 396 428 
133 156 202 224 359 384 396 428 
133 157 159 160 201 224 359 384 396 430 
132 157 201 223 358 384 396 430 
132 157 200 223 358 384 397 428 429 430 
132 158 200 223 224 225 357 383 397 428 429 430 
132 158 200 225 357 383 397 428 429 430 
131 158 200 225 357 383 397 428 429 430 
131 158 199 224 356 383 397 428 429 430 
131 158 199 224 356 382 397 428 
131 160 198 224 356 382 397 429 430 431 
131 158 159 160 189 224 355 382 397 429 
130 160 174 224 355 382 398 429 431 432 
130 160 167 224 355 381 398 430 
130 224 355 381 398 430 
130 224 354 381 398 431 
129 225 354 381 398 430 
128 225 354 381 399 430 
127 225 354 380 399 430 
127 226 354 380 400 430 
126 226 354 380 400 430 
126 227 354 380 400 430 
126 227 354 380 401 430 
127 227 354 380 401 430 
126 227 354 380 401 430 
125 228 354 379 401 430 
123 228 354 379 401 429 
122 228 354 379 402 429 
121 228 354 378 402 429 
120 228 354 378 402 428 
120 228 354 378 402 428 
119 228 354 378 402 427 
119 229 354 378 402 427 
118 229 354 378 402 427 
118 229 354 377 402 426 
118 229 354 377 402 425 
118 229 355 377 403 425 427 428 
118 229 355 377 403 426 
118 229 355 377 403 427 428 429 
118 229 355 378 403 429 
118 229 355 379 403 429 
118 229 356 379 403 429 
118 229 356 379 403 428 
118 229 356 379 403 427 
119 228 356 379 402 427 
120 228 355 379 402 427 
121 228 354 379 402 426 
122 227 354 379 401 426 
124 227 354 378 401 426 
127 227 353 378 401 426 
131 226 353 377 401 426 
134 226 352 377 401 425 
138 225 352 376 402 425 426 427 
141 225 352 376 402 425 
145 225 352 375 401 426 
149 224 352 374 401 427 
153 224 352 374 401 427 
155 224 352 375 376 377 400 427 
155 224 353 376 400 427 
154 224 354 378 400 427 
152 225 354 378 400 427 
151 227 355 378 400 429 
150 227 355 377 400 429 
149 228 354 377 400 429 
148 228 354 379 400 428 429 430 
146 228 353 379 400 428 
144 229 348 380 400 429 
144 229 343 387 400 429 431 432 
143 229 340 396 400 430 431 432 
143 230 336 398 399 431 
143 230 333 431 
142 231 330 431 
142 232 329 431 
142 232 327 431 
142 232 326 431 
142 233 325 432 
143 233 324 433 
143 235 324 434 
143 236 323 434 
143 237 322 435 
142 238 322 436 
142 239 321 438 
141 240 321 440 
141 241 321 443 
141 242 320 445 
142 213 217 243 320 447 
143 211 219 244 320 448 
144 211 220 245 319 449 
146 209 220 245 319 450 
146 207 221 245 319 450 
147 206 220 245 319 451 
147 205 218 245 319 452 
147 205 216 245 318 453 
148 204 213 244 319 453 
150 204 211 242 319 453 
153 205 209 241 319 454 
155 206 207 239 319 454 
157 237 320 454 
158 197 200 235 320 454 
159 196 200 233 321 453 
160 196 201 232 321 453 
