0 129 130 640 
0 128 130 640 
0 640 
0 640 
0 640 
0 640 
0 640 
0 640 
0 640 
0 640 
0 640 
0 640 
0 640 
0 640 
0 640 
0 640 
0 640 
0 640 
0 640 
0 640 
0 640 
0 640 
0 640 
0 640 
0 640 
0 39 40 640 
0 38 40 640 
0 38 40 640 
0 38 40 640 
0 640 
0 640 
0 296 299 640 
0 294 300 640 
0 291 300 640 
0 288 303 640 
0 285 307 640 
0 282 309 640 
0 268 271 279 312 640 
0 264 265 266 316 640 
0 254 318 640 
0 245 320 640 
0 242 323 640 
0 241 324 640 
0 240 325 640 
0 240 325 640 
0 239 326 640 
0 239 326 640 
0 239 327 640 
0 238 327 640 
0 238 328 640 
0 237 328 640 
0 237 329 640 
0 236 330 640 
0 236 331 640 
0 235 332 640 
0 235 333 350 352 640 
0 235 334 349 353 640 
0 235 336 348 354 640 
0 234 354 640 
0 234 354 640 
0 234 354 640 
0 234 355 640 
0 234 355 640 
0 234 355 640 
0 233 356 640 
0 232 356 640 
0 231 356 640 
0 230 356 640 
0 230 356 640 
0 229 356 640 
0 228 356 640 
0 227 356 640 
0 225 355 640 
0 224 355 640 
0 223 355 640 
0 222 355 640 
0 221 354 640 
0 220 354 640 
0 219 354 640 
0 218 354 640 
0 217 354 640 
0 216 354 640 
0 215 354 640 
0 214 354 357 359 640 
0 214 360 640 
0 213 361 640 
0 213 362 640 
0 212 362 406 407 640 
0 212 362 405 407 640 
0 211 363 405 406 640 
0 210 363 640 
0 209 364 640 
0 208 364 403 404 640 
0 207 364 402 403 640 
0 207 364 401 403 640 
0 205 365 400 402 640 
0 205 365 399 401 640 
0 204 365 399 401 640 
0 203 365 398 400 420 421 640 
0 202 365 398 399 419 422 640 
0 202 366 397 398 419 421 440 441 640 
0 201 366 390 391 397 398 418 421 440 441 446 448 479 480 640 
0 201 366 390 391 396 397 418 420 440 441 446 447 478 479 640 
0 201 366 390 391 396 397 418 420 441 442 445 447 454 455 477 478 640 
0 201 366 390 392 395 397 418 419 441 442 445 447 454 455 476 478 640 
0 202 366 391 392 395 396 441 443 444 446 454 455 475 477 640 
0 202 367 391 392 394 396 441 446 454 455 474 476 640 
0 202 367 391 395 442 446 454 456 474 475 640 
0 202 367 391 395 442 446 454 456 473 475 640 
0 201 367 391 394 442 446 455 456 472 474 640 
0 200 367 390 393 441 445 455 456 471 473 640 
0 198 363 365 367 374 375 390 392 440 445 455 456 470 474 640 
0 192 196 197 363 365 368 373 376 389 390 440 444 455 457 470 473 640 
0 192 368 386 388 439 444 455 457 469 472 640 
0 192 368 372 373 385 387 438 443 455 457 468 470 495 497 640 
0 191 365 366 368 384 388 438 443 456 458 467 469 493 494 640 
0 191 365 366 368 383 387 437 442 456 458 466 468 640 
0 191 365 366 368 382 386 437 442 456 459 464 467 640 
0 190 365 366 370 382 385 437 441 457 460 462 465 640 
0 189 365 366 370 381 384 436 440 457 460 461 464 486 488 640 
0 185 370 380 383 436 439 456 463 481 482 484 488 640 
0 183 372 376 377 380 382 435 439 457 463 480 485 640 
0 181 374 379 382 435 438 457 461 479 484 640 
0 179 364 366 374 379 382 434 438 455 460 479 481 482 483 640 
0 178 363 367 374 377 381 434 437 453 459 478 480 640 
0 177 363 367 375 376 381 434 437 452 455 476 479 640 
0 176 362 368 375 376 380 433 436 449 452 640 
0 176 362 368 379 432 436 447 451 471 475 640 
0 175 361 368 379 432 436 445 449 458 459 467 469 472 474 640 
0 175 361 367 378 430 435 444 449 456 463 465 468 640 
0 175 359 367 377 430 434 442 445 447 448 454 456 458 463 640 
0 175 358 366 377 429 433 440 445 451 456 457 460 640 
0 175 357 365 376 429 433 439 446 451 454 640 
0 176 356 364 376 429 432 437 447 640 
0 176 356 364 375 428 432 435 446 640 
0 164 173 176 356 364 375 428 431 434 442 640 
0 161 355 364 375 428 431 432 442 640 
0 158 355 359 360 365 375 428 439 640 
0 156 355 365 375 427 438 640 
0 154 355 365 375 427 436 640 
0 153 354 365 375 427 434 500 501 640 
0 152 354 365 375 426 433 486 487 499 501 640 
0 152 354 365 375 426 432 485 487 499 501 640 
0 151 355 365 374 425 430 485 487 499 500 640 
0 150 355 365 374 424 430 499 500 640 
0 149 354 365 374 423 429 484 485 499 500 640 
0 148 354 365 374 422 428 483 484 499 500 640 
0 148 354 364 375 421 427 482 484 498 500 640 
0 147 354 364 372 374 375 411 412 420 426 481 483 486 487 498 501 640 
0 146 354 363 372 374 376 410 412 419 425 462 464 481 483 485 487 498 501 514 515 640 
0 145 355 363 372 374 375 409 411 418 424 463 465 481 488 499 500 640 
0 144 355 362 375 409 410 417 423 441 443 464 465 481 489 499 500 640 
0 142 356 362 370 372 378 408 409 416 422 441 443 477 478 481 489 495 497 640 
0 140 352 353 356 361 369 372 378 415 421 440 442 476 478 480 487 495 496 499 500 508 509 640 
0 138 351 354 357 360 369 372 377 415 420 438 440 476 477 480 486 495 496 498 500 506 507 640 
0 137 351 354 357 360 368 373 376 414 420 425 427 465 466 475 477 479 484 494 495 499 500 504 507 640 
0 136 350 355 368 373 375 384 385 391 392 396 397 405 406 413 419 425 428 430 431 475 477 479 483 493 495 499 500 504 505 640 
0 135 350 355 368 373 375 384 386 390 391 395 397 403 405 413 418 426 427 430 431 434 435 475 482 493 494 498 501 640 
0 134 349 355 368 374 375 384 386 390 391 395 397 401 404 412 417 427 431 475 482 492 494 497 500 640 
0 134 349 356 369 374 376 383 385 389 390 395 396 401 403 411 417 428 432 465 467 475 482 492 493 496 498 640 
0 133 350 356 369 374 376 382 385 395 397 400 402 410 416 429 431 465 467 474 481 490 496 640 
0 132 349 355 369 374 376 382 386 395 397 399 402 409 415 428 430 465 467 474 481 490 495 640 
0 130 348 354 371 374 376 381 385 395 400 401 402 409 414 427 429 466 467 474 481 489 493 640 
0 129 348 353 371 373 376 378 385 388 389 395 400 401 403 407 414 425 427 466 467 473 481 488 492 640 
0 127 347 353 370 373 376 378 385 388 389 394 399 402 403 406 413 423 426 466 468 473 480 487 491 640 
0 123 347 352 367 373 376 378 381 384 388 393 398 402 411 422 424 466 468 472 475 477 480 485 490 640 
0 121 346 351 366 373 376 377 381 384 388 393 400 401 410 419 421 466 468 472 474 477 480 483 488 521 523 640 
0 120 345 351 366 373 382 384 387 392 409 418 421 467 468 472 474 477 480 482 487 521 523 640 
0 120 345 351 364 373 380 381 382 384 387 390 407 416 418 467 469 471 473 476 486 522 523 640 
0 119 345 351 364 372 381 384 386 389 407 412 417 467 472 475 485 509 510 523 524 640 
0 118 345 351 363 372 378 380 381 383 386 388 408 410 417 468 472 474 483 509 510 523 524 640 
0 117 344 351 363 369 371 372 378 380 381 383 386 388 408 410 413 468 471 474 482 510 511 523 524 640 
0 116 343 351 363 369 375 377 381 383 400 403 405 410 412 468 471 472 481 510 511 523 524 640 
0 115 342 351 362 368 375 378 381 383 399 404 405 409 411 468 480 510 511 523 525 640 
0 114 341 350 362 367 375 379 381 383 396 409 410 467 481 510 512 523 525 640 
0 113 340 349 361 366 372 373 376 379 382 383 395 409 410 467 477 478 483 510 512 523 525 640 
0 112 338 348 361 363 371 373 377 380 394 405 406 408 409 466 483 511 512 523 525 640 
0 111 337 347 370 374 377 380 393 405 406 407 409 466 476 477 482 487 490 511 512 523 525 640 
0 110 336 346 366 374 392 405 409 466 475 479 480 489 496 507 509 511 513 523 525 640 
0 110 336 345 362 375 391 400 402 406 410 465 473 492 496 508 510 512 513 523 525 640 
0 111 337 344 361 375 390 399 401 406 410 465 472 495 497 509 510 512 514 523 525 640 
0 111 337 344 360 374 379 380 390 406 409 464 471 509 510 513 515 523 526 640 
0 111 338 343 357 373 379 380 390 405 408 464 470 510 511 514 515 523 526 640 
0 112 339 342 356 372 378 380 389 405 407 431 433 464 470 510 511 514 516 523 525 583 584 640 
0 112 340 342 355 372 377 379 389 405 407 431 434 463 469 510 511 515 517 523 525 582 584 640 
0 112 355 370 375 378 388 405 406 430 433 462 469 510 511 516 517 523 525 582 584 640 
0 111 355 369 375 376 388 404 406 461 468 510 512 517 518 523 525 582 584 640 
0 111 355 367 388 404 406 460 468 511 512 517 519 523 525 582 584 640 
0 111 356 366 373 375 387 404 406 459 467 511 512 518 520 523 525 581 584 640 
0 110 330 334 356 362 372 375 386 403 406 457 466 511 513 518 520 523 524 581 583 640 
0 109 330 336 356 358 370 374 385 404 407 455 465 500 501 511 513 518 521 522 524 580 582 640 
0 109 330 337 369 373 384 404 407 454 463 500 501 511 513 518 524 579 582 640 
0 108 330 338 368 372 384 404 407 414 415 452 461 476 477 498 500 512 514 519 524 577 581 640 
0 108 330 339 366 370 383 405 407 413 416 450 460 475 476 497 499 512 514 519 524 576 580 640 
0 108 330 341 364 369 382 405 407 410 412 413 415 448 459 474 476 496 498 512 515 519 523 575 579 640 
0 109 329 342 362 368 381 404 407 409 411 446 457 468 470 473 475 495 496 512 515 520 524 570 571 574 578 611 612 640 
0 109 329 344 361 367 380 404 409 445 455 467 469 472 474 495 496 513 516 520 524 554 556 574 578 610 611 640 
0 108 329 345 362 366 380 404 408 418 419 443 453 469 473 494 495 513 516 520 524 554 557 569 570 573 577 621 622 640 
0 107 329 345 362 365 379 404 407 417 418 438 451 469 472 493 494 513 517 521 525 553 556 573 576 609 610 620 621 640 
0 106 330 345 361 364 378 403 407 432 450 460 464 468 472 493 494 510 511 514 517 521 524 553 554 568 569 572 575 608 610 640 
0 107 330 345 360 363 377 399 400 403 406 413 415 429 447 457 466 467 478 492 493 509 511 515 518 521 524 550 551 567 568 572 575 607 610 612 615 640 
0 107 330 345 359 362 376 400 406 412 413 427 447 453 482 490 493 508 511 515 518 521 524 549 550 567 568 571 574 606 609 611 615 640 
0 107 330 344 359 361 375 400 405 411 412 426 457 464 471 480 484 488 493 510 511 515 519 521 523 537 538 566 567 571 573 610 612 640 
0 106 330 344 358 360 374 400 405 410 411 424 455 481 483 488 494 497 498 510 512 516 520 521 523 546 547 566 567 570 572 605 607 608 611 640 
0 106 329 344 358 359 373 400 405 409 410 423 438 445 450 488 497 510 512 516 523 534 535 545 546 565 567 570 572 585 587 605 610 640 
0 106 329 343 357 359 372 400 404 408 409 419 433 485 488 489 492 494 496 510 512 517 523 532 534 542 544 565 566 569 571 604 608 640 
0 106 329 343 356 358 372 400 408 416 432 486 487 494 497 517 523 531 533 541 543 564 566 569 570 604 608 640 
0 106 329 343 356 358 371 399 406 414 430 487 488 496 498 517 523 530 532 539 542 564 566 568 570 597 598 603 607 640 
0 106 329 343 356 358 370 399 405 413 429 497 499 518 522 527 529 538 541 564 565 567 569 596 597 602 607 640 
0 106 330 344 356 358 370 398 404 411 428 498 500 518 522 525 529 534 535 538 539 563 565 567 569 592 593 595 596 601 606 640 
0 107 330 344 370 398 403 410 427 499 500 519 529 534 538 563 568 592 595 600 605 640 
0 107 331 344 369 397 402 409 425 500 501 511 513 519 527 534 537 562 567 573 574 591 594 600 603 640 
0 107 331 344 369 397 401 407 423 500 502 510 512 518 523 524 527 534 537 562 566 591 593 599 602 640 
0 107 332 345 369 397 401 406 421 501 503 510 512 517 523 524 526 532 537 561 565 591 593 598 601 640 
0 108 332 345 368 397 401 404 420 501 503 509 512 515 516 518 522 523 526 530 537 560 565 587 588 590 593 596 599 640 
0 108 333 345 368 397 400 403 418 501 504 509 515 518 522 523 525 529 532 536 538 559 563 567 568 586 587 588 593 595 598 640 
0 108 334 346 368 396 417 501 505 508 514 518 522 523 525 528 530 537 538 559 561 566 567 585 586 587 597 640 
0 108 334 346 368 396 415 502 506 508 512 518 521 523 529 536 539 558 560 583 585 587 592 593 596 640 
0 108 335 346 367 395 414 502 507 508 511 518 521 523 528 537 539 557 559 563 564 582 585 586 591 593 595 640 
0 108 336 346 367 394 412 502 510 517 528 537 540 555 559 569 570 580 591 593 594 636 638 640 
0 108 337 347 367 393 409 501 509 516 527 537 540 554 559 567 569 579 593 635 636 640 
0 108 338 347 366 391 407 500 508 515 526 537 541 554 558 566 568 578 592 633 635 640 
0 107 338 347 366 390 404 500 508 514 525 537 541 554 558 565 567 577 586 587 591 600 601 631 633 640 
0 107 339 347 366 388 403 496 498 499 515 516 525 538 541 552 558 563 566 575 590 600 601 629 631 640 
0 107 339 348 365 386 401 495 513 516 525 538 542 552 555 560 564 574 584 585 589 599 601 626 630 640 
0 107 340 348 365 385 400 493 503 505 512 516 525 538 542 550 553 559 562 573 579 582 588 599 600 624 628 640 
0 107 341 348 365 383 398 491 500 507 511 515 520 522 525 539 542 550 553 556 560 573 578 581 587 599 600 622 626 640 
0 106 339 340 341 349 366 381 397 491 498 507 512 515 521 522 525 530 531 539 543 549 551 555 559 572 575 581 586 592 593 620 624 640 
0 106 339 342 343 349 366 379 396 487 496 507 513 515 525 527 529 530 531 539 543 548 551 555 558 570 574 580 588 590 593 618 621 640 
0 106 340 349 367 377 395 486 494 506 511 512 526 540 543 547 550 554 558 569 573 579 590 616 619 640 
0 106 341 348 367 375 394 485 490 505 510 513 525 540 543 546 548 552 557 568 571 579 587 614 616 640 
0 107 342 348 368 374 393 483 488 505 508 514 524 540 547 551 557 566 570 578 584 609 610 613 614 640 
0 110 343 349 368 373 392 482 486 504 506 514 524 534 535 541 546 550 557 565 569 575 576 577 581 598 599 608 610 640 
0 111 344 350 369 372 390 480 485 503 505 514 523 534 535 541 546 549 557 563 568 575 580 598 599 608 610 640 
0 112 345 350 369 372 389 479 485 503 504 513 523 533 534 541 546 549 556 562 566 574 579 598 599 607 609 640 
0 112 346 350 387 478 484 502 504 510 514 516 523 532 534 541 546 548 555 560 565 573 578 597 599 640 
0 110 347 351 386 477 480 502 503 509 512 513 523 532 534 540 555 560 564 572 577 597 599 640 
0 105 349 351 384 476 478 484 486 501 503 507 512 514 524 531 534 540 555 558 563 571 576 597 599 640 
0 102 382 453 455 467 468 474 477 482 490 500 511 516 523 530 533 539 561 570 575 596 599 602 604 640 
0 100 381 452 456 466 467 472 476 478 508 517 523 530 532 539 550 551 559 568 573 595 598 603 604 640 
0 99 380 445 461 464 467 470 506 517 523 529 531 538 545 546 550 551 557 564 571 595 598 640 
0 98 379 442 468 469 502 518 523 529 530 538 549 551 557 562 569 592 598 640 
0 96 378 435 436 439 478 484 499 518 524 528 529 537 555 561 568 591 596 640 
0 95 377 435 475 486 492 493 498 505 506 518 524 527 529 537 554 561 566 584 586 591 594 640 
0 93 377 434 473 490 492 494 495 505 506 519 525 526 528 537 552 558 564 579 581 584 591 640 
0 92 376 432 453 455 471 490 492 506 507 519 528 536 550 558 562 575 586 640 
0 91 375 431 442 448 462 493 494 496 497 506 508 519 527 535 547 557 560 571 588 640 
0 90 375 429 439 449 461 489 490 495 497 507 509 520 527 534 545 554 559 566 579 587 589 640 
0 88 376 427 436 451 461 486 492 495 497 507 510 520 526 532 543 551 561 563 575 589 590 640 
0 87 376 425 435 455 461 470 471 485 492 495 497 508 511 520 526 531 541 550 564 589 590 640 
0 86 377 423 433 455 463 469 470 484 490 494 497 500 502 509 512 520 526 529 540 546 563 589 590 640 
0 85 378 421 432 455 458 460 461 484 489 494 497 500 502 509 512 520 526 528 538 543 562 588 590 640 
0 83 378 419 431 454 456 484 488 494 497 500 503 510 513 519 537 540 562 566 569 584 586 588 589 640 
0 82 379 409 410 417 431 454 455 478 479 484 487 494 497 501 503 510 514 518 559 567 577 583 586 640 
0 81 380 409 410 414 426 429 430 452 455 483 487 494 497 501 504 511 514 517 551 556 557 571 579 580 586 640 
0 79 380 409 424 428 430 449 455 467 468 472 474 482 485 494 497 500 503 511 513 516 548 556 557 572 581 584 589 640 
0 78 381 408 422 428 430 446 457 466 469 481 484 495 497 500 502 511 545 572 579 585 590 640 
0 76 382 404 421 428 430 443 461 463 469 481 483 495 497 500 502 512 544 572 575 586 590 640 
0 74 382 401 420 427 430 439 459 461 469 480 484 495 497 500 502 512 540 586 590 599 600 640 
0 73 383 400 419 427 430 436 457 462 469 479 481 495 498 500 502 511 538 587 590 594 601 640 
0 72 384 399 449 467 469 478 480 495 501 510 537 587 589 598 600 640 
0 73 385 397 439 445 449 467 469 478 480 495 500 508 534 535 536 588 589 640 
0 73 385 396 435 446 449 467 468 475 479 496 500 504 529 532 534 535 536 640 
0 73 386 395 414 418 429 466 468 475 478 496 530 531 535 640 
0 73 387 394 410 411 413 466 468 474 478 495 523 525 533 640 
0 73 388 393 406 409 410 412 414 466 468 474 477 494 522 524 528 640 
0 73 389 392 403 409 410 413 414 466 468 473 475 492 522 524 526 640 
0 73 390 391 402 409 411 413 415 466 467 472 474 490 523 640 
0 73 402 410 411 414 415 466 468 472 474 489 498 499 522 640 
0 73 401 411 412 414 416 466 468 471 473 481 482 486 497 500 520 640 
0 72 400 411 413 414 420 466 472 480 482 485 497 499 518 640 
0 72 400 412 421 467 472 480 483 484 516 640 
0 72 399 413 422 429 430 468 471 479 483 484 492 494 514 640 
0 71 399 413 418 419 422 429 430 468 471 481 491 493 513 640 
0 71 399 414 418 468 470 476 477 481 490 493 512 640 
0 71 399 415 419 428 429 467 470 474 476 480 488 492 510 640 
0 70 396 416 419 428 429 467 470 472 475 479 487 491 509 640 
0 70 395 401 402 417 420 427 428 465 473 478 486 490 507 640 
0 70 395 403 404 418 421 427 428 464 471 477 503 640 
0 69 394 404 405 419 421 427 428 462 469 475 485 486 500 640 
0 69 393 406 408 420 423 427 428 461 466 473 498 640 
0 67 393 406 408 420 423 426 428 460 465 471 481 483 496 640 
0 66 393 405 409 421 424 426 427 459 463 470 494 640 
0 65 393 409 411 422 425 426 427 457 462 466 493 640 
0 64 394 410 412 422 427 456 461 463 491 640 
0 64 394 411 414 423 427 454 475 476 490 640 
0 63 395 398 399 413 416 423 426 453 473 475 489 640 
0 63 395 397 399 415 418 424 426 452 471 474 487 640 
0 63 395 397 398 417 421 424 427 450 469 472 486 640 
0 63 397 418 422 424 427 448 466 471 484 640 
0 63 399 403 405 420 427 446 463 470 483 640 
0 64 398 421 427 444 461 470 482 640 
0 64 397 422 428 430 431 443 459 469 480 640 
0 64 397 423 428 431 432 441 457 469 479 640 
0 63 368 371 397 424 428 431 432 439 455 468 478 640 
0 62 368 371 397 425 428 430 432 437 453 468 477 640 
0 62 368 371 398 425 428 430 431 436 451 467 475 640 
0 61 368 371 398 425 428 430 432 434 450 466 475 640 
0 61 368 370 399 425 448 465 474 540 547 640 
0 60 399 425 446 464 473 535 548 640 
0 60 399 425 444 463 472 531 548 640 
0 60 400 424 442 461 470 530 548 640 
0 59 368 369 400 422 440 460 469 528 549 640 
0 60 368 370 400 420 437 459 468 527 549 640 
0 61 371 372 400 417 435 458 467 525 549 640 
0 62 370 374 400 415 433 457 466 524 550 640 
0 63 370 375 400 413 432 456 465 523 550 640 
0 64 370 376 401 411 432 455 464 522 552 640 
0 65 370 376 401 409 432 454 463 506 514 522 553 640 
0 66 370 376 401 407 431 453 462 503 516 521 554 640 
0 67 370 376 402 405 423 426 431 452 461 501 518 520 555 640 
0 68 371 376 402 403 421 425 431 451 460 499 519 520 554 640 
0 69 371 376 419 425 430 450 460 497 553 640 
0 70 416 425 430 449 459 495 553 640 
0 70 415 425 429 448 458 494 554 640 
0 70 413 425 429 447 458 493 555 640 
0 71 373 376 411 425 428 431 432 446 457 492 555 640 
0 71 371 376 409 425 429 445 456 491 556 640 
0 71 371 376 407 425 430 443 455 490 556 640 
0 71 371 376 406 425 430 442 455 490 556 640 
0 72 369 370 371 376 405 425 429 441 454 489 494 495 520 521 557 640 
0 72 369 376 404 425 429 440 453 489 493 495 520 524 557 640 
0 72 370 376 404 425 430 439 452 488 493 495 520 526 556 640 
0 1 2 72 370 377 405 424 430 437 452 487 492 495 520 528 555 640 
4 72 371 377 405 419 430 436 451 487 492 494 520 529 555 640 
5 72 372 376 405 413 430 434 450 486 492 493 520 529 556 640 
6 72 373 376 405 409 449 486 519 530 553 640 
7 73 405 407 423 424 447 485 519 532 553 640 
8 73 413 425 445 485 519 533 551 640 
8 73 408 425 444 485 519 534 550 640 
8 73 406 424 442 484 518 535 552 640 
8 73 404 424 440 484 518 535 552 640 
8 72 403 423 438 484 517 535 552 640 
8 72 403 421 435 484 499 503 516 534 553 640 
8 72 403 420 433 485 498 504 515 534 553 640 
8 72 404 418 431 485 496 507 512 534 554 640 
8 73 364 366 402 417 429 486 495 533 554 640 
8 73 363 366 402 416 427 487 494 533 555 640 
7 74 363 366 402 413 425 490 491 533 556 640 
7 75 362 367 402 412 423 532 557 640 
7 76 361 367 403 410 421 532 558 640 
7 76 361 367 404 409 419 532 558 640 
8 77 361 368 405 408 418 531 559 640 
7 8 9 77 361 368 416 531 559 640 
6 78 360 368 416 531 560 640 
6 78 360 368 414 530 561 640 
6 79 360 368 414 427 428 468 472 530 561 640 
7 79 360 369 401 402 412 426 427 468 471 530 562 640 
7 79 361 369 411 425 426 530 562 640 
7 80 361 370 410 425 426 530 562 640 
7 80 341 345 360 371 411 423 425 530 563 640 
7 81 340 346 360 372 413 415 420 422 424 427 430 530 564 640 
7 82 339 348 360 372 430 443 444 530 565 640 
7 82 338 349 359 373 443 530 566 640 
0 2 7 83 336 350 356 372 404 406 421 423 427 433 443 530 567 640 
0 2 7 84 335 351 354 372 402 408 418 433 445 461 462 530 567 640 
0 2 7 85 336 372 401 409 418 442 447 530 568 640 
0 3 6 87 341 371 399 410 412 414 419 446 449 530 569 572 576 640 
0 88 348 371 399 415 419 449 454 530 569 572 576 640 
1 89 353 370 398 412 414 415 420 452 454 530 570 572 576 640 
1 90 356 370 398 416 421 531 570 572 575 640 
1 92 358 370 398 416 421 531 570 571 574 640 
1 93 327 332 360 369 398 415 422 531 554 555 574 640 
1 94 326 337 363 369 397 414 422 428 429 531 573 640 
1 95 325 340 365 368 397 412 414 419 426 427 428 531 572 640 
1 96 324 343 397 419 423 531 572 640 
1 97 323 345 397 419 424 531 571 640 
1 98 322 347 396 420 424 531 570 640 
2 99 321 350 396 420 425 532 570 640 
2 99 321 352 395 420 427 533 569 640 
2 100 320 355 395 421 423 424 429 533 555 560 569 640 
2 102 320 358 395 421 423 426 430 432 433 533 555 560 569 640 
2 106 319 362 394 421 422 426 431 433 434 533 555 560 569 640 
3 108 319 364 394 421 422 426 431 533 556 560 569 640 
3 110 319 366 393 421 422 425 427 430 431 533 557 561 568 640 
2 112 318 365 393 424 426 533 558 561 568 640 
2 117 318 365 393 424 425 533 568 640 
2 123 317 365 393 533 568 640 
2 127 138 139 316 365 392 532 567 640 
3 130 136 141 316 365 392 532 567 640 
3 143 315 365 392 532 567 640 
3 144 314 364 392 532 567 640 
3 146 314 364 392 532 567 640 
3 149 313 364 391 532 567 640 
3 150 312 364 391 532 567 640 
3 151 218 222 311 364 391 531 568 640 
3 151 206 227 279 296 309 364 391 531 569 640 
3 153 199 231 275 364 391 531 570 640 
3 156 198 235 273 364 391 531 560 562 570 640 
2 157 197 237 265 363 391 531 560 563 571 640 
2 157 195 240 263 363 391 530 560 564 573 640 
1 158 174 180 194 242 262 363 391 530 561 565 574 640 
1 159 169 182 192 246 259 363 391 530 561 566 574 640 
0 160 161 184 191 250 252 255 257 363 391 530 561 567 575 579 584 640 
0 186 188 363 391 530 561 568 577 579 585 640 
0 363 392 529 561 569 578 580 585 640 
0 363 392 529 562 570 579 640 
0 363 392 529 562 571 580 640 
1 363 392 528 562 573 582 640 
0 363 392 528 562 574 583 640 
0 363 392 528 562 575 584 640 
0 363 392 527 563 576 586 640 
0 362 392 527 563 578 587 640 
0 362 392 526 563 579 589 640 
0 362 392 526 564 581 589 640 
0 362 392 526 564 581 589 640 
0 362 392 525 564 584 588 640 
0 361 393 525 565 586 587 640 
0 361 393 525 565 640 
0 360 393 525 565 640 
0 360 394 524 566 640 
0 359 394 524 566 640 
0 359 394 524 567 640 
0 358 395 524 567 640 
0 358 395 523 567 640 
0 357 395 523 568 640 
0 357 395 523 568 640 
0 356 395 523 568 640 
0 355 395 523 569 640 
0 355 395 523 569 640 
0 354 395 523 570 640 
0 353 396 523 570 640 
0 353 396 523 570 640 
0 353 396 523 571 640 
0 352 396 523 571 640 
0 351 396 523 572 640 
0 351 396 524 572 640 
0 350 396 524 572 640 
0 350 396 524 573 640 
0 350 396 524 573 640 
0 350 396 525 573 640 
0 350 396 525 573 640 
0 350 396 527 573 640 
0 350 396 537 572 640 
0 350 396 538 572 640 
0 350 396 538 554 558 571 640 
0 350 396 538 554 563 569 640 
0 350 396 538 554 640 
0 350 396 538 554 640 
0 350 396 538 554 640 
0 350 397 539 554 640 
0 350 397 539 554 640 
0 350 397 540 555 640 
0 349 397 540 555 640 
0 349 396 540 556 640 
0 349 396 540 556 640 
0 349 396 541 557 640 
0 349 396 541 557 640 
0 349 396 541 557 640 
0 348 396 541 558 640 
0 348 396 541 558 640 
0 348 395 541 558 640 
0 348 395 542 559 640 
0 348 395 542 559 640 
0 348 395 542 559 640 
0 348 395 542 560 640 
0 348 394 542 560 640 
0 348 394 542 560 640 
0 347 394 542 560 640 
0 347 393 542 560 640 
0 347 393 543 561 640 
0 347 393 543 561 640 
0 347 393 543 561 640 
0 347 392 543 561 640 
0 347 392 543 561 640 
0 346 392 543 561 640 
0 346 392 543 561 640 
0 346 392 543 561 640 
0 346 392 543 561 640 
0 346 392 543 561 640 
1 345 392 543 562 640 
1 345 392 543 562 640 
0 345 393 543 562 640 
0 345 393 544 562 640 
0 345 393 544 562 640 
0 345 393 544 562 640 
0 345 394 543 562 640 
0 345 394 543 563 640 
0 345 394 543 563 640 
0 345 394 543 563 640 
