





























































197 215 
192 220 
188 222 
186 225 
184 228 
181 231 
179 232 
178 234 
176 236 595 597 
175 237 592 598 
173 239 589 597 
171 241 587 596 
170 242 585 595 
168 244 583 594 
167 245 581 593 
166 246 579 592 
165 247 577 591 
164 248 575 590 
163 250 573 589 
162 251 571 588 
161 252 569 587 
160 253 568 585 
159 254 566 585 
158 254 565 584 
157 255 563 583 
156 256 561 582 
155 257 560 581 
155 258 558 579 
154 259 556 578 
153 259 554 577 
152 260 553 577 
152 261 551 576 
151 261 550 575 
150 262 549 574 
149 263 547 573 
149 263 545 572 
148 264 544 570 
147 264 543 570 
147 264 541 569 
146 265 540 567 
146 265 538 566 
145 266 537 566 
145 266 535 565 
144 267 534 563 
144 267 532 563 
143 267 531 562 
143 268 529 561 
142 268 528 560 
142 268 526 559 
141 268 525 558 
141 269 523 557 
140 269 522 557 
140 269 520 560 
140 269 519 563 
139 269 517 564 
139 270 515 566 
138 270 513 566 
138 270 512 567 
138 270 510 567 
138 270 509 567 
138 270 507 567 
137 270 506 565 
137 270 504 563 
137 271 503 560 
137 271 501 557 
136 271 500 555 
136 272 498 554 
136 272 497 555 
136 274 495 556 
136 275 493 558 
136 276 491 559 
136 277 489 560 
136 277 488 562 
136 277 485 563 
136 282 483 564 
136 291 481 565 
136 296 438 441 479 566 
136 298 435 444 477 567 
136 301 434 445 475 568 
136 303 434 447 473 568 
136 304 435 447 470 569 
136 306 437 448 468 569 
136 308 437 449 466 569 
136 309 436 449 464 569 
136 310 380 397 435 450 462 567 
137 311 374 402 434 450 460 566 
137 312 369 406 433 450 458 561 
137 313 367 408 432 450 456 555 
137 314 362 411 430 450 454 552 
138 315 356 414 429 451 452 513 517 549 
138 316 352 417 423 512 518 548 
138 317 351 419 421 511 520 546 
139 318 356 510 521 544 
139 318 356 509 523 542 
140 319 354 507 525 540 
140 320 352 506 528 537 
140 320 350 505 
141 321 348 504 
141 322 348 502 
142 322 347 501 
142 323 346 500 
143 323 344 499 
143 324 342 347 349 497 
144 324 342 345 348 496 
145 324 347 495 
145 325 346 494 
146 325 346 492 
147 326 345 490 
148 326 344 489 
148 327 343 488 
149 327 343 486 
150 327 342 485 
151 327 342 484 
151 328 342 482 
152 328 341 481 
153 328 341 480 
154 328 340 478 
155 328 340 477 
157 328 340 476 
158 328 340 474 
159 328 339 473 
160 328 339 472 
161 328 339 470 
163 328 338 469 494 506 
164 328 338 468 491 509 
165 328 338 467 488 511 
167 328 338 465 486 514 
168 328 337 464 484 515 
170 328 338 463 482 517 
172 328 338 464 465 470 480 519 
174 328 338 342 343 474 478 520 
176 328 338 341 343 475 477 521 
179 327 338 340 343 523 
182 327 337 339 343 524 
185 216 218 327 343 524 
192 209 218 327 344 525 
219 327 344 525 
220 326 345 525 
220 224 225 326 328 331 344 526 
214 223 226 325 327 334 343 526 
212 224 226 325 327 526 
210 225 226 325 327 526 
208 325 327 526 
207 324 327 526 
205 324 327 526 
204 323 327 526 
202 323 328 526 
201 323 328 526 
200 323 328 526 
198 323 328 525 
197 324 328 525 
194 324 328 525 
191 325 327 525 
188 525 
187 525 
184 525 
182 524 
181 524 
180 523 
179 523 
179 523 
179 523 
179 523 
179 522 
180 522 
180 522 
180 238 239 521 
181 238 240 308 310 520 
181 238 242 306 312 519 
181 238 243 304 313 519 
182 238 244 303 315 518 
181 238 245 301 317 518 
181 237 247 299 318 518 
180 237 249 297 319 517 
179 236 251 295 320 517 
178 236 253 293 319 516 
177 236 255 291 319 516 
177 236 259 289 318 515 
176 235 262 286 318 515 
175 235 266 282 317 515 
175 234 317 514 
175 185 186 234 317 514 
174 184 187 233 317 513 
173 183 188 233 317 512 
173 183 188 232 317 511 
173 182 188 232 318 510 
172 182 185 232 318 509 
172 182 183 232 319 509 
171 232 321 508 
171 232 322 508 
171 232 323 508 
171 180 182 232 325 507 
171 180 185 232 326 506 
171 179 187 232 327 506 
172 179 189 232 329 505 
173 178 190 232 330 504 
192 232 331 503 
193 232 332 502 
195 233 332 501 
196 233 332 500 
196 233 331 500 
196 233 331 499 
196 234 331 498 
196 234 330 498 
196 235 330 497 
195 235 329 496 
195 236 329 495 
194 236 328 494 
194 238 328 493 
193 238 327 492 
192 239 327 490 
192 240 326 466 468 490 
190 241 326 466 468 490 
189 241 326 465 468 470 471 489 
188 241 325 465 471 484 485 488 
188 240 325 464 471 484 
189 238 324 464 472 484 
190 236 324 464 472 484 
190 235 323 463 472 483 
191 234 323 463 472 481 
191 234 322 462 473 480 
191 234 322 462 474 479 
191 234 322 462 
191 234 321 461 
191 234 321 461 
198 235 321 460 
198 235 320 460 
198 235 320 460 
198 235 319 459 
199 236 319 459 
199 236 318 459 
199 236 318 458 
199 236 317 458 
199 236 317 458 
199 237 317 458 
199 237 316 457 
200 237 315 457 
200 237 314 457 
200 237 312 456 
200 237 311 456 
200 238 309 455 
200 238 308 455 
200 238 303 455 
200 238 299 454 
200 238 297 454 
200 238 293 454 
200 238 285 453 
200 238 280 453 
201 239 274 453 
201 239 268 453 
201 239 262 452 
201 239 257 452 
201 239 253 452 
201 239 249 452 
201 239 246 451 
201 240 242 451 
201 451 
201 451 
202 450 
202 450 
202 450 
202 450 
202 450 
202 449 
202 449 
202 449 
203 449 
203 449 
203 448 
203 448 
203 448 
203 448 
203 448 
203 448 
203 447 
203 447 
203 447 
203 447 
203 447 
203 446 
203 446 
203 208 209 446 
203 208 210 446 
203 208 211 446 
203 208 212 445 
203 208 214 445 
203 208 215 445 
203 208 217 445 
203 209 217 258 263 445 
203 209 218 255 263 445 
203 209 210 215 217 223 225 246 262 445 
203 216 217 223 262 445 
203 223 261 444 
203 223 260 444 
203 223 260 444 
204 222 259 444 
205 221 259 444 
206 219 258 444 
208 217 258 444 
208 217 258 443 
208 217 257 443 
208 217 257 443 
208 217 257 443 
208 217 256 443 
208 217 256 443 
208 217 256 443 
208 216 255 443 
208 216 255 443 
208 216 255 442 
208 216 254 442 
208 215 254 442 
208 215 254 442 
207 216 254 442 
206 217 253 442 
204 219 253 442 
203 221 253 442 
203 221 253 441 
202 221 252 441 
202 221 252 441 
202 222 252 441 
201 215 216 222 252 441 
201 208 209 214 216 222 252 440 
201 208 216 222 252 440 
201 207 216 222 252 440 
201 207 217 222 252 440 
201 206 217 222 252 440 
201 206 217 222 252 439 
201 206 217 222 251 440 
201 206 216 222 251 441 
201 206 216 222 251 442 
201 206 216 222 251 443 
201 206 216 222 251 443 
201 206 216 222 251 372 373 444 
201 206 216 222 251 371 373 445 
201 206 216 221 251 371 373 446 
201 206 216 221 251 370 373 447 
201 206 216 221 251 369 373 447 
201 206 208 214 215 221 251 369 373 380 382 448 
201 221 251 368 373 379 382 449 
201 220 251 367 373 379 382 450 
201 220 251 366 373 379 382 451 
201 220 251 366 373 378 382 452 
202 220 251 365 373 378 382 452 
202 219 251 364 373 378 383 453 
204 218 251 363 373 377 383 454 
205 216 251 363 373 377 383 455 
206 215 251 362 373 377 383 456 
206 215 251 361 373 376 383 456 
206 214 251 360 373 376 383 457 
206 214 251 360 372 375 384 458 
206 214 251 359 372 375 384 459 
206 214 251 359 372 375 384 459 
206 214 250 358 372 374 385 460 
206 213 250 357 385 461 
206 213 251 357 385 462 
206 213 251 356 385 462 
206 213 251 356 385 463 
206 213 251 355 385 464 
205 213 251 354 386 464 
205 213 251 354 386 465 
204 214 251 353 386 466 
203 215 251 353 386 466 
201 217 251 353 386 467 
200 218 251 352 386 468 
200 218 251 352 386 468 
200 218 251 351 386 469 
200 219 251 351 387 469 
199 219 251 351 387 470 
199 205 206 219 251 350 387 471 
199 205 206 212 213 219 251 350 388 471 
198 204 214 219 251 350 388 472 
198 204 214 219 251 350 388 472 
198 204 214 219 251 349 388 473 
198 204 214 219 251 349 388 473 
198 203 214 219 251 349 389 474 
198 203 214 219 251 349 389 474 
198 203 214 219 251 349 389 474 
198 203 214 219 251 349 389 475 
198 203 214 219 251 349 390 475 
198 203 214 219 251 349 390 475 
198 203 214 219 251 349 390 476 
198 203 214 219 251 349 390 476 
198 203 213 219 251 349 390 476 
198 203 213 218 251 349 390 476 
198 203 213 218 251 349 391 477 
198 203 206 211 213 218 251 349 391 477 
198 203 205 211 213 218 251 349 391 477 
198 218 251 349 391 477 
198 218 251 349 391 478 
199 218 251 349 392 478 
199 217 251 349 392 478 
199 217 251 349 392 478 
201 216 251 349 392 478 
203 214 251 349 392 478 
203 212 252 349 392 478 
203 212 252 349 392 478 
203 212 252 350 393 478 
203 212 252 350 393 477 
203 212 252 350 393 477 
203 212 252 350 393 477 
203 212 252 350 393 477 
203 212 252 350 393 477 
203 212 252 350 393 477 
203 212 252 350 393 477 
203 212 252 351 394 476 
203 212 252 351 394 476 
203 212 252 351 394 476 
203 211 253 351 394 475 
203 212 253 352 378 382 394 475 
202 212 253 352 378 383 394 474 
200 214 253 352 377 384 393 474 
199 215 253 353 377 384 392 473 
198 216 253 354 376 384 390 472 
198 216 253 356 376 384 389 471 
197 217 253 357 376 384 387 470 
197 217 253 357 376 384 386 470 
197 210 211 217 253 358 375 468 
196 210 211 217 252 359 374 467 
