





















350 355 
344 365 
339 370 
242 265 334 374 
236 271 331 378 
231 275 329 383 
227 278 326 384 
224 280 325 385 
221 282 323 386 
220 283 322 386 
219 284 293 315 321 386 
219 285 291 317 321 386 
219 286 290 318 321 388 
218 286 288 389 
217 389 
216 389 
216 390 
216 390 
216 390 
216 389 
216 389 
217 389 
218 388 
218 388 
217 388 
218 388 
218 387 
218 387 
219 387 
220 386 
220 386 
220 386 
220 386 
221 386 
220 386 
220 386 
221 386 
222 384 
223 384 
223 385 
223 385 
222 385 
222 385 
223 384 
223 383 
224 383 
224 383 
225 383 
225 383 
225 383 
225 383 
225 383 
225 382 
226 381 
227 381 
228 380 
228 380 
228 380 
228 379 
229 378 
229 379 
230 379 
230 378 
231 378 
232 360 365 377 
232 244 245 360 368 376 
234 241 247 360 
246 360 
246 360 
246 360 
246 360 
246 360 
245 361 
245 361 
245 362 
245 362 
245 363 
245 363 
245 364 
244 364 
244 365 
244 365 
243 365 
243 366 
242 366 
242 367 
241 367 
241 367 
241 368 
240 368 
240 368 
240 368 
240 368 
241 368 
242 367 
242 366 
241 366 
241 365 
240 362 
240 357 
240 356 
239 356 
239 356 
238 355 
238 355 
238 355 
238 354 
237 354 
237 354 
236 353 
236 353 
236 352 
235 352 
235 352 
235 351 
234 351 
234 350 
233 238 239 350 
233 237 239 349 
233 237 238 349 
232 236 238 348 
232 235 238 348 
231 234 238 347 
231 234 238 347 
230 233 237 346 
230 232 237 345 
230 232 237 345 
230 231 237 344 
236 344 
236 343 
236 342 
235 339 340 342 
235 339 
235 338 
235 338 
234 338 
234 337 
234 337 
234 336 
233 336 
233 336 
233 338 
232 344 
232 353 
232 353 
232 353 
232 234 235 352 
232 234 235 351 
231 233 235 351 
231 233 235 350 
231 233 235 350 
231 233 235 349 
231 232 235 348 
231 232 236 349 
230 232 236 351 
230 232 236 241 242 353 
230 232 236 240 242 355 
236 240 242 356 
236 240 242 358 
236 239 242 359 
235 239 243 360 
235 239 242 361 
235 238 242 362 
235 238 242 363 
235 238 241 364 
235 238 241 365 
235 238 240 366 
235 238 240 367 
235 238 240 368 
235 237 239 368 
235 237 239 369 
235 237 238 369 
235 236 238 370 
235 236 237 370 
236 371 
236 371 
236 371 
236 371 
236 372 
235 372 
235 372 
235 372 
234 372 
234 372 
233 372 
233 372 
233 372 
232 373 
232 373 
232 373 
232 373 
231 373 
231 373 
231 373 
230 373 
230 373 
229 373 
229 373 
229 373 
229 373 
229 374 
229 374 
228 264 265 374 
228 264 265 374 
227 264 265 374 
227 263 265 375 
227 263 265 380 
227 263 265 384 
226 263 265 387 
226 263 265 388 
226 263 265 389 
226 262 265 390 
225 262 265 390 
224 262 265 390 
219 262 265 390 
218 262 265 390 
217 263 265 390 
216 390 
216 389 
217 389 
217 388 
218 264 265 387 
219 263 265 387 
219 386 
220 385 
220 385 
221 384 
221 384 
222 383 
222 383 
222 383 
223 383 
223 265 266 383 
223 263 267 383 
223 262 267 384 
222 262 268 384 
222 261 268 384 
222 261 269 385 
222 260 269 385 
222 260 269 385 
222 260 269 385 
222 260 270 386 
222 260 270 386 
222 260 270 386 
222 260 271 387 
222 260 271 387 
221 260 271 387 
221 260 272 387 
221 260 272 388 
221 260 272 388 
220 260 272 388 
220 260 273 388 
220 260 273 388 
220 259 273 389 
220 259 273 389 
219 259 274 389 
219 259 274 389 
219 259 274 390 
219 259 274 390 
219 259 274 390 
218 259 274 390 
218 259 274 391 
218 259 275 391 
218 259 275 392 
217 259 275 392 
217 259 275 393 
217 259 275 393 
217 259 275 394 
216 259 275 394 
216 259 275 394 
216 259 275 395 
215 259 274 395 
215 259 274 395 
215 259 274 396 
214 259 274 396 
214 259 274 397 
213 259 274 397 
213 259 274 398 
212 259 274 398 
212 259 274 398 
211 259 274 399 
211 259 274 399 
210 259 274 399 
210 259 274 400 
209 259 273 400 
209 259 273 401 
209 259 273 401 
208 258 273 402 
208 258 273 402 
207 258 273 402 
207 258 273 403 
206 258 273 403 
206 258 273 404 
205 258 273 404 
205 258 273 405 
205 258 273 405 
204 258 272 405 
204 258 272 406 
203 258 272 406 
203 258 273 407 
202 257 273 407 
202 257 274 408 
201 257 273 408 
201 257 273 408 
200 257 272 409 
200 257 272 409 
199 257 271 410 
199 257 271 410 
198 257 273 411 
198 257 274 411 
197 257 274 412 
197 257 274 412 
196 256 273 413 
196 256 272 413 
196 256 272 413 
195 256 271 414 
195 256 270 414 
194 256 270 415 
194 255 269 415 
193 255 269 415 
193 255 268 415 
193 255 268 415 
192 255 267 415 
191 255 266 415 
191 254 266 415 
190 254 265 414 
190 254 265 414 
190 254 265 414 
189 254 264 413 
189 254 264 413 
188 254 263 413 
187 253 263 412 
187 253 262 412 
187 253 262 412 
186 253 261 411 
186 253 261 411 
187 253 261 410 
187 252 260 410 
188 252 260 409 
189 252 260 409 
189 252 259 409 
190 252 259 409 
191 251 259 410 
192 251 258 410 
193 251 258 410 
193 250 258 410 
194 250 258 411 
194 250 257 411 
194 250 257 411 
193 249 257 412 
193 249 256 412 
193 249 256 412 
193 249 256 413 
192 248 256 413 
192 248 255 412 
192 248 255 412 
191 248 255 412 
191 248 255 413 
191 247 254 413 
190 247 254 412 
190 247 254 412 
190 246 254 412 
190 246 253 411 
190 246 253 411 
189 245 253 410 
189 245 252 409 
189 245 252 409 
189 244 252 408 
189 244 252 407 
189 244 251 407 
188 243 251 405 
188 243 251 403 
188 243 250 402 
188 242 250 402 
188 242 250 401 
188 241 249 401 
188 241 249 400 
188 241 249 400 
188 240 248 400 
188 240 248 400 
188 239 248 400 
188 239 247 399 
188 239 247 399 
188 238 247 399 
188 238 246 399 
188 237 246 399 
189 237 245 398 
190 236 245 398 
192 236 245 398 
192 235 244 398 
192 235 244 398 
192 234 244 398 
192 234 243 399 
191 233 243 399 
191 233 242 399 
191 232 242 399 
191 232 242 400 
190 231 241 400 
190 231 241 400 
190 230 241 401 
190 230 240 401 
189 229 240 401 
189 229 240 402 
189 228 239 402 
189 228 239 403 
188 227 238 403 
188 227 238 403 
188 226 238 403 
188 225 237 403 
187 225 237 404 
187 224 236 404 
187 224 236 404 
187 223 236 405 
186 222 235 405 
186 222 235 405 
186 221 235 405 
186 220 234 406 
186 220 234 406 
185 219 234 406 
185 218 233 407 
185 218 233 407 
185 217 232 407 
185 216 232 408 
185 216 232 408 
185 215 231 408 
184 214 231 408 
184 214 231 409 
184 213 230 409 
184 212 230 409 
184 212 230 410 
184 211 229 410 
184 210 229 410 
184 210 228 411 
184 209 228 411 
184 208 228 411 
184 208 227 412 
185 207 227 412 
185 206 227 412 
185 206 226 412 
185 205 226 413 
186 204 225 413 
186 203 225 413 
187 203 225 414 
188 201 224 414 
188 200 224 414 
190 199 224 414 
191 199 223 415 
193 199 223 415 
193 195 196 199 222 415 
192 194 196 199 222 416 
192 194 197 200 222 416 
191 194 197 200 221 417 
191 193 197 200 221 417 
190 193 197 200 221 417 
190 192 197 200 220 417 
190 191 197 200 220 418 
197 200 219 418 
197 200 219 419 
