0 640 
0 640 
0 640 
0 640 
0 640 
0 640 
0 640 
0 640 
0 640 
0 640 
0 640 
0 640 
0 640 
0 640 
0 640 
0 640 
0 640 
0 640 
0 640 
0 640 
0 640 
0 640 
0 640 
0 640 
0 640 
0 640 
0 640 
0 640 
0 640 
0 640 
0 640 
0 640 
0 640 
0 640 
0 640 
0 640 
0 640 
0 640 
0 640 
0 640 
0 640 
0 640 
0 640 
0 640 
0 640 
0 640 
0 640 
0 640 
0 640 
0 640 
0 640 
0 640 
0 640 
0 640 
0 640 
0 640 
0 640 
0 640 
0 640 
0 640 
0 640 
0 640 
0 640 
0 640 
0 640 
0 640 
0 640 
0 640 
0 640 
0 640 
0 640 
0 640 
0 640 
0 640 
0 640 
0 640 
0 640 
0 640 
0 640 
0 640 
0 640 
0 640 
0 640 
0 640 
0 640 
0 640 
0 640 
0 640 
0 640 
0 640 
0 640 
0 640 
0 640 
0 640 
0 640 
0 640 
0 640 
0 295 301 640 
0 293 305 306 308 640 
0 292 309 640 
0 291 311 640 
0 290 313 640 
0 288 315 640 
0 287 317 327 329 640 
0 286 320 323 325 640 
0 285 323 640 
0 284 324 640 
0 282 326 640 
0 267 268 281 327 640 
0 265 275 280 328 640 
0 265 330 640 
0 265 330 640 
0 267 331 640 
0 268 331 640 
0 269 332 640 
0 271 332 640 
0 273 332 640 
0 274 332 640 
0 274 332 640 
0 273 332 640 
0 273 332 640 
0 272 332 640 
0 272 333 640 
0 271 333 640 
0 270 334 640 
0 269 335 640 
0 269 335 640 
0 269 336 640 
0 268 336 640 
0 268 336 640 
0 267 336 640 
0 267 335 640 
0 266 335 640 
0 266 336 640 
0 265 338 640 
0 264 340 640 
0 264 341 640 
0 264 343 640 
0 263 344 640 
0 263 345 640 
0 262 346 640 
0 262 334 336 346 640 
0 261 334 342 344 640 
0 260 334 640 
0 260 334 640 
0 259 332 640 
0 259 332 640 
0 258 331 640 
0 258 323 324 331 640 
0 258 323 324 330 640 
0 258 320 322 328 640 
0 257 320 322 324 640 
0 257 320 640 
0 257 320 640 
0 256 320 640 
0 255 320 640 
0 255 320 640 
0 254 320 640 
0 254 320 640 
0 253 321 640 
0 252 320 640 
0 252 318 640 
0 251 317 640 
0 250 317 640 
0 250 317 640 
0 249 317 640 
0 249 317 640 
0 249 317 640 
0 248 317 640 
0 247 317 640 
0 247 317 640 
0 247 317 640 
0 246 317 640 
0 245 317 640 
0 245 317 640 
0 244 317 640 
0 244 317 640 
0 244 318 640 
0 243 320 640 
0 243 321 640 
0 242 322 640 
0 242 323 640 
0 241 325 640 
0 241 327 640 
0 240 329 640 
0 240 330 640 
0 240 332 640 
0 240 333 640 
0 240 334 640 
0 239 335 640 
0 239 335 640 
0 239 336 640 
0 239 336 640 
0 238 337 640 
0 238 337 640 
0 237 337 640 
0 237 338 640 
0 237 338 640 
0 237 338 640 
0 237 338 640 
0 236 338 640 
0 236 339 640 
0 235 339 640 
0 235 340 640 
0 235 341 640 
0 234 341 640 
0 234 341 640 
0 234 341 640 
0 234 341 640 
0 234 341 640 
0 233 342 640 
0 233 342 640 
0 234 343 640 
0 234 343 640 
0 234 344 640 
0 234 320 321 344 640 
0 235 320 322 345 640 
0 235 320 323 345 640 
0 235 320 323 346 640 
0 235 320 324 346 640 
0 235 320 325 347 640 
0 236 320 327 347 640 
0 236 320 328 347 640 
0 235 320 329 348 640 
0 234 320 330 348 640 
0 234 320 331 348 640 
0 233 320 331 348 640 
0 233 320 331 348 640 
0 235 320 330 348 640 
0 236 320 330 348 640 
0 237 320 330 348 640 
0 237 320 329 348 640 
0 235 320 329 348 640 
0 235 320 328 347 640 
0 235 320 328 347 640 
0 234 239 240 320 327 347 640 
0 234 236 241 320 327 346 640 
0 233 235 242 320 327 345 640 
0 242 320 326 345 640 
0 243 319 326 344 640 
0 243 319 325 344 640 
0 244 319 325 343 640 
0 244 319 325 342 640 
0 245 319 324 342 640 
0 245 319 324 342 640 
0 245 319 323 341 640 
0 246 319 323 340 640 
0 247 319 322 340 640 
0 247 319 322 339 640 
0 247 264 265 319 322 338 640 
0 247 264 266 337 640 
0 242 265 266 337 640 
0 239 337 640 
0 237 337 640 
0 235 337 640 
0 235 337 640 
0 235 337 640 
0 235 337 640 
0 236 336 640 
0 236 336 640 
0 237 336 640 
0 237 335 640 
0 237 335 640 
0 237 334 640 
0 237 333 640 
0 237 333 640 
0 237 332 640 
0 237 331 640 
0 238 331 640 
0 238 330 640 
0 238 330 640 
0 238 329 640 
0 238 329 640 
0 238 330 640 
0 238 330 640 
0 239 330 640 
0 239 330 640 
0 239 330 640 
0 240 331 640 
0 240 331 640 
0 240 331 640 
0 241 331 640 
0 242 331 640 
0 242 332 640 
0 244 249 252 332 640 
0 252 333 640 
0 252 333 640 
0 251 334 640 
0 251 334 640 
0 250 335 640 
0 250 335 640 
0 249 335 640 
0 249 336 640 
0 248 336 640 
0 248 337 640 
0 247 337 640 
0 247 337 640 
0 246 338 640 
0 246 338 640 
0 245 338 640 
0 245 339 640 
0 244 339 640 
0 244 339 640 
0 243 340 640 
0 243 340 640 
0 242 341 640 
0 242 341 640 
0 242 341 640 
0 241 342 640 
0 240 342 640 
0 239 342 640 
0 239 342 640 
0 238 343 640 
0 237 245 247 343 640 
0 236 243 246 343 640 
0 236 243 246 344 640 
0 235 243 245 344 640 
0 235 243 245 344 640 
0 234 345 640 
0 234 345 640 
0 235 345 640 
0 235 346 640 
0 236 346 640 
0 236 346 640 
0 237 346 640 
0 237 347 640 
0 237 347 640 
0 238 240 241 347 640 
0 241 347 640 
0 240 348 640 
0 240 348 640 
0 239 348 640 
0 239 348 640 
0 238 349 640 
0 238 349 640 
0 237 349 640 
0 237 349 640 
0 236 350 640 
0 236 350 640 
0 235 351 640 
0 234 351 640 
0 234 352 640 
0 233 352 640 
0 233 350 640 
0 232 349 640 
0 232 349 640 
0 231 349 640 
0 230 348 640 
0 230 349 640 
0 229 349 352 354 640 
0 229 350 352 355 640 
0 228 355 640 
0 228 355 640 
0 227 356 640 
0 226 356 640 
0 226 356 640 
0 225 357 640 
0 225 357 640 
0 224 357 640 
0 223 357 640 
0 223 358 640 
0 222 357 640 
0 221 356 640 
0 221 355 640 
0 220 355 640 
0 219 356 640 
0 219 356 640 
0 218 357 640 
0 218 357 640 
0 217 357 640 
0 217 358 640 
0 216 358 640 
0 215 359 640 
0 215 359 640 
0 214 359 640 
0 213 360 640 
0 213 360 640 
0 213 360 640 
0 212 361 640 
0 212 361 640 
0 211 362 640 
0 211 362 640 
0 210 362 640 
0 209 363 640 
0 209 363 640 
0 208 364 640 
0 208 364 640 
0 207 364 640 
0 207 365 640 
0 206 365 640 
0 206 365 640 
0 205 366 640 
0 204 366 640 
0 204 366 640 
0 203 367 640 
0 203 367 640 
0 203 368 640 
0 202 368 640 
0 202 368 640 
0 201 369 640 
0 200 369 640 
0 200 370 640 
0 200 370 640 
0 200 371 640 
0 199 371 640 
0 199 371 640 
0 199 372 640 
0 198 372 640 
0 198 373 640 
0 198 373 640 
0 198 374 640 
0 198 374 640 
0 198 374 640 
0 199 375 640 
0 199 375 640 
0 199 376 640 
0 200 376 640 
0 201 377 640 
0 201 377 640 
0 201 377 640 
0 201 376 640 
0 201 374 640 
0 200 371 640 
0 201 370 640 
0 202 371 640 
0 203 371 640 
0 205 372 640 
0 206 372 640 
0 207 372 640 
0 207 373 640 
0 208 373 640 
0 209 373 640 
0 209 373 640 
0 209 368 371 374 640 
0 209 368 373 374 640 
0 209 367 640 
0 209 343 350 367 640 
0 209 341 356 366 640 
0 209 340 358 365 640 
0 209 338 360 363 640 
0 209 337 640 
0 209 336 640 
0 210 335 640 
0 210 335 640 
0 210 335 640 
0 211 306 312 335 640 
0 212 304 312 335 640 
0 217 302 312 335 640 
0 220 300 312 335 640 
0 221 299 312 335 640 
0 222 297 312 335 640 
0 223 295 313 335 640 
0 225 293 313 335 640 
0 226 292 313 335 640 
0 226 290 313 335 640 
0 227 289 313 335 640 
0 227 287 313 335 640 
0 228 261 271 282 284 285 313 335 640 
0 229 261 276 277 279 280 314 335 640 
0 229 261 314 335 640 
0 230 260 314 335 640 
0 232 260 314 335 640 
0 234 260 314 334 640 
0 235 259 314 334 640 
0 236 259 314 334 640 
0 236 259 314 334 640 
0 236 258 314 334 640 
0 236 258 315 335 640 
0 236 258 314 336 640 
0 236 258 313 336 640 
0 237 257 312 337 640 
0 236 257 312 337 640 
0 236 257 312 337 640 
0 236 257 312 337 640 
0 236 256 312 337 640 
0 235 256 313 337 640 
0 235 256 313 337 640 
0 235 256 313 337 640 
0 235 256 313 337 640 
0 235 256 314 337 640 
