0 76 83 230 231 640 
0 75 84 226 231 640 
0 76 84 225 230 463 464 640 
0 77 84 640 
0 78 83 640 
0 79 82 640 
0 640 
0 640 
0 640 
0 640 
0 640 
0 640 
0 640 
0 640 
0 640 
0 640 
0 640 
0 640 
0 640 
0 640 
0 640 
0 640 
0 640 
0 640 
0 640 
0 640 
0 640 
0 640 
0 640 
0 640 
0 640 
0 640 
0 640 
0 640 
0 640 
0 640 
0 640 
0 640 
0 99 101 134 140 640 
0 96 100 128 140 640 
0 91 99 126 138 640 
0 129 135 640 
0 640 
0 640 
0 640 
0 640 
0 640 
0 640 
0 640 
0 640 
0 640 
0 640 
0 640 
0 640 
0 640 
0 640 
0 640 
0 640 
0 640 
0 640 
0 640 
0 640 
0 640 
0 264 265 640 
0 261 266 640 
0 256 265 640 
0 254 264 640 
0 252 262 640 
0 250 261 640 
0 249 259 640 
0 247 257 640 
0 246 254 640 
0 246 250 451 453 640 
0 246 247 450 452 640 
0 447 452 640 
0 445 450 640 
0 443 449 640 
0 442 448 640 
0 440 447 640 
0 439 446 640 
0 437 444 640 
0 436 443 640 
0 435 442 640 
0 435 440 640 
0 434 440 640 
0 434 438 640 
0 640 
0 640 
0 640 
0 640 
0 640 
0 640 
0 640 
0 640 
0 640 
0 640 
0 640 
0 640 
0 640 
0 640 
0 640 
0 640 
0 640 
0 640 
0 640 
0 640 
0 640 
0 640 
0 640 
0 640 
0 640 
0 640 
0 640 
0 640 
0 640 
0 640 
0 640 
0 640 
0 640 
0 640 
0 263 267 640 
0 136 142 260 270 640 
0 134 143 257 273 640 
0 132 142 255 276 640 
0 131 138 254 277 640 
0 254 276 640 
0 255 275 640 
0 257 274 640 
0 260 272 640 
0 262 269 640 
0 640 
0 640 
0 640 
0 640 
0 640 
0 640 
0 640 
0 16 17 640 
0 14 20 640 
0 15 22 640 
0 15 24 640 
0 16 26 640 
0 16 27 640 
0 17 28 640 
0 17 28 640 
0 18 29 640 
0 18 29 640 
0 19 30 640 
0 19 30 640 
0 20 30 640 
0 21 31 640 
0 23 31 640 
0 24 31 640 
0 26 31 640 
0 29 30 640 
0 640 
0 640 
0 640 
0 640 
0 640 
0 640 
0 640 
0 640 
0 537 540 640 
0 533 541 640 
0 531 540 640 
0 530 538 640 
0 530 536 640 
0 531 532 533 534 640 
0 640 
0 640 
0 640 
0 640 
0 640 
0 640 
0 640 
0 640 
0 640 
0 640 
0 640 
0 640 
0 640 
0 640 
0 640 
0 640 
0 640 
0 640 
0 640 
0 640 
0 640 
0 640 
0 640 
0 640 
0 640 
0 640 
0 640 
0 640 
0 640 
0 640 
0 640 
0 640 
0 640 
0 640 
0 640 
0 640 
0 640 
0 640 
0 640 
0 640 
0 640 
0 640 
0 640 
0 640 
0 640 
0 640 
0 640 
0 640 
0 640 
0 640 
0 640 
0 640 
0 640 
0 640 
0 640 
0 640 
0 640 
0 640 
0 640 
0 640 
0 640 
0 640 
0 640 
0 640 
0 281 282 640 
0 280 283 640 
0 279 283 640 
0 279 283 640 
0 279 282 640 
0 279 282 640 
0 279 281 640 
0 279 280 640 
0 640 
0 640 
0 640 
0 640 
0 618 622 640 
0 339 340 611 622 640 
0 339 340 608 622 640 
0 338 340 606 620 640 
0 235 246 337 340 605 617 640 
0 233 249 336 340 603 614 640 
0 232 251 336 340 601 612 640 
0 232 252 335 340 600 610 640 
0 233 253 334 340 600 609 640 
0 233 253 334 340 599 607 640 
0 234 254 334 339 597 605 640 
0 234 255 333 339 597 604 640 
0 235 255 266 267 333 339 596 602 640 
0 236 256 266 268 332 339 595 600 640 
0 236 257 266 269 331 339 594 598 640 
0 237 255 267 270 331 338 593 595 640 
0 238 252 268 270 330 338 640 
0 240 249 268 270 330 338 640 
0 268 271 330 338 640 
0 269 271 330 337 640 
0 270 272 330 337 640 
0 270 272 330 337 640 
0 271 272 329 337 640 
0 271 272 329 337 640 
0 329 336 640 
0 328 336 640 
0 328 336 640 
0 328 335 640 
0 328 335 640 
0 328 335 640 
0 328 335 575 580 640 
0 328 335 573 580 640 
0 328 334 571 579 640 
0 329 334 568 579 640 
0 329 334 566 578 640 
0 329 334 564 577 640 
0 329 334 563 576 640 
0 330 334 561 575 640 
0 330 334 560 574 640 
0 330 334 560 573 640 
0 330 334 558 572 640 
0 51 53 330 334 557 571 640 
0 51 54 331 333 556 570 640 
0 50 55 331 333 555 569 640 
0 50 56 331 333 554 567 640 
0 50 56 332 333 553 564 640 
0 49 57 552 561 640 
0 49 57 552 558 640 
0 49 57 243 245 640 
0 49 57 243 245 640 
0 49 57 241 244 640 
0 50 57 240 244 640 
0 50 57 239 243 277 278 640 
0 51 57 238 242 276 278 640 
0 52 56 237 242 275 278 640 
0 53 56 236 241 274 278 640 
0 54 56 235 241 273 278 640 
0 235 240 272 277 640 
0 234 239 272 277 640 
0 233 239 271 277 640 
0 233 237 270 276 640 
0 232 236 270 276 640 
0 232 235 270 276 640 
0 231 234 269 275 640 
0 231 233 269 275 640 
0 231 232 268 275 640 
0 268 274 640 
0 267 274 640 
0 267 273 640 
0 267 273 640 
0 267 272 640 
0 266 272 640 
0 266 271 640 
0 267 271 640 
0 267 270 640 
0 267 270 640 
0 267 270 640 
0 267 269 640 
0 371 373 640 
0 371 374 640 
0 372 375 640 
0 373 376 640 
0 373 377 640 
0 374 377 640 
0 375 378 640 
0 145 150 375 379 555 557 640 
0 143 152 215 217 219 223 376 380 555 557 640 
0 143 154 207 222 377 380 554 557 640 
0 143 155 203 219 377 381 554 557 640 
0 144 155 196 217 378 382 553 557 640 
0 145 156 197 212 379 383 552 556 640 
0 147 157 198 207 380 384 551 556 640 
0 148 158 381 384 551 556 640 
0 149 158 383 385 550 556 640 
0 151 159 384 385 549 556 640 
0 153 160 548 555 640 
0 155 161 548 555 640 
0 158 161 547 555 640 
0 160 162 547 555 640 
0 546 554 640 
0 546 554 640 
0 545 554 640 
0 545 553 640 
0 545 553 640 
0 545 553 640 
0 544 552 640 
0 544 552 640 
0 544 552 640 
0 543 551 640 
0 543 551 640 
0 543 550 640 
0 543 550 640 
0 543 550 640 
0 543 549 640 
0 542 549 640 
0 542 548 640 
0 542 548 640 
0 542 547 640 
0 541 547 640 
0 541 546 640 
0 541 545 640 
0 541 544 640 
0 541 543 640 
0 542 543 640 
0 640 
0 640 
0 640 
0 640 
0 640 
0 640 
0 640 
0 640 
0 640 
0 640 
0 640 
0 640 
0 640 
0 640 
0 640 
0 640 
0 266 267 640 
0 266 273 640 
0 268 277 640 
0 270 278 323 338 505 508 640 
0 326 340 502 515 640 
0 333 336 337 338 503 518 640 
0 504 520 640 
0 493 521 640 
0 490 523 640 
0 490 524 640 
0 490 526 640 
0 490 527 640 
0 491 528 640 
0 493 525 640 
0 495 519 640 
0 496 518 640 
0 498 517 640 
0 500 515 640 
0 507 510 640 
0 185 191 640 
0 182 189 640 
0 181 187 640 
0 180 183 640 
0 640 
0 640 
0 640 
0 640 
0 640 
0 640 
0 640 
0 640 
0 640 
0 640 
0 640 
0 640 
0 640 
0 336 337 640 
0 335 337 640 
0 335 338 640 
0 334 338 640 
0 334 338 640 
0 63 65 334 338 640 
0 63 65 333 338 640 
0 63 65 333 339 640 
0 64 66 333 339 640 
0 64 66 90 98 332 339 640 
0 65 67 88 100 332 339 640 
0 65 67 86 102 332 339 545 546 640 
0 65 68 85 103 331 339 541 551 640 
0 66 68 84 104 331 339 539 553 640 
0 67 69 82 105 332 339 536 556 640 
0 68 69 80 106 332 339 534 557 640 
0 79 106 332 338 533 559 640 
0 77 107 333 338 531 560 640 
0 75 106 333 338 530 561 640 
0 74 105 334 337 529 563 640 
0 72 104 334 337 529 564 640 
0 71 102 334 336 530 564 640 
0 70 100 208 211 334 336 531 564 640 
0 70 99 204 214 532 563 640 
0 70 97 201 215 535 557 640 
0 71 96 198 215 537 555 640 
0 73 94 197 216 540 552 640 
0 75 93 197 216 542 550 640 
0 78 91 197 217 640 
0 82 88 198 217 640 
0 199 217 640 
0 200 216 640 
0 202 215 640 
0 640 
0 640 
0 640 
0 640 
0 640 
0 640 
0 640 
0 640 
0 640 
0 640 
0 640 
0 640 
0 640 
0 640 
0 179 181 640 
0 179 182 640 
0 179 183 640 
0 178 183 640 
0 178 184 640 
0 178 184 640 
0 178 185 640 
0 179 185 640 
0 179 185 640 
0 179 186 640 
0 180 185 640 
0 181 182 183 185 640 
