0 640 
0 640 
0 640 
0 640 
0 640 
0 640 
0 640 
0 640 
0 640 
0 640 
0 640 
0 640 
0 640 
0 640 
0 640 
0 257 259 640 
0 251 263 640 
0 246 268 640 
0 241 271 640 
0 238 273 640 
0 235 274 640 
0 232 276 640 
0 230 278 640 
0 227 280 640 
0 225 281 640 
0 223 283 640 
0 221 284 640 
0 219 286 344 355 640 
0 218 287 339 358 640 
0 215 288 335 360 640 
0 214 290 333 361 640 
0 213 291 330 361 640 
0 211 293 326 362 640 
0 210 294 323 362 640 
0 209 296 320 362 640 
0 209 297 316 362 640 
0 207 299 314 362 640 
0 202 300 311 362 640 
0 200 301 309 361 640 
0 199 303 307 361 640 
0 197 360 640 
0 196 360 640 
0 194 359 640 
0 193 359 640 
0 192 358 640 
0 191 358 640 
0 189 357 640 
0 188 356 640 
0 187 355 640 
0 186 355 640 
0 185 354 640 
0 183 353 640 
0 182 352 640 
0 181 352 640 
0 180 351 640 
0 179 350 640 
0 178 349 640 
0 177 348 640 
0 176 347 640 
0 175 346 640 
0 174 345 640 
0 174 344 640 
0 173 343 640 
0 172 342 640 
0 171 341 640 
0 171 340 640 
0 170 339 640 
0 169 338 640 
0 169 337 640 
0 169 336 640 
0 168 335 640 
0 168 334 640 
0 168 332 640 
0 167 331 640 
0 167 331 640 
0 167 331 640 
0 166 332 640 
0 166 333 640 
0 166 334 640 
0 166 335 640 
0 166 336 640 
0 166 337 640 
0 166 338 640 
0 166 339 640 
0 166 340 640 
0 166 341 640 
0 166 342 640 
0 166 343 640 
0 167 344 640 
0 167 345 640 
0 167 346 640 
0 167 347 640 
0 167 348 640 
0 167 349 640 
0 167 350 640 
0 167 351 640 
0 167 352 640 
0 167 353 640 
0 167 354 640 
0 168 354 640 
0 168 356 640 
0 168 354 356 357 640 
0 168 348 350 354 640 
0 168 348 640 
0 168 349 640 
0 168 349 640 
0 168 349 640 
0 168 350 640 
0 168 350 640 
0 168 350 640 
0 168 351 640 
0 168 351 640 
0 169 352 640 
0 169 352 640 
0 169 353 640 
0 169 352 640 
0 169 347 348 352 640 
0 169 347 349 352 640 
0 169 347 349 352 640 
0 169 347 349 352 640 
0 169 347 350 352 640 
0 169 347 350 352 640 
0 170 347 350 352 640 
0 170 346 351 352 640 
0 169 342 343 346 640 
0 169 341 343 345 640 
0 167 341 343 345 640 
0 166 341 343 345 640 
0 165 341 343 345 640 
0 165 341 343 345 640 
0 163 341 343 344 640 
0 163 340 640 
0 161 339 640 
0 160 339 640 
0 159 338 640 
0 158 338 640 
0 157 337 640 
0 156 336 640 
0 155 335 640 
0 154 334 640 
0 154 333 640 
0 153 333 640 
0 152 333 640 
0 151 334 640 
0 150 334 640 
0 150 335 640 
0 149 335 640 
0 148 336 640 
0 147 337 640 
0 147 338 640 
0 146 340 640 
0 145 342 640 
0 145 344 640 
0 144 345 640 
0 144 346 640 
0 143 346 640 
0 142 346 640 
0 142 346 640 
0 141 345 640 
0 141 345 640 
0 140 344 640 
0 140 343 640 
0 140 342 640 
0 140 340 640 
0 140 339 640 
0 140 339 640 
0 140 338 640 
0 141 169 171 338 640 
0 142 143 147 166 172 338 640 
0 147 163 172 338 640 
0 148 158 172 338 640 
0 172 338 640 
0 172 338 640 
0 173 339 640 
0 173 339 640 
0 173 338 640 
0 173 338 640 
0 173 337 640 
0 173 336 640 
0 173 334 640 
0 173 333 640 
0 173 333 640 
0 173 334 640 
0 169 334 640 
0 166 172 173 334 640 
0 164 171 174 334 640 
0 163 171 174 333 640 
0 161 171 174 333 640 
0 25 78 160 171 174 332 640 
0 15 89 159 171 174 331 640 
0 4 101 157 172 173 331 640 
0 2 107 156 330 640 
117 156 330 640 
124 155 329 640 
131 154 329 640 
138 154 329 640 
143 154 328 640 
149 153 328 640 
328 640 
327 640 
327 640 
327 640 
326 640 
325 640 
324 640 
322 640 
322 640 
321 640 
321 640 
321 640 
321 640 
321 640 
321 640 
321 640 
321 640 
320 640 
320 640 
320 640 
320 640 
320 640 
320 640 
320 640 
319 640 
24 68 319 640 
13 80 319 640 
5 90 319 640 
0 100 318 640 
0 110 318 640 
0 116 317 640 
0 121 317 640 
0 128 316 640 
0 135 315 640 
0 141 315 640 
0 145 314 640 
0 150 312 640 
0 153 311 640 
0 157 309 640 
0 158 306 640 
0 159 303 640 
0 159 300 640 
0 160 301 640 
0 160 302 640 
0 161 303 640 
0 162 304 640 
0 162 305 640 
0 163 306 640 
0 164 307 640 
0 165 308 640 
0 166 310 640 
0 167 312 640 
0 168 315 640 
0 169 317 640 
0 170 319 640 
0 171 321 640 
0 173 324 640 
0 174 327 640 
0 175 329 640 
0 176 330 640 
0 178 333 640 
0 179 335 640 
0 180 337 640 
0 182 339 640 
0 184 341 640 
0 186 344 640 
0 187 346 640 
0 190 348 640 
0 192 350 640 
0 195 352 640 
0 198 354 640 
0 201 357 640 
0 212 359 640 
0 212 361 640 
0 212 362 374 382 640 
0 212 365 373 384 640 
0 212 367 372 386 640 
0 212 368 371 387 640 
0 212 389 640 
0 212 390 640 
0 212 392 640 
0 211 393 640 
0 211 396 640 
0 211 398 640 
0 211 400 640 
0 211 402 640 
0 210 403 640 
0 210 404 640 
0 210 405 640 
0 210 407 640 
0 210 408 640 
0 210 412 640 
0 210 416 640 
0 210 418 640 
0 210 419 640 
0 210 421 640 
0 210 422 640 
0 210 423 640 
0 210 425 640 
0 210 428 640 
0 210 431 640 
0 210 433 640 
0 210 434 640 
0 210 435 640 
0 210 211 212 435 640 
0 210 211 213 436 640 
0 213 345 347 436 640 
0 213 345 347 436 640 
0 213 346 348 436 640 
0 213 220 221 346 349 351 353 436 640 
0 213 220 221 347 349 352 355 436 640 
0 212 215 216 219 222 348 350 352 355 436 640 
0 212 214 216 219 222 348 350 353 356 435 640 
0 212 214 216 219 222 349 351 354 356 436 640 
0 212 214 217 219 222 350 352 354 356 437 640 
0 212 214 217 219 223 350 353 355 356 439 640 
0 212 214 217 219 223 350 353 355 356 440 640 
0 217 219 223 351 356 442 640 
0 217 219 223 352 357 444 640 
0 217 219 224 352 356 445 640 
0 217 219 224 353 357 447 640 
0 217 218 224 353 357 448 640 
0 217 218 224 354 357 450 640 
0 224 354 358 451 640 
0 224 355 358 453 640 
0 223 355 358 455 640 
0 223 355 358 456 640 
0 223 356 358 458 640 
0 223 356 359 459 640 
0 223 357 359 461 640 
0 223 357 359 462 640 
0 223 357 360 464 640 
0 223 358 360 466 640 
0 223 358 359 467 640 
0 223 468 640 
0 223 470 640 
0 223 471 640 
0 222 473 640 
0 222 474 640 
0 222 475 640 
0 222 477 640 
0 222 478 640 
0 222 480 640 
0 222 481 640 
0 222 482 640 
0 221 484 640 
0 221 485 640 
0 221 486 640 
0 221 424 426 488 640 
0 221 423 428 489 640 
0 221 423 429 491 640 
0 221 422 431 492 640 
0 221 422 433 493 640 
0 221 421 434 495 640 
0 221 421 436 496 502 511 640 
0 221 420 438 513 640 
0 222 419 439 513 640 
0 222 419 440 514 640 
0 222 418 442 515 640 
0 223 418 444 515 640 
0 223 417 445 515 640 
0 224 416 447 516 640 
0 225 416 448 523 640 
0 225 416 450 525 640 
0 224 417 451 527 640 
0 223 418 453 527 640 
0 223 419 454 528 640 
0 223 421 456 528 640 
0 224 422 458 529 640 
0 224 423 459 529 640 
0 225 424 460 529 640 
0 225 425 462 529 640 
0 226 426 463 530 640 
0 226 427 465 533 640 
0 227 428 466 536 640 
0 228 428 467 538 640 
0 229 429 469 539 640 
0 230 430 470 539 640 
0 231 431 472 540 640 
0 232 431 473 540 640 
0 234 431 474 540 640 
0 235 430 475 540 640 
0 236 429 475 540 640 
0 236 429 474 540 640 
0 236 428 474 541 640 
0 237 427 473 541 640 
0 237 426 472 542 640 
0 237 425 472 544 640 
0 237 425 471 544 640 
0 237 424 470 545 640 
0 238 423 470 545 640 
0 238 422 470 545 640 
0 238 421 469 545 640 
0 238 420 469 544 640 
0 238 419 468 544 640 
0 238 418 464 544 640 
0 239 417 457 545 640 
0 239 416 450 546 640 
0 239 415 447 547 640 
0 239 415 437 548 640 
0 239 549 640 
0 240 550 640 
0 240 551 640 
0 240 552 640 
0 240 553 640 
0 240 554 640 
0 240 555 640 
0 241 556 640 
0 241 557 640 
0 241 558 640 
0 241 559 640 
0 242 560 640 
0 242 561 640 
0 242 562 640 
0 242 563 640 
0 242 564 640 
0 242 565 640 
0 242 565 640 
0 243 566 640 
0 243 520 522 567 640 
0 243 519 523 568 640 
0 243 519 524 569 640 
0 243 518 525 570 640 
0 243 517 526 570 640 
0 243 516 527 572 640 
0 243 515 528 573 640 
0 243 514 529 574 640 
0 243 513 530 574 640 
0 244 512 531 575 640 
0 244 511 532 576 640 
0 244 510 533 577 640 
0 244 508 534 578 640 
0 244 507 535 579 640 
0 244 506 536 580 640 
0 244 504 537 580 640 
0 244 503 538 581 640 
0 244 502 539 582 640 
0 244 501 540 583 640 
0 244 501 541 584 640 
0 245 501 542 584 640 
0 245 501 543 585 640 
0 245 501 544 586 640 
0 245 501 545 587 640 
0 245 500 546 588 640 
0 245 500 547 589 640 
0 245 500 548 590 640 
0 245 500 548 590 640 
0 245 365 369 500 549 591 640 
0 245 364 381 500 550 592 640 
0 245 364 400 499 551 593 640 
0 246 363 413 499 552 593 640 
0 246 362 418 499 553 594 640 
0 246 361 426 499 554 595 640 
0 246 360 432 499 555 596 640 
0 246 360 436 498 556 597 640 
0 246 359 440 498 557 598 640 
0 246 358 444 498 558 598 640 
0 246 357 447 497 559 599 640 
0 246 357 450 497 560 600 640 
0 246 356 453 497 560 600 640 
0 246 355 455 496 561 601 640 
0 246 354 458 496 562 602 640 
0 246 354 460 496 563 603 640 
0 246 353 464 495 564 603 640 
0 246 352 466 494 565 604 640 
0 246 352 469 494 565 605 640 
0 246 351 471 493 566 606 640 
0 246 351 475 492 567 606 640 
0 246 351 479 491 568 607 640 
0 246 351 485 489 569 608 640 
0 246 351 570 608 640 
0 246 351 570 609 640 
0 246 351 571 610 640 
0 246 351 572 611 640 
0 246 351 573 611 640 
0 246 351 574 612 640 
0 245 351 574 613 640 
0 245 351 575 613 640 
0 245 351 576 614 640 
0 245 351 577 615 640 
0 244 351 578 616 640 
0 244 351 578 616 640 
