531 640 
530 640 
529 640 
527 640 
526 640 
525 640 
524 640 
523 640 
521 640 
520 640 
519 640 
501 640 
494 640 
490 640 
486 640 
483 640 
479 640 
476 640 
474 640 
471 640 
469 640 
466 640 
464 640 
462 640 
460 640 
458 640 
456 640 
454 640 
452 640 
450 640 
448 640 
447 640 
445 640 
443 640 
442 640 
440 640 
439 640 
438 640 
436 640 
435 640 
433 640 
432 640 
431 640 
430 640 
428 639 
427 636 
426 628 
425 625 
424 624 
423 623 
422 622 
421 620 
420 609 
420 609 
419 609 
418 610 611 615 
417 620 
417 622 626 627 
416 630 
415 632 
414 633 
414 640 
413 640 
412 640 
412 640 
411 640 
411 640 
410 640 
410 640 
409 640 
408 640 
408 640 
407 640 
407 640 
407 640 
406 640 
406 640 
405 640 
405 640 
405 640 
404 640 
404 640 
404 640 
404 640 
403 640 
403 640 
403 640 
403 640 
403 640 
403 640 
403 640 
403 640 
403 640 
402 640 
402 640 
402 640 
402 640 
401 640 
400 640 
400 640 
399 638 
398 638 
397 638 
396 638 
395 633 635 636 
394 633 
393 633 
392 633 
390 633 
389 633 
387 633 
385 633 
384 633 
382 633 
380 633 
378 633 
376 633 
375 633 
373 633 
371 633 
369 633 
363 633 
352 632 
350 632 
348 632 
346 632 
346 632 
345 632 
345 631 
344 631 
344 631 
344 630 
343 630 
343 630 
343 629 
342 629 
342 629 
342 628 
342 628 
342 628 
342 627 
342 627 
342 626 
342 626 
342 625 
344 346 351 625 
351 625 
352 624 
352 624 
353 623 
353 623 
354 622 
354 621 
355 621 
356 620 
356 620 
357 619 
358 619 
359 382 384 619 
360 381 384 618 
362 373 375 380 384 618 
365 370 375 380 384 618 
375 379 384 619 
384 619 
385 620 
385 620 
385 620 
386 621 
386 621 
386 622 
386 622 
387 623 
387 623 
387 624 
388 625 
389 625 
389 626 
390 626 
390 394 395 627 
392 394 395 628 
392 394 396 628 
397 629 
397 629 
398 630 
400 412 414 631 
402 413 415 632 
403 413 417 632 
403 414 418 633 
405 409 410 414 421 634 
406 408 411 415 422 634 
413 415 423 635 
414 416 422 636 
415 416 422 637 
422 637 
422 638 
421 640 
421 640 
420 640 
420 640 
419 640 
418 640 
417 640 
416 640 
414 640 
413 640 
412 640 
412 640 
411 640 
412 640 
413 640 
414 620 624 640 
415 620 627 640 
417 621 630 640 
420 622 635 640 
422 622 636 640 
424 623 637 640 
424 624 
425 625 
425 626 
425 627 
425 622 625 628 
426 622 626 628 
426 623 
426 623 
427 624 
428 625 
429 626 
430 627 
431 627 631 634 
431 629 630 636 
432 638 
432 640 
433 640 
434 640 
436 640 
437 640 
438 609 610 640 
438 609 613 640 
439 610 617 640 
440 610 624 640 
440 611 626 640 
441 612 627 640 
441 612 627 640 
442 614 627 640 
442 481 482 609 610 614 627 640 
441 480 483 609 613 615 627 640 
441 480 483 606 607 609 614 615 627 640 
441 466 468 479 483 588 589 595 597 605 627 640 
440 466 468 479 484 588 599 605 627 640 
440 465 468 478 485 588 601 606 627 640 
440 446 450 454 455 465 469 478 485 588 602 607 627 640 
440 445 452 453 455 464 469 477 485 588 604 607 627 640 
439 445 455 464 469 477 485 588 627 640 
441 444 455 463 469 476 485 589 627 640 
441 443 456 463 469 476 485 570 571 589 626 640 
441 442 456 462 469 471 472 475 485 570 572 589 626 640 
456 461 472 474 485 570 573 589 626 640 
458 461 471 474 485 570 574 589 626 640 
459 460 472 473 485 570 575 589 626 640 
485 570 576 589 626 640 
484 570 577 589 626 640 
483 570 578 589 626 640 
482 570 579 589 626 640 
481 570 580 589 625 640 
480 570 581 589 625 640 
200 235 479 570 582 589 625 640 
198 240 478 547 548 570 584 589 624 640 
176 177 179 248 478 546 549 570 585 589 624 640 
158 253 478 546 550 570 587 589 624 640 
157 257 478 545 551 554 555 570 623 640 
157 262 478 545 556 562 565 571 623 640 
157 264 478 545 557 563 566 571 623 640 
157 268 478 545 557 563 567 571 622 640 
157 272 478 546 559 563 568 572 622 640 
157 275 478 546 560 563 569 572 622 640 
157 279 476 546 561 563 621 640 
158 282 475 547 562 563 621 640 
158 286 473 547 621 640 
158 288 472 548 620 640 
158 289 470 548 620 640 
158 291 469 549 620 640 
159 292 467 549 620 640 
159 293 466 549 619 640 
159 295 464 550 619 640 
160 295 463 550 619 640 
160 296 462 551 619 640 
161 297 460 551 618 640 
161 298 459 551 618 640 
162 299 458 552 618 640 
162 299 457 552 618 640 
163 300 456 552 617 640 
164 301 455 553 617 640 
164 302 454 553 617 640 
165 302 453 553 616 640 
166 303 452 554 616 640 
167 304 451 554 616 640 
168 305 450 554 615 640 
170 306 449 555 615 640 
170 306 438 555 615 640 
172 307 430 556 615 640 
173 308 424 556 615 640 
174 309 422 557 614 640 
175 310 422 557 614 640 
176 311 415 557 614 640 
177 312 414 558 614 640 
177 312 413 558 613 640 
178 313 412 558 613 640 
179 314 412 559 613 640 
179 314 411 559 612 640 
180 315 411 559 612 640 
180 316 411 560 612 640 
181 317 412 560 611 640 
181 318 412 560 611 640 
181 318 412 561 611 640 
181 319 412 561 611 640 
182 320 413 561 610 640 
182 321 413 562 610 640 
183 322 413 562 610 640 
182 322 414 562 609 640 
182 323 414 563 609 640 
181 324 415 563 609 640 
181 325 415 563 608 640 
181 326 415 563 608 640 
181 326 416 563 608 640 
181 327 415 563 607 640 
181 328 413 564 607 640 
182 329 391 393 409 564 606 640 
183 329 390 564 606 640 
187 330 391 564 606 640 
197 331 391 564 605 640 
200 332 391 564 605 640 
201 333 392 564 604 640 
201 333 392 564 604 640 
201 246 251 334 392 564 603 640 
202 241 252 335 393 564 602 640 
202 235 252 335 393 565 602 640 
203 231 253 336 394 565 601 640 
204 225 254 337 394 565 600 640 
206 218 254 338 395 565 599 640 
255 338 395 565 598 640 
256 339 395 564 597 640 
256 340 395 564 596 640 
257 341 393 564 595 640 
258 341 391 564 594 640 
258 342 390 564 592 640 
259 343 387 564 591 640 
260 344 386 564 589 640 
260 345 384 564 588 640 
261 345 383 565 587 640 
262 346 381 568 586 640 
262 347 379 570 586 640 
263 348 378 573 586 640 
264 348 376 575 585 640 
264 349 375 577 585 639 
265 350 373 579 584 639 
265 350 372 581 584 639 
266 351 370 639 
267 352 369 639 
267 353 368 638 
268 353 366 638 
269 354 365 638 
269 355 364 638 
270 355 363 638 
270 356 362 638 
271 357 361 638 
272 357 360 637 
272 637 
273 636 
273 636 
274 635 
274 634 
275 631 
276 629 
276 628 
277 627 
278 627 
278 626 
279 626 
279 626 
280 625 
280 625 
281 624 
282 624 
282 624 
283 623 
283 623 
284 623 
284 622 
285 622 
286 622 
286 622 
287 621 
287 621 
288 621 
288 621 
289 620 
290 620 
290 620 
291 621 
291 622 
292 623 
292 624 
293 625 
294 626 
294 627 
295 629 
295 630 
296 631 
297 632 
297 633 
298 634 
298 635 
299 636 
299 637 
300 640 
301 534 536 640 
301 533 547 640 
302 532 569 640 
302 532 577 640 
303 532 581 640 
304 531 584 640 
304 531 586 640 
305 531 589 640 
306 530 591 640 
306 530 593 640 
307 530 595 640 
307 529 597 640 
308 529 598 640 
309 529 600 640 
310 528 601 640 
310 528 603 640 
311 528 604 640 
312 527 605 640 
313 527 606 640 
313 527 608 640 
314 526 609 640 
315 526 610 640 
316 526 611 640 
317 525 612 640 
318 525 613 640 
319 525 614 640 
320 396 399 524 615 640 
321 394 399 524 616 640 
322 392 399 524 617 640 
323 390 399 524 618 640 
324 388 399 523 619 640 
326 386 399 523 620 640 
327 384 399 523 620 640 
328 382 399 522 621 640 
330 380 399 522 622 640 
331 377 399 522 623 640 
333 375 399 522 624 640 
334 373 398 521 625 640 
336 370 398 521 626 640 
338 368 398 521 627 640 
340 365 398 520 627 640 
343 362 398 520 628 640 
347 357 398 520 629 640 
398 520 630 640 
398 519 631 640 
398 519 631 640 
398 519 632 640 
398 519 633 640 
397 519 634 640 
397 518 635 640 
397 518 635 640 
397 518 636 640 
397 518 637 640 
397 518 638 640 
397 518 638 640 
397 517 639 640 
397 517 
397 517 
397 517 
396 517 
396 517 
396 517 
396 517 
396 517 
396 517 
