

























548 552 
546 552 
545 552 
543 551 
541 550 
539 549 
538 549 
536 547 
535 546 
533 545 
531 545 
530 544 
529 543 
527 543 
525 541 
524 540 
523 540 
522 539 
520 538 
519 537 
518 536 
516 535 
515 535 
514 534 
512 533 
511 532 
510 531 
509 530 
508 530 
506 529 
505 528 
504 527 
503 526 
502 526 
501 525 
500 524 
499 523 
498 522 
496 522 
495 521 
494 520 
493 520 
492 519 
490 518 
489 520 
488 522 
487 523 
486 523 
485 523 
161 184 483 522 
158 190 481 521 
154 194 480 520 
152 197 478 518 
150 199 477 516 
147 202 476 514 
145 204 474 512 
144 206 473 508 
142 208 472 509 
141 210 471 511 
140 211 470 514 
138 213 470 516 
137 214 469 518 
136 216 468 519 
135 217 467 521 
133 219 465 522 
132 220 464 523 
131 220 463 525 
130 222 461 525 
129 223 460 526 
128 224 459 527 
127 225 457 527 
126 225 456 527 
125 226 454 526 
125 227 453 525 
124 228 451 523 
123 229 450 521 
122 230 448 518 
122 231 447 514 
121 231 445 512 
120 232 443 510 
120 232 442 509 
119 233 440 507 
119 234 439 505 
118 234 437 504 
117 235 435 503 
117 235 390 396 434 501 
116 236 388 398 432 500 
116 236 387 399 430 480 482 498 
115 237 386 400 429 479 484 495 
115 237 387 402 427 477 
114 238 389 402 426 477 
113 238 388 403 424 475 
113 239 389 403 423 475 
112 239 389 404 421 473 
112 239 388 404 420 472 
112 240 387 404 419 471 
111 240 386 404 417 470 
111 240 352 374 386 404 416 469 
111 241 350 378 385 404 415 468 
110 241 346 381 384 404 414 467 
110 241 343 404 412 466 
110 242 340 404 411 465 
109 242 338 403 410 464 
109 243 336 403 409 463 
108 245 333 403 408 461 
108 246 330 402 406 460 
108 247 327 403 405 460 
108 248 253 273 324 458 
107 249 250 276 322 457 
107 279 321 325 329 456 
107 281 322 323 328 455 
107 284 326 454 
106 285 324 453 
106 287 323 452 
106 288 322 451 
106 289 320 450 
106 290 319 449 
106 291 318 448 
105 292 317 447 466 474 
105 294 315 445 462 478 
105 295 314 318 320 445 460 482 
105 295 313 316 320 444 458 485 
105 296 319 443 456 487 
105 297 318 442 454 488 
105 298 317 440 452 490 
105 298 316 440 451 491 
105 299 316 438 450 491 
105 300 315 437 448 492 
105 301 315 437 447 493 
105 301 315 436 446 493 
105 302 314 440 445 493 
105 303 314 494 
105 303 314 494 
105 304 313 494 
105 304 313 494 
105 305 313 494 
105 305 313 494 
105 306 313 494 
105 306 313 494 
105 307 312 494 
106 307 312 494 
106 307 312 494 
106 307 312 494 
106 308 312 494 
106 308 312 494 
106 308 312 494 
107 308 312 493 
107 308 313 317 319 493 
107 308 313 316 318 493 
108 309 313 315 318 493 
108 309 313 315 318 494 
108 309 313 314 319 494 
109 309 319 494 
109 309 319 494 
110 309 319 493 
110 310 319 493 
111 311 318 493 
111 492 
112 491 
112 491 
113 491 
114 491 
115 490 
115 490 
116 490 
117 490 
117 490 
118 489 
119 489 
120 489 
121 488 
122 488 
124 487 
125 486 
125 486 
127 485 
128 485 
129 485 
130 484 
132 484 
133 484 
135 483 
137 483 
138 482 
140 481 
142 201 204 481 
144 204 206 480 
147 206 209 479 
149 193 195 207 210 479 
152 190 194 208 209 478 
156 187 193 478 
160 181 192 478 
191 297 301 477 
190 297 303 477 
189 296 303 476 
188 295 303 475 
187 294 302 475 
186 293 302 474 
185 292 302 473 
185 291 302 472 
184 290 302 471 
183 289 302 470 
182 288 303 469 
181 287 303 469 
180 285 305 468 
178 225 226 284 306 447 448 450 451 466 
177 225 227 282 307 446 451 465 
175 225 229 281 309 446 452 465 
174 225 231 279 311 446 452 465 
173 225 233 277 312 445 453 464 
172 224 235 275 312 445 453 463 
170 223 237 272 312 445 453 462 
169 223 240 269 312 444 454 461 
168 223 245 264 312 444 455 460 
168 223 311 444 
168 223 311 444 
168 223 310 443 
169 223 310 443 
170 222 310 443 
170 221 309 443 
171 221 309 442 
171 220 309 442 
170 220 308 442 
169 220 308 441 
167 220 308 441 
167 220 307 441 
166 221 307 440 
165 221 307 440 
164 221 306 440 
164 221 306 440 
163 222 305 439 
162 174 175 222 305 439 
162 172 178 222 305 439 
161 171 181 222 304 439 
160 171 182 223 304 438 
160 170 183 223 304 438 
160 170 183 224 303 438 
160 169 184 224 303 438 
160 168 184 224 303 437 
161 167 185 225 302 437 
162 166 184 225 302 437 
163 165 183 226 302 436 
182 228 301 436 
182 229 301 436 
181 230 301 436 
179 230 300 435 
178 229 300 435 
177 228 300 435 
177 226 300 435 
178 225 299 434 
180 224 299 434 
181 223 299 434 
181 223 298 434 
181 223 298 434 
182 223 298 433 
182 223 297 433 
182 224 297 433 
186 224 297 433 
188 224 296 433 
188 224 296 432 
188 224 296 432 
188 224 294 432 
188 225 291 432 
188 225 289 432 
188 225 288 432 
188 225 287 431 
188 225 285 431 
188 225 283 431 
189 225 280 431 
189 226 276 430 
189 226 272 430 
189 226 268 430 
189 226 264 430 
189 226 261 430 
190 226 257 429 
190 227 254 429 
190 227 250 429 
190 227 247 429 
190 227 244 429 
190 227 241 429 
190 227 238 428 
190 228 235 428 
190 228 232 428 
190 228 231 428 
190 428 
190 428 
191 428 
191 427 
191 427 
191 427 
191 427 
191 427 
191 427 
191 426 
191 426 
192 426 
192 426 
192 426 
192 425 
192 425 
192 425 
193 425 
193 425 
193 425 
194 424 
194 424 
194 424 
195 424 
195 424 
196 424 
196 264 266 423 
196 260 265 423 
196 256 265 423 
197 253 265 423 
197 249 264 423 
197 247 264 422 
197 203 204 242 263 422 
197 203 205 238 263 422 
197 203 205 233 263 423 
197 203 205 227 262 424 
197 203 204 210 211 221 262 425 
198 217 262 426 
198 217 261 427 
198 216 261 428 
198 215 261 429 
199 214 261 430 
200 212 261 431 
202 211 260 432 
203 210 260 433 
204 210 260 434 
204 210 260 435 
205 210 260 436 
204 210 260 437 
205 211 260 438 
205 211 260 439 
205 211 260 440 
205 211 260 441 
205 212 260 442 
205 212 260 443 
205 212 260 444 
205 212 260 445 
204 214 260 446 
202 216 260 447 
201 217 260 448 
200 217 260 450 
199 218 260 450 
199 218 260 451 
199 218 260 452 
199 218 260 453 
199 204 206 211 213 218 260 454 
198 204 208 209 213 219 260 455 
198 204 213 219 260 456 
198 204 213 219 260 457 
198 204 214 219 260 457 
199 204 214 219 260 458 
199 204 214 219 260 459 
199 204 214 219 260 460 
199 204 214 219 260 461 
199 204 214 219 260 462 
199 204 215 219 260 463 
199 204 215 219 261 463 
199 204 215 219 261 464 
199 204 214 219 261 465 
199 204 214 219 261 466 
199 205 214 219 261 467 
199 205 207 212 213 219 261 467 
200 205 206 212 213 219 261 468 
200 219 261 469 
200 218 261 469 
200 218 262 364 365 470 
201 218 262 363 365 470 
201 216 262 363 365 471 
202 214 262 363 365 471 
205 213 262 362 365 367 368 414 415 472 
206 213 262 362 368 414 416 472 
206 213 262 362 368 414 417 473 
206 213 262 362 369 413 419 473 
206 213 262 362 369 413 420 474 
206 213 262 361 369 412 421 474 
206 213 263 361 370 412 422 474 
207 213 263 361 370 412 424 475 
206 213 263 361 370 411 425 475 
206 213 263 360 370 411 427 475 
207 213 263 360 370 411 428 475 
207 213 263 360 370 410 430 476 
207 214 263 360 370 410 431 476 
207 214 263 360 370 410 433 476 
206 215 263 360 370 410 433 477 
205 217 263 360 370 409 432 477 
203 218 263 360 370 409 432 477 
202 219 263 360 370 409 431 477 
201 219 263 360 370 408 430 477 
201 220 263 360 370 408 429 477 
201 220 263 360 370 408 429 477 
201 213 215 220 263 360 370 407 428 477 
201 206 207 213 215 220 263 360 370 407 427 478 
201 206 208 212 215 220 264 360 370 407 426 478 
200 206 215 220 264 360 370 407 426 477 
200 205 216 220 264 360 370 406 425 477 
200 205 216 220 264 360 370 406 424 477 
200 205 216 221 264 360 369 406 424 477 
200 205 216 221 264 360 369 407 423 476 
200 205 216 221 264 360 369 408 422 476 
200 205 216 221 264 360 368 408 422 476 
200 205 216 221 265 360 368 409 421 475 
200 205 216 221 265 360 368 409 420 475 
201 205 216 222 265 360 368 409 419 474 
201 205 216 222 265 360 368 409 419 474 
201 206 216 222 265 360 368 410 418 473 
201 206 216 221 265 360 368 372 373 410 417 473 
201 206 216 221 265 360 367 372 373 410 417 472 
201 206 210 213 216 221 265 360 367 372 373 410 416 472 
201 207 209 214 216 221 265 360 367 371 373 410 415 471 
201 207 208 214 215 220 265 360 367 371 373 410 415 470 
201 220 265 360 367 370 372 410 414 469 
202 220 265 361 367 370 372 410 413 469 
202 220 265 361 366 370 372 410 413 468 
202 219 265 361 366 370 372 410 412 468 
203 218 265 361 366 369 372 410 411 467 
204 216 265 361 366 369 372 466 
206 215 265 362 365 369 372 465 
207 214 265 362 365 369 371 465 
207 214 265 362 364 368 371 464 
207 214 265 362 364 368 371 463 
207 214 265 362 364 367 371 462 
207 214 265 367 371 462 
207 214 265 366 371 461 
207 214 264 366 370 460 
207 214 263 366 370 459 
207 214 263 366 370 458 
207 214 262 367 370 458 
207 214 262 368 369 457 
207 214 262 368 369 456 
207 214 262 455 
207 214 261 454 
206 216 261 454 
203 219 261 453 
202 220 261 452 
202 220 260 451 
201 220 260 451 
201 220 258 450 
201 220 257 449 
201 214 215 221 257 448 
201 207 208 214 215 221 256 448 
200 206 208 212 216 221 255 447 
200 206 216 221 255 446 
200 206 216 221 254 259 261 445 
200 206 216 222 254 259 261 444 
200 205 216 222 253 258 260 443 
200 205 216 222 253 258 260 443 
200 205 216 222 253 257 259 442 
200 205 216 222 251 441 
200 205 216 222 249 440 
200 205 216 222 248 440 
