174 454 525 570 613 640 
95 106 172 455 525 574 613 640 
89 108 170 456 524 583 613 640 
83 110 169 457 523 594 613 640 
80 110 168 459 523 600 613 640 
75 111 166 460 522 610 613 640 
69 112 164 462 521 640 
62 113 163 463 521 640 
56 114 161 464 520 640 
51 115 160 465 520 640 
43 115 158 467 519 640 
33 116 157 468 518 640 
19 117 155 469 518 640 
0 2 10 117 154 470 517 640 
0 118 153 471 517 640 
0 118 152 472 516 635 638 640 
0 119 150 473 516 632 638 640 
0 120 149 474 515 631 638 640 
0 120 148 475 515 630 638 640 
0 121 147 476 514 630 638 640 
0 121 146 477 514 640 
0 122 145 478 513 640 
0 122 144 479 512 640 
0 123 143 480 512 640 
0 124 142 481 511 640 
0 124 141 482 511 640 
0 125 140 483 510 640 
0 125 138 485 510 640 
0 126 138 485 509 640 
0 126 137 486 508 640 
0 127 136 487 508 640 
0 128 135 488 507 640 
0 128 135 490 507 640 
0 129 134 491 506 640 
0 129 133 492 506 640 
0 130 132 493 505 605 614 640 
0 494 504 598 615 640 
0 495 504 597 615 640 
0 496 503 597 616 626 627 630 631 640 
0 497 503 596 618 625 627 630 631 640 
0 499 502 554 557 595 619 625 628 629 632 640 
30 500 501 552 557 596 619 624 627 629 632 640 
41 551 557 598 617 624 627 629 632 640 
42 550 557 600 616 623 627 628 633 640 
43 549 557 601 615 623 633 640 
43 81 84 548 558 603 615 623 633 640 
43 81 86 547 558 604 615 622 633 640 
43 81 87 546 558 606 615 621 633 640 
42 81 88 545 558 608 615 619 634 640 
40 82 89 545 559 609 615 619 634 640 
38 82 90 544 560 611 615 618 634 640 
37 81 91 543 561 612 615 617 634 640 
35 81 92 542 562 614 634 640 
34 80 93 541 563 616 634 640 
32 80 94 541 562 617 634 640 
30 79 94 540 561 618 634 640 
29 78 95 539 560 619 635 640 
27 78 96 538 559 619 635 640 
26 75 97 537 558 619 635 640 
24 76 98 537 557 620 635 640 
23 77 99 538 556 620 635 640 
22 78 99 540 556 620 635 640 
21 80 100 542 555 621 635 640 
20 81 101 544 554 621 635 640 
20 82 102 546 554 622 635 640 
20 83 102 547 553 622 636 640 
19 83 103 549 553 622 636 640 
19 84 103 551 552 623 636 640 
19 85 102 623 636 640 
18 85 101 623 636 640 
18 86 100 623 636 640 
17 86 98 624 636 640 
17 86 97 624 638 640 
17 87 96 625 638 640 
17 87 94 625 638 640 
16 88 93 625 638 640 
16 88 91 626 638 640 
16 88 89 626 
15 627 
15 627 
15 627 
14 628 
14 628 
14 628 
13 628 
13 629 
12 629 
12 629 
12 630 
11 630 
11 631 
11 631 
10 631 
10 632 
10 632 
9 632 
9 633 
9 633 
8 633 
8 634 
8 634 
7 634 
7 635 
7 635 
6 635 
6 635 
6 635 
5 635 
5 635 
4 635 
4 635 
3 635 
4 634 
3 634 
4 634 
4 634 
5 633 
5 633 
5 633 
5 633 
6 632 
6 632 
6 632 
6 632 
7 631 
7 631 
7 631 
7 630 
8 630 
8 630 
8 630 
9 629 
9 629 
9 629 
10 629 
10 628 
10 628 
10 628 
11 628 
11 627 
11 627 
12 627 
12 627 
12 626 
12 626 
12 626 
13 625 
13 625 
13 625 
14 624 
14 624 
14 624 
15 624 
15 624 
15 623 
15 623 
16 623 
16 622 
16 622 
16 622 
17 622 
17 621 
17 621 
17 621 
18 620 
18 620 
18 620 
19 620 
19 619 
19 619 
20 619 
20 618 
20 618 
20 618 
21 618 
21 618 
21 617 
21 617 
22 617 
22 616 
22 616 
23 616 
23 616 
23 615 
23 615 
24 615 
24 614 
24 614 
24 614 
25 614 
25 613 
25 613 
26 613 
26 613 
26 612 
27 612 
27 612 
26 612 
24 612 
22 613 
20 615 
18 616 
16 617 
14 618 
13 618 
12 618 
12 617 
13 616 
14 615 
15 614 
16 613 
17 612 
18 611 
20 610 
21 608 
23 607 
24 606 
25 606 
27 606 
28 605 
30 605 
31 605 
33 605 
34 604 
35 604 
35 604 
35 604 
35 603 
36 603 
36 603 
36 603 
36 602 
37 602 
37 602 
37 602 
37 601 
38 601 
38 601 
38 600 
39 600 
39 600 
39 599 
40 599 
40 599 
40 599 
40 366 475 598 
41 306 
41 266 
42 237 
42 211 
41 184 185 188 
41 161 
40 136 
40 119 
40 97 
39 78 
39 60 
39 44 






























395 513 
336 603 
274 604 
238 605 
203 605 
173 605 
143 606 
120 606 
97 607 
75 607 
54 608 
33 608 
22 608 
21 609 
20 609 
20 609 
19 610 
19 610 
19 610 
18 611 
18 611 
17 612 
17 612 
17 612 
16 612 
16 613 
16 613 
15 613 
15 614 
15 614 
14 614 
14 615 
14 615 
13 615 
13 616 
13 616 
12 617 
12 617 
11 617 
11 617 
11 618 
10 618 
10 618 
10 619 
10 619 
9 619 
9 620 
9 620 
8 620 
8 621 
8 621 
7 621 
7 622 
7 622 
6 622 
6 622 
6 623 
5 623 
5 623 
5 624 
4 624 
4 624 
4 624 
3 625 
3 625 
3 625 
3 626 
2 626 
2 626 
2 627 
2 627 
1 627 
1 627 
0 628 
0 628 
0 628 
0 628 
0 628 
0 629 
0 629 
0 629 
0 629 
0 630 
0 630 
0 630 
0 630 
0 631 
0 631 
0 631 
0 632 
0 632 
0 632 
0 632 
0 632 
0 633 
0 633 
0 633 
0 633 
0 633 
0 634 
0 634 
0 634 
0 634 
0 634 
0 635 
0 635 
0 635 
0 635 
0 635 
0 636 
0 111 112 636 
0 111 112 636 
0 111 112 636 
0 110 112 636 
0 110 112 637 
0 109 112 637 
0 109 113 637 
0 108 113 637 
0 108 113 637 
0 108 113 637 
0 107 113 637 
0 107 113 637 
0 107 113 638 
0 106 113 638 
0 106 113 638 
0 105 113 638 
0 105 113 638 
0 104 113 638 
0 104 113 638 
0 104 113 638 
0 103 113 638 
0 103 113 638 
0 103 113 638 
0 102 113 638 
0 102 113 638 
0 101 113 638 
0 101 114 638 
0 101 114 638 
0 100 114 524 525 639 
0 100 114 523 525 639 
0 99 114 523 526 639 
0 99 114 523 526 639 
0 98 114 523 526 639 
0 98 114 523 527 639 
0 98 114 523 527 639 
0 97 114 523 527 639 
0 97 114 523 528 640 
0 97 114 523 528 640 
0 96 114 523 529 640 
0 96 114 523 529 640 
0 95 114 523 530 640 
0 95 114 523 530 640 
0 94 114 522 530 640 
0 94 115 522 531 640 
0 94 115 522 531 640 
0 93 115 522 531 640 
0 93 115 522 532 640 
0 92 115 522 532 640 
0 92 115 522 533 640 
0 91 115 522 533 640 
0 91 115 522 534 640 
0 91 115 522 534 640 
0 90 115 522 535 640 
0 90 115 522 535 640 
0 89 115 522 535 640 
0 89 116 522 536 640 
0 89 116 522 536 640 
0 88 116 522 537 640 
0 88 116 522 537 640 
0 87 116 522 537 640 
0 87 116 522 538 640 
0 86 116 521 538 640 
0 86 116 521 539 640 
0 85 116 521 539 640 
0 85 116 521 540 640 
0 85 116 521 540 640 
0 84 116 521 540 640 
0 83 116 521 541 640 
0 83 116 521 541 640 
0 83 116 521 542 640 
0 82 116 520 542 640 
0 82 116 520 543 640 
0 81 116 520 543 640 
0 81 116 519 544 640 
0 80 116 519 544 640 
0 80 116 519 545 640 
0 80 116 519 545 640 
0 79 116 520 545 640 
0 79 116 520 546 640 
0 78 116 520 546 640 
0 77 116 520 547 640 
0 77 116 520 547 640 
