





























































































































































301 302 
287 289 
287 288 303 304 
287 291 295 297 299 304 
286 293 294 304 
285 304 
284 304 
283 304 
282 304 
281 304 
281 304 
281 304 
280 304 
279 303 
279 303 
278 304 
278 304 
277 304 
276 304 
276 304 
276 305 
275 305 
274 305 
274 305 
273 305 
273 305 
272 304 
272 304 
271 303 
271 303 
270 302 
269 302 
269 301 
269 300 
268 300 
267 299 
267 299 
267 299 
266 299 
266 299 
266 298 
266 298 
266 298 
266 296 
266 296 
266 297 
266 297 
266 297 
267 297 
267 297 
266 297 
266 297 
266 298 
266 298 
266 298 
266 298 
266 298 
266 298 
267 298 
268 299 
270 299 
274 299 
275 299 
276 300 
276 300 
276 300 
276 300 
277 300 
277 300 
277 300 
277 300 
277 300 
278 300 
278 300 
278 300 
278 300 
278 301 
278 301 
279 301 
279 301 
279 301 
279 302 
280 302 329 331 
280 302 327 329 
254 255 281 303 307 308 325 327 
281 302 304 305 307 309 322 324 328 329 333 334 336 338 
245 247 254 255 257 258 281 302 303 304 308 309 319 321 326 331 337 338 
250 251 253 256 258 259 281 303 324 332 
244 245 247 250 252 258 259 260 281 310 322 335 337 341 344 345 
243 259 263 264 282 342 345 346 
243 260 282 344 346 347 
243 262 266 268 271 274 282 345 
243 265 268 269 273 275 282 348 
243 267 272 273 275 276 282 348 
243 276 282 349 
243 276 282 349 
243 277 278 279 281 349 
243 278 281 349 
243 279 281 349 
243 349 
243 349 
244 349 
244 350 
244 350 
243 350 
243 350 351 352 
243 350 351 352 
241 242 243 352 
241 242 243 352 
240 353 
240 353 
240 353 
240 352 
241 352 
241 352 
240 352 
240 352 
240 352 
241 352 
241 352 
241 352 
241 353 
241 353 
241 353 
241 353 
241 353 
241 353 
241 353 
241 353 
241 353 
241 352 
241 352 
242 352 
242 351 
242 351 
242 351 
243 350 
243 350 
243 350 
244 349 
244 349 
245 349 
245 348 
246 348 
246 347 
246 346 
247 345 
248 344 
249 344 
250 343 
251 343 
252 342 
253 342 
254 340 
255 338 
256 336 
257 336 
258 335 
258 335 
258 335 
258 334 
259 334 
259 333 
259 333 
259 332 
260 332 
260 332 
260 331 
260 331 
260 330 
260 330 
260 330 
261 329 
261 329 
261 329 
261 328 
261 328 
261 328 
261 327 
261 327 
261 327 
261 326 
261 326 
262 326 
262 325 
262 325 
262 325 
262 324 
262 324 
262 324 
262 323 
262 323 
262 322 
262 322 
262 322 
262 322 
262 321 
263 320 
263 320 
263 320 
263 319 
263 319 326 327 
263 320 
252 256 263 323 
250 258 263 325 333 334 347 348 
251 258 263 325 333 335 346 347 
239 240 251 261 262 326 343 344 
236 239 243 248 252 326 330 332 358 359 
236 241 242 326 331 332 345 347 356 359 
236 326 333 335 343 347 355 358 
235 283 291 326 329 330 332 335 341 347 354 358 
8 16 28 36 48 56 80 90 102 112 136 144 156 164 176 184 208 216 224 225 229 283 294 335 338 339 341 347 349 351 352 357 365 368 634 635 
228 283 295 296 305 335 340 347 349 358 
229 283 307 334 339 346 350 356 
0 270 272 282 303 304 309 346 347 640 
0 268 273 282 298 299 301 303 310 640 
0 269 270 271 273 281 299 300 304 305 310 640 
0 272 274 280 284 285 301 303 304 306 307 308 309 640 
0 269 277 281 309 640 
0 268 278 281 309 640 
0 268 308 640 
0 269 308 640 
0 247 250 256 259 269 307 640 
0 242 244 246 252 254 266 269 307 640 
0 239 247 248 269 270 306 640 
0 240 241 242 243 245 246 248 249 253 254 256 306 640 
0 236 306 640 
0 230 305 640 
0 229 305 640 
0 229 305 640 
0 228 305 640 
0 228 305 640 
0 227 306 640 
0 227 306 640 
0 226 306 640 
0 226 306 640 
0 226 306 640 
0 226 306 640 
0 225 307 640 
0 225 307 640 
0 225 307 640 
0 225 307 640 
0 225 307 640 
0 225 307 640 
0 225 307 640 
0 225 308 640 
0 225 308 640 
0 225 308 640 
0 226 309 640 
0 226 309 640 
0 227 309 640 
0 227 310 640 
0 227 310 640 
0 227 310 640 
0 228 310 640 
0 228 310 640 
0 229 310 640 
0 229 310 640 
0 230 310 640 
0 230 310 640 
0 231 310 640 
0 232 311 640 
0 232 311 640 
0 233 311 640 
0 234 311 640 
0 235 310 640 
0 235 310 640 
0 236 310 640 
0 237 310 640 
0 237 310 640 
0 238 309 640 
0 239 309 640 
0 239 309 640 
0 240 308 640 
0 240 308 640 
0 241 308 640 
0 242 307 640 
0 242 307 640 
0 243 307 640 
0 243 306 640 
0 244 306 640 
0 244 306 640 
0 245 305 640 
0 245 305 640 
0 246 305 640 
0 246 305 640 
0 247 304 640 
0 247 304 640 
0 248 303 640 
0 248 303 640 
0 249 303 640 
0 249 303 640 
0 250 303 640 
0 251 303 640 
0 251 306 640 
0 252 307 640 
0 253 306 640 
0 254 309 640 
0 255 310 640 
0 255 312 640 
0 257 312 640 
0 258 313 315 316 640 
0 260 319 640 
0 262 318 640 
0 266 318 319 320 640 
0 267 270 271 320 640 
0 268 322 640 
0 269 322 640 
0 270 322 640 
0 270 324 640 
0 270 323 640 
0 271 324 640 
0 271 324 640 
0 269 325 640 
0 270 326 640 
0 270 328 640 
0 270 330 640 
0 270 331 640 
0 270 332 640 
0 270 332 640 
0 270 331 640 
0 270 331 640 
