0 250 251 253 254 255 256 640 
0 249 258 640 
0 250 258 640 
0 251 258 640 
0 252 259 640 
0 253 261 640 
0 254 262 640 
0 256 258 640 
0 640 
0 640 
0 640 
0 640 
0 640 
0 640 
0 640 
0 640 
0 640 
0 640 
0 640 
0 640 
0 640 
0 640 
0 640 
0 640 
0 250 262 640 
0 240 273 640 
0 44 45 233 278 640 
0 43 45 226 286 640 
0 42 45 221 290 640 
0 41 45 217 292 640 
0 40 45 212 293 640 
0 39 45 210 294 640 
0 38 45 207 295 640 
0 38 44 204 296 640 
0 38 43 201 294 295 298 640 
0 38 42 198 293 640 
0 38 41 196 293 640 
0 38 40 194 294 640 
0 38 39 191 294 640 
0 189 295 640 
0 187 295 640 
0 185 296 640 
0 183 296 640 
0 181 296 640 
0 180 297 640 
0 178 297 640 
0 176 297 640 
0 175 298 640 
0 173 298 640 
0 171 298 640 
0 169 298 640 
0 168 297 640 
0 167 297 640 
0 165 296 640 
0 163 295 640 
0 162 285 640 
0 161 284 640 
0 159 283 640 
0 158 283 640 
0 156 283 640 
0 155 283 640 
0 154 283 640 
0 152 283 640 
0 99 100 151 283 640 
0 100 102 149 283 640 
0 100 103 148 283 640 
0 102 104 147 283 640 
0 103 106 146 283 640 
0 103 107 145 283 640 
0 104 109 144 283 640 
0 105 110 142 283 640 
0 106 112 142 283 640 
0 107 113 141 283 640 
0 108 114 140 283 640 
0 109 116 138 283 640 
0 110 117 137 282 640 
0 111 118 136 282 640 
0 112 120 135 282 640 
0 113 121 134 281 640 
0 114 122 133 280 640 
0 115 123 132 280 640 
0 116 124 131 279 640 
0 117 125 130 277 640 
0 118 126 129 276 640 
0 119 274 640 
0 120 270 436 439 640 
0 121 265 436 440 640 
0 122 263 437 441 640 
0 123 262 438 442 640 
0 123 261 439 442 640 
0 123 261 640 
0 122 261 640 
0 121 261 640 
0 121 261 640 
0 120 261 640 
0 119 261 640 
0 118 261 640 
0 118 261 640 
0 117 263 597 599 640 
0 116 264 596 599 640 
0 115 266 596 600 640 
0 115 267 595 600 640 
0 114 269 595 601 640 
0 113 270 595 601 640 
0 113 271 595 601 640 
0 112 272 595 601 640 
0 111 274 595 601 640 
0 111 275 595 601 640 
0 110 276 595 602 640 
0 109 277 595 602 640 
0 109 278 596 601 640 
0 108 278 596 601 640 
0 108 279 597 601 640 
0 107 280 598 600 640 
0 106 280 598 600 640 
0 106 281 599 600 640 
0 105 281 640 
0 105 282 640 
0 104 282 640 
0 104 283 640 
0 103 283 640 
0 102 284 640 
0 52 57 102 284 640 
0 49 56 101 285 640 
0 48 55 101 285 640 
0 46 54 100 286 640 
0 45 53 100 286 640 
0 44 52 99 287 640 
0 43 51 99 287 640 
0 42 50 98 287 640 
0 41 49 98 287 640 
0 41 47 97 287 640 
0 40 46 97 287 640 
0 40 44 96 287 389 394 640 
0 39 41 96 287 386 397 399 401 640 
0 95 287 384 402 640 
0 95 286 383 401 640 
0 95 286 382 397 400 401 640 
0 94 285 381 396 640 
0 94 285 380 395 640 
0 93 284 379 390 640 
0 93 284 379 387 640 
0 93 283 640 
0 92 283 640 
0 92 282 640 
0 91 275 277 281 640 
0 91 274 277 280 640 
0 90 273 276 278 500 502 640 
0 90 273 275 277 501 505 640 
0 90 272 502 508 640 
0 89 272 503 510 640 
0 89 272 640 
0 89 272 640 
0 88 271 640 
0 88 271 640 
0 88 271 640 
0 87 271 640 
0 87 271 640 
0 87 270 640 
0 86 270 640 
0 86 270 640 
0 86 270 640 
0 85 270 640 
0 85 270 640 
0 85 269 640 
0 85 269 640 
0 85 269 330 331 640 
0 84 266 267 269 330 332 640 
0 84 266 267 269 329 332 640 
0 84 260 261 266 268 269 329 333 640 
0 84 259 262 266 329 334 640 
0 83 258 261 264 328 334 640 
0 83 256 261 263 329 334 640 
0 83 249 252 255 261 263 329 335 623 625 640 
0 83 248 253 254 261 262 329 335 622 625 640 
0 83 246 329 335 622 625 640 
0 83 245 329 335 621 625 640 
0 82 245 329 335 620 626 640 
0 82 203 205 246 330 334 620 626 640 
0 82 200 205 246 288 290 330 334 620 626 640 
0 82 198 205 248 253 254 286 291 331 333 619 626 640 
0 82 197 204 249 251 255 284 292 332 333 619 626 640 
0 82 196 204 256 283 292 601 608 619 626 640 
0 82 196 208 257 284 290 597 613 619 626 640 
0 81 195 208 257 286 288 538 541 595 615 619 626 640 
0 81 194 217 258 537 540 594 613 620 625 640 
0 81 193 217 258 535 540 594 611 620 625 640 
0 81 192 215 259 534 540 597 609 620 625 640 
0 81 191 215 217 218 219 220 260 533 540 599 607 621 624 640 
0 80 190 214 215 221 261 533 540 621 624 640 
0 80 189 221 262 532 539 640 
0 80 187 221 263 532 539 640 
0 80 185 221 264 531 538 640 
0 80 183 220 265 531 537 640 
0 80 180 220 266 531 536 640 
0 80 175 220 268 530 534 640 
0 80 172 220 269 530 533 640 
0 80 170 219 270 640 
0 80 169 219 271 640 
0 80 169 219 272 640 
0 80 168 219 273 640 
0 80 168 219 274 640 
0 80 168 220 275 640 
0 80 168 220 276 640 
0 80 167 220 277 640 
0 80 167 220 279 640 
0 80 167 220 280 292 293 640 
0 80 167 221 281 292 294 640 
0 80 167 221 282 292 295 640 
0 80 167 221 283 292 295 640 
0 80 166 221 285 292 296 640 
0 80 166 221 286 293 296 640 
0 80 166 221 287 293 296 640 
0 80 166 221 288 294 297 640 
0 80 165 221 288 294 297 640 
0 80 165 222 289 295 297 640 
0 81 164 221 290 295 298 640 
0 81 163 221 291 296 298 640 
0 81 163 221 291 297 298 640 
0 81 162 221 292 640 
0 82 161 221 292 640 
0 82 160 220 293 640 
0 82 158 220 293 640 
0 82 157 220 294 640 
0 82 155 220 294 640 
0 82 153 220 294 640 
0 82 147 220 294 640 
0 82 140 220 295 640 
0 82 138 220 295 640 
0 83 138 219 295 640 
0 83 137 219 297 640 
0 83 137 219 298 640 
0 83 137 219 299 640 
0 83 137 219 300 640 
0 84 136 219 301 344 346 640 
0 84 136 218 302 343 348 640 
0 84 136 218 303 342 350 640 
0 84 136 218 304 342 353 640 
0 84 136 218 294 295 306 342 354 640 
0 85 136 218 294 297 307 342 356 640 
0 85 136 218 294 298 308 343 357 374 380 640 
0 85 136 217 294 299 309 344 358 374 382 640 
0 85 135 217 294 300 310 346 358 374 384 640 
0 86 135 217 293 302 312 347 359 375 384 640 
0 86 134 217 293 302 315 316 317 349 360 378 383 640 
0 87 134 217 293 304 320 350 360 640 
0 87 133 217 293 305 321 351 361 640 
0 87 132 217 293 306 323 352 361 640 
0 88 130 216 293 306 323 353 362 419 422 491 492 640 
0 88 129 216 292 306 325 353 362 419 423 491 493 640 
0 88 125 216 292 306 326 354 362 420 424 492 494 640 
0 89 111 216 292 306 326 354 363 420 425 492 495 640 
0 89 110 215 292 306 327 354 363 421 426 493 495 640 
0 90 110 215 292 306 329 355 363 421 426 493 496 640 
0 90 110 215 292 306 330 355 363 421 426 493 496 640 
0 91 111 215 291 305 332 355 363 422 427 493 496 640 
0 91 111 215 291 305 334 355 363 423 427 494 497 640 
0 92 111 215 291 305 335 355 363 424 428 494 497 640 
0 93 111 214 291 305 336 355 363 425 428 495 497 640 
0 93 112 214 291 304 337 354 363 426 429 496 497 640 
0 94 112 214 291 297 300 303 337 354 362 427 429 640 
0 95 111 214 292 295 336 354 362 640 
0 99 111 214 336 353 362 640 
0 101 110 214 337 352 361 640 
0 103 108 214 338 352 361 640 
0 145 151 213 340 350 360 640 
0 146 152 213 341 349 360 640 
0 146 153 213 359 640 
0 146 154 213 359 640 
0 146 155 213 358 640 
0 146 156 213 357 640 
0 145 156 213 331 334 356 640 
0 145 151 212 330 336 355 640 
0 145 150 212 329 338 353 640 
0 145 150 212 328 339 351 640 
0 145 150 212 327 341 349 640 
0 145 149 213 325 640 
0 146 149 213 324 640 
0 1 3 146 149 213 322 640 
5 213 320 640 
0 1 6 214 318 640 
0 1 7 214 317 640 
0 1 8 215 316 640 
0 2 9 203 208 215 316 640 
0 3 10 202 207 216 316 640 
0 5 7 201 207 217 314 640 
0 201 206 217 310 640 
0 201 205 218 309 640 
0 200 203 218 308 640 
0 200 202 219 307 640 
0 220 306 640 
0 31 34 220 300 640 
0 29 36 221 293 640 
0 29 40 221 292 640 
0 31 42 222 291 640 
0 37 38 223 291 640 
0 223 291 640 
0 224 291 640 
0 224 291 640 
0 225 291 640 
0 226 291 640 
0 226 291 640 
0 227 291 640 
0 227 292 640 
0 227 292 640 
0 226 292 640 
0 226 292 578 579 640 
0 225 292 579 582 640 
0 224 292 580 583 640 
0 223 292 581 583 640 
0 222 292 640 
0 221 292 640 
0 220 293 640 
0 219 293 640 
0 219 293 640 
0 218 293 640 
0 217 293 640 
0 216 293 640 
0 215 293 640 
0 214 293 523 528 640 
0 214 293 523 534 640 
0 213 293 524 536 640 
0 212 294 525 537 640 
0 212 294 526 538 640 
0 211 294 527 539 640 
0 210 294 530 540 640 
0 209 294 535 537 538 541 640 
0 209 294 640 
0 208 294 640 
0 207 295 640 
0 206 295 640 
0 206 295 640 
0 205 295 640 
0 204 295 640 
0 203 295 495 499 640 
0 203 295 495 501 640 
0 202 295 496 502 640 
0 201 296 496 503 640 
0 200 296 497 503 640 
0 199 296 497 504 640 
0 199 296 498 505 640 
0 198 296 499 505 640 
0 197 296 499 505 640 
0 196 296 500 505 640 
0 195 297 501 506 640 
0 194 297 502 506 640 
0 194 297 503 506 640 
0 193 297 505 506 640 
0 192 297 640 
0 191 297 640 
0 190 297 640 
0 189 297 640 
0 188 298 640 
0 188 298 640 
0 187 298 640 
0 186 298 640 
0 78 80 81 91 185 298 640 
0 68 92 184 298 640 
0 65 92 183 298 640 
0 62 91 182 298 640 
0 60 90 181 298 640 
0 58 89 180 299 640 
0 56 88 179 299 640 
0 54 86 178 299 640 
0 51 85 177 299 640 
0 47 84 175 299 640 
0 49 82 174 299 640 
0 52 80 173 299 640 
0 55 78 172 299 640 
0 59 77 170 299 640 
0 65 78 169 300 640 
0 75 80 168 300 640 
0 76 82 166 300 640 
0 77 84 165 300 640 
0 78 85 163 300 640 
0 1 2 80 86 162 300 640 
2 81 87 161 300 640 
2 83 88 159 300 640 
0 1 2 84 89 157 300 640 
0 86 89 155 300 640 
0 88 90 154 300 640 
0 89 90 152 300 640 
0 150 301 640 
0 148 301 640 
0 146 301 640 
0 144 301 640 
0 142 301 640 
0 140 301 640 
0 138 301 640 
0 136 301 640 
0 133 301 640 
0 131 301 640 
0 128 302 640 
0 125 302 640 
0 120 302 640 
0 117 302 640 
0 114 302 640 
0 110 302 640 
0 107 302 640 
0 105 302 640 
0 103 302 640 
0 101 302 640 
0 99 302 640 
0 96 302 640 
0 92 93 94 303 640 
0 85 303 640 
0 81 303 640 
0 78 303 640 
0 70 71 76 303 640 
0 70 72 74 303 640 
0 70 303 640 
0 70 303 640 
0 70 303 640 
0 68 303 640 
0 67 304 640 
0 65 304 640 
0 64 304 640 
0 63 304 640 
0 61 304 640 
0 60 304 640 
0 58 304 640 
0 56 305 640 
0 55 305 640 
0 54 305 640 
0 55 79 81 305 640 
0 56 75 80 305 640 
0 59 72 79 305 640 
0 63 66 78 305 640 
0 77 305 640 
0 76 305 640 
0 75 305 640 
0 75 306 640 
0 74 306 640 
0 73 306 640 
0 73 306 640 
0 73 306 640 
0 72 306 640 
0 73 306 640 
0 74 306 507 509 640 
0 75 307 507 510 640 
0 77 307 507 512 640 
0 79 307 508 513 640 
0 81 307 508 514 640 
0 82 307 508 515 640 
0 84 307 509 515 640 
0 85 307 510 516 640 
0 86 307 511 516 640 
0 87 308 513 516 640 
0 99 308 515 517 640 
0 107 308 640 
0 111 308 640 
0 113 308 640 
0 114 308 640 
0 115 308 640 
0 116 308 640 
0 118 308 640 
0 118 309 640 
0 119 309 640 
0 120 309 640 
0 122 309 640 
0 123 309 640 
0 124 309 640 
0 126 309 640 
0 129 309 640 
0 131 310 640 
0 135 310 640 
0 96 98 139 310 640 
0 96 98 142 310 640 
0 96 98 146 310 423 425 640 
0 95 98 149 310 423 426 640 
0 95 97 152 310 423 426 640 
0 95 97 155 310 422 427 640 
0 95 97 158 310 423 428 640 
0 95 97 160 310 423 428 640 
0 95 97 161 310 423 429 640 
0 95 96 163 310 424 430 640 
0 164 310 424 430 640 
0 166 310 424 431 640 
0 167 309 425 431 640 
0 168 309 426 430 640 
