271 300 
271 300 
271 299 
271 299 
271 299 
271 299 
272 299 
272 300 
272 300 
272 301 
272 301 
272 301 
271 302 
270 302 
269 302 
269 303 
267 303 
266 303 
264 303 
264 303 
263 304 315 322 
262 325 
261 325 
260 330 
259 334 
258 336 
256 336 
255 336 
255 336 
255 337 
255 337 
255 337 
255 337 
255 337 
256 337 
256 338 
257 338 
257 338 
257 338 
257 338 
257 337 
257 337 
257 338 
257 337 
257 337 348 356 
257 340 347 359 
257 361 
258 364 
255 366 
252 368 
253 369 
254 372 
254 374 
253 375 
253 374 
253 373 
253 373 
253 372 
253 371 
253 370 
253 369 
250 368 
247 367 
245 366 
243 365 
242 335 343 363 
242 334 348 361 
241 334 354 359 
240 335 
240 335 
239 335 
239 336 
239 336 
238 336 
238 337 
238 338 
238 338 
237 339 
237 339 
237 339 
237 340 
237 341 
236 357 
236 364 
236 369 
236 373 
236 377 
236 380 
236 382 
236 385 
236 387 
236 389 
236 391 
237 393 
237 394 
237 396 
237 397 
237 399 
238 400 
238 401 
238 402 
238 403 
238 404 
238 405 
239 406 
239 407 
239 408 
239 409 
240 410 
240 411 
240 411 
240 412 
240 413 
241 414 
241 414 
242 415 
242 415 
242 416 
242 416 
241 417 
240 418 
240 418 
239 418 
237 418 
232 419 
230 419 
230 420 
230 420 
230 421 
229 422 
229 423 
230 423 
230 424 
230 425 
230 426 
230 426 
230 427 
229 427 
228 427 
228 428 
227 428 
226 429 
226 429 
225 430 
225 430 
223 430 
223 431 
222 431 
221 431 
221 432 
220 432 
220 433 
220 434 
219 434 
219 434 
218 435 
218 435 
219 435 
223 435 
227 435 
228 436 
227 436 
227 436 
230 436 
231 437 
240 437 
241 437 
241 437 
241 438 
241 438 
242 438 
242 438 
242 439 
242 439 
243 439 
243 439 
243 439 
243 440 
243 440 
243 440 
243 440 
244 441 
244 441 
244 441 
244 441 
244 441 
244 441 
244 441 
244 441 
244 442 
244 442 
244 442 
244 442 
244 442 
244 442 
244 442 
244 442 
244 442 
244 442 
244 442 
244 442 
244 442 
244 442 
244 443 
243 443 
243 443 
242 443 
242 443 
241 443 
241 443 
241 443 
240 443 
240 443 
239 443 
238 443 
237 443 
237 443 
236 443 
235 443 
235 443 
234 443 
233 443 
232 443 
232 443 
231 443 
230 443 
229 443 
228 443 
227 443 
226 443 
225 443 
225 443 
224 442 
223 442 
222 442 
221 442 
220 442 
219 442 
218 442 
217 442 
215 442 
215 442 
214 441 
213 441 
212 441 
210 441 
210 441 
209 441 
208 441 
206 441 
207 441 
209 441 
209 441 
208 440 
206 440 
204 440 
203 440 
201 440 
200 440 
200 440 
198 440 
197 440 
195 440 
193 439 
191 439 
188 439 
185 439 
183 439 
181 439 
179 439 
176 438 
175 438 
173 438 
172 438 
171 438 
170 438 
169 438 
168 438 
166 438 
165 438 
163 438 
163 438 
160 438 
158 438 
156 438 
154 438 
153 438 
152 438 
150 439 
149 438 
147 438 
146 439 
145 439 
145 439 
144 439 
143 439 
142 439 
142 439 
141 439 
140 439 
139 439 
139 439 
138 439 
137 439 
137 439 
137 439 
136 439 
136 438 
135 438 
135 438 
134 438 
134 439 
134 440 
133 440 
133 442 
132 444 
132 445 
132 445 
131 445 
131 445 
130 445 
130 445 
130 445 
130 445 
130 445 
129 445 
129 445 
129 445 
128 445 
128 445 
128 446 
128 446 
128 446 
128 446 
128 446 
128 446 
128 446 
128 446 
128 447 
128 447 
128 447 
129 447 
129 447 
129 447 
130 447 
131 447 
131 446 
132 446 
134 446 
134 446 
135 444 445 446 
136 440 
138 439 
138 439 
139 439 
140 439 440 442 
141 438 
141 438 
142 438 
143 437 
145 437 
145 438 
146 438 
147 438 
148 438 
149 438 
150 438 
152 439 
155 439 
155 439 
155 439 
155 439 
156 439 
159 439 
160 440 
163 440 
165 440 
167 440 
169 440 
171 440 
173 440 
175 440 
177 441 
181 441 
185 441 
192 441 
197 441 
205 441 
215 441 
220 442 
232 442 
244 442 
242 442 
247 442 
250 442 
250 442 
250 443 
250 443 
250 443 
250 443 
250 443 
250 443 
250 443 
250 444 
250 444 
250 444 
250 444 
250 444 
250 444 
250 444 
250 444 
250 445 
250 445 
250 445 
250 445 
250 445 
251 445 
251 445 
251 445 
251 445 
252 445 
252 445 
252 445 
252 445 
252 445 
253 445 
253 445 
253 446 
253 446 
253 446 
254 446 
254 446 
254 446 
254 446 
255 446 
255 446 
255 446 
255 446 
255 446 
255 446 
256 446 
256 446 
256 446 
256 446 
257 446 
257 447 
257 447 
257 447 
257 447 
258 447 
258 447 
258 447 
259 447 
259 447 
259 447 
259 447 
259 447 
259 447 
259 447 
260 447 
260 447 
260 447 
260 447 
260 447 
261 447 
261 447 
261 447 
261 447 
262 446 
262 446 
262 446 
262 446 
262 446 
263 445 
263 445 
263 445 
264 445 
264 444 
264 444 
264 444 
