0 640 
0 640 
0 640 
0 640 
0 640 
0 640 
0 640 
0 640 
0 640 
0 640 
0 640 
0 640 
0 640 
0 640 
0 640 
0 640 
0 640 
0 640 
0 640 
0 640 
0 640 
0 640 
0 640 
0 640 
0 640 
0 640 
0 640 
0 640 
0 640 
0 640 
0 640 
0 640 
0 640 
0 640 
0 640 
0 640 
0 640 
0 640 
0 640 
0 640 
0 640 
0 640 
0 640 
0 640 
0 326 342 640 
0 284 302 320 348 640 
0 280 351 640 
0 276 355 640 
0 274 358 640 
0 271 360 640 
0 269 362 640 
0 267 363 640 
0 265 365 640 
0 264 366 640 
0 262 367 640 
0 261 369 640 
0 260 370 640 
0 259 371 640 
0 258 372 640 
0 258 373 640 
0 257 373 640 
0 256 374 640 
0 255 375 640 
0 254 375 640 
0 254 376 640 
0 253 377 640 
0 253 377 640 
0 252 378 640 
0 252 378 390 398 640 
0 251 379 389 401 640 
0 251 380 387 403 640 
0 250 380 386 404 640 
0 250 380 386 406 640 
0 250 381 385 407 640 
0 249 381 384 409 640 
0 249 382 384 410 640 
0 249 382 384 411 640 
0 248 382 383 412 640 
0 248 414 640 
0 248 415 640 
0 248 416 640 
0 248 417 640 
0 247 418 640 
0 247 419 640 
0 247 420 640 
0 247 421 640 
0 247 421 640 
0 247 422 640 
0 246 423 640 
0 246 423 640 
0 246 424 640 
0 246 424 640 
0 246 425 640 
0 246 425 640 
0 246 425 640 
0 246 426 640 
0 246 426 640 
0 246 426 640 
0 246 427 640 
0 246 427 640 
0 246 427 640 
0 246 427 640 
0 247 427 640 
0 247 427 640 
0 247 428 640 
0 247 428 640 
0 247 428 640 
0 248 428 640 
0 248 428 640 
0 248 429 640 
0 249 429 640 
0 249 429 640 
0 249 430 640 
0 249 430 640 
0 249 430 640 
0 249 431 640 
0 248 431 640 
0 248 432 640 
0 247 432 640 
0 247 432 640 
0 246 432 640 
0 246 432 640 
0 245 431 640 
0 245 430 640 
0 244 428 640 
0 243 426 640 
0 242 423 640 
0 242 423 640 
0 241 422 640 
0 240 422 640 
0 239 422 640 
0 238 422 640 
0 237 385 388 421 640 
0 236 385 388 421 640 
0 234 384 389 421 640 
0 233 384 389 421 640 
0 232 383 389 420 640 
0 231 383 389 419 640 
0 229 383 389 419 640 
0 228 382 389 419 640 
0 227 382 389 419 640 
0 226 381 389 420 640 
0 226 381 389 421 640 
0 226 380 389 421 640 
0 227 380 389 421 640 
0 228 380 389 422 640 
0 229 379 389 422 640 
0 237 379 389 422 640 
0 239 248 254 378 389 422 640 
0 241 246 254 378 389 423 640 
0 243 245 254 378 389 423 640 
0 253 378 389 423 640 
0 253 378 389 423 640 
0 252 378 389 424 640 
0 252 379 389 424 640 
0 251 380 389 424 640 
0 250 381 389 425 640 
0 250 382 389 425 640 
0 249 384 388 425 640 
0 248 385 388 425 640 
0 247 426 640 
0 247 380 388 426 640 
0 246 250 253 380 388 426 640 
0 245 249 254 380 388 426 640 
0 245 247 254 380 388 426 640 
0 244 245 254 258 259 380 388 427 640 
0 254 257 260 371 372 381 388 427 640 
0 254 257 260 370 373 381 388 427 640 
0 254 256 261 370 373 378 388 427 640 
0 254 256 261 369 374 378 387 427 640 
0 254 255 262 365 367 368 375 378 387 427 640 
0 262 265 266 364 367 368 376 378 387 427 640 
0 263 265 267 364 377 379 387 427 640 
0 263 265 267 364 387 427 640 
0 264 265 267 363 387 428 640 
0 267 363 387 428 640 
0 267 363 387 428 640 
0 267 362 387 428 640 
0 267 362 387 390 391 428 640 
0 267 282 283 362 388 390 392 428 640 
0 267 282 284 361 387 390 392 428 640 
0 267 282 284 360 387 390 392 429 640 
0 268 282 284 359 387 390 392 429 640 
0 268 282 284 285 286 359 387 390 392 429 640 
0 268 282 287 344 345 359 388 390 392 429 640 
0 268 282 288 343 345 359 388 430 640 
0 268 274 275 282 288 343 345 358 388 430 640 
0 268 274 275 282 289 342 345 358 388 391 392 430 640 
0 268 274 275 282 289 342 345 358 388 391 392 430 640 
0 268 273 276 282 292 340 345 354 355 358 389 429 640 
0 269 273 276 282 293 339 345 349 350 353 355 358 389 428 640 
0 269 273 276 282 294 338 345 348 350 353 356 358 389 428 640 
0 269 273 276 282 295 336 345 348 350 353 356 357 389 395 396 428 640 
0 269 272 276 282 295 336 345 347 350 352 356 357 390 395 397 428 640 
0 269 272 276 281 295 336 345 347 349 352 356 357 390 395 397 428 640 
0 269 272 276 281 295 335 344 347 349 352 390 395 397 428 640 
0 269 272 276 281 296 335 344 347 349 351 391 395 397 428 640 
0 269 271 276 277 279 281 296 335 344 347 349 351 391 427 640 
0 269 271 279 281 297 334 344 346 349 351 391 396 397 427 640 
0 269 271 279 281 297 334 344 346 349 350 392 396 397 427 640 
0 269 270 278 280 297 334 344 346 349 350 392 396 398 427 640 
0 269 270 278 280 297 333 344 346 348 350 393 396 397 426 640 
0 278 280 297 333 344 346 348 350 393 426 552 556 640 
0 278 280 297 334 344 345 348 349 393 426 550 558 640 
0 278 279 296 335 344 345 394 426 548 559 640 
0 295 337 394 425 546 560 640 
0 294 338 394 418 419 425 544 561 640 
0 293 340 394 417 419 425 542 562 640 
0 291 345 394 417 419 424 540 563 640 
0 290 348 395 417 419 424 538 565 640 
0 287 349 395 417 419 423 536 566 640 
0 285 351 395 417 419 423 534 567 640 
0 283 354 395 417 419 423 532 568 640 
0 73 78 281 357 395 417 419 422 529 569 640 
0 72 81 279 359 395 417 419 422 527 570 640 
0 71 83 277 361 396 400 401 417 419 421 525 571 640 
0 70 85 275 363 396 400 401 417 419 421 523 572 640 
0 69 86 274 364 396 399 401 405 406 416 419 420 521 550 555 573 640 
0 67 89 272 366 396 398 401 405 406 416 419 420 519 548 556 574 640 
0 67 91 270 367 396 398 401 405 407 414 415 416 516 547 557 575 640 
0 66 94 269 368 396 398 401 405 407 414 514 545 558 576 640 
0 65 96 268 370 401 405 407 414 512 543 559 577 640 
0 64 99 267 370 402 405 407 414 510 542 560 578 640 
0 63 102 266 371 402 405 407 414 509 540 561 580 640 
0 62 105 265 372 402 405 407 414 507 538 561 581 640 
0 61 107 264 373 404 405 407 413 505 536 562 582 640 
0 60 109 263 374 407 408 409 414 503 534 563 583 640 
0 59 112 263 375 409 413 501 531 564 584 640 
0 58 75 80 114 262 376 412 413 500 529 565 586 640 
0 57 74 82 116 261 377 498 527 566 587 640 
0 56 73 84 119 260 377 496 527 567 588 640 
0 55 72 86 121 260 378 495 527 567 589 640 
0 54 71 88 123 259 378 493 528 565 590 640 
0 53 71 90 126 259 379 491 528 565 592 640 
0 52 70 92 128 258 380 490 510 513 528 564 593 640 
0 51 69 94 130 257 381 488 508 512 529 563 595 640 
0 50 68 96 132 256 381 486 505 511 529 563 596 640 
0 49 67 99 133 256 382 485 504 510 530 563 597 640 
0 48 67 102 135 255 382 483 502 510 530 562 599 640 
0 47 66 105 138 254 383 481 500 509 531 561 600 640 
0 45 65 104 140 254 384 479 498 508 531 559 602 640 
0 45 64 104 141 253 384 477 496 508 532 558 603 640 
0 43 64 104 117 119 144 252 385 475 495 507 532 557 605 640 
0 42 64 104 117 122 145 251 385 473 493 506 532 557 578 579 606 640 
0 41 65 104 119 125 147 251 386 471 492 506 532 556 578 581 608 640 
0 40 66 104 120 128 149 250 387 408 415 469 490 505 533 556 579 582 610 640 
0 39 67 104 121 130 151 249 387 405 419 467 489 504 533 555 579 583 611 640 
0 38 67 103 122 132 153 248 388 402 422 464 488 504 533 555 580 584 613 640 
0 36 67 102 123 134 155 248 388 398 427 460 486 503 534 554 580 586 615 640 
0 35 67 102 124 136 158 220 228 247 389 394 433 455 485 503 534 554 581 587 616 640 
0 33 68 101 125 138 160 217 231 246 483 503 534 553 581 588 618 640 
0 32 71 101 126 140 162 214 234 245 482 503 535 553 581 590 620 640 
0 31 55 56 73 101 127 141 165 211 238 245 481 503 535 552 582 591 622 640 
0 30 54 57 74 101 127 143 168 206 480 503 535 552 582 592 624 640 
0 28 53 57 75 101 128 145 172 202 480 503 535 551 582 594 626 640 
0 27 52 56 76 100 129 146 177 195 480 503 535 551 583 595 628 640 
0 26 51 55 77 100 130 148 181 192 480 503 535 550 583 597 629 640 
0 24 50 55 78 100 130 149 479 503 534 551 583 599 631 640 
0 23 49 54 79 100 131 151 447 456 457 458 459 460 479 503 533 551 584 600 634 640 
0 21 48 54 80 100 131 152 435 462 479 503 533 551 583 602 636 640 
0 20 46 54 81 100 131 154 406 414 432 461 479 503 533 551 583 604 637 640 
0 18 45 54 81 99 131 154 394 413 431 461 480 504 532 551 583 606 
0 16 44 53 82 99 131 154 393 411 431 460 481 504 532 551 583 607 
0 15 43 53 83 99 131 154 393 410 430 459 481 504 531 552 582 608 
0 14 42 53 83 99 131 154 184 203 216 231 393 408 430 458 482 504 531 552 582 608 
0 12 40 53 84 99 131 155 175 204 218 236 392 406 430 457 482 504 530 552 582 608 
0 10 39 53 84 99 131 156 171 204 219 236 390 405 430 456 483 504 530 552 581 608 
0 9 38 53 84 100 131 156 172 205 221 236 386 403 430 455 482 504 530 552 581 608 620 624 
0 7 36 53 84 101 131 155 173 206 222 236 386 402 430 454 482 504 529 553 581 607 620 626 
0 5 35 53 84 101 131 154 174 206 224 235 386 401 431 453 483 504 529 553 580 605 621 628 
0 3 34 52 84 102 131 153 175 206 226 236 386 400 431 453 483 504 528 553 580 604 623 630 
0 2 32 52 84 103 131 153 176 205 227 236 387 400 431 452 483 504 528 553 580 604 624 632 
30 53 84 103 131 152 177 205 228 236 387 399 431 452 483 505 527 553 580 603 624 635 
29 53 84 104 131 152 178 204 230 237 387 399 431 452 483 505 527 554 579 603 625 637 
28 53 84 105 131 152 179 204 231 237 388 398 431 452 483 505 526 554 579 602 626 639 
26 53 84 105 131 152 180 203 233 238 389 398 430 452 483 505 526 554 579 602 626 640 
24 54 84 106 131 152 181 203 233 239 390 397 430 452 483 505 526 554 578 601 626 640 
23 55 84 107 131 152 181 204 234 240 390 397 430 451 483 505 525 555 578 601 627 640 
23 55 84 107 131 152 182 204 234 240 391 396 429 451 483 505 525 555 578 601 628 640 
24 56 84 108 131 152 182 204 235 240 392 396 429 451 483 505 524 555 577 600 628 640 
24 57 84 109 131 152 182 204 235 239 393 395 428 451 483 505 524 555 577 600 629 640 
25 57 84 109 131 152 182 205 235 239 428 451 482 505 523 555 577 600 629 640 
8 11 27 58 84 110 131 152 183 205 236 238 428 451 482 505 523 556 576 599 630 640 
6 12 30 59 84 111 131 152 183 205 427 451 481 505 522 556 576 599 631 640 
4 13 31 59 84 111 131 152 183 205 427 450 481 505 522 556 576 598 631 640 
2 13 32 60 84 112 131 152 183 205 388 393 427 450 480 505 522 556 576 598 631 640 
0 13 33 61 84 113 131 152 183 206 388 392 426 450 479 506 521 556 575 598 631 640 
0 11 34 62 84 113 131 152 183 206 388 392 426 450 479 506 521 556 575 598 631 640 
0 11 35 62 84 114 131 153 183 206 388 391 425 450 478 506 520 557 575 598 631 640 
0 10 36 63 84 115 131 153 184 207 388 391 425 450 477 506 520 557 574 598 631 640 
0 10 37 64 84 116 131 154 184 207 389 390 423 450 477 506 519 557 574 598 631 640 
0 10 38 64 84 116 131 154 184 207 422 450 476 506 519 557 574 599 631 640 
0 10 39 65 84 117 131 155 184 207 421 450 475 506 518 558 573 599 630 640 
0 10 40 66 84 118 131 156 184 208 240 242 420 450 475 506 518 558 573 599 630 640 
0 10 40 66 84 118 131 157 184 208 240 243 418 450 474 506 518 558 573 600 630 640 
0 10 41 67 84 119 131 158 184 209 240 243 417 449 473 506 517 558 573 600 630 640 
0 10 41 68 84 120 131 158 185 210 240 243 416 449 473 506 517 559 572 600 630 640 
0 9 41 68 84 120 131 159 185 212 414 449 472 506 516 559 572 600 629 640 
0 9 41 69 84 121 131 160 185 213 413 449 471 506 516 559 572 601 629 640 
0 9 41 70 84 122 131 161 185 214 412 449 471 507 516 559 571 601 629 640 
0 9 41 71 85 122 131 162 185 215 411 449 470 507 515 560 571 602 629 640 
0 9 41 71 85 123 131 162 185 216 409 449 469 507 515 560 571 602 628 640 
0 9 41 72 84 124 131 163 185 217 408 449 469 507 514 560 570 602 628 640 
0 9 41 73 84 124 131 164 185 218 407 449 468 507 514 560 570 602 628 640 
0 9 41 73 85 125 131 165 185 219 406 448 467 508 513 560 570 603 628 640 
0 9 41 74 85 126 131 166 186 220 405 448 467 508 513 561 569 603 628 640 
0 10 41 75 85 127 131 166 186 221 403 448 466 508 512 561 569 604 627 640 
0 11 42 75 85 128 131 167 186 223 402 448 465 509 511 561 569 604 627 640 
0 11 42 76 85 168 186 224 401 448 465 509 510 561 568 604 627 640 
0 12 42 77 85 169 186 225 399 448 464 561 568 605 627 640 
0 13 42 77 85 170 186 226 398 448 463 562 568 605 627 640 
0 14 42 78 85 171 186 227 397 448 463 562 568 605 627 640 
0 15 42 79 85 171 187 228 395 448 462 562 567 606 627 640 
0 15 42 80 85 172 187 229 394 447 461 563 566 606 626 640 
0 16 42 81 84 173 187 230 394 447 461 564 566 606 626 640 
0 17 42 82 83 174 187 231 394 447 460 606 626 640 
0 18 42 175 187 232 394 447 459 607 626 640 
0 19 42 176 187 233 394 447 459 607 626 640 
0 20 42 177 187 235 394 447 458 608 625 640 
0 20 42 178 187 235 394 447 457 608 625 640 
0 21 42 179 187 236 395 447 457 608 625 640 
0 22 42 179 188 236 395 447 456 609 625 640 
0 23 42 180 188 236 395 446 455 609 624 640 
0 23 43 181 188 236 395 446 455 609 624 640 
0 24 43 182 188 236 395 446 454 610 624 640 
0 25 43 183 188 236 396 446 453 610 624 640 
0 26 43 184 188 236 396 446 453 610 624 640 
0 27 43 185 188 235 396 446 452 611 623 640 
0 27 43 186 188 235 396 446 451 611 623 640 
0 28 43 235 396 446 450 612 623 640 
0 29 43 235 267 268 396 448 449 612 623 640 
0 30 43 235 266 268 397 612 623 640 
0 31 43 235 266 268 397 612 623 640 
0 31 43 235 266 268 397 613 622 640 
0 32 43 235 266 268 397 613 622 640 
0 33 43 235 265 268 397 613 622 640 
0 34 43 234 265 268 397 614 622 640 
0 35 44 233 265 268 398 614 622 640 
0 35 44 232 265 268 398 614 622 640 
0 36 44 230 265 268 398 615 621 640 
0 37 44 228 264 269 398 615 621 640 
0 38 44 227 264 269 398 616 621 640 
0 39 44 225 264 269 398 617 620 640 
0 40 44 224 264 269 399 618 620 640 
0 41 43 223 263 269 399 640 
0 221 263 269 399 640 
0 220 263 269 370 371 400 640 
0 219 262 269 370 372 400 640 
0 217 262 269 370 372 400 640 
0 216 258 259 262 269 370 372 400 640 
0 215 256 260 261 269 370 372 400 640 
0 214 256 269 370 372 401 640 
0 212 255 269 370 373 401 640 
0 211 254 269 370 373 401 640 
0 210 254 269 371 373 402 640 
0 209 253 269 371 373 402 640 
0 207 252 269 371 374 403 640 
0 206 252 269 371 374 403 640 
0 205 251 269 371 374 403 640 
0 204 250 269 371 374 404 640 
0 203 249 269 371 375 404 640 
0 201 248 269 371 375 405 640 
0 200 247 268 372 375 405 640 
0 199 246 268 372 375 405 640 
0 198 245 268 372 375 406 640 
0 197 243 268 372 376 406 640 
0 195 242 268 372 376 407 640 
0 194 240 268 372 376 407 640 
0 193 239 268 373 376 407 640 
0 192 238 268 373 377 407 640 
0 190 236 267 373 377 407 640 
0 189 235 267 373 377 408 640 
0 188 234 267 373 377 408 640 
0 187 232 267 373 377 408 640 
0 185 231 268 371 378 409 640 
0 184 229 268 371 378 409 640 
0 183 227 268 371 378 409 640 
0 182 226 268 371 379 410 640 
0 181 224 268 371 379 410 640 
0 180 223 268 371 379 410 640 
0 178 222 268 372 379 410 640 
0 177 220 268 372 380 411 640 
0 144 163 176 219 268 372 380 411 640 
0 138 165 175 217 268 373 380 411 640 
0 136 168 173 216 267 374 381 411 640 
0 134 170 171 214 266 374 381 411 640 
0 133 213 266 375 382 412 640 
0 132 211 265 375 382 412 640 
0 132 209 265 376 382 412 640 
0 132 208 264 376 383 412 640 
0 132 206 264 377 383 413 640 
0 133 139 144 205 264 377 383 413 640 
0 135 136 144 203 263 377 384 413 640 
0 144 202 263 378 384 413 640 
0 144 200 262 378 384 414 640 
0 143 199 262 378 385 414 640 
0 143 197 261 379 385 414 640 
0 142 195 261 380 385 414 640 
0 141 194 260 380 386 415 640 
0 138 193 260 381 386 415 640 
0 135 191 259 381 387 415 640 
0 133 189 259 382 387 415 640 
0 130 187 259 382 387 415 640 
0 126 186 258 382 388 416 640 
0 123 184 258 383 388 416 640 
0 89 96 120 182 257 383 388 416 640 
0 89 100 116 180 257 384 389 416 640 
0 89 177 257 384 389 416 640 
0 90 173 256 385 389 417 640 
0 91 171 256 385 390 417 640 
0 92 168 255 386 390 417 640 
0 94 165 255 386 391 417 640 
0 95 162 254 386 391 418 640 
0 97 159 254 387 392 418 640 
0 99 157 254 387 392 418 640 
0 101 155 253 387 392 418 640 
0 104 152 253 388 393 418 640 
0 107 150 253 388 393 419 640 
0 110 147 253 388 394 419 640 
0 112 145 252 389 394 419 640 
0 115 142 252 389 394 419 640 
0 119 139 252 389 395 420 640 
0 128 136 251 390 395 420 640 
0 251 390 395 420 640 
0 250 390 396 420 640 
0 250 391 396 421 640 
0 250 391 397 421 640 
0 250 391 397 421 640 
0 249 391 397 421 640 
0 249 392 398 421 640 
0 249 392 398 422 640 
0 249 392 399 422 640 
0 248 392 399 422 640 
0 248 393 399 422 640 
0 248 393 399 422 640 
0 248 393 400 423 640 
0 247 393 400 423 640 
0 247 394 401 423 640 
0 247 394 401 423 640 
0 247 394 401 423 640 
0 246 395 402 424 640 
0 246 395 402 424 640 
0 246 395 403 424 640 
0 245 395 403 425 640 
0 245 396 403 425 640 
0 245 396 403 425 640 
0 245 396 404 425 640 
0 244 396 404 425 640 
0 244 397 404 425 640 
0 244 397 404 426 640 
0 243 397 404 426 640 
0 243 398 404 426 640 
0 243 398 404 426 640 
0 243 398 404 426 640 
0 242 398 404 426 640 
0 242 399 404 427 640 
0 242 399 404 427 640 
0 241 399 404 427 640 
0 241 400 404 427 640 
0 240 400 404 427 640 
0 240 401 404 428 640 
0 240 401 404 428 640 
0 239 401 404 428 640 
0 239 402 403 428 640 
0 239 428 640 
0 238 429 640 
0 238 429 640 
0 238 429 640 
0 237 429 640 
0 237 430 640 
0 236 430 640 
0 236 430 640 
0 235 430 640 
0 235 430 640 
0 235 430 640 
0 234 431 640 
0 234 431 640 
0 233 431 640 
0 233 431 640 
0 233 431 640 
