0 640 
0 640 
0 640 
0 640 
0 640 
0 640 
0 640 
0 640 
0 640 
0 640 
0 640 
0 640 
0 640 
0 640 
0 640 
0 640 
0 640 
0 640 
0 640 
0 640 
0 640 
0 640 
0 640 
0 640 
0 640 
0 640 
0 640 
0 640 
0 640 
0 640 
0 640 
0 640 
0 640 
0 640 
0 640 
0 640 
0 640 
0 640 
0 640 
0 640 
0 640 
0 640 
0 640 
0 640 
0 640 
0 437 440 640 
0 248 250 435 440 640 
0 247 252 434 440 640 
0 247 253 433 440 640 
0 248 254 432 439 640 
0 248 255 431 439 640 
0 248 256 430 439 640 
0 248 257 429 438 640 
0 248 258 428 438 640 
0 248 259 427 438 640 
0 249 259 426 438 640 
0 249 260 425 437 640 
0 249 261 424 437 640 
0 249 262 423 437 640 
0 249 263 422 437 640 
0 249 264 420 437 640 
0 250 265 419 436 640 
0 250 266 418 436 640 
0 250 266 417 436 640 
0 250 267 416 436 640 
0 250 268 415 436 640 
0 251 269 414 436 640 
0 251 270 413 435 640 
0 251 271 412 435 640 
0 251 272 412 435 640 
0 251 273 411 435 640 
0 252 274 410 435 640 
0 252 274 409 435 640 
0 252 275 408 435 640 
0 252 276 332 380 407 435 640 
0 253 277 315 386 407 434 640 
0 253 278 303 388 406 434 640 
0 253 279 295 391 394 434 640 
0 253 280 291 434 640 
0 253 281 287 434 640 
0 254 281 285 434 640 
0 254 433 640 
0 254 433 640 
0 254 433 640 
0 253 433 640 
0 246 433 640 
0 240 433 640 
0 240 432 640 
0 240 432 640 
0 240 432 640 
0 241 432 640 
0 242 431 640 
0 242 431 640 
0 243 431 640 
0 243 430 640 
0 244 430 640 
0 245 430 640 
0 245 429 640 
0 246 429 640 
0 247 429 640 
0 248 429 640 
0 249 429 640 
0 250 434 640 
0 250 443 640 
0 252 448 640 
0 252 453 640 
0 252 456 640 
0 251 460 640 
0 249 463 640 
0 248 467 640 
0 247 470 640 
0 246 473 640 
0 245 477 640 
0 244 480 640 
0 243 483 640 
0 242 484 640 
0 241 485 640 
0 240 485 640 
0 239 484 640 
0 238 482 640 
0 237 479 640 
0 237 475 640 
0 236 472 640 
0 235 468 640 
0 234 465 640 
0 234 462 640 
0 233 458 640 
0 232 454 640 
0 231 451 640 
0 231 446 640 
0 230 443 640 
0 229 444 640 
0 228 448 640 
0 228 449 640 
0 227 450 640 
0 226 449 640 
0 225 448 640 
0 225 445 640 
0 224 442 640 
0 224 438 640 
0 223 432 640 
0 223 425 640 
0 223 415 640 
0 224 411 640 
0 229 411 640 
0 234 411 640 
0 242 411 640 
0 258 411 640 
0 266 410 640 
0 267 410 640 
0 267 410 640 
0 267 410 640 
0 266 410 640 
0 266 410 640 
0 266 411 640 
0 266 411 640 
0 266 411 640 
0 266 412 640 
0 266 412 640 
0 266 412 640 
0 266 413 640 
0 266 413 640 
0 266 413 640 
0 266 413 640 
0 266 413 640 
0 266 414 640 
0 266 414 640 
0 266 414 640 
0 266 414 640 
0 266 414 640 
0 266 415 640 
0 266 415 640 
0 266 415 640 
0 266 415 640 
0 266 415 640 
0 267 415 640 
0 267 416 640 
0 267 416 640 
0 267 416 640 
0 268 416 640 
0 268 416 640 
0 269 416 640 
0 269 416 640 
0 269 417 640 
0 270 417 640 
0 270 417 640 
0 271 417 640 
0 271 417 640 
0 271 417 640 
0 272 417 640 
0 272 417 640 
0 272 417 640 
0 272 417 640 
0 273 417 640 
0 273 418 640 
0 273 418 640 
0 273 418 640 
0 274 418 640 
0 274 418 640 
0 274 418 640 
0 274 418 640 
0 274 418 640 
0 274 418 640 
0 274 418 640 
0 274 418 640 
0 274 418 640 
0 274 418 640 
0 274 418 640 
0 273 418 640 
0 273 418 640 
0 273 418 640 
0 273 418 640 
0 273 418 640 
0 273 418 640 
0 273 418 640 
0 273 418 640 
0 273 418 640 
0 273 418 640 
0 273 418 640 
0 272 418 640 
0 272 418 640 
0 272 418 640 
0 272 418 640 
0 272 418 640 
0 272 418 640 
0 272 418 640 
0 272 418 640 
0 272 418 640 
0 272 418 640 
0 272 418 640 
0 272 418 640 
0 272 418 640 
0 271 418 640 
0 271 418 640 
0 271 418 640 
0 271 418 640 
0 271 418 640 
0 271 418 640 
0 271 418 640 
0 271 418 640 
0 271 418 640 
0 271 418 640 
0 271 418 640 
0 270 418 640 
0 270 418 640 
0 270 418 640 
0 270 418 640 
0 270 418 640 
0 270 418 640 
0 270 418 640 
0 270 418 640 
0 270 418 640 
0 270 418 640 
0 270 417 640 
0 270 417 640 
0 270 417 640 
0 269 417 640 
0 269 417 640 
0 269 417 640 
0 269 417 640 
0 269 417 640 
0 269 417 640 
0 269 417 640 
0 269 417 640 
0 269 416 640 
0 269 416 640 
0 269 416 640 
0 269 416 640 
0 268 416 640 
0 268 416 640 
0 268 416 640 
0 268 416 640 
0 268 416 640 
0 268 415 640 
0 268 415 640 
0 268 416 640 
0 267 417 640 
0 266 418 640 
0 263 419 640 
0 261 420 640 
0 259 421 640 
0 257 422 640 
0 255 422 640 
0 254 423 640 
0 252 424 640 
0 251 425 640 
0 250 425 640 
0 249 426 640 
0 248 427 640 
0 247 427 640 
0 246 428 640 
0 246 429 640 
0 245 429 640 
0 245 430 640 
0 244 430 640 
0 243 431 640 
0 243 431 640 
0 242 432 640 
0 242 432 640 
0 241 433 640 
0 241 433 640 
0 240 434 640 
0 240 435 640 
0 240 435 640 
0 239 436 640 
0 239 437 640 
0 238 437 640 
0 238 438 640 
0 238 438 640 
0 237 439 640 
0 237 439 640 
0 236 440 640 
0 236 441 640 
0 236 441 640 
0 235 442 640 
0 235 442 640 
0 235 443 640 
0 234 443 640 
0 234 444 640 
0 234 445 640 
0 233 445 640 
0 233 446 640 
0 233 446 640 
0 233 447 640 
0 232 447 640 
0 232 447 640 
0 232 448 640 
0 232 448 640 
0 231 449 640 
0 231 449 640 
0 231 449 640 
0 231 450 640 
0 231 450 640 
0 230 450 640 
0 230 450 640 
0 230 450 640 
0 230 450 640 
0 230 451 640 
0 230 451 640 
0 230 451 640 
0 230 451 640 
0 231 451 640 
0 231 451 640 
0 231 451 640 
0 231 451 640 
0 231 451 640 
0 232 450 640 
0 232 450 640 
0 233 450 640 
0 233 449 640 
0 234 449 640 
0 235 448 640 
0 236 448 640 
0 238 447 640 
0 239 447 640 
0 240 446 640 
0 242 445 640 
0 243 444 640 
0 243 444 640 
0 243 443 640 
0 242 443 640 
0 242 443 640 
0 242 443 640 
0 242 444 640 
0 242 444 640 
0 242 444 640 
0 241 445 640 
0 241 445 640 
0 241 445 640 
0 241 446 640 
0 241 446 640 
0 241 446 640 
0 241 446 640 
0 240 447 640 
0 240 447 640 
0 240 447 640 
0 240 447 640 
0 240 447 640 
0 240 447 640 
0 240 447 640 
0 239 447 640 
0 239 446 640 
0 239 445 640 
0 239 445 640 
0 239 445 640 
0 239 446 640 
0 240 446 640 
0 241 446 640 
0 243 446 640 
0 243 446 640 
0 243 447 640 
0 243 447 640 
0 243 447 640 
0 243 447 640 
0 243 447 640 
0 243 447 640 
0 243 447 640 
0 243 448 640 
0 243 448 640 
0 243 448 640 
0 243 448 640 
0 243 448 640 
0 243 448 640 
0 243 449 640 
0 243 449 640 
0 243 449 640 
0 243 449 640 
0 243 449 640 
0 243 450 640 
0 243 450 640 
0 242 450 640 
0 242 450 640 
0 242 451 640 
0 242 451 640 
0 242 451 640 
0 242 451 640 
0 242 451 640 
0 242 452 640 
0 242 452 640 
0 242 452 640 
0 242 452 640 
0 242 453 640 
0 242 453 640 
0 242 454 640 
0 242 454 640 
0 242 455 640 
0 242 455 640 
0 242 456 640 
0 242 456 640 
0 242 456 640 
0 242 457 640 
0 242 457 640 
0 242 458 640 
0 242 464 640 
0 241 470 640 
0 241 473 640 
0 241 474 640 
0 241 474 640 
0 241 474 640 
0 241 474 640 
0 240 474 640 
0 240 474 640 
0 240 474 640 
0 240 474 640 
0 240 474 640 
0 240 473 640 
0 240 473 640 
0 241 473 640 
0 241 473 640 
0 241 472 640 
0 242 472 640 
0 242 472 640 
0 243 471 640 
0 243 471 640 
0 244 470 640 
0 244 470 640 
0 244 305 306 470 640 
0 244 301 308 469 640 
0 244 300 308 469 640 
0 244 468 640 
0 244 467 640 
0 244 467 640 
0 243 466 640 
0 243 466 640 
0 243 465 640 
0 243 465 640 
0 243 465 640 
0 243 466 640 
0 242 466 640 
0 240 466 640 
0 238 466 640 
0 236 466 640 
0 234 467 640 
0 232 467 640 
0 232 467 640 
0 231 467 640 
0 232 467 640 
0 232 467 640 
0 233 468 640 
0 233 467 640 
