




































191 192 
189 199 
187 200 
185 201 
184 202 
183 202 222 229 
182 202 217 234 
178 202 212 238 
177 202 208 241 
177 202 204 244 
176 247 
171 173 175 248 
170 174 175 250 
170 252 
169 253 
169 255 
169 256 
168 257 
168 259 
168 260 
167 176 178 262 
167 176 178 265 
167 175 177 268 
167 270 
166 272 
166 274 
166 275 
166 276 
166 277 
166 278 
165 279 
165 280 
165 281 
164 282 
164 282 
163 283 
162 283 
161 283 
160 284 
160 284 
159 284 
158 284 
157 284 
157 284 
157 284 
158 285 
160 285 
160 285 
160 286 
159 286 
159 287 
158 288 
158 289 
158 290 
158 291 
161 291 
161 292 
160 293 
160 293 
161 294 
161 295 
161 295 
161 296 
162 297 
162 297 
162 298 
162 298 
162 299 
162 299 
162 300 
162 300 
163 301 
163 301 
163 302 
163 302 
163 302 
164 303 
164 303 
165 303 
165 304 
165 305 
166 305 
166 306 
166 306 
165 307 
165 307 
165 307 
164 308 
164 308 
163 308 
163 308 
163 309 
162 309 
162 309 408 416 
162 309 403 419 
161 309 401 425 
161 309 400 434 
161 309 399 438 
160 309 398 442 
160 309 397 446 
160 309 396 449 
159 309 395 451 
159 309 394 453 
158 308 394 456 
158 308 393 464 
158 308 393 466 
157 308 393 467 
157 308 392 468 
157 307 392 470 
157 307 392 471 
156 306 392 472 
156 306 392 473 
156 306 392 473 
156 305 392 474 
155 305 393 475 
155 304 393 475 
155 304 394 475 
155 304 395 476 
155 303 396 476 
154 303 396 477 
154 302 395 477 
154 302 394 477 
153 302 394 477 
153 301 394 477 
153 301 393 477 
153 300 393 477 
153 163 164 300 393 477 
153 156 157 163 164 299 392 477 
153 154 157 163 165 299 392 476 
158 163 165 295 296 299 391 476 
158 163 166 171 172 294 296 298 391 476 
159 163 166 170 173 294 296 298 390 475 
159 163 167 170 173 277 278 293 296 297 390 475 
160 164 167 170 174 275 277 286 287 292 296 297 389 474 
160 164 168 170 176 275 277 285 289 292 389 473 
161 164 168 170 176 274 278 285 290 291 389 472 
161 164 169 170 177 273 278 284 388 467 
162 165 178 266 267 268 269 272 278 283 388 466 
162 165 182 265 267 268 270 272 279 282 387 466 
163 165 183 258 260 264 269 271 279 280 387 466 
164 165 184 259 261 263 269 270 279 280 386 466 
185 260 386 466 
186 261 386 466 
187 262 385 466 
187 262 385 466 
188 263 378 466 
187 262 366 467 
187 262 357 467 
186 261 351 467 
185 259 347 467 
184 258 342 467 
184 259 339 467 
183 259 336 467 
184 261 334 467 
184 264 332 467 
185 267 330 467 
185 270 328 467 
186 274 327 468 
186 276 326 468 
187 278 325 468 
187 279 324 470 
188 281 323 473 
189 283 322 475 
190 284 321 478 
190 285 321 480 
190 287 320 483 
190 288 320 486 
189 289 319 488 
188 290 318 490 
185 290 318 492 
184 291 317 494 
182 292 317 496 
180 293 317 498 
179 294 316 500 
178 294 316 502 
177 295 316 504 
176 295 316 505 
175 296 316 506 
174 296 316 508 
173 297 316 509 
172 297 316 510 
171 297 316 512 
170 298 316 513 
169 298 316 514 
168 298 317 514 
167 298 318 515 
167 298 319 516 
166 298 319 517 
165 298 320 518 
164 298 321 519 
164 298 322 519 
163 298 323 520 
162 298 324 520 
161 298 326 521 
161 298 327 521 
160 298 328 522 
160 298 330 522 
159 301 331 522 
159 304 333 522 
158 305 334 522 
158 306 336 523 
158 306 338 523 
158 307 341 523 
157 308 343 523 
156 308 345 523 
155 308 346 523 
154 308 349 523 
153 308 351 524 
152 308 354 524 
151 307 356 523 
150 306 359 523 
150 305 362 524 
149 305 365 523 
148 304 368 523 
147 304 369 523 
147 304 370 522 
146 304 369 521 
146 305 369 520 
145 306 369 519 
145 306 368 518 
144 307 368 517 
144 308 368 516 
144 309 367 514 
143 309 367 512 
143 310 367 510 
143 311 367 507 
142 311 367 503 
142 312 366 498 
142 313 367 490 
142 313 367 456 459 472 
142 314 367 454 
142 314 366 454 
142 315 367 454 
142 316 368 454 
142 316 367 454 
142 317 367 455 
142 317 367 455 
142 318 368 456 
143 319 367 457 
143 319 367 458 
143 320 367 458 
144 320 367 458 
144 320 367 458 
145 321 367 458 
145 321 367 458 
146 322 368 458 
147 322 368 458 
147 323 367 458 
148 259 262 323 367 457 
149 256 264 323 367 457 
150 253 264 324 367 456 
152 253 265 324 367 455 
154 253 266 324 366 369 371 455 
157 252 267 270 271 325 366 368 371 454 
159 252 273 325 371 454 
162 251 274 325 371 454 
163 251 275 325 372 455 
163 251 276 325 372 455 
164 250 276 325 372 375 376 455 
164 250 276 325 373 374 376 455 
164 249 275 325 377 456 
164 249 275 325 376 456 
164 249 275 325 375 456 
164 249 274 325 375 457 
164 248 274 325 374 457 
164 248 273 325 373 457 
164 248 273 325 372 457 
164 247 272 325 371 458 
164 247 272 325 371 458 
164 247 272 324 370 458 
164 246 271 324 370 458 
164 246 271 324 369 458 
163 246 270 323 368 458 
163 245 270 323 368 458 
163 245 270 322 368 458 
163 245 270 322 367 457 
163 244 269 321 367 457 
163 244 269 321 366 456 
163 244 268 320 366 456 
163 243 268 320 366 455 
163 243 268 319 365 454 
163 243 267 319 365 455 
163 243 267 318 365 455 
163 242 266 318 364 455 
163 242 266 318 364 455 
163 242 266 317 364 456 
162 241 265 317 363 456 
162 241 265 316 363 457 
162 241 264 316 363 457 
162 240 264 315 362 457 
162 240 264 315 362 458 
162 240 263 314 362 458 
162 240 263 314 361 459 
162 239 262 313 361 459 
161 239 262 313 360 460 
161 239 261 312 360 460 
161 239 261 312 360 460 
161 239 260 311 359 460 
161 238 260 311 359 460 
160 238 260 310 358 460 
160 238 259 310 358 461 
159 238 259 310 358 461 
159 238 258 309 357 461 
158 237 258 309 357 462 
157 237 257 308 356 462 
157 237 257 308 356 462 
156 237 257 307 356 462 
155 237 256 307 355 463 
154 237 255 306 355 463 
154 237 255 306 354 463 
153 237 254 305 354 463 
152 237 254 305 354 463 
152 237 253 305 353 464 
152 237 253 304 353 464 
151 237 252 304 352 464 
151 237 252 303 352 464 
150 237 251 303 352 465 
150 237 250 303 351 465 
150 238 250 302 351 380 381 466 
149 238 249 302 351 379 381 466 
148 239 249 301 350 379 382 467 
146 239 248 301 350 379 383 468 
145 240 247 301 349 378 383 469 
145 240 247 300 349 378 384 471 
144 241 246 300 348 377 384 472 
144 241 246 300 348 377 385 473 
143 242 245 299 348 377 385 475 
143 242 245 299 347 376 386 477 
143 243 244 298 347 376 386 479 
143 298 346 376 387 480 
143 298 346 375 387 481 
143 297 346 375 388 483 
143 297 345 375 388 483 
143 297 345 375 389 486 
143 297 344 375 389 488 
143 296 344 374 389 490 
143 296 343 374 390 491 
144 296 343 374 390 493 
144 295 343 374 391 494 
145 295 342 374 391 496 
145 295 342 373 392 498 
144 294 341 373 392 500 
144 294 341 373 392 501 
144 294 341 373 393 503 
143 294 340 373 393 504 
143 294 340 373 394 506 
143 293 340 373 394 508 
142 293 339 373 394 509 
142 293 339 373 395 511 
142 293 338 373 395 513 
141 292 338 375 395 515 
141 292 338 376 396 516 
140 292 338 376 396 517 
140 292 338 377 396 516 
140 291 338 377 396 516 
139 291 337 378 396 516 
139 290 337 378 396 515 
139 290 337 379 396 515 
138 290 337 379 396 515 
138 289 337 380 396 514 
138 289 337 380 395 514 
137 288 337 381 395 513 
137 287 337 381 394 513 
136 286 337 382 394 513 
136 285 337 382 393 512 
136 285 337 383 393 512 
135 283 337 383 392 512 
135 282 338 383 392 513 
134 281 338 384 391 514 
134 281 338 384 391 515 
134 279 338 384 390 515 
133 278 338 385 390 516 
133 278 338 385 389 516 
133 278 338 386 388 516 
133 278 338 387 388 517 
132 278 338 517 
132 278 338 518 
132 279 338 518 
132 279 338 518 
132 279 338 518 
132 279 338 519 
132 278 338 519 
132 277 338 519 
133 277 338 520 
133 275 337 520 
131 272 337 520 
130 270 337 468 470 520 
129 269 337 468 470 520 
128 268 337 467 471 520 
127 268 337 466 472 491 493 520 
127 268 337 466 473 490 494 520 
127 268 337 466 474 489 494 520 
126 268 337 467 475 488 494 519 
126 268 337 467 478 487 495 519 
126 268 337 467 479 486 495 519 
125 269 337 468 480 485 496 519 
125 269 337 468 481 484 496 519 
125 269 337 468 496 518 
125 270 337 469 495 518 
124 270 337 469 493 518 
124 270 337 470 493 518 
124 271 337 470 493 517 
123 271 337 470 492 517 
123 272 337 470 493 517 
122 272 336 471 491 516 
122 272 336 471 489 516 
121 272 336 471 489 515 
121 273 336 471 489 515 
121 273 336 472 490 514 
121 273 336 472 491 514 
120 274 337 472 491 513 
120 274 337 473 491 512 
120 274 337 473 492 511 
120 274 337 473 493 510 
120 275 337 474 495 508 
120 275 337 474 498 504 
120 275 337 474 
120 276 338 474 
120 276 338 474 
120 276 339 475 
120 277 340 475 
120 277 341 475 
121 277 342 475 
122 277 344 476 
123 278 346 476 
124 278 347 476 
124 278 348 476 
124 278 348 477 
124 279 348 477 
124 279 348 477 
123 279 349 478 
123 279 349 478 
123 280 349 478 
123 280 349 478 
123 280 350 479 
123 280 350 479 
122 281 350 479 
122 281 350 479 
122 281 350 480 
122 282 351 480 
122 282 351 480 
121 282 351 481 
121 283 351 481 
