
















376 378 
359 382 
354 383 
349 384 
346 384 
343 385 
340 387 
338 388 
336 388 
334 388 
332 389 
331 390 
329 390 
328 389 
327 389 
260 265 326 390 
252 274 325 390 
246 279 325 390 
242 284 307 320 324 390 
237 287 303 322 324 390 
234 289 300 390 
230 290 298 390 
228 290 297 389 
227 291 296 390 
226 292 295 390 
226 293 294 390 
226 390 
226 391 
225 391 
225 391 
225 391 
225 391 
225 390 
225 390 
225 390 
226 390 
226 391 
226 391 
227 391 
227 391 
228 391 
228 391 
228 391 
229 391 
229 391 
229 391 
230 391 
231 391 
231 391 
231 392 
232 392 
232 391 
232 390 
233 389 
233 389 
233 390 
234 390 
235 390 
235 388 
236 388 
236 389 
237 389 
237 389 
237 388 
237 368 369 388 
238 369 373 387 
238 370 379 386 
239 370 
240 371 
240 372 
241 373 
242 374 
242 374 
242 375 
242 376 
243 377 
244 378 
245 378 
246 379 
246 380 
247 381 
248 382 
249 382 
252 383 
253 384 
253 385 
253 385 
253 386 
253 387 
253 387 
253 387 
253 387 
253 387 
253 387 
254 387 
254 386 
254 386 
255 385 
255 382 
256 375 
256 370 
256 369 
257 368 
257 368 
258 369 
258 369 
259 369 
259 369 
260 369 
260 369 
261 369 
261 369 
261 369 
261 369 
261 369 
261 369 
261 369 
261 369 
261 369 
261 369 
261 369 
261 369 
261 369 
261 369 
258 368 
258 368 
258 368 
258 368 
258 368 
258 368 
258 368 
258 367 
258 367 
257 367 
257 367 
257 366 
256 366 
256 366 
255 366 
255 365 
254 365 
253 365 
253 365 
252 364 
252 364 
254 364 
253 255 256 363 
252 254 256 363 
255 365 
255 365 
255 365 
255 365 
255 364 
254 364 
254 363 
254 363 
253 362 
255 362 
255 361 
255 361 
254 363 
254 365 
254 367 
255 369 
254 371 
254 372 
254 373 
253 374 
252 375 
252 377 
252 377 
251 378 
250 379 
249 380 
249 381 
249 382 
248 383 
247 383 
246 384 
246 384 
245 385 
245 385 
244 385 
243 386 
243 386 
242 386 
242 387 
241 387 
240 387 
239 387 
239 387 
238 387 
238 387 
237 388 
237 388 
237 388 
236 388 
235 388 
235 388 
234 388 
233 389 
233 389 
233 389 
232 389 
232 389 
231 389 
231 390 
230 390 
230 390 
229 390 
229 390 
228 391 
228 391 
227 391 
227 392 
227 392 
226 392 
226 393 398 405 
225 393 394 407 
225 408 
224 408 
224 407 
224 407 
223 407 
223 406 
222 406 
222 405 
222 405 
222 405 
222 404 
221 404 
221 404 
220 403 
220 403 
220 402 
220 402 
220 402 
219 402 
219 402 
218 402 
218 240 241 403 
218 240 242 279 280 403 
218 239 242 278 280 403 
217 239 242 278 281 404 
217 239 242 277 281 404 
217 239 242 278 281 405 
217 238 242 277 282 405 
218 238 241 278 282 405 
217 237 241 277 282 406 
217 237 241 278 283 406 
216 238 241 278 283 406 
216 237 241 278 283 407 
216 238 240 278 283 407 
216 238 240 278 284 407 
216 237 240 278 284 408 
216 237 240 278 284 408 
216 237 240 278 285 408 
216 236 240 278 285 409 
215 236 240 278 285 409 
215 236 240 278 285 410 
216 236 239 279 286 410 
215 236 239 279 286 410 
215 236 239 279 286 410 
215 236 239 279 286 411 
215 235 239 279 286 411 
215 235 239 279 287 412 
215 235 239 279 287 412 
215 235 239 279 287 412 
214 235 238 279 287 412 
214 235 238 279 287 413 
214 235 238 279 287 413 
214 235 238 279 288 413 
214 235 238 279 288 414 
214 235 238 279 288 414 
215 235 237 279 288 414 
214 235 237 279 288 415 
214 234 237 279 288 415 
214 234 236 279 288 416 
214 235 236 279 288 416 
214 279 287 417 
214 279 287 417 
214 279 287 417 
214 279 287 418 
214 278 287 418 
214 278 287 419 
215 278 287 419 
215 278 287 419 
214 278 287 420 
214 278 287 420 
214 278 287 420 
214 278 287 421 
214 278 287 421 
214 278 287 422 
214 278 287 422 
214 278 287 423 
215 278 286 423 
215 278 286 423 
216 278 286 424 
215 277 286 424 
215 277 286 425 
215 277 286 425 
215 277 286 425 
215 277 286 426 
215 277 286 426 
215 277 286 427 
215 277 285 427 
215 277 285 428 
215 277 285 428 
215 277 285 429 
215 276 286 429 
215 276 286 429 
215 276 286 430 
215 276 286 430 
215 276 285 431 
215 276 285 431 
215 275 285 432 
215 275 286 432 
215 275 286 433 
216 275 286 433 
216 275 287 434 
216 275 287 434 
216 275 287 434 
216 274 286 435 
216 274 286 435 
216 274 285 436 
215 274 285 436 
215 274 284 437 
215 274 284 437 
214 274 283 438 
214 273 283 438 
213 273 282 439 
213 273 282 439 
212 273 282 439 
212 273 281 439 
211 273 281 439 
211 272 280 439 
210 272 280 439 
210 272 280 439 
210 272 279 439 
211 272 279 439 
211 272 278 439 
212 271 278 439 
212 271 278 439 
213 271 277 438 
214 270 277 438 
214 270 277 438 
215 270 276 438 
216 270 276 437 
217 270 276 437 
217 269 275 437 
216 269 275 437 
216 269 275 436 
215 269 275 436 
214 268 275 435 
214 268 274 435 
213 268 274 435 
213 268 274 434 
212 267 274 434 
212 267 273 433 
211 267 273 433 
211 266 273 433 
211 266 273 433 
210 266 272 433 
210 265 272 434 
210 265 272 434 
210 265 272 434 
209 264 271 434 
209 264 271 434 
209 264 271 434 
209 263 271 434 
209 263 270 434 
209 263 270 434 
209 262 270 434 
210 262 270 434 
210 262 269 434 
210 261 269 434 
210 261 269 434 
210 260 269 434 
210 260 268 434 
210 260 268 434 
210 259 268 434 
210 259 267 434 
210 258 267 434 
209 258 267 434 
210 258 266 434 
210 257 266 433 
210 257 265 432 
211 256 265 431 
212 256 265 427 
214 255 264 425 
215 255 264 425 
215 254 263 424 
214 254 263 424 
214 253 263 424 
214 253 262 424 
213 252 262 423 
213 252 261 423 
213 251 261 423 
213 251 260 422 
212 250 260 422 
212 250 260 422 
212 249 259 421 
211 249 259 421 
211 248 258 421 
211 248 258 420 
210 247 257 420 
210 246 257 419 
210 246 256 419 
210 245 256 419 
209 245 256 419 
209 244 255 419 
209 244 255 420 
208 243 254 420 
208 242 254 420 
208 242 253 421 
208 241 253 421 
208 240 252 421 
207 240 252 422 
207 239 251 422 
207 239 251 422 
207 238 250 422 
207 238 250 423 
206 237 250 423 
206 236 249 423 
206 236 249 424 
206 235 248 424 
206 234 248 424 
206 234 247 424 
206 233 247 425 
205 232 246 425 
205 232 246 425 
205 231 246 425 
206 231 245 426 
206 230 245 426 
206 230 245 426 
206 229 244 427 
207 228 244 427 
207 227 243 427 
207 227 243 427 
208 226 242 428 
208 225 242 428 
209 224 241 428 
210 223 241 429 
211 222 240 429 
213 221 240 429 
214 220 240 429 
213 220 239 430 
213 220 239 430 
212 215 217 220 238 430 
211 215 217 221 238 430 
210 214 217 221 237 431 
210 214 217 221 237 431 
210 212 218 221 236 431 
210 212 218 220 236 432 
218 220 235 432 
218 220 235 432 
235 432 
234 433 
234 433 
233 433 
233 433 
232 434 
232 434 
