293 389 447 455 
293 390 444 460 
293 391 439 464 
294 393 436 467 
294 394 433 470 
294 395 431 472 
294 397 429 473 
294 410 427 475 
294 414 425 476 
295 416 424 478 
295 419 422 479 
295 481 
295 482 
296 484 
296 485 
296 486 
297 488 
297 489 
297 490 
298 491 
298 492 
299 493 
299 494 
299 495 
300 496 
300 497 
301 498 
301 499 
302 500 
302 501 
303 502 
304 502 
304 503 
305 504 
306 505 
306 505 
307 506 
308 507 
309 508 
310 508 
310 509 
311 509 
312 510 
313 510 
314 511 
315 511 
316 512 
317 512 
318 513 
320 513 
321 514 
322 514 
324 514 
325 515 
324 515 
323 515 
322 515 
320 516 
319 516 
318 516 
316 516 
315 516 
314 517 
313 517 
312 517 
311 517 
310 517 
309 517 
307 518 
306 518 
305 519 
305 519 
304 520 
303 520 
302 521 
301 522 
300 522 
299 523 
298 524 
297 524 
296 525 
296 526 
295 526 
294 527 
293 528 
293 528 
292 529 
291 530 
291 530 
290 531 
289 531 
289 532 
288 532 
287 533 
287 533 
286 533 
286 534 
285 534 
285 535 
284 535 
284 535 
283 536 
283 536 
282 537 
282 537 
282 538 
281 538 
281 538 
280 539 
280 539 
280 540 
280 540 
280 540 
280 541 
279 541 
279 541 
279 542 
279 542 
278 542 
278 543 
278 543 
277 543 
277 543 
277 543 
277 544 
276 544 
276 544 
276 545 
275 545 
275 545 
275 545 
275 545 
275 546 
275 546 
274 546 
274 547 
274 547 
274 547 
274 547 
273 548 
273 548 
273 548 
273 548 
273 548 
273 549 
273 549 
272 549 
272 549 
272 549 
272 549 
272 549 
272 549 
272 550 
272 550 
272 550 
272 550 
271 550 
271 550 
271 550 
271 551 
271 551 
271 551 
270 551 
270 551 
270 551 
270 552 
269 552 
269 552 
269 552 
268 552 
268 552 
268 273 274 552 
267 272 274 552 
267 272 274 552 
266 271 274 552 
266 270 274 552 
265 269 274 553 
264 268 274 553 
264 266 275 553 
275 553 
275 553 
275 553 
275 553 
275 553 
275 553 
275 553 
275 279 280 553 
275 279 281 553 
276 279 282 553 
276 279 283 553 
276 279 284 553 
276 279 284 553 
276 279 285 553 
276 279 286 553 
276 279 287 553 
277 279 288 553 
277 279 288 553 
277 279 289 553 
277 279 289 553 
277 279 290 553 
278 279 290 553 
278 279 291 553 
291 553 
292 295 297 553 
292 295 299 553 
293 295 300 553 
293 296 301 553 
294 296 303 316 318 553 
295 296 305 307 308 317 319 554 
306 307 310 318 320 554 
311 318 320 553 
312 319 320 323 324 553 
314 319 321 323 325 554 
315 320 326 554 
316 320 328 554 
318 321 328 554 
319 322 329 554 
320 322 329 554 
329 554 
329 554 
329 554 
329 554 
329 554 
329 554 
329 554 
329 554 
328 554 
328 554 
328 554 
327 554 
327 554 
326 554 
326 554 
325 554 
325 554 
324 554 
323 554 
322 554 
322 554 
321 554 
321 554 
322 554 
323 554 
324 554 
325 554 
327 554 
331 554 
334 554 
336 554 
337 554 
338 554 
338 554 
339 554 
339 554 
340 554 
340 554 
340 554 
340 554 
340 554 
340 554 
340 554 
340 555 
340 555 
340 555 
340 549 550 555 
340 549 550 555 
340 549 550 555 
340 549 551 555 
340 549 551 555 
340 397 401 549 551 555 
339 395 402 549 552 555 
339 393 403 550 552 555 
339 391 404 550 553 556 
339 390 405 550 553 556 
339 388 405 550 554 556 
339 386 406 551 554 556 
339 384 407 551 555 557 
339 383 407 552 555 557 
339 383 408 552 
339 383 408 552 
339 383 409 553 
339 382 410 553 
339 382 410 554 
338 382 411 554 
338 382 411 554 
338 382 412 555 
338 382 413 555 
338 382 413 552 553 556 
338 381 413 552 554 556 
338 381 412 553 555 557 
338 381 411 553 556 557 
338 381 410 553 
338 381 409 553 
338 381 408 554 
338 380 408 554 
213 215 338 380 407 520 521 554 
212 215 338 380 406 519 521 554 
212 216 242 254 338 380 406 519 522 555 
212 216 237 256 337 380 405 519 522 555 
211 216 230 258 337 380 404 519 523 555 
211 217 224 261 337 381 404 519 523 556 
212 217 220 262 337 381 403 519 523 556 
212 263 337 382 402 519 524 557 
212 264 337 382 402 519 524 557 
213 265 337 381 401 519 525 557 
212 266 337 375 376 381 400 519 525 558 
211 267 337 374 400 519 525 558 
210 268 337 374 399 519 526 559 
208 268 337 373 398 519 526 559 
207 269 337 373 397 519 526 559 
205 270 337 373 396 519 527 548 549 560 
204 271 336 373 395 519 527 534 535 549 550 560 
202 271 337 373 395 519 528 535 536 549 551 560 
200 272 337 372 394 519 529 535 536 549 552 561 
199 272 336 372 393 519 529 535 537 550 553 561 
197 273 336 372 393 519 530 536 538 550 554 562 
196 273 335 372 392 519 530 536 539 550 555 562 
194 274 335 373 391 519 531 536 540 551 556 562 
193 274 335 373 391 520 532 537 540 551 557 563 
192 275 334 341 342 374 390 520 532 537 541 552 558 563 
190 275 334 335 336 339 342 374 389 520 533 538 542 552 560 564 
190 276 342 373 389 520 534 538 543 553 561 564 
189 276 343 372 388 520 534 538 544 553 562 565 
188 276 343 371 388 520 535 539 545 553 564 565 
187 277 343 370 387 521 535 539 546 554 
186 277 343 370 387 521 536 540 547 554 
186 277 343 370 386 522 537 540 549 555 
185 278 343 370 385 522 537 540 549 555 
185 278 343 369 385 523 538 541 550 555 
185 278 343 369 384 523 538 541 551 556 
184 279 343 369 384 523 539 542 552 556 
184 279 343 369 383 524 540 542 552 557 
184 279 343 368 383 524 540 543 553 557 
184 279 343 368 383 525 541 544 554 558 
183 280 343 368 382 525 542 544 555 558 
183 280 343 368 382 525 542 545 556 559 
183 280 344 368 381 526 543 545 557 560 
183 280 344 367 381 526 544 545 558 560 
183 280 344 367 380 526 559 560 
183 281 344 367 380 527 560 561 
183 281 344 367 380 527 
183 281 344 366 379 528 
183 281 344 366 379 528 
183 281 344 366 378 528 
183 281 344 366 378 529 
183 281 344 366 378 529 
182 281 344 365 377 529 
182 281 344 365 376 529 
182 282 345 365 375 530 
182 282 345 365 374 530 
182 282 345 365 373 530 
182 282 345 364 372 531 
182 282 345 364 371 531 
181 282 345 364 371 532 
181 282 345 364 370 532 
181 282 345 364 369 533 
181 283 345 363 369 533 
181 285 345 363 368 533 
181 287 345 363 367 534 
181 288 345 363 367 534 
181 290 346 362 367 534 
181 290 346 359 360 362 367 535 
181 292 346 359 360 362 367 535 
181 293 346 358 360 361 367 536 
181 293 346 358 367 536 
182 295 346 358 367 520 522 537 
182 296 346 358 366 520 524 538 
182 296 346 357 366 520 526 538 
183 297 346 357 365 521 528 539 
184 298 346 357 364 521 530 539 
184 304 347 356 364 521 531 540 
185 308 347 356 363 522 531 541 
185 310 347 356 363 522 532 542 
186 312 346 357 362 522 532 542 
186 314 346 359 361 522 532 543 
187 315 344 522 532 544 
187 316 343 523 533 545 
187 317 342 523 533 546 
188 318 341 519 520 523 533 547 
188 319 340 519 521 524 533 547 
188 320 340 519 521 524 534 549 
188 321 340 519 522 524 534 550 
188 322 339 519 534 551 
189 322 339 519 535 552 
189 323 340 519 535 552 
190 324 340 519 536 553 
190 325 340 519 536 554 
190 325 340 519 537 554 
191 326 340 520 537 555 
191 326 341 520 538 555 
192 327 341 520 539 554 
192 328 341 520 540 554 
193 329 341 520 541 553 
193 329 341 520 543 552 
194 330 342 520 
194 330 342 520 
195 331 342 520 
196 332 342 520 
197 332 342 521 
198 333 343 521 
199 334 343 521 
200 334 343 521 
202 335 343 522 
203 335 343 522 
204 336 343 522 
205 337 343 522 
206 337 343 522 
207 338 343 523 
208 339 343 523 
209 339 343 523 
211 340 342 523 
212 341 342 523 
213 524 
215 524 
216 524 
218 524 
220 524 
223 525 
229 525 
244 525 
246 525 
245 525 
245 525 
245 524 
244 524 
244 525 
244 525 
243 526 
243 526 
243 526 
242 527 
242 527 
241 527 
241 528 
241 528 
240 528 
240 528 
240 528 
239 528 
239 528 
239 529 
238 529 
238 529 
238 529 
238 530 
237 530 
237 530 
237 530 
237 530 
236 530 
236 529 
236 529 
236 529 
235 529 
235 530 
235 530 
235 531 
235 531 
235 532 
234 532 
234 532 
234 532 
234 533 
234 533 
233 533 
233 533 
233 533 
233 534 
233 534 
233 534 
232 534 
232 534 
232 534 
232 535 
232 535 
232 535 
232 535 552 561 
232 535 548 568 569 572 
232 535 544 572 
232 536 543 571 
