








































385 388 
384 390 
384 391 
384 393 
385 394 
386 395 
387 395 
353 355 356 358 359 360 361 365 388 396 
350 368 389 398 
346 374 390 399 
343 378 391 400 
341 383 391 400 
339 385 392 401 
338 388 393 402 
336 390 394 403 
335 392 395 403 
334 394 395 404 
333 395 396 405 
332 405 
331 406 
330 406 
329 407 
316 317 328 407 
313 320 327 408 
309 324 326 408 
305 409 
303 409 
302 409 
302 410 
302 410 
303 410 
304 410 
305 410 
306 410 
307 410 
307 409 
308 409 
309 408 
310 408 
312 314 315 408 
314 409 
313 409 
312 409 
311 409 
310 410 
309 411 
309 413 
309 416 
312 418 
314 420 
315 421 
315 422 
315 424 
314 425 
314 426 
313 427 
312 427 
311 427 
310 427 
309 428 
308 428 
307 429 
307 430 
307 430 
308 431 
308 430 
309 427 
310 424 
310 421 
311 420 
312 420 
313 421 
314 421 
314 421 
315 421 
316 415 417 421 
316 414 419 420 
317 412 
317 412 
318 410 
318 410 
318 409 
318 408 
318 407 
318 406 
318 406 
318 405 
318 404 
318 403 
318 403 
318 402 
318 402 
317 402 
317 402 
317 402 
317 402 
317 403 
317 402 
317 402 
317 402 
317 402 405 407 
317 408 
317 410 
317 411 
317 413 
317 414 
317 415 
317 416 
317 418 
317 419 
317 420 
317 422 
317 423 
317 424 
317 425 
317 426 
317 428 
317 429 
318 430 
318 432 
318 433 
318 434 
318 436 
317 437 
317 438 
317 439 
317 440 
317 442 
317 443 
317 444 
317 445 
317 445 
317 445 
317 444 
317 444 
317 443 453 457 
317 444 453 458 
317 446 452 459 
317 447 452 460 
317 449 451 461 
317 462 
317 463 
317 463 
317 464 
316 464 
316 465 
316 465 
316 465 
316 465 
315 465 
315 465 
315 465 
315 466 
315 466 
315 466 
315 465 
315 465 
316 464 
316 464 
316 464 
316 464 
316 464 
316 464 
316 463 
316 461 
316 461 
316 459 
316 458 
316 457 
316 455 
315 454 
315 451 
315 443 
315 439 
315 439 
315 439 
315 439 
314 440 
314 440 
314 440 
314 441 
313 442 
313 442 
313 442 
313 443 
313 443 
312 443 
312 443 
312 443 
312 442 
312 442 
312 442 
311 442 
311 442 
311 441 
311 441 
310 409 411 440 
310 408 412 439 
310 407 413 438 
310 408 414 438 
310 408 415 437 
309 408 416 435 
309 408 417 434 
309 408 420 432 
309 407 
309 407 
308 407 
308 408 
308 408 
308 409 
308 410 
307 410 
307 411 
307 411 
307 412 
307 412 
307 412 
306 413 
306 413 
306 413 
306 309 312 413 
306 310 312 413 
306 308 309 310 312 414 
306 307 311 414 
305 306 311 414 
305 306 311 415 
305 306 311 415 
305 306 311 415 
311 416 
311 416 
311 416 
311 409 411 417 
311 407 411 417 
311 404 412 418 
311 403 412 418 
310 402 412 418 
310 403 412 418 
310 403 413 419 
310 403 413 419 
310 402 414 420 
310 402 414 420 
310 402 414 421 
310 403 415 421 
310 402 415 422 
310 402 416 423 
310 403 417 423 
310 403 417 423 
309 403 419 423 
309 403 
309 403 
309 403 
309 403 
308 403 
308 404 
311 404 
311 404 
311 404 
310 404 
310 404 
310 404 
310 404 
310 404 
310 405 
309 405 
309 405 
309 405 
309 405 
308 405 
308 406 
308 406 
308 406 
308 406 
308 406 
308 407 
308 407 
307 407 
307 407 
307 407 
307 407 
307 407 
307 407 
307 408 
307 408 
307 408 
307 408 
307 408 
307 408 
307 409 
307 409 
307 409 
306 409 
306 409 
306 409 
306 410 
306 410 
306 410 
306 410 
306 410 
306 410 
306 411 
306 411 
306 411 
306 411 
306 411 
306 412 
306 412 
306 412 
306 412 
305 412 
305 413 
305 413 
305 413 
305 413 
305 413 
305 414 
305 414 
305 414 
305 415 
305 415 
305 415 
305 415 
305 416 
305 416 
305 417 
305 417 
305 417 
304 417 
304 417 
304 418 
304 418 
304 418 
304 418 
304 419 
304 419 
304 419 
304 419 
304 420 
303 420 
303 420 
303 421 
303 421 
303 421 
303 421 
303 422 
303 422 
303 422 
303 422 
303 423 
303 423 
303 423 
303 423 
302 424 
302 424 
302 424 
302 424 
302 425 
302 425 
302 425 
302 425 
302 426 
302 426 
302 426 
302 427 
302 427 
302 427 
302 427 
302 428 
301 428 
301 428 
301 428 
301 428 
301 429 
301 429 
301 429 
301 429 
301 430 
301 430 
301 430 
301 430 
301 430 
301 431 
300 431 
300 431 
300 432 
300 432 
300 432 
300 432 
300 433 
300 433 
300 433 
300 433 
300 433 
300 434 
300 434 
300 434 
299 434 
299 434 
299 435 
299 435 
299 435 
299 435 
299 435 
299 436 
299 436 
299 436 
299 437 
299 437 
299 437 
299 437 
299 437 
298 437 
298 438 
298 438 
298 438 
298 438 
298 438 
298 438 
298 439 
298 439 
298 439 
298 439 
298 439 
298 440 
298 440 
298 440 
298 440 
297 440 
297 440 
297 441 
297 441 
297 441 
297 441 
297 442 
297 442 
297 442 
297 442 
297 442 
297 442 
297 443 
