

































352 353 
351 353 
350 353 
346 348 350 353 354 356 
346 352 353 356 
346 355 
345 354 
342 353 
342 353 
343 355 
342 355 
339 353 
336 351 
319 322 333 350 
135 137 318 323 330 350 
134 138 317 324 327 351 
134 138 316 351 
133 139 316 352 
131 139 316 352 
131 139 317 353 
131 139 317 353 
132 140 317 353 
132 141 318 354 
133 142 318 354 556 560 
133 142 318 354 556 560 
132 143 318 355 557 561 
132 144 318 355 557 561 
132 145 317 355 557 561 
132 145 316 355 557 561 
133 146 315 356 557 561 
132 146 314 356 557 561 
131 147 262 266 313 359 557 561 
130 147 259 267 313 359 557 561 
129 147 258 268 312 359 557 561 
128 147 257 269 312 359 556 561 
127 148 256 269 312 359 556 561 
126 148 256 270 312 362 556 561 
125 149 255 270 282 286 312 362 555 561 
124 150 255 271 281 291 312 362 554 562 
123 151 254 272 281 294 312 362 553 564 
122 152 254 272 280 296 312 359 552 566 
121 153 254 274 280 296 312 358 551 567 
120 156 254 275 280 296 312 357 550 568 
119 163 254 277 281 295 312 356 550 569 
111 164 254 295 313 355 549 570 
111 165 254 295 314 355 548 572 
111 165 254 296 314 354 547 573 
111 167 254 299 314 354 546 574 
109 168 254 304 315 354 545 575 
108 167 254 306 315 354 545 576 
108 167 254 307 314 354 544 577 
108 166 254 274 275 309 314 354 543 578 
110 165 254 272 274 311 313 353 542 579 
111 165 254 270 274 353 542 580 588 591 
112 164 255 269 274 298 302 353 541 581 585 592 
112 164 255 268 274 297 305 353 540 592 
113 163 256 267 274 296 306 352 540 591 
113 163 257 266 274 295 301 314 315 352 538 591 
114 163 258 265 274 295 299 313 315 352 529 590 
115 163 260 262 274 294 297 351 528 589 
115 164 275 293 296 351 528 589 
116 164 275 293 295 351 528 588 
115 165 275 351 528 588 609 612 
115 165 274 350 529 587 608 612 
115 166 274 350 530 587 608 613 
115 166 274 350 532 586 607 613 
115 167 273 350 532 586 607 612 
115 167 273 290 293 350 533 585 606 612 
115 168 273 290 295 350 534 585 606 611 
115 168 273 290 295 350 534 585 605 610 
116 168 272 289 293 345 346 349 535 585 605 610 
115 168 272 288 290 345 350 353 536 586 604 609 
114 169 272 287 289 346 348 354 536 587 604 609 
114 115 117 169 272 287 288 356 535 587 603 608 
117 169 271 356 535 587 603 608 
118 169 271 356 535 588 602 607 
119 170 270 356 534 588 602 607 
120 170 270 357 534 588 601 606 
121 170 270 357 534 588 601 606 
126 170 269 357 534 588 600 605 
126 170 269 357 534 587 599 605 
127 170 268 356 533 587 599 604 
127 170 268 356 533 586 598 604 
126 170 267 355 533 586 598 603 
126 170 268 355 533 585 597 603 
126 170 267 355 533 584 597 602 
128 170 267 354 533 582 596 602 
129 169 268 354 533 581 596 601 
130 169 269 290 295 302 304 354 533 580 595 601 
129 168 270 286 304 353 533 580 595 600 
128 168 271 282 303 352 533 579 594 600 
127 167 302 351 533 577 593 600 
127 166 302 351 533 577 593 599 
126 166 301 350 533 577 592 599 
126 162 301 350 533 577 592 598 
125 161 300 349 533 576 591 598 
125 158 300 348 533 575 591 597 
125 158 300 346 533 575 590 597 
125 156 300 343 533 574 590 596 
126 156 300 341 533 574 590 596 
127 157 300 340 533 573 589 595 
127 157 300 339 533 572 588 595 
127 157 300 339 533 571 587 594 
126 158 300 339 533 573 580 585 587 594 
125 161 300 338 533 593 
125 162 300 338 533 593 
124 162 300 338 536 592 
123 163 300 337 535 592 
123 163 300 337 535 592 
123 163 300 337 534 591 
122 164 300 337 533 590 
122 164 300 337 532 590 
121 164 300 338 531 590 
121 164 300 338 529 591 
120 164 300 338 527 598 
120 164 300 339 526 600 
119 163 300 339 525 605 
119 163 300 339 525 610 
119 162 300 339 525 614 
119 162 301 339 526 616 
119 162 301 339 526 618 
118 163 301 338 526 619 
118 163 301 337 525 620 
118 163 302 336 524 621 
118 163 302 336 524 622 
118 163 303 336 523 624 
118 163 303 336 523 627 636 638 
117 163 303 336 522 630 635 640 
117 162 303 337 522 640 
116 162 302 338 522 640 
115 161 302 339 522 640 
114 161 301 339 522 640 
113 160 300 340 521 640 
112 160 300 341 521 640 
110 160 299 341 520 579 584 640 
109 160 299 341 520 579 586 640 
43 48 107 160 299 342 519 580 587 640 
37 51 106 160 298 342 518 580 588 640 
32 52 105 160 298 343 518 580 589 640 
28 53 103 160 297 343 517 580 590 640 
25 53 101 160 297 343 516 580 591 640 
21 54 99 160 297 343 516 580 592 640 
16 54 97 159 296 344 515 578 593 640 
12 55 96 159 296 344 514 577 594 640 
8 55 95 121 122 159 296 344 514 576 595 640 
5 56 94 119 122 159 295 344 513 575 597 640 
0 58 93 117 123 159 295 344 513 575 598 636 
0 59 92 116 123 159 295 345 513 575 599 630 
0 61 90 115 123 159 294 345 513 573 600 625 
0 64 86 113 124 159 294 345 513 571 602 621 
0 65 80 112 124 159 294 345 513 571 603 618 
0 68 72 111 124 159 293 345 514 570 605 615 
0 110 124 159 293 345 514 569 607 611 
0 109 125 159 292 346 515 568 
0 108 125 160 292 346 516 567 
0 107 125 161 292 346 515 566 
0 105 126 162 291 346 515 565 
0 104 126 163 291 347 515 564 
0 100 121 164 290 347 516 563 
0 85 86 100 120 165 290 347 517 562 
0 86 87 95 96 99 119 165 290 347 518 561 
0 94 118 166 289 348 519 560 
0 93 116 167 289 348 519 559 
0 93 113 167 288 348 519 559 
0 95 113 168 288 348 518 558 
1 96 111 168 287 349 518 558 
3 98 109 169 287 349 517 559 
5 169 286 349 516 559 
6 170 286 350 515 560 
8 170 285 350 514 560 
10 171 285 350 514 561 
12 171 284 350 513 561 
13 172 283 351 512 562 
15 172 283 351 512 562 
17 173 282 352 512 562 
19 123 124 173 282 352 511 563 
21 122 126 174 281 353 511 563 
22 122 126 174 281 353 511 564 
24 124 125 175 280 353 510 564 
26 175 279 354 510 564 
27 176 279 354 510 564 
29 176 279 355 509 565 
31 177 278 355 509 565 
33 177 278 356 509 565 
34 178 277 356 508 565 
36 178 277 357 508 565 
38 179 277 358 508 566 
40 179 277 358 507 566 
41 180 276 359 507 566 
43 180 276 359 507 566 
45 181 276 359 507 567 
47 181 276 360 506 567 
48 182 276 360 506 567 
50 182 276 360 506 567 
52 183 276 361 505 567 
54 183 276 361 505 568 
56 184 276 361 504 568 
57 184 276 361 504 568 
59 185 276 361 503 568 
61 185 277 361 503 568 
62 186 277 361 503 569 
64 186 278 361 502 569 
66 187 278 361 502 569 
68 187 279 361 501 569 
70 188 280 361 501 569 
71 188 281 360 500 569 
73 189 282 359 500 570 
75 189 284 358 499 570 
76 189 286 357 498 570 
78 190 287 356 498 570 
80 190 289 355 497 570 
82 190 292 355 497 570 
83 190 294 355 496 570 
85 190 298 355 495 571 
87 190 300 356 495 571 
89 190 302 320 324 332 339 356 494 571 
91 190 303 318 341 357 493 571 
92 190 303 318 341 358 492 571 
94 189 303 318 342 358 492 572 
96 188 303 318 342 359 491 572 
97 187 303 318 343 359 490 572 
99 185 303 318 343 360 490 572 
101 182 302 318 344 360 489 572 
103 180 303 318 344 360 488 573 
105 179 303 318 345 360 488 573 
106 176 303 318 345 360 487 573 
108 175 303 318 345 361 487 573 
110 173 303 318 346 361 487 573 
111 171 303 318 346 361 486 573 
113 126 131 168 303 318 346 361 486 573 
116 122 131 164 304 318 347 361 486 573 
131 159 304 318 347 361 486 573 
131 157 304 318 347 361 487 572 
130 155 304 318 348 361 487 572 
130 155 305 318 348 361 488 571 
130 154 305 318 348 361 489 571 
129 154 305 318 349 361 490 570 
129 153 306 318 349 361 491 569 
129 153 306 318 349 361 492 567 
128 152 306 317 350 362 493 566 
128 152 306 317 350 362 493 565 
128 151 307 317 350 363 494 563 
128 151 307 317 350 364 495 563 
127 150 307 318 350 364 496 562 
127 151 307 318 350 364 498 562 
127 151 307 318 350 364 500 562 
127 152 306 319 350 363 504 561 
127 153 306 319 350 363 507 561 
127 154 306 319 351 363 513 561 
127 154 306 319 352 363 516 561 
126 155 306 319 352 363 516 537 542 561 
126 155 306 319 351 364 517 536 543 561 
126 156 306 318 351 364 517 536 543 561 
126 157 307 318 351 364 517 536 543 561 
126 157 308 318 351 364 517 536 544 560 
126 158 308 318 351 364 518 536 544 560 
127 158 308 318 350 364 518 536 544 560 
127 159 308 319 350 365 517 536 544 560 
127 159 292 319 350 365 516 536 545 561 
127 159 289 323 350 365 515 536 545 561 
128 160 285 332 350 365 514 535 545 561 
129 160 282 337 350 366 512 535 545 561 
129 160 281 342 350 366 511 535 545 561 
130 161 280 345 349 366 511 535 545 561 
132 161 279 347 348 366 510 535 544 561 
133 162 279 366 509 534 544 561 
134 163 279 366 508 533 544 561 
135 164 278 366 508 533 543 561 
136 165 278 366 507 532 543 560 
137 166 278 367 507 531 543 560 
138 166 278 367 506 529 543 560 
140 167 278 367 506 528 543 560 
141 168 278 366 505 527 543 559 
142 168 279 366 504 526 542 559 
144 169 279 366 503 525 542 559 
145 169 279 366 502 523 542 558 
146 170 280 366 501 522 542 558 
147 171 280 365 501 520 542 557 
148 172 281 365 500 519 542 557 
150 173 282 364 500 518 542 556 
151 175 283 363 500 517 542 556 
152 177 285 362 499 516 541 555 
153 178 286 362 498 516 541 555 
155 179 287 362 498 515 541 555 
155 180 289 362 497 515 540 554 
156 180 290 361 496 515 540 554 
156 180 293 361 496 514 539 554 
155 180 295 361 495 513 539 554 
154 180 298 361 495 512 539 554 
151 180 300 362 495 511 538 553 
149 181 303 363 495 510 538 554 
147 182 304 364 495 511 538 554 
146 183 304 365 495 511 539 554 
145 183 302 366 495 511 539 553 
144 184 299 367 495 511 540 553 
142 185 297 367 495 511 539 552 
141 187 295 368 495 512 538 551 
139 188 294 368 495 512 537 550 
138 189 290 368 495 512 537 550 
137 189 288 368 495 513 536 550 
136 190 285 368 495 514 536 550 
135 191 281 367 495 514 535 551 
133 191 279 366 495 515 517 551 
132 192 278 366 495 552 
131 193 276 309 314 365 495 554 
130 194 276 300 301 305 316 364 495 556 
130 194 276 294 316 364 494 559 
129 195 276 294 315 360 494 560 
129 195 276 294 313 359 490 562 
129 195 277 295 311 321 322 358 489 563 
129 195 278 296 310 357 488 564 
129 195 279 297 307 355 487 565 
129 195 280 298 304 337 342 352 486 566 
58 61 129 195 280 301 302 336 486 567 
55 64 129 195 281 335 486 568 
53 66 129 195 281 333 486 568 
50 67 130 195 282 331 486 569 
48 68 130 195 283 329 487 570 
45 70 130 195 284 326 488 570 
43 71 129 194 285 324 489 571 
40 72 127 194 285 323 490 571 
37 74 125 193 285 300 301 323 491 571 
35 75 122 192 283 297 304 307 310 322 491 571 
32 76 120 191 281 296 311 321 493 571 
30 78 118 190 279 294 312 320 494 571 
28 79 116 188 268 291 495 571 
26 80 113 187 266 289 496 571 
23 81 109 185 265 287 497 570 
20 83 108 183 266 286 499 570 
18 84 106 182 267 285 501 569 
15 85 104 127 130 181 269 284 503 569 
14 87 99 124 130 182 270 283 506 568 
11 88 96 121 130 182 271 283 507 567 
10 90 92 120 130 182 272 282 508 567 
9 118 130 182 274 282 509 566 
8 116 130 183 275 281 510 565 
8 114 130 183 279 280 510 563 
8 110 130 183 511 562 
8 108 131 184 512 562 
9 107 131 184 512 562 
10 105 131 184 513 563 
11 104 130 184 514 565 
12 103 130 184 515 566 
13 103 130 184 517 568 
14 104 129 183 518 570 
15 105 129 183 520 572 
16 106 128 183 523 574 
17 108 128 182 525 576 614 618 
19 109 127 182 525 579 612 618 
20 110 127 181 526 580 611 618 
21 111 126 180 526 582 609 617 
22 113 126 179 525 584 608 616 
23 114 126 178 524 585 606 615 
24 116 126 176 524 587 605 613 
25 175 522 589 603 611 
26 173 520 590 601 610 
27 172 518 592 600 608 
29 171 516 606 
30 167 515 605 
31 165 513 605 
32 165 509 605 
33 163 506 606 
34 161 504 608 
35 131 136 156 502 610 
36 131 141 142 501 611 
37 131 500 613 
39 132 499 614 
40 134 499 616 
41 135 499 617 
42 136 499 523 528 619 
43 138 500 521 535 620 
44 139 501 520 541 622 
45 140 502 520 542 624 
46 141 503 521 542 626 
48 143 504 523 543 627 
49 144 506 524 544 628 
50 146 507 525 550 631 
51 147 508 527 551 632 
52 148 509 528 553 633 
53 149 510 529 560 572 577 634 
54 151 511 530 560 570 578 634 
55 152 511 531 559 568 580 636 
57 153 512 532 558 566 583 637 
58 154 513 534 556 565 585 638 
59 156 514 535 555 564 587 638 
60 157 515 537 554 562 588 639 
61 159 516 539 551 560 590 610 611 640 
62 160 518 542 549 558 592 607 616 640 
63 161 519 544 548 557 597 604 619 640 
65 162 521 555 621 640 
66 164 522 554 622 640 
67 165 524 552 623 640 
68 166 525 551 624 640 
69 167 526 551 626 640 
70 169 528 550 628 640 
71 170 529 550 630 640 
72 171 531 550 633 640 
73 173 532 549 
74 174 534 548 
76 175 535 545 
77 177 538 540 
78 178 
79 180 
80 181 
81 182 
82 183 
84 184 
85 185 
86 185 
87 185 
88 185 
89 184 
90 184 
91 183 
93 182 
94 180 
95 178 
96 176 
97 175 
98 174 
99 172 
100 170 
102 168 
103 166 
104 165 
105 163 
106 161 
107 159 
108 158 
109 156 
110 154 
112 152 
113 150 
114 149 
115 147 
116 145 
117 143 
118 141 
119 140 
120 138 
122 136 
123 134 
124 131 



