205 640 
205 640 
205 640 
205 640 
205 640 
205 640 
205 640 
205 640 
205 640 
205 640 
205 640 
206 640 
206 640 
206 640 
206 640 
206 640 
206 640 
206 640 
206 640 
206 640 
206 640 
206 640 
206 640 
206 640 
206 640 
206 640 
206 640 
206 640 
206 640 
206 640 
206 640 
206 640 
206 640 
206 640 
206 640 
206 640 
206 640 
206 640 
206 640 
206 640 
206 640 
206 640 
206 640 
206 640 
205 640 
205 640 
205 640 
205 640 
205 640 
205 640 
205 640 
205 640 
205 640 
204 640 
204 640 
204 640 
204 640 
204 640 
204 640 
203 640 
203 640 
203 640 
203 640 
202 640 
202 640 
202 640 
202 640 
201 640 
201 640 
201 640 
200 640 
200 640 
200 640 
200 640 
200 640 
199 640 
199 640 
199 640 
199 640 
199 640 
198 640 
197 640 
197 640 
196 640 
196 640 
196 640 
195 640 
195 640 
195 640 
194 640 
194 640 
194 640 
193 640 
193 640 
193 640 
192 640 
191 640 
191 640 
190 640 
190 640 
190 640 
189 640 
188 640 
188 640 
187 640 
187 448 461 469 478 640 
186 421 481 640 
186 417 484 640 
185 415 487 640 
185 414 489 640 
184 413 491 640 
183 413 493 640 
183 413 494 640 
182 413 496 640 
182 414 497 640 
181 414 499 640 
180 415 500 640 
180 416 500 640 
179 417 501 640 
179 418 502 640 
178 419 503 640 
177 420 504 640 
176 421 504 640 
175 422 505 640 
175 423 506 640 
174 424 506 640 
173 425 507 640 
172 426 508 640 
172 427 509 640 
171 428 509 640 
170 429 510 640 
170 430 510 640 
169 430 510 640 
168 430 511 640 
167 430 511 640 
167 429 512 640 
166 429 512 640 
165 429 513 640 
163 429 513 640 
162 429 513 640 
161 429 514 640 
160 428 514 640 
160 428 515 640 
159 428 515 640 
158 428 515 640 
157 428 516 640 
156 428 516 640 
155 428 517 640 
154 428 517 640 
153 428 518 640 
151 428 519 640 
150 427 429 430 520 640 
149 430 521 640 
149 430 522 640 
147 431 523 640 
146 431 523 640 
144 432 524 640 
143 433 525 640 
142 434 525 640 
141 434 526 640 
139 435 527 640 
138 436 439 445 528 640 
136 447 528 640 
135 448 528 640 
133 449 529 640 
131 449 529 640 
130 448 530 640 
129 447 530 640 
128 447 531 640 
126 446 531 640 
124 447 532 640 
122 448 532 640 
120 451 532 640 
119 452 533 640 
117 453 533 640 
115 454 533 640 
113 455 533 640 
110 457 533 640 
109 458 534 640 
106 459 469 472 534 640 
103 459 467 472 534 640 
100 460 466 472 534 640 
98 471 534 640 
94 470 534 640 
92 469 534 640 
89 468 535 640 
86 468 535 640 
0 1 82 470 535 640 
0 6 78 471 535 640 
0 12 73 471 535 640 
0 17 65 471 535 640 
0 25 61 470 535 640 
0 32 49 468 536 640 
0 467 536 640 
0 466 536 640 
0 464 535 640 
0 463 535 640 
0 463 535 640 
0 462 535 640 
0 461 535 640 
0 460 535 640 
0 460 535 640 
0 460 535 640 
0 459 535 640 
0 459 535 640 
0 459 535 640 
0 459 535 640 
0 459 535 640 
0 458 535 640 
0 458 536 640 
0 458 536 640 
0 458 536 640 
0 457 537 640 
0 457 537 640 
0 457 537 640 
0 457 538 640 
0 456 538 640 
0 456 539 640 
0 455 539 640 
0 454 540 640 
0 453 540 640 
0 452 540 640 
0 452 540 640 
0 451 541 640 
0 450 541 640 
0 450 541 640 
0 449 542 640 
0 448 542 640 
0 448 542 640 
0 448 542 640 
0 447 543 640 
0 447 543 640 
0 446 543 640 
0 446 544 640 
0 445 544 640 
0 445 544 640 
0 445 545 640 
0 444 545 640 
0 444 545 640 
0 444 545 640 
0 443 546 640 
0 443 546 640 
0 443 546 640 
0 444 546 640 
0 444 546 640 
0 444 546 640 
0 445 546 640 
0 445 546 640 
0 446 546 640 
0 446 546 640 
0 448 546 640 
0 449 546 640 
0 450 545 640 
0 451 545 640 
0 452 545 640 
0 454 545 640 
0 456 545 640 
0 458 545 640 
0 458 545 640 
0 459 545 640 
0 459 545 640 
0 459 545 640 
0 459 544 640 
0 459 544 640 
0 459 544 640 
0 459 544 640 
0 460 544 640 
0 460 544 640 
0 460 544 640 
0 460 544 640 
0 460 544 640 
0 460 544 640 
0 460 544 640 
0 460 544 640 
0 461 544 640 
0 461 544 640 
0 461 544 640 
0 461 544 640 
0 461 545 640 
0 461 545 640 
0 462 547 640 
0 462 547 640 
0 462 547 640 
0 462 548 640 
0 463 548 640 
0 463 549 640 
0 463 549 640 
0 463 550 640 
0 462 550 640 
0 462 551 640 
0 461 551 640 
0 461 551 640 
0 460 552 640 
0 460 552 640 
0 460 552 640 
0 459 553 640 
0 459 553 640 
0 459 553 640 
0 458 554 640 
0 458 554 640 
0 458 554 640 
0 457 555 640 
0 457 555 640 
0 457 555 640 
0 456 555 640 
0 456 555 640 
0 455 555 640 
0 455 555 640 
0 454 555 640 
0 454 555 640 
0 454 555 640 
0 453 555 640 
0 453 556 640 
0 452 556 640 
0 452 556 640 
0 451 556 640 
0 451 556 640 
0 450 556 640 
0 450 556 640 
0 450 556 640 
0 449 554 640 
0 449 554 640 
0 448 555 640 
0 448 555 640 
0 447 555 640 
0 446 555 640 
0 446 555 640 
0 445 555 640 
0 444 556 640 
0 444 556 640 
0 443 538 540 554 640 
0 442 539 540 554 640 
0 442 539 540 554 640 
0 441 539 541 550 551 555 640 
0 441 539 541 550 551 555 640 
0 441 539 542 544 545 555 640 
0 440 539 542 543 545 555 640 
0 440 539 545 551 552 556 640 
0 440 538 546 551 553 556 640 
0 439 538 546 552 553 556 640 
0 439 539 547 552 553 556 640 
0 438 539 547 552 554 556 640 
0 438 537 547 552 555 556 640 
0 437 537 548 552 640 
0 438 537 548 552 640 
0 438 538 548 552 640 
0 438 538 549 552 640 
0 438 538 549 552 640 
0 439 538 550 551 640 
0 439 539 640 
0 439 539 640 
0 440 539 640 
0 440 540 640 
0 441 540 640 
0 442 540 640 
0 447 540 640 
0 449 541 640 
0 449 541 640 
0 449 541 640 
0 449 542 640 
0 449 542 640 
0 449 542 640 
0 448 542 640 
0 448 543 640 
0 448 543 640 
0 448 543 640 
0 448 544 640 
0 447 544 640 
0 447 545 640 
0 447 545 640 
0 447 545 640 
0 446 545 640 
0 446 546 640 
0 446 546 640 
0 446 546 640 
0 445 547 640 
0 445 547 640 
0 445 548 640 
0 444 548 640 
0 444 548 640 
0 444 549 640 
0 444 549 640 
0 443 549 640 
0 443 550 640 
0 443 550 640 
0 442 551 640 
0 442 551 640 
0 442 551 640 
0 441 552 640 
0 441 552 640 
0 441 553 640 
0 440 553 640 
0 440 554 640 
0 440 554 640 
0 439 554 640 
0 439 555 640 
0 438 555 640 
0 438 556 640 
0 438 556 640 
0 437 557 640 
0 437 557 640 
0 437 557 640 
0 436 558 640 
0 436 558 640 
0 436 559 640 
0 435 559 640 
0 435 560 640 
0 435 560 640 
0 434 561 640 
0 434 561 640 
0 433 562 640 
0 433 562 640 
0 433 563 640 
0 432 563 640 
0 432 563 640 
0 432 564 640 
0 431 564 640 
0 431 565 640 
0 431 565 640 
0 430 566 640 
0 430 566 640 
0 430 567 640 
0 429 567 640 
0 429 568 640 
0 429 568 640 
0 429 569 640 
0 428 569 640 
0 428 570 640 
0 428 570 640 
0 428 570 640 
0 428 571 640 
0 427 571 640 
0 427 572 640 
0 427 572 640 
0 427 573 640 
0 426 573 640 
0 426 574 640 
0 426 574 640 
0 426 575 640 
0 426 575 640 
0 425 575 640 
0 425 576 640 
0 425 576 640 
0 425 577 640 
0 425 577 640 
0 425 577 640 
0 424 578 640 
0 424 578 640 
0 424 579 640 
0 424 579 640 
0 424 579 640 
0 423 580 640 
0 423 580 640 
0 423 580 640 
0 423 581 640 
0 422 581 640 
0 422 581 640 
0 422 582 640 
0 421 582 640 
0 421 582 640 
0 420 583 640 
0 420 583 640 
0 420 583 640 
0 419 584 640 
0 419 584 640 
0 419 584 640 
0 418 584 640 
0 418 585 640 
0 418 585 640 
0 417 585 640 
0 417 585 640 
0 417 586 640 
0 417 586 640 
0 417 586 640 
0 417 586 640 
0 417 587 640 
0 417 587 640 
0 417 587 640 
0 418 587 640 
0 418 587 640 
