





























































287 309 
282 320 
279 326 
277 336 
275 345 
273 351 
271 354 
269 357 
268 360 
267 362 
266 364 
265 366 
264 367 
263 369 
262 370 
261 371 
260 372 
259 373 
258 374 
257 375 414 420 
257 376 411 422 
256 377 407 423 
256 378 406 423 
255 379 404 423 
254 380 403 423 
254 381 401 423 
253 381 400 422 
253 382 398 422 
252 383 395 422 
252 383 394 422 
251 384 393 422 
251 384 392 422 
251 385 388 422 
250 386 387 422 
250 422 
250 422 
249 422 
249 422 
248 422 
248 423 
248 423 
248 423 
247 423 
247 424 
247 424 
247 424 
247 424 
246 425 
246 425 
246 425 
246 426 
246 426 
246 426 
246 427 
246 427 
246 428 
246 428 
246 428 
246 428 
246 429 
246 429 
246 430 
246 430 
246 430 
246 431 
246 431 
246 432 
247 433 
247 434 
247 435 
246 436 
246 437 
245 438 
244 438 
243 438 
242 438 
240 414 418 438 
240 414 424 439 
238 414 431 438 
237 414 
233 414 
228 414 
227 414 
227 414 
226 414 
226 414 
226 414 
226 414 
224 414 
222 414 
221 414 
220 414 
218 414 
218 392 394 414 
218 393 395 414 
219 393 397 414 
220 394 399 414 
221 394 400 413 
222 395 401 413 
223 395 402 413 
224 396 403 412 
225 397 404 412 
226 397 405 412 
227 398 406 411 
228 399 407 411 
229 400 408 410 
230 401 
231 401 
232 402 
233 403 
234 242 243 403 
235 241 243 403 
237 240 244 403 
245 403 
246 403 
246 403 
247 390 392 403 
247 389 393 403 
248 389 393 403 
248 388 394 403 
248 387 395 402 
247 386 395 402 
248 386 396 401 
247 385 
247 385 
247 386 
247 386 
247 386 
246 387 
246 381 382 387 
245 380 383 387 
244 379 384 388 
244 379 385 388 
243 378 
243 377 
242 378 
241 378 
241 379 
240 379 
239 380 
238 381 
237 381 
235 382 
234 382 
236 383 
243 384 
243 385 
243 386 
242 387 
242 388 
242 390 
241 248 250 391 
241 247 250 378 
241 246 251 258 259 378 
240 245 251 258 260 378 
240 244 251 258 260 379 
239 243 252 257 260 379 
239 242 252 257 261 379 
238 241 253 256 262 372 373 380 
238 240 253 256 262 371 374 380 
253 256 263 370 375 381 
254 255 263 370 375 381 
264 370 377 382 
264 364 365 369 378 382 
265 277 278 339 340 364 366 369 379 383 
266 277 278 289 290 338 340 364 366 368 380 383 
266 277 278 289 291 337 340 349 350 364 
50 52 267 277 279 336 339 348 351 359 360 364 
49 53 268 271 272 277 279 335 339 348 351 358 361 364 
48 53 268 271 273 277 279 282 286 335 339 347 351 357 361 364 
47 54 269 272 273 277 280 282 286 334 339 346 350 357 361 364 
46 54 270 272 273 277 280 282 287 334 338 345 350 356 361 364 
45 53 274 277 287 333 338 345 352 356 362 364 
44 53 275 277 287 333 339 344 352 355 363 364 
43 53 288 332 340 343 352 355 363 364 
42 53 290 332 341 343 352 354 363 364 
42 53 290 331 352 353 
41 53 289 331 
40 53 287 332 
39 54 285 333 
38 55 282 334 
38 56 276 336 
37 57 270 338 
36 59 263 341 
35 61 256 343 
34 64 250 347 
34 66 246 350 
33 68 244 353 
32 70 242 357 
31 73 240 361 
30 75 238 365 
30 77 237 369 
29 79 236 371 
28 81 235 373 
27 83 235 376 
27 85 234 378 
26 87 233 379 
25 88 233 381 526 528 
24 89 232 382 525 529 
23 91 232 383 525 530 
23 93 231 384 525 531 
22 94 231 385 524 532 
21 95 230 386 524 532 
20 97 230 386 524 533 
19 98 229 387 523 534 
18 100 229 388 523 534 
17 101 228 389 523 535 
17 102 228 390 522 536 
16 103 227 391 521 536 
15 105 227 391 520 537 
14 106 227 392 517 537 
13 107 226 393 514 538 
12 108 226 393 512 538 
11 110 225 394 508 539 
10 111 225 395 505 540 
9 112 225 395 502 540 
9 114 224 396 499 541 
8 115 224 397 496 542 
7 117 223 397 493 542 
6 118 223 398 491 543 
5 119 223 399 489 543 
4 121 222 399 487 544 
3 122 222 400 485 544 
2 124 222 400 483 545 
0 126 222 401 482 546 
0 127 221 401 480 546 
0 129 221 402 478 547 
0 131 221 403 477 548 
0 133 220 403 475 548 
0 135 220 404 473 549 
0 138 220 404 472 549 
0 141 220 404 470 550 
0 144 220 405 468 551 
0 149 220 405 467 551 
0 154 175 196 219 405 465 552 
0 196 218 406 463 553 
0 197 215 406 461 553 
0 197 213 406 459 554 
0 197 209 407 457 555 
0 198 205 407 455 555 
0 199 202 407 453 556 
0 407 451 557 
0 407 449 557 
0 407 446 558 
0 408 443 559 
0 414 438 560 
0 419 432 433 434 561 
0 561 
0 562 
0 563 
0 564 
0 564 
0 565 
0 566 
0 567 
0 567 
0 221 227 568 
0 217 228 569 
0 214 230 570 
0 211 231 571 
0 209 231 572 
0 206 230 573 
0 204 230 573 
0 28 32 53 56 202 228 574 
0 27 33 51 59 200 227 575 
0 25 34 50 62 198 227 576 
0 24 35 49 64 196 226 577 
0 24 36 49 66 194 226 578 
0 22 37 48 68 192 225 578 
0 22 38 48 69 190 225 579 
0 21 39 48 71 189 225 580 
0 20 39 48 72 187 229 581 
0 20 40 48 73 185 231 582 
0 19 41 48 75 183 232 583 
0 18 41 48 76 182 231 584 
0 18 42 47 77 180 231 585 
0 17 42 47 78 113 122 178 231 586 
0 16 43 47 79 109 125 177 231 587 
0 16 43 47 80 106 128 175 232 589 
0 15 44 47 81 104 129 174 233 590 
0 15 45 47 81 102 131 172 235 590 
0 14 82 100 132 171 236 591 
0 13 82 98 134 169 237 592 
0 13 83 96 135 168 237 593 
0 12 83 94 137 166 237 595 
0 12 83 93 138 165 237 398 399 595 
0 11 83 91 139 163 238 398 400 596 
0 11 84 90 140 162 238 398 401 597 
0 10 84 88 141 160 238 399 403 532 538 599 
0 10 85 86 142 159 238 399 404 509 518 531 539 600 
0 9 143 158 238 399 405 447 454 504 520 530 540 600 
0 8 144 156 238 360 361 399 406 444 458 500 520 529 541 601 
0 8 145 155 238 359 362 399 407 441 461 497 520 528 542 602 
0 7 146 153 238 359 362 400 408 439 463 494 519 527 543 603 
0 7 148 151 238 359 362 400 409 437 464 492 519 526 543 604 
0 6 238 360 362 400 410 435 466 490 519 525 544 605 
0 5 238 360 363 400 411 434 468 489 519 525 544 606 
0 5 238 360 363 400 412 432 469 487 519 524 545 608 
0 4 238 360 363 401 413 431 470 486 518 523 545 609 
0 3 238 360 363 401 414 429 472 486 518 523 546 610 
238 360 363 401 415 428 473 485 518 522 546 611 
238 360 363 401 417 427 474 484 518 521 547 612 
238 360 364 402 418 425 476 484 519 521 547 613 
238 360 364 402 420 423 477 484 548 614 
238 360 364 402 478 483 548 615 
238 360 364 402 479 483 548 616 
238 360 365 402 480 483 549 617 
238 361 365 402 549 618 
238 360 365 403 550 620 
238 360 365 403 550 621 
238 360 365 403 551 622 
238 360 366 403 551 623 
238 360 366 403 551 624 
237 360 366 404 552 625 
237 360 366 404 552 626 
238 360 366 404 553 627 
237 360 367 404 553 628 
237 360 367 404 554 587 592 629 
237 360 367 404 554 582 597 631 
237 360 367 404 555 578 600 632 
237 360 367 404 555 574 603 633 
237 359 367 404 556 570 606 634 
237 359 368 404 557 565 610 635 
237 359 368 403 613 637 
237 359 368 403 615 638 
237 359 368 403 618 638 
238 359 368 403 621 640 
238 359 369 403 624 640 
239 359 369 403 627 640 
240 359 369 403 629 640 
241 359 370 402 633 640 
242 359 370 402 637 640 
243 358 370 401 
245 358 371 401 
247 358 371 400 
249 358 372 398 
249 358 373 397 
249 358 374 396 
248 358 375 394 
248 358 376 392 
248 358 378 388 
248 358 
248 358 
248 358 
248 358 
248 358 
247 358 
247 358 
247 359 
247 359 
247 359 
247 359 
247 359 
247 359 
246 359 
246 359 
246 360 
245 360 
243 360 
241 360 
234 360 
233 360 
231 360 
229 361 
228 361 
227 361 
227 361 
228 362 
229 362 
230 363 
232 364 
234 365 
235 366 
235 367 
236 368 
236 368 
236 369 
237 370 
237 370 
237 370 
238 370 
238 370 
238 370 
238 369 
238 369 
237 369 
237 368 
237 368 
237 368 
237 367 
236 367 
235 366 
235 366 
234 365 
233 365 
233 365 
232 365 
231 365 
231 365 
230 365 
229 365 
229 365 
228 365 
228 365 
227 366 
226 366 
226 367 
225 367 
225 368 
224 368 
224 368 
223 369 
223 369 
222 369 
222 370 
221 370 
220 371 
220 371 
