45 584 
20 22 24 29 32 35 45 584 
33 36 48 583 
48 50 54 57 61 583 
47 56 61 63 68 583 
72 582 
77 582 
79 582 
83 578 
82 88 89 577 
83 85 88 90 93 576 
94 576 
94 574 
96 573 
100 573 
104 572 
107 568 
110 568 
110 567 
113 565 
115 565 
116 564 
118 564 
119 564 
120 560 
122 560 
122 560 
124 559 
125 558 
125 557 
126 556 
126 556 
127 555 
128 554 
128 553 
129 551 
130 549 
130 547 
131 547 
131 546 
133 547 
135 547 
136 546 
138 543 544 545 
141 543 
145 543 
146 541 
148 540 
150 540 
151 539 
153 537 
155 536 
156 536 
156 536 
157 536 
158 536 
159 538 
159 538 
160 538 
161 537 
164 536 
166 536 
168 536 
171 535 
173 536 
175 536 
177 536 
179 535 
181 535 
184 534 
187 533 
189 531 
190 528 
191 527 
192 527 
193 527 
193 526 
194 525 
195 527 
196 528 
196 529 
196 529 
197 529 
197 529 
198 527 
198 527 
198 526 
198 525 
198 524 
199 523 
200 522 
200 521 
200 520 
200 517 
200 510 
200 510 
200 509 
200 509 
200 509 
200 509 
200 508 
200 508 
200 507 
200 507 
200 507 
200 507 
200 507 
200 507 
200 503 504 508 
199 508 
199 508 
199 508 
198 511 512 514 516 521 
198 522 
198 523 
198 522 
199 521 
200 518 
201 516 
203 515 
205 512 
206 510 
207 507 
211 213 215 504 
215 501 
223 498 
226 496 
228 492 
230 488 
232 487 
233 488 
234 487 
235 487 
235 487 
234 488 
233 486 
233 486 
233 487 
231 487 
229 487 
224 488 
218 488 
206 488 
183 488 
181 488 
180 488 
180 488 
180 490 
181 490 
181 491 
181 491 
181 492 
182 494 523 534 
183 494 495 497 519 536 
184 491 493 538 
184 539 
184 540 
185 544 
185 544 
186 544 
186 546 
187 546 
187 547 
186 548 
186 549 
185 550 
183 552 
182 553 
181 555 
181 554 
181 554 
181 554 
181 555 
181 555 
181 556 
181 557 
181 558 
181 559 
181 561 
181 562 
181 563 
181 564 
181 564 
180 565 
180 565 
180 566 
180 568 
180 570 
179 576 
177 567 568 576 
174 578 
174 579 
173 578 
172 579 
172 580 
171 583 
171 587 
170 590 
170 592 
170 593 
170 594 
169 596 
169 598 
168 600 
166 601 
165 603 
165 605 
163 605 
162 606 
161 607 
159 610 
158 612 
158 613 
158 614 
157 615 
156 617 
155 618 
155 618 
154 621 
154 622 
153 624 
152 624 
151 627 
150 628 
150 624 
149 624 
149 624 
149 624 
148 624 
148 624 
148 624 
148 624 
148 624 
147 624 
147 624 
147 623 
147 621 
147 621 
147 621 
146 621 
146 622 
139 619 
138 618 
137 618 
138 617 
139 617 
140 617 
140 617 
140 616 
140 616 
141 615 
141 614 
140 613 
140 613 
140 608 610 612 
140 607 611 612 
139 606 
138 605 
138 604 
136 604 
134 603 
132 602 
129 602 
127 602 
126 600 
126 600 
126 604 
126 605 
127 606 
127 607 
127 611 
126 612 
126 616 
126 615 
125 614 
124 616 
122 619 
121 622 
90 97 120 625 
90 106 119 624 632 633 
91 628 
92 628 
94 628 
95 629 
97 113 115 629 
100 111 115 630 
115 630 
115 631 
114 629 
113 629 
113 629 
112 630 
112 630 
111 631 
110 632 
109 632 
109 634 
108 634 
108 635 
107 636 
107 638 
106 640 
106 640 
105 640 
105 640 
105 640 
104 640 
104 640 
103 640 
103 640 
102 640 
102 640 
101 640 
101 640 
101 640 
100 640 
100 640 
100 640 
100 640 
100 640 
100 640 
100 640 
100 640 
100 640 
100 640 
100 640 
99 640 
99 640 
99 640 
99 640 
99 640 
99 640 
99 640 
99 640 
99 640 
99 640 
99 640 
99 640 
99 640 
98 640 
98 640 
98 640 
98 640 
98 640 
98 640 
98 640 
98 640 
98 640 
98 640 
98 640 
98 640 
98 640 
97 640 
97 640 
97 640 
97 640 
98 640 
99 640 
100 640 
100 640 
101 640 
102 640 
103 640 
104 640 
105 640 
106 640 
106 640 
107 640 
108 640 
109 640 
110 640 
111 640 
112 640 
113 640 
114 640 
115 640 
116 640 
117 640 
118 640 
119 640 
120 640 
121 640 
122 640 
123 640 
124 640 
125 640 
126 640 
127 640 
128 640 
129 640 
130 640 
130 640 
133 640 
136 640 
139 640 
142 640 
144 640 
145 640 
146 640 
148 640 
149 640 
150 640 
151 640 
151 640 
152 640 
153 640 
153 640 
154 640 
154 638 
155 638 
155 638 
156 638 
156 639 
156 639 
157 639 
157 639 
157 639 
158 639 
158 639 
158 639 
158 639 
159 639 
159 639 
160 639 
160 638 
161 638 
162 638 
163 637 
163 637 
163 637 
164 635 
165 635 
165 636 
165 636 
166 636 
166 635 
167 635 
167 634 
167 634 
167 633 
168 632 
168 632 
168 629 631 632 
168 628 
168 627 
169 626 
169 626 
169 623 624 625 
169 622 
169 622 
169 621 
169 621 
169 620 
169 620 
169 619 
169 619 
169 616 
169 616 
169 616 
169 616 
169 615 
169 613 
169 612 
169 611 
168 608 
168 608 
167 608 
167 607 
167 605 
167 604 
167 604 
166 604 
166 600 
166 600 
166 598 
165 595 
165 594 
165 594 
165 591 592 593 
164 590 592 593 
