



















































































































346 365 
305 322 342 370 
302 327 340 372 
299 330 337 374 
296 377 
293 379 
291 380 
290 381 
288 383 
287 384 
286 385 
285 386 
284 387 
283 388 
281 389 
280 390 
279 392 
279 393 
278 394 
277 394 
277 395 
276 396 
275 397 
274 398 
274 399 
273 399 
272 400 
272 401 
271 402 
270 402 
270 403 
269 404 
268 405 
268 405 
267 406 
267 406 
266 407 
266 407 
265 408 
265 408 
264 409 
264 410 
263 410 
263 410 
262 411 
262 411 
261 412 
261 412 
261 413 
260 413 
260 414 
260 414 
259 414 
259 415 
259 415 
258 415 
258 415 
258 416 
257 416 
257 417 
257 417 
256 417 
256 417 
256 417 
255 418 
255 418 
255 418 
254 418 
254 418 
254 419 
254 419 
253 419 
253 419 
253 419 
253 419 
253 419 
252 420 
252 420 
252 420 
252 420 
252 420 
251 420 
251 420 
251 421 
251 421 
251 421 
250 421 
250 422 
250 422 
250 422 
250 422 
250 422 
250 422 
250 422 
249 422 
249 422 
249 422 
249 422 
249 422 
249 422 
249 422 
249 422 
249 422 
249 422 
249 422 
249 422 
249 422 
249 422 
249 422 
249 422 
249 421 
249 421 
249 421 
249 420 
249 420 
249 420 
249 420 
249 420 
249 419 
250 419 
250 419 
250 419 
250 419 
251 418 
251 418 
251 418 
251 417 
252 417 
252 417 
252 416 
253 416 
253 415 
254 415 
254 414 
255 414 
255 413 
256 413 
256 412 
257 412 
258 411 
258 410 
259 410 
260 409 
260 409 
261 408 
262 407 
263 406 
264 405 
265 404 
266 403 
268 402 
269 402 
271 400 
273 399 
274 398 
276 397 
278 396 
281 394 
284 392 
287 390 
291 389 
301 304 315 387 
325 385 
324 341 347 384 
324 340 354 380 
324 340 362 375 
324 340 366 372 
324 340 
323 340 
323 340 
323 340 
323 340 
323 340 
322 340 
322 340 
322 339 
321 339 
321 339 
321 339 
321 339 
321 339 
321 339 
321 339 
321 339 
321 339 
320 339 
319 339 
319 339 
319 339 
318 338 
318 338 
318 338 
318 337 
318 336 
318 328 329 335 









































































































































































