0 640 
0 640 
0 640 
0 640 
0 640 
0 640 
0 640 
0 640 
0 640 
0 640 
0 640 
0 640 
0 640 
0 640 
0 203 205 640 
0 203 206 640 
0 202 206 640 
0 201 207 640 
0 200 208 640 
0 199 208 640 
0 199 209 640 
0 198 210 640 
0 198 211 640 
0 197 211 640 
0 197 212 640 
0 196 213 640 
0 195 213 640 
0 195 214 640 
0 194 215 640 
0 194 215 640 
0 193 216 640 
0 193 217 640 
0 192 217 640 
0 192 217 640 
0 191 218 640 
0 191 219 640 
0 190 219 640 
0 190 220 640 
0 190 221 640 
0 189 221 640 
0 189 222 640 
0 188 222 640 
0 188 223 640 
0 188 223 640 
0 187 224 640 
0 187 225 640 
0 186 225 640 
0 185 226 640 
0 185 226 640 
0 184 227 640 
0 179 227 640 
0 175 228 640 
0 161 228 640 
0 143 229 640 
0 136 230 640 
0 130 230 640 
0 128 231 640 
0 123 232 640 
0 119 234 640 
0 116 235 640 
0 114 237 640 
0 112 238 640 
0 110 240 640 
0 108 241 640 
0 106 242 640 
0 104 243 640 
0 102 245 640 
0 101 246 640 
0 99 246 640 
0 98 247 640 
0 96 249 640 
0 94 249 640 
0 93 250 640 
0 92 251 640 
0 90 252 640 
0 89 252 640 
0 88 253 640 
0 87 254 640 
0 86 255 640 
0 84 256 640 
0 83 257 640 
0 82 257 640 
0 81 258 640 
0 80 258 640 
0 79 259 640 
0 78 259 640 
0 77 260 640 
0 77 261 640 
0 76 261 640 
0 75 262 640 
0 74 262 640 
0 74 263 640 
0 73 263 640 
0 72 263 640 
0 72 264 640 
0 71 264 640 
0 70 265 640 
0 70 265 640 
0 69 266 640 
0 68 266 640 
0 68 266 640 
0 67 267 640 
0 67 267 640 
0 66 267 640 
0 66 268 640 
0 66 268 640 
0 65 268 640 
0 65 269 640 
0 64 269 640 
0 64 269 640 
0 64 270 640 
0 64 270 640 
0 63 270 640 
0 63 270 640 
0 63 270 640 
0 63 271 640 
0 62 271 640 
0 62 271 640 
0 62 271 640 
0 62 271 640 
0 62 271 640 
0 62 271 640 
0 61 271 640 
0 61 271 640 
0 61 271 640 
0 61 271 640 
0 60 271 640 
0 60 272 640 
0 60 272 640 
0 60 272 640 
0 60 272 640 
0 60 272 640 
0 60 273 640 
0 60 273 640 
0 60 274 640 
0 60 275 640 
0 60 275 640 
0 60 277 640 
0 60 278 640 
0 60 280 640 
0 60 282 640 
0 60 285 291 296 640 
0 60 296 640 
0 60 296 640 
0 60 296 640 
0 60 296 640 
0 60 296 640 
0 60 296 640 
0 60 297 633 634 640 
0 60 297 631 635 640 
0 60 297 630 635 640 
0 60 297 629 635 640 
0 60 296 629 635 640 
0 61 296 628 634 640 
0 61 296 628 633 640 
0 61 296 629 632 640 
0 62 296 640 
0 62 296 640 
0 62 296 640 
0 62 297 640 
0 62 298 640 
0 63 298 640 
0 63 297 640 
0 63 297 640 
0 64 296 640 
0 64 296 640 
0 65 295 640 
0 65 295 640 
0 66 295 640 
0 66 295 640 
0 67 294 640 
0 68 294 640 
0 68 294 640 
0 69 294 640 
0 70 294 640 
0 70 294 640 
0 71 294 640 
0 72 294 640 
0 71 285 286 294 640 
0 71 285 287 293 640 
0 71 285 287 293 640 
0 70 285 287 293 640 
0 69 285 289 292 640 
0 69 285 290 291 640 
0 68 285 640 
0 67 285 640 
0 66 285 640 
0 64 285 640 
0 63 285 640 
0 62 285 640 
0 60 285 640 
0 60 285 640 
0 59 285 640 
0 59 284 640 
0 59 284 640 
0 58 283 640 
0 57 283 640 
0 55 284 640 
0 54 284 640 
0 53 285 640 
0 52 285 640 
0 51 285 640 
0 49 286 640 
0 48 281 282 286 640 
0 47 281 283 286 640 
0 45 280 283 287 640 
0 44 273 274 280 284 287 640 
0 43 272 274 279 284 287 640 
0 42 272 273 278 285 288 640 
0 42 278 286 288 640 
0 43 271 273 277 287 289 640 
0 44 275 288 290 640 
0 46 275 447 448 640 
0 47 274 444 448 640 
0 49 273 442 448 640 
0 51 272 440 448 640 
0 53 272 438 448 640 
0 55 272 437 448 640 
0 57 272 435 448 640 
0 59 273 434 447 640 
0 61 274 432 447 640 
0 64 275 431 446 640 
0 66 276 430 446 640 
0 66 276 429 445 640 
0 66 277 428 444 640 
0 66 278 427 444 640 
0 65 279 426 443 640 
0 65 280 426 442 640 
0 64 269 270 281 425 442 640 
0 64 269 270 275 277 282 425 441 640 
0 64 275 279 283 424 440 640 
0 64 270 271 276 281 284 424 439 640 
0 63 270 272 276 284 285 423 437 640 
0 63 271 272 276 423 435 640 
0 63 276 423 434 640 
0 63 277 423 430 640 
0 63 277 425 427 640 
0 62 277 640 
0 62 277 640 
0 62 270 272 277 640 
0 62 270 273 277 640 
0 61 270 274 277 640 
0 61 271 275 277 640 
0 61 271 276 277 640 
0 60 271 276 278 640 
0 60 272 277 278 640 
0 60 272 277 278 640 
0 60 272 277 278 640 
0 59 272 640 
0 59 272 640 
0 59 272 640 
0 59 273 640 
0 58 273 640 
0 58 273 640 
0 58 273 640 
0 58 274 640 
0 57 274 640 
0 57 274 640 
0 57 274 640 
0 57 275 640 
0 56 275 640 
0 56 275 640 
0 56 275 640 
0 55 276 640 
0 55 276 640 
0 55 276 640 
0 54 276 640 
0 54 276 640 
0 54 277 640 
0 54 277 640 
0 53 277 640 
0 53 277 640 
0 53 257 260 278 640 
0 53 255 262 278 640 
0 53 254 263 278 640 
0 52 251 253 254 265 278 640 
0 52 251 267 279 640 
0 52 248 249 251 269 279 640 
0 51 246 249 251 270 279 640 
0 51 245 250 251 272 280 640 
0 50 243 273 280 640 
0 50 242 274 280 640 
0 50 240 276 280 640 
0 50 238 277 280 640 
0 49 236 278 280 640 
0 49 232 640 
0 49 224 640 
0 49 223 640 
0 48 221 640 
0 48 161 163 220 640 
0 48 160 163 217 640 
0 47 126 128 159 163 211 640 
0 47 126 130 159 161 211 640 
0 47 125 131 213 640 
0 46 125 131 216 640 
0 46 92 94 125 131 219 640 
0 45 92 98 125 127 221 640 
0 45 91 101 224 640 
0 45 91 101 228 640 
0 45 77 79 82 84 91 103 231 640 
0 44 77 79 81 84 91 103 108 112 234 640 
0 44 76 79 81 84 90 104 107 112 237 640 
0 44 75 78 79 84 87 89 90 104 107 110 240 640 
0 43 74 84 87 104 244 640 
0 43 73 84 86 104 248 640 
0 43 71 84 86 103 251 640 
0 42 70 84 85 101 253 640 
0 42 67 84 85 100 257 640 
0 41 65 98 260 640 
0 41 63 96 269 640 
0 40 62 95 272 640 
0 39 61 93 274 640 
0 38 61 91 275 640 
0 36 60 90 276 640 
0 34 60 88 278 640 
0 30 59 86 279 640 
0 27 59 85 280 640 
0 24 58 84 281 640 
0 23 37 40 58 83 283 640 
0 22 37 41 57 83 284 640 
0 21 37 44 57 84 285 640 
0 20 36 46 56 84 286 640 
0 20 36 49 54 84 287 640 
0 20 36 84 288 640 
0 19 35 84 288 640 
0 19 35 84 289 640 
0 19 34 84 289 640 
0 19 34 84 290 640 
0 19 33 85 290 640 
0 18 33 86 290 640 
0 19 32 86 290 640 
0 19 32 86 290 640 
0 19 31 86 290 640 
0 19 31 85 290 640 
0 19 30 84 290 640 
0 19 30 84 290 640 
0 20 29 83 291 640 
0 20 28 82 291 640 
0 21 27 82 291 640 
0 21 26 81 291 640 
0 23 25 80 291 640 
0 80 291 640 
0 79 291 640 
0 79 291 640 
0 78 291 640 
0 78 290 640 
0 77 290 640 
0 77 290 640 
0 77 290 640 
0 76 290 640 
0 75 290 640 
0 75 291 640 
0 75 292 640 
0 75 292 640 
0 74 292 640 
0 74 293 640 
0 73 293 640 
0 73 294 640 
0 73 294 640 
0 73 294 640 
0 72 295 640 
0 72 295 640 
0 72 295 640 
0 71 295 640 
0 71 296 640 
0 70 296 640 
0 70 296 640 
0 70 297 640 
0 70 297 640 
0 69 297 640 
0 69 297 640 
0 69 297 640 
0 68 297 640 
0 60 63 68 297 640 
0 59 297 640 
0 58 298 640 
0 57 298 640 
0 58 298 640 
0 58 298 306 308 640 
0 58 298 301 310 640 
0 58 311 640 
0 58 311 640 
0 58 311 640 
0 59 311 640 
0 59 310 640 
0 59 310 640 
0 59 309 640 
0 58 309 640 
0 58 308 640 
0 59 308 640 
0 59 307 640 
0 59 307 640 
0 59 306 640 
0 59 306 640 
0 59 306 640 
0 59 306 640 
0 59 306 640 
0 59 306 359 362 640 
0 59 305 358 368 394 397 640 
0 59 304 325 328 357 374 393 401 640 
0 59 304 324 339 357 379 392 404 640 
0 59 303 323 345 357 383 392 407 640 
0 59 304 323 388 391 410 640 
0 59 304 324 415 428 433 640 
0 59 304 324 418 427 435 640 
0 59 421 426 438 640 
0 58 440 640 
0 58 443 640 
0 58 445 640 
0 58 448 640 
0 57 450 461 463 640 
0 57 453 460 465 640 
0 56 455 459 468 640 
0 55 470 640 
0 54 472 640 
0 53 474 640 
0 53 476 640 
0 52 477 640 
0 51 479 640 
0 50 481 640 
0 48 249 250 483 640 
0 46 485 640 
0 44 486 490 495 640 
0 43 497 640 
0 44 498 640 
0 45 500 640 
0 45 501 640 
0 46 503 640 
0 46 504 640 
0 46 506 640 
0 45 507 640 
0 45 509 640 
0 44 510 640 
0 44 512 640 
0 44 513 518 520 640 
0 45 514 517 521 640 
0 45 523 640 
0 46 524 640 
0 47 525 640 
0 48 526 640 
0 48 527 640 
0 49 529 640 
0 49 530 640 
0 50 531 640 
0 50 532 640 
0 50 533 640 
0 49 534 640 
0 49 535 640 
0 48 537 640 
0 48 538 640 
0 48 542 640 
0 48 544 640 
0 47 545 640 
0 47 546 640 
0 47 547 640 
0 46 548 640 
0 46 549 640 
0 45 549 640 
0 45 550 640 
0 45 551 640 
0 44 552 640 
0 44 553 640 
0 43 554 640 
0 43 555 640 
0 43 556 640 
0 43 556 640 
0 42 557 640 
0 42 560 640 
0 41 561 640 
0 41 562 640 
0 40 563 640 
0 40 563 640 
0 40 564 640 
0 39 565 640 
0 39 246 248 565 640 
0 38 245 250 566 640 
0 38 245 252 566 640 
0 38 245 254 567 640 
0 38 245 258 568 640 
0 38 245 258 568 640 
