

























































384 403 
379 409 
375 413 
371 416 
366 418 
364 420 498 502 
363 423 488 491 492 511 
362 425 485 515 
360 426 482 519 
358 428 480 522 
356 429 442 445 477 524 
355 432 438 460 474 526 
352 464 473 528 
350 469 472 530 
349 533 
347 534 
346 535 
344 537 
342 538 
341 540 
340 541 
339 542 
339 544 
338 545 
337 546 
337 547 
337 548 
336 549 
336 550 
336 551 
335 552 
335 553 
335 554 
335 555 
335 556 
335 557 
335 558 
335 559 
335 560 
336 560 
336 561 
337 562 
337 563 
337 563 
338 564 
338 564 
338 565 
338 566 
338 567 
339 567 
339 568 
340 569 
340 569 
340 570 
341 570 
341 571 
342 571 
342 572 
343 572 
344 572 
344 573 
345 573 
346 574 
346 574 
347 574 
348 575 
349 575 
350 575 
350 576 
351 576 
350 576 
350 576 
348 575 
347 575 
346 577 
345 577 
344 577 
343 576 
342 575 576 577 
341 577 
340 577 
339 576 
338 576 
337 576 
336 576 
335 576 
334 576 
334 576 
333 576 
332 577 
332 577 
331 578 
330 579 
329 579 
329 580 
328 580 
327 580 
326 581 
326 582 
325 582 
325 583 
324 583 
324 584 
323 584 
322 585 
322 585 
321 586 
320 586 
320 586 
320 587 
320 587 
319 587 
319 588 
318 588 
318 588 
318 588 
318 589 
317 589 
317 590 
317 590 
316 590 
316 590 
315 590 
315 591 
315 591 
314 591 
314 591 
314 592 
314 592 
314 593 
313 593 
313 593 
313 593 
313 594 
313 594 
312 594 
312 594 
312 594 
312 594 
312 594 
312 595 
312 595 
311 595 
311 595 
311 595 
311 595 
311 595 
311 596 
311 596 
310 596 
310 596 
310 596 
310 596 
310 596 
310 597 
310 597 
310 597 
309 597 
309 597 
309 597 
309 597 
309 597 
309 597 
308 598 
308 598 
308 598 
308 598 
308 598 
307 598 
307 598 
307 598 
307 598 
306 598 
306 598 
306 599 
305 598 
305 598 
305 598 
304 598 
304 599 
303 599 
303 309 311 599 
302 307 311 598 
301 305 311 598 
300 303 311 598 
312 598 
312 598 
312 599 
312 599 
312 599 
312 599 
312 599 
312 598 
312 598 
312 598 
312 598 
312 598 
313 598 
313 599 
313 598 
313 598 
313 599 
313 599 
313 318 321 599 
313 318 320 321 324 599 
314 318 320 321 324 599 
314 318 325 599 
314 319 326 599 
314 317 318 319 327 598 
314 316 328 598 
328 598 
329 598 
329 598 
330 598 
330 598 
335 598 
337 598 
339 598 
341 348 349 598 
342 348 350 598 
344 346 351 598 
352 598 
354 598 
355 598 
356 597 
357 597 
358 597 
360 597 
361 597 
363 597 
364 597 
365 597 
365 597 
365 597 
365 597 
365 597 
364 597 
364 596 
363 596 
362 596 
362 596 
361 596 
360 596 
359 596 
358 596 
358 596 
358 596 
359 596 
359 595 
360 595 
361 595 
363 595 
365 595 
366 595 
365 595 
364 595 
364 595 
364 595 
363 595 
363 594 
362 594 
362 594 
362 594 
361 594 
361 594 
360 594 
353 355 359 594 
353 594 
353 594 
353 594 
353 593 
353 593 
353 593 
353 593 
353 593 
352 593 
352 593 
352 593 
351 593 
351 593 
350 593 
350 437 438 593 
350 436 440 593 
349 434 441 593 
349 432 442 592 
348 430 442 592 
348 428 443 592 
347 426 443 592 
347 424 444 592 
346 422 444 592 
346 401 403 419 444 592 
346 401 405 417 445 592 
345 400 406 414 445 592 
345 400 445 592 
344 399 446 592 
344 399 446 592 
344 399 447 592 
343 399 447 592 
343 398 447 592 
342 398 447 593 
342 399 448 593 
342 399 448 594 
341 399 448 595 
341 399 448 596 
340 399 449 597 
340 399 449 598 
339 391 449 598 
339 390 449 599 
338 390 450 600 
338 390 450 601 
338 389 450 602 
337 389 450 602 
337 389 451 603 
336 388 451 604 
336 388 451 605 
336 388 451 605 
335 387 452 606 
335 387 452 607 
334 386 452 608 
334 386 452 608 
333 386 452 609 
333 385 453 609 
333 385 453 610 
332 384 453 610 
332 384 454 611 
331 384 454 612 
331 383 454 612 
330 383 454 613 
330 383 455 613 
329 382 455 614 
328 382 455 614 
327 382 455 614 
326 381 456 615 
326 381 456 615 
327 380 457 616 
328 380 457 616 
329 380 458 617 
334 379 458 617 
334 379 459 618 
334 378 459 619 
334 378 459 620 
334 378 460 621 
333 377 460 622 
333 377 460 623 
332 377 460 624 
332 376 460 625 
332 376 459 627 
331 376 457 628 
331 360 365 375 456 629 
331 358 369 375 455 630 
331 358 369 375 453 630 
330 358 369 374 453 631 
330 357 369 374 451 633 
330 356 369 373 451 634 
330 356 369 373 450 635 
330 355 369 373 450 636 
329 355 369 372 449 636 
329 354 369 372 448 637 
329 354 369 372 448 638 
329 353 369 371 447 638 
328 353 369 371 447 640 
328 352 370 371 446 640 
328 351 446 640 
327 351 445 640 
327 350 445 640 
327 350 445 640 
327 349 444 640 
326 348 444 640 
326 348 444 640 
326 347 443 640 
326 346 443 640 
326 346 443 640 
325 345 442 640 
325 345 442 640 
325 344 442 640 
325 344 441 640 
325 343 441 640 
324 342 441 640 
324 341 440 640 
324 341 440 640 
324 340 440 640 
324 340 439 640 
323 339 439 640 
323 338 438 640 
323 337 438 640 
323 337 438 640 
323 336 438 640 
322 335 438 640 
322 335 438 640 
322 334 438 640 
322 333 438 640 
321 333 438 640 
321 332 439 640 
321 331 439 640 
321 330 439 640 
321 330 439 640 
320 330 440 640 
320 329 440 640 
320 328 440 640 
320 327 439 640 
320 327 438 640 
319 326 438 640 
319 325 437 640 
319 325 437 640 
319 324 436 640 
319 323 436 640 
319 322 435 640 
435 640 
434 640 
434 640 
434 640 
433 640 
433 640 
433 640 
432 640 
432 640 
432 640 
432 640 
432 640 
432 640 
432 640 
432 640 
