0 640 
0 640 
0 640 
0 640 
0 640 
0 640 
0 640 
0 640 
0 640 
0 640 
0 640 
0 640 
0 640 
0 640 
0 640 
0 640 
0 640 
0 640 
0 640 
0 640 
0 640 
0 640 
0 640 
0 640 
0 640 
0 640 
0 640 
0 640 
0 640 
0 640 
0 640 
0 640 
0 640 
0 640 
0 640 
0 640 
0 640 
0 640 
0 640 
0 640 
0 640 
0 640 
0 640 
0 640 
0 640 
0 640 
0 640 
0 640 
0 246 248 640 
0 246 249 640 
0 246 250 270 273 640 
0 246 251 269 274 640 
0 246 252 268 274 640 
0 246 253 266 275 640 
0 246 254 265 277 640 
0 246 254 264 279 640 
0 246 256 263 281 640 
0 246 257 262 284 640 
0 246 290 640 
0 233 241 246 298 640 
0 231 243 247 302 640 
0 228 244 247 306 640 
0 226 244 246 319 640 
0 224 326 640 
0 222 332 640 
0 221 335 640 
0 221 337 640 
0 222 340 640 
0 222 342 640 
0 224 345 640 
0 225 347 640 
0 227 348 640 
0 228 350 640 
0 229 352 640 
0 230 353 640 
0 231 355 640 
0 231 356 640 
0 232 358 640 
0 233 359 640 
0 233 361 640 
0 232 362 640 
0 231 363 640 
0 230 365 640 
0 229 366 640 
0 229 367 640 
0 228 368 640 
0 227 370 640 
0 226 371 640 
0 225 372 640 
0 225 372 640 
0 224 373 640 
0 223 374 640 
0 223 375 640 
0 223 376 640 
0 223 377 640 
0 223 378 640 
0 224 378 640 
0 225 379 640 
0 226 380 640 
0 227 380 640 
0 230 381 640 
0 232 381 640 
0 232 382 640 
0 232 382 640 
0 232 383 640 
0 231 384 640 
0 231 384 640 
0 230 385 640 
0 230 385 640 
0 230 386 640 
0 229 387 640 
0 229 387 640 
0 228 387 640 
0 228 388 640 
0 228 388 640 
0 227 388 640 
0 227 389 640 
0 227 389 640 
0 226 389 640 
0 226 390 640 
0 226 390 640 
0 225 390 640 
0 225 390 640 
0 224 391 640 
0 224 391 640 
0 223 391 640 
0 223 391 640 
0 222 392 640 
0 222 392 640 
0 221 392 640 
0 221 392 640 
0 221 392 640 
0 220 392 640 
0 220 392 640 
0 220 393 640 
0 219 393 640 
0 218 393 640 
0 218 393 640 
0 218 393 640 
0 218 393 640 
0 218 393 640 
0 218 393 640 
0 218 393 640 
0 218 394 640 
0 218 394 640 
0 218 394 640 
0 218 394 640 
0 218 394 640 
0 218 394 640 
0 218 394 640 
0 219 394 640 
0 219 393 640 
0 219 394 640 
0 219 394 640 
0 218 394 640 
0 220 394 640 
0 221 394 640 
0 221 394 640 
0 222 394 640 
0 222 394 640 
0 223 394 640 
0 223 394 640 
0 223 394 640 
0 223 394 640 
0 224 394 640 
0 224 394 640 
0 224 394 640 
0 225 394 640 
0 226 395 640 
0 226 395 640 
0 227 395 640 
0 228 395 640 
0 229 395 640 
0 230 252 254 396 640 
0 231 252 255 397 640 
0 232 253 256 399 640 
0 234 253 256 400 640 
0 235 254 257 400 640 
0 237 254 257 402 640 
0 240 253 258 403 640 
0 243 253 258 404 640 
0 245 253 258 405 640 
0 247 253 259 397 398 407 640 
0 248 253 259 396 640 
0 249 254 259 396 640 
0 250 254 259 397 640 
0 252 255 260 398 640 
0 253 255 260 398 640 
0 254 256 260 398 640 
0 255 256 260 390 391 398 640 
0 260 390 391 398 640 
0 260 398 640 
0 260 399 640 
0 260 391 393 399 640 
0 259 391 393 399 640 
0 259 391 393 400 640 
0 260 392 393 400 640 
0 261 392 394 400 640 
0 262 392 394 401 640 
0 262 392 395 401 640 
0 262 393 395 401 640 
0 263 376 377 393 396 398 400 402 640 
0 263 376 378 393 396 398 400 402 640 
0 263 376 378 394 396 398 401 402 640 
0 263 376 378 394 397 399 640 
0 263 376 379 394 397 399 640 
0 263 376 379 391 393 395 398 399 640 
0 263 376 379 391 393 395 398 400 640 
0 264 376 379 391 399 400 640 
0 264 376 380 382 384 390 640 
0 264 376 380 382 385 390 640 
0 264 375 380 382 385 390 640 
0 264 272 275 375 380 382 385 390 640 
0 264 272 275 375 381 383 386 390 640 
0 264 272 276 375 381 383 386 390 640 
0 264 272 276 369 370 375 381 382 387 390 640 
0 264 272 276 369 370 375 387 391 640 
0 264 272 276 368 371 375 382 383 388 391 640 
0 264 272 276 369 371 375 382 383 388 391 640 
0 264 272 276 363 364 369 372 375 382 383 389 391 640 
0 263 272 276 362 365 369 372 375 390 391 640 
0 263 272 276 362 365 369 373 376 640 
0 263 272 276 282 284 363 365 369 373 376 640 
0 263 272 276 282 284 301 304 363 367 370 374 376 640 
0 263 273 276 281 285 299 304 363 368 370 374 376 640 
0 262 273 276 281 285 296 303 363 375 376 640 
0 262 264 266 273 276 280 286 293 303 363 375 376 640 
0 262 264 267 273 276 280 286 289 302 363 640 
0 261 263 267 273 276 280 286 288 302 358 360 363 640 
0 261 262 267 273 277 279 301 358 361 362 640 
0 267 273 277 278 286 287 301 359 640 
0 267 273 276 278 300 360 640 
0 267 274 276 278 299 362 379 389 640 
0 267 278 295 390 640 
0 267 390 640 
0 267 391 640 
0 267 391 640 
0 267 391 640 
0 255 265 266 393 640 
0 250 397 640 
0 248 403 640 
0 246 406 640 
0 245 409 640 
0 244 411 640 
0 243 413 640 
0 242 415 640 
0 241 416 640 
0 240 417 640 
0 239 418 640 
0 239 419 640 
0 238 420 640 
0 237 421 640 
0 237 421 640 
0 236 422 640 
0 236 423 640 
0 235 423 640 
0 235 424 640 
0 234 424 640 
0 234 425 640 
0 233 425 640 
0 233 426 640 
0 232 426 640 
0 232 426 640 
0 232 427 640 
0 231 427 640 
0 231 428 640 
0 230 428 640 
0 230 429 640 
0 230 429 640 
0 230 430 640 
0 229 431 640 
0 229 433 640 
0 229 436 640 
0 228 435 640 
0 228 435 640 
0 228 434 640 
0 227 433 640 
0 227 433 640 
0 227 434 640 
0 227 435 640 
0 227 435 640 
0 226 436 640 
0 226 436 640 
0 226 436 640 
0 226 437 640 
0 225 438 640 
0 225 438 640 
0 225 438 640 
0 225 439 640 
0 225 439 640 
0 225 440 640 
0 225 440 640 
0 225 441 640 
0 224 441 640 
0 224 441 640 
0 224 442 640 
0 224 442 640 
0 224 443 640 
0 224 443 640 
0 224 443 640 
0 224 444 640 
0 224 444 640 
0 224 444 640 
0 224 444 640 
0 224 445 640 
0 224 445 640 
0 224 445 640 
0 225 445 640 
0 225 445 640 
0 225 445 640 
0 225 445 640 
0 225 445 640 
0 226 444 640 
0 226 444 640 
0 227 443 640 
0 227 443 640 
0 228 442 640 
0 228 441 640 
0 229 440 640 
0 229 440 640 
0 230 438 640 
0 231 438 640 
0 232 437 640 
0 232 435 640 
0 233 435 640 
0 234 435 640 
0 235 435 640 
0 236 435 640 
0 238 435 640 
0 239 435 640 
0 241 436 640 
0 242 436 640 
0 243 436 640 
0 245 436 640 
0 246 436 640 
0 247 437 640 
0 247 437 640 
0 248 437 640 
0 248 437 640 
0 249 437 640 
0 250 438 640 
0 251 438 640 
0 252 438 640 
0 253 438 640 
0 253 438 640 
0 253 437 640 
0 254 436 640 
0 254 435 640 
0 254 434 640 
0 254 433 640 
0 255 433 640 
0 255 434 640 
0 255 434 640 
0 255 434 640 
0 256 434 640 
0 256 434 640 
0 256 434 640 
0 257 435 640 
0 257 435 640 
0 258 435 640 
0 258 435 640 
0 258 435 640 
0 259 435 640 
0 259 435 640 
0 260 435 640 
0 260 436 640 
0 260 436 640 
0 260 436 640 
0 260 436 640 
0 261 436 640 
0 261 436 640 
0 262 436 640 
0 262 437 640 
0 263 437 640 
0 263 437 640 
0 264 437 640 
0 265 437 640 
0 265 437 640 
0 265 438 640 
0 266 438 640 
0 266 438 640 
0 267 438 640 
0 267 438 640 
0 267 438 640 
0 267 439 640 
0 268 439 640 
0 268 439 640 
0 268 439 640 
0 268 439 640 
0 268 439 640 
0 243 259 269 439 640 
0 242 265 269 439 640 
0 243 440 640 
0 242 440 640 
0 242 440 640 
0 242 440 640 
0 242 440 640 
0 242 440 640 
0 243 440 640 
0 243 441 640 
0 243 441 640 
0 243 441 640 
0 244 441 640 
0 244 441 640 
0 244 442 640 
0 245 441 640 
0 245 441 640 
0 246 441 640 
0 246 441 640 
0 246 440 640 
0 247 440 640 
0 248 440 640 
0 248 440 640 
0 249 439 640 
0 249 439 640 
0 250 438 640 
0 251 437 640 
0 251 437 640 
0 252 436 640 
0 253 438 640 
0 255 445 640 
0 255 452 640 
0 256 459 640 
0 257 461 640 
0 258 462 640 
0 259 463 640 
0 260 463 640 
0 261 462 640 
0 262 462 640 
0 263 462 640 
0 265 461 640 
0 265 461 640 
0 266 461 640 
0 267 461 640 
0 268 460 640 
0 269 460 640 
0 269 460 640 
0 268 459 640 
0 267 459 640 
0 266 458 640 
0 265 458 640 
0 264 457 640 
0 263 457 640 
0 262 456 640 
0 261 455 640 
0 261 454 640 
0 260 453 640 
0 259 453 640 
0 258 451 640 
0 257 451 640 
0 256 450 640 
0 255 449 640 
0 254 448 640 
0 254 447 640 
0 253 446 640 
0 252 445 640 
0 251 445 640 
0 250 444 640 
0 250 443 640 
0 249 442 640 
0 248 441 640 
0 248 441 640 
0 247 440 640 
0 246 439 640 
0 245 438 640 
0 245 438 640 
0 244 437 640 
0 244 436 640 
0 243 435 640 
0 242 435 640 
0 242 434 640 
0 241 433 640 
0 241 433 640 
0 240 432 640 
0 240 432 640 
0 239 431 640 
0 238 430 640 
0 238 430 640 
0 237 429 640 
0 237 429 640 
