0 640 
0 640 
0 640 
0 640 
0 640 
0 640 
0 640 
0 640 
0 640 
0 640 
0 640 
0 640 
0 640 
0 640 
0 640 
0 640 
0 640 
0 640 
0 640 
0 640 
0 640 
0 640 
0 640 
0 640 
0 640 
0 640 
0 640 
0 284 289 640 
0 283 292 640 
0 283 294 640 
0 282 297 640 
0 281 299 303 304 640 
0 280 307 640 
0 280 310 640 
0 279 312 640 
0 279 313 640 
0 278 315 640 
0 278 316 640 
0 277 318 640 
0 276 320 640 
0 276 321 640 
0 275 322 640 
0 275 324 640 
0 274 325 640 
0 274 326 640 
0 273 327 640 
0 273 329 640 
0 272 330 640 
0 272 331 640 
0 272 332 640 
0 271 333 381 399 640 
0 271 334 378 400 640 
0 270 335 373 401 640 
0 270 336 370 401 640 
0 269 337 367 401 640 
0 269 339 364 401 640 
0 268 340 362 401 640 
0 268 352 359 401 640 
0 268 355 358 400 640 
0 267 400 640 
0 267 400 640 
0 267 400 640 
0 266 399 640 
0 266 399 640 
0 266 399 640 
0 265 399 640 
0 265 398 640 
0 265 398 640 
0 265 398 640 
0 264 398 640 
0 264 397 640 
0 264 397 640 
0 264 397 640 
0 264 397 640 
0 264 397 640 
0 264 396 640 
0 265 396 640 
0 265 396 640 
0 266 396 640 
0 267 290 293 395 640 
0 268 287 292 395 640 
0 270 281 291 395 640 
0 289 395 640 
0 288 394 640 
0 287 394 640 
0 286 394 640 
0 285 393 640 
0 284 393 640 
0 284 393 640 
0 283 393 640 
0 282 392 640 
0 282 392 640 
0 281 392 640 
0 280 391 640 
0 280 391 640 
0 279 391 640 
0 278 390 640 
0 278 390 640 
0 277 389 640 
0 277 389 640 
0 277 389 640 
0 276 390 640 
0 276 391 640 
0 275 391 640 
0 275 392 640 
0 275 392 640 
0 274 393 640 
0 274 393 640 
0 274 393 640 
0 273 394 640 
0 273 394 640 
0 272 395 640 
0 272 395 640 
0 272 395 640 
0 271 395 640 
0 271 395 640 
0 270 395 640 
0 270 396 640 
0 270 396 640 
0 270 396 640 
0 269 396 640 
0 269 396 640 
0 269 395 640 
0 269 395 640 
0 269 395 640 
0 268 395 640 
0 268 395 640 
0 268 395 640 
0 268 395 640 
0 268 394 640 
0 267 394 640 
0 267 394 640 
0 267 394 640 
0 267 393 640 
0 266 393 640 
0 266 393 640 
0 266 392 640 
0 266 392 640 
0 265 392 640 
0 265 391 640 
0 265 390 640 
0 265 390 640 
0 265 389 640 
0 265 388 640 
0 265 388 640 
0 265 387 640 
0 265 386 640 
0 264 385 640 
0 163 166 264 378 380 385 640 
0 163 166 264 378 380 384 640 
0 163 166 264 377 380 383 640 
0 163 166 264 376 380 383 640 
0 162 166 264 375 380 382 640 
0 162 166 264 367 369 375 380 382 640 
0 161 166 264 367 369 374 380 381 640 
0 160 167 264 366 369 373 380 381 640 
0 160 167 264 366 370 373 640 
0 160 167 264 366 370 372 640 
0 160 167 263 366 370 372 640 
0 160 167 263 366 640 
0 159 167 263 366 640 
0 159 166 263 366 640 
0 158 167 263 366 640 
0 158 167 263 366 640 
0 157 167 263 366 640 
0 157 166 263 366 640 
0 157 166 263 366 640 
0 156 166 263 366 640 
0 156 166 263 366 640 
0 156 166 263 366 640 
0 128 130 156 166 263 366 640 
0 127 133 155 166 263 366 640 
0 127 133 155 166 263 366 640 
0 127 134 155 166 263 366 640 
0 128 134 155 166 263 366 640 
0 128 134 155 166 262 357 358 366 640 
0 128 134 154 166 262 356 359 366 640 
0 128 134 154 166 262 356 359 366 640 
0 128 134 153 166 262 356 359 366 640 
0 128 134 152 166 262 356 359 366 640 
0 128 134 151 166 262 356 359 366 640 
0 128 134 151 159 160 166 262 356 359 366 640 
0 128 134 150 159 160 166 262 356 359 366 640 
0 129 134 149 158 160 167 262 356 359 367 640 
0 129 134 144 158 160 170 262 356 359 367 640 
0 130 134 143 158 163 171 262 356 359 367 640 
0 131 135 143 158 163 172 262 356 359 367 640 
0 131 135 143 158 161 172 262 356 359 367 640 
0 131 135 142 158 160 173 262 357 359 367 640 
0 131 135 142 174 262 357 359 367 640 
0 131 134 142 175 262 357 359 367 640 
0 131 134 142 176 262 358 359 368 640 
0 131 135 142 176 262 369 640 
0 131 135 141 177 262 372 640 
0 132 135 141 177 262 373 640 
0 132 135 141 178 262 374 640 
0 132 135 141 178 262 374 640 
0 132 136 141 178 262 374 640 
0 132 136 141 178 261 373 640 
0 133 138 140 178 261 373 640 
0 133 139 140 179 261 373 640 
0 133 139 140 179 261 373 640 
0 133 180 261 373 640 
0 133 180 260 374 640 
0 132 180 255 376 640 
0 132 180 253 378 640 
0 132 180 253 379 640 
0 131 180 253 380 640 
0 131 180 253 380 640 
0 131 180 253 381 640 
0 130 180 253 381 640 
0 128 180 252 382 640 
0 123 180 252 383 640 
0 120 180 252 384 640 
0 120 180 252 385 640 
0 120 180 252 386 640 
0 121 180 252 387 640 
0 121 179 252 387 640 
0 121 179 252 388 640 
0 121 179 252 389 640 
0 121 178 252 389 640 
0 122 178 252 390 640 
0 123 178 251 391 640 
0 123 177 251 391 640 
0 123 176 250 392 640 
0 124 175 250 393 640 
0 124 174 251 393 640 
0 124 174 253 394 640 
0 125 174 255 394 640 
0 125 174 255 395 640 
0 125 174 254 396 640 
0 125 174 253 396 640 
0 126 174 253 397 640 
0 126 174 252 398 640 
0 126 174 251 398 640 
0 126 174 250 399 640 
0 126 174 250 399 640 
0 125 174 249 400 640 
0 125 174 248 401 640 
0 124 174 247 401 640 
0 125 174 246 402 640 
0 125 174 245 402 640 
0 125 173 245 403 640 
0 125 172 244 403 640 
0 125 172 243 404 640 
0 126 170 242 405 640 
0 126 170 242 405 640 
0 127 169 241 406 640 
0 128 169 240 406 640 
0 129 169 240 406 640 
0 130 170 239 407 640 
0 131 170 239 407 640 
0 131 170 239 408 640 
0 132 170 239 408 640 
0 133 171 239 408 640 
0 131 171 239 409 640 
0 130 170 239 408 640 
0 130 169 239 408 640 
0 130 168 239 408 640 
0 130 167 240 408 640 
0 130 165 240 408 640 
0 130 162 241 408 640 
0 130 140 149 158 241 408 640 
0 130 139 150 155 241 408 640 
0 241 407 640 
0 241 407 640 
0 105 107 130 136 152 153 240 406 640 
0 104 109 115 119 124 157 240 405 640 
0 103 110 115 121 123 159 239 404 640 
0 102 111 115 161 239 404 640 
0 101 112 116 163 175 180 239 404 640 
0 101 113 117 165 174 181 186 192 238 405 640 
0 102 115 117 167 173 194 238 404 640 
0 102 169 172 196 238 404 640 
0 103 170 171 197 238 405 640 
0 105 130 132 199 237 405 640 
0 106 201 237 405 640 
0 107 202 237 405 640 
0 109 204 236 405 640 
0 111 206 236 405 640 
0 113 208 236 405 640 
0 114 210 235 406 640 
0 116 212 235 405 640 
0 119 214 235 405 640 
0 122 216 234 405 640 
0 125 219 234 406 640 
0 129 221 234 406 640 
0 133 223 234 406 640 
0 137 226 233 406 640 
0 142 228 233 406 640 
0 154 231 233 406 640 
0 163 406 640 
0 163 406 640 
0 163 406 640 
0 163 406 640 
0 163 406 640 
0 163 406 640 
0 164 406 640 
0 167 406 640 
0 169 406 640 
0 170 406 640 
0 170 406 640 
0 170 407 640 
0 170 372 374 411 640 
0 171 372 374 416 640 
0 172 372 374 421 640 
0 173 372 375 425 640 
0 175 371 375 430 640 
0 179 371 375 438 640 
0 182 371 375 448 640 
0 188 371 376 461 640 
0 192 371 376 464 640 
0 197 370 376 466 494 517 640 
0 200 370 377 467 488 521 640 
0 202 370 377 467 485 522 640 
0 205 370 378 468 484 523 640 
0 208 256 257 370 378 470 482 523 640 
0 211 255 257 369 378 474 481 522 640 
0 213 254 257 369 379 477 479 513 515 522 528 530 534 536 640 
0 215 253 257 369 379 477 478 511 518 520 527 531 533 537 640 
0 218 252 258 369 380 507 514 515 527 537 640 
0 220 251 258 369 380 505 514 516 526 537 640 
0 223 250 258 370 381 505 513 517 526 537 640 
0 225 248 258 371 382 505 513 518 526 536 640 
0 227 247 259 372 382 506 513 518 526 536 640 
0 229 246 259 372 383 508 513 519 525 535 640 
0 231 244 259 372 384 509 513 519 523 534 640 
0 235 236 237 241 260 372 384 534 640 
0 260 371 385 533 640 
0 260 371 386 532 640 
0 260 370 388 530 640 
0 260 370 389 529 640 
0 261 370 392 528 640 
0 261 369 396 527 640 
0 261 263 264 369 402 526 640 
0 262 263 265 369 408 525 640 
0 262 263 265 370 415 523 640 
0 262 263 265 371 420 522 640 
0 265 372 426 519 640 
0 265 373 429 516 640 
0 266 374 433 514 640 
0 266 375 437 512 640 
0 267 375 440 510 640 
0 267 375 444 508 640 
0 267 375 446 464 467 473 475 506 640 
0 268 375 448 463 470 472 477 504 640 
0 268 375 451 462 480 502 640 
0 268 375 454 461 482 501 640 
0 269 375 485 499 640 
0 269 375 487 497 640 
0 269 375 491 494 640 
0 270 375 640 
0 270 375 640 
0 270 375 640 
0 270 374 640 
0 270 374 640 
0 270 374 640 
0 270 374 640 
0 270 374 640 
0 270 374 640 
0 270 374 640 
0 270 374 640 
0 270 373 640 
0 270 373 640 
0 270 373 640 
0 270 373 640 
0 270 373 640 
0 270 374 640 
0 270 374 640 
0 270 375 640 
0 270 375 640 
0 270 376 640 
0 270 376 640 
0 269 376 640 
0 269 377 640 
0 269 377 640 
0 268 377 640 
0 268 377 640 
0 268 378 640 
0 268 378 640 
0 267 379 640 
0 267 379 640 
0 267 380 640 
0 266 380 640 
0 266 380 640 
0 266 381 640 
0 265 381 640 
0 265 382 640 
0 264 382 640 
0 264 382 640 
0 264 383 640 
0 263 383 640 
0 263 384 640 
0 263 384 640 
0 262 385 640 
0 262 385 640 
0 261 386 640 
0 261 386 640 
0 260 387 640 
0 260 387 640 
0 259 388 640 
0 259 388 640 
0 258 388 640 
0 258 389 640 
0 258 389 640 
0 257 390 640 
0 257 390 640 
0 256 391 640 
0 256 391 640 
0 255 392 640 
0 255 392 640 
0 255 392 640 
0 254 393 640 
0 254 393 640 
0 254 393 640 
0 254 394 640 
0 253 394 640 
0 253 395 640 
0 253 395 640 
0 252 395 640 
0 252 396 640 
0 252 396 640 
0 252 397 640 
0 251 397 640 
0 251 397 640 
0 250 397 640 
0 250 398 640 
0 250 398 640 
0 250 398 640 
0 249 399 640 
0 249 399 640 
0 249 400 640 
0 249 400 640 
0 248 400 640 
0 248 401 640 
0 248 401 640 
0 248 401 640 
0 247 402 640 
0 247 402 640 
0 247 402 640 
0 246 403 640 
0 246 403 640 
0 246 403 640 
0 245 403 640 
0 245 404 640 
0 245 404 640 
0 244 405 640 
0 244 405 640 
0 244 406 640 
0 244 406 640 
0 243 406 640 
0 243 407 640 
0 243 407 640 
0 243 407 640 
0 242 408 640 
0 242 408 640 
0 242 408 640 
0 242 409 640 
0 241 409 640 
0 241 409 640 
0 241 410 640 
0 240 410 640 
0 240 410 640 
0 240 410 640 
0 240 411 640 
0 239 411 640 
0 239 411 640 
0 239 411 640 
0 239 412 640 
0 239 412 640 
0 238 412 640 
0 238 412 640 
0 238 413 640 
0 238 413 640 
0 238 413 640 
0 237 413 640 
0 237 414 640 
0 237 414 640 
0 237 414 640 
0 237 414 640 
