181 640 
181 640 
181 640 
181 640 
181 640 
181 640 
181 640 
181 640 
181 640 
181 640 
181 640 
181 640 
181 640 
181 640 
181 640 
181 640 
181 640 
181 640 
181 640 
181 640 
181 640 
181 640 
181 640 
181 640 
181 640 
181 640 
181 640 
181 640 
181 640 
181 640 
181 640 
181 640 
181 640 
181 640 
181 640 
181 640 
181 640 
181 640 
181 640 
181 640 
181 640 
181 640 
181 640 
181 640 
181 640 
181 640 
181 640 
181 640 
181 640 
181 640 
181 640 
181 640 
181 640 
181 640 
181 640 
181 640 
181 640 
181 640 
181 640 
181 640 
181 640 
181 640 
181 640 
181 640 
181 640 
181 640 
181 640 
181 640 
181 640 
181 640 
181 640 
181 640 
181 640 
181 640 
181 640 
181 640 
181 640 
181 640 
181 640 
181 640 
181 640 
181 640 
181 640 
181 640 
181 640 
181 640 
181 640 
181 640 
181 640 
181 640 
181 640 
181 640 
181 640 
181 640 
181 640 
181 640 
181 640 
181 640 
181 640 
181 640 
181 640 
181 640 
181 640 
181 640 
181 640 
181 640 
181 640 
181 640 
181 640 
181 640 
181 640 
181 640 
181 640 
181 640 
181 640 
181 640 
181 640 
181 640 
181 640 
181 640 
181 640 
181 640 
181 640 
181 640 
181 640 
181 640 
181 640 
181 640 
181 640 
181 640 
181 640 
181 640 
181 640 
181 640 
181 640 
181 640 
181 640 
181 640 
181 640 
181 640 
181 640 
181 640 
181 640 
181 640 
181 640 
181 640 
181 640 
181 640 
181 640 
181 640 
181 640 
181 640 
181 640 
181 640 
181 640 
181 640 
181 640 
181 640 
181 640 
181 640 
181 640 
181 640 
181 380 403 640 
181 372 407 640 
181 365 414 640 
181 360 418 640 
181 355 421 640 
181 351 424 640 
181 349 427 640 
181 346 429 640 
181 343 431 640 
181 340 433 640 
181 338 435 640 
181 335 437 640 
181 334 438 640 
181 332 440 640 
181 331 441 640 
181 329 442 640 
181 328 444 640 
181 319 322 326 445 640 
181 319 445 640 
0 1 181 319 446 640 
0 4 181 320 447 640 
0 6 181 320 447 640 
0 8 181 320 448 640 
0 11 181 321 449 640 
0 13 181 321 450 640 
0 14 181 320 450 640 
0 16 181 320 451 640 
0 17 181 320 451 640 
0 19 181 319 452 640 
0 20 181 319 452 640 
0 21 181 319 452 640 
0 22 181 318 453 640 
0 24 181 318 453 640 
0 25 181 317 453 640 
0 26 181 317 454 640 
0 26 181 317 454 640 
0 27 181 317 454 640 
0 28 181 317 455 640 
0 29 181 317 455 640 
0 30 181 317 455 640 
0 30 181 317 456 640 
0 31 181 317 456 640 
0 32 181 317 457 640 
0 33 181 317 458 640 
0 33 181 317 458 640 
0 34 181 317 458 640 
0 34 181 318 459 640 
0 35 181 318 459 640 
0 35 181 318 459 640 
0 36 181 318 460 640 
0 36 181 319 460 640 
0 37 181 319 460 640 
0 37 181 320 461 640 
0 38 181 320 462 640 
0 38 181 320 462 640 
0 38 181 321 463 640 
0 39 181 321 461 463 464 640 
0 39 181 322 461 640 
0 39 181 322 464 640 
0 40 181 322 464 640 
0 40 181 323 462 640 
0 40 181 324 461 640 
0 40 181 324 461 640 
0 40 181 325 461 640 
0 40 181 326 462 640 
0 41 181 327 463 640 
0 41 181 328 464 640 
0 41 181 328 465 640 
0 41 181 329 466 640 
0 41 181 330 468 640 
0 41 181 330 469 640 
0 41 181 331 471 640 
0 41 181 332 470 562 568 640 
0 41 181 334 463 557 568 573 576 640 
0 41 181 335 463 552 570 572 576 640 
0 41 181 336 464 550 572 640 
0 41 181 337 465 545 572 640 
0 41 181 339 465 539 573 640 
0 41 181 340 458 463 464 531 578 640 
0 41 181 342 462 463 464 523 578 640 
0 41 181 343 473 517 579 640 
0 41 181 345 477 513 579 640 
0 41 181 345 476 509 583 640 
0 40 181 348 475 504 584 640 
0 40 181 348 481 499 584 640 
0 40 181 350 484 496 585 640 
0 40 181 353 486 492 586 640 
0 40 181 354 488 489 587 640 
0 40 181 356 590 640 
0 39 181 358 590 640 
0 39 181 360 591 640 
0 39 181 363 591 640 
0 38 181 242 249 363 592 640 
0 38 181 213 228 240 250 362 593 640 
0 38 181 211 253 361 598 640 
0 37 181 210 264 360 601 640 
0 37 181 210 284 360 603 640 
0 36 181 210 303 358 603 640 
0 36 181 209 325 356 603 640 
0 35 181 209 604 640 
0 35 181 209 606 640 
0 35 181 209 606 640 
0 34 181 210 607 640 
0 33 181 211 607 640 
0 33 181 213 607 640 
0 32 181 215 606 640 
0 31 181 217 604 640 
0 30 181 221 604 640 
0 30 181 241 605 640 
0 29 181 243 255 275 606 640 
0 28 181 245 255 283 326 348 601 603 607 640 
0 28 181 247 255 291 325 360 600 640 
0 26 181 248 257 300 325 363 601 640 
0 25 181 249 256 320 325 366 604 640 
0 24 181 250 254 368 605 640 
0 24 181 369 608 640 
0 22 181 369 609 640 
0 21 181 370 608 611 613 640 
0 20 181 370 607 640 
0 19 181 371 601 604 607 640 
0 18 181 373 600 640 
0 16 181 374 600 640 
0 14 181 374 603 640 
0 12 181 373 604 640 
0 10 181 373 603 640 
0 9 181 374 601 640 
0 6 181 374 488 492 600 640 
0 4 181 374 487 494 594 596 597 640 
0 1 181 375 486 498 594 640 
181 375 485 501 592 640 
181 376 485 505 591 640 
181 377 485 509 590 640 
181 379 485 512 590 640 
181 384 485 518 579 580 581 640 
181 390 485 525 576 640 
181 392 484 531 576 640 
181 394 484 536 576 640 
181 396 484 539 546 548 576 640 
181 398 483 541 550 553 576 640 
181 400 482 544 550 557 575 640 
181 402 481 547 554 558 575 640 
181 404 480 550 575 640 
181 407 479 553 573 640 
181 409 475 556 573 640 
181 413 474 559 574 640 
181 417 473 562 575 640 
181 420 470 565 570 571 573 640 
181 425 466 569 573 640 
181 429 432 437 455 456 464 571 573 640 
181 442 454 640 
181 445 453 640 
181 447 453 640 
181 449 452 640 
181 640 
181 640 
181 640 
181 640 
181 640 
181 640 
181 640 
181 640 
181 640 
181 640 
181 640 
181 640 
181 640 
181 640 
181 640 
181 640 
181 640 
181 640 
181 640 
181 640 
181 640 
181 640 
181 640 
181 640 
181 640 
181 640 
181 640 
181 640 
181 640 
181 640 
181 640 
181 640 
181 640 
181 640 
181 640 
181 640 
181 640 
181 640 
181 640 
181 640 
181 640 
181 640 
181 640 
181 640 
181 640 
181 640 
181 640 
181 640 
181 640 
181 640 
181 640 
181 640 
181 640 
181 640 
181 640 
181 640 
181 640 
181 640 
181 640 
181 640 
181 640 
181 640 
181 640 
181 640 
181 640 
181 640 
181 640 
181 640 
181 640 
181 640 
181 640 
181 640 
181 640 
181 640 
181 640 
181 640 
181 640 
181 640 
181 640 
181 640 
181 640 
181 640 
181 640 
181 640 
181 640 
181 640 
181 640 
181 640 
181 640 
181 640 
181 640 
181 640 
181 640 
181 640 
181 640 
181 640 
181 640 
181 640 
181 640 
181 640 
181 640 
181 640 
181 640 
181 640 
181 640 
181 640 
181 640 
181 640 
181 640 
181 640 
181 640 
181 640 
181 640 
181 640 
181 640 
181 640 
181 640 
181 640 
181 640 
181 640 
181 640 
181 640 
181 640 
181 640 
181 640 
181 640 
181 640 
181 640 
181 640 
181 640 
181 640 
181 640 
181 640 
181 640 
181 640 
181 640 
181 640 
181 640 
181 640 
181 640 
181 640 
181 640 
181 640 
181 640 
181 640 
181 640 
181 640 
181 640 
181 640 
181 640 
181 640 
181 640 
181 640 
181 640 
181 640 
181 640 
181 640 
181 640 
181 640 
181 640 
181 640 
181 640 
181 640 
181 640 
181 640 
