












































































































169 175 
167 178 
166 180 
165 182 
164 184 
163 185 
163 186 
162 188 
162 189 
162 190 
162 191 
162 193 
162 194 
162 195 
162 196 
162 197 
162 198 
162 199 
162 200 
162 201 
163 202 
163 204 
164 205 
164 205 
165 206 
165 207 
166 208 
166 210 
167 210 
167 211 
168 212 
169 213 
169 214 
170 215 
170 215 
171 216 
172 217 
173 218 
174 219 
174 220 
175 221 
176 222 
177 223 
178 224 
179 225 
180 226 
180 227 
181 228 
182 229 
183 230 
184 231 
185 232 
186 233 
186 235 
188 235 
189 236 
190 237 
190 238 
191 239 
193 241 
194 242 
195 243 
195 244 
196 245 
197 246 
198 247 
199 248 
200 249 
201 250 
201 251 
202 252 
203 254 
204 255 
205 256 
206 256 
207 257 
207 259 
208 260 
210 260 
210 262 
211 263 
212 264 
213 265 
214 266 
215 267 
216 268 
217 269 
218 270 
219 271 
220 273 
221 274 
222 275 
222 276 
223 277 
224 278 
225 279 
226 281 
227 282 
228 283 
228 284 
229 285 
230 286 
231 287 
231 289 
232 290 
233 291 
234 292 
235 293 
235 294 
236 295 
237 296 
238 297 
239 298 
239 299 
240 300 
241 301 
242 302 
242 303 
243 304 
244 305 
245 306 
246 307 
246 307 
247 308 
247 309 
248 311 
249 315 
250 320 
250 323 
251 325 
252 327 
253 329 
253 330 
254 330 
223 244 255 331 
219 249 255 332 
214 254 256 333 
212 334 
210 335 
208 336 
206 336 
205 337 
203 338 
202 338 
201 339 
200 340 
199 340 
198 341 
197 341 
197 342 
196 342 
196 343 
195 344 
195 344 
195 345 
194 345 
194 346 
194 346 
194 347 
194 347 
194 348 
194 349 
194 349 
194 350 
194 350 
194 350 
194 351 
194 352 
194 352 
195 353 
195 353 
195 354 
194 354 
192 355 
190 355 
188 356 
186 356 
185 357 
184 357 
182 358 
181 358 
180 359 
179 359 
178 360 
177 360 
176 361 
175 361 
174 362 
174 362 
173 362 
172 363 
171 363 
171 364 
170 364 
170 364 
169 365 
169 365 
168 366 
168 366 
168 367 
167 367 
167 368 
167 368 
167 368 
166 369 
166 369 
166 369 
166 370 
166 370 
166 370 
166 371 
165 371 
165 372 
165 372 
164 372 
164 372 
164 373 
163 373 
163 373 
163 373 
163 374 
163 374 
163 374 
163 374 
162 375 
162 375 
162 375 
162 375 
162 375 
162 376 
162 376 
162 376 
162 376 
162 376 
162 376 
162 377 
162 377 
162 377 
162 377 
162 377 
162 377 
162 377 
162 377 
162 377 
162 377 
162 377 
162 377 
162 377 
162 377 
162 377 
162 378 
162 378 
162 378 
162 378 
162 378 
162 378 
162 378 
163 378 
163 378 
163 378 
163 378 
163 378 
164 378 
164 378 
164 378 
165 378 
165 378 
166 378 
167 378 
168 378 
169 377 
170 378 
171 378 
173 378 
177 186 192 378 
196 378 
204 379 
205 381 
206 383 
206 384 
207 386 
208 387 
208 389 
209 390 
210 392 
210 393 
211 394 
212 396 
212 397 
213 399 
214 400 
214 402 
215 403 
216 405 
216 406 
217 407 
218 409 
218 410 
219 411 
220 413 
221 414 
221 415 
222 417 
223 418 
224 420 
224 421 
225 423 
226 424 
227 425 
227 427 
228 428 
229 429 
230 431 
230 432 
231 434 
232 435 
233 437 
233 438 
234 439 
235 441 
236 442 
237 444 
237 445 
238 446 
239 448 
240 449 
240 450 
241 452 
242 453 
243 455 
243 456 
244 458 
245 459 
246 460 
246 462 
247 463 
248 465 
249 466 
249 467 
250 469 
251 470 
252 472 
252 473 
253 474 
254 476 
255 477 
256 479 
256 480 
257 481 
258 483 
258 484 
259 485 
260 487 
261 488 
262 490 
262 491 
263 492 
264 494 
264 495 
265 497 
266 498 
267 499 
267 501 
268 502 
269 503 
270 505 
271 506 
271 508 
272 509 
273 511 
274 512 
