































































































































































































392 394 
275 320 390 400 
263 331 388 402 
257 340 386 404 
250 347 385 405 
245 354 383 406 
241 359 382 407 
238 362 381 407 
234 366 380 408 
231 370 379 409 
228 374 378 409 
225 410 
223 410 
221 411 
220 411 
218 411 
217 411 
216 412 
215 412 
214 413 
213 413 
212 413 
211 412 
210 412 
210 412 
209 412 
209 412 
209 412 
209 411 
208 411 
208 411 
208 411 
208 411 
208 410 
208 410 
208 410 
207 410 
207 410 
207 409 
207 409 
207 409 
206 409 
206 408 
206 408 
206 407 
206 407 
206 407 
206 407 
206 406 
207 406 
207 406 
207 405 
207 405 
207 405 
207 404 
207 404 
208 404 
208 403 
208 403 
208 403 
208 402 
208 402 
209 402 
209 402 
209 401 
209 401 
209 401 
210 400 
210 400 
210 400 
211 400 
211 399 
211 399 
212 399 
212 399 
212 398 
213 398 
213 397 
213 397 
214 396 
214 396 
215 395 
215 395 
216 395 
216 394 
217 394 
218 393 
218 393 
220 392 
220 391 
220 390 
221 390 
222 389 
223 388 
224 387 
225 386 
226 385 
227 384 
228 384 
230 383 
231 382 
232 381 
234 380 
235 378 
236 376 
237 375 
238 375 
239 372 
240 370 
239 240 241 369 
242 368 
242 366 
244 366 
244 366 
245 365 
246 363 
246 362 
247 361 
248 360 
248 359 
249 359 
249 359 
249 358 
250 357 
250 357 
250 356 
250 356 
251 356 
251 356 
251 355 
252 355 
252 354 
252 354 
252 354 
253 353 
253 353 
253 353 
253 353 
253 353 
253 353 
253 354 
253 354 
252 354 
252 354 
252 355 
252 355 
252 355 
252 355 
252 355 
252 354 
252 354 
252 354 
251 354 
251 353 
251 353 
251 353 
251 353 
251 353 
251 353 
252 353 
252 353 
252 352 
252 352 
255 352 
253 254 257 351 
254 255 259 351 
262 348 349 350 
269 344 
262 265 276 278 280 336 
288 332 
302 317 330 331 336 338 
286 287 288 308 310 312 313 328 
301 304 317 320 



















































































































