0 640 
0 640 
0 640 
0 640 
0 640 
0 640 
0 640 
0 640 
0 640 
0 640 
0 640 
0 640 
0 640 
0 640 
0 640 
0 640 
0 640 
0 640 
0 640 
0 640 
0 640 
0 640 
0 640 
0 640 
0 640 
0 640 
0 640 
0 640 
0 640 
0 640 
0 640 
0 640 
0 640 
0 640 
0 640 
0 640 
0 640 
0 640 
0 640 
0 640 
0 640 
0 640 
0 640 
0 640 
0 640 
0 640 
0 640 
0 640 
0 640 
0 640 
0 640 
0 640 
0 640 
0 640 
0 640 
0 640 
0 640 
0 640 
0 640 
0 640 
0 640 
0 640 
0 640 
0 640 
0 640 
0 640 
0 640 
0 640 
0 640 
0 640 
0 640 
0 640 
0 640 
0 640 
0 640 
0 640 
0 640 
0 640 
0 640 
0 640 
0 640 
0 640 
0 640 
0 640 
0 640 
0 640 
0 640 
0 640 
0 640 
0 322 325 640 
0 320 327 640 
0 320 330 640 
0 319 333 640 
0 319 335 640 
0 307 310 318 337 347 348 640 
0 303 311 318 337 345 350 640 
0 301 312 318 337 344 351 640 
0 299 313 318 337 343 352 640 
0 298 313 317 337 342 352 640 
0 297 314 316 337 340 352 640 
0 296 353 640 
0 296 353 640 
0 295 353 640 
0 295 354 640 
0 295 354 365 367 640 
0 295 355 361 369 640 
0 296 370 640 
0 296 372 640 
0 297 372 640 
0 297 373 640 
0 298 374 640 
0 298 375 640 
0 299 376 640 
0 299 377 640 
0 299 377 640 
0 298 378 640 
0 297 378 640 
0 296 379 640 
0 295 379 640 
0 294 379 640 
0 293 380 640 
0 293 379 640 
0 294 379 640 
0 294 379 640 
0 294 379 640 
0 293 379 640 
0 293 379 640 
0 292 379 640 
0 291 379 640 
0 290 379 640 
0 289 380 640 
0 289 380 640 
0 288 381 640 
0 288 382 640 
0 287 383 640 
0 287 385 640 
0 286 388 640 
0 286 389 640 
0 286 390 640 
0 285 389 640 
0 285 388 640 
0 285 388 640 
0 285 387 640 
0 285 387 640 
0 285 387 640 
0 284 387 640 
0 284 388 640 
0 284 388 640 
0 284 388 640 
0 285 388 640 
0 285 388 640 
0 284 388 640 
0 284 388 640 
0 284 388 640 
0 283 388 640 
0 283 388 640 
0 285 388 640 
0 286 388 640 
0 287 388 640 
0 287 388 640 
0 287 388 640 
0 287 388 640 
0 287 388 640 
0 287 291 293 388 640 
0 287 291 294 388 640 
0 289 291 294 388 640 
0 290 291 294 388 640 
0 294 388 640 
0 294 388 640 
0 294 388 640 
0 294 387 640 
0 293 387 640 
0 293 387 640 
0 293 387 640 
0 293 387 640 
0 293 387 640 
0 293 387 640 
0 293 386 640 
0 292 386 640 
0 292 386 640 
0 291 386 640 
0 293 386 640 
0 293 385 640 
0 293 385 640 
0 293 385 640 
0 293 385 640 
0 293 385 640 
0 293 384 640 
0 293 384 640 
0 293 297 298 384 640 
0 293 296 298 384 640 
0 292 296 298 383 640 
0 292 295 298 383 640 
0 292 295 298 303 304 383 640 
0 292 294 298 303 304 383 640 
0 292 293 298 302 304 383 640 
0 292 293 298 302 304 306 308 383 640 
0 298 302 304 306 308 383 640 
0 298 302 304 305 308 376 377 384 640 
0 298 301 309 376 378 384 640 
0 298 301 309 376 378 384 640 
0 298 301 309 376 379 384 640 
0 298 301 310 375 379 382 640 
0 298 301 311 313 315 375 379 382 640 
0 298 301 311 313 316 375 379 382 640 
0 298 301 312 313 317 375 380 382 640 
0 298 301 312 313 317 372 373 375 381 382 640 
0 298 301 318 372 640 
0 297 301 319 372 640 
0 297 301 320 360 362 372 640 
0 297 301 320 360 363 371 640 
0 297 301 319 356 364 371 640 
0 263 264 297 302 318 356 364 371 640 
0 262 265 297 302 317 356 364 369 640 
0 262 265 297 302 317 355 364 369 640 
0 261 268 297 301 315 355 364 365 366 368 640 
0 261 269 297 301 315 355 367 368 640 
0 260 270 297 301 313 357 367 368 640 
0 260 270 287 293 297 301 312 359 640 
0 259 271 280 301 310 359 640 
0 258 301 308 359 640 
0 258 302 305 359 640 
0 257 359 640 
0 256 359 640 
0 255 360 640 
0 255 360 640 
0 254 361 640 
0 254 361 640 
0 253 362 640 
0 252 362 640 
0 205 209 212 213 252 362 640 
0 201 214 251 362 640 
0 198 218 251 362 640 
0 198 220 250 362 640 
0 197 221 250 362 640 
0 197 221 250 362 640 
0 197 222 236 238 249 362 640 
0 196 223 234 239 249 362 640 
0 196 225 231 244 248 362 640 
0 195 246 248 362 640 
0 195 362 640 
0 194 362 640 
0 193 362 640 
0 192 361 640 
0 190 361 640 
0 187 361 640 
0 185 360 640 
0 183 360 640 
0 181 360 640 
0 179 359 640 
0 176 359 640 
0 175 358 640 
0 173 358 640 
0 171 358 640 
0 169 357 640 
0 168 357 640 
0 149 150 166 357 640 
0 148 153 165 357 640 
0 149 156 163 356 640 
0 149 356 640 
0 150 356 640 
0 151 356 640 
0 152 355 640 
0 153 355 640 
0 154 355 640 
0 154 194 196 355 640 
0 153 189 196 355 640 
0 152 180 182 183 197 354 640 
0 152 176 178 179 197 211 213 354 640 
0 152 166 198 210 214 354 640 
0 152 159 160 162 199 209 215 218 220 353 640 
0 152 155 200 209 216 218 221 353 640 
0 201 205 221 353 640 
0 222 353 640 
0 222 352 640 
0 223 240 242 352 640 
0 225 239 242 352 640 
0 228 239 242 351 640 
0 229 238 241 351 640 
0 230 238 241 351 640 
0 231 236 241 351 640 
0 233 235 240 350 640 
0 240 350 640 
0 240 350 640 
0 240 350 640 
0 240 349 640 
0 240 349 640 
0 239 349 640 
0 239 348 640 
0 239 348 640 
0 239 348 640 
0 239 348 640 
0 239 347 640 
0 239 267 269 347 640 
0 239 266 269 347 640 
0 239 266 269 346 640 
0 239 265 269 346 640 
0 239 265 269 346 640 
0 240 264 269 346 640 
0 241 264 269 345 640 
0 242 262 269 345 640 
0 243 261 269 345 640 
0 244 258 269 345 640 
0 246 255 269 345 640 
0 248 253 269 344 640 
0 269 344 640 
0 269 344 640 
0 269 343 640 
0 269 343 640 
0 269 343 640 
0 268 343 640 
0 268 343 640 
0 268 342 640 
0 268 342 640 
0 268 342 640 
0 268 342 640 
0 268 342 640 
0 268 341 640 
0 268 341 640 
0 268 341 640 
0 268 341 640 
0 268 341 640 
0 268 341 640 
0 268 341 640 
0 268 341 640 
0 267 341 640 
0 267 341 640 
0 267 341 640 
0 267 341 640 
0 267 341 640 
0 267 341 640 
0 266 342 640 
0 266 343 640 
0 266 345 640 
0 266 346 640 
0 265 347 640 
0 265 348 640 
0 265 349 640 
0 265 350 640 
0 264 351 640 
0 264 352 640 
0 264 353 640 
0 263 356 640 
0 263 359 640 
0 263 360 640 
0 263 363 640 
0 264 365 640 
0 265 366 640 
0 266 368 640 
0 266 370 640 
0 266 372 640 
0 265 373 640 
0 264 375 640 
0 264 377 640 
0 263 379 640 
0 263 380 640 
0 262 382 640 
0 262 383 640 
0 261 385 640 
0 260 386 640 
0 260 388 640 
0 260 389 640 
0 259 390 640 
0 259 392 640 
0 258 393 640 
0 258 393 640 
0 258 393 640 
0 257 393 640 
0 257 393 640 
0 256 393 640 
0 256 393 640 
0 255 393 640 
0 255 393 640 
0 255 393 640 
0 255 392 640 
0 254 392 640 
0 254 392 640 
0 254 392 640 
0 253 392 640 
0 253 392 640 
0 253 391 640 
0 253 391 640 
0 252 391 640 
0 252 391 640 
0 252 390 640 
0 251 390 640 
0 251 389 640 
0 251 389 640 
0 250 388 640 
0 250 388 640 
0 250 387 640 
0 249 387 640 
0 249 386 640 
0 249 385 640 
0 248 385 640 
0 248 384 640 
0 248 383 640 
0 247 383 640 
0 247 382 640 
0 247 381 640 
0 246 381 640 
0 246 380 640 
0 246 379 640 
0 245 378 640 
0 245 377 640 
0 244 376 640 
0 244 368 369 375 640 
0 244 368 369 374 640 
0 243 372 640 
0 243 369 640 
0 243 369 640 
0 243 369 640 
0 242 369 640 
0 242 369 640 
0 242 369 640 
0 241 370 640 
0 241 370 640 
0 241 370 640 
0 240 370 640 
0 240 370 640 
0 240 370 640 
0 240 370 640 
0 239 371 640 
0 239 371 640 
0 239 371 640 
0 239 371 640 
0 238 371 640 
0 238 371 640 
0 238 371 640 
0 238 372 640 
0 238 372 640 
0 238 372 640 
0 238 372 640 
0 237 372 640 
0 238 372 640 
0 238 372 640 
0 238 372 640 
0 238 373 640 
0 238 373 640 
0 238 373 640 
0 239 373 640 
0 239 373 640 
0 239 374 640 
0 238 374 640 
0 238 374 640 
0 238 375 640 
0 237 375 640 
0 237 375 640 
0 236 376 640 
0 235 376 640 
0 234 377 640 
0 234 377 640 
0 234 377 640 
0 233 378 640 
0 233 378 640 
0 233 379 640 
0 232 379 640 
0 231 379 640 
0 230 380 640 
0 230 380 640 
0 229 381 640 
0 229 381 640 
0 229 382 640 
0 229 382 640 
0 229 383 640 
0 229 383 640 
0 230 384 640 
0 230 384 640 
0 230 385 640 
0 231 385 640 
0 231 386 640 
0 232 386 640 
0 233 386 640 
0 233 387 640 
0 234 387 640 
0 235 387 640 
0 236 388 640 
0 237 388 640 
0 238 388 640 
0 238 388 640 
