














































































































































































340 341 
340 342 
339 342 
336 337 339 344 529 530 
336 345 528 532 
336 344 529 533 
336 343 530 534 
138 140 335 343 529 535 
137 141 333 344 530 536 
137 141 333 345 531 536 
136 141 334 344 532 537 
133 142 334 344 532 537 
133 142 331 343 532 537 
133 143 330 342 532 537 
134 144 328 342 525 527 531 537 
134 144 326 342 525 528 530 537 
134 145 324 343 525 536 
134 145 323 343 526 536 
134 146 321 344 526 535 
133 147 310 313 319 344 526 536 
133 148 309 314 318 345 525 537 
133 148 308 346 524 538 
132 148 308 346 523 539 
132 148 308 347 522 541 
131 148 309 347 521 542 
129 148 310 348 520 543 
128 148 310 348 519 544 
127 148 310 349 518 545 
125 148 311 350 517 548 
124 148 311 352 515 551 
123 149 312 352 515 554 
122 150 312 352 508 510 513 555 
121 151 311 352 508 556 
120 152 311 357 507 557 
119 153 310 357 506 559 
118 154 309 357 502 560 
111 155 309 357 501 560 
108 155 308 356 501 560 
107 158 308 354 501 560 
107 161 308 353 501 560 
107 162 307 352 502 560 
109 165 307 351 502 559 
110 165 307 351 503 558 
110 165 307 351 504 557 
111 164 308 351 505 556 
111 163 308 351 506 556 
112 163 309 352 507 555 
112 162 309 352 508 555 
113 162 310 352 509 555 
113 161 311 352 509 555 
114 161 311 352 508 556 
113 160 312 352 508 556 
113 160 313 352 507 557 
113 161 313 352 507 557 
112 162 313 352 507 558 
112 162 282 285 313 352 506 558 
112 162 279 280 281 286 287 290 313 352 506 558 
112 163 255 257 278 291 312 353 506 558 
112 163 253 259 277 291 312 353 506 558 
112 163 253 260 277 292 312 353 506 558 
112 164 252 261 277 292 312 353 506 558 
112 164 252 262 277 292 312 353 506 558 
112 164 251 264 277 293 294 306 311 353 506 558 
113 164 251 266 278 354 506 558 
114 165 251 269 278 354 506 558 
115 165 251 354 506 558 
116 165 251 312 316 354 506 558 
118 166 251 311 316 354 506 558 
119 166 251 300 307 312 313 350 351 354 507 557 
120 166 251 299 306 350 351 354 507 557 
121 167 251 300 305 353 507 557 595 600 
121 167 251 353 508 557 589 602 
122 166 251 353 508 557 583 603 
122 166 251 351 509 557 579 604 
122 166 251 351 509 556 573 604 
122 167 252 270 272 277 278 356 510 555 566 604 
123 166 252 268 272 277 278 356 510 557 559 605 
123 166 252 267 272 356 511 605 
124 166 253 266 272 357 511 595 596 605 
124 166 253 265 273 357 511 591 593 595 596 606 
125 165 253 265 274 357 512 583 589 595 601 602 
125 165 254 264 274 357 512 583 
126 164 255 264 275 357 509 579 
127 163 256 263 276 356 458 467 504 570 
127 159 160 162 257 262 275 355 455 468 500 568 
125 159 258 261 275 355 452 469 494 561 
123 158 275 354 451 470 490 559 563 566 
122 149 153 156 275 354 451 471 483 558 561 566 
121 149 275 354 451 473 478 572 
121 150 274 353 451 573 574 577 
120 150 274 353 450 579 
120 151 273 352 450 581 
120 151 273 351 450 582 
120 151 273 350 450 583 
120 152 272 302 303 350 451 585 
120 156 272 296 303 349 452 587 
120 157 271 295 302 348 452 589 
119 157 271 293 302 347 453 481 484 590 
118 157 271 291 302 346 453 479 483 592 
117 157 271 289 302 344 453 476 478 479 482 592 
116 157 271 288 302 342 454 475 480 594 
115 157 271 286 302 342 455 476 479 595 
115 158 272 284 302 342 455 476 478 595 
115 158 273 283 302 341 456 596 
114 158 274 281 302 341 457 599 
114 158 302 341 458 598 
114 157 302 340 459 598 599 600 
113 157 302 340 460 597 599 600 
113 156 302 340 460 597 599 601 
112 156 302 340 461 597 
111 156 302 341 462 590 596 597 
110 157 302 341 462 589 
110 157 303 342 463 588 
109 157 303 342 463 498 501 587 
108 157 303 342 464 496 501 549 551 584 585 586 
108 157 303 343 465 494 501 547 553 579 
107 157 304 343 465 493 501 547 555 575 
106 157 304 344 466 492 501 547 556 573 
106 157 304 344 466 490 500 547 558 572 
104 156 305 344 467 489 500 547 562 569 
102 156 305 345 468 486 500 547 
100 155 306 345 469 485 500 547 
99 155 306 345 471 482 500 547 
97 154 307 344 472 481 499 547 
95 153 307 343 499 547 
93 153 308 341 499 547 
91 153 308 341 499 547 
89 153 308 341 498 547 
87 153 308 342 498 546 
85 153 308 342 498 546 
82 153 307 342 497 546 
80 112 115 153 306 342 497 546 
79 110 115 153 306 343 497 545 
78 108 115 153 305 343 497 545 
77 106 116 153 304 344 496 544 
77 104 116 153 304 344 496 544 
34 41 75 103 116 153 303 345 496 543 
26 44 70 101 117 154 303 345 495 543 
19 45 62 99 117 155 302 345 495 542 
14 46 54 97 117 155 302 346 495 542 
7 46 52 95 118 156 302 346 495 541 
1 46 51 94 118 156 301 346 495 541 
0 46 50 93 118 157 301 347 495 541 
0 47 49 91 119 157 300 347 495 540 
0 90 118 157 300 347 496 540 
0 57 61 88 115 156 300 347 497 539 
0 56 64 82 84 87 112 156 299 348 497 539 
0 57 68 82 111 156 299 348 498 539 
0 59 67 76 78 81 105 108 110 156 299 348 498 537 
0 62 66 75 79 80 105 156 298 348 498 538 
0 65 66 74 105 157 298 348 498 539 
0 72 103 158 298 348 497 539 
0 72 81 93 96 159 297 348 497 540 
0 75 79 160 297 348 496 541 
0 76 77 160 297 349 495 541 
0 161 296 349 495 542 
0 162 296 349 494 543 
0 163 296 349 494 543 
0 163 296 349 494 544 
0 164 295 349 493 544 
0 164 295 349 493 545 
0 165 295 349 493 545 
0 105 107 122 124 165 294 350 492 546 
0 105 108 120 124 166 294 350 492 546 
0 112 115 118 123 166 293 350 492 547 
0 111 123 166 293 350 492 547 
0 113 122 167 293 350 492 548 
0 115 122 167 292 350 492 548 
3 119 122 167 292 350 492 549 
5 120 121 168 292 350 491 549 
8 168 292 351 491 550 
10 169 291 351 491 550 
12 169 291 351 491 551 
15 169 291 351 491 551 
17 170 290 352 491 552 
20 170 290 352 490 552 
22 170 290 352 490 553 
24 171 289 352 490 553 
26 171 289 352 490 554 
29 172 288 352 490 554 
32 172 288 353 490 555 
34 172 287 353 490 556 
36 173 286 353 489 556 
38 173 286 353 489 557 
41 173 285 353 489 557 
44 174 284 353 489 558 
46 174 284 353 488 559 
48 175 283 354 488 559 
50 175 282 354 488 560 
53 175 282 354 488 561 
55 176 281 354 488 562 
58 176 280 354 487 562 
60 177 279 354 487 563 
62 177 279 354 487 564 
64 177 278 354 487 565 
67 178 277 354 487 567 
69 178 277 354 487 568 
72 178 276 354 486 569 
74 178 276 354 486 570 
77 179 276 354 486 570 
79 179 276 354 486 571 
81 179 276 354 486 572 
84 179 276 354 485 573 
86 179 276 354 485 574 
88 179 276 353 485 574 
91 180 276 353 485 575 
93 180 276 353 485 576 
96 180 277 353 485 577 
98 180 278 353 485 578 
100 180 279 352 484 579 
107 181 280 352 484 580 
107 181 282 351 484 580 
107 181 284 351 483 581 
107 181 286 350 483 581 
107 181 287 350 483 581 
107 181 291 349 483 582 
107 181 292 349 483 582 
106 181 295 348 483 582 
106 181 297 348 484 582 
107 181 297 348 484 583 
107 181 303 349 484 583 
108 181 303 348 485 581 
108 181 302 318 320 348 485 580 
109 180 302 317 333 349 485 580 
111 178 302 317 334 349 485 579 
113 176 302 317 334 350 486 576 
118 173 302 317 335 350 486 575 
119 171 301 317 335 350 487 574 
119 170 301 317 335 351 488 571 
118 167 301 317 336 351 488 570 
118 165 301 317 336 352 489 569 
117 163 301 317 336 352 490 567 
117 153 301 317 336 352 491 565 
116 150 301 317 337 353 492 560 562 563 
116 146 301 317 337 353 493 560 
115 142 301 317 337 353 494 559 
115 141 301 317 337 353 495 559 
114 140 301 317 337 353 496 559 
114 140 301 317 337 353 499 559 
113 139 301 316 338 353 500 559 
113 139 302 316 338 353 501 559 
113 138 302 316 338 353 501 538 539 559 
112 138 302 316 338 353 501 528 540 559 
112 138 302 316 338 353 501 522 541 559 
112 138 302 316 339 352 502 522 541 560 
111 139 302 316 339 352 502 521 541 560 
111 139 302 315 339 352 502 521 542 560 
111 140 303 315 339 352 502 521 542 560 
111 140 303 315 340 352 502 521 542 560 
110 141 303 315 340 352 503 521 543 560 
110 141 303 315 340 352 503 521 543 561 
110 142 303 315 340 351 503 521 543 561 
110 142 304 315 341 352 502 521 544 561 
110 143 304 315 340 352 502 521 544 561 
110 143 304 315 340 352 502 521 545 562 
110 144 304 315 340 353 501 521 545 562 
110 144 305 315 340 353 501 521 545 562 
110 144 305 315 340 353 500 520 546 563 
110 145 305 316 340 354 500 520 546 563 
111 145 304 316 340 354 499 520 546 563 
111 145 304 316 340 354 499 520 546 563 
112 146 304 317 340 354 499 519 546 564 
112 146 303 317 340 353 498 519 547 564 
113 147 303 317 341 352 498 519 547 564 
114 147 303 317 341 352 498 518 547 564 
115 147 303 317 341 352 498 518 547 564 
115 147 303 317 340 353 498 518 547 564 
116 147 303 316 340 353 498 517 547 564 
117 148 303 316 340 353 497 517 547 565 
118 148 304 315 340 353 497 517 547 565 
119 148 305 315 340 354 497 516 547 565 
120 148 305 315 340 354 497 516 547 565 
121 149 305 315 340 354 497 516 548 565 
122 149 305 315 340 354 497 516 548 565 
123 149 305 316 340 354 497 515 548 565 
124 150 305 316 340 355 497 515 548 565 
125 150 305 317 340 355 497 515 548 565 
126 151 305 317 339 355 497 515 548 565 
127 152 305 317 339 356 497 514 548 565 
128 152 304 318 339 356 497 514 548 565 
129 153 304 318 339 356 498 514 549 565 
130 153 304 318 339 356 498 513 549 565 
131 154 288 302 303 319 338 356 498 513 549 565 
132 156 283 327 338 357 498 513 549 564 
133 158 281 333 338 357 498 513 550 564 
134 159 279 357 498 512 550 564 
134 160 279 357 498 512 550 564 
135 161 279 357 498 512 550 564 
135 161 278 357 498 511 550 564 
136 161 278 357 497 511 551 564 
136 162 278 357 497 511 551 564 
136 161 278 357 497 511 551 564 
136 161 278 357 496 511 551 563 
137 161 278 357 496 511 551 564 
137 161 279 357 495 511 551 564 
137 162 279 358 495 512 551 565 
138 162 280 358 495 512 551 565 
139 163 281 358 495 511 551 565 
140 164 282 358 495 511 551 566 
140 164 283 357 496 511 551 566 
140 166 285 357 496 511 551 566 
140 168 287 356 497 511 551 567 
139 170 289 356 497 511 551 567 
137 171 292 355 497 510 550 567 
137 171 293 355 497 510 550 567 
