

























































































180 183 
180 183 203 216 
179 183 199 219 
178 183 195 222 
177 183 190 191 193 224 
176 183 188 226 
176 183 186 227 
175 229 
175 230 
175 231 
175 231 
175 232 
175 233 
174 234 
173 234 
173 235 
173 236 
173 237 
172 238 
172 239 
171 240 
171 241 
171 242 
172 243 
172 243 
171 243 
171 244 
171 244 
171 244 
171 244 
170 245 
170 245 
170 245 
170 246 
170 247 
170 247 
170 248 
170 249 
171 249 
172 250 
172 250 
173 251 
173 251 
174 251 
175 252 
176 252 
176 179 180 253 
177 179 180 253 
181 253 
181 253 
183 253 
183 253 
181 253 
180 253 
180 252 
180 252 
181 252 
182 252 
183 251 
184 251 
184 251 
185 250 
185 250 
186 250 
187 250 
187 249 
188 249 
188 248 
189 248 
189 247 
190 247 
191 247 
192 246 
193 237 238 243 
193 237 238 243 
194 230 231 235 238 243 
194 230 232 235 241 242 
193 229 232 234 
188 228 
185 228 
184 226 
183 225 
183 225 
183 226 
183 226 
183 227 
184 228 
185 229 
185 229 
186 229 
186 229 
186 230 
185 230 
182 230 
181 230 
180 231 
179 231 
178 231 
177 232 
176 232 
175 232 
174 232 
173 233 
173 233 
172 233 
171 233 
170 234 
170 234 
169 234 
169 234 
169 235 
169 235 
168 235 
167 235 
166 235 
165 235 
164 235 
164 235 
163 234 
162 234 
162 234 
161 234 
161 233 
160 233 
160 233 
160 233 
160 233 
160 233 
160 233 
160 232 
160 232 
160 234 
161 235 
161 236 
162 237 
162 236 
163 235 
164 233 
165 232 
166 232 
169 232 
170 232 
171 232 
172 232 
172 232 
172 233 
172 233 
172 233 
172 233 
172 233 
172 233 
172 233 
172 234 
172 234 
172 234 
172 234 
171 234 
171 234 
171 234 
171 235 
171 235 
171 235 
171 235 
171 235 
170 235 
170 235 
170 235 
169 235 
169 235 
168 235 
168 235 
167 235 
166 235 
166 235 
165 235 
165 235 
165 235 
164 234 
163 234 
162 233 
161 233 
161 232 
161 232 
161 231 
162 231 
162 230 
162 230 
162 229 
162 229 
161 228 
161 228 
161 227 
160 227 
160 226 
160 226 
159 226 
159 225 
158 225 
158 224 
158 224 
157 225 
157 226 
156 227 
156 228 
155 229 
154 230 
152 231 
151 232 
150 233 
150 233 
149 234 
149 231 
149 229 
149 229 
148 230 
148 230 
148 231 
148 231 
147 231 
148 232 
148 232 
148 232 
148 233 
149 233 
150 233 
152 234 
152 234 
152 234 
152 234 
152 235 
151 235 
151 235 
151 236 
151 236 
150 236 
150 237 
150 237 
150 237 
150 237 
149 238 
149 238 
149 238 
148 238 
148 239 
148 239 
148 239 
148 239 
148 240 
147 240 
147 240 
147 240 
147 241 
147 241 
147 241 
147 242 
146 242 
146 242 
146 243 
146 243 
146 243 
146 243 
146 243 
145 244 
145 244 
145 244 
145 244 
145 244 
145 245 
145 245 
144 245 
144 245 
144 246 
144 246 
143 246 
143 246 
143 247 
143 247 
143 247 
143 247 
143 248 
142 248 
142 248 
142 248 
142 248 
142 248 
142 248 
141 249 
141 249 
141 249 
141 249 
141 249 
141 249 
140 249 
140 249 
140 249 
140 249 
140 249 
140 250 
140 250 
139 250 
139 250 
139 250 
139 250 
138 250 
138 250 
138 250 
138 250 
138 250 
138 250 
138 250 
137 251 
137 251 
137 251 
137 251 
137 251 
137 251 
137 252 
136 252 
136 252 
136 252 
136 252 
136 252 
136 252 
136 252 
136 252 
135 252 
135 252 
135 253 516 527 
135 253 513 541 
135 253 512 545 
135 253 511 549 
135 253 510 551 
134 253 509 560 
134 253 509 561 
134 253 508 562 
134 253 508 563 
134 253 507 564 
134 254 508 566 
134 254 508 567 
133 254 508 568 
133 254 508 569 
133 254 508 570 
133 254 508 571 
133 254 508 571 
133 255 508 571 
133 255 508 572 
133 255 507 572 
132 255 507 573 
132 255 507 573 
132 255 506 573 
132 255 506 573 
132 256 506 573 
132 256 506 573 
132 256 505 573 
132 256 505 573 
131 256 505 572 
131 257 505 571 
131 257 504 570 
131 257 504 570 
131 257 504 569 
131 257 503 566 
131 257 503 565 
131 257 503 566 
130 257 502 566 
130 258 502 567 
130 258 502 567 
130 258 502 567 
130 258 501 567 
130 258 501 567 
130 258 501 568 
130 258 501 568 
129 259 500 568 
129 259 499 568 
129 259 497 568 
129 259 494 569 
128 259 489 569 
128 259 480 569 
128 259 472 569 
128 259 466 569 
128 260 464 569 
128 260 462 570 
127 260 461 570 
127 260 461 570 
127 260 460 570 
127 260 460 571 
127 261 459 574 
127 261 459 576 
127 261 459 579 
127 262 458 583 
126 262 458 584 
