0 640 
0 640 
0 640 
0 640 
0 640 
0 640 
0 640 
0 640 
0 640 
0 640 
0 640 
0 640 
0 640 
0 640 
0 640 
0 640 
0 640 
0 640 
0 640 
0 640 
0 640 
0 640 
0 640 
0 640 
0 640 
0 640 
0 640 
0 640 
0 640 
0 640 
0 640 
0 640 
0 640 
0 640 
0 640 
0 640 
0 640 
0 640 
0 640 
0 640 
0 640 
0 640 
0 640 
0 640 
0 640 
0 640 
0 640 
0 640 
0 640 
0 640 
0 640 
0 640 
0 640 
0 640 
0 640 
0 640 
0 640 
0 640 
0 640 
0 640 
0 640 
0 640 
0 640 
0 640 
0 640 
0 640 
0 640 
0 640 
0 640 
0 640 
0 640 
0 640 
0 640 
0 640 
0 640 
0 640 
0 640 
0 640 
0 640 
0 640 
0 640 
0 640 
0 640 
0 640 
0 640 
0 640 
0 640 
0 640 
0 640 
0 640 
0 640 
0 640 
0 411 417 418 420 640 
0 410 423 640 
0 408 424 640 
0 349 354 406 425 640 
0 346 356 404 425 640 
0 345 356 403 425 640 
0 344 357 402 425 640 
0 344 358 401 424 640 
0 343 359 400 424 640 
0 342 359 399 423 640 
0 342 359 398 423 640 
0 341 359 397 422 640 
0 341 360 396 422 640 
0 341 360 395 421 640 
0 341 360 395 420 640 
0 341 360 394 419 640 
0 341 360 393 418 640 
0 341 360 392 417 640 
0 341 360 391 416 640 
0 341 360 391 415 640 
0 341 360 390 414 640 
0 341 360 390 412 640 
0 341 360 389 411 640 
0 341 360 389 410 640 
0 341 360 388 409 640 
0 341 360 388 408 640 
0 341 361 387 406 640 
0 341 361 387 406 640 
0 342 361 387 405 640 
0 342 361 387 404 640 
0 342 361 386 403 640 
0 343 361 386 402 640 
0 343 361 386 402 640 
0 343 362 386 402 640 
0 344 362 386 401 640 
0 344 362 386 401 640 
0 344 362 386 401 640 
0 345 362 386 401 640 
0 345 363 386 401 640 
0 345 363 386 401 640 
0 346 363 386 401 640 
0 346 364 385 401 640 
0 347 364 386 401 640 
0 347 364 387 401 640 
0 348 365 387 401 640 
0 348 365 387 401 640 
0 348 365 387 401 640 
0 349 366 387 401 640 
0 349 366 387 401 640 
0 350 367 387 402 640 
0 350 367 387 402 640 
0 350 367 388 402 640 
0 351 368 388 402 640 
0 352 368 388 402 640 
0 352 369 388 402 640 
0 353 369 388 402 640 
0 353 369 389 402 640 
0 354 370 389 402 640 
0 355 370 389 402 640 
0 355 370 389 403 640 
0 356 371 389 403 640 
0 356 371 388 403 640 
0 357 372 381 403 460 462 640 
0 357 372 377 404 457 463 640 
0 358 373 375 404 455 464 640 
0 358 405 454 465 640 
0 359 406 453 466 640 
0 359 407 452 466 640 
0 360 409 451 467 640 
0 360 410 451 468 640 
0 361 411 450 468 640 
0 361 413 450 469 640 
0 361 414 450 469 640 
0 362 414 449 470 640 
0 362 415 449 470 640 
0 362 416 449 470 640 
0 362 416 448 471 640 
0 361 417 449 471 640 
0 361 417 449 472 640 
0 360 418 449 472 640 
0 360 419 449 473 640 
0 359 419 448 473 640 
0 358 420 448 474 640 
0 357 421 447 474 640 
0 357 421 446 474 640 
0 356 422 445 473 640 
0 355 422 445 473 640 
0 355 422 444 473 640 
0 354 422 443 473 640 
0 354 422 442 472 640 
0 354 422 441 472 640 
0 354 423 441 472 640 
0 354 423 440 472 640 
0 354 423 439 472 640 
0 354 423 439 471 640 
0 354 423 438 471 640 
0 354 423 437 471 640 
0 354 423 436 471 640 
0 354 423 435 470 640 
0 354 423 435 469 640 
0 354 423 434 469 640 
0 354 423 433 468 640 
0 354 423 433 468 640 
0 354 424 432 466 640 
0 354 423 431 465 640 
0 354 423 431 466 640 
0 354 423 430 466 640 
0 354 423 429 463 640 
0 354 423 429 463 464 465 640 
0 354 423 428 462 463 464 640 
0 354 422 427 462 640 
0 354 422 426 461 462 463 640 
0 355 422 424 460 462 463 640 
0 355 460 461 462 640 
0 355 462 640 
0 355 461 640 
0 355 461 640 
0 355 460 640 
0 354 460 640 
0 354 456 458 459 640 
0 354 459 640 
0 354 458 640 
0 354 455 456 458 640 
0 354 454 456 457 640 
0 354 456 640 
0 353 456 640 
0 353 455 640 
0 353 452 453 454 640 
0 353 453 640 
0 352 453 640 
0 352 452 640 
0 352 451 640 
0 352 446 640 
0 352 448 640 
0 352 447 640 
0 351 445 640 
0 351 444 640 
0 351 443 640 
0 351 441 640 
0 351 438 640 
0 351 353 354 437 640 
0 350 352 354 437 640 
0 350 352 353 436 640 
0 353 433 640 
0 353 431 640 
0 353 431 640 
0 352 429 640 
0 352 429 640 
0 352 427 640 
0 351 427 640 
0 351 427 640 
0 351 427 640 
0 351 427 640 
0 351 427 640 
0 351 428 640 
0 351 428 640 
0 350 428 640 
0 350 428 640 
0 350 428 640 
0 349 429 640 
0 349 429 640 
0 349 429 640 
0 348 430 640 
0 347 430 640 
0 347 430 640 
0 347 430 640 
0 346 431 640 
0 346 431 640 
0 345 431 640 
0 345 431 640 
0 345 431 640 
0 344 432 640 
0 344 432 640 
0 343 432 640 
0 343 433 640 
0 343 433 640 
0 342 433 640 
0 342 434 640 
0 342 434 640 
0 341 435 640 
0 340 435 640 
0 340 435 640 
0 340 436 640 
0 339 436 640 
0 339 436 640 
0 339 436 640 
0 338 436 640 
0 338 437 640 
0 338 437 640 
0 337 437 640 
0 337 438 640 
0 336 438 640 
0 336 438 640 
0 335 439 640 
0 335 439 640 
0 335 433 434 439 640 
0 334 432 434 440 640 
0 334 432 435 440 640 
0 333 432 435 440 640 
0 333 432 436 441 640 
0 333 432 436 441 640 
0 332 432 437 442 640 
0 332 433 437 442 640 
0 331 433 438 442 640 
0 331 433 438 443 640 
0 330 433 438 443 640 
0 330 433 439 444 640 
0 330 433 439 444 640 
0 329 433 440 444 640 
0 329 434 441 445 640 
0 329 434 442 445 640 
0 329 434 443 446 640 
0 329 434 443 446 640 
0 328 434 444 446 640 
0 328 435 444 447 640 
0 327 435 445 447 640 
0 327 435 446 448 640 
0 327 435 446 448 640 
0 326 435 447 449 640 
0 326 435 448 449 640 
0 325 436 449 450 640 
0 325 436 640 
0 325 436 640 
0 325 436 640 
0 324 436 640 
0 324 437 640 
0 324 437 640 
0 323 437 640 
0 323 437 640 
0 322 437 640 
0 322 437 640 
0 322 437 640 
0 321 437 640 
0 320 437 640 
0 320 437 640 
0 320 437 640 
0 320 437 640 
0 320 437 640 
0 319 437 640 
0 318 437 640 
0 318 437 640 
0 318 437 640 
0 317 437 640 
0 317 437 640 
0 317 437 640 
0 316 437 640 
0 316 437 640 
0 316 437 640 
0 316 437 640 
0 315 437 640 
0 315 437 640 
0 314 437 640 
0 314 437 640 
0 314 437 640 
0 314 437 640 
0 313 437 640 
0 313 437 640 
0 313 437 640 
0 313 437 640 
0 313 437 640 
0 312 437 640 
0 312 437 640 
0 312 437 640 
0 312 437 640 
0 312 316 317 437 640 
0 311 315 317 437 640 
0 311 315 316 437 640 
0 311 315 316 437 640 
0 311 315 316 437 640 
0 310 314 315 437 640 
0 310 314 315 437 640 
0 310 314 315 437 640 
0 310 437 640 
0 310 436 640 
0 309 313 314 435 640 
0 309 313 314 432 640 
0 309 312 313 431 640 
0 309 312 313 430 640 
0 308 311 313 430 640 
0 308 310 312 430 640 
0 312 430 640 
0 312 429 640 
0 312 429 640 
0 311 429 640 
0 311 429 640 
0 311 430 640 
0 311 430 640 
0 310 431 640 
0 310 431 640 
0 309 432 640 
0 309 433 640 
0 309 433 640 
0 309 434 640 
0 310 311 312 435 640 
0 312 435 640 
0 311 436 640 
0 311 437 640 
0 311 437 640 
0 311 312 313 438 640 
0 314 439 640 
0 314 440 640 
0 313 440 640 
0 313 439 640 
0 313 432 433 435 640 
0 315 425 640 
0 315 423 640 
0 315 423 640 
0 314 322 323 379 381 423 640 
0 314 378 380 422 640 
0 314 315 316 321 322 374 375 378 380 422 640 
0 316 320 322 373 374 377 381 422 640 
0 317 319 322 336 337 372 373 376 382 422 640 
0 322 327 329 335 337 371 373 375 382 422 640 
0 321 327 329 335 337 370 382 421 640 
0 321 326 329 334 336 364 365 369 382 421 640 
0 321 325 328 334 336 363 365 367 382 421 640 
0 321 325 329 333 335 362 382 421 640 
0 321 324 329 332 335 355 357 361 382 421 640 
0 328 332 334 355 356 360 382 421 640 
0 328 331 334 354 355 360 382 421 640 
0 328 330 334 353 356 359 382 420 640 
0 327 330 334 352 382 420 640 
0 327 329 333 340 341 349 350 351 382 420 640 
0 333 338 341 347 382 420 640 
0 334 336 341 346 383 420 640 
0 341 342 383 420 640 
0 383 420 640 
0 383 420 640 
0 383 420 640 
0 383 420 640 
0 383 420 640 
0 383 421 640 
0 383 421 640 
0 383 421 640 
0 383 421 640 
0 383 421 640 
0 383 421 640 
0 383 421 640 
0 383 422 640 
0 383 422 640 
0 383 422 640 
0 383 422 640 
0 383 422 640 
0 382 422 640 
0 382 422 640 
0 382 422 640 
0 382 423 640 
0 382 423 640 
0 382 423 640 
0 382 423 640 
0 382 423 640 
0 382 423 640 
0 382 423 640 
0 382 423 640 
0 382 424 640 
0 382 424 640 
0 382 424 640 
0 382 424 640 
0 382 424 640 
0 382 424 640 
0 382 425 640 
0 382 425 640 
0 382 425 640 
0 382 425 640 
0 382 425 640 
0 382 425 640 
0 382 425 640 
0 382 425 640 
0 382 426 640 
0 382 426 640 
0 382 426 640 
0 382 426 640 
0 382 426 640 
0 382 426 640 
0 382 426 640 
0 382 427 640 
0 382 427 640 
0 382 427 640 
0 382 427 640 
0 382 427 640 
0 382 427 640 
0 382 427 640 
0 381 427 640 
0 381 427 640 
0 381 427 640 
0 381 427 640 
0 381 427 640 
0 381 426 640 
