0 640 
0 640 
0 640 
0 640 
0 640 
0 640 
0 640 
0 640 
0 640 
0 640 
0 640 
0 640 
0 640 
0 640 
0 640 
0 640 
0 640 
0 640 
0 640 
0 640 
0 640 
0 640 
0 640 
0 640 
0 640 
0 640 
0 640 
0 640 
0 640 
0 640 
0 640 
0 640 
0 640 
0 640 
0 640 
0 640 
0 640 
0 640 
0 640 
0 640 
0 640 
0 640 
0 640 
0 640 
0 640 
0 640 
0 640 
0 640 
0 640 
0 640 
0 640 
0 640 
0 640 
0 640 
0 640 
0 640 
0 640 
0 640 
0 640 
0 640 
0 640 
0 640 
0 640 
0 640 
0 640 
0 640 
0 640 
0 640 
0 640 
0 640 
0 640 
0 640 
0 640 
0 640 
0 640 
0 640 
0 640 
0 640 
0 640 
0 640 
0 640 
0 640 
0 640 
0 640 
0 640 
0 640 
0 640 
0 640 
0 640 
0 640 
0 640 
0 640 
0 640 
0 640 
0 640 
0 640 
0 640 
0 640 
0 640 
0 640 
0 640 
0 640 
0 640 
0 640 
0 640 
0 640 
0 640 
0 640 
0 640 
0 640 
0 640 
0 640 
0 640 
0 640 
0 640 
0 640 
0 640 
0 640 
0 640 
0 640 
0 640 
0 640 
0 640 
0 640 
0 640 
0 640 
0 640 
0 640 
0 640 
0 640 
0 640 
0 640 
0 640 
0 640 
0 640 
0 640 
0 640 
0 640 
0 640 
0 640 
0 640 
0 640 
0 640 
0 640 
0 640 
0 640 
0 640 
0 640 
0 640 
0 640 
0 640 
0 640 
0 640 
0 640 
0 640 
0 640 
0 640 
0 640 
0 640 
0 640 
0 640 
0 640 
0 640 
0 640 
0 640 
0 640 
0 640 
0 640 
0 640 
0 640 
0 640 
0 640 
0 640 
0 640 
0 640 
0 640 
0 327 329 640 
0 309 314 323 330 640 
0 308 330 640 
0 308 330 640 
0 308 331 640 
0 308 332 640 
0 301 345 640 
0 292 351 640 
0 288 354 640 
0 285 358 640 
0 281 360 640 
0 277 362 640 
0 276 364 640 
0 275 365 640 
0 274 365 640 
0 273 366 640 
0 272 366 640 
0 272 347 348 365 640 
0 272 348 350 365 640 
0 272 295 297 349 351 364 640 
0 273 293 297 351 352 364 640 
0 273 292 296 364 640 
0 274 291 295 363 640 
0 275 291 294 363 640 
0 275 290 294 362 640 
0 276 289 293 362 640 
0 277 288 292 357 359 360 640 
0 278 287 292 355 640 
0 279 285 291 354 640 
0 291 352 640 
0 290 352 640 
0 290 352 640 
0 290 352 640 
0 290 351 640 
0 290 351 640 
0 290 351 640 
0 290 351 640 
0 290 351 640 
0 291 351 640 
0 291 351 640 
0 291 351 640 
0 291 351 640 
0 291 351 640 
0 291 351 640 
0 291 351 640 
0 291 351 640 
0 291 351 640 
0 291 351 640 
0 291 352 640 
0 291 352 640 
0 292 352 640 
0 292 352 640 
0 292 352 640 
0 292 352 640 
0 292 352 640 
0 292 352 640 
0 292 352 640 
0 292 353 640 
0 292 353 640 
0 292 353 640 
0 292 353 640 
0 291 353 640 
0 291 354 640 
0 291 354 640 
0 290 355 640 
0 290 355 640 
0 289 356 640 
0 289 290 291 354 355 356 640 
0 288 290 291 354 355 357 640 
0 288 289 291 354 356 357 640 
0 287 288 291 354 357 358 640 
0 287 288 291 354 357 358 640 
0 291 354 640 
0 290 354 640 
0 290 355 640 
0 290 355 640 
0 288 354 640 
0 287 354 640 
0 287 355 640 
0 287 355 640 
0 288 355 640 
0 288 355 640 
0 287 355 640 
0 287 355 640 
0 286 355 640 
0 286 356 640 
0 286 356 640 
0 286 356 640 
0 285 357 640 
0 285 357 640 
0 285 357 640 
0 285 357 640 
0 285 357 640 
0 285 357 640 
0 285 357 640 
0 285 357 640 
0 285 357 640 
0 285 358 640 
0 285 358 640 
0 285 358 640 
0 285 358 640 
0 284 358 640 
0 284 358 640 
0 284 358 640 
0 284 358 640 
0 284 358 640 
0 284 359 640 
0 283 359 640 
0 283 359 640 
0 283 359 640 
0 282 360 640 
0 282 360 640 
0 282 360 640 
0 282 361 640 
0 281 361 640 
0 281 361 640 
0 281 361 640 
0 280 362 640 
0 280 362 640 
0 280 362 640 
0 280 362 640 
0 279 363 640 
0 279 363 640 
0 279 363 640 
0 279 363 640 
0 278 364 640 
0 278 364 640 
0 278 364 640 
0 278 365 640 
0 277 365 640 
0 277 365 640 
0 277 366 640 
0 277 366 640 
0 276 366 640 
0 276 366 640 
0 276 367 640 
0 275 367 640 
0 275 367 640 
0 275 368 640 
0 275 368 640 
0 274 368 640 
0 274 369 640 
0 274 369 640 
0 273 369 640 
0 273 370 640 
0 273 370 640 
0 273 370 640 
0 272 371 640 
0 272 371 640 
0 272 371 640 
0 271 372 640 
0 271 372 640 
0 271 372 640 
0 270 373 640 
0 270 373 640 
0 270 373 640 
0 269 374 640 
0 269 374 640 
0 269 374 640 
0 269 375 640 
0 268 375 640 
0 268 375 640 
0 268 376 640 
0 267 376 640 
0 267 376 640 
0 267 377 640 
0 266 377 640 
0 266 377 640 
0 266 378 640 
0 267 378 640 
0 268 377 640 
0 269 376 640 
0 270 374 640 
0 269 373 640 
0 269 373 640 
0 268 373 640 
0 268 373 640 
0 268 374 640 
0 267 374 640 
0 267 374 640 
0 267 375 640 
0 267 375 640 
0 267 272 273 375 640 
0 267 375 640 
0 266 375 640 
0 266 375 640 
0 266 375 640 
0 266 375 640 
0 267 375 640 
0 267 375 640 
0 267 374 640 
0 268 374 640 
0 268 374 640 
0 269 374 640 
0 270 373 640 
0 271 373 640 
0 272 372 640 
0 272 371 640 
0 273 370 640 
0 272 369 640 
0 272 368 640 
0 271 369 640 
0 271 369 640 
0 271 369 640 
0 270 370 640 
0 270 370 640 
0 270 370 640 
0 269 371 640 
0 269 371 640 
0 269 371 640 
0 268 372 640 
0 268 372 640 
0 268 372 640 
0 267 373 640 
0 267 373 640 
0 267 373 640 
0 266 374 640 
0 266 374 640 
0 266 374 640 
0 265 375 640 
0 265 375 640 
0 265 375 640 
0 264 376 640 
0 264 376 640 
0 264 376 640 
0 263 377 640 
0 263 377 640 
0 263 377 640 
0 262 378 640 
0 262 378 640 
0 262 378 640 
0 261 378 640 
0 261 379 640 
0 261 379 640 
0 261 380 640 
0 260 380 640 
0 260 380 640 
0 260 380 640 
0 259 381 640 
0 259 381 640 
0 259 381 640 
0 259 381 640 
0 258 382 640 
0 258 382 640 
0 258 382 640 
0 258 382 640 
0 257 383 640 
0 257 383 640 
0 257 383 640 
0 257 383 640 
0 257 383 640 
0 256 383 640 
0 256 384 640 
0 256 384 640 
0 256 384 640 
0 255 384 640 
0 255 385 640 
0 255 385 640 
0 255 385 640 
0 255 385 640 
0 254 386 640 
0 254 386 640 
0 254 386 640 
0 254 386 640 
0 253 387 640 
0 253 387 640 
0 253 387 640 
0 252 387 640 
0 252 388 640 
0 252 388 640 
0 251 388 640 
0 251 389 640 
0 251 389 640 
0 250 389 640 
0 250 390 640 
0 250 390 640 
0 250 390 640 
0 249 391 640 
0 249 391 640 
0 249 391 640 
0 249 391 640 
0 248 391 640 
0 248 392 640 
0 248 392 640 
0 248 392 640 
0 248 392 640 
0 248 392 640 
0 247 392 640 
0 247 392 640 
0 247 393 640 
0 247 393 640 
0 247 392 640 
0 248 392 640 
0 248 392 640 
0 248 392 640 
0 248 392 640 
0 249 391 640 
0 249 390 640 
0 250 390 640 
0 251 319 321 389 640 
0 252 318 322 388 640 
0 253 317 323 386 640 
0 255 315 325 385 640 
0 256 314 325 384 640 
