0 219 239 640 
0 219 239 640 
0 220 239 640 
0 220 240 640 
0 220 240 640 
0 220 240 640 
0 220 240 640 
0 220 240 640 
0 220 241 640 
0 221 241 640 
0 221 241 640 
0 221 241 640 
0 221 241 640 
0 221 241 640 
0 222 242 640 
0 222 242 640 
0 223 242 640 
0 224 242 640 
0 224 243 640 
0 224 243 640 
0 225 243 640 
0 225 244 640 
0 225 244 640 
0 225 244 640 
0 226 245 640 
0 226 245 640 
0 227 245 640 
0 227 245 640 
0 227 245 640 
0 228 246 640 
0 228 246 640 
0 229 246 640 
0 229 247 640 
0 229 247 640 
0 229 247 640 
0 230 247 640 
0 230 248 640 
0 230 248 640 
0 231 248 640 
0 231 248 640 
0 231 249 640 
0 232 249 640 
0 232 249 640 
0 233 250 640 
0 233 250 640 
0 234 250 640 
0 234 250 640 
0 234 251 640 
0 234 251 640 
0 235 251 640 
0 235 252 640 
0 235 252 640 
0 236 252 640 
0 236 253 640 
0 236 253 640 
0 237 253 640 
0 238 253 640 
0 238 254 640 
0 238 254 640 
0 238 254 640 
0 239 255 640 
0 239 255 640 
0 239 255 640 
0 240 255 640 
0 240 256 640 
0 240 256 640 
0 240 256 640 
0 240 256 640 
0 240 257 640 
0 240 257 640 
0 240 257 640 
0 241 258 640 
0 241 258 640 
0 241 258 640 
0 241 259 640 
0 241 259 640 
0 241 259 640 
0 242 260 640 
0 242 260 640 
0 242 260 640 
0 242 260 640 
0 242 261 640 
0 242 261 640 
0 242 261 640 
0 242 261 640 
0 243 262 640 
0 243 262 640 
0 243 262 640 
0 244 262 640 
0 244 262 640 
0 244 262 640 
0 244 263 640 
0 244 263 640 
0 244 263 640 
0 244 263 640 
0 245 264 640 
0 245 264 640 
0 245 264 640 
0 245 265 640 
0 245 265 640 
0 246 265 640 
0 246 265 640 
0 246 265 640 
0 246 266 640 
0 246 266 640 
0 246 266 640 
0 247 267 640 
0 247 267 640 
0 247 267 640 
0 248 267 640 
0 248 268 640 
0 248 268 640 
0 248 268 640 
0 248 269 640 
0 248 269 640 
0 248 269 640 
0 248 270 640 
0 249 270 640 
0 249 270 640 
0 249 270 640 
0 249 271 640 
0 250 271 640 
0 250 271 640 
0 250 271 640 
0 250 272 640 
0 250 272 640 
0 251 272 640 
0 251 272 640 
0 251 273 640 
0 252 273 640 
0 252 273 640 
0 252 274 640 
0 253 274 640 
0 253 274 640 
0 253 275 640 
0 253 275 640 
0 254 275 640 
0 254 275 640 
0 254 276 640 
0 255 276 640 
0 255 276 640 
0 256 277 640 
0 256 277 640 
0 256 277 640 
0 257 278 640 
0 257 278 640 
0 257 278 640 
0 257 278 640 
0 258 279 640 
0 258 279 640 
0 258 279 640 
0 259 280 640 
0 259 280 640 
0 259 280 640 
0 259 280 640 
0 260 281 640 
0 260 281 640 
0 260 281 640 
0 260 281 640 
0 261 282 640 
0 261 282 640 
0 261 282 640 
0 262 283 333 336 640 
0 262 283 332 338 437 453 640 
0 262 283 310 311 330 338 431 456 640 
0 263 284 309 313 328 339 426 459 640 
0 263 284 307 313 327 340 422 461 640 
0 263 285 306 314 326 340 420 463 640 
0 263 285 306 315 325 341 416 465 640 
0 264 285 305 316 324 342 412 466 640 
0 264 285 305 317 323 343 410 468 640 
0 264 285 305 319 321 343 407 470 640 
0 265 285 305 344 361 362 405 472 640 
0 265 286 304 345 361 364 403 473 640 
0 265 286 304 346 361 365 401 475 640 
0 265 287 304 348 352 354 361 366 376 384 400 476 640 
0 266 287 304 349 352 355 362 368 373 387 398 478 640 
0 266 287 304 355 362 369 371 389 396 479 640 
0 266 287 304 355 362 391 395 481 640 
0 267 288 304 356 362 482 640 
0 267 288 304 357 361 483 640 
0 267 288 304 358 361 485 640 
0 267 289 303 359 360 486 640 
0 267 289 303 487 640 
0 267 290 303 488 640 
0 267 290 303 488 640 
0 268 291 303 489 640 
0 268 291 302 490 640 
0 268 292 302 490 640 
0 269 293 301 490 640 
0 269 293 295 297 301 491 640 
0 269 298 301 491 640 
0 270 491 640 
0 270 491 640 
0 270 491 640 
0 270 491 640 
0 270 491 640 
0 271 490 640 
0 271 490 640 
0 271 490 640 
0 272 490 640 
0 272 490 640 
0 272 489 640 
0 272 489 640 
0 272 488 640 
0 273 488 640 
0 273 487 640 
0 273 487 640 
0 274 487 640 
0 274 486 640 
0 150 166 274 485 629 
0 24 45 145 193 273 485 590 
0 5 62 137 232 236 240 256 487 551 560 568 
0 1 76 126 490 545 
99 120 












28 49 485 519 
19 55 257 283 481 536 
9 62 237 284 478 545 584 614 
0 69 216 284 473 556 574 633 639 640 
0 75 200 284 418 424 472 640 
0 90 186 285 416 430 470 640 
0 105 171 285 415 436 468 640 
0 112 163 285 415 445 465 640 
0 120 153 285 415 451 455 456 462 640 
0 127 144 285 414 640 
0 285 413 640 
0 286 413 640 
0 286 413 640 
0 286 414 640 
0 286 414 640 
0 286 414 640 
0 287 415 640 
0 287 415 640 
0 287 415 640 
0 287 414 640 
0 287 407 409 414 640 
0 288 408 411 413 640 
0 288 408 640 
0 288 408 640 
0 288 408 640 
0 288 408 640 
0 289 407 640 
0 289 406 640 
0 289 405 640 
0 289 405 640 
0 289 403 640 
0 290 401 640 
0 290 399 640 
0 290 399 640 
0 290 398 640 
0 290 397 640 
0 290 396 640 
0 291 394 640 
0 291 393 640 
0 291 390 640 
0 292 387 640 
0 292 387 640 
0 292 387 640 
0 292 388 640 
0 292 388 640 
0 292 388 640 
0 292 388 640 
0 292 389 640 
0 293 389 640 
0 293 389 640 
0 292 390 640 
0 292 391 640 
0 292 392 640 
0 291 393 640 
0 290 394 640 
0 288 395 640 
0 283 397 640 
0 280 400 640 
0 277 402 640 
0 275 403 640 
0 273 404 640 
0 271 404 640 
0 269 405 640 
0 266 405 640 
0 265 405 640 
0 264 405 640 
0 263 405 640 
0 261 405 640 
0 259 405 640 
0 258 405 640 
0 258 405 640 
0 256 404 640 
0 255 404 640 
0 254 404 640 
0 253 403 640 
0 252 402 640 
0 251 401 640 
0 250 399 640 
0 250 384 386 398 640 
0 249 384 389 395 640 
0 248 384 640 
0 247 385 640 
0 247 385 640 
0 246 385 640 
0 245 385 640 
0 244 386 640 
0 244 386 640 
0 243 386 640 
0 243 387 640 
0 242 388 640 
0 242 388 640 
0 242 389 640 
0 241 390 640 
0 240 391 640 
0 240 392 640 
0 240 393 640 
0 239 394 640 
0 239 395 640 
0 239 397 640 
0 238 398 640 
0 238 399 640 
0 238 400 640 
0 238 400 640 
0 238 401 640 
0 237 402 640 
0 237 403 640 
0 237 404 640 
0 237 405 640 
0 237 405 640 
0 237 406 640 
0 237 407 640 
0 237 407 640 
0 237 408 640 
0 237 409 640 
0 237 410 640 
0 237 410 640 
0 237 411 640 
0 237 411 640 
0 237 412 640 
0 237 413 640 
0 238 413 640 
0 238 414 640 
0 238 414 640 
0 239 414 640 
0 239 415 640 
0 239 415 640 
0 240 415 640 
0 240 416 640 
0 240 416 640 
0 240 417 640 
0 241 417 640 
0 241 417 640 
0 242 418 640 
0 242 418 640 
0 243 418 640 
0 243 418 640 
0 244 418 640 
0 244 419 640 
0 245 419 640 
0 245 419 640 
0 246 419 640 
0 246 419 640 
0 247 419 640 
0 247 420 640 
0 248 420 640 
0 249 420 640 
0 249 420 640 
0 250 420 640 
0 250 420 640 
0 251 420 640 
0 251 420 640 
0 252 420 640 
0 253 419 640 
0 253 419 640 
0 254 419 640 
0 254 419 640 
0 255 419 640 
0 256 419 640 
0 256 419 640 
0 257 418 640 
0 258 418 640 
0 258 418 640 
0 259 418 640 
0 259 418 640 
0 260 417 640 
0 261 417 640 
0 261 417 640 
0 262 416 640 
0 263 416 640 
0 263 416 640 
0 264 415 640 
0 265 415 640 
0 265 415 640 
0 266 414 640 
0 267 414 640 
0 267 413 640 
0 268 413 640 
0 269 412 640 
0 270 412 640 
0 270 411 640 
0 271 410 640 
0 272 410 640 
0 273 410 640 
0 274 409 640 
0 274 408 640 
0 275 408 640 
0 276 408 640 
0 277 409 640 
0 278 409 640 
0 279 409 640 
0 280 410 640 
0 281 410 640 
0 282 411 640 
0 284 411 640 
0 285 412 640 
0 286 414 640 
0 288 415 422 423 640 
0 290 424 640 
0 292 395 396 424 640 
0 295 393 398 424 640 
0 298 391 399 423 640 
0 301 389 400 422 640 
0 304 387 401 421 640 
0 310 384 402 420 640 
0 316 381 402 420 640 
0 321 377 401 419 640 
0 323 371 400 418 640 
0 324 366 399 417 640 
0 325 357 398 416 640 
0 326 357 397 415 640 
0 327 357 396 415 640 
0 328 357 395 415 640 
0 328 357 395 416 640 
0 327 357 394 416 640 
0 327 357 393 417 640 
0 327 358 393 417 640 
0 326 358 393 399 403 417 640 
0 326 359 396 397 404 418 640 
0 325 359 405 418 640 
0 325 359 407 419 640 
0 324 359 408 419 640 
0 325 360 409 420 640 
0 325 360 409 420 640 
0 325 360 409 420 640 
0 325 360 410 421 640 
0 325 361 410 421 640 
0 326 361 410 422 640 
0 327 361 411 422 640 
0 327 361 411 422 640 
0 328 362 412 423 640 
0 328 362 412 423 640 
0 328 362 413 424 640 
0 328 363 413 424 640 
0 328 363 414 424 640 
0 329 364 414 425 640 
0 329 364 414 425 640 
0 329 364 415 426 640 
0 329 364 415 426 640 
0 330 364 415 427 640 
0 330 365 416 427 640 
0 330 365 416 427 640 
0 330 365 417 428 640 
0 331 365 417 428 640 
0 331 365 417 429 640 
0 332 365 418 429 640 
0 334 365 418 430 640 
0 335 365 419 430 640 
0 342 365 419 431 640 
0 343 366 419 431 640 
0 344 366 420 431 640 
0 345 366 420 432 640 
0 346 366 421 432 640 
0 347 365 421 432 640 
