0 112 180 320 322 415 543 640 
0 111 181 320 322 415 543 640 
0 110 182 318 325 415 543 640 
0 110 182 317 326 415 543 640 
0 110 183 317 326 415 543 640 
0 110 184 315 327 415 543 640 
0 110 185 308 313 314 327 415 543 640 
0 110 185 307 327 415 543 640 
0 110 186 306 326 414 544 640 
0 110 186 305 326 414 544 640 
0 110 186 304 326 413 544 640 
0 110 186 294 298 304 326 413 544 640 
0 109 187 294 299 303 325 413 544 640 
0 110 187 293 299 302 325 413 544 640 
0 110 188 293 300 302 324 413 544 640 
0 110 188 293 324 413 544 640 
0 109 188 293 324 413 544 640 
0 109 189 293 324 413 544 640 
0 109 189 292 323 413 544 640 
0 109 190 292 323 413 544 640 
0 109 190 292 323 412 544 640 
0 109 191 292 323 412 543 640 
0 109 191 292 323 412 543 640 
0 109 192 292 323 412 543 640 
0 108 192 292 322 411 543 589 592 640 
0 108 193 292 322 411 543 588 596 640 
0 108 193 292 321 411 543 587 598 640 
0 108 194 199 200 201 203 291 321 410 542 586 600 640 
0 108 195 198 204 291 321 410 542 586 600 640 
0 108 207 291 320 410 542 585 601 640 
0 108 208 232 237 290 320 409 542 585 601 640 
0 108 210 230 237 290 320 409 542 584 602 640 
0 107 212 216 218 219 237 290 320 409 542 583 602 640 
0 107 238 290 320 408 542 583 603 640 
0 108 238 290 319 407 542 582 603 640 
0 108 239 290 318 404 542 581 603 640 
0 107 239 290 318 404 541 580 604 640 
0 107 239 290 318 404 541 579 605 640 
0 107 239 290 318 404 541 577 605 640 
0 107 239 290 318 403 541 560 561 577 606 640 
0 107 239 290 318 403 541 558 568 576 606 640 
0 107 239 290 318 402 541 558 573 574 606 640 
0 107 239 289 318 402 541 557 606 640 
0 107 239 289 317 401 541 557 606 640 
0 107 239 289 317 401 541 557 607 640 
0 107 238 289 317 400 541 557 607 640 
0 106 238 289 317 398 541 556 607 640 
0 106 237 289 316 397 541 556 607 640 
0 106 236 289 316 395 541 555 607 640 
0 106 236 289 315 394 541 555 607 640 
0 106 236 289 315 393 541 555 607 640 
0 106 236 289 315 392 541 554 606 640 
0 106 236 289 315 391 541 552 606 640 
0 106 235 289 314 390 541 552 606 640 
0 106 235 289 314 389 542 549 606 640 
0 106 235 289 313 389 542 548 606 640 
0 106 234 289 313 388 544 546 606 640 
0 106 234 289 312 387 606 640 
0 106 234 289 311 386 605 640 
0 106 234 289 311 386 605 640 
0 105 234 289 311 385 605 640 
0 103 233 289 311 376 605 640 
0 102 233 289 310 373 605 640 
0 101 233 289 310 372 605 640 
0 78 80 100 234 289 309 371 605 640 
0 75 91 100 234 289 309 370 605 640 
0 74 94 99 235 289 308 370 605 640 
0 72 235 290 307 369 605 640 
0 71 236 290 307 369 605 640 
0 70 236 290 307 369 605 640 
0 70 238 290 307 368 605 640 
0 70 239 290 306 368 605 640 
0 70 238 290 307 367 605 640 
0 69 240 290 306 367 605 640 
0 69 240 291 306 367 605 640 
0 69 240 291 306 366 605 640 
0 68 241 291 306 366 605 640 
0 68 242 291 305 366 605 640 
0 68 242 292 305 366 605 640 
0 67 242 292 305 366 605 640 
0 67 243 292 304 366 605 640 
0 67 244 292 304 366 605 640 
0 66 244 292 304 366 605 640 
0 66 245 292 304 366 605 640 
0 66 248 292 303 366 605 640 
0 65 251 292 302 366 605 640 
0 65 254 292 301 366 605 640 
0 65 255 292 299 366 605 640 
0 64 255 293 298 366 604 640 
0 64 256 293 297 366 604 640 
0 64 256 293 295 366 518 519 603 640 
0 63 257 366 516 520 603 640 
0 63 257 366 516 521 603 640 
0 39 40 62 258 366 516 521 603 640 
0 38 41 62 259 292 294 366 515 521 603 640 
0 38 43 61 259 291 295 366 515 521 603 640 
0 36 45 61 260 294 296 365 516 520 602 640 
0 35 46 61 260 294 296 365 517 519 602 640 
0 34 47 59 261 286 294 364 602 640 
0 33 48 57 261 284 294 364 602 640 
0 32 261 283 294 364 602 640 
0 31 261 282 294 364 602 640 
0 31 261 282 294 364 602 640 
0 30 261 281 294 364 602 640 
0 30 261 280 297 364 602 640 
0 29 262 278 297 364 602 640 
0 29 262 276 297 364 602 640 
0 29 262 275 298 364 602 640 
0 29 263 274 298 364 602 640 
0 29 263 273 298 364 602 640 
0 29 263 272 298 364 602 640 
0 29 263 271 298 364 602 640 
0 29 264 270 299 364 603 640 
0 29 266 270 299 364 603 640 
0 29 298 364 603 640 
0 29 298 364 603 640 
0 29 298 364 604 640 
0 29 298 364 604 640 
0 29 298 364 604 640 
0 29 298 364 604 640 
0 28 298 364 604 640 
0 28 297 364 604 640 
0 28 297 364 604 640 
0 28 297 364 604 640 
0 28 296 364 604 640 
0 28 296 363 604 640 
0 28 296 363 604 640 
0 28 296 363 604 640 
0 28 296 363 604 640 
0 28 296 363 604 640 
0 28 296 363 604 640 
0 28 296 363 604 640 
0 28 296 363 604 640 
0 29 296 363 573 576 604 640 
0 29 297 363 571 578 604 640 
0 29 297 363 562 564 567 568 571 578 604 640 
0 30 297 364 562 578 603 640 
0 31 297 364 560 578 603 640 
0 31 298 364 558 579 603 640 
0 32 298 364 557 579 602 640 
0 32 298 364 555 579 602 640 
0 32 299 364 553 579 602 640 
0 32 299 302 303 304 305 364 550 579 602 640 
0 33 300 301 306 364 548 579 602 640 
0 33 307 364 546 579 602 640 
0 33 307 364 546 579 601 640 
0 33 307 364 545 579 601 640 
0 33 308 365 544 579 600 640 
0 33 309 365 543 579 600 640 
0 33 309 366 542 579 599 640 
0 33 309 366 542 579 598 640 
0 33 309 366 542 580 597 640 
0 33 310 367 542 580 596 640 
0 33 310 367 542 580 595 640 
0 32 310 368 542 640 
0 32 310 369 542 640 
0 31 310 369 542 640 
0 31 311 370 542 640 
0 31 311 371 542 640 
0 31 311 371 542 640 
0 31 282 283 285 287 310 372 542 640 
0 31 281 287 310 373 542 640 
0 31 280 288 310 373 542 640 
0 31 280 289 310 374 542 640 
0 32 279 290 310 374 542 640 
0 33 277 291 309 375 542 640 
0 34 276 291 310 375 542 640 
0 34 275 291 310 375 542 640 
0 35 273 292 310 375 543 640 
0 36 272 292 310 376 543 640 
0 37 270 292 309 376 543 640 
0 38 269 292 309 376 543 640 
0 39 268 293 309 376 543 640 
0 39 268 293 308 376 544 640 
0 40 267 293 307 376 544 640 
0 40 266 293 306 376 545 640 
0 41 265 293 306 377 545 640 
0 42 265 294 305 377 545 640 
0 42 265 294 304 377 546 640 
0 42 264 294 304 377 546 640 
0 43 264 294 303 378 547 640 
0 43 263 296 297 378 547 640 
0 44 262 378 548 640 
0 44 262 379 548 640 
0 45 261 379 549 640 
0 45 260 379 549 640 
0 45 259 379 550 640 
0 46 258 379 550 640 
0 46 257 379 552 640 
0 47 256 379 552 640 
0 47 256 379 553 640 
0 49 255 379 554 640 
0 49 253 379 554 640 
0 50 253 380 555 640 
0 50 254 379 562 640 
0 51 257 376 563 640 
0 51 260 373 564 640 
0 52 262 370 564 640 
0 52 266 366 565 640 
0 53 268 363 566 640 
0 53 271 360 567 640 
0 53 274 358 568 640 
0 54 277 355 569 640 
0 55 280 353 570 640 
0 55 282 352 572 640 
0 55 285 350 573 640 
0 55 287 348 574 640 
0 55 290 347 574 640 
0 55 291 345 575 640 
0 56 293 345 575 640 
0 56 295 344 574 640 
0 57 296 310 322 342 574 640 
0 57 298 307 326 340 574 640 
0 57 299 305 329 338 574 640 
0 57 330 336 573 640 
0 57 332 334 573 640 
0 58 572 640 
0 58 572 640 
0 58 572 640 
0 58 572 640 
0 58 571 640 
0 59 571 640 
0 59 571 640 
0 59 572 640 
0 60 572 640 
0 60 572 640 
0 60 572 640 
0 61 572 640 
0 61 572 640 
0 61 573 640 
0 62 573 640 
0 62 573 640 
0 62 573 640 
0 62 573 640 
0 63 573 640 
0 63 573 640 
0 64 573 640 
0 64 573 640 
0 64 572 640 
0 64 572 640 
0 64 572 640 
0 65 572 640 
0 65 572 640 
0 65 571 640 
0 65 570 640 
0 65 570 640 
0 65 569 640 
0 65 569 640 
0 66 567 568 569 640 
0 66 567 640 
0 67 566 640 
0 68 566 640 
0 55 57 68 565 640 
0 55 57 68 565 640 
0 55 57 69 564 640 
0 55 57 69 564 640 
0 55 59 70 562 640 
0 56 58 70 562 640 
0 70 561 640 
0 70 559 640 
0 70 559 640 
0 70 558 640 
0 70 558 640 
0 67 557 640 
0 67 556 640 
0 66 555 640 
0 65 555 640 
0 65 554 640 
0 65 553 640 
0 64 552 640 
0 63 551 640 
0 62 551 640 
0 60 550 640 
0 59 550 640 
0 58 548 640 
0 58 547 640 
0 58 546 640 
0 59 546 640 
0 59 544 640 
0 60 543 640 
0 60 541 640 
0 61 539 640 
0 63 537 640 
0 64 536 640 
0 66 535 640 
0 68 533 640 
0 70 531 640 
0 72 530 640 
0 75 529 640 
0 75 528 640 
0 74 528 640 
0 74 527 640 
0 74 526 640 
0 74 526 640 
0 73 526 640 
0 73 525 640 
0 73 525 640 
0 73 539 640 
0 73 541 640 
0 73 547 640 
0 74 551 640 
0 74 553 640 
0 75 231 232 554 640 
0 76 231 232 555 640 
0 77 230 232 555 640 
0 78 229 233 556 640 
0 79 229 233 556 640 
0 81 229 233 557 640 
0 83 229 234 557 640 
0 85 229 234 557 640 
0 87 229 234 557 640 
0 89 229 234 557 640 
0 90 229 234 557 640 
0 90 229 234 556 640 
0 91 229 235 556 640 
0 91 229 235 555 640 
0 92 229 235 555 640 
0 92 229 236 398 400 553 640 
0 92 228 236 398 400 552 640 
0 93 228 237 398 400 550 640 
0 93 227 237 398 401 547 640 
0 93 226 237 398 401 544 640 
0 93 225 237 399 401 541 640 
0 94 224 237 399 402 541 640 
0 94 223 236 399 402 540 640 
0 95 191 192 221 236 399 402 540 640 
0 95 191 192 219 236 399 402 539 640 
0 95 190 195 218 236 399 402 538 640 
0 96 190 202 217 236 400 402 538 640 
0 96 190 206 217 236 400 403 537 640 
0 97 189 209 216 235 400 403 536 640 
0 97 189 210 215 235 400 403 536 640 
0 98 189 235 400 403 535 640 
0 98 189 235 400 403 534 640 
0 99 189 235 400 405 533 640 
0 99 189 235 401 406 533 640 
0 100 190 235 401 407 532 640 
0 100 191 234 401 407 531 640 
0 101 192 234 401 408 531 640 
0 102 193 234 401 409 530 640 
0 102 195 234 401 409 529 640 
0 103 195 234 401 410 529 640 
0 104 196 234 401 410 528 640 
0 105 197 234 401 411 527 640 
0 105 198 234 402 411 526 640 
0 107 198 233 402 411 525 640 
0 108 199 233 402 412 524 640 
0 109 200 233 402 413 524 640 
0 110 201 233 402 414 523 640 
0 112 202 233 402 415 522 640 
0 113 203 233 402 417 521 640 
0 115 204 233 402 417 520 640 
0 117 204 233 402 417 519 640 
0 119 205 233 402 417 517 640 
0 121 206 233 403 417 516 640 
0 122 206 232 403 417 515 640 
0 125 207 232 403 416 513 640 
0 127 207 232 403 416 511 640 
0 129 208 232 403 416 509 640 
0 130 208 232 403 415 506 640 
0 132 208 232 403 415 504 640 
0 134 209 232 403 415 501 640 
0 135 209 232 403 414 497 640 
0 135 209 232 403 414 493 640 
0 135 209 232 404 414 490 640 
0 134 210 232 404 413 487 640 
0 133 210 231 404 413 488 640 
0 133 210 231 404 413 489 640 
0 132 210 231 404 413 489 640 
0 132 211 231 404 413 490 640 
0 131 211 231 404 412 491 640 
0 131 211 231 404 412 491 640 
0 130 211 231 404 412 492 640 
0 130 211 230 404 412 492 640 
0 130 211 230 404 412 493 640 
0 131 211 230 404 412 493 640 
0 131 211 230 405 412 494 640 
0 130 211 230 405 412 494 640 
0 130 211 230 405 411 494 640 
0 129 211 230 405 411 494 640 
0 129 212 230 405 412 495 640 
0 128 212 230 405 412 495 640 
0 128 212 230 405 411 495 640 
0 128 212 230 405 411 495 640 
0 127 212 230 405 411 495 640 
0 127 212 230 405 411 496 640 
0 127 212 229 405 411 496 640 
0 127 212 229 405 411 496 640 
0 127 212 229 405 411 496 640 
0 127 212 229 406 411 496 640 
0 128 212 229 406 411 496 640 
0 128 212 229 406 411 496 640 
0 128 212 229 406 411 495 640 
0 128 212 229 406 411 495 640 
0 129 212 229 406 411 495 640 
0 129 212 229 406 411 495 640 
0 129 212 229 406 410 494 640 
0 129 213 229 406 410 494 640 
0 130 213 228 406 410 494 640 
0 130 213 228 406 410 494 640 
0 130 213 228 406 410 493 640 
0 131 213 228 406 410 493 640 
0 131 213 228 407 410 492 640 
0 132 213 228 407 410 492 640 
0 132 214 227 407 410 492 640 
0 133 214 227 407 410 491 640 
0 133 214 224 407 410 491 640 
0 134 214 218 407 410 490 640 
0 134 407 410 490 640 
0 135 407 410 490 640 
0 135 407 410 489 640 
0 136 407 409 488 640 
0 136 407 409 488 640 
0 137 408 409 488 640 
0 137 487 640 
0 138 487 640 
0 139 486 640 
0 139 486 640 
0 140 485 640 
0 140 485 640 
0 141 484 640 
0 142 484 640 
0 142 483 640 
0 143 483 640 
0 143 482 640 
0 144 482 640 
0 145 482 640 
0 145 481 640 
0 145 481 640 
0 146 481 640 
0 146 480 640 
0 147 480 640 
0 147 480 640 
0 148 479 640 
0 148 479 640 
0 148 478 640 
0 149 478 640 
0 149 478 640 
0 149 477 640 
0 150 477 640 
0 150 477 640 
0 150 477 640 
0 151 476 640 
0 151 476 640 
0 151 476 640 
0 152 475 640 
0 152 475 640 
0 152 475 640 
0 153 475 640 
0 153 474 640 
0 153 474 640 
0 153 474 640 
0 154 474 640 
0 154 473 640 
0 154 473 640 
0 155 473 640 
0 155 472 640 
0 155 472 640 
0 155 472 640 
0 156 472 640 
0 156 472 640 
0 156 471 640 
0 157 471 640 
0 157 471 640 
0 157 471 640 
0 157 471 640 
0 158 471 640 
0 158 470 640 
0 158 470 640 
0 158 470 640 
0 158 470 640 
0 159 470 640 
0 159 470 640 
0 159 469 640 
0 159 469 640 
0 160 468 640 
0 160 468 640 
0 160 468 640 
0 160 468 640 
0 160 467 640 
