0 500 
0 500 
0 499 
0 499 
0 499 
0 499 
0 499 
0 499 
0 498 
0 498 
0 498 
0 498 
0 498 
0 498 
0 498 
0 498 
0 498 
0 498 
0 498 
0 498 
0 498 
0 498 
0 498 
0 498 
0 498 
0 498 
0 498 
0 498 
0 498 
0 498 
0 498 
0 498 
0 498 
0 498 
0 498 
0 498 
0 498 
0 498 
0 498 
0 498 
0 498 
0 498 
0 498 
0 498 
0 498 
0 498 
0 498 
0 499 
0 499 
0 499 
0 499 
0 499 
0 500 
0 500 
0 500 
0 500 
0 500 
0 500 
0 500 
0 500 
0 501 
0 501 
0 501 
0 501 
0 501 
0 502 
0 502 
0 502 
0 502 
0 503 
0 503 
0 503 
0 503 
0 504 
0 504 
0 505 
0 505 
0 505 
0 506 
0 506 
0 506 
0 506 
0 507 
0 507 
0 508 
0 508 
0 508 
0 509 
0 509 
0 510 
0 510 
0 510 
0 511 
0 511 
0 511 
0 512 
0 512 
0 513 
0 514 
0 514 
0 515 
0 515 
0 515 
0 516 
0 516 
0 517 
0 518 
0 518 
0 519 
0 519 
0 520 
0 520 
0 521 
0 522 
0 522 
0 523 
0 523 
0 524 
0 525 
0 525 
0 526 
0 527 
0 528 
0 528 
0 529 
0 530 
0 530 
0 531 
0 532 
0 533 
0 534 
0 534 
0 535 
0 536 
0 537 
0 537 
0 539 
0 539 
0 259 264 540 
0 255 269 541 
0 251 271 542 
0 249 273 543 
0 247 275 544 
0 245 278 545 
0 244 279 546 
0 242 280 547 
0 241 282 548 
0 240 282 549 
0 239 283 550 
0 238 284 551 
0 236 285 553 
0 235 286 554 
0 234 287 555 
0 233 288 556 
0 232 288 557 
0 230 289 559 
0 230 290 560 
0 229 291 561 
0 229 291 562 
0 228 292 563 
0 227 293 565 
0 226 293 566 
0 226 294 568 
0 225 294 569 
0 225 295 571 
0 225 295 572 
0 224 296 574 
0 224 296 575 
0 224 297 576 
0 224 297 579 
0 224 297 581 
0 223 298 582 
0 223 298 584 
0 223 298 586 
0 223 298 588 
0 223 299 590 
0 223 299 592 
0 223 299 594 
0 223 300 596 
0 223 300 598 
0 223 300 600 
0 223 301 604 
0 223 301 606 
0 223 301 608 
0 223 301 613 
0 223 302 616 
0 223 302 619 
0 224 302 622 
0 224 303 627 
0 225 303 632 
0 225 303 638 
0 227 303 640 
0 228 303 640 
0 229 304 640 
0 230 304 640 
0 231 304 640 
0 233 304 640 
0 236 305 640 
0 238 305 640 
0 242 305 640 
0 243 305 640 
0 242 305 640 
0 242 305 640 
0 241 305 640 
0 243 306 640 
0 245 306 640 
0 246 306 640 
0 248 306 640 
0 249 306 640 
0 250 306 640 
0 252 307 640 
0 253 307 640 
0 254 307 640 
0 254 307 640 
0 254 307 640 
0 254 307 640 
0 254 307 640 
0 254 308 640 
0 254 308 640 
0 254 308 640 
0 254 308 640 
0 254 309 640 
0 254 309 640 
0 254 309 640 
0 254 310 640 
0 254 310 640 
0 254 310 640 
0 254 310 640 
0 253 310 640 
0 252 310 640 
0 249 311 640 
0 248 311 640 
0 248 311 640 
0 247 311 640 
0 247 312 640 
0 247 312 640 
0 248 312 640 
0 248 313 640 
0 248 313 640 
0 249 313 640 
0 249 313 640 
0 248 314 640 
0 248 314 640 
0 247 314 640 
0 247 314 640 
0 246 315 640 
0 246 315 640 
0 245 315 640 
0 245 315 640 
0 244 315 640 
0 244 315 640 
0 244 316 640 
0 244 316 640 
0 244 316 640 
0 244 316 640 
0 244 316 640 
0 243 316 640 
0 243 316 640 
0 243 317 640 
0 242 317 640 
0 242 317 640 
0 241 317 640 
0 241 317 640 
0 241 318 640 
0 240 318 640 
0 240 318 640 
0 240 318 640 
0 240 318 640 
0 240 318 640 
0 240 318 640 
0 240 318 640 
0 240 318 640 
0 240 319 640 
0 240 319 640 
0 240 319 640 
0 240 319 640 
0 240 319 640 
0 240 319 640 
0 240 319 640 
0 240 319 640 
0 240 320 640 
0 241 320 640 
0 241 320 640 
0 241 320 640 
0 241 320 640 
0 242 320 640 
0 242 320 640 
0 242 320 640 
0 243 321 640 
0 243 321 640 
0 243 321 640 
0 243 321 640 
0 244 321 640 
0 244 322 640 
0 245 322 640 
0 245 322 640 
0 245 322 640 
0 245 322 640 
0 245 322 640 
0 245 323 640 
0 245 323 640 
0 246 323 640 
0 246 323 640 
0 246 323 640 
0 246 323 640 
0 247 323 640 
0 247 324 640 
0 247 324 640 
0 247 324 640 
0 247 324 640 
0 247 324 640 
0 247 325 640 
0 247 325 640 
0 247 325 640 
0 247 325 640 
0 247 325 640 
0 247 325 640 
0 247 325 640 
0 247 325 640 
0 247 325 640 
0 247 325 640 
0 247 325 640 
0 247 326 640 
0 247 326 640 
0 247 326 640 
0 247 326 640 
0 246 326 640 
0 246 326 640 
0 246 326 640 
0 246 326 640 
0 246 326 640 
0 246 326 640 
0 246 326 640 
0 246 326 640 
0 245 326 640 
0 245 326 640 
0 245 326 640 
0 245 326 640 
0 245 327 640 
0 245 327 640 
0 245 327 640 
0 245 327 640 
0 245 327 640 
0 245 327 640 
0 245 327 640 
0 245 327 640 
0 244 327 640 
0 244 327 640 
0 244 327 640 
0 244 327 640 
0 244 327 640 
0 244 327 640 
0 243 328 640 
0 243 328 640 
0 243 328 640 
0 242 328 640 
0 242 328 640 
0 241 328 640 
0 241 329 640 
0 240 329 640 
0 240 328 640 
0 239 329 640 
0 238 329 640 
0 238 329 640 
0 237 329 640 
0 237 329 640 
0 236 329 640 
0 236 329 640 
0 235 330 640 
0 235 330 640 
0 234 330 640 
0 233 330 640 
0 233 330 640 
0 233 330 640 
0 232 330 640 
0 231 330 640 
0 231 330 640 
0 231 330 640 
0 232 330 640 
0 234 330 640 
0 235 330 640 
0 235 331 640 
0 234 331 640 
0 234 331 640 
0 235 331 640 
0 237 331 640 
0 240 331 640 
0 240 331 640 
0 241 331 640 
0 241 331 640 
0 241 332 640 
0 241 332 640 
0 241 332 640 
0 242 332 640 
0 243 332 640 
0 243 332 640 
0 243 332 640 
0 243 333 640 
0 242 333 640 
0 242 333 640 
0 241 333 640 
0 241 333 640 
0 241 333 640 
0 241 334 640 
0 241 334 640 
0 241 334 640 
0 242 334 640 
0 242 334 640 
0 242 334 640 
0 242 334 640 
0 242 334 640 
0 242 334 640 
0 242 334 640 
0 242 334 640 
0 242 334 640 
0 242 334 640 
0 242 334 640 
0 242 331 640 
0 241 327 640 
0 241 326 640 
0 241 324 640 
0 241 323 640 
0 241 324 640 
0 241 324 640 
0 241 324 640 
0 241 325 640 
0 240 325 640 
0 240 325 640 
0 240 325 640 
0 240 325 640 
0 240 325 640 
0 240 325 640 
0 240 326 640 
0 240 326 640 
0 240 326 640 
0 240 326 640 
0 240 327 640 
0 240 327 640 
0 240 327 640 
0 240 327 640 
0 240 328 640 
0 240 328 640 
0 240 328 640 
0 239 328 640 
0 239 328 640 
0 239 329 640 
0 239 329 640 
0 239 329 640 
0 239 329 640 
0 239 330 640 
0 239 330 640 
0 238 330 640 
0 238 330 640 
0 238 330 640 
0 238 331 640 
0 238 331 640 
0 238 331 640 
0 238 331 640 
0 238 331 640 
0 238 332 640 
0 237 332 640 
0 237 332 640 
0 237 332 640 
0 237 333 640 
0 237 333 640 
0 237 333 640 
0 237 333 640 
0 237 334 640 
0 236 334 640 
0 236 334 640 
0 236 334 640 
0 236 335 640 
0 236 335 640 
0 236 335 640 
0 236 335 640 
0 235 336 640 
0 235 336 640 
0 235 336 640 
0 235 336 640 
0 235 337 640 
