125 504 
126 504 
126 503 
127 502 
127 501 
128 500 
128 500 
129 499 
129 498 
130 497 
130 453 462 497 
130 451 464 496 
131 450 465 495 
131 448 466 495 
132 447 466 494 
132 445 467 494 
133 444 468 493 
133 443 468 492 
134 442 468 492 
134 441 469 491 
135 440 469 490 
135 439 470 490 
135 438 470 490 
136 437 470 489 
136 436 470 488 
137 435 470 488 
137 434 451 454 471 487 
138 434 450 454 471 487 
138 433 449 455 471 486 
139 432 448 455 471 486 
140 431 446 456 471 485 
142 430 446 456 471 485 
146 429 445 457 472 484 
148 429 444 457 472 484 
150 428 442 457 472 484 
151 427 441 457 472 483 
152 426 441 458 472 483 
153 426 440 458 472 482 
154 425 440 458 472 482 
156 424 439 458 472 482 
163 423 438 458 472 481 
165 422 437 458 473 481 
166 422 436 459 473 481 
168 421 435 459 473 480 
169 420 435 459 473 480 
170 419 434 460 474 480 
171 419 433 460 
172 418 432 460 
173 417 432 460 
174 416 431 460 
175 416 430 460 
175 415 429 460 
175 414 429 459 
176 414 428 459 
176 413 427 457 
177 412 427 456 
177 411 426 456 
177 411 425 455 
177 410 424 454 
177 410 424 454 
178 409 423 453 
178 408 422 452 
178 408 422 451 
178 407 421 451 
178 406 420 450 
178 405 420 450 
178 405 419 449 
178 404 418 449 
179 403 418 448 
179 403 417 448 
179 402 416 447 
179 401 415 447 
179 400 415 447 
179 400 414 446 
179 399 413 446 
179 399 413 445 
179 398 412 445 
179 397 411 445 
180 397 410 445 
183 396 410 445 
190 395 409 444 
197 395 409 443 
202 394 408 441 
205 393 407 438 
211 393 407 435 
215 392 406 432 
220 391 405 429 
225 391 405 426 
229 390 404 424 
232 389 403 421 
236 389 403 418 
238 388 402 416 
241 387 401 414 435 438 
244 387 401 411 434 437 
246 386 400 408 432 436 453 461 
248 386 399 406 430 434 452 460 
250 385 399 404 428 433 451 458 
252 384 398 402 426 432 450 457 
254 384 397 400 424 431 450 455 
255 383 397 398 422 430 449 454 
256 382 420 429 448 452 
257 382 418 427 447 451 
257 381 416 426 447 449 
258 380 415 425 
257 380 413 424 
257 379 410 423 
256 379 409 422 
255 378 407 421 
254 377 405 420 
253 377 404 419 
251 376 402 418 
249 376 400 416 428 429 
245 375 399 415 427 428 
242 375 397 413 
239 374 396 409 
236 373 394 405 
232 373 393 403 
226 372 391 402 
220 372 390 401 
213 372 389 400 
204 371 387 399 
199 371 386 398 
188 370 385 398 
187 370 384 398 
187 370 382 398 
187 370 381 397 
188 371 380 397 
189 371 378 397 
189 397 
190 397 
190 396 
191 396 
192 396 
192 395 
193 395 
193 394 
194 393 
194 392 
195 392 
195 391 
196 390 
197 390 
197 389 
198 388 
184 186 198 388 
184 187 199 387 
184 188 200 386 
185 190 200 386 
185 190 201 385 
185 191 196 199 201 385 409 410 
185 193 197 200 202 384 407 411 
185 194 198 202 203 384 405 412 
185 195 199 383 402 413 
185 196 199 383 401 413 
185 197 200 383 400 414 
186 198 200 382 399 414 
186 199 201 382 398 415 
186 200 202 382 396 416 
186 382 395 416 
186 382 394 417 
186 382 392 418 
186 383 390 419 
186 384 389 419 
187 420 
187 421 
187 422 
187 423 
187 423 451 455 459 460 
187 425 449 455 458 460 466 467 
187 426 447 455 457 460 466 468 
187 427 445 455 456 460 465 468 
187 429 441 459 465 468 
187 433 438 459 464 468 
187 459 464 468 
187 458 463 469 
186 458 463 469 
186 458 462 469 
186 458 462 469 
186 457 461 469 
186 457 461 469 
186 457 460 470 
186 456 459 470 
154 156 185 456 459 470 
153 156 185 456 458 470 
153 156 185 456 458 470 
152 156 178 181 185 455 457 470 
152 156 178 181 185 455 457 470 
152 155 177 181 185 455 456 471 
152 155 177 181 185 471 
152 155 165 167 176 181 185 471 
152 155 165 167 176 181 184 471 
152 154 165 167 175 181 184 471 
152 154 165 167 175 182 184 472 
148 149 152 154 164 167 174 182 184 472 
147 150 164 167 173 182 183 473 
147 151 164 167 173 473 
147 152 164 167 172 473 
147 152 163 167 172 474 
147 152 163 167 171 474 480 482 
146 152 162 167 171 474 480 482 
146 152 162 167 171 474 481 483 
143 152 162 167 170 475 481 484 
143 151 161 167 170 475 481 484 
142 151 161 167 170 475 481 484 
142 150 161 167 169 475 481 485 
142 150 160 167 169 477 481 486 
141 150 160 167 169 478 481 486 
141 150 159 167 168 478 482 487 
141 149 159 167 168 478 482 487 
141 149 158 479 482 488 493 495 511 512 
140 148 158 479 482 488 494 496 
140 148 154 480 482 489 494 497 
140 147 153 480 482 489 494 498 
140 147 152 481 482 490 494 499 
140 146 150 481 483 490 495 499 506 507 514 515 
140 145 149 482 483 491 495 500 506 509 514 516 
140 145 148 482 483 492 495 501 507 510 515 516 
140 144 147 492 495 502 508 510 515 517 
140 144 145 493 496 502 508 511 512 517 
140 493 496 503 509 517 
140 494 496 504 509 518 
140 494 496 505 510 518 
140 495 497 506 510 518 525 527 
140 495 497 507 511 519 525 527 
140 508 511 519 525 527 
140 509 512 519 526 528 
140 510 512 520 526 528 
140 511 513 520 526 528 
140 521 526 528 
141 521 526 528 
141 522 526 527 
141 522 526 527 
142 522 526 527 
142 523 
143 523 
144 524 
144 524 
145 524 
146 525 
147 525 
148 526 
149 526 
150 526 
152 525 
153 525 
155 524 
156 523 
157 523 
158 523 
158 522 
158 521 
158 521 
158 520 
158 519 
158 518 
158 517 
158 516 
157 515 
156 514 
156 513 
155 512 
153 511 
152 509 
150 508 
148 507 
144 506 
141 505 
137 505 
135 505 
134 506 
134 506 
133 507 
133 508 
133 509 
133 510 
134 512 
134 514 
134 516 
134 519 
134 521 
134 524 
134 526 
133 527 
133 528 
132 528 
131 529 
109 113 130 529 
108 118 128 529 
108 530 
109 530 
110 530 
110 530 
111 530 
112 531 
113 531 
114 118 119 531 
114 117 120 531 
120 532 
120 533 
120 534 
119 535 
119 537 
119 539 
118 540 
118 540 
117 540 
117 541 
116 542 
114 545 
112 548 
111 549 
111 550 
110 551 
110 551 
109 552 
109 552 
109 553 
109 553 
108 554 
108 554 
108 555 
107 555 
107 556 
107 556 
40 44 106 557 
40 47 106 557 
39 50 105 558 
39 53 105 558 
39 56 105 559 
39 58 104 559 
39 62 103 560 608 609 
40 65 103 560 
40 68 102 561 
40 70 102 562 
40 73 101 563 
40 76 100 564 
40 79 99 566 
40 84 97 568 
40 90 93 573 
40 574 
40 575 
40 575 
40 575 
40 575 
40 575 
40 575 
40 575 
40 576 
40 576 
40 576 
40 576 
40 576 
40 574 
40 571 
41 569 
41 567 
41 566 
41 564 
41 562 
41 561 
41 559 
41 558 
41 556 
42 555 
42 554 
44 552 
45 551 
46 550 
48 549 
49 548 
51 547 
52 545 
53 542 
55 540 
56 538 
57 536 
58 534 
60 532 
61 530 
62 529 
63 527 
64 526 
65 525 
67 524 
68 522 534 535 
69 521 531 534 
70 520 530 534 
71 519 529 534 
72 518 528 533 
73 517 526 533 
74 517 525 532 
75 516 525 532 
77 515 524 531 
78 514 523 531 
79 514 523 531 
80 513 522 530 
81 513 522 530 
82 512 521 530 
83 512 521 530 
84 511 521 529 
85 511 521 529 
86 511 521 528 
87 511 522 527 
88 510 
89 510 
90 510 
91 510 
92 510 
93 510 
94 511 
95 511 
96 512 
97 512 
98 513 
99 514 
100 516 
101 518 524 529 
91 92 102 529 
89 95 103 529 
89 97 104 528 
89 99 105 528 
89 99 107 527 
89 99 110 527 
90 97 114 527 
90 96 116 527 
91 94 118 526 
91 93 119 526 
121 526 
122 526 
123 525 
124 525 
125 524 
126 523 
127 523 
127 523 
128 522 
129 521 
130 521 
130 520 
131 519 
132 519 
132 518 
133 518 
133 517 
133 516 
134 515 
134 515 
135 514 
135 513 
136 512 
138 511 
139 510 
141 509 
142 508 
143 507 
145 506 
146 505 
147 504 
148 503 
149 502 
151 501 
152 500 
153 499 
154 498 
155 496 
156 495 
157 493 
158 493 
159 491 
160 490 
161 489 
162 487 
162 486 
163 485 
164 483 
164 482 
165 481 
165 479 
166 478 
166 477 
