404 580 
404 580 
403 581 
403 581 
403 581 
403 581 
402 406 408 581 
402 405 407 582 
402 405 407 582 
402 404 407 582 
402 404 407 582 
403 404 406 582 
406 582 
408 582 
408 582 
408 582 
408 582 
408 583 
408 583 
408 583 
408 583 
408 410 411 583 
411 583 
411 583 
411 583 
411 583 
411 583 
412 583 
413 583 
413 583 
413 583 
412 583 
410 583 
407 583 
404 583 
400 583 
399 583 
399 583 
398 583 
398 583 
398 583 
398 583 
398 582 
398 582 
399 582 
399 582 
400 582 
401 582 
401 581 
402 581 
402 581 
402 580 
402 580 
402 580 
401 579 
401 579 
401 578 
400 578 
399 578 
399 577 
399 577 
399 577 
400 576 
400 576 
401 575 
402 575 
402 575 
402 574 
401 574 
401 573 
400 573 
400 572 
401 572 
401 571 
401 571 
402 570 
402 570 
402 570 
402 569 
402 569 
402 568 
402 568 
402 568 
402 567 
402 567 
402 566 
402 566 
402 565 
402 565 
402 565 
402 564 
403 564 
403 564 
404 564 
405 563 
406 563 
406 412 414 563 
405 410 418 563 
404 408 422 563 
403 406 422 563 
421 563 
420 564 
420 429 430 564 
419 428 430 564 
418 426 430 564 
418 424 430 564 
417 423 429 565 
416 422 429 565 
415 420 429 565 
415 418 429 566 
414 417 428 566 
428 567 
428 567 
428 431 433 567 
428 431 433 568 
428 430 433 568 
433 569 
433 569 
433 569 
433 570 
434 570 
434 571 
434 571 
434 572 
434 572 
434 572 
434 573 
434 573 
433 574 
432 574 
431 575 
430 575 
429 576 
428 577 
427 578 
426 578 
426 576 
426 577 
426 577 
426 577 
425 577 
424 578 
423 578 
422 578 
422 579 
421 579 
420 579 
419 579 
418 565 566 579 
417 566 568 580 
416 566 569 580 
415 567 571 580 
414 567 572 580 
413 568 574 581 
412 568 575 581 
411 569 576 581 
410 570 578 582 
409 570 579 582 
407 571 
406 572 
404 573 
403 573 
402 574 
400 561 562 575 
399 561 563 576 
398 562 565 577 
397 562 567 573 575 577 
395 555 557 563 569 573 
395 551 558 563 571 573 
394 551 558 564 571 574 
393 536 538 552 559 564 572 574 
392 533 539 552 560 564 573 574 
391 533 540 552 560 565 
390 533 541 552 561 565 
389 526 527 533 542 552 561 565 
388 526 528 531 543 553 562 566 
387 527 528 531 544 552 563 566 
387 527 529 531 545 552 563 566 
386 528 545 552 
385 528 547 552 
384 528 549 553 
383 528 550 553 
382 529 550 553 
382 529 
381 529 
380 529 
379 530 
379 530 
378 529 
377 528 
376 528 
375 527 
374 527 
373 528 
372 528 
372 528 
371 376 377 528 
370 376 377 381 382 529 
370 375 377 380 383 529 
370 373 377 380 383 529 
369 372 377 379 382 529 
369 371 377 379 382 529 
376 378 382 529 
381 530 
381 530 
380 530 
380 530 
379 529 
379 528 
379 528 
378 529 
378 529 
377 529 
377 530 
376 530 
376 530 
375 530 
375 530 
374 530 
374 531 
373 531 
373 532 
372 532 
372 532 
371 532 
371 532 
370 532 
370 532 
370 532 
369 520 521 531 
368 520 522 532 
368 520 522 531 
368 516 518 519 522 530 
367 516 522 528 
367 515 522 528 
367 515 522 527 
366 514 522 527 
366 514 523 526 
366 513 523 527 
365 512 524 527 
365 511 
365 511 
364 510 
364 509 
364 508 
364 506 
363 505 
363 504 
363 502 
363 502 
363 501 
363 501 
363 501 
362 501 
362 500 
362 500 
362 500 
362 500 
362 500 
362 500 
362 499 
362 499 
362 499 
363 499 
363 498 
363 498 
363 498 
363 498 
363 498 
364 498 
364 497 
364 497 
364 497 
364 497 
365 497 
365 497 
365 497 
365 498 
365 498 
366 499 
366 499 
366 499 
367 499 
367 499 
367 494 496 498 
368 494 
368 493 
368 493 
369 493 
369 493 
369 493 
370 493 
370 492 
370 492 
370 492 
371 492 
371 491 
242 244 371 491 
240 246 372 491 
239 247 372 491 
238 248 372 491 
232 234 237 249 372 491 
223 224 228 249 373 490 
215 250 373 490 
213 250 373 490 
210 250 373 490 
209 250 373 490 
207 251 374 490 
206 251 374 490 
205 251 374 490 
203 251 374 490 
202 251 374 490 
201 251 375 490 
200 252 375 490 
200 253 375 490 
199 253 375 490 
198 254 375 490 
198 255 375 490 
198 255 375 490 
197 256 375 490 
197 256 376 490 
196 257 376 490 
196 257 376 490 
196 258 376 490 
195 258 376 490 
195 259 376 490 
194 259 376 490 
194 259 376 491 
194 260 376 491 
193 260 376 491 
193 261 377 491 
193 261 377 491 
192 261 377 492 
192 260 377 492 
192 260 377 492 
192 259 377 492 
191 259 377 492 
191 258 377 492 
191 258 377 492 
191 257 377 492 
191 256 377 492 
191 254 377 492 
191 254 377 492 
191 249 253 254 377 492 
190 247 377 492 
190 247 377 492 
190 248 377 493 
190 248 377 493 
190 249 376 493 
190 250 374 493 
190 250 372 493 
190 249 371 493 
189 247 370 493 
189 246 369 493 
189 246 367 494 
189 245 366 495 
189 245 365 496 
189 244 363 496 
188 243 362 497 
188 242 360 497 
188 242 359 498 
188 242 357 498 
188 242 356 499 
188 242 354 499 
188 242 353 500 
188 242 352 500 
188 243 351 500 
187 243 349 501 
187 245 348 501 
187 246 347 501 
187 247 346 502 
187 247 344 502 
187 248 342 502 
186 249 341 502 
186 249 339 503 
186 250 338 503 
186 247 248 250 337 503 
185 248 336 503 
185 249 334 503 
185 249 333 503 
184 250 331 503 
184 251 330 503 
184 252 329 503 
184 253 327 503 
183 254 326 503 
183 255 324 502 
183 256 323 502 
182 257 321 503 
182 257 320 504 
182 258 318 504 
181 258 317 505 
181 259 315 506 
181 259 314 506 
181 259 312 507 
180 260 311 508 
180 260 309 508 
180 261 307 509 
180 261 305 509 
179 262 304 510 
179 262 301 511 
179 268 299 511 
178 282 296 512 
178 513 
178 513 
177 514 
177 214 215 514 
177 214 215 515 
177 214 215 516 
176 214 215 516 
176 214 216 517 
176 213 216 518 
175 213 216 518 
175 213 216 519 
175 213 216 520 
175 213 216 520 
175 213 216 521 
174 212 217 521 
174 212 217 522 
174 212 217 523 
174 212 217 523 
174 212 217 524 
173 212 217 525 
173 211 217 525 
173 211 217 526 
173 211 215 527 
173 211 215 527 
172 211 214 528 
172 210 214 529 
172 210 213 529 
172 210 213 530 
172 210 213 530 
171 210 213 531 
171 210 213 532 
171 210 213 532 
171 210 214 533 
171 210 216 533 
171 209 217 534 
171 209 219 535 
171 209 219 535 
171 209 218 536 
172 209 216 370 371 537 
172 209 215 367 371 537 
172 209 214 364 371 538 
172 209 213 362 371 538 
172 209 213 359 371 539 
172 208 213 356 371 539 
172 208 213 353 370 540 
172 208 213 351 370 540 
172 208 213 348 370 541 
172 208 214 346 370 542 
172 208 215 343 370 542 
172 208 216 340 370 543 
172 208 217 338 370 543 
172 208 218 335 369 544 
172 208 218 333 369 545 
172 208 218 330 369 545 
172 208 218 328 369 545 
172 208 217 326 369 546 
172 208 216 323 368 547 
172 208 215 321 368 547 
172 205 214 319 368 548 
172 205 214 317 368 548 
172 205 214 314 368 549 
172 204 214 312 367 549 
172 204 214 310 367 550 
173 204 215 308 367 550 
173 204 216 306 367 551 
173 204 217 304 366 551 
173 204 219 302 366 552 
174 204 219 300 366 552 
174 204 219 298 365 553 
174 204 219 296 365 553 
174 204 218 295 365 554 
175 204 218 294 365 554 
175 204 218 295 365 555 
175 204 218 295 365 555 
175 204 217 296 365 556 
176 204 217 296 365 556 
176 205 217 297 365 557 
176 205 216 297 365 557 
