0 640 
0 640 
0 640 
0 640 
0 640 
0 640 
0 640 
0 640 
0 640 
0 640 
0 640 
0 640 
0 640 
0 640 
0 640 
0 640 
0 640 
0 640 
0 640 
0 640 
0 640 
0 640 
0 640 
0 640 
0 640 
0 640 
0 640 
0 640 
0 640 
0 640 
0 640 
0 640 
0 640 
0 640 
0 640 
0 640 
0 640 
0 640 
0 640 
0 640 
0 640 
0 640 
0 640 
0 640 
0 640 
0 640 
0 640 
0 640 
0 640 
0 640 
0 640 
0 640 
0 640 
0 640 
0 640 
0 640 
0 640 
0 640 
0 640 
0 640 
0 640 
0 640 
0 640 
0 640 
0 640 
0 640 
0 640 
0 640 
0 640 
0 640 
0 640 
0 640 
0 640 
0 640 
0 640 
0 640 
0 640 
0 640 
0 640 
0 640 
0 640 
0 640 
0 640 
0 640 
0 640 
0 640 
0 640 
0 640 
0 640 
0 640 
0 640 
0 640 
0 640 
0 640 
0 640 
0 640 
0 640 
0 640 
0 640 
0 640 
0 640 
0 640 
0 640 
0 640 
0 640 
0 640 
0 640 
0 640 
0 640 
0 640 
0 640 
0 640 
0 640 
0 640 
0 640 
0 640 
0 640 
0 640 
0 640 
0 300 306 640 
0 298 310 640 
0 297 312 640 
0 296 313 322 328 640 
0 295 314 321 329 640 
0 294 314 320 330 640 
0 294 314 319 331 640 
0 293 315 318 332 640 
0 293 315 318 332 640 
0 276 282 292 315 317 333 640 
0 275 283 292 333 640 
0 273 284 291 334 640 
0 272 285 291 334 340 345 640 
0 271 287 290 347 640 
0 270 349 640 
0 269 350 640 
0 268 351 640 
0 267 352 640 
0 266 353 640 
0 266 353 640 
0 265 353 640 
0 265 354 640 
0 265 353 640 
0 266 353 640 
0 266 354 640 
0 267 354 640 
0 268 353 640 
0 269 353 640 
0 269 353 640 
0 269 353 640 
0 266 352 640 
0 259 352 640 
0 258 352 640 
0 257 352 640 
0 256 352 640 
0 256 352 640 
0 256 352 640 
0 256 352 640 
0 256 352 640 
0 257 353 640 
0 257 354 640 
0 257 355 640 
0 255 356 640 
0 254 357 640 
0 254 357 640 
0 254 356 640 
0 255 356 640 
0 256 355 640 
0 256 354 640 
0 257 354 640 
0 258 353 640 
0 259 353 640 
0 260 352 640 
0 261 351 640 
0 262 351 640 
0 262 351 640 
0 261 351 640 
0 261 352 640 
0 260 352 640 
0 260 353 640 
0 260 353 640 
0 260 353 640 
0 259 353 640 
0 259 354 640 
0 259 354 640 
0 259 354 640 
0 259 354 640 
0 258 260 261 354 640 
0 258 259 262 355 640 
0 261 355 640 
0 261 355 640 
0 261 355 640 
0 261 355 640 
0 261 355 640 
0 260 356 640 
0 260 356 640 
0 260 352 353 356 640 
0 260 352 354 356 640 
0 259 352 355 357 640 
0 260 352 355 357 640 
0 260 352 640 
0 260 352 640 
0 260 352 640 
0 260 352 640 
0 260 352 640 
0 260 352 640 
0 260 352 640 
0 259 352 640 
0 259 353 640 
0 259 353 640 
0 259 353 640 
0 258 354 640 
0 257 354 640 
0 257 355 640 
0 257 355 640 
0 259 356 640 
0 259 356 640 
0 259 357 640 
0 259 357 640 
0 259 354 356 358 640 
0 259 354 357 358 640 
0 259 349 350 354 640 
0 258 262 264 349 351 354 640 
0 258 262 264 269 270 349 352 355 640 
0 260 261 264 268 270 349 352 355 640 
0 265 268 271 349 353 355 640 
0 265 268 271 345 346 348 640 
0 266 268 272 344 347 348 640 
0 266 267 272 344 640 
0 266 267 272 343 640 
0 273 342 640 
0 273 338 339 342 640 
0 273 337 339 342 640 
0 274 337 339 341 640 
0 274 336 339 341 640 
0 275 336 339 341 640 
0 275 336 339 340 640 
0 276 322 323 336 339 340 640 
0 276 321 323 336 640 
0 276 321 323 336 640 
0 276 321 323 336 640 
0 275 321 323 338 640 
0 275 338 640 
0 275 283 286 338 640 
0 275 283 287 329 331 338 640 
0 276 283 287 290 291 328 332 338 640 
0 276 283 288 290 291 329 332 338 640 
0 279 283 289 330 331 338 640 
0 279 284 289 321 324 337 640 
0 279 284 288 321 324 336 640 
0 280 285 286 322 324 328 329 335 640 
0 280 323 324 335 640 
0 280 336 640 
0 280 337 640 
0 280 338 640 
0 279 338 640 
0 278 339 640 
0 277 340 640 
0 276 341 640 
0 275 342 640 
0 275 343 640 
0 274 343 640 
0 273 344 640 
0 272 345 640 
0 272 346 640 
0 271 347 640 
0 270 348 640 
0 270 348 640 
0 269 349 640 
0 269 350 640 
0 269 351 640 
0 268 352 640 
0 268 353 640 
0 268 354 640 
0 268 355 640 
0 268 355 640 
0 268 356 640 
0 268 357 640 
0 269 358 640 
0 269 358 640 
0 269 359 640 
0 269 360 640 
0 270 361 640 
0 270 361 640 
0 270 362 640 
0 270 362 640 
0 271 363 640 
0 271 364 640 
0 272 364 640 
0 272 365 640 
0 272 365 640 
0 273 366 640 
0 273 366 640 
0 273 367 640 
0 274 367 640 
0 274 367 640 
0 275 368 640 
0 275 368 640 
0 276 368 640 
0 277 369 640 
0 277 369 640 
0 278 369 640 
0 278 370 640 
0 279 370 640 
0 280 370 640 
0 281 370 640 
0 282 370 640 
0 282 370 640 
0 281 371 640 
0 280 371 640 
0 280 371 640 
0 279 371 640 
0 279 371 640 
0 278 371 640 
0 278 371 640 
0 277 371 640 
0 276 371 640 
0 276 371 640 
0 275 371 640 
0 275 372 640 
0 274 372 640 
0 274 372 640 
0 273 372 640 
0 273 372 640 
0 273 372 640 
0 272 372 640 
0 272 372 640 
0 272 372 640 
0 272 372 640 
0 272 372 640 
0 272 372 640 
0 272 372 640 
0 272 372 640 
0 271 371 640 
0 272 371 640 
0 272 371 640 
0 272 372 640 
0 273 373 640 
0 273 373 640 
0 274 374 640 
0 275 375 640 
0 276 376 640 
0 278 377 640 
0 279 378 640 
0 281 379 640 
0 283 380 640 
0 285 381 640 
0 287 382 640 
0 289 383 640 
0 291 384 640 
0 293 385 640 
0 295 386 640 
0 297 387 391 395 396 398 640 
0 299 388 390 398 640 
0 300 398 640 
0 299 399 640 
0 293 399 640 
0 289 399 640 
0 283 399 640 
0 278 399 640 
0 277 400 640 
0 275 400 640 
0 274 400 640 
0 273 400 640 
0 272 401 640 
0 271 402 640 
0 271 402 640 
0 270 370 371 403 640 
0 270 370 373 405 410 414 640 
0 270 370 374 417 640 
0 270 371 375 418 640 
0 269 371 376 420 640 
0 269 371 376 421 640 
0 269 370 376 421 640 
0 269 367 376 421 640 
0 268 367 376 421 640 
0 268 366 375 420 640 
0 268 366 374 420 640 
0 267 366 373 420 640 
0 267 366 372 421 640 
0 266 366 372 422 640 
0 266 366 372 424 640 
0 265 366 388 424 640 
0 265 367 390 425 640 
0 264 367 391 426 640 
0 264 367 391 426 640 
0 263 368 390 426 640 
0 263 368 390 426 640 
0 262 368 390 426 640 
0 261 368 390 425 640 
0 261 369 391 425 640 
0 260 369 391 424 640 
0 260 369 391 423 640 
0 259 369 392 423 640 
0 259 370 392 423 640 
0 258 370 392 424 640 
0 258 370 392 425 640 
0 258 370 392 425 640 
0 258 370 392 426 640 
0 257 371 392 427 640 
0 257 371 393 428 640 
0 257 371 394 396 397 428 640 
0 257 371 399 409 410 429 640 
0 258 371 399 409 410 430 640 
0 257 371 400 409 411 430 640 
0 257 371 402 409 411 430 640 
0 257 371 403 408 411 431 640 
0 257 371 405 406 411 431 640 
0 257 372 411 432 640 
0 258 372 412 432 640 
0 258 372 412 432 640 
0 258 372 411 432 640 
0 258 372 411 432 640 
0 258 372 410 432 640 
0 259 372 410 431 640 
0 259 372 410 431 640 
0 259 372 409 431 640 
0 259 273 274 372 409 431 640 
0 260 272 274 372 408 431 640 
0 260 272 274 372 408 431 640 
0 260 272 274 372 407 430 640 
0 261 271 274 372 407 430 640 
0 261 271 273 372 406 430 640 
0 262 271 273 372 406 429 640 
0 262 270 273 372 405 428 640 
0 262 270 273 373 405 427 640 
0 261 270 273 373 405 426 640 
0 261 269 272 373 405 425 640 
0 261 269 272 373 408 424 640 
0 260 269 272 373 408 422 640 
0 260 268 272 373 407 420 640 
0 260 268 272 373 406 419 640 
0 259 268 272 373 406 418 640 
0 259 267 272 373 405 416 640 
0 259 267 272 373 405 410 640 
0 259 267 272 373 640 
0 258 266 271 373 640 
0 258 266 271 373 640 
0 258 266 271 374 640 
0 258 266 271 374 640 
0 257 265 270 374 640 
0 257 265 270 374 640 
0 257 265 270 374 640 
0 256 265 270 374 640 
0 256 265 270 374 640 
0 256 264 270 374 640 
0 255 264 270 374 640 
0 255 264 270 374 640 
0 255 263 269 374 640 
0 254 263 269 374 640 
0 254 263 269 374 640 
0 253 263 269 374 640 
0 253 262 269 374 640 
0 252 262 269 374 640 
0 252 262 269 374 640 
0 252 262 269 374 640 
0 251 262 269 374 640 
0 250 261 269 374 640 
0 250 261 269 374 640 
0 250 261 268 374 640 
0 249 261 268 374 640 
0 249 260 268 373 640 
0 248 260 268 373 640 
0 247 260 268 373 640 
0 247 260 268 373 640 
0 246 259 268 373 640 
0 245 259 268 372 640 
0 245 259 268 372 640 
0 244 258 267 372 640 
0 244 258 267 372 640 
0 243 258 267 372 640 
0 243 258 267 372 640 
0 242 257 267 372 640 
0 241 257 267 371 640 
0 240 257 267 371 640 
0 240 256 267 371 640 
0 239 256 267 370 640 
0 238 256 267 370 640 
0 237 256 267 370 640 
0 237 255 267 369 640 
0 237 255 268 369 640 
