0 640 
0 640 
0 640 
0 640 
0 640 
0 640 
0 640 
0 640 
0 640 
0 640 
0 640 
0 640 
0 640 
0 640 
0 640 
0 640 
0 640 
0 640 
0 640 
0 640 
0 640 
0 640 
0 640 
0 640 
0 640 
0 640 
0 640 
0 640 
0 640 
0 640 
0 640 
0 640 
0 640 
0 640 
0 640 
0 640 
0 640 
0 640 
0 640 
0 640 
0 640 
0 640 
0 640 
0 640 
0 640 
0 640 
0 640 
0 640 
0 640 
0 640 
0 640 
0 640 
0 640 
0 640 
0 640 
0 640 
0 640 
0 640 
0 640 
0 640 
0 640 
0 640 
0 640 
0 640 
0 640 
0 640 
0 640 
0 640 
0 640 
0 640 
0 640 
0 640 
0 640 
0 640 
0 640 
0 640 
0 640 
0 640 
0 640 
0 640 
0 640 
0 640 
0 640 
0 640 
0 640 
0 336 338 640 
0 335 340 640 
0 334 342 640 
0 334 343 640 
0 333 345 640 
0 333 346 640 
0 333 347 640 
0 332 347 640 
0 332 348 640 
0 331 348 356 359 640 
0 330 348 354 360 640 
0 330 347 353 360 640 
0 318 324 329 348 352 360 640 
0 313 326 328 361 640 
0 312 361 640 
0 200 207 311 361 640 
0 198 208 311 361 640 
0 197 210 310 362 640 
0 195 211 310 376 640 
0 194 212 311 378 640 
0 193 213 311 379 640 
0 192 214 312 380 640 
0 191 215 312 381 640 
0 190 215 312 382 640 
0 190 216 312 382 640 
0 189 217 313 383 640 
0 187 217 313 383 640 
0 187 217 313 383 640 
0 187 217 313 384 640 
0 187 216 313 384 640 
0 187 216 311 385 640 
0 187 205 207 215 310 385 640 
0 186 204 207 214 308 385 640 
0 186 204 207 214 306 385 640 
0 186 204 207 212 304 385 640 
0 186 204 208 211 303 385 640 
0 186 204 301 385 640 
0 187 204 300 385 640 
0 187 206 299 385 640 
0 187 207 298 385 640 
0 188 209 297 384 640 
0 188 209 296 384 640 
0 188 210 296 384 640 
0 188 210 295 385 640 
0 189 211 294 385 640 
0 189 211 294 386 640 
0 189 211 293 387 640 
0 190 212 293 387 640 
0 190 212 292 388 640 
0 190 212 292 388 640 
0 191 212 214 216 220 223 291 389 640 
0 191 223 291 390 640 
0 192 223 291 390 640 
0 192 222 290 391 640 
0 193 221 290 391 640 
0 193 221 289 392 640 
0 193 220 289 393 640 
0 193 219 289 393 640 
0 194 218 289 394 640 
0 193 217 289 395 640 
0 193 216 289 395 640 
0 192 216 289 395 640 
0 191 216 289 396 640 
0 191 219 289 396 640 
0 191 220 290 396 640 
0 192 223 224 228 291 397 640 
0 191 230 291 397 640 
0 189 232 292 397 640 
0 187 238 292 397 640 
0 186 239 291 398 640 
0 185 195 199 240 291 398 640 
0 186 193 200 241 290 398 640 
0 189 191 201 241 290 398 640 
0 202 240 292 295 296 398 640 
0 203 239 293 295 297 398 640 
0 204 237 293 295 297 398 640 
0 204 237 293 295 298 398 640 
0 204 238 293 295 297 398 640 
0 204 239 294 295 296 398 640 
0 205 239 294 295 296 398 640 
0 205 239 294 398 640 
0 205 240 295 299 300 398 640 
0 205 242 295 298 300 398 640 
0 205 243 295 297 300 397 640 
0 206 244 300 397 640 
0 206 245 300 397 640 
0 205 246 299 397 640 
0 205 247 299 396 640 
0 205 248 299 396 640 
0 205 249 299 396 640 
0 205 250 298 395 640 
0 205 251 298 395 640 
0 205 252 298 395 640 
0 205 254 298 395 640 
0 205 255 298 394 640 
0 206 256 298 394 640 
0 206 257 298 393 640 
0 206 258 298 393 640 
0 206 259 297 393 640 
0 206 260 297 392 640 
0 206 207 210 217 219 261 297 392 640 
0 211 216 220 262 297 392 640 
0 212 214 221 264 297 391 640 
0 222 265 297 391 640 
0 223 266 296 390 640 
0 224 269 296 390 640 
0 225 269 295 390 640 
0 226 269 295 299 300 389 640 
0 226 270 295 298 300 389 640 
0 227 271 295 297 300 388 640 
0 228 272 294 296 300 388 640 
0 229 272 294 295 300 388 640 
0 230 273 300 388 640 
0 231 274 300 388 640 
0 232 276 299 305 308 388 640 
0 233 284 299 305 308 388 640 
0 234 297 298 305 308 310 313 388 640 
0 235 304 308 310 314 388 640 
0 236 306 308 309 314 388 640 
0 237 310 313 388 640 
0 237 388 640 
0 238 388 640 
0 240 388 640 
0 240 388 640 
0 241 388 640 
0 242 389 640 
0 243 377 379 389 640 
0 243 377 379 383 385 390 640 
0 244 377 379 383 386 390 640 
0 245 377 379 383 388 391 640 
0 245 367 368 377 379 381 640 
0 243 366 368 376 379 381 640 
0 242 366 368 376 379 381 640 
0 240 366 368 376 378 380 640 
0 238 366 368 376 378 380 640 
0 234 366 369 375 378 380 640 
0 235 366 369 375 378 380 640 
0 241 367 369 375 378 379 640 
0 241 375 640 
0 242 361 364 368 370 372 640 
0 242 361 365 368 370 372 640 
0 242 361 365 368 370 372 640 
0 242 361 370 372 640 
0 242 360 370 372 640 
0 241 360 369 371 640 
0 241 360 369 371 640 
0 240 360 369 371 640 
0 240 360 370 371 640 
0 239 359 640 
0 239 357 640 
0 238 357 640 
0 238 357 640 
0 237 357 640 
0 237 357 640 
0 236 357 640 
0 235 357 640 
0 235 358 640 
0 235 358 640 
0 234 358 640 
0 233 357 640 
0 233 357 640 
0 232 357 640 
0 232 357 640 
0 231 357 640 
0 231 357 640 
0 230 357 640 
0 230 356 640 
0 229 356 640 
0 229 356 640 
0 228 356 640 
0 228 356 640 
0 227 355 640 
0 227 355 640 
0 226 355 640 
0 226 355 640 
0 225 354 640 
0 225 354 640 
0 224 354 640 
0 224 353 640 
0 224 353 640 
0 223 353 640 
0 223 352 640 
0 222 352 640 
0 222 352 640 
0 222 351 640 
0 221 351 640 
0 221 351 640 
0 221 350 640 
0 222 262 264 350 640 
0 222 261 264 349 640 
0 222 258 263 349 640 
0 223 257 263 348 640 
0 224 254 263 348 640 
0 225 252 263 348 640 
0 225 250 262 347 640 
0 227 248 262 347 640 
0 228 246 262 346 640 
0 229 245 262 346 640 
0 231 241 261 345 640 
0 234 235 261 345 640 
0 261 345 640 
0 261 344 640 
0 260 344 640 
0 260 343 640 
0 260 343 640 
0 260 342 640 
0 260 342 640 
0 260 341 640 
0 260 341 640 
0 259 340 640 
0 259 340 640 
0 259 340 640 
0 259 339 640 
0 259 339 640 
0 259 338 640 
0 259 338 640 
0 259 337 640 
0 259 337 640 
0 259 337 640 
0 258 336 640 
0 258 336 640 
0 258 335 640 
0 258 335 640 
0 258 334 640 
0 258 334 640 
0 258 333 640 
0 258 333 640 
0 258 333 640 
0 258 332 640 
0 258 332 640 
0 258 332 640 
0 258 331 640 
0 258 331 640 
0 258 331 640 
0 258 331 640 
0 258 330 640 
0 258 330 640 
0 258 330 640 
0 258 330 640 
0 258 330 640 
0 258 330 640 
0 257 330 640 
0 257 330 640 
0 257 330 640 
0 257 331 640 
0 257 338 640 
0 257 340 640 
0 257 342 640 
0 257 343 640 
0 257 345 640 
0 257 346 640 
0 257 349 640 
0 257 352 640 
0 257 355 640 
0 257 357 640 
0 257 360 640 
0 257 362 640 
0 257 364 640 
0 257 365 640 
0 257 367 640 
0 257 369 640 
0 257 370 640 
0 257 371 640 
0 257 372 640 
0 257 373 640 
0 257 373 640 
0 257 374 640 
0 257 374 640 
0 257 374 640 
0 257 375 640 
0 257 375 640 
0 257 375 640 
0 257 375 640 
0 258 376 640 
0 259 376 640 
0 260 376 640 
0 262 377 640 
0 263 377 640 
0 263 377 640 
0 263 378 640 
0 263 378 640 
0 263 379 640 
0 263 380 640 
0 262 380 640 
0 262 381 640 
0 262 381 640 
0 262 382 640 
0 262 382 640 
0 262 383 640 
0 262 383 640 
0 262 383 640 
0 262 383 640 
0 262 383 640 
0 262 383 640 
0 262 383 640 
0 262 383 640 
0 262 383 640 
0 262 383 640 
0 262 383 640 
0 262 383 640 
0 262 383 640 
0 262 383 640 
0 262 383 640 
0 262 383 640 
0 262 382 640 
0 262 382 640 
0 262 382 640 
0 261 382 640 
0 262 382 640 
0 262 381 640 
0 262 381 640 
0 262 381 640 
0 262 380 640 
0 262 380 640 
0 262 379 640 
0 262 379 640 
0 262 378 640 
0 262 377 640 
0 262 375 640 
0 262 376 640 
0 262 376 640 
0 262 376 640 
0 262 377 640 
0 262 377 640 
0 262 377 640 
0 262 377 640 
0 262 378 640 
0 262 378 640 
0 262 378 640 
0 262 379 640 
0 262 379 640 
0 262 379 640 
0 262 380 640 
0 262 380 640 
0 262 380 640 
0 262 381 640 
0 262 381 640 
0 262 381 640 
0 262 381 640 
0 262 382 640 
0 262 382 640 
0 262 382 640 
0 262 383 640 
0 262 383 640 
0 262 383 640 
0 262 384 640 
0 262 384 640 
0 262 384 640 
0 262 385 640 
0 262 385 640 
0 262 385 640 
0 262 386 640 
0 262 386 640 
0 262 386 640 
0 262 386 640 
0 262 387 640 
0 262 387 640 
0 262 387 640 
0 262 388 640 
0 262 388 640 
0 262 388 640 
0 262 389 640 
0 262 389 640 
0 262 389 640 
0 262 390 640 
0 262 390 640 
0 262 390 640 
0 262 391 640 
0 262 391 640 
0 262 391 640 
0 262 391 640 
0 262 392 640 
0 262 392 640 
0 262 392 640 
0 262 393 640 
0 262 393 640 
0 262 393 640 
0 262 393 640 
0 263 394 640 
0 263 394 640 
0 263 394 640 
0 263 395 640 
0 263 395 640 
0 263 395 640 
0 263 395 640 
0 264 396 640 
0 264 396 640 
0 264 396 640 
0 264 396 640 
0 265 397 640 
0 265 397 640 
0 265 397 640 
0 266 398 640 
0 266 398 640 
0 267 398 640 
