388 524 
388 525 
387 526 
386 526 
385 527 
383 528 
382 529 
381 530 
380 531 
379 531 
378 533 
378 534 
377 535 
376 535 
374 535 
373 536 
373 536 
372 537 
371 537 
371 538 
370 538 
369 539 
368 375 376 539 
367 372 375 539 
366 369 375 540 
374 540 
373 541 
372 541 
372 541 
371 542 
370 542 
370 542 
369 373 374 543 
368 372 374 543 
367 370 373 543 
367 369 373 543 
366 368 373 544 
372 544 
372 544 
372 544 
372 544 
372 544 
371 544 
371 545 
371 545 
371 545 
371 545 
371 545 
371 375 376 545 
371 374 376 546 
371 373 376 546 
370 373 375 546 
370 373 375 546 
370 373 375 546 
370 373 375 546 
370 371 374 547 
374 376 377 547 
377 547 
377 547 
377 547 
377 547 
377 379 380 548 
377 379 380 548 
380 548 
380 548 
381 548 
381 548 
381 548 
381 548 
382 548 
383 548 
384 548 
383 548 
383 548 
381 548 
380 548 
378 548 
374 548 
371 548 
370 547 
369 547 
368 547 
368 547 
368 547 
369 547 
369 547 
369 546 
370 546 
370 546 
371 545 
372 545 
373 545 
373 544 
373 544 
373 544 
373 543 
373 543 
372 543 
372 543 
372 542 
371 542 
371 542 
371 541 
371 541 
371 540 
372 540 
373 540 
374 539 
374 539 
374 539 
373 538 
373 538 
373 538 
373 537 
373 537 
374 537 
374 536 
374 536 
375 535 
375 535 
375 535 
375 534 
375 534 
375 534 
375 533 
375 533 
375 533 
375 533 
375 533 
375 532 
375 532 
376 532 
376 532 
377 532 
378 532 
379 532 
379 382 384 533 
379 380 391 533 
395 533 
395 533 
394 534 
393 534 
393 534 
392 403 404 534 
392 402 404 535 
391 400 404 535 
390 394 395 399 404 536 
390 392 395 397 403 536 
395 396 403 537 
403 537 
403 538 
403 539 
404 539 
405 540 
405 540 
404 541 
404 542 
404 542 
404 543 
404 543 
404 544 
404 545 
404 545 
404 546 
403 546 
401 547 
400 547 
399 548 
398 545 546 550 
397 545 548 550 
396 545 
396 546 
396 546 
396 546 
396 546 
396 547 
396 547 
395 547 
393 547 
392 534 536 548 
391 535 537 548 
390 535 539 548 
390 536 540 548 
389 536 541 549 
388 537 542 549 
387 538 544 549 
385 538 545 550 
384 539 546 550 
383 540 546 551 
382 540 547 550 551 553 
381 541 547 550 552 553 
380 542 
379 543 
377 543 
376 490 491 541 542 544 
375 482 483 490 492 542 
373 482 484 490 492 542 
372 483 485 490 493 543 
371 483 485 490 493 521 523 526 528 533 535 544 
369 484 486 491 494 521 529 534 537 544 
368 484 487 491 494 521 529 534 540 543 
367 484 487 491 495 504 505 522 530 534 541 543 
366 484 488 492 495 504 507 522 530 535 541 543 
365 484 489 491 496 504 508 522 531 535 542 544 
364 484 496 504 512 522 532 536 543 544 
363 484 497 504 512 522 532 536 542 544 
362 485 497 500 513 522 533 537 
361 485 498 500 514 522 534 537 
360 485 498 500 515 522 535 537 
360 486 499 500 516 522 535 537 
359 486 499 500 517 522 
358 487 518 522 
357 487 519 522 
356 487 520 523 
355 488 521 523 
355 488 
354 488 
353 488 
352 488 
351 488 
350 489 
349 489 
349 489 
348 489 
347 489 
346 490 
345 490 
344 490 
343 490 
343 491 
342 491 
342 491 
341 490 
341 343 345 489 
340 343 345 489 
340 343 344 348 349 490 
344 347 351 490 
344 347 351 490 
344 347 350 490 
344 346 350 491 
344 345 350 491 
349 491 
348 492 
348 492 
347 492 
347 492 
346 493 
346 493 
346 493 
345 493 
345 493 
344 494 
344 494 
343 494 
343 494 
342 494 
342 494 
341 495 
341 495 
340 495 
340 495 
339 495 
339 495 
339 495 
338 482 483 495 
338 482 484 495 
337 496 
337 483 484 496 
336 483 485 496 
336 483 485 496 
336 482 485 490 495 496 
237 242 335 482 485 490 495 496 
236 243 335 482 485 489 
235 244 335 481 485 489 
230 232 234 245 335 481 485 490 
213 214 215 245 334 480 485 490 
210 246 334 479 485 490 
207 246 334 479 486 490 
205 246 333 478 487 489 
204 247 333 477 487 489 
202 247 333 476 488 490 
201 247 333 475 
199 247 332 474 
199 247 332 473 
198 247 332 472 
197 247 332 470 
196 247 332 469 
195 248 332 467 
195 248 332 466 
194 249 332 465 
194 250 332 465 
193 250 332 465 
193 251 332 464 
192 251 332 464 
192 252 332 464 
192 252 332 464 
191 253 332 464 
191 253 333 464 
190 254 333 465 
190 254 333 465 
189 254 333 465 
189 254 333 465 
188 255 333 465 
188 255 334 465 
188 255 334 466 
188 255 334 466 
187 256 334 466 
187 256 334 467 
187 253 254 255 335 467 
187 253 254 255 335 467 
187 253 335 468 
186 253 335 468 
186 253 335 468 
186 252 335 468 
186 252 336 469 
186 249 250 251 336 469 
186 248 336 470 
185 245 246 248 336 470 
185 241 337 471 
185 242 337 459 461 471 
185 243 337 458 468 470 
185 244 337 458 
185 244 338 458 
184 244 338 457 
184 244 338 457 
184 243 339 457 
184 241 339 457 
184 240 339 456 
183 239 339 456 
183 239 340 456 
183 238 340 456 
183 237 340 455 
183 237 341 455 
183 237 341 455 
183 237 341 455 
182 237 341 454 
182 237 342 454 
182 237 342 454 
182 237 342 454 
182 237 342 454 
182 237 342 454 
182 237 343 454 
181 237 343 454 
181 238 343 454 
181 239 343 454 
181 239 343 454 
180 240 343 454 
180 241 343 454 
180 241 344 454 
179 241 344 454 
179 241 344 454 
179 241 344 454 
178 240 344 454 
178 239 344 454 
178 239 344 454 
177 238 344 454 
177 238 344 454 
177 239 344 454 
177 239 344 454 
176 240 344 454 
176 240 344 454 
176 241 344 454 
175 241 344 454 
175 241 344 454 
175 242 344 455 
175 242 344 455 
174 243 344 455 
174 243 345 455 
173 243 345 455 
173 243 345 455 
173 243 344 456 
173 244 341 456 
172 244 337 456 
172 244 332 456 
172 247 328 456 
171 249 322 456 
171 252 317 456 
171 257 312 456 
171 264 306 456 
170 270 299 457 
170 457 
170 457 
169 457 
169 457 
169 457 
169 457 
168 457 
168 457 
168 458 
168 458 
167 459 
167 459 
167 460 
167 460 
167 461 
167 462 
167 462 
166 462 
166 463 
166 463 
166 463 
166 464 
166 464 
166 464 
166 464 
166 465 
166 465 
166 465 
166 465 
166 466 
166 466 
166 466 
166 465 
166 466 
166 466 
166 466 
166 466 
166 466 
166 467 
166 467 
166 467 
167 467 
167 468 
167 469 
167 469 
167 470 
167 471 
167 471 
167 472 
167 472 
167 473 
167 474 
167 474 
167 475 
167 476 
167 476 
167 477 
167 478 
168 478 
168 479 
168 479 
168 480 
169 481 
169 279 307 481 
169 276 318 482 
170 272 330 483 
170 271 339 483 
170 268 342 484 
171 268 342 484 
171 269 342 485 
171 187 188 269 342 486 
172 187 188 269 342 486 
172 187 189 269 342 487 
172 187 189 269 342 488 
173 187 190 269 341 488 
173 187 190 270 341 489 
174 187 190 270 341 489 
174 187 190 270 341 490 
175 187 190 270 341 491 
175 187 189 270 341 491 
175 187 189 271 341 492 
176 187 189 271 340 493 
176 187 188 271 340 493 
177 271 340 494 
177 271 340 494 
177 272 340 495 
178 272 340 496 
179 181 182 272 340 496 
180 181 183 185 186 272 339 497 
183 185 186 272 339 497 
186 273 339 498 
186 273 339 499 
186 273 338 499 
186 273 338 500 
185 273 338 500 
185 274 337 501 
185 274 337 502 
184 274 337 502 
184 274 336 503 
184 274 336 503 
