0 640 
0 640 
0 640 
0 640 
0 640 
0 640 
0 640 
0 640 
0 640 
0 640 
0 640 
0 640 
0 640 
0 640 
0 640 
0 640 
0 640 
0 640 
0 640 
0 640 
0 640 
0 640 
0 640 
0 640 
0 640 
0 640 
0 640 
0 640 
0 640 
0 640 
0 640 
0 640 
0 640 
0 640 
0 640 
0 640 
0 640 
0 640 
0 640 
0 640 
0 640 
0 640 
0 640 
0 640 
0 640 
0 640 
0 640 
0 640 
0 640 
0 640 
0 640 
0 640 
0 640 
0 640 
0 640 
0 640 
0 640 
0 640 
0 640 
0 640 
0 640 
0 640 
0 640 
0 640 
0 640 
0 640 
0 640 
0 640 
0 640 
0 640 
0 640 
0 640 
0 640 
0 640 
0 640 
0 640 
0 640 
0 640 
0 640 
0 640 
0 640 
0 640 
0 640 
0 640 
0 640 
0 640 
0 640 
0 640 
0 640 
0 640 
0 640 
0 640 
0 640 
0 446 458 640 
0 443 461 640 
0 441 464 640 
0 440 465 640 
0 438 466 640 
0 437 468 640 
0 436 469 640 
0 435 470 640 
0 434 471 640 
0 433 472 640 
0 432 473 640 
0 431 474 640 
0 430 475 640 
0 430 476 640 
0 429 477 640 
0 407 408 428 463 466 478 640 
0 407 410 428 463 468 479 640 
0 406 411 427 463 471 479 640 
0 407 412 427 463 473 477 640 
0 407 412 426 463 640 
0 396 400 408 413 425 463 640 
0 395 401 408 414 425 463 640 
0 394 401 408 414 424 464 640 
0 394 402 409 415 423 464 640 
0 395 402 409 416 420 464 640 
0 395 403 410 464 640 
0 397 404 410 464 640 
0 398 405 411 464 640 
0 400 406 411 465 640 
0 402 408 410 465 640 
0 404 465 640 
0 405 465 640 
0 408 465 640 
0 407 465 640 
0 406 466 640 
0 403 466 640 
0 395 469 640 
0 390 473 640 
0 388 477 640 
0 388 480 640 
0 388 484 640 
0 389 488 640 
0 389 493 640 
0 391 497 640 
0 392 501 640 
0 391 400 401 406 414 500 640 
0 391 397 403 405 415 499 640 
0 394 395 415 499 640 
0 415 499 640 
0 415 496 640 
0 415 497 640 
0 416 497 640 
0 417 493 640 
0 418 490 640 
0 419 485 486 488 640 
0 420 486 640 
0 422 488 640 
0 423 489 640 
0 423 491 640 
0 425 492 640 
0 426 493 640 
0 426 494 640 
0 425 495 640 
0 423 496 640 
0 421 498 640 
0 420 499 640 
0 420 499 640 
0 419 499 640 
0 418 499 640 
0 418 500 640 
0 417 500 640 
0 417 500 640 
0 417 501 640 
0 417 501 640 
0 417 493 494 501 640 
0 417 493 495 501 640 
0 417 493 496 502 640 
0 417 493 498 502 640 
0 418 470 472 494 498 503 640 
0 418 470 473 494 499 503 640 
0 419 471 473 475 477 486 488 494 500 504 640 
0 419 467 470 472 474 475 478 486 488 494 500 504 640 
0 420 467 471 472 478 486 489 495 503 505 640 
0 421 466 472 473 478 481 483 486 489 494 504 505 640 
0 421 466 479 480 483 486 489 493 640 
0 421 466 479 480 484 486 490 492 640 
0 421 466 485 486 490 492 640 
0 421 467 490 491 640 
0 421 467 640 
0 422 468 510 515 640 
0 423 468 506 515 640 
0 423 468 502 515 640 
0 423 469 499 515 640 
0 422 469 497 515 640 
0 423 470 495 515 640 
0 422 470 493 515 640 
0 423 470 491 515 640 
0 423 471 489 515 640 
0 423 471 487 515 640 
0 423 471 486 514 640 
0 422 472 484 514 640 
0 422 472 483 514 640 
0 422 473 481 513 640 
0 421 473 480 513 640 
0 421 474 479 512 640 
0 421 475 478 512 640 
0 420 512 640 
0 421 431 433 511 640 
0 421 431 434 511 640 
0 423 430 434 510 640 
0 435 510 640 
0 436 510 640 
0 436 509 640 
0 437 509 640 
0 438 509 640 
0 438 524 640 
0 439 523 640 
0 439 521 640 
0 440 519 640 
0 440 518 564 574 583 597 640 
0 440 517 559 602 615 616 640 
0 440 482 485 514 554 604 610 616 640 
0 441 484 488 507 551 603 606 614 640 
0 441 485 492 508 548 610 640 
0 441 487 494 510 545 608 640 
0 440 488 495 512 542 605 640 
0 439 490 497 504 507 513 540 605 640 
0 439 491 499 503 510 515 537 605 640 
0 438 493 512 516 534 607 640 
0 438 494 514 517 532 608 640 
0 438 495 515 518 529 610 640 
0 437 497 517 520 526 611 640 
0 437 499 518 521 523 614 640 
0 436 502 504 512 516 617 640 
0 435 619 640 
0 435 620 640 
0 434 619 640 
0 434 619 640 
0 434 619 640 
0 433 621 640 
0 433 622 624 625 640 
0 432 627 640 
0 431 631 640 
0 431 631 640 
0 430 626 629 631 640 
0 429 625 628 634 640 
0 429 633 640 
0 428 632 640 
0 428 630 640 
0 427 628 640 
0 426 628 640 
0 425 634 637 
0 424 
0 424 639 640 
0 344 363 423 637 640 
0 343 368 422 635 640 
0 342 378 422 634 640 
0 342 394 421 632 635 639 640 
0 342 413 420 
0 342 
0 342 
0 343 638 640 
0 343 635 640 
0 344 635 640 
0 345 
0 347 
0 349 635 640 
0 355 634 640 
0 357 637 640 
0 357 638 640 
0 356 362 364 392 409 
0 356 362 365 392 416 
0 356 362 366 370 373 392 418 
0 356 362 367 370 375 392 419 635 640 
0 356 362 368 370 377 391 420 635 640 
0 357 362 379 391 421 638 640 
0 358 362 381 392 421 627 630 639 640 
0 360 362 384 394 421 629 635 638 640 
0 385 395 420 495 498 631 640 
0 387 397 420 495 499 633 640 
0 389 398 419 496 501 633 640 
0 391 398 419 496 502 633 640 
0 392 398 419 475 478 496 503 633 640 
0 393 398 419 441 445 453 456 474 479 497 505 634 640 
0 394 398 420 438 447 452 456 473 479 497 506 633 634 635 640 
0 396 397 422 435 455 472 480 497 507 634 640 
0 423 433 454 472 480 498 509 635 640 
0 454 472 480 498 510 636 640 
0 454 471 481 499 513 636 640 
0 454 471 481 499 515 634 640 
0 455 471 481 499 518 631 640 
0 455 471 481 500 521 630 640 
0 456 470 481 500 526 611 612 631 640 
0 457 470 482 500 531 633 640 
0 457 470 482 501 537 627 628 634 640 
0 457 470 482 501 544 627 631 635 640 
0 457 470 482 501 548 616 623 627 640 
0 457 470 482 501 552 616 640 
0 457 469 482 502 554 617 640 
0 458 469 482 502 555 559 560 618 640 
0 458 469 482 502 557 618 640 
0 458 469 482 502 558 617 640 
0 458 469 482 502 560 564 567 616 640 
0 459 469 483 502 562 565 569 572 578 603 604 616 640 
0 459 469 483 501 563 566 570 572 581 597 598 603 605 611 613 618 640 
0 459 469 483 501 564 567 583 598 600 605 608 611 640 
0 460 469 483 501 565 569 584 593 595 598 602 606 610 611 640 
0 461 468 483 500 567 570 584 586 587 594 604 607 640 
0 461 468 483 500 568 571 585 586 588 590 591 595 606 609 640 
0 483 499 570 572 586 587 588 590 593 596 608 610 640 
0 484 498 571 573 586 587 589 591 595 598 609 611 640 
0 484 497 572 574 587 588 590 592 596 598 640 
0 485 496 587 588 591 592 640 
0 487 494 588 589 640 
0 588 589 640 
0 588 590 640 
0 589 590 640 
0 589 591 640 
0 590 591 640 
0 640 
0 640 
0 640 
0 640 
0 640 
0 640 
0 640 
0 640 
0 640 
0 640 
0 640 
0 640 
0 640 
0 640 
0 640 
0 640 
0 640 
0 640 
0 640 
0 640 
0 640 
0 640 
0 640 
0 640 
0 640 
0 640 
0 640 
0 640 
0 640 
0 640 
0 640 
0 640 
0 640 
0 640 
0 640 
0 640 
0 640 
0 640 
0 640 
0 640 
0 640 
0 640 
0 640 
0 640 
0 640 
0 640 
0 640 
0 640 
0 640 
0 640 
0 640 
0 640 
0 640 
0 640 
0 640 
0 640 
0 640 
0 640 
0 640 
0 640 
0 640 
0 640 
0 640 
0 640 
0 640 
0 640 
0 640 
0 640 
0 640 
0 640 
0 640 
0 640 
0 640 
0 640 
0 640 
0 640 
0 640 
0 640 
0 640 
0 640 
0 640 
0 640 
0 640 
0 640 
0 640 
0 640 
0 640 
0 640 
0 640 
0 640 
0 640 
0 640 
0 640 
0 640 
0 640 
0 640 
0 640 
0 640 
0 640 
0 640 
0 640 
0 640 
0 640 
0 640 
0 640 
0 640 
0 640 
0 640 
0 640 
0 640 
0 640 
0 640 
0 640 
0 640 
0 640 
0 640 
0 640 
0 640 
0 640 
0 640 
0 640 
0 640 
0 640 
0 640 
0 640 
0 640 
0 640 
0 640 
0 640 
0 640 
0 640 
0 640 
0 640 
0 640 
0 640 
0 640 
0 640 
0 640 
0 640 
0 640 
0 640 
0 640 
0 640 
0 640 
0 640 
0 640 
0 640 
0 640 
0 640 
0 640 
0 640 
0 640 
0 640 
0 640 
0 640 
0 640 
0 640 
0 640 
0 640 
0 640 
0 640 
0 640 
0 640 
0 640 
0 640 
0 640 
0 640 
0 640 
