





































618 620 
616 623 
612 624 
611 624 
609 626 
608 627 
608 628 
608 628 
607 629 
607 629 
606 630 
606 630 
606 631 
605 632 
605 632 
605 632 
605 632 
605 632 
604 634 
604 635 
603 635 
603 635 
603 634 
603 634 
603 634 
603 634 
604 633 
604 633 
605 633 
605 632 
607 632 
608 632 
610 632 
611 632 
613 631 
614 631 
615 630 
616 630 
617 629 
618 628 
619 628 
620 628 
















































































































































































































































































































































































































